a_i  	N_t         	N_i         	N_p         	N_a         
0.010	4.080424e+04	1.123344e+00	4.080311e+04	1.123344e+00
0.020	2.389546e+04	0.000000e+00	2.389546e+04	0.000000e+00
0.030	1.948776e+04	0.000000e+00	1.948776e+04	0.000000e+00
0.040	1.733327e+04	2.149663e+00	1.733112e+04	2.149663e+00
0.050	1.598178e+04	4.942910e+00	1.597684e+04	4.942910e+00
0.060	1.500932e+04	0.000000e+00	1.500932e+04	0.000000e+00
0.070	1.435781e+04	9.484133e+01	1.426297e+04	9.484133e+01
0.080	1.452167e+04	8.642522e+02	1.365741e+04	7.003941e+02
0.090	1.471815e+04	1.569368e+03	1.314878e+04	1.209031e+03
0.100	1.479953e+04	2.089048e+03	1.271048e+04	1.647325e+03
0.110	1.500096e+04	2.675574e+03	1.232539e+04	2.032422e+03
0.120	1.530487e+04	3.323143e+03	1.198173e+04	2.376080e+03
0.130	1.559615e+04	3.924985e+03	1.167117e+04	2.686642e+03
0.140	1.588050e+04	4.492945e+03	1.138755e+04	2.970259e+03
0.150	1.618034e+04	5.054084e+03	1.112625e+04	3.231557e+03
0.160	1.650580e+04	5.622102e+03	1.088370e+04	3.474113e+03
0.170	1.686437e+04	6.207290e+03	1.065708e+04	3.700726e+03
0.180	1.725587e+04	6.811694e+03	1.044417e+04	3.913635e+03
0.190	1.767278e+04	7.429614e+03	1.024316e+04	4.114645e+03
0.200	1.809892e+04	8.046347e+03	1.005257e+04	4.305238e+03
0.210	1.851363e+04	8.642463e+03	9.871172e+03	4.486637e+03
0.220	1.891864e+04	9.220695e+03	9.697942e+03	4.659867e+03
0.230	1.934180e+04	9.809781e+03	9.532018e+03	4.825791e+03
0.240	1.981402e+04	1.044135e+04	9.372667e+03	4.985142e+03
0.250	2.034329e+04	1.112402e+04	9.219261e+03	5.138548e+03
0.260	2.091648e+04	1.184522e+04	9.071259e+03	5.286550e+03
0.270	2.151258e+04	1.258439e+04	8.928192e+03	5.429617e+03
0.280	2.211712e+04	1.332747e+04	8.789650e+03	5.568159e+03
0.290	2.272305e+04	1.406777e+04	8.655275e+03	5.702534e+03
0.300	2.333213e+04	1.480738e+04	8.524752e+03	5.833057e+03
0.310	2.395444e+04	1.555664e+04	8.397801e+03	5.960008e+03
0.320	2.460556e+04	1.633139e+04	8.274175e+03	6.083634e+03
0.330	2.529965e+04	1.714600e+04	8.153652e+03	6.204157e+03
0.340	2.604581e+04	1.800978e+04	8.036036e+03	6.321773e+03
0.350	2.684411e+04	1.892296e+04	7.921149e+03	6.436660e+03
0.360	2.768589e+04	1.987706e+04	7.808831e+03	6.548978e+03
0.370	2.855589e+04	2.085695e+04	7.698938e+03	6.658871e+03
0.380	2.943734e+04	2.184600e+04	7.591340e+03	6.766469e+03
0.390	3.031547e+04	2.282955e+04	7.485918e+03	6.871891e+03
0.400	3.118186e+04	2.379930e+04	7.382565e+03	6.975244e+03
0.410	3.203470e+04	2.475351e+04	7.281183e+03	7.076626e+03
0.420	3.287704e+04	2.569536e+04	7.181681e+03	7.176128e+03
0.430	3.371371e+04	2.662974e+04	7.083978e+03	7.273831e+03
0.440	3.455107e+04	2.756307e+04	6.987997e+03	7.369812e+03
0.450	3.539756e+04	2.850389e+04	6.893669e+03	7.464140e+03
0.460	3.626499e+04	2.946406e+04	6.800931e+03	7.556878e+03
0.470	3.716770e+04	3.045797e+04	6.709723e+03	7.648086e+03
0.480	3.812053e+04	3.150054e+04	6.619990e+03	7.737819e+03
0.490	3.913593e+04	3.260425e+04	6.531682e+03	7.826127e+03
0.500	4.022210e+04	3.377735e+04	6.444751e+03	7.913058e+03
0.510	4.138162e+04	3.502247e+04	6.359155e+03	7.998654e+03
0.520	4.261084e+04	3.633599e+04	6.274851e+03	8.082958e+03
0.530	4.390047e+04	3.770866e+04	6.191803e+03	8.166006e+03
0.540	4.523720e+04	3.912723e+04	6.109974e+03	8.247835e+03
0.550	4.660655e+04	4.057722e+04	6.029331e+03	8.328478e+03
0.560	4.799484e+04	4.204500e+04	5.949843e+03	8.407966e+03
0.570	4.938992e+04	4.351844e+04	5.871481e+03	8.486328e+03
0.580	5.078111e+04	4.498690e+04	5.794217e+03	8.563592e+03
0.590	5.216009e+04	4.644207e+04	5.718026e+03	8.639783e+03
0.600	5.352195e+04	4.787907e+04	5.642882e+03	8.714927e+03
0.610	5.486649e+04	4.929773e+04	5.568762e+03	8.789047e+03
0.620	5.619766e+04	5.070201e+04	5.495646e+03	8.862163e+03
0.630	5.752249e+04	5.209898e+04	5.423511e+03	8.934298e+03
0.640	5.884937e+04	5.349703e+04	5.352338e+03	9.005471e+03
0.650	6.018722e+04	5.490511e+04	5.282109e+03	9.075700e+03
0.660	6.154412e+04	5.633132e+04	5.212805e+03	9.145004e+03
0.670	6.292683e+04	5.778242e+04	5.144410e+03	9.213399e+03
0.680	6.433979e+04	5.926288e+04	5.076907e+03	9.280902e+03
0.690	6.578566e+04	6.077538e+04	5.010280e+03	9.347529e+03
0.700	6.726525e+04	6.232073e+04	4.944516e+03	9.413293e+03
0.710	6.877841e+04	6.389881e+04	4.879599e+03	9.478210e+03
0.720	7.032396e+04	6.550845e+04	4.815515e+03	9.542294e+03
0.730	7.190026e+04	6.714801e+04	4.752252e+03	9.605557e+03
0.740	7.350464e+04	6.881485e+04	4.689797e+03	9.668012e+03
0.750	7.513413e+04	7.050599e+04	4.628138e+03	9.729671e+03
0.760	7.678535e+04	7.221809e+04	4.567262e+03	9.790547e+03
0.770	7.845580e+04	7.394864e+04	4.507158e+03	9.850651e+03
0.780	8.014354e+04	7.569573e+04	4.447815e+03	9.909994e+03
0.790	8.184783e+04	7.745861e+04	4.389222e+03	9.968587e+03
0.800	8.356811e+04	7.923674e+04	4.331369e+03	1.002644e+04
0.810	8.530427e+04	8.103003e+04	4.274245e+03	1.008356e+04
0.820	8.705591e+04	8.283807e+04	4.217842e+03	1.013997e+04
0.830	8.882307e+04	8.466093e+04	4.162148e+03	1.019566e+04
0.840	9.060580e+04	8.649864e+04	4.107155e+03	1.025065e+04
0.850	9.240501e+04	8.835215e+04	4.052853e+03	1.030496e+04
0.860	9.422158e+04	9.022234e+04	3.999234e+03	1.035857e+04
0.870	9.605683e+04	9.211055e+04	3.946289e+03	1.041152e+04
0.880	9.791143e+04	9.401742e+04	3.894009e+03	1.046380e+04
0.890	9.978597e+04	9.594359e+04	3.842386e+03	1.051542e+04
0.900	1.016803e+05	9.788890e+04	3.791411e+03	1.056640e+04
0.910	1.035944e+05	9.985336e+04	3.741077e+03	1.061673e+04
0.920	1.055278e+05	1.018364e+05	3.691375e+03	1.066643e+04
0.930	1.074800e+05	1.038377e+05	3.642298e+03	1.071551e+04
0.940	1.094503e+05	1.058564e+05	3.593838e+03	1.076397e+04
0.950	1.114379e+05	1.078920e+05	3.545988e+03	1.081182e+04
0.960	1.134419e+05	1.099431e+05	3.498740e+03	1.085907e+04
0.970	1.154611e+05	1.120090e+05	3.452087e+03	1.090572e+04
0.980	1.174942e+05	1.140881e+05	3.406022e+03	1.095179e+04
0.990	1.195398e+05	1.161793e+05	3.360538e+03	1.099727e+04
1.000	1.215963e+05	1.182806e+05	3.315627e+03	1.104218e+04
1.010	1.236625e+05	1.203912e+05	3.271283e+03	1.108653e+04
1.020	1.257373e+05	1.225098e+05	3.227499e+03	1.113031e+04
1.030	1.278207e+05	1.246364e+05	3.184269e+03	1.117354e+04
1.040	1.299127e+05	1.267711e+05	3.141585e+03	1.121622e+04
1.050	1.320139e+05	1.289145e+05	3.099442e+03	1.125837e+04
1.060	1.341245e+05	1.310666e+05	3.057833e+03	1.129998e+04
1.070	1.362445e+05	1.332278e+05	3.016751e+03	1.134106e+04
1.080	1.383737e+05	1.353975e+05	2.976190e+03	1.138162e+04
1.090	1.405121e+05	1.375759e+05	2.936145e+03	1.142166e+04
1.100	1.426599e+05	1.397633e+05	2.896608e+03	1.146120e+04
1.110	1.448183e+05	1.419607e+05	2.857574e+03	1.150023e+04
1.120	1.469882e+05	1.441691e+05	2.819037e+03	1.153877e+04
1.130	1.491711e+05	1.463901e+05	2.780991e+03	1.157682e+04
1.140	1.513680e+05	1.486246e+05	2.743430e+03	1.161438e+04
1.150	1.535796e+05	1.508732e+05	2.706348e+03	1.165146e+04
1.160	1.558059e+05	1.531362e+05	2.669739e+03	1.168807e+04
1.170	1.580471e+05	1.554135e+05	2.633599e+03	1.172421e+04
1.180	1.603032e+05	1.577052e+05	2.597920e+03	1.175989e+04
1.190	1.625742e+05	1.600115e+05	2.562698e+03	1.179511e+04
1.200	1.648606e+05	1.623327e+05	2.527928e+03	1.182988e+04
1.210	1.671626e+05	1.646690e+05	2.493602e+03	1.186421e+04
1.220	1.694802e+05	1.670205e+05	2.459718e+03	1.189809e+04
1.230	1.718132e+05	1.693870e+05	2.426268e+03	1.193154e+04
1.240	1.741611e+05	1.717678e+05	2.393248e+03	1.196456e+04
1.250	1.765230e+05	1.741624e+05	2.360652e+03	1.199716e+04
1.260	1.788979e+05	1.765694e+05	2.328476e+03	1.202933e+04
1.270	1.812845e+05	1.789878e+05	2.296714e+03	1.206109e+04
1.280	1.836813e+05	1.814159e+05	2.265361e+03	1.209245e+04
1.290	1.860870e+05	1.838526e+05	2.234412e+03	1.212340e+04
1.300	1.885002e+05	1.862963e+05	2.203863e+03	1.215395e+04
1.310	1.909198e+05	1.887461e+05	2.173708e+03	1.218410e+04
1.320	1.933446e+05	1.912007e+05	2.143942e+03	1.221387e+04
1.330	1.957737e+05	1.936591e+05	2.114560e+03	1.224325e+04
1.340	1.982056e+05	1.961200e+05	2.085559e+03	1.227225e+04
1.350	2.006389e+05	1.985820e+05	2.056933e+03	1.230088e+04
1.360	2.030720e+05	2.010433e+05	2.028677e+03	1.232913e+04
1.370	2.055033e+05	2.035025e+05	2.000788e+03	1.235702e+04
1.380	2.079316e+05	2.059584e+05	1.973259e+03	1.238455e+04
1.390	2.103563e+05	2.084102e+05	1.946088e+03	1.241172e+04
1.400	2.127768e+05	2.108575e+05	1.919269e+03	1.243854e+04
1.410	2.151930e+05	2.133002e+05	1.892798e+03	1.246501e+04
1.420	2.176042e+05	2.157376e+05	1.866671e+03	1.249114e+04
1.430	2.200100e+05	2.181691e+05	1.840883e+03	1.251693e+04
1.440	2.224094e+05	2.205940e+05	1.815430e+03	1.254238e+04
1.450	2.248018e+05	2.230115e+05	1.790308e+03	1.256750e+04
1.460	2.271867e+05	2.254212e+05	1.765513e+03	1.259230e+04
1.470	2.295642e+05	2.278232e+05	1.741041e+03	1.261677e+04
1.480	2.319351e+05	2.302182e+05	1.716887e+03	1.264092e+04
1.490	2.343000e+05	2.326070e+05	1.693047e+03	1.266476e+04
1.500	2.366599e+05	2.349904e+05	1.669518e+03	1.268829e+04
1.510	2.390157e+05	2.373694e+05	1.646295e+03	1.271151e+04
1.520	2.413678e+05	2.397444e+05	1.623375e+03	1.273443e+04
1.530	2.437166e+05	2.421159e+05	1.600754e+03	1.275705e+04
1.540	2.460626e+05	2.444841e+05	1.578428e+03	1.277938e+04
1.550	2.484058e+05	2.468494e+05	1.556393e+03	1.280142e+04
1.560	2.507468e+05	2.492122e+05	1.534646e+03	1.282316e+04
1.570	2.530863e+05	2.515731e+05	1.513182e+03	1.284463e+04
1.580	2.554249e+05	2.539329e+05	1.491998e+03	1.286581e+04
1.590	2.577637e+05	2.562926e+05	1.471091e+03	1.288672e+04
1.600	2.601038e+05	2.586534e+05	1.450458e+03	1.290735e+04
1.610	2.624466e+05	2.610165e+05	1.430093e+03	1.292772e+04
1.620	2.647934e+05	2.633834e+05	1.409995e+03	1.294781e+04
1.630	2.671453e+05	2.657551e+05	1.390159e+03	1.296765e+04
1.640	2.695034e+05	2.681328e+05	1.370582e+03	1.298723e+04
1.650	2.718685e+05	2.705172e+05	1.351261e+03	1.300655e+04
1.660	2.742411e+05	2.729089e+05	1.332193e+03	1.302562e+04
1.670	2.766213e+05	2.753080e+05	1.313374e+03	1.304443e+04
1.680	2.790095e+05	2.777147e+05	1.294801e+03	1.306301e+04
1.690	2.814055e+05	2.801290e+05	1.276471e+03	1.308134e+04
1.700	2.838092e+05	2.825508e+05	1.258381e+03	1.309943e+04
1.710	2.862208e+05	2.849803e+05	1.240527e+03	1.311728e+04
1.720	2.886405e+05	2.874176e+05	1.222906e+03	1.313490e+04
1.730	2.910689e+05	2.898633e+05	1.205516e+03	1.315229e+04
1.740	2.935067e+05	2.923183e+05	1.188354e+03	1.316946e+04
1.750	2.959546e+05	2.947831e+05	1.171416e+03	1.318639e+04
1.760	2.984130e+05	2.972583e+05	1.154700e+03	1.320311e+04
1.770	3.008820e+05	2.997438e+05	1.138202e+03	1.321961e+04
1.780	3.033610e+05	3.022391e+05	1.121920e+03	1.323589e+04
1.790	3.058489e+05	3.047431e+05	1.105851e+03	1.325196e+04
1.800	3.083448e+05	3.072548e+05	1.089992e+03	1.326782e+04
1.810	3.108479e+05	3.097736e+05	1.074340e+03	1.328347e+04
1.820	3.133578e+05	3.122989e+05	1.058894e+03	1.329892e+04
1.830	3.158745e+05	3.148309e+05	1.043649e+03	1.331416e+04
1.840	3.183982e+05	3.173696e+05	1.028604e+03	1.332921e+04
1.850	3.209289e+05	3.199152e+05	1.013755e+03	1.334405e+04
1.860	3.234664e+05	3.224673e+05	9.991007e+02	1.335871e+04
1.870	3.260099e+05	3.250252e+05	9.846379e+02	1.337317e+04
1.880	3.285583e+05	3.275879e+05	9.703642e+02	1.338744e+04
1.890	3.311104e+05	3.301542e+05	9.562771e+02	1.340153e+04
1.900	3.336652e+05	3.327228e+05	9.423742e+02	1.341543e+04
1.910	3.362215e+05	3.352929e+05	9.286530e+02	1.342916e+04
1.920	3.387787e+05	3.378636e+05	9.151111e+02	1.344270e+04
1.930	3.413362e+05	3.404345e+05	9.017462e+02	1.345606e+04
1.940	3.438935e+05	3.430049e+05	8.885560e+02	1.346925e+04
1.950	3.464500e+05	3.455744e+05	8.755381e+02	1.348227e+04
1.960	3.490053e+05	3.481426e+05	8.626903e+02	1.349512e+04
1.970	3.515589e+05	3.507089e+05	8.500105e+02	1.350780e+04
1.980	3.541101e+05	3.532726e+05	8.374963e+02	1.352031e+04
1.990	3.566582e+05	3.558331e+05	8.251457e+02	1.353266e+04
2.000	3.592024e+05	3.583894e+05	8.129564e+02	1.354485e+04
2.010	3.617416e+05	3.609407e+05	8.009263e+02	1.355688e+04
2.020	3.642749e+05	3.634858e+05	7.890534e+02	1.356876e+04
2.030	3.668007e+05	3.660233e+05	7.773355e+02	1.358047e+04
2.040	3.693189e+05	3.685532e+05	7.657705e+02	1.359204e+04
2.050	3.718290e+05	3.710746e+05	7.543565e+02	1.360345e+04
2.060	3.743299e+05	3.735868e+05	7.430912e+02	1.361472e+04
2.070	3.768215e+05	3.760895e+05	7.319725e+02	1.362584e+04
2.080	3.793036e+05	3.785827e+05	7.209987e+02	1.363681e+04
2.090	3.817762e+05	3.810661e+05	7.101677e+02	1.364764e+04
2.100	3.842388e+05	3.835393e+05	6.994775e+02	1.365833e+04
2.110	3.866908e+05	3.860019e+05	6.889264e+02	1.366888e+04
2.120	3.891320e+05	3.884535e+05	6.785125e+02	1.367930e+04
2.130	3.915621e+05	3.908938e+05	6.682340e+02	1.368958e+04
2.140	3.939804e+05	3.933223e+05	6.580891e+02	1.369972e+04
2.150	3.963861e+05	3.957380e+05	6.480762e+02	1.370973e+04
2.160	3.987785e+05	3.981404e+05	6.381935e+02	1.371962e+04
2.170	4.011572e+05	4.005287e+05	6.284395e+02	1.372937e+04
2.180	4.035217e+05	4.029029e+05	6.188126e+02	1.373900e+04
2.190	4.058726e+05	4.052633e+05	6.093110e+02	1.374850e+04
2.200	4.082102e+05	4.076102e+05	5.999332e+02	1.375788e+04
2.210	4.105345e+05	4.099438e+05	5.906774e+02	1.376713e+04
2.220	4.128457e+05	4.122642e+05	5.815418e+02	1.377627e+04
2.230	4.151441e+05	4.145715e+05	5.725249e+02	1.378528e+04
2.240	4.174296e+05	4.168660e+05	5.636251e+02	1.379418e+04
2.250	4.197022e+05	4.191474e+05	5.548407e+02	1.380297e+04
2.260	4.219618e+05	4.214157e+05	5.461702e+02	1.381164e+04
2.270	4.242080e+05	4.236704e+05	5.376120e+02	1.382020e+04
2.280	4.264404e+05	4.259112e+05	5.291648e+02	1.382864e+04
2.290	4.286591e+05	4.281383e+05	5.208272e+02	1.383698e+04
2.300	4.308643e+05	4.303517e+05	5.125977e+02	1.384521e+04
2.310	4.330561e+05	4.325516e+05	5.044750e+02	1.385333e+04
2.320	4.352349e+05	4.347385e+05	4.964578e+02	1.386135e+04
2.330	4.374013e+05	4.369127e+05	4.885447e+02	1.386926e+04
2.340	4.395553e+05	4.390746e+05	4.807342e+02	1.387707e+04
2.350	4.416972e+05	4.412242e+05	4.730250e+02	1.388478e+04
2.360	4.438273e+05	4.433619e+05	4.654157e+02	1.389239e+04
2.370	4.459456e+05	4.454877e+05	4.579050e+02	1.389990e+04
2.380	4.480525e+05	4.476020e+05	4.504916e+02	1.390732e+04
2.390	4.501481e+05	4.497049e+05	4.431742e+02	1.391463e+04
2.400	4.522326e+05	4.517966e+05	4.359515e+02	1.392186e+04
2.410	4.543063e+05	4.538775e+05	4.288222e+02	1.392899e+04
2.420	4.563696e+05	4.559478e+05	4.217851e+02	1.393602e+04
2.430	4.584226e+05	4.580077e+05	4.148391e+02	1.394297e+04
2.440	4.604656e+05	4.600576e+05	4.079828e+02	1.394983e+04
2.450	4.624992e+05	4.620980e+05	4.012152e+02	1.395659e+04
2.460	4.645236e+05	4.641291e+05	3.945350e+02	1.396327e+04
2.470	4.665387e+05	4.661508e+05	3.879410e+02	1.396987e+04
2.480	4.685450e+05	4.681635e+05	3.814322e+02	1.397638e+04
2.490	4.705426e+05	4.701676e+05	3.750074e+02	1.398280e+04
2.500	4.725319e+05	4.721632e+05	3.686656e+02	1.398914e+04
2.510	4.745132e+05	4.741508e+05	3.624057e+02	1.399540e+04
2.520	4.764867e+05	4.761305e+05	3.562265e+02	1.400158e+04
2.530	4.784529e+05	4.781028e+05	3.501271e+02	1.400768e+04
2.540	4.804121e+05	4.800680e+05	3.441064e+02	1.401370e+04
2.550	4.823648e+05	4.820267e+05	3.381633e+02	1.401965e+04
2.560	4.843113e+05	4.839790e+05	3.322969e+02	1.402551e+04
2.570	4.862520e+05	4.859254e+05	3.265061e+02	1.403130e+04
2.580	4.881870e+05	4.878662e+05	3.207899e+02	1.403702e+04
2.590	4.901167e+05	4.898016e+05	3.151474e+02	1.404266e+04
2.600	4.920414e+05	4.917318e+05	3.095776e+02	1.404823e+04
2.610	4.939613e+05	4.936572e+05	3.040794e+02	1.405373e+04
2.620	4.958767e+05	4.955781e+05	2.986521e+02	1.405916e+04
2.630	4.977879e+05	4.974946e+05	2.932946e+02	1.406451e+04
2.640	4.996950e+05	4.994070e+05	2.880060e+02	1.406980e+04
2.650	5.015982e+05	5.013154e+05	2.827855e+02	1.407502e+04
2.660	5.034979e+05	5.032202e+05	2.776320e+02	1.408018e+04
2.670	5.053941e+05	5.051216e+05	2.725448e+02	1.408526e+04
2.680	5.072872e+05	5.070197e+05	2.675230e+02	1.409029e+04
2.690	5.091774e+05	5.089148e+05	2.625657e+02	1.409524e+04
2.700	5.110649e+05	5.108072e+05	2.576721e+02	1.410014e+04
2.710	5.129498e+05	5.126969e+05	2.528414e+02	1.410497e+04
2.720	5.148326e+05	5.145845e+05	2.480727e+02	1.410974e+04
2.730	5.167134e+05	5.164701e+05	2.433652e+02	1.411444e+04
2.740	5.185924e+05	5.183537e+05	2.387181e+02	1.411909e+04
2.750	5.204698e+05	5.202356e+05	2.341306e+02	1.412368e+04
2.760	5.223455e+05	5.221159e+05	2.296019e+02	1.412821e+04
2.770	5.242196e+05	5.239945e+05	2.251312e+02	1.413268e+04
2.780	5.260918e+05	5.258711e+05	2.207179e+02	1.413709e+04
2.790	5.279621e+05	5.277458e+05	2.163610e+02	1.414145e+04
2.800	5.298310e+05	5.296190e+05	2.120601e+02	1.414575e+04
2.810	5.316986e+05	5.314908e+05	2.078142e+02	1.414999e+04
2.820	5.335650e+05	5.333614e+05	2.036228e+02	1.415419e+04
2.830	5.354303e+05	5.352308e+05	1.994850e+02	1.415832e+04
2.840	5.372944e+05	5.370990e+05	1.954003e+02	1.416241e+04
2.850	5.391575e+05	5.389661e+05	1.913679e+02	1.416644e+04
2.860	5.410193e+05	5.408319e+05	1.873871e+02	1.417042e+04
2.870	5.428799e+05	5.426964e+05	1.834572e+02	1.417435e+04
2.880	5.447392e+05	5.445597e+05	1.795777e+02	1.417823e+04
2.890	5.465975e+05	5.464218e+05	1.757479e+02	1.418206e+04
2.900	5.484547e+05	5.482828e+05	1.719670e+02	1.418584e+04
2.910	5.503111e+05	5.501428e+05	1.682346e+02	1.418957e+04
2.920	5.521666e+05	5.520021e+05	1.645499e+02	1.419326e+04
2.930	5.540215e+05	5.538606e+05	1.609124e+02	1.419690e+04
2.940	5.558759e+05	5.557186e+05	1.573214e+02	1.420049e+04
2.950	5.577298e+05	5.575761e+05	1.537763e+02	1.420403e+04
2.960	5.595832e+05	5.594329e+05	1.502765e+02	1.420753e+04
2.970	5.614359e+05	5.612891e+05	1.468215e+02	1.421099e+04
2.980	5.632878e+05	5.631444e+05	1.434106e+02	1.421440e+04
2.990	5.651388e+05	5.649987e+05	1.400433e+02	1.421777e+04
3.000	5.669889e+05	5.668521e+05	1.367190e+02	1.422109e+04
3.010	5.688381e+05	5.687046e+05	1.334371e+02	1.422437e+04
3.020	5.706865e+05	5.705563e+05	1.301971e+02	1.422761e+04
3.030	5.725340e+05	5.724070e+05	1.269985e+02	1.423081e+04
3.040	5.743807e+05	5.742568e+05	1.238407e+02	1.423397e+04
3.050	5.762264e+05	5.761057e+05	1.207232e+02	1.423709e+04
3.060	5.780711e+05	5.779535e+05	1.176454e+02	1.424016e+04
3.070	5.799146e+05	5.798000e+05	1.146069e+02	1.424320e+04
3.080	5.817568e+05	5.816452e+05	1.116072e+02	1.424620e+04
3.090	5.835975e+05	5.834888e+05	1.086457e+02	1.424916e+04
3.100	5.854367e+05	5.853310e+05	1.057220e+02	1.425209e+04
3.110	5.872751e+05	5.871722e+05	1.028356e+02	1.425497e+04
3.120	5.891125e+05	5.890125e+05	9.998596e+01	1.425782e+04
3.130	5.909491e+05	5.908520e+05	9.717262e+01	1.426064e+04
3.140	5.927849e+05	5.926905e+05	9.439510e+01	1.426341e+04
3.150	5.946198e+05	5.945281e+05	9.165294e+01	1.426616e+04
3.160	5.964537e+05	5.963648e+05	8.894567e+01	1.426886e+04
3.170	5.982865e+05	5.982002e+05	8.627284e+01	1.427154e+04
3.180	6.001180e+05	6.000344e+05	8.363401e+01	1.427418e+04
3.190	6.019481e+05	6.018671e+05	8.102873e+01	1.427678e+04
3.200	6.037766e+05	6.036981e+05	7.845658e+01	1.427935e+04
3.210	6.056034e+05	6.055274e+05	7.591713e+01	1.428189e+04
3.220	6.074278e+05	6.073544e+05	7.340995e+01	1.428440e+04
3.230	6.092500e+05	6.091790e+05	7.093464e+01	1.428687e+04
3.240	6.110697e+05	6.110012e+05	6.849081e+01	1.428932e+04
3.250	6.128871e+05	6.128210e+05	6.607807e+01	1.429173e+04
3.260	6.147021e+05	6.146384e+05	6.369603e+01	1.429411e+04
3.270	6.165147e+05	6.164534e+05	6.134429e+01	1.429646e+04
3.280	6.183250e+05	6.182659e+05	5.902249e+01	1.429879e+04
3.290	6.201327e+05	6.200760e+05	5.673023e+01	1.430108e+04
3.300	6.219379e+05	6.218834e+05	5.446714e+01	1.430334e+04
3.310	6.237403e+05	6.236880e+05	5.223286e+01	1.430558e+04
3.320	6.255397e+05	6.254897e+05	5.002701e+01	1.430778e+04
3.330	6.273361e+05	6.272883e+05	4.784924e+01	1.430996e+04
3.340	6.291292e+05	6.290835e+05	4.569919e+01	1.431211e+04
3.350	6.309189e+05	6.308753e+05	4.357651e+01	1.431423e+04
3.360	6.327050e+05	6.326635e+05	4.148085e+01	1.431633e+04
3.370	6.344875e+05	6.344481e+05	3.941188e+01	1.431840e+04
3.380	6.362664e+05	6.362291e+05	3.736924e+01	1.432044e+04
3.390	6.380417e+05	6.380063e+05	3.535262e+01	1.432246e+04
3.400	6.398133e+05	6.397799e+05	3.336167e+01	1.432445e+04
3.410	6.415812e+05	6.415498e+05	3.139608e+01	1.432641e+04
3.420	6.433456e+05	6.433162e+05	2.945552e+01	1.432835e+04
3.430	6.451066e+05	6.450791e+05	2.753967e+01	1.433027e+04
3.440	6.468641e+05	6.468385e+05	2.564821e+01	1.433216e+04
3.450	6.486179e+05	6.485941e+05	2.378083e+01	1.433403e+04
3.460	6.503678e+05	6.503459e+05	2.193721e+01	1.433587e+04
3.470	6.521138e+05	6.520937e+05	2.011706e+01	1.433769e+04
3.480	6.538556e+05	6.538373e+05	1.832006e+01	1.433949e+04
3.490	6.555932e+05	6.555767e+05	1.654593e+01	1.434126e+04
3.500	6.573265e+05	6.573117e+05	1.479437e+01	1.434301e+04
3.510	6.590552e+05	6.590422e+05	1.306510e+01	1.434474e+04
3.520	6.607795e+05	6.607681e+05	1.135783e+01	1.434645e+04
3.530	6.624992e+05	6.624895e+05	9.672283e+00	1.434814e+04
3.540	6.642143e+05	6.642062e+05	8.008184e+00	1.434980e+04
3.550	6.659247e+05	6.659183e+05	6.365260e+00	1.435144e+04
3.560	6.676306e+05	6.676258e+05	4.743243e+00	1.435307e+04
3.570	6.693318e+05	6.693287e+05	3.141868e+00	1.435467e+04
3.580	6.710284e+05	6.710268e+05	1.560873e+00	1.435625e+04
3.590	6.727214e+05	6.727198e+05	1.541002e+00	1.435627e+04
3.600	6.744090e+05	6.744075e+05	1.521377e+00	1.435629e+04
3.610	6.760916e+05	6.760901e+05	1.501999e+00	1.435631e+04
3.620	6.777693e+05	6.777678e+05	1.482868e+00	1.435633e+04
3.630	6.794420e+05	6.794405e+05	1.463982e+00	1.435635e+04
3.640	6.811096e+05	6.811081e+05	1.445335e+00	1.435636e+04
3.650	6.827720e+05	6.827706e+05	1.426925e+00	1.435638e+04
3.660	6.844293e+05	6.844279e+05	1.408749e+00	1.435640e+04
3.670	6.860812e+05	6.860798e+05	1.390801e+00	1.435642e+04
3.680	6.877279e+05	6.877265e+05	1.373081e+00	1.435644e+04
3.690	6.893692e+05	6.893678e+05	1.355584e+00	1.435645e+04
3.700	6.910050e+05	6.910037e+05	1.338309e+00	1.435647e+04
3.710	6.926354e+05	6.926341e+05	1.321251e+00	1.435649e+04
3.720	6.942603e+05	6.942590e+05	1.304409e+00	1.435650e+04
3.730	6.958796e+05	6.958783e+05	1.287778e+00	1.435652e+04
3.740	6.974933e+05	6.974921e+05	1.271357e+00	1.435654e+04
3.750	6.991014e+05	6.991001e+05	1.255143e+00	1.435655e+04
3.760	7.007037e+05	7.007025e+05	1.239133e+00	1.435657e+04
3.770	7.023004e+05	7.022991e+05	1.223325e+00	1.435659e+04
3.780	7.038912e+05	7.038900e+05	1.207715e+00	1.435660e+04
3.790	7.054763e+05	7.054751e+05	1.192302e+00	1.435662e+04
3.800	7.070555e+05	7.070543e+05	1.177083e+00	1.435663e+04
3.810	7.086287e+05	7.086276e+05	1.162055e+00	1.435665e+04
3.820	7.101961e+05	7.101950e+05	1.147215e+00	1.435666e+04
3.830	7.117576e+05	7.117564e+05	1.132563e+00	1.435668e+04
3.840	7.133130e+05	7.133119e+05	1.118094e+00	1.435669e+04
3.850	7.148625e+05	7.148614e+05	1.103807e+00	1.435671e+04
3.860	7.164059e+05	7.164048e+05	1.089700e+00	1.435672e+04
3.870	7.179432e+05	7.179422e+05	1.075769e+00	1.435673e+04
3.880	7.194745e+05	7.194734e+05	1.062014e+00	1.435675e+04
3.890	7.209996e+05	7.209986e+05	1.048431e+00	1.435676e+04
3.900	7.225186e+05	7.225175e+05	1.035018e+00	1.435677e+04
3.910	7.240314e+05	7.240304e+05	1.021774e+00	1.435679e+04
3.920	7.255380e+05	7.255370e+05	1.008695e+00	1.435680e+04
3.930	7.270378e+05	7.270368e+05	9.957799e-01	1.435681e+04
3.940	7.285308e+05	7.285299e+05	9.830238e-01	1.435683e+04
3.950	7.300170e+05	7.300160e+05	9.704258e-01	1.435684e+04
3.960	7.314962e+05	7.314953e+05	9.579843e-01	1.435685e+04
3.970	7.329686e+05	7.329676e+05	9.456978e-01	1.435686e+04
3.980	7.344340e+05	7.344331e+05	9.335643e-01	1.435688e+04
3.990	7.358925e+05	7.358916e+05	9.215822e-01	1.435689e+04
4.000	7.373441e+05	7.373432e+05	9.097494e-01	1.435690e+04
4.010	7.387888e+05	7.387879e+05	8.980644e-01	1.435691e+04
4.020	7.402265e+05	7.402256e+05	8.865252e-01	1.435692e+04
4.030	7.416572e+05	7.416564e+05	8.751301e-01	1.435693e+04
4.040	7.430811e+05	7.430802e+05	8.638773e-01	1.435695e+04
4.050	7.444979e+05	7.444971e+05	8.527650e-01	1.435696e+04
4.060	7.459078e+05	7.459070e+05	8.417916e-01	1.435697e+04
4.070	7.473108e+05	7.473100e+05	8.309554e-01	1.435698e+04
4.080	7.487068e+05	7.487059e+05	8.202544e-01	1.435699e+04
4.090	7.500958e+05	7.500950e+05	8.096872e-01	1.435700e+04
4.100	7.514778e+05	7.514770e+05	7.992521e-01	1.435701e+04
4.110	7.528530e+05	7.528522e+05	7.889683e-01	1.435702e+04
4.120	7.542211e+05	7.542204e+05	7.787923e-01	1.435703e+04
4.130	7.555824e+05	7.555816e+05	7.687436e-01	1.435704e+04
4.140	7.569367e+05	7.569359e+05	7.588206e-01	1.435705e+04
4.150	7.582841e+05	7.582833e+05	7.490218e-01	1.435706e+04
4.160	7.596246e+05	7.596238e+05	7.393456e-01	1.435707e+04
4.170	7.609582e+05	7.609574e+05	7.297904e-01	1.435708e+04
4.180	7.622849e+05	7.622841e+05	7.203549e-01	1.435709e+04
4.190	7.636057e+05	7.636050e+05	7.110395e-01	1.435710e+04
4.200	7.649206e+05	7.649199e+05	7.018438e-01	1.435711e+04
4.210	7.662296e+05	7.662289e+05	6.927652e-01	1.435712e+04
4.220	7.675328e+05	7.675321e+05	6.838017e-01	1.435713e+04
4.230	7.688301e+05	7.688294e+05	6.749517e-01	1.435713e+04
4.240	7.701216e+05	7.701209e+05	6.662136e-01	1.435714e+04
4.250	7.714072e+05	7.714065e+05	6.575859e-01	1.435715e+04
4.260	7.726869e+05	7.726863e+05	6.490671e-01	1.435716e+04
4.270	7.739609e+05	7.739602e+05	6.406556e-01	1.435717e+04
4.280	7.752290e+05	7.752284e+05	6.323502e-01	1.435718e+04
4.290	7.764914e+05	7.764907e+05	6.241495e-01	1.435718e+04
4.300	7.777479e+05	7.777473e+05	6.160520e-01	1.435719e+04
4.310	7.789987e+05	7.789981e+05	6.080565e-01	1.435720e+04
4.320	7.802437e+05	7.802431e+05	6.001616e-01	1.435721e+04
4.330	7.814830e+05	7.814824e+05	5.923662e-01	1.435722e+04
4.340	7.827165e+05	7.827159e+05	5.846688e-01	1.435722e+04
4.350	7.839443e+05	7.839437e+05	5.770683e-01	1.435723e+04
4.360	7.851664e+05	7.851658e+05	5.695635e-01	1.435724e+04
4.370	7.863829e+05	7.863823e+05	5.621530e-01	1.435725e+04
4.380	7.875936e+05	7.875931e+05	5.548359e-01	1.435725e+04
4.390	7.887987e+05	7.887982e+05	5.476107e-01	1.435726e+04
4.400	7.899985e+05	7.899979e+05	5.404774e-01	1.435727e+04
4.410	7.911930e+05	7.911925e+05	5.334357e-01	1.435728e+04
4.420	7.923823e+05	7.923818e+05	5.264840e-01	1.435728e+04
4.430	7.935664e+05	7.935659e+05	5.196206e-01	1.435729e+04
4.440	7.947453e+05	7.947448e+05	5.128445e-01	1.435730e+04
4.450	7.959190e+05	7.959185e+05	5.061543e-01	1.435730e+04
4.460	7.970876e+05	7.970871e+05	4.995488e-01	1.435731e+04
4.470	7.982510e+05	7.982505e+05	4.930270e-01	1.435732e+04
4.480	7.994093e+05	7.994088e+05	4.865877e-01	1.435732e+04
4.490	8.005624e+05	8.005619e+05	4.802298e-01	1.435733e+04
4.500	8.017105e+05	8.017100e+05	4.739523e-01	1.435734e+04
4.510	8.028535e+05	8.028530e+05	4.677542e-01	1.435734e+04
4.520	8.039914e+05	8.039910e+05	4.616343e-01	1.435735e+04
4.530	8.051244e+05	8.051239e+05	4.555919e-01	1.435735e+04
4.540	8.062523e+05	8.062518e+05	4.496257e-01	1.435736e+04
4.550	8.073752e+05	8.073747e+05	4.437349e-01	1.435737e+04
4.560	8.084931e+05	8.084927e+05	4.379185e-01	1.435737e+04
4.570	8.096061e+05	8.096057e+05	4.321755e-01	1.435738e+04
4.580	8.107140e+05	8.107136e+05	4.265047e-01	1.435738e+04
4.590	8.118167e+05	8.118163e+05	4.209043e-01	1.435739e+04
4.600	8.129141e+05	8.129136e+05	4.153733e-01	1.435739e+04
4.610	8.140062e+05	8.140058e+05	4.099112e-01	1.435740e+04
4.620	8.150931e+05	8.150927e+05	4.045174e-01	1.435740e+04
4.630	8.161748e+05	8.161744e+05	3.991912e-01	1.435741e+04
4.640	8.172514e+05	8.172510e+05	3.939318e-01	1.435742e+04
4.650	8.183228e+05	8.183224e+05	3.887385e-01	1.435742e+04
4.660	8.193891e+05	8.193887e+05	3.836104e-01	1.435743e+04
4.670	8.204503e+05	8.204499e+05	3.785467e-01	1.435743e+04
4.680	8.215064e+05	8.215060e+05	3.735468e-01	1.435744e+04
4.690	8.225574e+05	8.225570e+05	3.686098e-01	1.435744e+04
4.700	8.236034e+05	8.236031e+05	3.637350e-01	1.435745e+04
4.710	8.246444e+05	8.246441e+05	3.589217e-01	1.435745e+04
4.720	8.256805e+05	8.256801e+05	3.541690e-01	1.435745e+04
4.730	8.267115e+05	8.267112e+05	3.494763e-01	1.435746e+04
4.740	8.277376e+05	8.277373e+05	3.448429e-01	1.435746e+04
4.750	8.287588e+05	8.287585e+05	3.402679e-01	1.435747e+04
4.760	8.297751e+05	8.297747e+05	3.357508e-01	1.435747e+04
4.770	8.307865e+05	8.307862e+05	3.312907e-01	1.435748e+04
4.780	8.317931e+05	8.317927e+05	3.268871e-01	1.435748e+04
4.790	8.327948e+05	8.327945e+05	3.225391e-01	1.435749e+04
4.800	8.337917e+05	8.337914e+05	3.182462e-01	1.435749e+04
4.810	8.347839e+05	8.347835e+05	3.140077e-01	1.435750e+04
4.820	8.357713e+05	8.357710e+05	3.098229e-01	1.435750e+04
4.830	8.367539e+05	8.367536e+05	3.056911e-01	1.435750e+04
4.840	8.377319e+05	8.377316e+05	3.016117e-01	1.435751e+04
4.850	8.387052e+05	8.387049e+05	2.975840e-01	1.435751e+04
4.860	8.396738e+05	8.396735e+05	2.936075e-01	1.435752e+04
4.870	8.406378e+05	8.406375e+05	2.896814e-01	1.435752e+04
4.880	8.415972e+05	8.415969e+05	2.858053e-01	1.435752e+04
4.890	8.425520e+05	8.425517e+05	2.819784e-01	1.435753e+04
4.900	8.435022e+05	8.435019e+05	2.782002e-01	1.435753e+04
4.910	8.444479e+05	8.444476e+05	2.744700e-01	1.435753e+04
4.920	8.453890e+05	8.453888e+05	2.707873e-01	1.435754e+04
4.930	8.463257e+05	8.463254e+05	2.671515e-01	1.435754e+04
4.940	8.472579e+05	8.472576e+05	2.635621e-01	1.435755e+04
4.950	8.481857e+05	8.481854e+05	2.600184e-01	1.435755e+04
4.960	8.491090e+05	8.491087e+05	2.565198e-01	1.435755e+04
4.970	8.500279e+05	8.500276e+05	2.530660e-01	1.435756e+04
4.980	8.509425e+05	8.509422e+05	2.496562e-01	1.435756e+04