a_i  	N_t         	N_i         	N_p         
0.010	1.369292e+05	0.000000e+00	1.369292e+05
0.020	9.641262e+04	1.065002e+02	9.630612e+04
0.030	8.541058e+04	0.000000e+00	8.541058e+04
0.040	8.040229e+04	4.864633e+02	7.991582e+04
0.050	7.978604e+04	3.437854e+03	7.634819e+04
0.060	7.969330e+04	5.987806e+03	7.370550e+04
0.070	7.934682e+04	7.756824e+03	7.158999e+04
0.080	7.936740e+04	9.556897e+03	6.981050e+04
0.090	7.938212e+04	1.111719e+04	6.826493e+04
0.100	7.928938e+04	1.239752e+04	6.689185e+04
0.110	7.937578e+04	1.372421e+04	6.565158e+04
0.120	7.963958e+04	1.512326e+04	6.451632e+04
0.130	7.990560e+04	1.643957e+04	6.346603e+04
0.140	8.015523e+04	1.766972e+04	6.248551e+04
0.150	8.047000e+04	1.890687e+04	6.156313e+04
0.160	8.087755e+04	2.018784e+04	6.068971e+04
0.170	8.136355e+04	2.150559e+04	5.985796e+04
0.180	8.192797e+04	2.286599e+04	5.906198e+04
0.190	8.257356e+04	2.427659e+04	5.829697e+04
0.200	8.328003e+04	2.572108e+04	5.755895e+04
0.210	8.401400e+04	2.716938e+04	5.684462e+04
0.220	8.476938e+04	2.861817e+04	5.615121e+04
0.230	8.557325e+04	3.009687e+04	5.547639e+04
0.240	8.645784e+04	3.163968e+04	5.481816e+04
0.250	8.742949e+04	3.325464e+04	5.417485e+04
0.260	8.847689e+04	3.493190e+04	5.354499e+04
0.270	8.958696e+04	3.665964e+04	5.292732e+04
0.280	9.075481e+04	3.843405e+04	5.232076e+04
0.290	9.197554e+04	4.025117e+04	5.172437e+04
0.300	9.324360e+04	4.210628e+04	5.113732e+04
0.310	9.455265e+04	4.399375e+04	5.055890e+04
0.320	9.590364e+04	4.591516e+04	4.998847e+04
0.330	9.730475e+04	4.787925e+04	4.942550e+04
0.340	9.877317e+04	4.990369e+04	4.886949e+04
0.350	1.003282e+05	5.200814e+04	4.832002e+04
0.360	1.019884e+05	5.421173e+04	4.777671e+04
0.370	1.037651e+05	5.652584e+04	4.723925e+04
0.380	1.056611e+05	5.895376e+04	4.670733e+04
0.390	1.076697e+05	6.148900e+04	4.618071e+04
0.400	1.097791e+05	6.411993e+04	4.565915e+04
0.410	1.119736e+05	6.683113e+04	4.514247e+04
0.420	1.142373e+05	6.960683e+04	4.463049e+04
0.430	1.165529e+05	7.242985e+04	4.412306e+04
0.440	1.189063e+05	7.528627e+04	4.362005e+04
0.450	1.212904e+05	7.816905e+04	4.312134e+04
0.460	1.237101e+05	8.108328e+04	4.262683e+04
0.470	1.261810e+05	8.404459e+04	4.213644e+04
0.480	1.287252e+05	8.707514e+04	4.165009e+04
0.490	1.313656e+05	9.019788e+04	4.116771e+04
0.500	1.341227e+05	9.343342e+04	4.068926e+04
0.510	1.370112e+05	9.679652e+04	4.021468e+04
0.520	1.400382e+05	1.002943e+05	3.974394e+04
0.530	1.432028e+05	1.039258e+05	3.927700e+04
0.540	1.464980e+05	1.076841e+05	3.881384e+04
0.550	1.499135e+05	1.115591e+05	3.835443e+04
0.560	1.534382e+05	1.155395e+05	3.789876e+04
0.570	1.570601e+05	1.196133e+05	3.744682e+04
0.580	1.607656e+05	1.237670e+05	3.699859e+04
0.590	1.645414e+05	1.279874e+05	3.655406e+04
0.600	1.683764e+05	1.322632e+05	3.611324e+04
0.610	1.722644e+05	1.365883e+05	3.567611e+04
0.620	1.762051e+05	1.409624e+05	3.524269e+04
0.630	1.802040e+05	1.453910e+05	3.481296e+04
0.640	1.842706e+05	1.498837e+05	3.438693e+04
0.650	1.884174e+05	1.544528e+05	3.396461e+04
0.660	1.926573e+05	1.591113e+05	3.354599e+04
0.670	1.970034e+05	1.638723e+05	3.313108e+04
0.680	2.014663e+05	1.687464e+05	3.271989e+04
0.690	2.060558e+05	1.737434e+05	3.231241e+04
0.700	2.107795e+05	1.788708e+05	3.190866e+04
0.710	2.156448e+05	1.841362e+05	3.150863e+04
0.720	2.206570e+05	1.895447e+05	3.111232e+04
0.730	2.258206e+05	1.951008e+05	3.071975e+04
0.740	2.311364e+05	2.008054e+05	3.033092e+04
0.750	2.366042e+05	2.066584e+05	2.994582e+04
0.760	2.422211e+05	2.126566e+05	2.956445e+04
0.770	2.479847e+05	2.187979e+05	2.918683e+04
0.780	2.538914e+05	2.250784e+05	2.881294e+04
0.790	2.599389e+05	2.314961e+05	2.844279e+04
0.800	2.661229e+05	2.380465e+05	2.807637e+04
0.810	2.724396e+05	2.447259e+05	2.771369e+04
0.820	2.788821e+05	2.515274e+05	2.735473e+04
0.830	2.854450e+05	2.584455e+05	2.699950e+04
0.840	2.921212e+05	2.654732e+05	2.664798e+04
0.850	2.989068e+05	2.726066e+05	2.630018e+04
0.860	3.057972e+05	2.798411e+05	2.595608e+04
0.870	3.127909e+05	2.871752e+05	2.561568e+04
0.880	3.198855e+05	2.946066e+05	2.527896e+04
0.890	3.270811e+05	3.021352e+05	2.494592e+04
0.900	3.343770e+05	3.097604e+05	2.461654e+04
0.910	3.417755e+05	3.174847e+05	2.429081e+04
0.920	3.492787e+05	3.253100e+05	2.396873e+04
0.930	3.568921e+05	3.332418e+05	2.365027e+04
0.940	3.646204e+05	3.412850e+05	2.333542e+04
0.950	3.724722e+05	3.494481e+05	2.302416e+04
0.960	3.804547e+05	3.577383e+05	2.271648e+04
0.970	3.885778e+05	3.661654e+05	2.241236e+04
0.980	3.968485e+05	3.747367e+05	2.211179e+04
0.990	4.052754e+05	3.834607e+05	2.181474e+04
1.000	4.138636e+05	3.923424e+05	2.152119e+04
1.010	4.226193e+05	4.013882e+05	2.123113e+04
1.020	4.315459e+05	4.106014e+05	2.094453e+04
1.030	4.406483e+05	4.199870e+05	2.066137e+04
1.040	4.499284e+05	4.295467e+05	2.038163e+04
1.050	4.593884e+05	4.392831e+05	2.010529e+04
1.060	4.690263e+05	4.491940e+05	1.983231e+04
1.070	4.788393e+05	4.592766e+05	1.956269e+04
1.080	4.888200e+05	4.695236e+05	1.929639e+04
1.090	4.989612e+05	4.799279e+05	1.903339e+04
1.100	5.092526e+05	4.904789e+05	1.877367e+04
1.110	5.196852e+05	5.011680e+05	1.851719e+04
1.120	5.302482e+05	5.119843e+05	1.826393e+04
1.130	5.409329e+05	5.229190e+05	1.801387e+04
1.140	5.517284e+05	5.339614e+05	1.776697e+04
1.150	5.626256e+05	5.451024e+05	1.752322e+04
1.160	5.736143e+05	5.563317e+05	1.728258e+04
1.170	5.846865e+05	5.676415e+05	1.704502e+04
1.180	5.958350e+05	5.790245e+05	1.681052e+04
1.190	6.070559e+05	5.904768e+05	1.657905e+04
1.200	6.183461e+05	6.019956e+05	1.635058e+04
1.210	6.297062e+05	6.135812e+05	1.612508e+04
1.220	6.411372e+05	6.252347e+05	1.590252e+04
1.230	6.526430e+05	6.369601e+05	1.568287e+04
1.240	6.642278e+05	6.487617e+05	1.546611e+04
1.250	6.758987e+05	6.606465e+05	1.525220e+04
1.260	6.876633e+05	6.726221e+05	1.504111e+04
1.270	6.995319e+05	6.846991e+05	1.483283e+04
1.280	7.115156e+05	6.968883e+05	1.462730e+04
1.290	7.236277e+05	7.092032e+05	1.442452e+04
1.300	7.358816e+05	7.216572e+05	1.422443e+04
1.310	7.482919e+05	7.342649e+05	1.402703e+04
1.320	7.608730e+05	7.470408e+05	1.383227e+04
1.330	7.736392e+05	7.599990e+05	1.364014e+04
1.340	7.866030e+05	7.731524e+05	1.345059e+04
1.350	7.997760e+05	7.865124e+05	1.326359e+04
1.360	8.131681e+05	8.000889e+05	1.307913e+04
1.370	8.267880e+05	8.138908e+05	1.289717e+04
1.380	8.406430e+05	8.279253e+05	1.271768e+04
1.390	8.547402e+05	8.421996e+05	1.254063e+04
1.400	8.690852e+05	8.567192e+05	1.236599e+04
1.410	8.836820e+05	8.714883e+05	1.219374e+04
1.420	8.985323e+05	8.865085e+05	1.202384e+04
1.430	9.136357e+05	9.017794e+05	1.185627e+04
1.440	9.289890e+05	9.172980e+05	1.169100e+04
1.450	9.445878e+05	9.330598e+05	1.152800e+04
1.460	9.604260e+05	9.490588e+05	1.136724e+04
1.470	9.764971e+05	9.652884e+05	1.120869e+04
1.480	9.927935e+05	9.817412e+05	1.105233e+04
1.490	1.009306e+06	9.984082e+05	1.089813e+04
1.500	1.026026e+06	1.015280e+06	1.074606e+04
1.510	1.042940e+06	1.032344e+06	1.059610e+04
1.520	1.060038e+06	1.049589e+06	1.044821e+04
1.530	1.077304e+06	1.067002e+06	1.030237e+04
1.540	1.094726e+06	1.084567e+06	1.015856e+04
1.550	1.112289e+06	1.102272e+06	1.001675e+04
1.560	1.129980e+06	1.120103e+06	9.876903e+03
1.570	1.147786e+06	1.138047e+06	9.739006e+03
1.580	1.165696e+06	1.156093e+06	9.603030e+03
1.590	1.183698e+06	1.174229e+06	9.468949e+03
1.600	1.201783e+06	1.192447e+06	9.336738e+03
1.610	1.219943e+06	1.210737e+06	9.206373e+03
1.620	1.238170e+06	1.229092e+06	9.077828e+03
1.630	1.256458e+06	1.247507e+06	8.951079e+03
1.640	1.274802e+06	1.265976e+06	8.826102e+03
1.650	1.293195e+06	1.284492e+06	8.702874e+03
1.660	1.311634e+06	1.303053e+06	8.581370e+03
1.670	1.330115e+06	1.321653e+06	8.461567e+03
1.680	1.348634e+06	1.340290e+06	8.343442e+03
1.690	1.367189e+06	1.358962e+06	8.226972e+03
1.700	1.385781e+06	1.377669e+06	8.112135e+03
1.710	1.404409e+06	1.396410e+06	7.998908e+03
1.720	1.423076e+06	1.415188e+06	7.887269e+03
1.730	1.441785e+06	1.434008e+06	7.777196e+03
1.740	1.460544e+06	1.452875e+06	7.668668e+03
1.750	1.479358e+06	1.471796e+06	7.561663e+03
1.760	1.498234e+06	1.490778e+06	7.456160e+03
1.770	1.517180e+06	1.509827e+06	7.352138e+03
1.780	1.536200e+06	1.528950e+06	7.249576e+03
1.790	1.555300e+06	1.548152e+06	7.148455e+03
1.800	1.574488e+06	1.567439e+06	7.048754e+03
1.810	1.593767e+06	1.586817e+06	6.950453e+03
1.820	1.613148e+06	1.606294e+06	6.853533e+03
1.830	1.632636e+06	1.625878e+06	6.757974e+03
1.840	1.652243e+06	1.645579e+06	6.663757e+03
1.850	1.671975e+06	1.665404e+06	6.570863e+03
1.860	1.691841e+06	1.685361e+06	6.479274e+03
1.870	1.711846e+06	1.705457e+06	6.388971e+03
1.880	1.731997e+06	1.725697e+06	6.299936e+03
1.890	1.752296e+06	1.746084e+06	6.212151e+03
1.900	1.772750e+06	1.766625e+06	6.125598e+03
1.910	1.793362e+06	1.787322e+06	6.040260e+03
1.920	1.814137e+06	1.808181e+06	5.956120e+03
1.930	1.835079e+06	1.829206e+06	5.873160e+03
1.940	1.856192e+06	1.850400e+06	5.791364e+03
1.950	1.877482e+06	1.871771e+06	5.710716e+03
1.960	1.898953e+06	1.893322e+06	5.631200e+03
1.970	1.920603e+06	1.915051e+06	5.552800e+03
1.980	1.942435e+06	1.936960e+06	5.475499e+03
1.990	1.964454e+06	1.959055e+06	5.399283e+03
2.000	1.986661e+06	1.981337e+06	5.324136e+03
2.010	2.009051e+06	2.003801e+06	5.250043e+03
2.020	2.031624e+06	2.026447e+06	5.176988e+03
2.030	2.054375e+06	2.049270e+06	5.104956e+03
2.040	2.077304e+06	2.072270e+06	5.033934e+03
2.050	2.100409e+06	2.095445e+06	4.963905e+03
2.060	2.123683e+06	2.118788e+06	4.894853e+03
2.070	2.147127e+06	2.142300e+06	4.826765e+03
2.080	2.170741e+06	2.165981e+06	4.759626e+03
2.090	2.194521e+06	2.189828e+06	4.693422e+03
2.100	2.218465e+06	2.213836e+06	4.628139e+03
2.110	2.242566e+06	2.238002e+06	4.563764e+03
2.120	2.266821e+06	2.262321e+06	4.500284e+03
2.130	2.291225e+06	2.286787e+06	4.437688e+03
2.140	2.315773e+06	2.311397e+06	4.375961e+03
2.150	2.340460e+06	2.336145e+06	4.315093e+03
2.160	2.365280e+06	2.361025e+06	4.255072e+03
2.170	2.390229e+06	2.386033e+06	4.195886e+03
2.180	2.415299e+06	2.411162e+06	4.137526e+03
2.190	2.440483e+06	2.436403e+06	4.079979e+03
2.200	2.465776e+06	2.461753e+06	4.023235e+03
2.210	2.491174e+06	2.487206e+06	3.967279e+03
2.220	2.516671e+06	2.512759e+06	3.912100e+03
2.230	2.542266e+06	2.538408e+06	3.857687e+03
2.240	2.567953e+06	2.564149e+06	3.804028e+03
2.250	2.593726e+06	2.589975e+06	3.751111e+03
2.260	2.619577e+06	2.615878e+06	3.698926e+03
2.270	2.645505e+06	2.641857e+06	3.647462e+03
2.280	2.671506e+06	2.667909e+06	3.596710e+03
2.290	2.697575e+06	2.694029e+06	3.546658e+03
2.300	2.723710e+06	2.720213e+06	3.497300e+03
2.310	2.749903e+06	2.746454e+06	3.448625e+03
2.320	2.776149e+06	2.772748e+06	3.400624e+03
2.330	2.802444e+06	2.799091e+06	3.353287e+03
2.340	2.828786e+06	2.825480e+06	3.306605e+03
2.350	2.855171e+06	2.851911e+06	3.260568e+03
2.360	2.881597e+06	2.878382e+06	3.215167e+03
2.370	2.908059e+06	2.904889e+06	3.170392e+03
2.380	2.934552e+06	2.931426e+06	3.126235e+03
2.390	2.961075e+06	2.957992e+06	3.082686e+03
2.400	2.987623e+06	2.984583e+06	3.039737e+03
2.410	3.014196e+06	3.011199e+06	2.997379e+03
2.420	3.040791e+06	3.037836e+06	2.955604e+03
2.430	3.067407e+06	3.064492e+06	2.914402e+03
2.440	3.094041e+06	3.091167e+06	2.873766e+03
2.450	3.120693e+06	3.117859e+06	2.833688e+03
2.460	3.147363e+06	3.144569e+06	2.794160e+03
2.470	3.174046e+06	3.171291e+06	2.755173e+03
2.480	3.200741e+06	3.198024e+06	2.716721e+03
2.490	3.227446e+06	3.224768e+06	2.678795e+03
2.500	3.254162e+06	3.251521e+06	2.641388e+03
2.510	3.280887e+06	3.278282e+06	2.604493e+03
2.520	3.307620e+06	3.305052e+06	2.568103e+03
2.530	3.334362e+06	3.331830e+06	2.532211e+03
2.540	3.361112e+06	3.358615e+06	2.496810e+03
2.550	3.387871e+06	3.385409e+06	2.461892e+03
2.560	3.414638e+06	3.412210e+06	2.427452e+03
2.570	3.441413e+06	3.439020e+06	2.393481e+03
2.580	3.468198e+06	3.465838e+06	2.359974e+03
2.590	3.494991e+06	3.492664e+06	2.326924e+03
2.600	3.521793e+06	3.519499e+06	2.294324e+03
2.610	3.548606e+06	3.546343e+06	2.262168e+03
2.620	3.575428e+06	3.573197e+06	2.230449e+03
2.630	3.602255e+06	3.600056e+06	2.199163e+03
2.640	3.629088e+06	3.626920e+06	2.168301e+03
2.650	3.655927e+06	3.653790e+06	2.137859e+03
2.660	3.682774e+06	3.680666e+06	2.107830e+03
2.670	3.709627e+06	3.707549e+06	2.078208e+03
2.680	3.736489e+06	3.734440e+06	2.048989e+03
2.690	3.763360e+06	3.761339e+06	2.020165e+03
2.700	3.790240e+06	3.788248e+06	1.991732e+03
2.710	3.817130e+06	3.815166e+06	1.963684e+03
2.720	3.844033e+06	3.842097e+06	1.936016e+03
2.730	3.870950e+06	3.869041e+06	1.908723e+03
2.740	3.897880e+06	3.895999e+06	1.881798e+03
2.750	3.924826e+06	3.922971e+06	1.855237e+03
2.760	3.951786e+06	3.949957e+06	1.829034e+03
2.770	3.978762e+06	3.976959e+06	1.803185e+03
2.780	4.005749e+06	4.003971e+06	1.777685e+03
2.790	4.032747e+06	4.030995e+06	1.752528e+03
2.800	4.059756e+06	4.058029e+06	1.727711e+03
2.810	4.086777e+06	4.085074e+06	1.703229e+03
2.820	4.113809e+06	4.112130e+06	1.679076e+03
2.830	4.140855e+06	4.139200e+06	1.655249e+03
2.840	4.167914e+06	4.166282e+06	1.631742e+03
2.850	4.194986e+06	4.193378e+06	1.608552e+03
2.860	4.222073e+06	4.220487e+06	1.585674e+03
2.870	4.249174e+06	4.247611e+06	1.563104e+03
2.880	4.276290e+06	4.274749e+06	1.540837e+03
2.890	4.303421e+06	4.301902e+06	1.518869e+03
2.900	4.330569e+06	4.329072e+06	1.497196e+03
2.910	4.357733e+06	4.356258e+06	1.475814e+03
2.920	4.384915e+06	4.383461e+06	1.454720e+03
2.930	4.412116e+06	4.410682e+06	1.433908e+03
2.940	4.439333e+06	4.437920e+06	1.413376e+03
2.950	4.466568e+06	4.465175e+06	1.393119e+03
2.960	4.493821e+06	4.492448e+06	1.373133e+03
2.970	4.521092e+06	4.519738e+06	1.353415e+03
2.980	4.548380e+06	4.547046e+06	1.333960e+03
2.990	4.575686e+06	4.574372e+06	1.314766e+03
3.000	4.603011e+06	4.601715e+06	1.295828e+03
3.010	4.630354e+06	4.629077e+06	1.277143e+03
3.020	4.657716e+06	4.656457e+06	1.258708e+03
3.030	4.685097e+06	4.683857e+06	1.240518e+03
3.040	4.712498e+06	4.711275e+06	1.222571e+03
3.050	4.739917e+06	4.738713e+06	1.204864e+03
3.060	4.767357e+06	4.766169e+06	1.187392e+03
3.070	4.794815e+06	4.793645e+06	1.170153e+03
3.080	4.822292e+06	4.821139e+06	1.153144e+03
3.090	4.849789e+06	4.848653e+06	1.136361e+03
3.100	4.877305e+06	4.876185e+06	1.119802e+03
3.110	4.904841e+06	4.903738e+06	1.103463e+03
3.120	4.932397e+06	4.931310e+06	1.087341e+03
3.130	4.959974e+06	4.958903e+06	1.071433e+03
3.140	4.987571e+06	4.986515e+06	1.055736e+03
3.150	5.015189e+06	5.014148e+06	1.040248e+03
3.160	5.042827e+06	5.041802e+06	1.024965e+03
3.170	5.070485e+06	5.069475e+06	1.009884e+03
3.180	5.098162e+06	5.097167e+06	9.950025e+02
3.190	5.125859e+06	5.124879e+06	9.803181e+02
3.200	5.153575e+06	5.152609e+06	9.658279e+02
3.210	5.181309e+06	5.180358e+06	9.515292e+02
3.220	5.209062e+06	5.208124e+06	9.374194e+02
3.230	5.236832e+06	5.235908e+06	9.234961e+02
3.240	5.264620e+06	5.263710e+06	9.097569e+02
3.250	5.292425e+06	5.291529e+06	8.961993e+02
3.260	5.320249e+06	5.319366e+06	8.828211e+02
3.270	5.348092e+06	5.347223e+06	8.696199e+02
3.280	5.375957e+06	5.375101e+06	8.565933e+02
3.290	5.403844e+06	5.403000e+06	8.437391e+02
3.300	5.431752e+06	5.430921e+06	8.310548e+02
3.310	5.459680e+06	5.458861e+06	8.185382e+02
3.320	5.487627e+06	5.486821e+06	8.061872e+02
3.330	5.515595e+06	5.514801e+06	7.939994e+02
3.340	5.543578e+06	5.542796e+06	7.819727e+02
3.350	5.571575e+06	5.570805e+06	7.701051e+02
3.360	5.599585e+06	5.598826e+06	7.583942e+02
3.370	5.627608e+06	5.626861e+06	7.468382e+02
3.380	5.655643e+06	5.654908e+06	7.354348e+02
3.390	5.683691e+06	5.682967e+06	7.241822e+02
3.400	5.711751e+06	5.711038e+06	7.130782e+02
3.410	5.739823e+06	5.739121e+06	7.021209e+02
3.420	5.767903e+06	5.767212e+06	6.913083e+02
3.430	5.795992e+06	5.795311e+06	6.806386e+02
3.440	5.824087e+06	5.823417e+06	6.701096e+02
3.450	5.852188e+06	5.851529e+06	6.597195e+02
3.460	5.880296e+06	5.879646e+06	6.494663e+02
3.470	5.908407e+06	5.907768e+06	6.393483e+02
3.480	5.936524e+06	5.935894e+06	6.293635e+02
3.490	5.964644e+06	5.964025e+06	6.195102e+02
3.500	5.992768e+06	5.992159e+06	6.097867e+02
3.510	6.020896e+06	6.020296e+06	6.001911e+02
3.520	6.049026e+06	6.048436e+06	5.907219e+02
3.530	6.077160e+06	6.076578e+06	5.813772e+02
3.540	6.105295e+06	6.104723e+06	5.721554e+02
3.550	6.133431e+06	6.132868e+06	5.630550e+02
3.560	6.161569e+06	6.161014e+06	5.540742e+02
3.570	6.189706e+06	6.189161e+06	5.452115e+02
3.580	6.217842e+06	6.217306e+06	5.364653e+02
3.590	6.245974e+06	6.245446e+06	5.278341e+02
3.600	6.274099e+06	6.273580e+06	5.193164e+02
3.610	6.302220e+06	6.301709e+06	5.109107e+02
3.620	6.330336e+06	6.329834e+06	5.026156e+02
3.630	6.358448e+06	6.357954e+06	4.944295e+02
3.640	6.386555e+06	6.386069e+06	4.863510e+02
3.650	6.414656e+06	6.414178e+06	4.783786e+02
3.660	6.442752e+06	6.442281e+06	4.705110e+02
3.670	6.470840e+06	6.470378e+06	4.627468e+02
3.680	6.498922e+06	6.498467e+06	4.550845e+02
3.690	6.526997e+06	6.526549e+06	4.475228e+02
3.700	6.555062e+06	6.554622e+06	4.400605e+02
3.710	6.583120e+06	6.582687e+06	4.326961e+02
3.720	6.611168e+06	6.610742e+06	4.254285e+02
3.730	6.639206e+06	6.638787e+06	4.182563e+02
3.740	6.667233e+06	6.666822e+06	4.111782e+02
3.750	6.695249e+06	6.694845e+06	4.041931e+02
3.760	6.723254e+06	6.722857e+06	3.972997e+02
3.770	6.751246e+06	6.750856e+06	3.904968e+02
3.780	6.779226e+06	6.778842e+06	3.837832e+02
3.790	6.807192e+06	6.806815e+06	3.771578e+02
3.800	6.835145e+06	6.834775e+06	3.706194e+02
3.810	6.863084e+06	6.862720e+06	3.641668e+02
3.820	6.891008e+06	6.890650e+06	3.577990e+02
3.830	6.918917e+06	6.918566e+06	3.515147e+02
3.840	6.946811e+06	6.946465e+06	3.453130e+02
3.850	6.974689e+06	6.974349e+06	3.391928e+02
3.860	7.002550e+06	7.002217e+06	3.331529e+02
3.870	7.030394e+06	7.030067e+06	3.271924e+02
3.880	7.058222e+06	7.057900e+06	3.213102e+02
3.890	7.086031e+06	7.085715e+06	3.155053e+02
3.900	7.113821e+06	7.113511e+06	3.097766e+02
3.910	7.141592e+06	7.141288e+06	3.041232e+02
3.920	7.169343e+06	7.169044e+06	2.985442e+02
3.930	7.197064e+06	7.196771e+06	2.930384e+02
3.940	7.224755e+06	7.224467e+06	2.876050e+02
3.950	7.252413e+06	7.252131e+06	2.822432e+02
3.960	7.280040e+06	7.279763e+06	2.769518e+02
3.970	7.307633e+06	7.307362e+06	2.717302e+02
3.980	7.335194e+06	7.334927e+06	2.665773e+02
3.990	7.362720e+06	7.362459e+06	2.614922e+02
4.000	7.390213e+06	7.389957e+06	2.564742e+02
4.010	7.417670e+06	7.417419e+06	2.515223e+02
4.020	7.445092e+06	7.444846e+06	2.466357e+02
4.030	7.472478e+06	7.472236e+06	2.418135e+02
4.040	7.499828e+06	7.499590e+06	2.370550e+02
4.050	7.527140e+06	7.526907e+06	2.323592e+02
4.060	7.554414e+06	7.554187e+06	2.277254e+02
4.070	7.581651e+06	7.581428e+06	2.231528e+02
4.080	7.608848e+06	7.608630e+06	2.186406e+02
4.090	7.636007e+06	7.635793e+06	2.141880e+02
4.100	7.663126e+06	7.662916e+06	2.097942e+02
4.110	7.690205e+06	7.689999e+06	2.054585e+02
4.120	7.717243e+06	7.717042e+06	2.011802e+02
4.130	7.744241e+06	7.744044e+06	1.969584e+02
4.140	7.771197e+06	7.771004e+06	1.927925e+02
4.150	7.798111e+06	7.797922e+06	1.886817e+02
4.160	7.824983e+06	7.824798e+06	1.846253e+02
4.170	7.851812e+06	7.851631e+06	1.806227e+02
4.180	7.878597e+06	7.878421e+06	1.766730e+02
4.190	7.905355e+06	7.905182e+06	1.727758e+02
4.200	7.932085e+06	7.931916e+06	1.689301e+02
4.210	7.958787e+06	7.958622e+06	1.651354e+02
4.220	7.985460e+06	7.985298e+06	1.613910e+02
4.230	8.012103e+06	8.011945e+06	1.576962e+02
4.240	8.038718e+06	8.038563e+06	1.540503e+02
4.250	8.065302e+06	8.065152e+06	1.504528e+02
4.260	8.091857e+06	8.091711e+06	1.469029e+02
4.270	8.118382e+06	8.118239e+06	1.434001e+02
4.280	8.144876e+06	8.144737e+06	1.399437e+02
4.290	8.171340e+06	8.171203e+06	1.365332e+02
4.300	8.197772e+06	8.197639e+06	1.331679e+02
4.310	8.224173e+06	8.224043e+06	1.298472e+02
4.320	8.250541e+06	8.250415e+06	1.265707e+02
4.330	8.276878e+06	8.276754e+06	1.233376e+02
4.340	8.303182e+06	8.303062e+06	1.201474e+02
4.350	8.329453e+06	8.329336e+06	1.169996e+02
4.360	8.355691e+06	8.355577e+06	1.138937e+02
4.370	8.381896e+06	8.381786e+06	1.108290e+02
4.380	8.408068e+06	8.407960e+06	1.078050e+02
4.390	8.434205e+06	8.434100e+06	1.048213e+02
4.400	8.460304e+06	8.460202e+06	1.018772e+02
4.410	8.486362e+06	8.486263e+06	9.897231e+01
4.420	8.512379e+06	8.512283e+06	9.610606e+01
4.430	8.538356e+06	8.538263e+06	9.327793e+01
4.440	8.564291e+06	8.564200e+06	9.048742e+01
4.450	8.590185e+06	8.590097e+06	8.773404e+01
4.460	8.616037e+06	8.615952e+06	8.501730e+01
4.470	8.641846e+06	8.641764e+06	8.233671e+01
4.480	8.667614e+06	8.667534e+06	7.969180e+01
4.490	8.693339e+06	8.693262e+06	7.708211e+01
4.500	8.719021e+06	8.718946e+06	7.450718e+01
4.510	8.744660e+06	8.744588e+06	7.196655e+01
4.520	8.770256e+06	8.770187e+06	6.945977e+01
4.530	8.795808e+06	8.795741e+06	6.698641e+01
4.540	8.821317e+06	8.821252e+06	6.454603e+01
4.550	8.846781e+06	8.846718e+06	6.213819e+01
4.560	8.872200e+06	8.872140e+06	5.976248e+01
4.570	8.897575e+06	8.897517e+06	5.741848e+01
4.580	8.922908e+06	8.922853e+06	5.510577e+01
4.590	8.948204e+06	8.948151e+06	5.282396e+01
4.600	8.973463e+06	8.973412e+06	5.057264e+01
4.610	8.998684e+06	8.998636e+06	4.835145e+01
4.620	9.023868e+06	9.023822e+06	4.615999e+01
4.630	9.049015e+06	9.048971e+06	4.399788e+01
4.640	9.074123e+06	9.074082e+06	4.186476e+01
4.650	9.099194e+06	9.099155e+06	3.976023e+01
4.660	9.124227e+06	9.124190e+06	3.768395e+01
4.670	9.149222e+06	9.149186e+06	3.563555e+01
4.680	9.174178e+06	9.174145e+06	3.361466e+01
4.690	9.199096e+06	9.199064e+06	3.162094e+01
4.700	9.223975e+06	9.223945e+06	2.965403e+01
4.710	9.248815e+06	9.248787e+06	2.771359e+01
4.720	9.273615e+06	9.273589e+06	2.579927e+01
4.730	9.298376e+06	9.298352e+06	2.391075e+01
4.740	9.323098e+06	9.323075e+06	2.204767e+01
4.750	9.347779e+06	9.347759e+06	2.020973e+01
4.760	9.372422e+06	9.372403e+06	1.839658e+01
4.770	9.397024e+06	9.397007e+06	1.660792e+01
4.780	9.421586e+06	9.421571e+06	1.484342e+01
4.790	9.446108e+06	9.446095e+06	1.310278e+01
4.800	9.470590e+06	9.470579e+06	1.138567e+01
4.810	9.495031e+06	9.495022e+06	9.691806e+00
4.820	9.519432e+06	9.519424e+06	8.020876e+00
4.830	9.543791e+06	9.543785e+06	6.372586e+00
4.840	9.568110e+06	9.568105e+06	4.746641e+00
4.850	9.592387e+06	9.592384e+06	3.142752e+00
4.860	9.616624e+06	9.616622e+06	1.560632e+00
4.870	9.640821e+06	9.640819e+06	1.539425e+00
4.880	9.664976e+06	9.664974e+06	1.518492e+00
4.890	9.689090e+06	9.689088e+06	1.497832e+00
4.900	9.713162e+06	9.713160e+06	1.477441e+00
4.910	9.737192e+06	9.737191e+06	1.457314e+00
4.920	9.761180e+06	9.761179e+06	1.437450e+00
4.930	9.785127e+06	9.785125e+06	1.417844e+00
4.940	9.809031e+06	9.809029e+06	1.398494e+00
4.950	9.832893e+06	9.832891e+06	1.379395e+00
4.960	9.856712e+06	9.856711e+06	1.360546e+00
4.970	9.880489e+06	9.880488e+06	1.341942e+00
4.980	9.904224e+06	9.904223e+06	1.323581e+00