%X Y s_xx s_yy s_zz s_xy s_xz s_yz e_xx e_yy e_zz e_xy e_xz e_yz
 +0.148320E+01 -0.100000E+03 +0.352306E+03 -0.123973E+02 +0.112170E+03 -0.692674E+01 +0.000000E+00 +0.000000E+00 +0.456259E-02 -0.236678E-02 +0.000000E+00 -0.263216E-03 +0.000000E+00 +0.000000E+00
 +0.148320E+01 -0.100010E+03 +0.334504E+03 -0.602143E+01 +0.108399E+03 -0.103493E+02 +0.000000E+00 +0.000000E+00 +0.429600E-02 -0.217400E-02 +0.000000E+00 -0.393274E-03 +0.000000E+00 +0.000000E+00
 +0.148320E+01 -0.100020E+03 +0.316682E+03 +0.262235E+00 +0.104592E+03 -0.137486E+02 +0.000000E+00 +0.000000E+00 +0.402972E-02 -0.198226E-02 +0.000000E+00 -0.522448E-03 +0.000000E+00 +0.000000E+00
 +0.148320E+01 -0.100030E+03 +0.297389E+03 -0.156076E+00 +0.980870E+02 -0.154574E+02 +0.000000E+00 +0.000000E+00 +0.378675E-02 -0.186662E-02 +0.000000E+00 -0.587382E-03 +0.000000E+00 +0.000000E+00
 +0.148320E+01 -0.100040E+03 +0.278237E+03 -0.583887E+00 +0.916254E+02 -0.171147E+02 +0.000000E+00 +0.000000E+00 +0.354561E-02 -0.175198E-02 +0.000000E+00 -0.650358E-03 +0.000000E+00 +0.000000E+00
 +0.148320E+01 -0.100050E+03 +0.264108E+03 -0.135215E+01 +0.867095E+02 -0.169248E+02 +0.000000E+00 +0.000000E+00 +0.337057E-02 -0.167317E-02 +0.000000E+00 -0.643141E-03 +0.000000E+00 +0.000000E+00
 +0.148320E+01 -0.100060E+03 +0.250095E+03 -0.212340E+01 +0.818306E+02 -0.167125E+02 +0.000000E+00 +0.000000E+00 +0.319702E-02 -0.159513E-02 +0.000000E+00 -0.635075E-03 +0.000000E+00 +0.000000E+00
 +0.148320E+01 -0.100070E+03 +0.238796E+03 -0.296490E+01 +0.778244E+02 -0.159743E+02 +0.000000E+00 +0.000000E+00 +0.305847E-02 -0.153500E-02 +0.000000E+00 -0.607024E-03 +0.000000E+00 +0.000000E+00
 +0.148320E+01 -0.100080E+03 +0.227601E+03 -0.380858E+01 +0.738515E+02 -0.152197E+02 +0.000000E+00 +0.000000E+00 +0.292124E-02 -0.147554E-02 +0.000000E+00 -0.578347E-03 +0.000000E+00 +0.000000E+00
 +0.148320E+01 -0.100090E+03 +0.218205E+03 -0.469007E+01 +0.704599E+02 -0.141783E+02 +0.000000E+00 +0.000000E+00 +0.280715E-02 -0.142785E-02 +0.000000E+00 -0.538777E-03 +0.000000E+00 +0.000000E+00
 +0.148320E+01 -0.100100E+03 +0.208904E+03 -0.557345E+01 +0.670990E+02 -0.131258E+02 +0.000000E+00 +0.000000E+00 +0.269429E-02 -0.138078E-02 +0.000000E+00 -0.498781E-03 +0.000000E+00 +0.000000E+00
 +0.148320E+01 -0.100110E+03 +0.200908E+03 -0.648264E+01 +0.641604E+02 -0.119191E+02 +0.000000E+00 +0.000000E+00 +0.259821E-02 -0.134222E-02 +0.000000E+00 -0.452926E-03 +0.000000E+00 +0.000000E+00
 +0.148320E+01 -0.100120E+03 +0.193001E+03 -0.739371E+01 +0.612505E+02 -0.107048E+02 +0.000000E+00 +0.000000E+00 +0.250327E-02 -0.130424E-02 +0.000000E+00 -0.406781E-03 +0.000000E+00 +0.000000E+00
 +0.148320E+01 -0.100130E+03 +0.186094E+03 -0.832606E+01 +0.586636E+02 -0.940436E+01 +0.000000E+00 +0.000000E+00 +0.242119E-02 -0.127280E-02 +0.000000E+00 -0.357365E-03 +0.000000E+00 +0.000000E+00
 +0.148320E+01 -0.100140E+03 +0.179271E+03 -0.926029E+01 +0.561036E+02 -0.809943E+01 +0.000000E+00 +0.000000E+00 +0.234018E-02 -0.124191E-02 +0.000000E+00 -0.307778E-03 +0.000000E+00 +0.000000E+00
 +0.148320E+01 -0.100150E+03 +0.173243E+03 -0.102124E+02 +0.538001E+02 -0.675141E+01 +0.000000E+00 +0.000000E+00 +0.226941E-02 -0.121624E-02 +0.000000E+00 -0.256554E-03 +0.000000E+00 +0.000000E+00
 +0.148320E+01 -0.100160E+03 +0.167294E+03 -0.111662E+02 +0.515221E+02 -0.540157E+01 +0.000000E+00 +0.000000E+00 +0.219966E-02 -0.119108E-02 +0.000000E+00 -0.205260E-03 +0.000000E+00 +0.000000E+00
 +0.148320E+01 -0.100170E+03 +0.161993E+03 -0.121346E+02 +0.494533E+02 -0.403678E+01 +0.000000E+00 +0.000000E+00 +0.213826E-02 -0.117017E-02 +0.000000E+00 -0.153398E-03 +0.000000E+00 +0.000000E+00
 +0.148320E+01 -0.100180E+03 +0.156768E+03 -0.131045E+02 +0.474088E+02 -0.267256E+01 +0.000000E+00 +0.000000E+00 +0.207782E-02 -0.114975E-02 +0.000000E+00 -0.101557E-03 +0.000000E+00 +0.000000E+00
 +0.148320E+01 -0.100190E+03 +0.152081E+03 -0.140855E+02 +0.455384E+02 -0.131255E+01 +0.000000E+00 +0.000000E+00 +0.202430E-02 -0.113286E-02 +0.000000E+00 -0.498771E-04 +0.000000E+00 +0.000000E+00
 +0.148320E+01 -0.100200E+03 +0.147465E+03 -0.150677E+02 +0.436912E+02 +0.447217E-01 +0.000000E+00 +0.000000E+00 +0.197171E-02 -0.111642E-02 +0.000000E+00 +0.169942E-05 +0.000000E+00 +0.000000E+00
 +0.148320E+01 -0.100210E+03 +0.143303E+03 -0.160575E+02 +0.419911E+02 +0.138459E+01 +0.000000E+00 +0.000000E+00 +0.192493E-02 -0.110292E-02 +0.000000E+00 +0.526143E-04 +0.000000E+00 +0.000000E+00
 +0.148320E+01 -0.100220E+03 +0.139209E+03 -0.170480E+02 +0.403132E+02 +0.271981E+01 +0.000000E+00 +0.000000E+00 +0.187903E-02 -0.108986E-02 +0.000000E+00 +0.103353E-03 +0.000000E+00 +0.000000E+00
 +0.148320E+01 -0.100230E+03 +0.135501E+03 -0.180427E+02 +0.387613E+02 +0.402858E+01 +0.000000E+00 +0.000000E+00 +0.183806E-02 -0.107928E-02 +0.000000E+00 +0.153086E-03 +0.000000E+00 +0.000000E+00
 +0.148320E+01 -0.100240E+03 +0.131858E+03 -0.190375E+02 +0.372306E+02 +0.533104E+01 +0.000000E+00 +0.000000E+00 +0.179791E-02 -0.106910E-02 +0.000000E+00 +0.202579E-03 +0.000000E+00 +0.000000E+00
 +0.148320E+01 -0.100250E+03 +0.128545E+03 -0.200333E+02 +0.358089E+02 +0.660100E+01 +0.000000E+00 +0.000000E+00 +0.176199E-02 -0.106100E-02 +0.000000E+00 +0.250838E-03 +0.000000E+00 +0.000000E+00
 +0.148320E+01 -0.100260E+03 +0.125293E+03 -0.210286E+02 +0.344074E+02 +0.786319E+01 +0.000000E+00 +0.000000E+00 +0.172684E-02 -0.105328E-02 +0.000000E+00 +0.298801E-03 +0.000000E+00 +0.000000E+00
 +0.148320E+01 -0.100270E+03 +0.122328E+03 -0.220218E+02 +0.331009E+02 +0.908907E+01 +0.000000E+00 +0.000000E+00 +0.169531E-02 -0.104733E-02 +0.000000E+00 +0.345385E-03 +0.000000E+00 +0.000000E+00
 +0.148320E+01 -0.100280E+03 +0.119420E+03 -0.230140E+02 +0.318139E+02 +0.103059E+02 +0.000000E+00 +0.000000E+00 +0.166451E-02 -0.104173E-02 +0.000000E+00 +0.391625E-03 +0.000000E+00 +0.000000E+00
 +0.148320E+01 -0.100290E+03 +0.116760E+03 -0.240015E+02 +0.306102E+02 +0.114843E+02 +0.000000E+00 +0.000000E+00 +0.163684E-02 -0.103762E-02 +0.000000E+00 +0.436403E-03 +0.000000E+00 +0.000000E+00
 +0.148320E+01 -0.100300E+03 +0.114155E+03 -0.249872E+02 +0.294252E+02 +0.126526E+02 +0.000000E+00 +0.000000E+00 +0.160986E-02 -0.103384E-02 +0.000000E+00 +0.480797E-03 +0.000000E+00 +0.000000E+00
 +0.148320E+01 -0.100310E+03 +0.111765E+03 -0.259661E+02 +0.283137E+02 +0.137814E+02 +0.000000E+00 +0.000000E+00 +0.158558E-02 -0.103132E-02 +0.000000E+00 +0.523693E-03 +0.000000E+00 +0.000000E+00
 +0.148320E+01 -0.100320E+03 +0.109428E+03 -0.269425E+02 +0.272203E+02 +0.148992E+02 +0.000000E+00 +0.000000E+00 +0.156195E-02 -0.102909E-02 +0.000000E+00 +0.566171E-03 +0.000000E+00 +0.000000E+00
 +0.148320E+01 -0.100330E+03 +0.107279E+03 -0.279101E+02 +0.261919E+02 +0.159776E+02 +0.000000E+00 +0.000000E+00 +0.154066E-02 -0.102794E-02 +0.000000E+00 +0.607148E-03 +0.000000E+00 +0.000000E+00
 +0.148320E+01 -0.100340E+03 +0.105180E+03 -0.288746E+02 +0.251809E+02 +0.170442E+02 +0.000000E+00 +0.000000E+00 +0.151999E-02 -0.102705E-02 +0.000000E+00 +0.647681E-03 +0.000000E+00 +0.000000E+00
 +0.148320E+01 -0.100350E+03 +0.103246E+03 -0.298288E+02 +0.242278E+02 +0.180720E+02 +0.000000E+00 +0.000000E+00 +0.150135E-02 -0.102707E-02 +0.000000E+00 +0.686735E-03 +0.000000E+00 +0.000000E+00
 +0.148320E+01 -0.100360E+03 +0.101359E+03 -0.307792E+02 +0.232914E+02 +0.190875E+02 +0.000000E+00 +0.000000E+00 +0.148329E-02 -0.102734E-02 +0.000000E+00 +0.725323E-03 +0.000000E+00 +0.000000E+00
 +0.148320E+01 -0.100370E+03 +0.996173E+02 -0.317181E+02 +0.224067E+02 +0.200651E+02 +0.000000E+00 +0.000000E+00 +0.146700E-02 -0.102837E-02 +0.000000E+00 +0.762472E-03 +0.000000E+00 +0.000000E+00
 +0.148320E+01 -0.100380E+03 +0.979198E+02 -0.326527E+02 +0.215382E+02 +0.210300E+02 +0.000000E+00 +0.000000E+00 +0.145125E-02 -0.102963E-02 +0.000000E+00 +0.799139E-03 +0.000000E+00 +0.000000E+00
 +0.148320E+01 -0.100390E+03 +0.963502E+02 -0.335748E+02 +0.207159E+02 +0.219584E+02 +0.000000E+00 +0.000000E+00 +0.143705E-02 -0.103152E-02 +0.000000E+00 +0.834418E-03 +0.000000E+00 +0.000000E+00
 +0.148320E+01 -0.100400E+03 +0.948227E+02 -0.344921E+02 +0.199091E+02 +0.228738E+02 +0.000000E+00 +0.000000E+00 +0.142336E-02 -0.103362E-02 +0.000000E+00 +0.869204E-03 +0.000000E+00 +0.000000E+00
 +0.148320E+01 -0.100410E+03 +0.934080E+02 -0.353962E+02 +0.191439E+02 +0.237543E+02 +0.000000E+00 +0.000000E+00 +0.141102E-02 -0.103626E-02 +0.000000E+00 +0.902662E-03 +0.000000E+00 +0.000000E+00
 +0.148320E+01 -0.100420E+03 +0.920332E+02 -0.362949E+02 +0.183936E+02 +0.246215E+02 +0.000000E+00 +0.000000E+00 +0.139915E-02 -0.103908E-02 +0.000000E+00 +0.935616E-03 +0.000000E+00 +0.000000E+00
 +0.148320E+01 -0.100430E+03 +0.907582E+02 -0.371800E+02 +0.176808E+02 +0.254555E+02 +0.000000E+00 +0.000000E+00 +0.138847E-02 -0.104236E-02 +0.000000E+00 +0.967309E-03 +0.000000E+00 +0.000000E+00
 +0.148320E+01 -0.100440E+03 +0.895210E+02 -0.380593E+02 +0.169823E+02 +0.262761E+02 +0.000000E+00 +0.000000E+00 +0.137823E-02 -0.104579E-02 +0.000000E+00 +0.998493E-03 +0.000000E+00 +0.000000E+00
 +0.148320E+01 -0.100450E+03 +0.883722E+02 -0.389248E+02 +0.163176E+02 +0.270653E+02 +0.000000E+00 +0.000000E+00 +0.136904E-02 -0.104961E-02 +0.000000E+00 +0.102848E-02 +0.000000E+00 +0.000000E+00
 +0.148320E+01 -0.100460E+03 +0.872591E+02 -0.397840E+02 +0.156668E+02 +0.278411E+02 +0.000000E+00 +0.000000E+00 +0.136025E-02 -0.105356E-02 +0.000000E+00 +0.105796E-02 +0.000000E+00 +0.000000E+00
 +0.148320E+01 -0.100470E+03 +0.862247E+02 -0.406292E+02 +0.150465E+02 +0.285871E+02 +0.000000E+00 +0.000000E+00 +0.135239E-02 -0.105784E-02 +0.000000E+00 +0.108631E-02 +0.000000E+00 +0.000000E+00
 +0.148320E+01 -0.100480E+03 +0.852239E+02 -0.414678E+02 +0.144395E+02 +0.293198E+02 +0.000000E+00 +0.000000E+00 +0.134490E-02 -0.106224E-02 +0.000000E+00 +0.111415E-02 +0.000000E+00 +0.000000E+00
 +0.148320E+01 -0.100490E+03 +0.842931E+02 -0.422926E+02 +0.138602E+02 +0.300245E+02 +0.000000E+00 +0.000000E+00 +0.133823E-02 -0.106690E-02 +0.000000E+00 +0.114093E-02 +0.000000E+00 +0.000000E+00
 +0.148320E+01 -0.100500E+03 +0.833942E+02 -0.431103E+02 +0.132937E+02 +0.307158E+02 +0.000000E+00 +0.000000E+00 +0.133191E-02 -0.107168E-02 +0.000000E+00 +0.116720E-02 +0.000000E+00 +0.000000E+00
 +0.148320E+01 -0.100510E+03 +0.825576E+02 -0.439143E+02 +0.127523E+02 +0.313809E+02 +0.000000E+00 +0.000000E+00 +0.132630E-02 -0.107667E-02 +0.000000E+00 +0.119248E-02 +0.000000E+00 +0.000000E+00
 +0.148320E+01 -0.100520E+03 +0.817513E+02 -0.447110E+02 +0.122233E+02 +0.320327E+02 +0.000000E+00 +0.000000E+00 +0.132103E-02 -0.108175E-02 +0.000000E+00 +0.121724E-02 +0.000000E+00 +0.000000E+00
 +0.148320E+01 -0.100530E+03 +0.810004E+02 -0.454942E+02 +0.117170E+02 +0.326601E+02 +0.000000E+00 +0.000000E+00 +0.131638E-02 -0.108701E-02 +0.000000E+00 +0.124108E-02 +0.000000E+00 +0.000000E+00
 +0.148320E+01 -0.100540E+03 +0.802782E+02 -0.462698E+02 +0.112228E+02 +0.332742E+02 +0.000000E+00 +0.000000E+00 +0.131205E-02 -0.109236E-02 +0.000000E+00 +0.126442E-02 +0.000000E+00 +0.000000E+00
 +0.148320E+01 -0.100550E+03 +0.796055E+02 -0.470323E+02 +0.107492E+02 +0.338654E+02 +0.000000E+00 +0.000000E+00 +0.130827E-02 -0.109785E-02 +0.000000E+00 +0.128688E-02 +0.000000E+00 +0.000000E+00
 +0.148320E+01 -0.100560E+03 +0.789600E+02 -0.477869E+02 +0.102871E+02 +0.344435E+02 +0.000000E+00 +0.000000E+00 +0.130478E-02 -0.110341E-02 +0.000000E+00 +0.130885E-02 +0.000000E+00 +0.000000E+00
 +0.148320E+01 -0.100570E+03 +0.783587E+02 -0.485288E+02 +0.984388E+01 +0.350002E+02 +0.000000E+00 +0.000000E+00 +0.130178E-02 -0.110908E-02 +0.000000E+00 +0.133001E-02 +0.000000E+00 +0.000000E+00
 +0.148320E+01 -0.100580E+03 +0.777832E+02 -0.492626E+02 +0.941179E+01 +0.355441E+02 +0.000000E+00 +0.000000E+00 +0.129906E-02 -0.111481E-02 +0.000000E+00 +0.135068E-02 +0.000000E+00 +0.000000E+00
 +0.148320E+01 -0.100590E+03 +0.772472E+02 -0.499840E+02 +0.899687E+01 +0.360680E+02 +0.000000E+00 +0.000000E+00 +0.129676E-02 -0.112064E-02 +0.000000E+00 +0.137058E-02 +0.000000E+00 +0.000000E+00
 +0.148320E+01 -0.100600E+03 +0.767356E+02 -0.506972E+02 +0.859269E+01 +0.365792E+02 +0.000000E+00 +0.000000E+00 +0.129472E-02 -0.112651E-02 +0.000000E+00 +0.139001E-02 +0.000000E+00 +0.000000E+00
 +0.148320E+01 -0.100610E+03 +0.762595E+02 -0.513984E+02 +0.820416E+01 +0.370719E+02 +0.000000E+00 +0.000000E+00 +0.129305E-02 -0.113245E-02 +0.000000E+00 +0.140873E-02 +0.000000E+00 +0.000000E+00
 +0.148320E+01 -0.100620E+03 +0.758065E+02 -0.520913E+02 +0.782601E+01 +0.375520E+02 +0.000000E+00 +0.000000E+00 +0.129163E-02 -0.113843E-02 +0.000000E+00 +0.142698E-02 +0.000000E+00 +0.000000E+00
 +0.148320E+01 -0.100630E+03 +0.753852E+02 -0.527727E+02 +0.746214E+01 +0.380149E+02 +0.000000E+00 +0.000000E+00 +0.129054E-02 -0.114446E-02 +0.000000E+00 +0.144456E-02 +0.000000E+00 +0.000000E+00
 +0.148320E+01 -0.100640E+03 +0.749859E+02 -0.534456E+02 +0.710829E+01 +0.384654E+02 +0.000000E+00 +0.000000E+00 +0.128967E-02 -0.115052E-02 +0.000000E+00 +0.146169E-02 +0.000000E+00 +0.000000E+00
 +0.148320E+01 -0.100650E+03 +0.746150E+02 -0.541075E+02 +0.676748E+01 +0.388999E+02 +0.000000E+00 +0.000000E+00 +0.128910E-02 -0.115662E-02 +0.000000E+00 +0.147820E-02 +0.000000E+00 +0.000000E+00
 +0.148320E+01 -0.100660E+03 +0.742648E+02 -0.547607E+02 +0.643636E+01 +0.393223E+02 +0.000000E+00 +0.000000E+00 +0.128874E-02 -0.116274E-02 +0.000000E+00 +0.149425E-02 +0.000000E+00 +0.000000E+00
 +0.148320E+01 -0.100670E+03 +0.739402E+02 -0.554034E+02 +0.611716E+01 +0.397297E+02 +0.000000E+00 +0.000000E+00 +0.128864E-02 -0.116889E-02 +0.000000E+00 +0.150973E-02 +0.000000E+00 +0.000000E+00
 +0.148320E+01 -0.100680E+03 +0.736353E+02 -0.560374E+02 +0.580730E+01 +0.401253E+02 +0.000000E+00 +0.000000E+00 +0.128873E-02 -0.117505E-02 +0.000000E+00 +0.152476E-02 +0.000000E+00 +0.000000E+00
 +0.148320E+01 -0.100690E+03 +0.733532E+02 -0.566613E+02 +0.550835E+01 +0.405071E+02 +0.000000E+00 +0.000000E+00 +0.128905E-02 -0.118122E-02 +0.000000E+00 +0.153927E-02 +0.000000E+00 +0.000000E+00
 +0.148320E+01 -0.100700E+03 +0.730898E+02 -0.572764E+02 +0.521843E+01 +0.408772E+02 +0.000000E+00 +0.000000E+00 +0.128956E-02 -0.118740E-02 +0.000000E+00 +0.155333E-02 +0.000000E+00 +0.000000E+00
 +0.148320E+01 -0.100710E+03 +0.728470E+02 -0.578819E+02 +0.493849E+01 +0.412344E+02 +0.000000E+00 +0.000000E+00 +0.129026E-02 -0.119359E-02 +0.000000E+00 +0.156691E-02 +0.000000E+00 +0.000000E+00
 +0.148320E+01 -0.100720E+03 +0.726218E+02 -0.584786E+02 +0.466727E+01 +0.415802E+02 +0.000000E+00 +0.000000E+00 +0.129114E-02 -0.119977E-02 +0.000000E+00 +0.158005E-02 +0.000000E+00 +0.000000E+00
 +0.148320E+01 -0.100730E+03 +0.724151E+02 -0.590661E+02 +0.440519E+01 +0.419141E+02 +0.000000E+00 +0.000000E+00 +0.129219E-02 -0.120595E-02 +0.000000E+00 +0.159273E-02 +0.000000E+00 +0.000000E+00
 +0.148320E+01 -0.100740E+03 +0.722252E+02 -0.596448E+02 +0.415154E+01 +0.422367E+02 +0.000000E+00 +0.000000E+00 +0.129340E-02 -0.121213E-02 +0.000000E+00 +0.160500E-02 +0.000000E+00 +0.000000E+00
 +0.148320E+01 -0.100750E+03 +0.720518E+02 -0.602147E+02 +0.390625E+01 +0.425484E+02 +0.000000E+00 +0.000000E+00 +0.129477E-02 -0.121830E-02 +0.000000E+00 +0.161684E-02 +0.000000E+00 +0.000000E+00
 +0.148320E+01 -0.100760E+03 +0.718943E+02 -0.607758E+02 +0.366911E+01 +0.428490E+02 +0.000000E+00 +0.000000E+00 +0.129628E-02 -0.122445E-02 +0.000000E+00 +0.162826E-02 +0.000000E+00 +0.000000E+00
 +0.148320E+01 -0.100770E+03 +0.717517E+02 -0.613285E+02 +0.343963E+01 +0.431395E+02 +0.000000E+00 +0.000000E+00 +0.129793E-02 -0.123060E-02 +0.000000E+00 +0.163930E-02 +0.000000E+00 +0.000000E+00
 +0.148320E+01 -0.100780E+03 +0.716241E+02 -0.618725E+02 +0.321803E+01 +0.434192E+02 +0.000000E+00 +0.000000E+00 +0.129971E-02 -0.123672E-02 +0.000000E+00 +0.164993E-02 +0.000000E+00 +0.000000E+00
 +0.148320E+01 -0.100790E+03 +0.715098E+02 -0.624085E+02 +0.300344E+01 +0.436894E+02 +0.000000E+00 +0.000000E+00 +0.130162E-02 -0.124283E-02 +0.000000E+00 +0.166020E-02 +0.000000E+00 +0.000000E+00
 +0.148320E+01 -0.100800E+03 +0.714098E+02 -0.629357E+02 +0.279647E+01 +0.439491E+02 +0.000000E+00 +0.000000E+00 +0.130365E-02 -0.124891E-02 +0.000000E+00 +0.167007E-02 +0.000000E+00 +0.000000E+00
 +0.148320E+01 -0.100810E+03 +0.713218E+02 -0.634554E+02 +0.259591E+01 +0.442000E+02 +0.000000E+00 +0.000000E+00 +0.130579E-02 -0.125497E-02 +0.000000E+00 +0.167960E-02 +0.000000E+00 +0.000000E+00
 +0.148320E+01 -0.100820E+03 +0.712472E+02 -0.639662E+02 +0.240274E+01 +0.444407E+02 +0.000000E+00 +0.000000E+00 +0.130804E-02 -0.126101E-02 +0.000000E+00 +0.168875E-02 +0.000000E+00 +0.000000E+00
 +0.148320E+01 -0.100830E+03 +0.711834E+02 -0.644700E+02 +0.221543E+01 +0.446733E+02 +0.000000E+00 +0.000000E+00 +0.131039E-02 -0.126702E-02 +0.000000E+00 +0.169758E-02 +0.000000E+00 +0.000000E+00
 +0.148320E+01 -0.100840E+03 +0.711324E+02 -0.649649E+02 +0.203526E+01 +0.448958E+02 +0.000000E+00 +0.000000E+00 +0.131284E-02 -0.127300E-02 +0.000000E+00 +0.170604E-02 +0.000000E+00 +0.000000E+00
 +0.148320E+01 -0.100850E+03 +0.710909E+02 -0.654531E+02 +0.186047E+01 +0.451108E+02 +0.000000E+00 +0.000000E+00 +0.131538E-02 -0.127896E-02 +0.000000E+00 +0.171421E-02 +0.000000E+00 +0.000000E+00
 +0.148320E+01 -0.100860E+03 +0.710616E+02 -0.659326E+02 +0.169258E+01 +0.453160E+02 +0.000000E+00 +0.000000E+00 +0.131801E-02 -0.128488E-02 +0.000000E+00 +0.172201E-02 +0.000000E+00 +0.000000E+00
 +0.148320E+01 -0.100870E+03 +0.710409E+02 -0.664057E+02 +0.152961E+01 +0.455143E+02 +0.000000E+00 +0.000000E+00 +0.132071E-02 -0.129077E-02 +0.000000E+00 +0.172954E-02 +0.000000E+00 +0.000000E+00
 +0.148320E+01 -0.100880E+03 +0.710316E+02 -0.668700E+02 +0.137331E+01 +0.457030E+02 +0.000000E+00 +0.000000E+00 +0.132351E-02 -0.129662E-02 +0.000000E+00 +0.173671E-02 +0.000000E+00 +0.000000E+00
 +0.148320E+01 -0.100890E+03 +0.710300E+02 -0.673284E+02 +0.122152E+01 +0.458853E+02 +0.000000E+00 +0.000000E+00 +0.132636E-02 -0.130245E-02 +0.000000E+00 +0.174364E-02 +0.000000E+00 +0.000000E+00
 +0.148320E+01 -0.100900E+03 +0.710392E+02 -0.677780E+02 +0.107619E+01 +0.460583E+02 +0.000000E+00 +0.000000E+00 +0.132930E-02 -0.130823E-02 +0.000000E+00 +0.175021E-02 +0.000000E+00 +0.000000E+00
 +0.148320E+01 -0.100910E+03 +0.710553E+02 -0.682221E+02 +0.934972E+00 +0.462253E+02 +0.000000E+00 +0.000000E+00 +0.133229E-02 -0.131398E-02 +0.000000E+00 +0.175656E-02 +0.000000E+00 +0.000000E+00
 +0.148320E+01 -0.100920E+03 +0.710816E+02 -0.686574E+02 +0.800008E+00 +0.463832E+02 +0.000000E+00 +0.000000E+00 +0.133535E-02 -0.131969E-02 +0.000000E+00 +0.176256E-02 +0.000000E+00 +0.000000E+00
 +0.148320E+01 -0.100930E+03 +0.711141E+02 -0.690874E+02 +0.668805E+00 +0.465357E+02 +0.000000E+00 +0.000000E+00 +0.133846E-02 -0.132537E-02 +0.000000E+00 +0.176836E-02 +0.000000E+00 +0.000000E+00
 +0.148320E+01 -0.100940E+03 +0.711562E+02 -0.695088E+02 +0.543652E+00 +0.466793E+02 +0.000000E+00 +0.000000E+00 +0.134164E-02 -0.133100E-02 +0.000000E+00 +0.177381E-02 +0.000000E+00 +0.000000E+00
 +0.148320E+01 -0.100950E+03 +0.712038E+02 -0.699252E+02 +0.421933E+00 +0.468179E+02 +0.000000E+00 +0.000000E+00 +0.134486E-02 -0.133660E-02 +0.000000E+00 +0.177908E-02 +0.000000E+00 +0.000000E+00
 +0.148320E+01 -0.100960E+03 +0.712605E+02 -0.703330E+02 +0.306071E+00 +0.469478E+02 +0.000000E+00 +0.000000E+00 +0.134813E-02 -0.134214E-02 +0.000000E+00 +0.178402E-02 +0.000000E+00 +0.000000E+00
 +0.148320E+01 -0.100970E+03 +0.713220E+02 -0.707361E+02 +0.193341E+00 +0.470731E+02 +0.000000E+00 +0.000000E+00 +0.135144E-02 -0.134766E-02 +0.000000E+00 +0.178878E-02 +0.000000E+00 +0.000000E+00
 +0.148320E+01 -0.100980E+03 +0.713922E+02 -0.711307E+02 +0.862806E-01 +0.471899E+02 +0.000000E+00 +0.000000E+00 +0.135481E-02 -0.135312E-02 +0.000000E+00 +0.179322E-02 +0.000000E+00 +0.000000E+00
 +0.148320E+01 -0.100990E+03 +0.714666E+02 -0.715209E+02 -0.179256E-01 +0.473025E+02 +0.000000E+00 +0.000000E+00 +0.135821E-02 -0.135856E-02 +0.000000E+00 +0.179749E-02 +0.000000E+00 +0.000000E+00
 +0.148320E+01 -0.101000E+03 +0.715491E+02 -0.719026E+02 -0.116644E+00 +0.474068E+02 +0.000000E+00 +0.000000E+00 +0.136165E-02 -0.136393E-02 +0.000000E+00 +0.180146E-02 +0.000000E+00 +0.000000E+00
 +0.148320E+01 -0.101010E+03 +0.716355E+02 -0.722803E+02 -0.212765E+00 +0.475072E+02 +0.000000E+00 +0.000000E+00 +0.136512E-02 -0.136928E-02 +0.000000E+00 +0.180528E-02 +0.000000E+00 +0.000000E+00
 +0.148320E+01 -0.101020E+03 +0.717295E+02 -0.726494E+02 -0.303573E+00 +0.475997E+02 +0.000000E+00 +0.000000E+00 +0.136863E-02 -0.137457E-02 +0.000000E+00 +0.180879E-02 +0.000000E+00 +0.000000E+00
 +0.148320E+01 -0.101030E+03 +0.718268E+02 -0.730148E+02 -0.392020E+00 +0.476885E+02 +0.000000E+00 +0.000000E+00 +0.137216E-02 -0.137983E-02 +0.000000E+00 +0.181216E-02 +0.000000E+00 +0.000000E+00
 +0.148320E+01 -0.101040E+03 +0.719314E+02 -0.733717E+02 -0.475324E+00 +0.477695E+02 +0.000000E+00 +0.000000E+00 +0.137573E-02 -0.138503E-02 +0.000000E+00 +0.181524E-02 +0.000000E+00 +0.000000E+00
 +0.148320E+01 -0.101050E+03 +0.720388E+02 -0.737252E+02 -0.556484E+00 +0.478473E+02 +0.000000E+00 +0.000000E+00 +0.137931E-02 -0.139020E-02 +0.000000E+00 +0.181820E-02 +0.000000E+00 +0.000000E+00
 +0.148320E+01 -0.101060E+03 +0.721531E+02 -0.740702E+02 -0.632666E+00 +0.479174E+02 +0.000000E+00 +0.000000E+00 +0.138293E-02 -0.139531E-02 +0.000000E+00 +0.182086E-02 +0.000000E+00 +0.000000E+00
 +0.148320E+01 -0.101070E+03 +0.722699E+02 -0.744120E+02 -0.706906E+00 +0.479846E+02 +0.000000E+00 +0.000000E+00 +0.138656E-02 -0.140040E-02 +0.000000E+00 +0.182341E-02 +0.000000E+00 +0.000000E+00
 +0.148320E+01 -0.101080E+03 +0.723930E+02 -0.747455E+02 -0.776326E+00 +0.480443E+02 +0.000000E+00 +0.000000E+00 +0.139022E-02 -0.140541E-02 +0.000000E+00 +0.182568E-02 +0.000000E+00 +0.000000E+00
 +0.148320E+01 -0.101090E+03 +0.725184E+02 -0.750760E+02 -0.843990E+00 +0.481014E+02 +0.000000E+00 +0.000000E+00 +0.139389E-02 -0.141041E-02 +0.000000E+00 +0.182785E-02 +0.000000E+00 +0.000000E+00
 +0.148320E+01 -0.101100E+03 +0.726497E+02 -0.753982E+02 -0.906988E+00 +0.481512E+02 +0.000000E+00 +0.000000E+00 +0.139758E-02 -0.141533E-02 +0.000000E+00 +0.182974E-02 +0.000000E+00 +0.000000E+00
 +0.148320E+01 -0.101110E+03 +0.727831E+02 -0.757176E+02 -0.968402E+00 +0.481985E+02 +0.000000E+00 +0.000000E+00 +0.140128E-02 -0.142024E-02 +0.000000E+00 +0.183154E-02 +0.000000E+00 +0.000000E+00
 +0.148320E+01 -0.101120E+03 +0.729219E+02 -0.760289E+02 -0.102530E+01 +0.482388E+02 +0.000000E+00 +0.000000E+00 +0.140500E-02 -0.142507E-02 +0.000000E+00 +0.183307E-02 +0.000000E+00 +0.000000E+00
 +0.148320E+01 -0.101130E+03 +0.730625E+02 -0.763375E+02 -0.108077E+01 +0.482769E+02 +0.000000E+00 +0.000000E+00 +0.140872E-02 -0.142988E-02 +0.000000E+00 +0.183452E-02 +0.000000E+00 +0.000000E+00
 +0.148320E+01 -0.101140E+03 +0.732082E+02 -0.766381E+02 -0.113187E+01 +0.483081E+02 +0.000000E+00 +0.000000E+00 +0.141246E-02 -0.143462E-02 +0.000000E+00 +0.183571E-02 +0.000000E+00 +0.000000E+00
 +0.148320E+01 -0.101150E+03 +0.733554E+02 -0.769363E+02 -0.118169E+01 +0.483374E+02 +0.000000E+00 +0.000000E+00 +0.141620E-02 -0.143934E-02 +0.000000E+00 +0.183682E-02 +0.000000E+00 +0.000000E+00
 +0.148320E+01 -0.101160E+03 +0.735074E+02 -0.772264E+02 -0.122728E+01 +0.483599E+02 +0.000000E+00 +0.000000E+00 +0.141996E-02 -0.144398E-02 +0.000000E+00 +0.183768E-02 +0.000000E+00 +0.000000E+00
 +0.148320E+01 -0.101170E+03 +0.736607E+02 -0.775144E+02 -0.127172E+01 +0.483807E+02 +0.000000E+00 +0.000000E+00 +0.142372E-02 -0.144861E-02 +0.000000E+00 +0.183847E-02 +0.000000E+00 +0.000000E+00
 +0.148320E+01 -0.101180E+03 +0.738184E+02 -0.777944E+02 -0.131206E+01 +0.483950E+02 +0.000000E+00 +0.000000E+00 +0.142748E-02 -0.145316E-02 +0.000000E+00 +0.183901E-02 +0.000000E+00 +0.000000E+00
 +0.148320E+01 -0.101190E+03 +0.739772E+02 -0.780724E+02 -0.135139E+01 +0.484076E+02 +0.000000E+00 +0.000000E+00 +0.143124E-02 -0.145770E-02 +0.000000E+00 +0.183949E-02 +0.000000E+00 +0.000000E+00
 +0.148320E+01 -0.101200E+03 +0.741402E+02 -0.783425E+02 -0.138675E+01 +0.484140E+02 +0.000000E+00 +0.000000E+00 +0.143501E-02 -0.146216E-02 +0.000000E+00 +0.183973E-02 +0.000000E+00 +0.000000E+00
 +0.148320E+01 -0.101210E+03 +0.743041E+02 -0.786108E+02 -0.142121E+01 +0.484189E+02 +0.000000E+00 +0.000000E+00 +0.143878E-02 -0.146660E-02 +0.000000E+00 +0.183992E-02 +0.000000E+00 +0.000000E+00
 +0.148320E+01 -0.101220E+03 +0.744718E+02 -0.788713E+02 -0.145183E+01 +0.484177E+02 +0.000000E+00 +0.000000E+00 +0.144255E-02 -0.147097E-02 +0.000000E+00 +0.183987E-02 +0.000000E+00 +0.000000E+00
 +0.148320E+01 -0.101230E+03 +0.746403E+02 -0.791301E+02 -0.148165E+01 +0.484152E+02 +0.000000E+00 +0.000000E+00 +0.144632E-02 -0.147532E-02 +0.000000E+00 +0.183978E-02 +0.000000E+00 +0.000000E+00
 +0.148320E+01 -0.101240E+03 +0.748123E+02 -0.793813E+02 -0.150776E+01 +0.484068E+02 +0.000000E+00 +0.000000E+00 +0.145008E-02 -0.147960E-02 +0.000000E+00 +0.183946E-02 +0.000000E+00 +0.000000E+00
 +0.148320E+01 -0.101250E+03 +0.749849E+02 -0.796309E+02 -0.153317E+01 +0.483973E+02 +0.000000E+00 +0.000000E+00 +0.145384E-02 -0.148386E-02 +0.000000E+00 +0.183910E-02 +0.000000E+00 +0.000000E+00
 +0.148320E+01 -0.101260E+03 +0.751608E+02 -0.798729E+02 -0.155499E+01 +0.483819E+02 +0.000000E+00 +0.000000E+00 +0.145760E-02 -0.148804E-02 +0.000000E+00 +0.183851E-02 +0.000000E+00 +0.000000E+00
 +0.148320E+01 -0.101270E+03 +0.753372E+02 -0.801135E+02 -0.157619E+01 +0.483656E+02 +0.000000E+00 +0.000000E+00 +0.146135E-02 -0.149221E-02 +0.000000E+00 +0.183789E-02 +0.000000E+00 +0.000000E+00
 +0.148320E+01 -0.101280E+03 +0.755165E+02 -0.803466E+02 -0.159392E+01 +0.483437E+02 +0.000000E+00 +0.000000E+00 +0.146510E-02 -0.149630E-02 +0.000000E+00 +0.183706E-02 +0.000000E+00 +0.000000E+00
 +0.148320E+01 -0.101290E+03 +0.756963E+02 -0.805785E+02 -0.161113E+01 +0.483210E+02 +0.000000E+00 +0.000000E+00 +0.146884E-02 -0.150038E-02 +0.000000E+00 +0.183620E-02 +0.000000E+00 +0.000000E+00
 +0.148320E+01 -0.101300E+03 +0.758788E+02 -0.808029E+02 -0.162497E+01 +0.482927E+02 +0.000000E+00 +0.000000E+00 +0.147257E-02 -0.150438E-02 +0.000000E+00 +0.183512E-02 +0.000000E+00 +0.000000E+00
 +0.148320E+01 -0.101310E+03 +0.760616E+02 -0.810263E+02 -0.163836E+01 +0.482638E+02 +0.000000E+00 +0.000000E+00 +0.147630E-02 -0.150837E-02 +0.000000E+00 +0.183402E-02 +0.000000E+00 +0.000000E+00
 +0.148320E+01 -0.101320E+03 +0.762468E+02 -0.812423E+02 -0.164850E+01 +0.482296E+02 +0.000000E+00 +0.000000E+00 +0.148001E-02 -0.151228E-02 +0.000000E+00 +0.183272E-02 +0.000000E+00 +0.000000E+00
 +0.148320E+01 -0.101330E+03 +0.764323E+02 -0.814573E+02 -0.165826E+01 +0.481947E+02 +0.000000E+00 +0.000000E+00 +0.148372E-02 -0.151618E-02 +0.000000E+00 +0.183140E-02 +0.000000E+00 +0.000000E+00
 +0.148320E+01 -0.101340E+03 +0.766200E+02 -0.816650E+02 -0.166487E+01 +0.481548E+02 +0.000000E+00 +0.000000E+00 +0.148741E-02 -0.152000E-02 +0.000000E+00 +0.182988E-02 +0.000000E+00 +0.000000E+00
 +0.148320E+01 -0.101350E+03 +0.768078E+02 -0.818720E+02 -0.167117E+01 +0.481143E+02 +0.000000E+00 +0.000000E+00 +0.149110E-02 -0.152382E-02 +0.000000E+00 +0.182834E-02 +0.000000E+00 +0.000000E+00
 +0.148320E+01 -0.101360E+03 +0.769976E+02 -0.820717E+02 -0.167443E+01 +0.480689E+02 +0.000000E+00 +0.000000E+00 +0.149477E-02 -0.152755E-02 +0.000000E+00 +0.182662E-02 +0.000000E+00 +0.000000E+00
 +0.148320E+01 -0.101370E+03 +0.771876E+02 -0.822707E+02 -0.167743E+01 +0.480230E+02 +0.000000E+00 +0.000000E+00 +0.149844E-02 -0.153127E-02 +0.000000E+00 +0.182487E-02 +0.000000E+00 +0.000000E+00
 +0.148320E+01 -0.101380E+03 +0.773792E+02 -0.824626E+02 -0.167749E+01 +0.479724E+02 +0.000000E+00 +0.000000E+00 +0.150208E-02 -0.153492E-02 +0.000000E+00 +0.182295E-02 +0.000000E+00 +0.000000E+00
 +0.148320E+01 -0.101390E+03 +0.775710E+02 -0.826539E+02 -0.167736E+01 +0.479214E+02 +0.000000E+00 +0.000000E+00 +0.150572E-02 -0.153855E-02 +0.000000E+00 +0.182101E-02 +0.000000E+00 +0.000000E+00
 +0.148320E+01 -0.101400E+03 +0.777643E+02 -0.828381E+02 -0.167437E+01 +0.478657E+02 +0.000000E+00 +0.000000E+00 +0.150933E-02 -0.154211E-02 +0.000000E+00 +0.181890E-02 +0.000000E+00 +0.000000E+00
 +0.148320E+01 -0.101410E+03 +0.779576E+02 -0.830220E+02 -0.167124E+01 +0.478098E+02 +0.000000E+00 +0.000000E+00 +0.151295E-02 -0.154566E-02 +0.000000E+00 +0.181677E-02 +0.000000E+00 +0.000000E+00
 +0.148320E+01 -0.101420E+03 +0.781522E+02 -0.831988E+02 -0.166537E+01 +0.477494E+02 +0.000000E+00 +0.000000E+00 +0.151653E-02 -0.154913E-02 +0.000000E+00 +0.181448E-02 +0.000000E+00 +0.000000E+00
 +0.148320E+01 -0.101430E+03 +0.783468E+02 -0.833753E+02 -0.165938E+01 +0.476889E+02 +0.000000E+00 +0.000000E+00 +0.152012E-02 -0.155260E-02 +0.000000E+00 +0.181218E-02 +0.000000E+00 +0.000000E+00
 +0.148320E+01 -0.101440E+03 +0.785425E+02 -0.835448E+02 -0.165075E+01 +0.476240E+02 +0.000000E+00 +0.000000E+00 +0.152367E-02 -0.155599E-02 +0.000000E+00 +0.180971E-02 +0.000000E+00 +0.000000E+00
 +0.148320E+01 -0.101450E+03 +0.787383E+02 -0.837142E+02 -0.164205E+01 +0.475589E+02 +0.000000E+00 +0.000000E+00 +0.152723E-02 -0.155937E-02 +0.000000E+00 +0.180724E-02 +0.000000E+00 +0.000000E+00
 +0.148320E+01 -0.101460E+03 +0.789349E+02 -0.838767E+02 -0.163078E+01 +0.474897E+02 +0.000000E+00 +0.000000E+00 +0.153075E-02 -0.156267E-02 +0.000000E+00 +0.180461E-02 +0.000000E+00 +0.000000E+00
 +0.148320E+01 -0.101470E+03 +0.791315E+02 -0.840390E+02 -0.161949E+01 +0.474204E+02 +0.000000E+00 +0.000000E+00 +0.153427E-02 -0.156597E-02 +0.000000E+00 +0.180198E-02 +0.000000E+00 +0.000000E+00
 +0.148320E+01 -0.101480E+03 +0.793288E+02 -0.841947E+02 -0.160573E+01 +0.473471E+02 +0.000000E+00 +0.000000E+00 +0.153776E-02 -0.156919E-02 +0.000000E+00 +0.179919E-02 +0.000000E+00 +0.000000E+00
 +0.148320E+01 -0.101490E+03 +0.795261E+02 -0.843502E+02 -0.159194E+01 +0.472737E+02 +0.000000E+00 +0.000000E+00 +0.154124E-02 -0.157241E-02 +0.000000E+00 +0.179640E-02 +0.000000E+00 +0.000000E+00
 +0.148320E+01 -0.101500E+03 +0.797239E+02 -0.844992E+02 -0.157584E+01 +0.471965E+02 +0.000000E+00 +0.000000E+00 +0.154470E-02 -0.157554E-02 +0.000000E+00 +0.179347E-02 +0.000000E+00 +0.000000E+00
 +0.148320E+01 -0.101510E+03 +0.799217E+02 -0.846480E+02 -0.155966E+01 +0.471192E+02 +0.000000E+00 +0.000000E+00 +0.154815E-02 -0.157868E-02 +0.000000E+00 +0.179053E-02 +0.000000E+00 +0.000000E+00
 +0.148320E+01 -0.101520E+03 +0.801198E+02 -0.847905E+02 -0.154132E+01 +0.470384E+02 +0.000000E+00 +0.000000E+00 +0.155156E-02 -0.158173E-02 +0.000000E+00 +0.178746E-02 +0.000000E+00 +0.000000E+00
 +0.148320E+01 -0.101530E+03 +0.803180E+02 -0.849328E+02 -0.152289E+01 +0.469574E+02 +0.000000E+00 +0.000000E+00 +0.155498E-02 -0.158479E-02 +0.000000E+00 +0.178438E-02 +0.000000E+00 +0.000000E+00
 +0.148320E+01 -0.101540E+03 +0.805163E+02 -0.850690E+02 -0.150242E+01 +0.468730E+02 +0.000000E+00 +0.000000E+00 +0.155836E-02 -0.158777E-02 +0.000000E+00 +0.178117E-02 +0.000000E+00 +0.000000E+00
 +0.148320E+01 -0.101550E+03 +0.807146E+02 -0.852049E+02 -0.148183E+01 +0.467885E+02 +0.000000E+00 +0.000000E+00 +0.156173E-02 -0.159074E-02 +0.000000E+00 +0.177796E-02 +0.000000E+00 +0.000000E+00
 +0.148320E+01 -0.101560E+03 +0.809129E+02 -0.853351E+02 -0.145933E+01 +0.467008E+02 +0.000000E+00 +0.000000E+00 +0.156507E-02 -0.159364E-02 +0.000000E+00 +0.177463E-02 +0.000000E+00 +0.000000E+00
 +0.148320E+01 -0.101570E+03 +0.811112E+02 -0.854648E+02 -0.143669E+01 +0.466129E+02 +0.000000E+00 +0.000000E+00 +0.156841E-02 -0.159653E-02 +0.000000E+00 +0.177129E-02 +0.000000E+00 +0.000000E+00
 +0.148320E+01 -0.101580E+03 +0.813093E+02 -0.855889E+02 -0.141225E+01 +0.465221E+02 +0.000000E+00 +0.000000E+00 +0.157171E-02 -0.159936E-02 +0.000000E+00 +0.176784E-02 +0.000000E+00 +0.000000E+00
 +0.148320E+01 -0.101590E+03 +0.815075E+02 -0.857125E+02 -0.138766E+01 +0.464310E+02 +0.000000E+00 +0.000000E+00 +0.157501E-02 -0.160217E-02 +0.000000E+00 +0.176438E-02 +0.000000E+00 +0.000000E+00
 +0.148320E+01 -0.101600E+03 +0.817054E+02 -0.858308E+02 -0.136139E+01 +0.463371E+02 +0.000000E+00 +0.000000E+00 +0.157827E-02 -0.160492E-02 +0.000000E+00 +0.176081E-02 +0.000000E+00 +0.000000E+00
 +0.148320E+01 -0.101610E+03 +0.819033E+02 -0.859486E+02 -0.133494E+01 +0.462430E+02 +0.000000E+00 +0.000000E+00 +0.158153E-02 -0.160766E-02 +0.000000E+00 +0.175723E-02 +0.000000E+00 +0.000000E+00
 +0.148320E+01 -0.101620E+03 +0.821008E+02 -0.860612E+02 -0.130692E+01 +0.461463E+02 +0.000000E+00 +0.000000E+00 +0.158475E-02 -0.161033E-02 +0.000000E+00 +0.175356E-02 +0.000000E+00 +0.000000E+00
 +0.148320E+01 -0.101630E+03 +0.822983E+02 -0.861732E+02 -0.127871E+01 +0.460493E+02 +0.000000E+00 +0.000000E+00 +0.158796E-02 -0.161299E-02 +0.000000E+00 +0.174988E-02 +0.000000E+00 +0.000000E+00
 +0.148320E+01 -0.101640E+03 +0.824953E+02 -0.862803E+02 -0.124902E+01 +0.459500E+02 +0.000000E+00 +0.000000E+00 +0.159114E-02 -0.161559E-02 +0.000000E+00 +0.174610E-02 +0.000000E+00 +0.000000E+00
 +0.148320E+01 -0.101650E+03 +0.826923E+02 -0.863866E+02 -0.121914E+01 +0.458503E+02 +0.000000E+00 +0.000000E+00 +0.159432E-02 -0.161818E-02 +0.000000E+00 +0.174231E-02 +0.000000E+00 +0.000000E+00
 +0.148320E+01 -0.101660E+03 +0.828887E+02 -0.864883E+02 -0.118786E+01 +0.457483E+02 +0.000000E+00 +0.000000E+00 +0.159746E-02 -0.162071E-02 +0.000000E+00 +0.173844E-02 +0.000000E+00 +0.000000E+00
 +0.148320E+01 -0.101670E+03 +0.830851E+02 -0.865892E+02 -0.115638E+01 +0.456460E+02 +0.000000E+00 +0.000000E+00 +0.160059E-02 -0.162322E-02 +0.000000E+00 +0.173455E-02 +0.000000E+00 +0.000000E+00
 +0.148320E+01 -0.101680E+03 +0.832808E+02 -0.866856E+02 -0.112360E+01 +0.455417E+02 +0.000000E+00 +0.000000E+00 +0.160368E-02 -0.162568E-02 +0.000000E+00 +0.173058E-02 +0.000000E+00 +0.000000E+00
 +0.148320E+01 -0.101690E+03 +0.834764E+02 -0.867812E+02 -0.109060E+01 +0.454369E+02 +0.000000E+00 +0.000000E+00 +0.160677E-02 -0.162812E-02 +0.000000E+00 +0.172660E-02 +0.000000E+00 +0.000000E+00
 +0.148320E+01 -0.101700E+03 +0.836713E+02 -0.868725E+02 -0.105639E+01 +0.453303E+02 +0.000000E+00 +0.000000E+00 +0.160983E-02 -0.163051E-02 +0.000000E+00 +0.172255E-02 +0.000000E+00 +0.000000E+00
 +0.148320E+01 -0.101710E+03 +0.838661E+02 -0.869629E+02 -0.102195E+01 +0.452233E+02 +0.000000E+00 +0.000000E+00 +0.161287E-02 -0.163288E-02 +0.000000E+00 +0.171848E-02 +0.000000E+00 +0.000000E+00
 +0.148320E+01 -0.101720E+03 +0.840601E+02 -0.870492E+02 -0.986381E+00 +0.451144E+02 +0.000000E+00 +0.000000E+00 +0.161588E-02 -0.163519E-02 +0.000000E+00 +0.171435E-02 +0.000000E+00 +0.000000E+00
 +0.148320E+01 -0.101730E+03 +0.842540E+02 -0.871345E+02 -0.950575E+00 +0.450052E+02 +0.000000E+00 +0.000000E+00 +0.161889E-02 -0.163750E-02 +0.000000E+00 +0.171020E-02 +0.000000E+00 +0.000000E+00
 +0.148320E+01 -0.101740E+03 +0.844471E+02 -0.872159E+02 -0.913710E+00 +0.448944E+02 +0.000000E+00 +0.000000E+00 +0.162186E-02 -0.163974E-02 +0.000000E+00 +0.170599E-02 +0.000000E+00 +0.000000E+00
 +0.148320E+01 -0.101750E+03 +0.846400E+02 -0.872964E+02 -0.876607E+00 +0.447831E+02 +0.000000E+00 +0.000000E+00 +0.162482E-02 -0.164198E-02 +0.000000E+00 +0.170176E-02 +0.000000E+00 +0.000000E+00
 +0.148320E+01 -0.101760E+03 +0.848320E+02 -0.873730E+02 -0.838515E+00 +0.446703E+02 +0.000000E+00 +0.000000E+00 +0.162774E-02 -0.164415E-02 +0.000000E+00 +0.169747E-02 +0.000000E+00 +0.000000E+00
 +0.148320E+01 -0.101770E+03 +0.850238E+02 -0.874486E+02 -0.800180E+00 +0.445572E+02 +0.000000E+00 +0.000000E+00 +0.163066E-02 -0.164632E-02 +0.000000E+00 +0.169317E-02 +0.000000E+00 +0.000000E+00
 +0.148320E+01 -0.101780E+03 +0.852148E+02 -0.875206E+02 -0.760922E+00 +0.444426E+02 +0.000000E+00 +0.000000E+00 +0.163354E-02 -0.164843E-02 +0.000000E+00 +0.168882E-02 +0.000000E+00 +0.000000E+00
 +0.148320E+01 -0.101790E+03 +0.854054E+02 -0.875916E+02 -0.721420E+00 +0.443276E+02 +0.000000E+00 +0.000000E+00 +0.163641E-02 -0.165053E-02 +0.000000E+00 +0.168445E-02 +0.000000E+00 +0.000000E+00
 +0.148320E+01 -0.101800E+03 +0.855952E+02 -0.876590E+02 -0.681058E+00 +0.442112E+02 +0.000000E+00 +0.000000E+00 +0.163925E-02 -0.165258E-02 +0.000000E+00 +0.168003E-02 +0.000000E+00 +0.000000E+00
 +0.148320E+01 -0.101810E+03 +0.857847E+02 -0.877254E+02 -0.640449E+00 +0.440946E+02 +0.000000E+00 +0.000000E+00 +0.164208E-02 -0.165461E-02 +0.000000E+00 +0.167559E-02 +0.000000E+00 +0.000000E+00
 +0.148320E+01 -0.101820E+03 +0.859732E+02 -0.877885E+02 -0.599039E+00 +0.439766E+02 +0.000000E+00 +0.000000E+00 +0.164487E-02 -0.165660E-02 +0.000000E+00 +0.167111E-02 +0.000000E+00 +0.000000E+00
 +0.148320E+01 -0.101830E+03 +0.861614E+02 -0.878505E+02 -0.557381E+00 +0.438583E+02 +0.000000E+00 +0.000000E+00 +0.164766E-02 -0.165857E-02 +0.000000E+00 +0.166662E-02 +0.000000E+00 +0.000000E+00
 +0.148320E+01 -0.101840E+03 +0.863487E+02 -0.879092E+02 -0.514978E+00 +0.437389E+02 +0.000000E+00 +0.000000E+00 +0.165041E-02 -0.166049E-02 +0.000000E+00 +0.166208E-02 +0.000000E+00 +0.000000E+00
 +0.148320E+01 -0.101850E+03 +0.865356E+02 -0.879669E+02 -0.472328E+00 +0.436191E+02 +0.000000E+00 +0.000000E+00 +0.165315E-02 -0.166240E-02 +0.000000E+00 +0.165753E-02 +0.000000E+00 +0.000000E+00
 +0.148320E+01 -0.101860E+03 +0.867215E+02 -0.880215E+02 -0.428985E+00 +0.434983E+02 +0.000000E+00 +0.000000E+00 +0.165586E-02 -0.166426E-02 +0.000000E+00 +0.165294E-02 +0.000000E+00 +0.000000E+00
 +0.148320E+01 -0.101870E+03 +0.869071E+02 -0.880749E+02 -0.385397E+00 +0.433771E+02 +0.000000E+00 +0.000000E+00 +0.165856E-02 -0.166610E-02 +0.000000E+00 +0.164833E-02 +0.000000E+00 +0.000000E+00
 +0.148320E+01 -0.101880E+03 +0.870916E+02 -0.881254E+02 -0.341164E+00 +0.432550E+02 +0.000000E+00 +0.000000E+00 +0.166122E-02 -0.166790E-02 +0.000000E+00 +0.164369E-02 +0.000000E+00 +0.000000E+00
 +0.148320E+01 -0.101890E+03 +0.872757E+02 -0.881748E+02 -0.296688E+00 +0.431325E+02 +0.000000E+00 +0.000000E+00 +0.166388E-02 -0.166968E-02 +0.000000E+00 +0.163904E-02 +0.000000E+00 +0.000000E+00
 +0.148320E+01 -0.101900E+03 +0.874588E+02 -0.882213E+02 -0.251614E+00 +0.430092E+02 +0.000000E+00 +0.000000E+00 +0.166650E-02 -0.167142E-02 +0.000000E+00 +0.163435E-02 +0.000000E+00 +0.000000E+00
 +0.148320E+01 -0.101910E+03 +0.876415E+02 -0.882667E+02 -0.206299E+00 +0.428855E+02 +0.000000E+00 +0.000000E+00 +0.166911E-02 -0.167315E-02 +0.000000E+00 +0.162965E-02 +0.000000E+00 +0.000000E+00
 +0.148320E+01 -0.101920E+03 +0.878232E+02 -0.883093E+02 -0.160430E+00 +0.427610E+02 +0.000000E+00 +0.000000E+00 +0.167169E-02 -0.167483E-02 +0.000000E+00 +0.162492E-02 +0.000000E+00 +0.000000E+00
 +0.148320E+01 -0.101930E+03 +0.880044E+02 -0.883508E+02 -0.114324E+00 +0.426361E+02 +0.000000E+00 +0.000000E+00 +0.167425E-02 -0.167649E-02 +0.000000E+00 +0.162017E-02 +0.000000E+00 +0.000000E+00
 +0.148320E+01 -0.101940E+03 +0.881845E+02 -0.883897E+02 -0.677054E-01 +0.425106E+02 +0.000000E+00 +0.000000E+00 +0.167679E-02 -0.167812E-02 +0.000000E+00 +0.161540E-02 +0.000000E+00 +0.000000E+00
 +0.148320E+01 -0.101950E+03 +0.883642E+02 -0.884274E+02 -0.208530E-01 +0.423847E+02 +0.000000E+00 +0.000000E+00 +0.167932E-02 -0.167972E-02 +0.000000E+00 +0.161062E-02 +0.000000E+00 +0.000000E+00
 +0.148320E+01 -0.101960E+03 +0.885428E+02 -0.884626E+02 +0.264733E-01 +0.422582E+02 +0.000000E+00 +0.000000E+00 +0.168181E-02 -0.168129E-02 +0.000000E+00 +0.160581E-02 +0.000000E+00 +0.000000E+00
 +0.148320E+01 -0.101970E+03 +0.887209E+02 -0.884966E+02 +0.740288E-01 +0.421314E+02 +0.000000E+00 +0.000000E+00 +0.168429E-02 -0.168284E-02 +0.000000E+00 +0.160099E-02 +0.000000E+00 +0.000000E+00
 +0.148320E+01 -0.101980E+03 +0.888980E+02 -0.885282E+02 +0.122022E+00 +0.420040E+02 +0.000000E+00 +0.000000E+00 +0.168674E-02 -0.168435E-02 +0.000000E+00 +0.159615E-02 +0.000000E+00 +0.000000E+00
 +0.148320E+01 -0.101990E+03 +0.890745E+02 -0.885586E+02 +0.170239E+00 +0.418763E+02 +0.000000E+00 +0.000000E+00 +0.168918E-02 -0.168585E-02 +0.000000E+00 +0.159130E-02 +0.000000E+00 +0.000000E+00
 +0.148320E+01 -0.102000E+03 +0.892500E+02 -0.885868E+02 +0.218859E+00 +0.417481E+02 +0.000000E+00 +0.000000E+00 +0.169159E-02 -0.168731E-02 +0.000000E+00 +0.158643E-02 +0.000000E+00 +0.000000E+00
 +0.148320E+01 -0.102010E+03 +0.894249E+02 -0.886137E+02 +0.267698E+00 +0.416195E+02 +0.000000E+00 +0.000000E+00 +0.169399E-02 -0.168875E-02 +0.000000E+00 +0.158154E-02 +0.000000E+00 +0.000000E+00
 +0.148320E+01 -0.102020E+03 +0.895988E+02 -0.886385E+02 +0.316908E+00 +0.414905E+02 +0.000000E+00 +0.000000E+00 +0.169636E-02 -0.169015E-02 +0.000000E+00 +0.157664E-02 +0.000000E+00 +0.000000E+00
 +0.148320E+01 -0.102030E+03 +0.897721E+02 -0.886620E+02 +0.366332E+00 +0.413613E+02 +0.000000E+00 +0.000000E+00 +0.169871E-02 -0.169154E-02 +0.000000E+00 +0.157173E-02 +0.000000E+00 +0.000000E+00
 +0.148320E+01 -0.102040E+03 +0.899444E+02 -0.886835E+02 +0.416096E+00 +0.412316E+02 +0.000000E+00 +0.000000E+00 +0.170104E-02 -0.169289E-02 +0.000000E+00 +0.156680E-02 +0.000000E+00 +0.000000E+00
 +0.148320E+01 -0.102050E+03 +0.901160E+02 -0.887037E+02 +0.466068E+00 +0.411016E+02 +0.000000E+00 +0.000000E+00 +0.170335E-02 -0.169422E-02 +0.000000E+00 +0.156186E-02 +0.000000E+00 +0.000000E+00
 +0.148320E+01 -0.102060E+03 +0.902866E+02 -0.887219E+02 +0.516352E+00 +0.409713E+02 +0.000000E+00 +0.000000E+00 +0.170563E-02 -0.169553E-02 +0.000000E+00 +0.155691E-02 +0.000000E+00 +0.000000E+00
 +0.148320E+01 -0.102070E+03 +0.904565E+02 -0.887388E+02 +0.566838E+00 +0.408407E+02 +0.000000E+00 +0.000000E+00 +0.170790E-02 -0.169681E-02 +0.000000E+00 +0.155195E-02 +0.000000E+00 +0.000000E+00
 +0.148320E+01 -0.102080E+03 +0.906255E+02 -0.887539E+02 +0.617612E+00 +0.407097E+02 +0.000000E+00 +0.000000E+00 +0.171015E-02 -0.169806E-02 +0.000000E+00 +0.154697E-02 +0.000000E+00 +0.000000E+00
 +0.148320E+01 -0.102090E+03 +0.907937E+02 -0.887677E+02 +0.668581E+00 +0.405786E+02 +0.000000E+00 +0.000000E+00 +0.171238E-02 -0.169929E-02 +0.000000E+00 +0.154199E-02 +0.000000E+00 +0.000000E+00
 +0.148320E+01 -0.102100E+03 +0.909610E+02 -0.887797E+02 +0.719814E+00 +0.404470E+02 +0.000000E+00 +0.000000E+00 +0.171458E-02 -0.170049E-02 +0.000000E+00 +0.153699E-02 +0.000000E+00 +0.000000E+00
 +0.148320E+01 -0.102110E+03 +0.911275E+02 -0.887904E+02 +0.771238E+00 +0.403152E+02 +0.000000E+00 +0.000000E+00 +0.171677E-02 -0.170167E-02 +0.000000E+00 +0.153198E-02 +0.000000E+00 +0.000000E+00
 +0.148320E+01 -0.102120E+03 +0.912931E+02 -0.887994E+02 +0.822905E+00 +0.401832E+02 +0.000000E+00 +0.000000E+00 +0.171893E-02 -0.170282E-02 +0.000000E+00 +0.152696E-02 +0.000000E+00 +0.000000E+00
 +0.148320E+01 -0.102130E+03 +0.914579E+02 -0.888071E+02 +0.874762E+00 +0.400508E+02 +0.000000E+00 +0.000000E+00 +0.172108E-02 -0.170396E-02 +0.000000E+00 +0.152193E-02 +0.000000E+00 +0.000000E+00
 +0.148320E+01 -0.102140E+03 +0.916217E+02 -0.888131E+02 +0.926846E+00 +0.399181E+02 +0.000000E+00 +0.000000E+00 +0.172320E-02 -0.170506E-02 +0.000000E+00 +0.151689E-02 +0.000000E+00 +0.000000E+00
 +0.148320E+01 -0.102150E+03 +0.917848E+02 -0.888178E+02 +0.979118E+00 +0.397851E+02 +0.000000E+00 +0.000000E+00 +0.172531E-02 -0.170614E-02 +0.000000E+00 +0.151183E-02 +0.000000E+00 +0.000000E+00
 +0.148320E+01 -0.102160E+03 +0.919470E+02 -0.888209E+02 +0.103161E+01 +0.396518E+02 +0.000000E+00 +0.000000E+00 +0.172739E-02 -0.170720E-02 +0.000000E+00 +0.150677E-02 +0.000000E+00 +0.000000E+00
 +0.148320E+01 -0.102170E+03 +0.921084E+02 -0.888227E+02 +0.108429E+01 +0.395181E+02 +0.000000E+00 +0.000000E+00 +0.172946E-02 -0.170823E-02 +0.000000E+00 +0.150169E-02 +0.000000E+00 +0.000000E+00
 +0.148320E+01 -0.102180E+03 +0.922691E+02 -0.888230E+02 +0.113719E+01 +0.393841E+02 +0.000000E+00 +0.000000E+00 +0.173151E-02 -0.170924E-02 +0.000000E+00 +0.149660E-02 +0.000000E+00 +0.000000E+00
 +0.148320E+01 -0.102190E+03 +0.924290E+02 -0.888222E+02 +0.119026E+01 +0.392500E+02 +0.000000E+00 +0.000000E+00 +0.173354E-02 -0.171024E-02 +0.000000E+00 +0.149150E-02 +0.000000E+00 +0.000000E+00
 +0.148320E+01 -0.102200E+03 +0.925882E+02 -0.888200E+02 +0.124349E+01 +0.391160E+02 +0.000000E+00 +0.000000E+00 +0.173555E-02 -0.171121E-02 +0.000000E+00 +0.148641E-02 +0.000000E+00 +0.000000E+00
 +0.148320E+01 -0.102210E+03 +0.927513E+02 -0.888212E+02 +0.129695E+01 +0.389593E+02 +0.000000E+00 +0.000000E+00 +0.173763E-02 -0.171224E-02 +0.000000E+00 +0.148045E-02 +0.000000E+00 +0.000000E+00
 +0.148320E+01 -0.102220E+03 +0.929183E+02 -0.888256E+02 +0.135061E+01 +0.387807E+02 +0.000000E+00 +0.000000E+00 +0.173979E-02 -0.171335E-02 +0.000000E+00 +0.147367E-02 +0.000000E+00 +0.000000E+00
 +0.148320E+01 -0.102230E+03 +0.930770E+02 -0.888157E+02 +0.140620E+01 +0.386503E+02 +0.000000E+00 +0.000000E+00 +0.174174E-02 -0.171422E-02 +0.000000E+00 +0.146871E-02 +0.000000E+00 +0.000000E+00
 +0.148320E+01 -0.102240E+03 +0.932273E+02 -0.887945E+02 +0.146281E+01 +0.385634E+02 +0.000000E+00 +0.000000E+00 +0.174352E-02 -0.171489E-02 +0.000000E+00 +0.146541E-02 +0.000000E+00 +0.000000E+00
 +0.148320E+01 -0.102250E+03 +0.933653E+02 -0.888090E+02 +0.150356E+01 +0.384447E+02 +0.000000E+00 +0.000000E+00 +0.174537E-02 -0.171594E-02 +0.000000E+00 +0.146090E-02 +0.000000E+00 +0.000000E+00
 +0.148320E+01 -0.102260E+03 +0.935142E+02 -0.888084E+02 +0.155290E+01 +0.383019E+02 +0.000000E+00 +0.000000E+00 +0.174726E-02 -0.171686E-02 +0.000000E+00 +0.145547E-02 +0.000000E+00 +0.000000E+00
 +0.148320E+01 -0.102270E+03 +0.936543E+02 -0.887891E+02 +0.160553E+01 +0.381706E+02 +0.000000E+00 +0.000000E+00 +0.174893E-02 -0.171750E-02 +0.000000E+00 +0.145048E-02 +0.000000E+00 +0.000000E+00
 +0.148320E+01 -0.102280E+03 +0.937928E+02 -0.887534E+02 +0.166300E+01 +0.380422E+02 +0.000000E+00 +0.000000E+00 +0.175047E-02 -0.171791E-02 +0.000000E+00 +0.144560E-02 +0.000000E+00 +0.000000E+00
 +0.148320E+01 -0.102290E+03 +0.939585E+02 -0.887230E+02 +0.172769E+01 +0.379079E+02 +0.000000E+00 +0.000000E+00 +0.175238E-02 -0.171856E-02 +0.000000E+00 +0.144050E-02 +0.000000E+00 +0.000000E+00
 +0.148320E+01 -0.102300E+03 +0.941295E+02 -0.887071E+02 +0.178938E+01 +0.377606E+02 +0.000000E+00 +0.000000E+00 +0.175446E-02 -0.171943E-02 +0.000000E+00 +0.143490E-02 +0.000000E+00 +0.000000E+00
 +0.148320E+01 -0.102310E+03 +0.942751E+02 -0.887106E+02 +0.183627E+01 +0.376221E+02 +0.000000E+00 +0.000000E+00 +0.175634E-02 -0.172039E-02 +0.000000E+00 +0.142964E-02 +0.000000E+00 +0.000000E+00
 +0.148320E+01 -0.102320E+03 +0.944018E+02 -0.887285E+02 +0.187219E+01 +0.374901E+02 +0.000000E+00 +0.000000E+00 +0.175806E-02 -0.172141E-02 +0.000000E+00 +0.142462E-02 +0.000000E+00 +0.000000E+00
 +0.148320E+01 -0.102330E+03 +0.945306E+02 -0.887390E+02 +0.191120E+01 +0.373515E+02 +0.000000E+00 +0.000000E+00 +0.175977E-02 -0.172235E-02 +0.000000E+00 +0.141936E-02 +0.000000E+00 +0.000000E+00
 +0.148320E+01 -0.102340E+03 +0.946703E+02 -0.887335E+02 +0.195913E+01 +0.372128E+02 +0.000000E+00 +0.000000E+00 +0.176151E-02 -0.172316E-02 +0.000000E+00 +0.141409E-02 +0.000000E+00 +0.000000E+00
 +0.148320E+01 -0.102350E+03 +0.948192E+02 -0.887178E+02 +0.201348E+01 +0.370790E+02 +0.000000E+00 +0.000000E+00 +0.176331E-02 -0.172389E-02 +0.000000E+00 +0.140900E-02 +0.000000E+00 +0.000000E+00
 +0.148320E+01 -0.102360E+03 +0.949682E+02 -0.887021E+02 +0.206784E+01 +0.369452E+02 +0.000000E+00 +0.000000E+00 +0.176511E-02 -0.172463E-02 +0.000000E+00 +0.140392E-02 +0.000000E+00 +0.000000E+00
 +0.148320E+01 -0.102370E+03 +0.951190E+02 -0.886759E+02 +0.212620E+01 +0.368122E+02 +0.000000E+00 +0.000000E+00 +0.176686E-02 -0.172524E-02 +0.000000E+00 +0.139886E-02 +0.000000E+00 +0.000000E+00
 +0.148320E+01 -0.102380E+03 +0.952550E+02 -0.886421E+02 +0.218225E+01 +0.366854E+02 +0.000000E+00 +0.000000E+00 +0.176838E-02 -0.172566E-02 +0.000000E+00 +0.139405E-02 +0.000000E+00 +0.000000E+00
 +0.148320E+01 -0.102390E+03 +0.953857E+02 -0.886123E+02 +0.223523E+01 +0.365598E+02 +0.000000E+00 +0.000000E+00 +0.176986E-02 -0.172610E-02 +0.000000E+00 +0.138927E-02 +0.000000E+00 +0.000000E+00
 +0.148320E+01 -0.102400E+03 +0.955233E+02 -0.885768E+02 +0.229233E+01 +0.364334E+02 +0.000000E+00 +0.000000E+00 +0.177139E-02 -0.172651E-02 +0.000000E+00 +0.138447E-02 +0.000000E+00 +0.000000E+00
 +0.148320E+01 -0.102410E+03 +0.956672E+02 -0.885467E+02 +0.234977E+01 +0.363025E+02 +0.000000E+00 +0.000000E+00 +0.177303E-02 -0.172703E-02 +0.000000E+00 +0.137949E-02 +0.000000E+00 +0.000000E+00
 +0.148320E+01 -0.102420E+03 +0.958218E+02 -0.884992E+02 +0.241646E+01 +0.361535E+02 +0.000000E+00 +0.000000E+00 +0.177470E-02 -0.172740E-02 +0.000000E+00 +0.137383E-02 +0.000000E+00 +0.000000E+00
 +0.148320E+01 -0.102430E+03 +0.959763E+02 -0.884516E+02 +0.248316E+01 +0.360046E+02 +0.000000E+00 +0.000000E+00 +0.177637E-02 -0.172776E-02 +0.000000E+00 +0.136818E-02 +0.000000E+00 +0.000000E+00
 +0.148320E+01 -0.102440E+03 +0.961309E+02 -0.884041E+02 +0.254985E+01 +0.358557E+02 +0.000000E+00 +0.000000E+00 +0.177804E-02 -0.172812E-02 +0.000000E+00 +0.136252E-02 +0.000000E+00 +0.000000E+00
 +0.148320E+01 -0.102450E+03 +0.962631E+02 -0.883736E+02 +0.260353E+01 +0.357267E+02 +0.000000E+00 +0.000000E+00 +0.177953E-02 -0.172856E-02 +0.000000E+00 +0.135762E-02 +0.000000E+00 +0.000000E+00
 +0.148320E+01 -0.102460E+03 +0.964045E+02 -0.883278E+02 +0.266531E+01 +0.356019E+02 +0.000000E+00 +0.000000E+00 +0.178105E-02 -0.172887E-02 +0.000000E+00 +0.135287E-02 +0.000000E+00 +0.000000E+00
 +0.148320E+01 -0.102470E+03 +0.965515E+02 -0.882748E+02 +0.273130E+01 +0.354770E+02 +0.000000E+00 +0.000000E+00 +0.178258E-02 -0.172912E-02 +0.000000E+00 +0.134813E-02 +0.000000E+00 +0.000000E+00
 +0.148320E+01 -0.102480E+03 +0.966984E+02 -0.882217E+02 +0.279730E+01 +0.353522E+02 +0.000000E+00 +0.000000E+00 +0.178412E-02 -0.172936E-02 +0.000000E+00 +0.134338E-02 +0.000000E+00 +0.000000E+00
 +0.148320E+01 -0.102490E+03 +0.968496E+02 -0.881745E+02 +0.286278E+01 +0.352266E+02 +0.000000E+00 +0.000000E+00 +0.178575E-02 -0.172971E-02 +0.000000E+00 +0.133861E-02 +0.000000E+00 +0.000000E+00
 +0.148320E+01 -0.102500E+03 +0.970047E+02 -0.881325E+02 +0.292782E+01 +0.351003E+02 +0.000000E+00 +0.000000E+00 +0.178746E-02 -0.173015E-02 +0.000000E+00 +0.133381E-02 +0.000000E+00 +0.000000E+00
 +0.148320E+01 -0.102510E+03 +0.971598E+02 -0.880905E+02 +0.299286E+01 +0.349741E+02 +0.000000E+00 +0.000000E+00 +0.178917E-02 -0.173058E-02 +0.000000E+00 +0.132901E-02 +0.000000E+00 +0.000000E+00
 +0.148320E+01 -0.102520E+03 +0.973018E+02 -0.880557E+02 +0.305122E+01 +0.348404E+02 +0.000000E+00 +0.000000E+00 +0.179076E-02 -0.173103E-02 +0.000000E+00 +0.132393E-02 +0.000000E+00 +0.000000E+00
 +0.148320E+01 -0.102530E+03 +0.974329E+02 -0.880269E+02 +0.310398E+01 +0.347004E+02 +0.000000E+00 +0.000000E+00 +0.179225E-02 -0.173149E-02 +0.000000E+00 +0.131862E-02 +0.000000E+00 +0.000000E+00
 +0.148320E+01 -0.102540E+03 +0.975746E+02 -0.879912E+02 +0.316251E+01 +0.345682E+02 +0.000000E+00 +0.000000E+00 +0.179383E-02 -0.173192E-02 +0.000000E+00 +0.131359E-02 +0.000000E+00 +0.000000E+00
 +0.148320E+01 -0.102550E+03 +0.977184E+02 -0.879540E+02 +0.322227E+01 +0.344376E+02 +0.000000E+00 +0.000000E+00 +0.179543E-02 -0.173235E-02 +0.000000E+00 +0.130863E-02 +0.000000E+00 +0.000000E+00
 +0.148320E+01 -0.102560E+03 +0.978623E+02 -0.879167E+02 +0.328204E+01 +0.343070E+02 +0.000000E+00 +0.000000E+00 +0.179703E-02 -0.173278E-02 +0.000000E+00 +0.130367E-02 +0.000000E+00 +0.000000E+00
 +0.148320E+01 -0.102570E+03 +0.979768E+02 -0.879111E+02 +0.332168E+01 +0.341763E+02 +0.000000E+00 +0.000000E+00 +0.179845E-02 -0.173342E-02 +0.000000E+00 +0.129870E-02 +0.000000E+00 +0.000000E+00
 +0.148320E+01 -0.102580E+03 +0.981010E+02 -0.878697E+02 +0.337633E+01 +0.340464E+02 +0.000000E+00 +0.000000E+00 +0.179977E-02 -0.173368E-02 +0.000000E+00 +0.129376E-02 +0.000000E+00 +0.000000E+00
 +0.148320E+01 -0.102590E+03 +0.982301E+02 -0.878132E+02 +0.343756E+01 +0.339168E+02 +0.000000E+00 +0.000000E+00 +0.180106E-02 -0.173376E-02 +0.000000E+00 +0.128884E-02 +0.000000E+00 +0.000000E+00
 +0.148320E+01 -0.102600E+03 +0.983579E+02 -0.877574E+02 +0.349814E+01 +0.337868E+02 +0.000000E+00 +0.000000E+00 +0.180233E-02 -0.173386E-02 +0.000000E+00 +0.128390E-02 +0.000000E+00 +0.000000E+00
 +0.148320E+01 -0.102610E+03 +0.984760E+02 -0.877075E+02 +0.355360E+01 +0.336540E+02 +0.000000E+00 +0.000000E+00 +0.180352E-02 -0.173396E-02 +0.000000E+00 +0.127885E-02 +0.000000E+00 +0.000000E+00
 +0.148320E+01 -0.102620E+03 +0.985940E+02 -0.876575E+02 +0.360905E+01 +0.335211E+02 +0.000000E+00 +0.000000E+00 +0.180471E-02 -0.173406E-02 +0.000000E+00 +0.127380E-02 +0.000000E+00 +0.000000E+00
 +0.148320E+01 -0.102630E+03 +0.987136E+02 -0.875993E+02 +0.366770E+01 +0.333979E+02 +0.000000E+00 +0.000000E+00 +0.180587E-02 -0.173407E-02 +0.000000E+00 +0.126912E-02 +0.000000E+00 +0.000000E+00
 +0.148320E+01 -0.102640E+03 +0.988259E+02 -0.875544E+02 +0.371962E+01 +0.332885E+02 +0.000000E+00 +0.000000E+00 +0.180702E-02 -0.173421E-02 +0.000000E+00 +0.126496E-02 +0.000000E+00 +0.000000E+00
 +0.148320E+01 -0.102650E+03 +0.989217E+02 -0.875281E+02 +0.375986E+01 +0.331694E+02 +0.000000E+00 +0.000000E+00 +0.180807E-02 -0.173447E-02 +0.000000E+00 +0.126044E-02 +0.000000E+00 +0.000000E+00
 +0.148320E+01 -0.102660E+03 +0.990174E+02 -0.875019E+02 +0.380011E+01 +0.330504E+02 +0.000000E+00 +0.000000E+00 +0.180913E-02 -0.173474E-02 +0.000000E+00 +0.125592E-02 +0.000000E+00 +0.000000E+00
 +0.148320E+01 -0.102670E+03 +0.991131E+02 -0.874757E+02 +0.384036E+01 +0.329314E+02 +0.000000E+00 +0.000000E+00 +0.181018E-02 -0.173500E-02 +0.000000E+00 +0.125139E-02 +0.000000E+00 +0.000000E+00
 +0.148320E+01 -0.102680E+03 +0.992089E+02 -0.874494E+02 +0.388061E+01 +0.328123E+02 +0.000000E+00 +0.000000E+00 +0.181124E-02 -0.173527E-02 +0.000000E+00 +0.124687E-02 +0.000000E+00 +0.000000E+00
 +0.148320E+01 -0.102690E+03 +0.993176E+02 -0.874085E+02 +0.392999E+01 +0.326950E+02 +0.000000E+00 +0.000000E+00 +0.181236E-02 -0.173543E-02 +0.000000E+00 +0.124241E-02 +0.000000E+00 +0.000000E+00
 +0.148320E+01 -0.102700E+03 +0.994391E+02 -0.873532E+02 +0.398834E+01 +0.325794E+02 +0.000000E+00 +0.000000E+00 +0.181357E-02 -0.173549E-02 +0.000000E+00 +0.123802E-02 +0.000000E+00 +0.000000E+00
 +0.148320E+01 -0.102710E+03 +0.995607E+02 -0.872979E+02 +0.404670E+01 +0.324638E+02 +0.000000E+00 +0.000000E+00 +0.181477E-02 -0.173555E-02 +0.000000E+00 +0.123362E-02 +0.000000E+00 +0.000000E+00
 +0.148320E+01 -0.102720E+03 +0.996818E+02 -0.872430E+02 +0.410479E+01 +0.323478E+02 +0.000000E+00 +0.000000E+00 +0.181596E-02 -0.173561E-02 +0.000000E+00 +0.122922E-02 +0.000000E+00 +0.000000E+00
 +0.148320E+01 -0.102730E+03 +0.997822E+02 -0.872054E+02 +0.415036E+01 +0.322162E+02 +0.000000E+00 +0.000000E+00 +0.181701E-02 -0.173576E-02 +0.000000E+00 +0.122421E-02 +0.000000E+00 +0.000000E+00
 +0.148320E+01 -0.102740E+03 +0.998827E+02 -0.871678E+02 +0.419592E+01 +0.320845E+02 +0.000000E+00 +0.000000E+00 +0.181805E-02 -0.173591E-02 +0.000000E+00 +0.121921E-02 +0.000000E+00 +0.000000E+00
 +0.148320E+01 -0.102750E+03 +0.999871E+02 -0.871200E+02 +0.424614E+01 +0.319520E+02 +0.000000E+00 +0.000000E+00 +0.181908E-02 -0.173596E-02 +0.000000E+00 +0.121418E-02 +0.000000E+00 +0.000000E+00
 +0.148320E+01 -0.102760E+03 +0.100098E+03 -0.870551E+02 +0.430421E+01 +0.318180E+02 +0.000000E+00 +0.000000E+00 +0.182008E-02 -0.173583E-02 +0.000000E+00 +0.120908E-02 +0.000000E+00 +0.000000E+00
 +0.148320E+01 -0.102770E+03 +0.100209E+03 -0.869902E+02 +0.436228E+01 +0.316840E+02 +0.000000E+00 +0.000000E+00 +0.182109E-02 -0.173570E-02 +0.000000E+00 +0.120399E-02 +0.000000E+00 +0.000000E+00
 +0.148320E+01 -0.102780E+03 +0.100319E+03 -0.869377E+02 +0.441596E+01 +0.315404E+02 +0.000000E+00 +0.000000E+00 +0.182217E-02 -0.173572E-02 +0.000000E+00 +0.119853E-02 +0.000000E+00 +0.000000E+00
 +0.148320E+01 -0.102790E+03 +0.100429E+03 -0.868902E+02 +0.446795E+01 +0.313930E+02 +0.000000E+00 +0.000000E+00 +0.182327E-02 -0.173580E-02 +0.000000E+00 +0.119293E-02 +0.000000E+00 +0.000000E+00
 +0.148320E+01 -0.102800E+03 +0.100539E+03 -0.868426E+02 +0.451993E+01 +0.312456E+02 +0.000000E+00 +0.000000E+00 +0.182437E-02 -0.173589E-02 +0.000000E+00 +0.118733E-02 +0.000000E+00 +0.000000E+00
 +0.148320E+01 -0.102810E+03 +0.100649E+03 -0.867951E+02 +0.457191E+01 +0.310983E+02 +0.000000E+00 +0.000000E+00 +0.182547E-02 -0.173597E-02 +0.000000E+00 +0.118173E-02 +0.000000E+00 +0.000000E+00
 +0.148320E+01 -0.102820E+03 +0.100759E+03 -0.867475E+02 +0.462389E+01 +0.309509E+02 +0.000000E+00 +0.000000E+00 +0.182657E-02 -0.173606E-02 +0.000000E+00 +0.117613E-02 +0.000000E+00 +0.000000E+00
 +0.148320E+01 -0.102830E+03 +0.100864E+03 -0.866967E+02 +0.467529E+01 +0.308136E+02 +0.000000E+00 +0.000000E+00 +0.182759E-02 -0.173607E-02 +0.000000E+00 +0.117092E-02 +0.000000E+00 +0.000000E+00
 +0.148320E+01 -0.102840E+03 +0.100961E+03 -0.866407E+02 +0.472573E+01 +0.306929E+02 +0.000000E+00 +0.000000E+00 +0.182847E-02 -0.173596E-02 +0.000000E+00 +0.116633E-02 +0.000000E+00 +0.000000E+00
 +0.148320E+01 -0.102850E+03 +0.101058E+03 -0.865847E+02 +0.477616E+01 +0.305721E+02 +0.000000E+00 +0.000000E+00 +0.182935E-02 -0.173586E-02 +0.000000E+00 +0.116174E-02 +0.000000E+00 +0.000000E+00
 +0.148320E+01 -0.102860E+03 +0.101155E+03 -0.865286E+02 +0.482659E+01 +0.304514E+02 +0.000000E+00 +0.000000E+00 +0.183023E-02 -0.173575E-02 +0.000000E+00 +0.115715E-02 +0.000000E+00 +0.000000E+00
 +0.148320E+01 -0.102870E+03 +0.101251E+03 -0.864726E+02 +0.487703E+01 +0.303307E+02 +0.000000E+00 +0.000000E+00 +0.183111E-02 -0.173564E-02 +0.000000E+00 +0.115257E-02 +0.000000E+00 +0.000000E+00
 +0.148320E+01 -0.102880E+03 +0.101348E+03 -0.864165E+02 +0.492746E+01 +0.302099E+02 +0.000000E+00 +0.000000E+00 +0.183199E-02 -0.173554E-02 +0.000000E+00 +0.114798E-02 +0.000000E+00 +0.000000E+00
 +0.148320E+01 -0.102890E+03 +0.101446E+03 -0.863578E+02 +0.497913E+01 +0.300878E+02 +0.000000E+00 +0.000000E+00 +0.183287E-02 -0.173540E-02 +0.000000E+00 +0.114333E-02 +0.000000E+00 +0.000000E+00
 +0.148320E+01 -0.102900E+03 +0.101550E+03 -0.862854E+02 +0.503718E+01 +0.299581E+02 +0.000000E+00 +0.000000E+00 +0.183374E-02 -0.173513E-02 +0.000000E+00 +0.113841E-02 +0.000000E+00 +0.000000E+00
 +0.148320E+01 -0.102910E+03 +0.101653E+03 -0.862130E+02 +0.509524E+01 +0.298284E+02 +0.000000E+00 +0.000000E+00 +0.183460E-02 -0.173486E-02 +0.000000E+00 +0.113348E-02 +0.000000E+00 +0.000000E+00
 +0.148320E+01 -0.102920E+03 +0.101734E+03 -0.861557E+02 +0.514072E+01 +0.297015E+02 +0.000000E+00 +0.000000E+00 +0.183527E-02 -0.173463E-02 +0.000000E+00 +0.112866E-02 +0.000000E+00 +0.000000E+00
 +0.148320E+01 -0.102930E+03 +0.101809E+03 -0.861021E+02 +0.518320E+01 +0.295754E+02 +0.000000E+00 +0.000000E+00 +0.183589E-02 -0.173442E-02 +0.000000E+00 +0.112386E-02 +0.000000E+00 +0.000000E+00
 +0.148320E+01 -0.102940E+03 +0.101899E+03 -0.860438E+02 +0.523227E+01 +0.294506E+02 +0.000000E+00 +0.000000E+00 +0.183667E-02 -0.173424E-02 +0.000000E+00 +0.111912E-02 +0.000000E+00 +0.000000E+00
 +0.148320E+01 -0.102950E+03 +0.102000E+03 -0.859822E+02 +0.528586E+01 +0.293269E+02 +0.000000E+00 +0.000000E+00 +0.183757E-02 -0.173409E-02 +0.000000E+00 +0.111442E-02 +0.000000E+00 +0.000000E+00
 +0.148320E+01 -0.102960E+03 +0.102101E+03 -0.859207E+02 +0.533945E+01 +0.292032E+02 +0.000000E+00 +0.000000E+00 +0.183847E-02 -0.173394E-02 +0.000000E+00 +0.110972E-02 +0.000000E+00 +0.000000E+00
 +0.148320E+01 -0.102970E+03 +0.102202E+03 -0.858591E+02 +0.539304E+01 +0.290795E+02 +0.000000E+00 +0.000000E+00 +0.183936E-02 -0.173379E-02 +0.000000E+00 +0.110502E-02 +0.000000E+00 +0.000000E+00
 +0.148320E+01 -0.102980E+03 +0.102303E+03 -0.857976E+02 +0.544663E+01 +0.289557E+02 +0.000000E+00 +0.000000E+00 +0.184026E-02 -0.173364E-02 +0.000000E+00 +0.110032E-02 +0.000000E+00 +0.000000E+00
 +0.148320E+01 -0.102990E+03 +0.102403E+03 -0.857361E+02 +0.550022E+01 +0.288320E+02 +0.000000E+00 +0.000000E+00 +0.184116E-02 -0.173349E-02 +0.000000E+00 +0.109562E-02 +0.000000E+00 +0.000000E+00
 +0.148320E+01 -0.103000E+03 +0.102505E+03 -0.856716E+02 +0.555517E+01 +0.287082E+02 +0.000000E+00 +0.000000E+00 +0.184205E-02 -0.173331E-02 +0.000000E+00 +0.109091E-02 +0.000000E+00 +0.000000E+00
 +0.148320E+01 -0.103010E+03 +0.102613E+03 -0.855926E+02 +0.561674E+01 +0.285838E+02 +0.000000E+00 +0.000000E+00 +0.184293E-02 -0.173298E-02 +0.000000E+00 +0.108619E-02 +0.000000E+00 +0.000000E+00
 +0.148320E+01 -0.103020E+03 +0.102721E+03 -0.855136E+02 +0.567830E+01 +0.284595E+02 +0.000000E+00 +0.000000E+00 +0.184380E-02 -0.173265E-02 +0.000000E+00 +0.108146E-02 +0.000000E+00 +0.000000E+00
 +0.148320E+01 -0.103030E+03 +0.102828E+03 -0.854346E+02 +0.573987E+01 +0.283351E+02 +0.000000E+00 +0.000000E+00 +0.184468E-02 -0.173231E-02 +0.000000E+00 +0.107673E-02 +0.000000E+00 +0.000000E+00
 +0.148320E+01 -0.103040E+03 +0.102936E+03 -0.853556E+02 +0.580143E+01 +0.282108E+02 +0.000000E+00 +0.000000E+00 +0.184555E-02 -0.173198E-02 +0.000000E+00 +0.107201E-02 +0.000000E+00 +0.000000E+00
 +0.148320E+01 -0.103050E+03 +0.103043E+03 -0.852766E+02 +0.586300E+01 +0.280864E+02 +0.000000E+00 +0.000000E+00 +0.184642E-02 -0.173165E-02 +0.000000E+00 +0.106728E-02 +0.000000E+00 +0.000000E+00
 +0.148320E+01 -0.103060E+03 +0.103141E+03 -0.851631E+02 +0.593269E+01 +0.279739E+02 +0.000000E+00 +0.000000E+00 +0.184696E-02 -0.173082E-02 +0.000000E+00 +0.106301E-02 +0.000000E+00 +0.000000E+00
 +0.148320E+01 -0.103070E+03 +0.103237E+03 -0.850439E+02 +0.600374E+01 +0.278633E+02 +0.000000E+00 +0.000000E+00 +0.184743E-02 -0.172991E-02 +0.000000E+00 +0.105881E-02 +0.000000E+00 +0.000000E+00
 +0.148320E+01 -0.103080E+03 +0.103333E+03 -0.849247E+02 +0.607479E+01 +0.277527E+02 +0.000000E+00 +0.000000E+00 +0.184791E-02 -0.172899E-02 +0.000000E+00 +0.105460E-02 +0.000000E+00 +0.000000E+00
 +0.148320E+01 -0.103090E+03 +0.103410E+03 -0.848567E+02 +0.612276E+01 +0.276468E+02 +0.000000E+00 +0.000000E+00 +0.184847E-02 -0.172861E-02 +0.000000E+00 +0.105058E-02 +0.000000E+00 +0.000000E+00
 +0.148320E+01 -0.103100E+03 +0.103484E+03 -0.847985E+02 +0.616629E+01 +0.275417E+02 +0.000000E+00 +0.000000E+00 +0.184904E-02 -0.172833E-02 +0.000000E+00 +0.104659E-02 +0.000000E+00 +0.000000E+00
 +0.148320E+01 -0.103110E+03 +0.103558E+03 -0.847402E+02 +0.620983E+01 +0.274367E+02 +0.000000E+00 +0.000000E+00 +0.184961E-02 -0.172805E-02 +0.000000E+00 +0.104259E-02 +0.000000E+00 +0.000000E+00
 +0.148320E+01 -0.103120E+03 +0.103632E+03 -0.846820E+02 +0.625337E+01 +0.273316E+02 +0.000000E+00 +0.000000E+00 +0.185019E-02 -0.172777E-02 +0.000000E+00 +0.103860E-02 +0.000000E+00 +0.000000E+00
 +0.148320E+01 -0.103130E+03 +0.103705E+03 -0.846238E+02 +0.629690E+01 +0.272266E+02 +0.000000E+00 +0.000000E+00 +0.185076E-02 -0.172749E-02 +0.000000E+00 +0.103461E-02 +0.000000E+00 +0.000000E+00
 +0.148320E+01 -0.103140E+03 +0.103779E+03 -0.845656E+02 +0.634044E+01 +0.271215E+02 +0.000000E+00 +0.000000E+00 +0.185133E-02 -0.172721E-02 +0.000000E+00 +0.103062E-02 +0.000000E+00 +0.000000E+00
 +0.148320E+01 -0.103150E+03 +0.103853E+03 -0.845074E+02 +0.638398E+01 +0.270164E+02 +0.000000E+00 +0.000000E+00 +0.185191E-02 -0.172694E-02 +0.000000E+00 +0.102662E-02 +0.000000E+00 +0.000000E+00
 +0.148320E+01 -0.103160E+03 +0.103926E+03 -0.844491E+02 +0.642751E+01 +0.269114E+02 +0.000000E+00 +0.000000E+00 +0.185248E-02 -0.172666E-02 +0.000000E+00 +0.102263E-02 +0.000000E+00 +0.000000E+00
 +0.148320E+01 -0.103170E+03 +0.104020E+03 -0.843855E+02 +0.647941E+01 +0.267929E+02 +0.000000E+00 +0.000000E+00 +0.185327E-02 -0.172643E-02 +0.000000E+00 +0.101813E-02 +0.000000E+00 +0.000000E+00
 +0.148320E+01 -0.103180E+03 +0.104142E+03 -0.843141E+02 +0.654306E+01 +0.266557E+02 +0.000000E+00 +0.000000E+00 +0.185437E-02 -0.172629E-02 +0.000000E+00 +0.101292E-02 +0.000000E+00 +0.000000E+00
 +0.148320E+01 -0.103190E+03 +0.104263E+03 -0.842427E+02 +0.660672E+01 +0.265184E+02 +0.000000E+00 +0.000000E+00 +0.185547E-02 -0.172614E-02 +0.000000E+00 +0.100770E-02 +0.000000E+00 +0.000000E+00
 +0.148320E+01 -0.103200E+03 +0.104357E+03 -0.841748E+02 +0.666026E+01 +0.264010E+02 +0.000000E+00 +0.000000E+00 +0.185625E-02 -0.172587E-02 +0.000000E+00 +0.100324E-02 +0.000000E+00 +0.000000E+00
 +0.148320E+01 -0.103210E+03 +0.104436E+03 -0.841088E+02 +0.670795E+01 +0.262951E+02 +0.000000E+00 +0.000000E+00 +0.185683E-02 -0.172552E-02 +0.000000E+00 +0.999216E-03 +0.000000E+00 +0.000000E+00
 +0.148320E+01 -0.103220E+03 +0.104514E+03 -0.840428E+02 +0.675564E+01 +0.261893E+02 +0.000000E+00 +0.000000E+00 +0.185742E-02 -0.172517E-02 +0.000000E+00 +0.995193E-03 +0.000000E+00 +0.000000E+00
 +0.148320E+01 -0.103230E+03 +0.104593E+03 -0.839768E+02 +0.680334E+01 +0.260834E+02 +0.000000E+00 +0.000000E+00 +0.185800E-02 -0.172482E-02 +0.000000E+00 +0.991170E-03 +0.000000E+00 +0.000000E+00
 +0.148320E+01 -0.103240E+03 +0.104672E+03 -0.839109E+02 +0.685103E+01 +0.259775E+02 +0.000000E+00 +0.000000E+00 +0.185859E-02 -0.172448E-02 +0.000000E+00 +0.987147E-03 +0.000000E+00 +0.000000E+00
 +0.148320E+01 -0.103250E+03 +0.104750E+03 -0.838449E+02 +0.689872E+01 +0.258717E+02 +0.000000E+00 +0.000000E+00 +0.185918E-02 -0.172413E-02 +0.000000E+00 +0.983123E-03 +0.000000E+00 +0.000000E+00
 +0.148320E+01 -0.103260E+03 +0.104829E+03 -0.837789E+02 +0.694641E+01 +0.257658E+02 +0.000000E+00 +0.000000E+00 +0.185976E-02 -0.172378E-02 +0.000000E+00 +0.979100E-03 +0.000000E+00 +0.000000E+00
 +0.148320E+01 -0.103270E+03 +0.104907E+03 -0.837130E+02 +0.699410E+01 +0.256599E+02 +0.000000E+00 +0.000000E+00 +0.186035E-02 -0.172343E-02 +0.000000E+00 +0.975077E-03 +0.000000E+00 +0.000000E+00
 +0.148320E+01 -0.103280E+03 +0.104986E+03 -0.836470E+02 +0.704179E+01 +0.255541E+02 +0.000000E+00 +0.000000E+00 +0.186094E-02 -0.172309E-02 +0.000000E+00 +0.971054E-03 +0.000000E+00 +0.000000E+00
 +0.148320E+01 -0.103290E+03 +0.105064E+03 -0.835827E+02 +0.708897E+01 +0.254473E+02 +0.000000E+00 +0.000000E+00 +0.186153E-02 -0.172276E-02 +0.000000E+00 +0.966998E-03 +0.000000E+00 +0.000000E+00
 +0.148320E+01 -0.103300E+03 +0.105144E+03 -0.835289E+02 +0.713293E+01 +0.253352E+02 +0.000000E+00 +0.000000E+00 +0.186221E-02 -0.172257E-02 +0.000000E+00 +0.962738E-03 +0.000000E+00 +0.000000E+00
 +0.148320E+01 -0.103310E+03 +0.105223E+03 -0.834750E+02 +0.717690E+01 +0.252231E+02 +0.000000E+00 +0.000000E+00 +0.186288E-02 -0.172239E-02 +0.000000E+00 +0.958477E-03 +0.000000E+00 +0.000000E+00
 +0.148320E+01 -0.103320E+03 +0.105303E+03 -0.834212E+02 +0.722087E+01 +0.251110E+02 +0.000000E+00 +0.000000E+00 +0.186355E-02 -0.172220E-02 +0.000000E+00 +0.954217E-03 +0.000000E+00 +0.000000E+00
 +0.148320E+01 -0.103330E+03 +0.105382E+03 -0.833674E+02 +0.726483E+01 +0.249988E+02 +0.000000E+00 +0.000000E+00 +0.186423E-02 -0.172201E-02 +0.000000E+00 +0.949956E-03 +0.000000E+00 +0.000000E+00
 +0.148320E+01 -0.103340E+03 +0.105461E+03 -0.833136E+02 +0.730880E+01 +0.248867E+02 +0.000000E+00 +0.000000E+00 +0.186490E-02 -0.172183E-02 +0.000000E+00 +0.945695E-03 +0.000000E+00 +0.000000E+00
 +0.148320E+01 -0.103350E+03 +0.105536E+03 -0.832596E+02 +0.735129E+01 +0.247824E+02 +0.000000E+00 +0.000000E+00 +0.186551E-02 -0.172161E-02 +0.000000E+00 +0.941731E-03 +0.000000E+00 +0.000000E+00
 +0.148320E+01 -0.103360E+03 +0.105607E+03 -0.832054E+02 +0.739253E+01 +0.246846E+02 +0.000000E+00 +0.000000E+00 +0.186608E-02 -0.172136E-02 +0.000000E+00 +0.938015E-03 +0.000000E+00 +0.000000E+00
 +0.148320E+01 -0.103370E+03 +0.105678E+03 -0.831513E+02 +0.743378E+01 +0.245868E+02 +0.000000E+00 +0.000000E+00 +0.186664E-02 -0.172112E-02 +0.000000E+00 +0.934299E-03 +0.000000E+00 +0.000000E+00
 +0.148320E+01 -0.103380E+03 +0.105744E+03 -0.830832E+02 +0.747796E+01 +0.244810E+02 +0.000000E+00 +0.000000E+00 +0.186705E-02 -0.172066E-02 +0.000000E+00 +0.930278E-03 +0.000000E+00 +0.000000E+00
 +0.148320E+01 -0.103390E+03 +0.105807E+03 -0.830086E+02 +0.752353E+01 +0.243714E+02 +0.000000E+00 +0.000000E+00 +0.186739E-02 -0.172011E-02 +0.000000E+00 +0.926112E-03 +0.000000E+00 +0.000000E+00
 +0.148320E+01 -0.103400E+03 +0.105871E+03 -0.829340E+02 +0.756910E+01 +0.242617E+02 +0.000000E+00 +0.000000E+00 +0.186773E-02 -0.171956E-02 +0.000000E+00 +0.921946E-03 +0.000000E+00 +0.000000E+00
 +0.148320E+01 -0.103410E+03 +0.105934E+03 -0.828593E+02 +0.761467E+01 +0.241521E+02 +0.000000E+00 +0.000000E+00 +0.186807E-02 -0.171901E-02 +0.000000E+00 +0.917779E-03 +0.000000E+00 +0.000000E+00
 +0.148320E+01 -0.103420E+03 +0.105998E+03 -0.827847E+02 +0.766024E+01 +0.240424E+02 +0.000000E+00 +0.000000E+00 +0.186841E-02 -0.171845E-02 +0.000000E+00 +0.913613E-03 +0.000000E+00 +0.000000E+00
 +0.148320E+01 -0.103430E+03 +0.106061E+03 -0.827101E+02 +0.770580E+01 +0.239328E+02 +0.000000E+00 +0.000000E+00 +0.186875E-02 -0.171790E-02 +0.000000E+00 +0.909446E-03 +0.000000E+00 +0.000000E+00
 +0.148320E+01 -0.103440E+03 +0.106124E+03 -0.826355E+02 +0.775137E+01 +0.238232E+02 +0.000000E+00 +0.000000E+00 +0.186909E-02 -0.171735E-02 +0.000000E+00 +0.905280E-03 +0.000000E+00 +0.000000E+00
 +0.148320E+01 -0.103450E+03 +0.106188E+03 -0.825608E+02 +0.779694E+01 +0.237135E+02 +0.000000E+00 +0.000000E+00 +0.186943E-02 -0.171680E-02 +0.000000E+00 +0.901114E-03 +0.000000E+00 +0.000000E+00
 +0.148320E+01 -0.103460E+03 +0.106251E+03 -0.824862E+02 +0.784251E+01 +0.236039E+02 +0.000000E+00 +0.000000E+00 +0.186977E-02 -0.171625E-02 +0.000000E+00 +0.896947E-03 +0.000000E+00 +0.000000E+00
 +0.148320E+01 -0.103470E+03 +0.106315E+03 -0.824116E+02 +0.788808E+01 +0.234942E+02 +0.000000E+00 +0.000000E+00 +0.187011E-02 -0.171569E-02 +0.000000E+00 +0.892781E-03 +0.000000E+00 +0.000000E+00
 +0.148320E+01 -0.103480E+03 +0.106378E+03 -0.823369E+02 +0.793365E+01 +0.233846E+02 +0.000000E+00 +0.000000E+00 +0.187045E-02 -0.171514E-02 +0.000000E+00 +0.888615E-03 +0.000000E+00 +0.000000E+00
 +0.148320E+01 -0.103490E+03 +0.106442E+03 -0.822623E+02 +0.797922E+01 +0.232750E+02 +0.000000E+00 +0.000000E+00 +0.187079E-02 -0.171459E-02 +0.000000E+00 +0.884448E-03 +0.000000E+00 +0.000000E+00
 +0.148320E+01 -0.103500E+03 +0.106505E+03 -0.821871E+02 +0.802491E+01 +0.231663E+02 +0.000000E+00 +0.000000E+00 +0.187112E-02 -0.171403E-02 +0.000000E+00 +0.880319E-03 +0.000000E+00 +0.000000E+00
 +0.148320E+01 -0.103510E+03 +0.106565E+03 -0.821034E+02 +0.807246E+01 +0.230735E+02 +0.000000E+00 +0.000000E+00 +0.187137E-02 -0.171334E-02 +0.000000E+00 +0.876792E-03 +0.000000E+00 +0.000000E+00
 +0.148320E+01 -0.103520E+03 +0.106626E+03 -0.820197E+02 +0.812001E+01 +0.229806E+02 +0.000000E+00 +0.000000E+00 +0.187161E-02 -0.171265E-02 +0.000000E+00 +0.873265E-03 +0.000000E+00 +0.000000E+00
 +0.148320E+01 -0.103530E+03 +0.106686E+03 -0.819360E+02 +0.816757E+01 +0.228878E+02 +0.000000E+00 +0.000000E+00 +0.187185E-02 -0.171197E-02 +0.000000E+00 +0.869738E-03 +0.000000E+00 +0.000000E+00
 +0.148320E+01 -0.103540E+03 +0.106747E+03 -0.818523E+02 +0.821512E+01 +0.227950E+02 +0.000000E+00 +0.000000E+00 +0.187210E-02 -0.171128E-02 +0.000000E+00 +0.866211E-03 +0.000000E+00 +0.000000E+00
 +0.148320E+01 -0.103550E+03 +0.106807E+03 -0.817686E+02 +0.826267E+01 +0.227022E+02 +0.000000E+00 +0.000000E+00 +0.187234E-02 -0.171059E-02 +0.000000E+00 +0.862684E-03 +0.000000E+00 +0.000000E+00
 +0.148320E+01 -0.103560E+03 +0.106867E+03 -0.816849E+02 +0.831023E+01 +0.226094E+02 +0.000000E+00 +0.000000E+00 +0.187259E-02 -0.170991E-02 +0.000000E+00 +0.859156E-03 +0.000000E+00 +0.000000E+00
 +0.148320E+01 -0.103570E+03 +0.106928E+03 -0.816012E+02 +0.835778E+01 +0.225166E+02 +0.000000E+00 +0.000000E+00 +0.187283E-02 -0.170922E-02 +0.000000E+00 +0.855629E-03 +0.000000E+00 +0.000000E+00
 +0.148320E+01 -0.103580E+03 +0.106988E+03 -0.815174E+02 +0.840533E+01 +0.224237E+02 +0.000000E+00 +0.000000E+00 +0.187307E-02 -0.170853E-02 +0.000000E+00 +0.852102E-03 +0.000000E+00 +0.000000E+00
 +0.148320E+01 -0.103590E+03 +0.107049E+03 -0.814337E+02 +0.845289E+01 +0.223309E+02 +0.000000E+00 +0.000000E+00 +0.187332E-02 -0.170785E-02 +0.000000E+00 +0.848575E-03 +0.000000E+00 +0.000000E+00
 +0.148320E+01 -0.103600E+03 +0.107109E+03 -0.813500E+02 +0.850044E+01 +0.222381E+02 +0.000000E+00 +0.000000E+00 +0.187356E-02 -0.170716E-02 +0.000000E+00 +0.845048E-03 +0.000000E+00 +0.000000E+00
 +0.148320E+01 -0.103610E+03 +0.107169E+03 -0.812663E+02 +0.854799E+01 +0.221453E+02 +0.000000E+00 +0.000000E+00 +0.187381E-02 -0.170647E-02 +0.000000E+00 +0.841521E-03 +0.000000E+00 +0.000000E+00
 +0.148320E+01 -0.103620E+03 +0.107230E+03 -0.811826E+02 +0.859555E+01 +0.220525E+02 +0.000000E+00 +0.000000E+00 +0.187405E-02 -0.170578E-02 +0.000000E+00 +0.837994E-03 +0.000000E+00 +0.000000E+00
 +0.148320E+01 -0.103630E+03 +0.107290E+03 -0.810989E+02 +0.864310E+01 +0.219597E+02 +0.000000E+00 +0.000000E+00 +0.187429E-02 -0.170510E-02 +0.000000E+00 +0.834467E-03 +0.000000E+00 +0.000000E+00
 +0.148320E+01 -0.103640E+03 +0.107350E+03 -0.810152E+02 +0.869065E+01 +0.218668E+02 +0.000000E+00 +0.000000E+00 +0.187454E-02 -0.170441E-02 +0.000000E+00 +0.830940E-03 +0.000000E+00 +0.000000E+00
 +0.148320E+01 -0.103650E+03 +0.107407E+03 -0.809228E+02 +0.873993E+01 +0.217692E+02 +0.000000E+00 +0.000000E+00 +0.187468E-02 -0.170359E-02 +0.000000E+00 +0.827229E-03 +0.000000E+00 +0.000000E+00
 +0.148320E+01 -0.103660E+03 +0.107461E+03 -0.808221E+02 +0.879088E+01 +0.216668E+02 +0.000000E+00 +0.000000E+00 +0.187474E-02 -0.170265E-02 +0.000000E+00 +0.823339E-03 +0.000000E+00 +0.000000E+00
 +0.148320E+01 -0.103670E+03 +0.107512E+03 -0.807225E+02 +0.884070E+01 +0.215777E+02 +0.000000E+00 +0.000000E+00 +0.187476E-02 -0.170170E-02 +0.000000E+00 +0.819954E-03 +0.000000E+00 +0.000000E+00
 +0.148320E+01 -0.103680E+03 +0.107564E+03 -0.806242E+02 +0.889005E+01 +0.214913E+02 +0.000000E+00 +0.000000E+00 +0.187480E-02 -0.170077E-02 +0.000000E+00 +0.816671E-03 +0.000000E+00 +0.000000E+00
 +0.148320E+01 -0.103690E+03 +0.107622E+03 -0.805409E+02 +0.893677E+01 +0.213958E+02 +0.000000E+00 +0.000000E+00 +0.187502E-02 -0.170008E-02 +0.000000E+00 +0.813040E-03 +0.000000E+00 +0.000000E+00
 +0.148320E+01 -0.103700E+03 +0.107680E+03 -0.804575E+02 +0.898350E+01 +0.213002E+02 +0.000000E+00 +0.000000E+00 +0.187524E-02 -0.169938E-02 +0.000000E+00 +0.809409E-03 +0.000000E+00 +0.000000E+00
 +0.148320E+01 -0.103710E+03 +0.107739E+03 -0.803742E+02 +0.903023E+01 +0.212047E+02 +0.000000E+00 +0.000000E+00 +0.187546E-02 -0.169868E-02 +0.000000E+00 +0.805779E-03 +0.000000E+00 +0.000000E+00
 +0.148320E+01 -0.103720E+03 +0.107797E+03 -0.802909E+02 +0.907695E+01 +0.211092E+02 +0.000000E+00 +0.000000E+00 +0.187568E-02 -0.169799E-02 +0.000000E+00 +0.802148E-03 +0.000000E+00 +0.000000E+00
 +0.148320E+01 -0.103730E+03 +0.107855E+03 -0.802076E+02 +0.912368E+01 +0.210136E+02 +0.000000E+00 +0.000000E+00 +0.187590E-02 -0.169729E-02 +0.000000E+00 +0.798517E-03 +0.000000E+00 +0.000000E+00
 +0.148320E+01 -0.103740E+03 +0.107913E+03 -0.801242E+02 +0.917040E+01 +0.209181E+02 +0.000000E+00 +0.000000E+00 +0.187612E-02 -0.169660E-02 +0.000000E+00 +0.794886E-03 +0.000000E+00 +0.000000E+00
 +0.148320E+01 -0.103750E+03 +0.107972E+03 -0.800409E+02 +0.921713E+01 +0.208225E+02 +0.000000E+00 +0.000000E+00 +0.187634E-02 -0.169590E-02 +0.000000E+00 +0.791255E-03 +0.000000E+00 +0.000000E+00
 +0.148320E+01 -0.103760E+03 +0.108030E+03 -0.799576E+02 +0.926386E+01 +0.207270E+02 +0.000000E+00 +0.000000E+00 +0.187655E-02 -0.169521E-02 +0.000000E+00 +0.787624E-03 +0.000000E+00 +0.000000E+00
 +0.148320E+01 -0.103770E+03 +0.108088E+03 -0.798743E+02 +0.931058E+01 +0.206314E+02 +0.000000E+00 +0.000000E+00 +0.187677E-02 -0.169451E-02 +0.000000E+00 +0.783993E-03 +0.000000E+00 +0.000000E+00
 +0.148320E+01 -0.103780E+03 +0.108146E+03 -0.797909E+02 +0.935731E+01 +0.205359E+02 +0.000000E+00 +0.000000E+00 +0.187699E-02 -0.169382E-02 +0.000000E+00 +0.780363E-03 +0.000000E+00 +0.000000E+00
 +0.148320E+01 -0.103790E+03 +0.108205E+03 -0.797076E+02 +0.940403E+01 +0.204403E+02 +0.000000E+00 +0.000000E+00 +0.187721E-02 -0.169312E-02 +0.000000E+00 +0.776732E-03 +0.000000E+00 +0.000000E+00
 +0.148320E+01 -0.103800E+03 +0.108263E+03 -0.796243E+02 +0.945076E+01 +0.203448E+02 +0.000000E+00 +0.000000E+00 +0.187743E-02 -0.169243E-02 +0.000000E+00 +0.773101E-03 +0.000000E+00 +0.000000E+00
 +0.148320E+01 -0.103810E+03 +0.108321E+03 -0.795410E+02 +0.949749E+01 +0.202492E+02 +0.000000E+00 +0.000000E+00 +0.187765E-02 -0.169173E-02 +0.000000E+00 +0.769470E-03 +0.000000E+00 +0.000000E+00
 +0.148320E+01 -0.103820E+03 +0.108379E+03 -0.794576E+02 +0.954421E+01 +0.201537E+02 +0.000000E+00 +0.000000E+00 +0.187787E-02 -0.169104E-02 +0.000000E+00 +0.765839E-03 +0.000000E+00 +0.000000E+00
 +0.148320E+01 -0.103830E+03 +0.108438E+03 -0.793743E+02 +0.959094E+01 +0.200581E+02 +0.000000E+00 +0.000000E+00 +0.187809E-02 -0.169034E-02 +0.000000E+00 +0.762208E-03 +0.000000E+00 +0.000000E+00
 +0.148320E+01 -0.103840E+03 +0.108496E+03 -0.792919E+02 +0.963724E+01 +0.199708E+02 +0.000000E+00 +0.000000E+00 +0.187831E-02 -0.168965E-02 +0.000000E+00 +0.758890E-03 +0.000000E+00 +0.000000E+00
 +0.148320E+01 -0.103850E+03 +0.108553E+03 -0.792108E+02 +0.968298E+01 +0.198942E+02 +0.000000E+00 +0.000000E+00 +0.187853E-02 -0.168898E-02 +0.000000E+00 +0.755980E-03 +0.000000E+00 +0.000000E+00
 +0.148320E+01 -0.103860E+03 +0.108611E+03 -0.791296E+02 +0.972872E+01 +0.198176E+02 +0.000000E+00 +0.000000E+00 +0.187875E-02 -0.168831E-02 +0.000000E+00 +0.753069E-03 +0.000000E+00 +0.000000E+00
 +0.148320E+01 -0.103870E+03 +0.108668E+03 -0.790484E+02 +0.977447E+01 +0.197410E+02 +0.000000E+00 +0.000000E+00 +0.187898E-02 -0.168763E-02 +0.000000E+00 +0.750158E-03 +0.000000E+00 +0.000000E+00
 +0.148320E+01 -0.103880E+03 +0.108725E+03 -0.789672E+02 +0.982021E+01 +0.196644E+02 +0.000000E+00 +0.000000E+00 +0.187920E-02 -0.168696E-02 +0.000000E+00 +0.747247E-03 +0.000000E+00 +0.000000E+00
 +0.148320E+01 -0.103890E+03 +0.108783E+03 -0.788861E+02 +0.986595E+01 +0.195878E+02 +0.000000E+00 +0.000000E+00 +0.187942E-02 -0.168629E-02 +0.000000E+00 +0.744336E-03 +0.000000E+00 +0.000000E+00
 +0.148320E+01 -0.103900E+03 +0.108840E+03 -0.788049E+02 +0.991170E+01 +0.195112E+02 +0.000000E+00 +0.000000E+00 +0.187964E-02 -0.168562E-02 +0.000000E+00 +0.741425E-03 +0.000000E+00 +0.000000E+00
 +0.148320E+01 -0.103910E+03 +0.108898E+03 -0.787237E+02 +0.995744E+01 +0.194346E+02 +0.000000E+00 +0.000000E+00 +0.187987E-02 -0.168494E-02 +0.000000E+00 +0.738515E-03 +0.000000E+00 +0.000000E+00
 +0.148320E+01 -0.103920E+03 +0.108955E+03 -0.786426E+02 +0.100032E+02 +0.193580E+02 +0.000000E+00 +0.000000E+00 +0.188009E-02 -0.168427E-02 +0.000000E+00 +0.735604E-03 +0.000000E+00 +0.000000E+00
 +0.148320E+01 -0.103930E+03 +0.109013E+03 -0.785614E+02 +0.100489E+02 +0.192814E+02 +0.000000E+00 +0.000000E+00 +0.188031E-02 -0.168360E-02 +0.000000E+00 +0.732693E-03 +0.000000E+00 +0.000000E+00
 +0.148320E+01 -0.103940E+03 +0.109070E+03 -0.784802E+02 +0.100947E+02 +0.192048E+02 +0.000000E+00 +0.000000E+00 +0.188053E-02 -0.168292E-02 +0.000000E+00 +0.729782E-03 +0.000000E+00 +0.000000E+00
 +0.148320E+01 -0.103950E+03 +0.109128E+03 -0.783990E+02 +0.101404E+02 +0.191282E+02 +0.000000E+00 +0.000000E+00 +0.188076E-02 -0.168225E-02 +0.000000E+00 +0.726871E-03 +0.000000E+00 +0.000000E+00
 +0.148320E+01 -0.103960E+03 +0.109185E+03 -0.783179E+02 +0.101862E+02 +0.190516E+02 +0.000000E+00 +0.000000E+00 +0.188098E-02 -0.168158E-02 +0.000000E+00 +0.723960E-03 +0.000000E+00 +0.000000E+00
 +0.148320E+01 -0.103970E+03 +0.109242E+03 -0.782367E+02 +0.102319E+02 +0.189750E+02 +0.000000E+00 +0.000000E+00 +0.188120E-02 -0.168090E-02 +0.000000E+00 +0.721050E-03 +0.000000E+00 +0.000000E+00
 +0.148320E+01 -0.103980E+03 +0.109300E+03 -0.781555E+02 +0.102776E+02 +0.188984E+02 +0.000000E+00 +0.000000E+00 +0.188142E-02 -0.168023E-02 +0.000000E+00 +0.718139E-03 +0.000000E+00 +0.000000E+00
 +0.148320E+01 -0.103990E+03 +0.109357E+03 -0.780744E+02 +0.103234E+02 +0.188218E+02 +0.000000E+00 +0.000000E+00 +0.188165E-02 -0.167956E-02 +0.000000E+00 +0.715228E-03 +0.000000E+00 +0.000000E+00
 +0.148320E+01 -0.104000E+03 +0.109415E+03 -0.779932E+02 +0.103691E+02 +0.187452E+02 +0.000000E+00 +0.000000E+00 +0.188187E-02 -0.167888E-02 +0.000000E+00 +0.712317E-03 +0.000000E+00 +0.000000E+00
 +0.148320E+01 -0.104010E+03 +0.109472E+03 -0.779120E+02 +0.104149E+02 +0.186686E+02 +0.000000E+00 +0.000000E+00 +0.188209E-02 -0.167821E-02 +0.000000E+00 +0.709406E-03 +0.000000E+00 +0.000000E+00
 +0.148320E+01 -0.104020E+03 +0.109524E+03 -0.778213E+02 +0.104618E+02 +0.185877E+02 +0.000000E+00 +0.000000E+00 +0.188218E-02 -0.167738E-02 +0.000000E+00 +0.706334E-03 +0.000000E+00 +0.000000E+00
 +0.148320E+01 -0.104030E+03 +0.109569E+03 -0.777216E+02 +0.105098E+02 +0.185047E+02 +0.000000E+00 +0.000000E+00 +0.188213E-02 -0.167640E-02 +0.000000E+00 +0.703178E-03 +0.000000E+00 +0.000000E+00
 +0.148320E+01 -0.104040E+03 +0.109617E+03 -0.776300E+02 +0.105556E+02 +0.184417E+02 +0.000000E+00 +0.000000E+00 +0.188216E-02 -0.167553E-02 +0.000000E+00 +0.700786E-03 +0.000000E+00 +0.000000E+00
 +0.148320E+01 -0.104050E+03 +0.109653E+03 -0.775553E+02 +0.105922E+02 +0.183605E+02 +0.000000E+00 +0.000000E+00 +0.188215E-02 -0.167480E-02 +0.000000E+00 +0.697700E-03 +0.000000E+00 +0.000000E+00
 +0.148320E+01 -0.104060E+03 +0.109688E+03 -0.774821E+02 +0.106279E+02 +0.182777E+02 +0.000000E+00 +0.000000E+00 +0.188214E-02 -0.167409E-02 +0.000000E+00 +0.694554E-03 +0.000000E+00 +0.000000E+00
 +0.148320E+01 -0.104070E+03 +0.109723E+03 -0.774090E+02 +0.106636E+02 +0.181949E+02 +0.000000E+00 +0.000000E+00 +0.188213E-02 -0.167338E-02 +0.000000E+00 +0.691408E-03 +0.000000E+00 +0.000000E+00
 +0.148320E+01 -0.104080E+03 +0.109758E+03 -0.773358E+02 +0.106993E+02 +0.181122E+02 +0.000000E+00 +0.000000E+00 +0.188212E-02 -0.167267E-02 +0.000000E+00 +0.688262E-03 +0.000000E+00 +0.000000E+00
 +0.148320E+01 -0.104090E+03 +0.109793E+03 -0.772626E+02 +0.107351E+02 +0.180294E+02 +0.000000E+00 +0.000000E+00 +0.188210E-02 -0.167196E-02 +0.000000E+00 +0.685116E-03 +0.000000E+00 +0.000000E+00
 +0.148320E+01 -0.104100E+03 +0.109828E+03 -0.771895E+02 +0.107708E+02 +0.179466E+02 +0.000000E+00 +0.000000E+00 +0.188209E-02 -0.167124E-02 +0.000000E+00 +0.681970E-03 +0.000000E+00 +0.000000E+00
 +0.148320E+01 -0.104110E+03 +0.109863E+03 -0.771163E+02 +0.108065E+02 +0.178638E+02 +0.000000E+00 +0.000000E+00 +0.188208E-02 -0.167053E-02 +0.000000E+00 +0.678824E-03 +0.000000E+00 +0.000000E+00
 +0.148320E+01 -0.104120E+03 +0.109898E+03 -0.770431E+02 +0.108422E+02 +0.177810E+02 +0.000000E+00 +0.000000E+00 +0.188207E-02 -0.166982E-02 +0.000000E+00 +0.675678E-03 +0.000000E+00 +0.000000E+00
 +0.148320E+01 -0.104130E+03 +0.109933E+03 -0.769700E+02 +0.108779E+02 +0.176982E+02 +0.000000E+00 +0.000000E+00 +0.188205E-02 -0.166911E-02 +0.000000E+00 +0.672532E-03 +0.000000E+00 +0.000000E+00
 +0.148320E+01 -0.104140E+03 +0.109969E+03 -0.768968E+02 +0.109137E+02 +0.176154E+02 +0.000000E+00 +0.000000E+00 +0.188204E-02 -0.166840E-02 +0.000000E+00 +0.669386E-03 +0.000000E+00 +0.000000E+00
 +0.148320E+01 -0.104150E+03 +0.110004E+03 -0.768236E+02 +0.109494E+02 +0.175326E+02 +0.000000E+00 +0.000000E+00 +0.188203E-02 -0.166769E-02 +0.000000E+00 +0.666240E-03 +0.000000E+00 +0.000000E+00
 +0.148320E+01 -0.104160E+03 +0.110039E+03 -0.767505E+02 +0.109851E+02 +0.174498E+02 +0.000000E+00 +0.000000E+00 +0.188202E-02 -0.166698E-02 +0.000000E+00 +0.663094E-03 +0.000000E+00 +0.000000E+00
 +0.148320E+01 -0.104170E+03 +0.110074E+03 -0.766773E+02 +0.110208E+02 +0.173670E+02 +0.000000E+00 +0.000000E+00 +0.188201E-02 -0.166626E-02 +0.000000E+00 +0.659948E-03 +0.000000E+00 +0.000000E+00
 +0.148320E+01 -0.104180E+03 +0.110109E+03 -0.766042E+02 +0.110566E+02 +0.172843E+02 +0.000000E+00 +0.000000E+00 +0.188199E-02 -0.166555E-02 +0.000000E+00 +0.656802E-03 +0.000000E+00 +0.000000E+00
 +0.148320E+01 -0.104190E+03 +0.110144E+03 -0.765310E+02 +0.110923E+02 +0.172015E+02 +0.000000E+00 +0.000000E+00 +0.188198E-02 -0.166484E-02 +0.000000E+00 +0.653656E-03 +0.000000E+00 +0.000000E+00
 +0.148320E+01 -0.104200E+03 +0.110179E+03 -0.764578E+02 +0.111280E+02 +0.171187E+02 +0.000000E+00 +0.000000E+00 +0.188197E-02 -0.166413E-02 +0.000000E+00 +0.650510E-03 +0.000000E+00 +0.000000E+00
 +0.148320E+01 -0.104210E+03 +0.110214E+03 -0.763847E+02 +0.111637E+02 +0.170359E+02 +0.000000E+00 +0.000000E+00 +0.188196E-02 -0.166342E-02 +0.000000E+00 +0.647364E-03 +0.000000E+00 +0.000000E+00
 +0.148320E+01 -0.104220E+03 +0.110249E+03 -0.763115E+02 +0.111995E+02 +0.169531E+02 +0.000000E+00 +0.000000E+00 +0.188195E-02 -0.166271E-02 +0.000000E+00 +0.644218E-03 +0.000000E+00 +0.000000E+00
 +0.148320E+01 -0.104230E+03 +0.110284E+03 -0.762383E+02 +0.112352E+02 +0.168703E+02 +0.000000E+00 +0.000000E+00 +0.188193E-02 -0.166200E-02 +0.000000E+00 +0.641072E-03 +0.000000E+00 +0.000000E+00
 +0.148320E+01 -0.104240E+03 +0.110323E+03 -0.761512E+02 +0.112768E+02 +0.167969E+02 +0.000000E+00 +0.000000E+00 +0.188188E-02 -0.166113E-02 +0.000000E+00 +0.638284E-03 +0.000000E+00 +0.000000E+00
 +0.148320E+01 -0.104250E+03 +0.110363E+03 -0.760603E+02 +0.113200E+02 +0.167262E+02 +0.000000E+00 +0.000000E+00 +0.188182E-02 -0.166023E-02 +0.000000E+00 +0.635596E-03 +0.000000E+00 +0.000000E+00
 +0.148320E+01 -0.104260E+03 +0.110403E+03 -0.759693E+02 +0.113632E+02 +0.166555E+02 +0.000000E+00 +0.000000E+00 +0.188176E-02 -0.165932E-02 +0.000000E+00 +0.632909E-03 +0.000000E+00 +0.000000E+00
 +0.148320E+01 -0.104270E+03 +0.110443E+03 -0.758783E+02 +0.114065E+02 +0.165848E+02 +0.000000E+00 +0.000000E+00 +0.188170E-02 -0.165841E-02 +0.000000E+00 +0.630222E-03 +0.000000E+00 +0.000000E+00
 +0.148320E+01 -0.104280E+03 +0.110483E+03 -0.757874E+02 +0.114497E+02 +0.165141E+02 +0.000000E+00 +0.000000E+00 +0.188164E-02 -0.165750E-02 +0.000000E+00 +0.627534E-03 +0.000000E+00 +0.000000E+00
 +0.148320E+01 -0.104290E+03 +0.110524E+03 -0.756964E+02 +0.114930E+02 +0.164433E+02 +0.000000E+00 +0.000000E+00 +0.188158E-02 -0.165660E-02 +0.000000E+00 +0.624847E-03 +0.000000E+00 +0.000000E+00
 +0.148320E+01 -0.104300E+03 +0.110564E+03 -0.756054E+02 +0.115362E+02 +0.163726E+02 +0.000000E+00 +0.000000E+00 +0.188152E-02 -0.165569E-02 +0.000000E+00 +0.622159E-03 +0.000000E+00 +0.000000E+00
 +0.148320E+01 -0.104310E+03 +0.110604E+03 -0.755145E+02 +0.115794E+02 +0.163019E+02 +0.000000E+00 +0.000000E+00 +0.188146E-02 -0.165478E-02 +0.000000E+00 +0.619472E-03 +0.000000E+00 +0.000000E+00
 +0.148320E+01 -0.104320E+03 +0.110644E+03 -0.754235E+02 +0.116227E+02 +0.162312E+02 +0.000000E+00 +0.000000E+00 +0.188140E-02 -0.165388E-02 +0.000000E+00 +0.616784E-03 +0.000000E+00 +0.000000E+00
 +0.148320E+01 -0.104330E+03 +0.110684E+03 -0.753325E+02 +0.116659E+02 +0.161604E+02 +0.000000E+00 +0.000000E+00 +0.188134E-02 -0.165297E-02 +0.000000E+00 +0.614097E-03 +0.000000E+00 +0.000000E+00
 +0.148320E+01 -0.104340E+03 +0.110724E+03 -0.752415E+02 +0.117092E+02 +0.160897E+02 +0.000000E+00 +0.000000E+00 +0.188128E-02 -0.165206E-02 +0.000000E+00 +0.611410E-03 +0.000000E+00 +0.000000E+00
 +0.148320E+01 -0.104350E+03 +0.110764E+03 -0.751506E+02 +0.117524E+02 +0.160190E+02 +0.000000E+00 +0.000000E+00 +0.188122E-02 -0.165116E-02 +0.000000E+00 +0.608722E-03 +0.000000E+00 +0.000000E+00
 +0.148320E+01 -0.104360E+03 +0.110804E+03 -0.750596E+02 +0.117956E+02 +0.159483E+02 +0.000000E+00 +0.000000E+00 +0.188116E-02 -0.165025E-02 +0.000000E+00 +0.606035E-03 +0.000000E+00 +0.000000E+00
 +0.148320E+01 -0.104370E+03 +0.110844E+03 -0.749686E+02 +0.118389E+02 +0.158776E+02 +0.000000E+00 +0.000000E+00 +0.188110E-02 -0.164934E-02 +0.000000E+00 +0.603347E-03 +0.000000E+00 +0.000000E+00
 +0.148320E+01 -0.104380E+03 +0.110884E+03 -0.748777E+02 +0.118821E+02 +0.158068E+02 +0.000000E+00 +0.000000E+00 +0.188104E-02 -0.164844E-02 +0.000000E+00 +0.600660E-03 +0.000000E+00 +0.000000E+00
 +0.148320E+01 -0.104390E+03 +0.110924E+03 -0.747867E+02 +0.119253E+02 +0.157361E+02 +0.000000E+00 +0.000000E+00 +0.188098E-02 -0.164753E-02 +0.000000E+00 +0.597973E-03 +0.000000E+00 +0.000000E+00
 +0.148320E+01 -0.104400E+03 +0.110964E+03 -0.746957E+02 +0.119686E+02 +0.156654E+02 +0.000000E+00 +0.000000E+00 +0.188092E-02 -0.164662E-02 +0.000000E+00 +0.595285E-03 +0.000000E+00 +0.000000E+00
 +0.148320E+01 -0.104410E+03 +0.111004E+03 -0.746047E+02 +0.120118E+02 +0.155947E+02 +0.000000E+00 +0.000000E+00 +0.188086E-02 -0.164571E-02 +0.000000E+00 +0.592598E-03 +0.000000E+00 +0.000000E+00
 +0.148320E+01 -0.104420E+03 +0.111044E+03 -0.745138E+02 +0.120551E+02 +0.155240E+02 +0.000000E+00 +0.000000E+00 +0.188079E-02 -0.164481E-02 +0.000000E+00 +0.589910E-03 +0.000000E+00 +0.000000E+00
 +0.148320E+01 -0.104430E+03 +0.111084E+03 -0.744228E+02 +0.120983E+02 +0.154532E+02 +0.000000E+00 +0.000000E+00 +0.188073E-02 -0.164390E-02 +0.000000E+00 +0.587223E-03 +0.000000E+00 +0.000000E+00
 +0.148320E+01 -0.104440E+03 +0.111124E+03 -0.743318E+02 +0.121415E+02 +0.153825E+02 +0.000000E+00 +0.000000E+00 +0.188067E-02 -0.164299E-02 +0.000000E+00 +0.584536E-03 +0.000000E+00 +0.000000E+00
 +0.148320E+01 -0.104450E+03 +0.111165E+03 -0.742411E+02 +0.121847E+02 +0.153113E+02 +0.000000E+00 +0.000000E+00 +0.188062E-02 -0.164209E-02 +0.000000E+00 +0.581830E-03 +0.000000E+00 +0.000000E+00
 +0.148320E+01 -0.104460E+03 +0.111208E+03 -0.741572E+02 +0.122267E+02 +0.152291E+02 +0.000000E+00 +0.000000E+00 +0.188064E-02 -0.164129E-02 +0.000000E+00 +0.578705E-03 +0.000000E+00 +0.000000E+00
 +0.148320E+01 -0.104470E+03 +0.111251E+03 -0.740732E+02 +0.122687E+02 +0.151468E+02 +0.000000E+00 +0.000000E+00 +0.188067E-02 -0.164050E-02 +0.000000E+00 +0.575579E-03 +0.000000E+00 +0.000000E+00
 +0.148320E+01 -0.104480E+03 +0.111294E+03 -0.739892E+02 +0.123107E+02 +0.150646E+02 +0.000000E+00 +0.000000E+00 +0.188069E-02 -0.163970E-02 +0.000000E+00 +0.572453E-03 +0.000000E+00 +0.000000E+00
 +0.148320E+01 -0.104490E+03 +0.111338E+03 -0.739052E+02 +0.123527E+02 +0.149823E+02 +0.000000E+00 +0.000000E+00 +0.188071E-02 -0.163890E-02 +0.000000E+00 +0.569327E-03 +0.000000E+00 +0.000000E+00
 +0.148320E+01 -0.104500E+03 +0.111381E+03 -0.738212E+02 +0.123947E+02 +0.149000E+02 +0.000000E+00 +0.000000E+00 +0.188074E-02 -0.163810E-02 +0.000000E+00 +0.566201E-03 +0.000000E+00 +0.000000E+00
 +0.148320E+01 -0.104510E+03 +0.111424E+03 -0.737372E+02 +0.124367E+02 +0.148178E+02 +0.000000E+00 +0.000000E+00 +0.188076E-02 -0.163731E-02 +0.000000E+00 +0.563075E-03 +0.000000E+00 +0.000000E+00
 +0.148320E+01 -0.104520E+03 +0.111468E+03 -0.736533E+02 +0.124787E+02 +0.147355E+02 +0.000000E+00 +0.000000E+00 +0.188079E-02 -0.163651E-02 +0.000000E+00 +0.559950E-03 +0.000000E+00 +0.000000E+00
 +0.148320E+01 -0.104530E+03 +0.111511E+03 -0.735693E+02 +0.125207E+02 +0.146533E+02 +0.000000E+00 +0.000000E+00 +0.188081E-02 -0.163571E-02 +0.000000E+00 +0.556824E-03 +0.000000E+00 +0.000000E+00
 +0.148320E+01 -0.104540E+03 +0.111554E+03 -0.734853E+02 +0.125627E+02 +0.145710E+02 +0.000000E+00 +0.000000E+00 +0.188084E-02 -0.163491E-02 +0.000000E+00 +0.553698E-03 +0.000000E+00 +0.000000E+00
 +0.148320E+01 -0.104550E+03 +0.111598E+03 -0.734013E+02 +0.126047E+02 +0.144887E+02 +0.000000E+00 +0.000000E+00 +0.188086E-02 -0.163412E-02 +0.000000E+00 +0.550572E-03 +0.000000E+00 +0.000000E+00
 +0.148320E+01 -0.104560E+03 +0.111641E+03 -0.733173E+02 +0.126467E+02 +0.144065E+02 +0.000000E+00 +0.000000E+00 +0.188089E-02 -0.163332E-02 +0.000000E+00 +0.547446E-03 +0.000000E+00 +0.000000E+00
 +0.148320E+01 -0.104570E+03 +0.111684E+03 -0.732333E+02 +0.126887E+02 +0.143242E+02 +0.000000E+00 +0.000000E+00 +0.188091E-02 -0.163252E-02 +0.000000E+00 +0.544320E-03 +0.000000E+00 +0.000000E+00
 +0.148320E+01 -0.104580E+03 +0.111727E+03 -0.731494E+02 +0.127308E+02 +0.142420E+02 +0.000000E+00 +0.000000E+00 +0.188094E-02 -0.163172E-02 +0.000000E+00 +0.541195E-03 +0.000000E+00 +0.000000E+00
 +0.148320E+01 -0.104590E+03 +0.111771E+03 -0.730654E+02 +0.127728E+02 +0.141597E+02 +0.000000E+00 +0.000000E+00 +0.188096E-02 -0.163092E-02 +0.000000E+00 +0.538069E-03 +0.000000E+00 +0.000000E+00
 +0.148320E+01 -0.104600E+03 +0.111814E+03 -0.729814E+02 +0.128148E+02 +0.140774E+02 +0.000000E+00 +0.000000E+00 +0.188099E-02 -0.163013E-02 +0.000000E+00 +0.534943E-03 +0.000000E+00 +0.000000E+00
 +0.148320E+01 -0.104610E+03 +0.111857E+03 -0.728974E+02 +0.128568E+02 +0.139952E+02 +0.000000E+00 +0.000000E+00 +0.188101E-02 -0.162933E-02 +0.000000E+00 +0.531817E-03 +0.000000E+00 +0.000000E+00
 +0.148320E+01 -0.104620E+03 +0.111901E+03 -0.728134E+02 +0.128988E+02 +0.139129E+02 +0.000000E+00 +0.000000E+00 +0.188103E-02 -0.162853E-02 +0.000000E+00 +0.528691E-03 +0.000000E+00 +0.000000E+00
 +0.148320E+01 -0.104630E+03 +0.111944E+03 -0.727295E+02 +0.129408E+02 +0.138307E+02 +0.000000E+00 +0.000000E+00 +0.188106E-02 -0.162773E-02 +0.000000E+00 +0.525565E-03 +0.000000E+00 +0.000000E+00
 +0.148320E+01 -0.104640E+03 +0.111987E+03 -0.726455E+02 +0.129828E+02 +0.137484E+02 +0.000000E+00 +0.000000E+00 +0.188108E-02 -0.162694E-02 +0.000000E+00 +0.522440E-03 +0.000000E+00 +0.000000E+00
 +0.148320E+01 -0.104650E+03 +0.112030E+03 -0.725615E+02 +0.130248E+02 +0.136662E+02 +0.000000E+00 +0.000000E+00 +0.188111E-02 -0.162614E-02 +0.000000E+00 +0.519314E-03 +0.000000E+00 +0.000000E+00
 +0.148320E+01 -0.104660E+03 +0.112074E+03 -0.724775E+02 +0.130668E+02 +0.135839E+02 +0.000000E+00 +0.000000E+00 +0.188113E-02 -0.162534E-02 +0.000000E+00 +0.516188E-03 +0.000000E+00 +0.000000E+00
 +0.148320E+01 -0.104670E+03 +0.112117E+03 -0.723935E+02 +0.131088E+02 +0.135016E+02 +0.000000E+00 +0.000000E+00 +0.188116E-02 -0.162454E-02 +0.000000E+00 +0.513062E-03 +0.000000E+00 +0.000000E+00
 +0.148320E+01 -0.104680E+03 +0.112160E+03 -0.723095E+02 +0.131508E+02 +0.134194E+02 +0.000000E+00 +0.000000E+00 +0.188118E-02 -0.162375E-02 +0.000000E+00 +0.509936E-03 +0.000000E+00 +0.000000E+00
 +0.148320E+01 -0.104690E+03 +0.112204E+03 -0.722256E+02 +0.131928E+02 +0.133371E+02 +0.000000E+00 +0.000000E+00 +0.188121E-02 -0.162295E-02 +0.000000E+00 +0.506811E-03 +0.000000E+00 +0.000000E+00
 +0.148320E+01 -0.104700E+03 +0.112247E+03 -0.721416E+02 +0.132348E+02 +0.132549E+02 +0.000000E+00 +0.000000E+00 +0.188123E-02 -0.162215E-02 +0.000000E+00 +0.503685E-03 +0.000000E+00 +0.000000E+00
 +0.148320E+01 -0.104710E+03 +0.112290E+03 -0.720576E+02 +0.132768E+02 +0.131726E+02 +0.000000E+00 +0.000000E+00 +0.188126E-02 -0.162135E-02 +0.000000E+00 +0.500559E-03 +0.000000E+00 +0.000000E+00
 +0.148320E+01 -0.104720E+03 +0.112334E+03 -0.719736E+02 +0.133188E+02 +0.130903E+02 +0.000000E+00 +0.000000E+00 +0.188128E-02 -0.162056E-02 +0.000000E+00 +0.497433E-03 +0.000000E+00 +0.000000E+00
 +0.148320E+01 -0.104730E+03 +0.112377E+03 -0.718896E+02 +0.133608E+02 +0.130081E+02 +0.000000E+00 +0.000000E+00 +0.188131E-02 -0.161976E-02 +0.000000E+00 +0.494307E-03 +0.000000E+00 +0.000000E+00
 +0.148320E+01 -0.104740E+03 +0.112420E+03 -0.718056E+02 +0.134028E+02 +0.129258E+02 +0.000000E+00 +0.000000E+00 +0.188133E-02 -0.161896E-02 +0.000000E+00 +0.491181E-03 +0.000000E+00 +0.000000E+00
 +0.148320E+01 -0.104750E+03 +0.112450E+03 -0.717605E+02 +0.134277E+02 +0.128604E+02 +0.000000E+00 +0.000000E+00 +0.188143E-02 -0.161857E-02 +0.000000E+00 +0.488697E-03 +0.000000E+00 +0.000000E+00
 +0.148320E+01 -0.104760E+03 +0.112475E+03 -0.717310E+02 +0.134457E+02 +0.128019E+02 +0.000000E+00 +0.000000E+00 +0.188157E-02 -0.161836E-02 +0.000000E+00 +0.486472E-03 +0.000000E+00 +0.000000E+00
 +0.148320E+01 -0.104770E+03 +0.112500E+03 -0.717015E+02 +0.134637E+02 +0.127433E+02 +0.000000E+00 +0.000000E+00 +0.188170E-02 -0.161814E-02 +0.000000E+00 +0.484247E-03 +0.000000E+00 +0.000000E+00
 +0.148320E+01 -0.104780E+03 +0.112525E+03 -0.716720E+02 +0.134816E+02 +0.126848E+02 +0.000000E+00 +0.000000E+00 +0.188183E-02 -0.161792E-02 +0.000000E+00 +0.482022E-03 +0.000000E+00 +0.000000E+00
 +0.148320E+01 -0.104790E+03 +0.112551E+03 -0.716426E+02 +0.134996E+02 +0.126263E+02 +0.000000E+00 +0.000000E+00 +0.188197E-02 -0.161770E-02 +0.000000E+00 +0.479798E-03 +0.000000E+00 +0.000000E+00
 +0.148320E+01 -0.104800E+03 +0.112576E+03 -0.716131E+02 +0.135176E+02 +0.125677E+02 +0.000000E+00 +0.000000E+00 +0.188210E-02 -0.161748E-02 +0.000000E+00 +0.477573E-03 +0.000000E+00 +0.000000E+00
 +0.148320E+01 -0.104810E+03 +0.112601E+03 -0.715836E+02 +0.135356E+02 +0.125092E+02 +0.000000E+00 +0.000000E+00 +0.188223E-02 -0.161726E-02 +0.000000E+00 +0.475348E-03 +0.000000E+00 +0.000000E+00
 +0.148320E+01 -0.104820E+03 +0.112626E+03 -0.715541E+02 +0.135536E+02 +0.124506E+02 +0.000000E+00 +0.000000E+00 +0.188237E-02 -0.161705E-02 +0.000000E+00 +0.473123E-03 +0.000000E+00 +0.000000E+00
 +0.148320E+01 -0.104830E+03 +0.112651E+03 -0.715247E+02 +0.135715E+02 +0.123921E+02 +0.000000E+00 +0.000000E+00 +0.188250E-02 -0.161683E-02 +0.000000E+00 +0.470898E-03 +0.000000E+00 +0.000000E+00
 +0.148320E+01 -0.104840E+03 +0.112676E+03 -0.714952E+02 +0.135895E+02 +0.123335E+02 +0.000000E+00 +0.000000E+00 +0.188264E-02 -0.161661E-02 +0.000000E+00 +0.468673E-03 +0.000000E+00 +0.000000E+00
 +0.148320E+01 -0.104850E+03 +0.112701E+03 -0.714657E+02 +0.136075E+02 +0.122750E+02 +0.000000E+00 +0.000000E+00 +0.188277E-02 -0.161639E-02 +0.000000E+00 +0.466449E-03 +0.000000E+00 +0.000000E+00
 +0.148320E+01 -0.104860E+03 +0.112726E+03 -0.714363E+02 +0.136255E+02 +0.122164E+02 +0.000000E+00 +0.000000E+00 +0.188290E-02 -0.161617E-02 +0.000000E+00 +0.464224E-03 +0.000000E+00 +0.000000E+00
 +0.148320E+01 -0.104870E+03 +0.112751E+03 -0.714068E+02 +0.136435E+02 +0.121579E+02 +0.000000E+00 +0.000000E+00 +0.188304E-02 -0.161595E-02 +0.000000E+00 +0.461999E-03 +0.000000E+00 +0.000000E+00
 +0.148320E+01 -0.104880E+03 +0.112776E+03 -0.713773E+02 +0.136615E+02 +0.120993E+02 +0.000000E+00 +0.000000E+00 +0.188317E-02 -0.161574E-02 +0.000000E+00 +0.459774E-03 +0.000000E+00 +0.000000E+00
 +0.148320E+01 -0.104890E+03 +0.112801E+03 -0.713478E+02 +0.136794E+02 +0.120408E+02 +0.000000E+00 +0.000000E+00 +0.188330E-02 -0.161552E-02 +0.000000E+00 +0.457549E-03 +0.000000E+00 +0.000000E+00
 +0.148320E+01 -0.104900E+03 +0.112826E+03 -0.713184E+02 +0.136974E+02 +0.119822E+02 +0.000000E+00 +0.000000E+00 +0.188344E-02 -0.161530E-02 +0.000000E+00 +0.455325E-03 +0.000000E+00 +0.000000E+00
 +0.148320E+01 -0.104910E+03 +0.112851E+03 -0.712889E+02 +0.137154E+02 +0.119237E+02 +0.000000E+00 +0.000000E+00 +0.188357E-02 -0.161508E-02 +0.000000E+00 +0.453100E-03 +0.000000E+00 +0.000000E+00
 +0.148320E+01 -0.104920E+03 +0.112876E+03 -0.712594E+02 +0.137334E+02 +0.118651E+02 +0.000000E+00 +0.000000E+00 +0.188370E-02 -0.161486E-02 +0.000000E+00 +0.450875E-03 +0.000000E+00 +0.000000E+00
 +0.148320E+01 -0.104930E+03 +0.112901E+03 -0.712299E+02 +0.137514E+02 +0.118066E+02 +0.000000E+00 +0.000000E+00 +0.188384E-02 -0.161464E-02 +0.000000E+00 +0.448650E-03 +0.000000E+00 +0.000000E+00
 +0.148320E+01 -0.104940E+03 +0.112926E+03 -0.712005E+02 +0.137693E+02 +0.117480E+02 +0.000000E+00 +0.000000E+00 +0.188397E-02 -0.161443E-02 +0.000000E+00 +0.446425E-03 +0.000000E+00 +0.000000E+00
 +0.148320E+01 -0.104950E+03 +0.112951E+03 -0.711710E+02 +0.137873E+02 +0.116895E+02 +0.000000E+00 +0.000000E+00 +0.188411E-02 -0.161421E-02 +0.000000E+00 +0.444201E-03 +0.000000E+00 +0.000000E+00
 +0.148320E+01 -0.104960E+03 +0.112976E+03 -0.711415E+02 +0.138053E+02 +0.116309E+02 +0.000000E+00 +0.000000E+00 +0.188424E-02 -0.161399E-02 +0.000000E+00 +0.441976E-03 +0.000000E+00 +0.000000E+00
 +0.148320E+01 -0.104970E+03 +0.113001E+03 -0.711121E+02 +0.138233E+02 +0.115724E+02 +0.000000E+00 +0.000000E+00 +0.188437E-02 -0.161377E-02 +0.000000E+00 +0.439751E-03 +0.000000E+00 +0.000000E+00
 +0.148320E+01 -0.104980E+03 +0.113026E+03 -0.710826E+02 +0.138413E+02 +0.115138E+02 +0.000000E+00 +0.000000E+00 +0.188451E-02 -0.161355E-02 +0.000000E+00 +0.437526E-03 +0.000000E+00 +0.000000E+00
 +0.148320E+01 -0.104990E+03 +0.113039E+03 -0.710283E+02 +0.138634E+02 +0.114559E+02 +0.000000E+00 +0.000000E+00 +0.188433E-02 -0.161294E-02 +0.000000E+00 +0.435325E-03 +0.000000E+00 +0.000000E+00
