%X Y s_xx s_yy s_zz s_xy s_xz s_yz e_xx e_yy e_zz e_xy e_xz e_yz
 +0.110366E+01 -0.100000E+03 -0.391058E+03 -0.219054E+02 -0.136278E+03 +0.304543E+02 +0.000000E+00 +0.000000E+00 -0.484082E-02 +0.217308E-02 +0.000000E+00 +0.115726E-02 +0.000000E+00 +0.000000E+00
 +0.110366E+01 -0.100010E+03 -0.384099E+03 -0.272029E+02 -0.135730E+03 +0.346870E+02 +0.000000E+00 +0.000000E+00 -0.471902E-02 +0.206201E-02 +0.000000E+00 +0.131811E-02 +0.000000E+00 +0.000000E+00
 +0.110366E+01 -0.100020E+03 -0.377141E+03 -0.324935E+02 -0.135179E+03 +0.389358E+02 +0.000000E+00 +0.000000E+00 -0.459727E-02 +0.195103E-02 +0.000000E+00 +0.147956E-02 +0.000000E+00 +0.000000E+00
 +0.110366E+01 -0.100030E+03 -0.370386E+03 -0.365443E+02 -0.134287E+03 +0.461249E+02 +0.000000E+00 +0.000000E+00 -0.448588E-02 +0.185711E-02 +0.000000E+00 +0.175275E-02 +0.000000E+00 +0.000000E+00
 +0.110366E+01 -0.100040E+03 -0.363646E+03 -0.405868E+02 -0.133397E+03 +0.532806E+02 +0.000000E+00 +0.000000E+00 -0.437473E-02 +0.176339E-02 +0.000000E+00 +0.202466E-02 +0.000000E+00 +0.000000E+00
 +0.110366E+01 -0.100050E+03 -0.358320E+03 -0.438815E+02 -0.132727E+03 +0.574033E+02 +0.000000E+00 +0.000000E+00 -0.428628E-02 +0.168806E-02 +0.000000E+00 +0.218133E-02 +0.000000E+00 +0.000000E+00
 +0.110366E+01 -0.100060E+03 -0.353005E+03 -0.471675E+02 -0.132057E+03 +0.615048E+02 +0.000000E+00 +0.000000E+00 -0.419801E-02 +0.161290E-02 +0.000000E+00 +0.233718E-02 +0.000000E+00 +0.000000E+00
 +0.110366E+01 -0.100070E+03 -0.348327E+03 -0.499274E+02 -0.131424E+03 +0.643303E+02 +0.000000E+00 +0.000000E+00 -0.412116E-02 +0.154844E-02 +0.000000E+00 +0.244455E-02 +0.000000E+00 +0.000000E+00
 +0.110366E+01 -0.100080E+03 -0.343660E+03 -0.526788E+02 -0.130792E+03 +0.671386E+02 +0.000000E+00 +0.000000E+00 -0.404450E-02 +0.148415E-02 +0.000000E+00 +0.255127E-02 +0.000000E+00 +0.000000E+00
 +0.110366E+01 -0.100090E+03 -0.339460E+03 -0.550476E+02 -0.130188E+03 +0.691700E+02 +0.000000E+00 +0.000000E+00 -0.397618E-02 +0.142766E-02 +0.000000E+00 +0.262846E-02 +0.000000E+00 +0.000000E+00
 +0.110366E+01 -0.100100E+03 -0.335271E+03 -0.574081E+02 -0.129584E+03 +0.711868E+02 +0.000000E+00 +0.000000E+00 -0.390805E-02 +0.137134E-02 +0.000000E+00 +0.270510E-02 +0.000000E+00 +0.000000E+00
 +0.110366E+01 -0.100110E+03 -0.331436E+03 -0.594701E+02 -0.128999E+03 +0.726806E+02 +0.000000E+00 +0.000000E+00 -0.384631E-02 +0.132105E-02 +0.000000E+00 +0.276186E-02 +0.000000E+00 +0.000000E+00
 +0.110366E+01 -0.100120E+03 -0.327612E+03 -0.615239E+02 -0.128415E+03 +0.741618E+02 +0.000000E+00 +0.000000E+00 -0.378475E-02 +0.127093E-02 +0.000000E+00 +0.281815E-02 +0.000000E+00 +0.000000E+00
 +0.110366E+01 -0.100130E+03 -0.324082E+03 -0.633357E+02 -0.127848E+03 +0.752681E+02 +0.000000E+00 +0.000000E+00 -0.372846E-02 +0.122573E-02 +0.000000E+00 +0.286019E-02 +0.000000E+00 +0.000000E+00
 +0.110366E+01 -0.100140E+03 -0.320563E+03 -0.651395E+02 -0.127282E+03 +0.763632E+02 +0.000000E+00 +0.000000E+00 -0.367234E-02 +0.118070E-02 +0.000000E+00 +0.290180E-02 +0.000000E+00 +0.000000E+00
 +0.110366E+01 -0.100150E+03 -0.317295E+03 -0.667415E+02 -0.126732E+03 +0.771775E+02 +0.000000E+00 +0.000000E+00 -0.362069E-02 +0.113982E-02 +0.000000E+00 +0.293274E-02 +0.000000E+00 +0.000000E+00
 +0.110366E+01 -0.100160E+03 -0.314036E+03 -0.683357E+02 -0.126183E+03 +0.779820E+02 +0.000000E+00 +0.000000E+00 -0.356921E-02 +0.109909E-02 +0.000000E+00 +0.296332E-02 +0.000000E+00 +0.000000E+00
 +0.110366E+01 -0.100170E+03 -0.310997E+03 -0.697588E+02 -0.125649E+03 +0.785711E+02 +0.000000E+00 +0.000000E+00 -0.352160E-02 +0.106192E-02 +0.000000E+00 +0.298570E-02 +0.000000E+00 +0.000000E+00
 +0.110366E+01 -0.100180E+03 -0.307968E+03 -0.711742E+02 -0.125117E+03 +0.791515E+02 +0.000000E+00 +0.000000E+00 -0.347417E-02 +0.102491E-02 +0.000000E+00 +0.300776E-02 +0.000000E+00 +0.000000E+00
 +0.110366E+01 -0.100190E+03 -0.305132E+03 -0.724424E+02 -0.124600E+03 +0.795634E+02 +0.000000E+00 +0.000000E+00 -0.343012E-02 +0.990988E-03 +0.000000E+00 +0.302341E-02 +0.000000E+00 +0.000000E+00
 +0.110366E+01 -0.100200E+03 -0.302307E+03 -0.737032E+02 -0.124083E+03 +0.799676E+02 +0.000000E+00 +0.000000E+00 -0.338625E-02 +0.957222E-03 +0.000000E+00 +0.303877E-02 +0.000000E+00 +0.000000E+00
 +0.110366E+01 -0.100210E+03 -0.299654E+03 -0.748362E+02 -0.123582E+03 +0.802385E+02 +0.000000E+00 +0.000000E+00 -0.334538E-02 +0.926169E-03 +0.000000E+00 +0.304906E-02 +0.000000E+00 +0.000000E+00
 +0.110366E+01 -0.100220E+03 -0.297012E+03 -0.759620E+02 -0.123081E+03 +0.805026E+02 +0.000000E+00 +0.000000E+00 -0.330468E-02 +0.895268E-03 +0.000000E+00 +0.305910E-02 +0.000000E+00 +0.000000E+00
 +0.110366E+01 -0.100230E+03 -0.294525E+03 -0.769762E+02 -0.122595E+03 +0.806602E+02 +0.000000E+00 +0.000000E+00 -0.326666E-02 +0.866764E-03 +0.000000E+00 +0.306509E-02 +0.000000E+00 +0.000000E+00
 +0.110366E+01 -0.100240E+03 -0.292048E+03 -0.779836E+02 -0.122110E+03 +0.808118E+02 +0.000000E+00 +0.000000E+00 -0.322881E-02 +0.838408E-03 +0.000000E+00 +0.307085E-02 +0.000000E+00 +0.000000E+00
 +0.110366E+01 -0.100250E+03 -0.289711E+03 -0.788928E+02 -0.121639E+03 +0.808779E+02 +0.000000E+00 +0.000000E+00 -0.319336E-02 +0.812181E-03 +0.000000E+00 +0.307336E-02 +0.000000E+00 +0.000000E+00
 +0.110366E+01 -0.100260E+03 -0.287383E+03 -0.797954E+02 -0.121169E+03 +0.809387E+02 +0.000000E+00 +0.000000E+00 -0.315807E-02 +0.786097E-03 +0.000000E+00 +0.307567E-02 +0.000000E+00 +0.000000E+00
 +0.110366E+01 -0.100270E+03 -0.285183E+03 -0.806116E+02 -0.120712E+03 +0.809305E+02 +0.000000E+00 +0.000000E+00 -0.312494E-02 +0.761910E-03 +0.000000E+00 +0.307536E-02 +0.000000E+00 +0.000000E+00
 +0.110366E+01 -0.100280E+03 -0.282992E+03 -0.814215E+02 -0.120256E+03 +0.809177E+02 +0.000000E+00 +0.000000E+00 -0.309197E-02 +0.737862E-03 +0.000000E+00 +0.307487E-02 +0.000000E+00 +0.000000E+00
 +0.110366E+01 -0.100290E+03 -0.280916E+03 -0.821549E+02 -0.119813E+03 +0.808490E+02 +0.000000E+00 +0.000000E+00 -0.306095E-02 +0.715509E-03 +0.000000E+00 +0.307226E-02 +0.000000E+00 +0.000000E+00
 +0.110366E+01 -0.100300E+03 -0.278849E+03 -0.828823E+02 -0.119371E+03 +0.807763E+02 +0.000000E+00 +0.000000E+00 -0.303008E-02 +0.693291E-03 +0.000000E+00 +0.306950E-02 +0.000000E+00 +0.000000E+00
 +0.110366E+01 -0.100310E+03 -0.276887E+03 -0.835419E+02 -0.118941E+03 +0.806583E+02 +0.000000E+00 +0.000000E+00 -0.300096E-02 +0.672591E-03 +0.000000E+00 +0.306501E-02 +0.000000E+00 +0.000000E+00
 +0.110366E+01 -0.100320E+03 -0.274934E+03 -0.841958E+02 -0.118513E+03 +0.805367E+02 +0.000000E+00 +0.000000E+00 -0.297200E-02 +0.652021E-03 +0.000000E+00 +0.306040E-02 +0.000000E+00 +0.000000E+00
 +0.110366E+01 -0.100330E+03 -0.273076E+03 -0.847895E+02 -0.118096E+03 +0.803784E+02 +0.000000E+00 +0.000000E+00 -0.294462E-02 +0.632814E-03 +0.000000E+00 +0.305438E-02 +0.000000E+00 +0.000000E+00
 +0.110366E+01 -0.100340E+03 -0.271227E+03 -0.853778E+02 -0.117679E+03 +0.802171E+02 +0.000000E+00 +0.000000E+00 -0.291740E-02 +0.613732E-03 +0.000000E+00 +0.304825E-02 +0.000000E+00 +0.000000E+00
 +0.110366E+01 -0.100350E+03 -0.269464E+03 -0.859125E+02 -0.117274E+03 +0.800258E+02 +0.000000E+00 +0.000000E+00 -0.289161E-02 +0.595875E-03 +0.000000E+00 +0.304098E-02 +0.000000E+00 +0.000000E+00
 +0.110366E+01 -0.100360E+03 -0.267710E+03 -0.864420E+02 -0.116870E+03 +0.798319E+02 +0.000000E+00 +0.000000E+00 -0.286596E-02 +0.578138E-03 +0.000000E+00 +0.303361E-02 +0.000000E+00 +0.000000E+00
 +0.110366E+01 -0.100370E+03 -0.266036E+03 -0.869237E+02 -0.116477E+03 +0.796137E+02 +0.000000E+00 +0.000000E+00 -0.284162E-02 +0.561505E-03 +0.000000E+00 +0.302532E-02 +0.000000E+00 +0.000000E+00
 +0.110366E+01 -0.100380E+03 -0.264369E+03 -0.874005E+02 -0.116084E+03 +0.793932E+02 +0.000000E+00 +0.000000E+00 -0.281742E-02 +0.544987E-03 +0.000000E+00 +0.301694E-02 +0.000000E+00 +0.000000E+00
 +0.110366E+01 -0.100390E+03 -0.262775E+03 -0.878347E+02 -0.115701E+03 +0.791530E+02 +0.000000E+00 +0.000000E+00 -0.279441E-02 +0.529466E-03 +0.000000E+00 +0.300781E-02 +0.000000E+00 +0.000000E+00
 +0.110366E+01 -0.100400E+03 -0.261189E+03 -0.882642E+02 -0.115320E+03 +0.789108E+02 +0.000000E+00 +0.000000E+00 -0.277152E-02 +0.514054E-03 +0.000000E+00 +0.299861E-02 +0.000000E+00 +0.000000E+00
 +0.110366E+01 -0.100410E+03 -0.259670E+03 -0.886555E+02 -0.114947E+03 +0.786525E+02 +0.000000E+00 +0.000000E+00 -0.274973E-02 +0.499544E-03 +0.000000E+00 +0.298880E-02 +0.000000E+00 +0.000000E+00
 +0.110366E+01 -0.100420E+03 -0.258158E+03 -0.890424E+02 -0.114576E+03 +0.783926E+02 +0.000000E+00 +0.000000E+00 -0.272805E-02 +0.485140E-03 +0.000000E+00 +0.297892E-02 +0.000000E+00 +0.000000E+00
 +0.110366E+01 -0.100430E+03 -0.256707E+03 -0.893951E+02 -0.114214E+03 +0.781196E+02 +0.000000E+00 +0.000000E+00 -0.270737E-02 +0.471552E-03 +0.000000E+00 +0.296855E-02 +0.000000E+00 +0.000000E+00
 +0.110366E+01 -0.100440E+03 -0.255263E+03 -0.897435E+02 -0.113852E+03 +0.778452E+02 +0.000000E+00 +0.000000E+00 -0.268681E-02 +0.458066E-03 +0.000000E+00 +0.295812E-02 +0.000000E+00 +0.000000E+00
 +0.110366E+01 -0.100450E+03 -0.253876E+03 -0.900612E+02 -0.113499E+03 +0.775603E+02 +0.000000E+00 +0.000000E+00 -0.266715E-02 +0.445320E-03 +0.000000E+00 +0.294729E-02 +0.000000E+00 +0.000000E+00
 +0.110366E+01 -0.100460E+03 -0.252495E+03 -0.903750E+02 -0.113147E+03 +0.772741E+02 +0.000000E+00 +0.000000E+00 -0.264761E-02 +0.432672E-03 +0.000000E+00 +0.293642E-02 +0.000000E+00 +0.000000E+00
 +0.110366E+01 -0.100470E+03 -0.251166E+03 -0.906610E+02 -0.112803E+03 +0.769794E+02 +0.000000E+00 +0.000000E+00 -0.262890E-02 +0.420698E-03 +0.000000E+00 +0.292522E-02 +0.000000E+00 +0.000000E+00
 +0.110366E+01 -0.100480E+03 -0.249844E+03 -0.909432E+02 -0.112460E+03 +0.766836E+02 +0.000000E+00 +0.000000E+00 -0.261030E-02 +0.408817E-03 +0.000000E+00 +0.291398E-02 +0.000000E+00 +0.000000E+00
 +0.110366E+01 -0.100490E+03 -0.248570E+03 -0.912004E+02 -0.112124E+03 +0.763810E+02 +0.000000E+00 +0.000000E+00 -0.259247E-02 +0.397551E-03 +0.000000E+00 +0.290248E-02 +0.000000E+00 +0.000000E+00
 +0.110366E+01 -0.100500E+03 -0.247302E+03 -0.914540E+02 -0.111790E+03 +0.760774E+02 +0.000000E+00 +0.000000E+00 -0.257474E-02 +0.386374E-03 +0.000000E+00 +0.289094E-02 +0.000000E+00 +0.000000E+00
 +0.110366E+01 -0.100510E+03 -0.246078E+03 -0.916850E+02 -0.111462E+03 +0.757683E+02 +0.000000E+00 +0.000000E+00 -0.255771E-02 +0.375760E-03 +0.000000E+00 +0.287920E-02 +0.000000E+00 +0.000000E+00
 +0.110366E+01 -0.100520E+03 -0.244861E+03 -0.919126E+02 -0.111135E+03 +0.754585E+02 +0.000000E+00 +0.000000E+00 -0.254079E-02 +0.365231E-03 +0.000000E+00 +0.286742E-02 +0.000000E+00 +0.000000E+00
 +0.110366E+01 -0.100530E+03 -0.243684E+03 -0.921197E+02 -0.110815E+03 +0.751443E+02 +0.000000E+00 +0.000000E+00 -0.252451E-02 +0.355217E-03 +0.000000E+00 +0.285548E-02 +0.000000E+00 +0.000000E+00
 +0.110366E+01 -0.100540E+03 -0.242514E+03 -0.923235E+02 -0.110496E+03 +0.748294E+02 +0.000000E+00 +0.000000E+00 -0.250833E-02 +0.345285E-03 +0.000000E+00 +0.284352E-02 +0.000000E+00 +0.000000E+00
 +0.110366E+01 -0.100550E+03 -0.241381E+03 -0.925086E+02 -0.110184E+03 +0.745111E+02 +0.000000E+00 +0.000000E+00 -0.249275E-02 +0.335826E-03 +0.000000E+00 +0.283142E-02 +0.000000E+00 +0.000000E+00
 +0.110366E+01 -0.100560E+03 -0.240255E+03 -0.926906E+02 -0.109872E+03 +0.741922E+02 +0.000000E+00 +0.000000E+00 -0.247727E-02 +0.326446E-03 +0.000000E+00 +0.281930E-02 +0.000000E+00 +0.000000E+00
 +0.110366E+01 -0.100570E+03 -0.239163E+03 -0.928556E+02 -0.109566E+03 +0.738705E+02 +0.000000E+00 +0.000000E+00 -0.246234E-02 +0.317502E-03 +0.000000E+00 +0.280708E-02 +0.000000E+00 +0.000000E+00
 +0.110366E+01 -0.100580E+03 -0.238078E+03 -0.930177E+02 -0.109262E+03 +0.735485E+02 +0.000000E+00 +0.000000E+00 -0.244751E-02 +0.308633E-03 +0.000000E+00 +0.279484E-02 +0.000000E+00 +0.000000E+00
 +0.110366E+01 -0.100590E+03 -0.237025E+03 -0.931641E+02 -0.108962E+03 +0.732243E+02 +0.000000E+00 +0.000000E+00 -0.243319E-02 +0.300167E-03 +0.000000E+00 +0.278252E-02 +0.000000E+00 +0.000000E+00
 +0.110366E+01 -0.100600E+03 -0.235978E+03 -0.933078E+02 -0.108664E+03 +0.728997E+02 +0.000000E+00 +0.000000E+00 -0.241896E-02 +0.291773E-03 +0.000000E+00 +0.277019E-02 +0.000000E+00 +0.000000E+00
 +0.110366E+01 -0.100610E+03 -0.234961E+03 -0.934372E+02 -0.108371E+03 +0.725736E+02 +0.000000E+00 +0.000000E+00 -0.240521E-02 +0.283752E-03 +0.000000E+00 +0.275780E-02 +0.000000E+00 +0.000000E+00
 +0.110366E+01 -0.100620E+03 -0.233950E+03 -0.935638E+02 -0.108080E+03 +0.722471E+02 +0.000000E+00 +0.000000E+00 -0.239154E-02 +0.275801E-03 +0.000000E+00 +0.274539E-02 +0.000000E+00 +0.000000E+00
 +0.110366E+01 -0.100630E+03 -0.232968E+03 -0.936774E+02 -0.107793E+03 +0.719195E+02 +0.000000E+00 +0.000000E+00 -0.237832E-02 +0.268195E-03 +0.000000E+00 +0.273294E-02 +0.000000E+00 +0.000000E+00
 +0.110366E+01 -0.100640E+03 -0.231991E+03 -0.937884E+02 -0.107507E+03 +0.715917E+02 +0.000000E+00 +0.000000E+00 -0.236519E-02 +0.260658E-03 +0.000000E+00 +0.272048E-02 +0.000000E+00 +0.000000E+00
 +0.110366E+01 -0.100650E+03 -0.231041E+03 -0.938872E+02 -0.107226E+03 +0.712630E+02 +0.000000E+00 +0.000000E+00 -0.235247E-02 +0.253441E-03 +0.000000E+00 +0.270800E-02 +0.000000E+00 +0.000000E+00
 +0.110366E+01 -0.100660E+03 -0.230096E+03 -0.939836E+02 -0.106946E+03 +0.709342E+02 +0.000000E+00 +0.000000E+00 -0.233984E-02 +0.246290E-03 +0.000000E+00 +0.269550E-02 +0.000000E+00 +0.000000E+00
 +0.110366E+01 -0.100670E+03 -0.229176E+03 -0.940688E+02 -0.106671E+03 +0.706049E+02 +0.000000E+00 +0.000000E+00 -0.232760E-02 +0.239438E-03 +0.000000E+00 +0.268299E-02 +0.000000E+00 +0.000000E+00
 +0.110366E+01 -0.100680E+03 -0.228261E+03 -0.941516E+02 -0.106396E+03 +0.702755E+02 +0.000000E+00 +0.000000E+00 -0.231544E-02 +0.232649E-03 +0.000000E+00 +0.267047E-02 +0.000000E+00 +0.000000E+00
 +0.110366E+01 -0.100690E+03 -0.227370E+03 -0.942241E+02 -0.106126E+03 +0.699457E+02 +0.000000E+00 +0.000000E+00 -0.230364E-02 +0.226140E-03 +0.000000E+00 +0.265794E-02 +0.000000E+00 +0.000000E+00
 +0.110366E+01 -0.100700E+03 -0.226485E+03 -0.942943E+02 -0.105857E+03 +0.696160E+02 +0.000000E+00 +0.000000E+00 -0.229192E-02 +0.219693E-03 +0.000000E+00 +0.264541E-02 +0.000000E+00 +0.000000E+00
 +0.110366E+01 -0.100710E+03 -0.225621E+03 -0.943548E+02 -0.105592E+03 +0.692861E+02 +0.000000E+00 +0.000000E+00 -0.228055E-02 +0.213507E-03 +0.000000E+00 +0.263287E-02 +0.000000E+00 +0.000000E+00
 +0.110366E+01 -0.100720E+03 -0.224762E+03 -0.944132E+02 -0.105328E+03 +0.689563E+02 +0.000000E+00 +0.000000E+00 -0.226925E-02 +0.207381E-03 +0.000000E+00 +0.262034E-02 +0.000000E+00 +0.000000E+00
 +0.110366E+01 -0.100730E+03 -0.223925E+03 -0.944625E+02 -0.105068E+03 +0.686266E+02 +0.000000E+00 +0.000000E+00 -0.225828E-02 +0.201500E-03 +0.000000E+00 +0.260781E-02 +0.000000E+00 +0.000000E+00
 +0.110366E+01 -0.100740E+03 -0.223092E+03 -0.945098E+02 -0.104809E+03 +0.682969E+02 +0.000000E+00 +0.000000E+00 -0.224739E-02 +0.195678E-03 +0.000000E+00 +0.259528E-02 +0.000000E+00 +0.000000E+00
 +0.110366E+01 -0.100750E+03 -0.222279E+03 -0.945487E+02 -0.104553E+03 +0.679675E+02 +0.000000E+00 +0.000000E+00 -0.223679E-02 +0.190086E-03 +0.000000E+00 +0.258276E-02 +0.000000E+00 +0.000000E+00
 +0.110366E+01 -0.100760E+03 -0.221471E+03 -0.945856E+02 -0.104299E+03 +0.676382E+02 +0.000000E+00 +0.000000E+00 -0.222628E-02 +0.184550E-03 +0.000000E+00 +0.257025E-02 +0.000000E+00 +0.000000E+00
 +0.110366E+01 -0.100770E+03 -0.220682E+03 -0.946146E+02 -0.104048E+03 +0.673092E+02 +0.000000E+00 +0.000000E+00 -0.221605E-02 +0.179232E-03 +0.000000E+00 +0.255775E-02 +0.000000E+00 +0.000000E+00
 +0.110366E+01 -0.100780E+03 -0.219897E+03 -0.946417E+02 -0.103798E+03 +0.669804E+02 +0.000000E+00 +0.000000E+00 -0.220589E-02 +0.173969E-03 +0.000000E+00 +0.254526E-02 +0.000000E+00 +0.000000E+00
 +0.110366E+01 -0.100790E+03 -0.219131E+03 -0.946614E+02 -0.103551E+03 +0.666521E+02 +0.000000E+00 +0.000000E+00 -0.219601E-02 +0.168911E-03 +0.000000E+00 +0.253278E-02 +0.000000E+00 +0.000000E+00
 +0.110366E+01 -0.100800E+03 -0.218369E+03 -0.946792E+02 -0.103306E+03 +0.663239E+02 +0.000000E+00 +0.000000E+00 -0.218620E-02 +0.163906E-03 +0.000000E+00 +0.252031E-02 +0.000000E+00 +0.000000E+00
 +0.110366E+01 -0.100810E+03 -0.217624E+03 -0.946902E+02 -0.103064E+03 +0.659964E+02 +0.000000E+00 +0.000000E+00 -0.217664E-02 +0.159095E-03 +0.000000E+00 +0.250786E-02 +0.000000E+00 +0.000000E+00
 +0.110366E+01 -0.100820E+03 -0.216883E+03 -0.946993E+02 -0.102822E+03 +0.656691E+02 +0.000000E+00 +0.000000E+00 -0.216716E-02 +0.154337E-03 +0.000000E+00 +0.249542E-02 +0.000000E+00 +0.000000E+00
 +0.110366E+01 -0.100830E+03 -0.216159E+03 -0.947019E+02 -0.102584E+03 +0.653424E+02 +0.000000E+00 +0.000000E+00 -0.215792E-02 +0.149762E-03 +0.000000E+00 +0.248301E-02 +0.000000E+00 +0.000000E+00
 +0.110366E+01 -0.100840E+03 -0.215439E+03 -0.947027E+02 -0.102347E+03 +0.650160E+02 +0.000000E+00 +0.000000E+00 -0.214875E-02 +0.145238E-03 +0.000000E+00 +0.247061E-02 +0.000000E+00 +0.000000E+00
 +0.110366E+01 -0.100850E+03 -0.214735E+03 -0.946975E+02 -0.102113E+03 +0.646904E+02 +0.000000E+00 +0.000000E+00 -0.213982E-02 +0.140887E-03 +0.000000E+00 +0.245823E-02 +0.000000E+00 +0.000000E+00
 +0.110366E+01 -0.100860E+03 -0.214035E+03 -0.946905E+02 -0.101879E+03 +0.643650E+02 +0.000000E+00 +0.000000E+00 -0.213095E-02 +0.136587E-03 +0.000000E+00 +0.244587E-02 +0.000000E+00 +0.000000E+00
 +0.110366E+01 -0.100870E+03 -0.213349E+03 -0.946778E+02 -0.101649E+03 +0.640405E+02 +0.000000E+00 +0.000000E+00 -0.212231E-02 +0.132452E-03 +0.000000E+00 +0.243354E-02 +0.000000E+00 +0.000000E+00
 +0.110366E+01 -0.100880E+03 -0.212668E+03 -0.946633E+02 -0.101419E+03 +0.637163E+02 +0.000000E+00 +0.000000E+00 -0.211373E-02 +0.128366E-03 +0.000000E+00 +0.242122E-02 +0.000000E+00 +0.000000E+00
 +0.110366E+01 -0.100890E+03 -0.212001E+03 -0.946435E+02 -0.101193E+03 +0.633930E+02 +0.000000E+00 +0.000000E+00 -0.210536E-02 +0.124436E-03 +0.000000E+00 +0.240893E-02 +0.000000E+00 +0.000000E+00
 +0.110366E+01 -0.100900E+03 -0.211339E+03 -0.946220E+02 -0.100967E+03 +0.630700E+02 +0.000000E+00 +0.000000E+00 -0.209706E-02 +0.120555E-03 +0.000000E+00 +0.239666E-02 +0.000000E+00 +0.000000E+00
 +0.110366E+01 -0.100910E+03 -0.210689E+03 -0.945954E+02 -0.100744E+03 +0.627480E+02 +0.000000E+00 +0.000000E+00 -0.208896E-02 +0.116822E-03 +0.000000E+00 +0.238442E-02 +0.000000E+00 +0.000000E+00
 +0.110366E+01 -0.100920E+03 -0.210044E+03 -0.945672E+02 -0.100522E+03 +0.624263E+02 +0.000000E+00 +0.000000E+00 -0.208093E-02 +0.113137E-03 +0.000000E+00 +0.237220E-02 +0.000000E+00 +0.000000E+00
 +0.110366E+01 -0.100930E+03 -0.209412E+03 -0.945342E+02 -0.100302E+03 +0.621057E+02 +0.000000E+00 +0.000000E+00 -0.207308E-02 +0.109593E-03 +0.000000E+00 +0.236002E-02 +0.000000E+00 +0.000000E+00
 +0.110366E+01 -0.100940E+03 -0.208784E+03 -0.944995E+02 -0.100084E+03 +0.617854E+02 +0.000000E+00 +0.000000E+00 -0.206531E-02 +0.106096E-03 +0.000000E+00 +0.234785E-02 +0.000000E+00 +0.000000E+00
 +0.110366E+01 -0.100950E+03 -0.208168E+03 -0.944604E+02 -0.998674E+02 +0.614662E+02 +0.000000E+00 +0.000000E+00 -0.205771E-02 +0.102734E-03 +0.000000E+00 +0.233572E-02 +0.000000E+00 +0.000000E+00
 +0.110366E+01 -0.100960E+03 -0.207556E+03 -0.944196E+02 -0.996521E+02 +0.611475E+02 +0.000000E+00 +0.000000E+00 -0.205018E-02 +0.994169E-04 +0.000000E+00 +0.232360E-02 +0.000000E+00 +0.000000E+00
 +0.110366E+01 -0.100970E+03 -0.206957E+03 -0.943746E+02 -0.994393E+02 +0.608298E+02 +0.000000E+00 +0.000000E+00 -0.204283E-02 +0.962292E-04 +0.000000E+00 +0.231153E-02 +0.000000E+00 +0.000000E+00
 +0.110366E+01 -0.100980E+03 -0.206361E+03 -0.943280E+02 -0.992273E+02 +0.605126E+02 +0.000000E+00 +0.000000E+00 -0.203554E-02 +0.930861E-04 +0.000000E+00 +0.229948E-02 +0.000000E+00 +0.000000E+00
 +0.110366E+01 -0.100990E+03 -0.205776E+03 -0.942774E+02 -0.990177E+02 +0.601966E+02 +0.000000E+00 +0.000000E+00 -0.202841E-02 +0.900661E-04 +0.000000E+00 +0.228747E-02 +0.000000E+00 +0.000000E+00
 +0.110366E+01 -0.101000E+03 -0.205196E+03 -0.942253E+02 -0.988090E+02 +0.598810E+02 +0.000000E+00 +0.000000E+00 -0.202135E-02 +0.870900E-04 +0.000000E+00 +0.227548E-02 +0.000000E+00 +0.000000E+00
 +0.110366E+01 -0.101010E+03 -0.204626E+03 -0.941693E+02 -0.986025E+02 +0.595667E+02 +0.000000E+00 +0.000000E+00 -0.201445E-02 +0.842314E-04 +0.000000E+00 +0.226353E-02 +0.000000E+00 +0.000000E+00
 +0.110366E+01 -0.101020E+03 -0.204061E+03 -0.941119E+02 -0.983969E+02 +0.592528E+02 +0.000000E+00 +0.000000E+00 -0.200761E-02 +0.814159E-04 +0.000000E+00 +0.225161E-02 +0.000000E+00 +0.000000E+00
 +0.110366E+01 -0.101030E+03 -0.203505E+03 -0.940508E+02 -0.981936E+02 +0.589402E+02 +0.000000E+00 +0.000000E+00 -0.200093E-02 +0.787128E-04 +0.000000E+00 +0.223973E-02 +0.000000E+00 +0.000000E+00
 +0.110366E+01 -0.101040E+03 -0.202954E+03 -0.939883E+02 -0.979910E+02 +0.586281E+02 +0.000000E+00 +0.000000E+00 -0.199430E-02 +0.760521E-04 +0.000000E+00 +0.222787E-02 +0.000000E+00 +0.000000E+00
 +0.110366E+01 -0.101050E+03 -0.202413E+03 -0.939223E+02 -0.977907E+02 +0.583173E+02 +0.000000E+00 +0.000000E+00 -0.198783E-02 +0.734989E-04 +0.000000E+00 +0.221606E-02 +0.000000E+00 +0.000000E+00
 +0.110366E+01 -0.101060E+03 -0.201876E+03 -0.938550E+02 -0.975911E+02 +0.580070E+02 +0.000000E+00 +0.000000E+00 -0.198141E-02 +0.709873E-04 +0.000000E+00 +0.220426E-02 +0.000000E+00 +0.000000E+00
 +0.110366E+01 -0.101070E+03 -0.201348E+03 -0.937843E+02 -0.973937E+02 +0.576980E+02 +0.000000E+00 +0.000000E+00 -0.197513E-02 +0.685786E-04 +0.000000E+00 +0.219252E-02 +0.000000E+00 +0.000000E+00
 +0.110366E+01 -0.101080E+03 -0.200824E+03 -0.937123E+02 -0.971971E+02 +0.573896E+02 +0.000000E+00 +0.000000E+00 -0.196892E-02 +0.662108E-04 +0.000000E+00 +0.218080E-02 +0.000000E+00 +0.000000E+00
 +0.110366E+01 -0.101090E+03 -0.200310E+03 -0.936372E+02 -0.970025E+02 +0.570825E+02 +0.000000E+00 +0.000000E+00 -0.196284E-02 +0.639415E-04 +0.000000E+00 +0.216914E-02 +0.000000E+00 +0.000000E+00
 +0.110366E+01 -0.101100E+03 -0.199799E+03 -0.935607E+02 -0.968087E+02 +0.567760E+02 +0.000000E+00 +0.000000E+00 -0.195682E-02 +0.617124E-04 +0.000000E+00 +0.215749E-02 +0.000000E+00 +0.000000E+00
 +0.110366E+01 -0.101110E+03 -0.199297E+03 -0.934813E+02 -0.966170E+02 +0.564709E+02 +0.000000E+00 +0.000000E+00 -0.195093E-02 +0.595777E-04 +0.000000E+00 +0.214589E-02 +0.000000E+00 +0.000000E+00
 +0.110366E+01 -0.101120E+03 -0.198799E+03 -0.934006E+02 -0.964260E+02 +0.561664E+02 +0.000000E+00 +0.000000E+00 -0.194509E-02 +0.574825E-04 +0.000000E+00 +0.213432E-02 +0.000000E+00 +0.000000E+00
 +0.110366E+01 -0.101130E+03 -0.198310E+03 -0.933171E+02 -0.962370E+02 +0.558633E+02 +0.000000E+00 +0.000000E+00 -0.193939E-02 +0.554777E-04 +0.000000E+00 +0.212281E-02 +0.000000E+00 +0.000000E+00
 +0.110366E+01 -0.101140E+03 -0.197824E+03 -0.932323E+02 -0.960487E+02 +0.555609E+02 +0.000000E+00 +0.000000E+00 -0.193374E-02 +0.535118E-04 +0.000000E+00 +0.211131E-02 +0.000000E+00 +0.000000E+00
 +0.110366E+01 -0.101150E+03 -0.197347E+03 -0.931449E+02 -0.958624E+02 +0.552598E+02 +0.000000E+00 +0.000000E+00 -0.192821E-02 +0.516324E-04 +0.000000E+00 +0.209987E-02 +0.000000E+00 +0.000000E+00
 +0.110366E+01 -0.101160E+03 -0.196874E+03 -0.930562E+02 -0.956768E+02 +0.549594E+02 +0.000000E+00 +0.000000E+00 -0.192274E-02 +0.497913E-04 +0.000000E+00 +0.208846E-02 +0.000000E+00 +0.000000E+00
 +0.110366E+01 -0.101170E+03 -0.196408E+03 -0.929650E+02 -0.954931E+02 +0.546605E+02 +0.000000E+00 +0.000000E+00 -0.191738E-02 +0.480332E-04 +0.000000E+00 +0.207710E-02 +0.000000E+00 +0.000000E+00
 +0.110366E+01 -0.101180E+03 -0.195946E+03 -0.928727E+02 -0.953102E+02 +0.543622E+02 +0.000000E+00 +0.000000E+00 -0.191208E-02 +0.463127E-04 +0.000000E+00 +0.206576E-02 +0.000000E+00 +0.000000E+00
 +0.110366E+01 -0.101190E+03 -0.195492E+03 -0.927778E+02 -0.951290E+02 +0.540654E+02 +0.000000E+00 +0.000000E+00 -0.190689E-02 +0.446718E-04 +0.000000E+00 +0.205448E-02 +0.000000E+00 +0.000000E+00
 +0.110366E+01 -0.101200E+03 -0.195041E+03 -0.926819E+02 -0.949487E+02 +0.537693E+02 +0.000000E+00 +0.000000E+00 -0.190176E-02 +0.430678E-04 +0.000000E+00 +0.204323E-02 +0.000000E+00 +0.000000E+00
 +0.110366E+01 -0.101210E+03 -0.194598E+03 -0.925837E+02 -0.947700E+02 +0.534747E+02 +0.000000E+00 +0.000000E+00 -0.189673E-02 +0.415401E-04 +0.000000E+00 +0.203204E-02 +0.000000E+00 +0.000000E+00
 +0.110366E+01 -0.101220E+03 -0.194159E+03 -0.924843E+02 -0.945922E+02 +0.531808E+02 +0.000000E+00 +0.000000E+00 -0.189176E-02 +0.400487E-04 +0.000000E+00 +0.202087E-02 +0.000000E+00 +0.000000E+00
 +0.110366E+01 -0.101230E+03 -0.193726E+03 -0.923828E+02 -0.944160E+02 +0.528884E+02 +0.000000E+00 +0.000000E+00 -0.188690E-02 +0.386305E-04 +0.000000E+00 +0.200976E-02 +0.000000E+00 +0.000000E+00
 +0.110366E+01 -0.101240E+03 -0.193297E+03 -0.922802E+02 -0.942406E+02 +0.525967E+02 +0.000000E+00 +0.000000E+00 -0.188208E-02 +0.372480E-04 +0.000000E+00 +0.199867E-02 +0.000000E+00 +0.000000E+00
 +0.110366E+01 -0.101250E+03 -0.192876E+03 -0.921755E+02 -0.940669E+02 +0.523065E+02 +0.000000E+00 +0.000000E+00 -0.187737E-02 +0.359356E-04 +0.000000E+00 +0.198765E-02 +0.000000E+00 +0.000000E+00
 +0.110366E+01 -0.101260E+03 -0.192457E+03 -0.920698E+02 -0.938940E+02 +0.520172E+02 +0.000000E+00 +0.000000E+00 -0.187270E-02 +0.346582E-04 +0.000000E+00 +0.197665E-02 +0.000000E+00 +0.000000E+00
 +0.110366E+01 -0.101270E+03 -0.192046E+03 -0.919622E+02 -0.937226E+02 +0.517293E+02 +0.000000E+00 +0.000000E+00 -0.186814E-02 +0.334482E-04 +0.000000E+00 +0.196571E-02 +0.000000E+00 +0.000000E+00
 +0.110366E+01 -0.101280E+03 -0.191638E+03 -0.918535E+02 -0.935520E+02 +0.514422E+02 +0.000000E+00 +0.000000E+00 -0.186362E-02 +0.322726E-04 +0.000000E+00 +0.195480E-02 +0.000000E+00 +0.000000E+00
 +0.110366E+01 -0.101290E+03 -0.191236E+03 -0.917429E+02 -0.933830E+02 +0.511567E+02 +0.000000E+00 +0.000000E+00 -0.185920E-02 +0.311614E-04 +0.000000E+00 +0.194395E-02 +0.000000E+00 +0.000000E+00
 +0.110366E+01 -0.101300E+03 -0.190838E+03 -0.916314E+02 -0.932148E+02 +0.508719E+02 +0.000000E+00 +0.000000E+00 -0.185483E-02 +0.300842E-04 +0.000000E+00 +0.193313E-02 +0.000000E+00 +0.000000E+00
 +0.110366E+01 -0.101310E+03 -0.190446E+03 -0.915181E+02 -0.930480E+02 +0.505887E+02 +0.000000E+00 +0.000000E+00 -0.185055E-02 +0.290687E-04 +0.000000E+00 +0.192237E-02 +0.000000E+00 +0.000000E+00
 +0.110366E+01 -0.101320E+03 -0.190057E+03 -0.914039E+02 -0.928821E+02 +0.503064E+02 +0.000000E+00 +0.000000E+00 -0.184632E-02 +0.280865E-04 +0.000000E+00 +0.191164E-02 +0.000000E+00 +0.000000E+00
 +0.110366E+01 -0.101330E+03 -0.189675E+03 -0.912880E+02 -0.927176E+02 +0.500255E+02 +0.000000E+00 +0.000000E+00 -0.184218E-02 +0.271637E-04 +0.000000E+00 +0.190097E-02 +0.000000E+00 +0.000000E+00
 +0.110366E+01 -0.101340E+03 -0.189295E+03 -0.911711E+02 -0.925540E+02 +0.497456E+02 +0.000000E+00 +0.000000E+00 -0.183809E-02 +0.262734E-04 +0.000000E+00 +0.189033E-02 +0.000000E+00 +0.000000E+00
 +0.110366E+01 -0.101350E+03 -0.188922E+03 -0.910527E+02 -0.923917E+02 +0.494671E+02 +0.000000E+00 +0.000000E+00 -0.183408E-02 +0.254400E-04 +0.000000E+00 +0.187975E-02 +0.000000E+00 +0.000000E+00
 +0.110366E+01 -0.101360E+03 -0.188552E+03 -0.909335E+02 -0.922302E+02 +0.491896E+02 +0.000000E+00 +0.000000E+00 -0.183012E-02 +0.246386E-04 +0.000000E+00 +0.186920E-02 +0.000000E+00 +0.000000E+00
 +0.110366E+01 -0.101370E+03 -0.188188E+03 -0.908127E+02 -0.920701E+02 +0.489136E+02 +0.000000E+00 +0.000000E+00 -0.182623E-02 +0.238917E-04 +0.000000E+00 +0.185872E-02 +0.000000E+00 +0.000000E+00
 +0.110366E+01 -0.101380E+03 -0.187827E+03 -0.906910E+02 -0.919108E+02 +0.486384E+02 +0.000000E+00 +0.000000E+00 -0.182240E-02 +0.231763E-04 +0.000000E+00 +0.184826E-02 +0.000000E+00 +0.000000E+00
 +0.110366E+01 -0.101390E+03 -0.187471E+03 -0.905680E+02 -0.917529E+02 +0.483649E+02 +0.000000E+00 +0.000000E+00 -0.181865E-02 +0.225131E-04 +0.000000E+00 +0.183786E-02 +0.000000E+00 +0.000000E+00
 +0.110366E+01 -0.101400E+03 -0.187119E+03 -0.904441E+02 -0.915957E+02 +0.480922E+02 +0.000000E+00 +0.000000E+00 -0.181494E-02 +0.218807E-04 +0.000000E+00 +0.182750E-02 +0.000000E+00 +0.000000E+00
 +0.110366E+01 -0.101410E+03 -0.186772E+03 -0.903189E+02 -0.914399E+02 +0.478211E+02 +0.000000E+00 +0.000000E+00 -0.181130E-02 +0.212985E-04 +0.000000E+00 +0.181720E-02 +0.000000E+00 +0.000000E+00
 +0.110366E+01 -0.101420E+03 -0.186428E+03 -0.901929E+02 -0.912848E+02 +0.475509E+02 +0.000000E+00 +0.000000E+00 -0.180772E-02 +0.207465E-04 +0.000000E+00 +0.180693E-02 +0.000000E+00 +0.000000E+00
 +0.110366E+01 -0.101430E+03 -0.186089E+03 -0.900657E+02 -0.911311E+02 +0.472823E+02 +0.000000E+00 +0.000000E+00 -0.180420E-02 +0.202425E-04 +0.000000E+00 +0.179673E-02 +0.000000E+00 +0.000000E+00
 +0.110366E+01 -0.101440E+03 -0.185754E+03 -0.899376E+02 -0.909781E+02 +0.470146E+02 +0.000000E+00 +0.000000E+00 -0.180073E-02 +0.197682E-04 +0.000000E+00 +0.178655E-02 +0.000000E+00 +0.000000E+00
 +0.110366E+01 -0.101450E+03 -0.185423E+03 -0.898084E+02 -0.908263E+02 +0.467484E+02 +0.000000E+00 +0.000000E+00 -0.179733E-02 +0.193399E-04 +0.000000E+00 +0.177644E-02 +0.000000E+00 +0.000000E+00
 +0.110366E+01 -0.101460E+03 -0.185095E+03 -0.896785E+02 -0.906754E+02 +0.464833E+02 +0.000000E+00 +0.000000E+00 -0.179398E-02 +0.189408E-04 +0.000000E+00 +0.176636E-02 +0.000000E+00 +0.000000E+00
 +0.110366E+01 -0.101470E+03 -0.184773E+03 -0.895474E+02 -0.905256E+02 +0.462196E+02 +0.000000E+00 +0.000000E+00 -0.179069E-02 +0.185858E-04 +0.000000E+00 +0.175635E-02 +0.000000E+00 +0.000000E+00
 +0.110366E+01 -0.101480E+03 -0.184453E+03 -0.894157E+02 -0.903767E+02 +0.459570E+02 +0.000000E+00 +0.000000E+00 -0.178745E-02 +0.182594E-04 +0.000000E+00 +0.174636E-02 +0.000000E+00 +0.000000E+00
 +0.110366E+01 -0.101490E+03 -0.184138E+03 -0.892828E+02 -0.902289E+02 +0.456958E+02 +0.000000E+00 +0.000000E+00 -0.178427E-02 +0.179754E-04 +0.000000E+00 +0.173644E-02 +0.000000E+00 +0.000000E+00
 +0.110366E+01 -0.101500E+03 -0.183826E+03 -0.891493E+02 -0.900819E+02 +0.454357E+02 +0.000000E+00 +0.000000E+00 -0.178114E-02 +0.177196E-04 +0.000000E+00 +0.172656E-02 +0.000000E+00 +0.000000E+00
 +0.110366E+01 -0.101510E+03 -0.183519E+03 -0.890148E+02 -0.899361E+02 +0.451771E+02 +0.000000E+00 +0.000000E+00 -0.177807E-02 +0.175045E-04 +0.000000E+00 +0.171673E-02 +0.000000E+00 +0.000000E+00
 +0.110366E+01 -0.101520E+03 -0.183214E+03 -0.888796E+02 -0.897910E+02 +0.449195E+02 +0.000000E+00 +0.000000E+00 -0.177504E-02 +0.173171E-04 +0.000000E+00 +0.170694E-02 +0.000000E+00 +0.000000E+00
 +0.110366E+01 -0.101530E+03 -0.182914E+03 -0.887434E+02 -0.896471E+02 +0.446634E+02 +0.000000E+00 +0.000000E+00 -0.177208E-02 +0.171691E-04 +0.000000E+00 +0.169721E-02 +0.000000E+00 +0.000000E+00
 +0.110366E+01 -0.101540E+03 -0.182617E+03 -0.886066E+02 -0.895039E+02 +0.444083E+02 +0.000000E+00 +0.000000E+00 -0.176916E-02 +0.170484E-04 +0.000000E+00 +0.168752E-02 +0.000000E+00 +0.000000E+00
 +0.110366E+01 -0.101550E+03 -0.182325E+03 -0.884689E+02 -0.893618E+02 +0.441547E+02 +0.000000E+00 +0.000000E+00 -0.176629E-02 +0.169659E-04 +0.000000E+00 +0.167788E-02 +0.000000E+00 +0.000000E+00
 +0.110366E+01 -0.101560E+03 -0.182035E+03 -0.883305E+02 -0.892205E+02 +0.439021E+02 +0.000000E+00 +0.000000E+00 -0.176347E-02 +0.169107E-04 +0.000000E+00 +0.166828E-02 +0.000000E+00 +0.000000E+00
 +0.110366E+01 -0.101570E+03 -0.181749E+03 -0.881912E+02 -0.890802E+02 +0.436510E+02 +0.000000E+00 +0.000000E+00 -0.176071E-02 +0.168927E-04 +0.000000E+00 +0.165874E-02 +0.000000E+00 +0.000000E+00
 +0.110366E+01 -0.101580E+03 -0.181466E+03 -0.880512E+02 -0.889407E+02 +0.434010E+02 +0.000000E+00 +0.000000E+00 -0.175798E-02 +0.169021E-04 +0.000000E+00 +0.164924E-02 +0.000000E+00 +0.000000E+00
 +0.110366E+01 -0.101590E+03 -0.181188E+03 -0.879103E+02 -0.888023E+02 +0.431524E+02 +0.000000E+00 +0.000000E+00 -0.175532E-02 +0.169482E-04 +0.000000E+00 +0.163979E-02 +0.000000E+00 +0.000000E+00
 +0.110366E+01 -0.101600E+03 -0.180912E+03 -0.877686E+02 -0.886645E+02 +0.429048E+02 +0.000000E+00 +0.000000E+00 -0.175270E-02 +0.170222E-04 +0.000000E+00 +0.163038E-02 +0.000000E+00 +0.000000E+00
 +0.110366E+01 -0.101610E+03 -0.180640E+03 -0.876260E+02 -0.885277E+02 +0.426585E+02 +0.000000E+00 +0.000000E+00 -0.175013E-02 +0.171325E-04 +0.000000E+00 +0.162102E-02 +0.000000E+00 +0.000000E+00
 +0.110366E+01 -0.101620E+03 -0.180371E+03 -0.874825E+02 -0.883917E+02 +0.424132E+02 +0.000000E+00 +0.000000E+00 -0.174761E-02 +0.172736E-04 +0.000000E+00 +0.161170E-02 +0.000000E+00 +0.000000E+00
 +0.110366E+01 -0.101630E+03 -0.180106E+03 -0.873379E+02 -0.882565E+02 +0.421693E+02 +0.000000E+00 +0.000000E+00 -0.174514E-02 +0.174537E-04 +0.000000E+00 +0.160243E-02 +0.000000E+00 +0.000000E+00
 +0.110366E+01 -0.101640E+03 -0.179832E+03 -0.871836E+02 -0.881153E+02 +0.419040E+02 +0.000000E+00 +0.000000E+00 -0.174263E-02 +0.177024E-04 +0.000000E+00 +0.159235E-02 +0.000000E+00 +0.000000E+00
 +0.110366E+01 -0.101650E+03 -0.179548E+03 -0.870171E+02 -0.879664E+02 +0.416124E+02 +0.000000E+00 +0.000000E+00 -0.174005E-02 +0.180360E-04 +0.000000E+00 +0.158127E-02 +0.000000E+00 +0.000000E+00
 +0.110366E+01 -0.101660E+03 -0.179287E+03 -0.868671E+02 -0.878307E+02 +0.413677E+02 +0.000000E+00 +0.000000E+00 -0.173766E-02 +0.183080E-04 +0.000000E+00 +0.157197E-02 +0.000000E+00 +0.000000E+00
 +0.110366E+01 -0.101670E+03 -0.179053E+03 -0.867357E+02 -0.877104E+02 +0.411791E+02 +0.000000E+00 +0.000000E+00 -0.173552E-02 +0.185195E-04 +0.000000E+00 +0.156481E-02 +0.000000E+00 +0.000000E+00
 +0.110366E+01 -0.101680E+03 -0.178804E+03 -0.865873E+02 -0.875791E+02 +0.409679E+02 +0.000000E+00 +0.000000E+00 -0.173327E-02 +0.188435E-04 +0.000000E+00 +0.155678E-02 +0.000000E+00 +0.000000E+00
 +0.110366E+01 -0.101690E+03 -0.178543E+03 -0.864308E+02 -0.874414E+02 +0.407265E+02 +0.000000E+00 +0.000000E+00 -0.173093E-02 +0.192013E-04 +0.000000E+00 +0.154761E-02 +0.000000E+00 +0.000000E+00
 +0.110366E+01 -0.101700E+03 -0.178292E+03 -0.862786E+02 -0.873083E+02 +0.404843E+02 +0.000000E+00 +0.000000E+00 -0.172869E-02 +0.195636E-04 +0.000000E+00 +0.153840E-02 +0.000000E+00 +0.000000E+00
 +0.110366E+01 -0.101710E+03 -0.178049E+03 -0.861248E+02 -0.871772E+02 +0.402542E+02 +0.000000E+00 +0.000000E+00 -0.172656E-02 +0.199950E-04 +0.000000E+00 +0.152966E-02 +0.000000E+00 +0.000000E+00
 +0.110366E+01 -0.101720E+03 -0.177809E+03 -0.859806E+02 -0.870506E+02 +0.400098E+02 +0.000000E+00 +0.000000E+00 -0.172441E-02 +0.203305E-04 +0.000000E+00 +0.152037E-02 +0.000000E+00 +0.000000E+00
 +0.110366E+01 -0.101730E+03 -0.177589E+03 -0.858387E+02 -0.869311E+02 +0.397743E+02 +0.000000E+00 +0.000000E+00 -0.172250E-02 +0.207551E-04 +0.000000E+00 +0.151142E-02 +0.000000E+00 +0.000000E+00
 +0.110366E+01 -0.101740E+03 -0.177366E+03 -0.856924E+02 -0.868093E+02 +0.395398E+02 +0.000000E+00 +0.000000E+00 -0.172058E-02 +0.212212E-04 +0.000000E+00 +0.150251E-02 +0.000000E+00 +0.000000E+00
 +0.110366E+01 -0.101750E+03 -0.177127E+03 -0.855368E+02 -0.866791E+02 +0.393008E+02 +0.000000E+00 +0.000000E+00 -0.171851E-02 +0.217030E-04 +0.000000E+00 +0.149343E-02 +0.000000E+00 +0.000000E+00
 +0.110366E+01 -0.101760E+03 -0.176905E+03 -0.854174E+02 -0.865664E+02 +0.390793E+02 +0.000000E+00 +0.000000E+00 -0.171643E-02 +0.218301E-04 +0.000000E+00 +0.148501E-02 +0.000000E+00 +0.000000E+00
 +0.110366E+01 -0.101770E+03 -0.176699E+03 -0.852996E+02 -0.864594E+02 +0.388647E+02 +0.000000E+00 +0.000000E+00 -0.171455E-02 +0.220371E-04 +0.000000E+00 +0.147686E-02 +0.000000E+00 +0.000000E+00
 +0.110366E+01 -0.101780E+03 -0.176499E+03 -0.851575E+02 -0.863467E+02 +0.386455E+02 +0.000000E+00 +0.000000E+00 -0.171290E-02 +0.225952E-04 +0.000000E+00 +0.146853E-02 +0.000000E+00 +0.000000E+00
 +0.110366E+01 -0.101790E+03 -0.176300E+03 -0.850155E+02 -0.862341E+02 +0.384263E+02 +0.000000E+00 +0.000000E+00 -0.171125E-02 +0.231533E-04 +0.000000E+00 +0.146020E-02 +0.000000E+00 +0.000000E+00
 +0.110366E+01 -0.101800E+03 -0.176081E+03 -0.848849E+02 -0.861188E+02 +0.382044E+02 +0.000000E+00 +0.000000E+00 -0.170929E-02 +0.234443E-04 +0.000000E+00 +0.145177E-02 +0.000000E+00 +0.000000E+00
 +0.110366E+01 -0.101810E+03 -0.175853E+03 -0.847564E+02 -0.860010E+02 +0.379817E+02 +0.000000E+00 +0.000000E+00 -0.170718E-02 +0.236471E-04 +0.000000E+00 +0.144330E-02 +0.000000E+00 +0.000000E+00
 +0.110366E+01 -0.101820E+03 -0.175626E+03 -0.845768E+02 -0.858668E+02 +0.377653E+02 +0.000000E+00 +0.000000E+00 -0.170542E-02 +0.245102E-04 +0.000000E+00 +0.143508E-02 +0.000000E+00 +0.000000E+00
 +0.110366E+01 -0.101830E+03 -0.175399E+03 -0.843971E+02 -0.857326E+02 +0.375488E+02 +0.000000E+00 +0.000000E+00 -0.170365E-02 +0.253733E-04 +0.000000E+00 +0.142686E-02 +0.000000E+00 +0.000000E+00
 +0.110366E+01 -0.101840E+03 -0.175192E+03 -0.842288E+02 -0.856089E+02 +0.373343E+02 +0.000000E+00 +0.000000E+00 -0.170208E-02 +0.262206E-04 +0.000000E+00 +0.141870E-02 +0.000000E+00 +0.000000E+00
 +0.110366E+01 -0.101850E+03 -0.174991E+03 -0.840637E+02 -0.854881E+02 +0.371203E+02 +0.000000E+00 +0.000000E+00 -0.170056E-02 +0.270635E-04 +0.000000E+00 +0.141057E-02 +0.000000E+00 +0.000000E+00
 +0.110366E+01 -0.101860E+03 -0.174771E+03 -0.839053E+02 -0.853630E+02 +0.369066E+02 +0.000000E+00 +0.000000E+00 -0.169874E-02 +0.276966E-04 +0.000000E+00 +0.140245E-02 +0.000000E+00 +0.000000E+00
 +0.110366E+01 -0.101870E+03 -0.174535E+03 -0.837521E+02 -0.852346E+02 +0.366931E+02 +0.000000E+00 +0.000000E+00 -0.169670E-02 +0.281679E-04 +0.000000E+00 +0.139434E-02 +0.000000E+00 +0.000000E+00
 +0.110366E+01 -0.101880E+03 -0.174316E+03 -0.836057E+02 -0.851141E+02 +0.364819E+02 +0.000000E+00 +0.000000E+00 -0.169483E-02 +0.286608E-04 +0.000000E+00 +0.138631E-02 +0.000000E+00 +0.000000E+00
 +0.110366E+01 -0.101890E+03 -0.174133E+03 -0.834733E+02 -0.850101E+02 +0.362753E+02 +0.000000E+00 +0.000000E+00 -0.169334E-02 +0.291994E-04 +0.000000E+00 +0.137846E-02 +0.000000E+00 +0.000000E+00
 +0.110366E+01 -0.101900E+03 -0.173950E+03 -0.833410E+02 -0.849061E+02 +0.360687E+02 +0.000000E+00 +0.000000E+00 -0.169184E-02 +0.297380E-04 +0.000000E+00 +0.137061E-02 +0.000000E+00 +0.000000E+00
 +0.110366E+01 -0.101910E+03 -0.173768E+03 -0.832086E+02 -0.848021E+02 +0.358621E+02 +0.000000E+00 +0.000000E+00 -0.169034E-02 +0.302765E-04 +0.000000E+00 +0.136276E-02 +0.000000E+00 +0.000000E+00
 +0.110366E+01 -0.101920E+03 -0.173580E+03 -0.830725E+02 -0.846953E+02 +0.356529E+02 +0.000000E+00 +0.000000E+00 -0.168881E-02 +0.308333E-04 +0.000000E+00 +0.135481E-02 +0.000000E+00 +0.000000E+00
 +0.110366E+01 -0.101930E+03 -0.173390E+03 -0.829014E+02 -0.845763E+02 +0.354486E+02 +0.000000E+00 +0.000000E+00 -0.168747E-02 +0.318232E-04 +0.000000E+00 +0.134705E-02 +0.000000E+00 +0.000000E+00
 +0.110366E+01 -0.101940E+03 -0.173211E+03 -0.827049E+02 -0.844524E+02 +0.352358E+02 +0.000000E+00 +0.000000E+00 -0.168642E-02 +0.332029E-04 +0.000000E+00 +0.133896E-02 +0.000000E+00 +0.000000E+00
 +0.110366E+01 -0.101950E+03 -0.173032E+03 -0.825083E+02 -0.843285E+02 +0.350230E+02 +0.000000E+00 +0.000000E+00 -0.168538E-02 +0.345825E-04 +0.000000E+00 +0.133087E-02 +0.000000E+00 +0.000000E+00
 +0.110366E+01 -0.101960E+03 -0.172853E+03 -0.823118E+02 -0.842045E+02 +0.348102E+02 +0.000000E+00 +0.000000E+00 -0.168433E-02 +0.359622E-04 +0.000000E+00 +0.132279E-02 +0.000000E+00 +0.000000E+00
 +0.110366E+01 -0.101970E+03 -0.172674E+03 -0.821175E+02 -0.840811E+02 +0.345978E+02 +0.000000E+00 +0.000000E+00 -0.168326E-02 +0.373089E-04 +0.000000E+00 +0.131472E-02 +0.000000E+00 +0.000000E+00
 +0.110366E+01 -0.101980E+03 -0.172481E+03 -0.819697E+02 -0.839689E+02 +0.343947E+02 +0.000000E+00 +0.000000E+00 -0.168174E-02 +0.379849E-04 +0.000000E+00 +0.130700E-02 +0.000000E+00 +0.000000E+00
 +0.110366E+01 -0.101990E+03 -0.172289E+03 -0.818218E+02 -0.838566E+02 +0.341916E+02 +0.000000E+00 +0.000000E+00 -0.168022E-02 +0.386610E-04 +0.000000E+00 +0.129928E-02 +0.000000E+00 +0.000000E+00
 +0.110366E+01 -0.102000E+03 -0.172097E+03 -0.816740E+02 -0.837443E+02 +0.339885E+02 +0.000000E+00 +0.000000E+00 -0.167870E-02 +0.393371E-04 +0.000000E+00 +0.129156E-02 +0.000000E+00 +0.000000E+00
 +0.110366E+01 -0.102010E+03 -0.171904E+03 -0.815261E+02 -0.836321E+02 +0.337854E+02 +0.000000E+00 +0.000000E+00 -0.167717E-02 +0.400131E-04 +0.000000E+00 +0.128385E-02 +0.000000E+00 +0.000000E+00
 +0.110366E+01 -0.102020E+03 -0.171720E+03 -0.813869E+02 -0.835254E+02 +0.335783E+02 +0.000000E+00 +0.000000E+00 -0.167571E-02 +0.406327E-04 +0.000000E+00 +0.127597E-02 +0.000000E+00 +0.000000E+00
 +0.110366E+01 -0.102030E+03 -0.171556E+03 -0.812649E+02 -0.834307E+02 +0.333843E+02 +0.000000E+00 +0.000000E+00 -0.167437E-02 +0.411509E-04 +0.000000E+00 +0.126860E-02 +0.000000E+00 +0.000000E+00
 +0.110366E+01 -0.102040E+03 -0.171402E+03 -0.811462E+02 -0.833410E+02 +0.331857E+02 +0.000000E+00 +0.000000E+00 -0.167317E-02 +0.417015E-04 +0.000000E+00 +0.126106E-02 +0.000000E+00 +0.000000E+00
 +0.110366E+01 -0.102050E+03 -0.171251E+03 -0.810275E+02 -0.832518E+02 +0.329837E+02 +0.000000E+00 +0.000000E+00 -0.167198E-02 +0.422618E-04 +0.000000E+00 +0.125338E-02 +0.000000E+00 +0.000000E+00
 +0.110366E+01 -0.102060E+03 -0.171099E+03 -0.809087E+02 -0.831625E+02 +0.327817E+02 +0.000000E+00 +0.000000E+00 -0.167079E-02 +0.428221E-04 +0.000000E+00 +0.124571E-02 +0.000000E+00 +0.000000E+00
 +0.110366E+01 -0.102070E+03 -0.170947E+03 -0.807900E+02 -0.830733E+02 +0.325798E+02 +0.000000E+00 +0.000000E+00 -0.166961E-02 +0.433825E-04 +0.000000E+00 +0.123803E-02 +0.000000E+00 +0.000000E+00
 +0.110366E+01 -0.102080E+03 -0.170811E+03 -0.806269E+02 -0.829745E+02 +0.323981E+02 +0.000000E+00 +0.000000E+00 -0.166889E-02 +0.446038E-04 +0.000000E+00 +0.123113E-02 +0.000000E+00 +0.000000E+00
 +0.110366E+01 -0.102090E+03 -0.170687E+03 -0.804293E+02 -0.828683E+02 +0.322322E+02 +0.000000E+00 +0.000000E+00 -0.166855E-02 +0.463399E-04 +0.000000E+00 +0.122483E-02 +0.000000E+00 +0.000000E+00
 +0.110366E+01 -0.102100E+03 -0.170562E+03 -0.802317E+02 -0.827620E+02 +0.320664E+02 +0.000000E+00 +0.000000E+00 -0.166821E-02 +0.480761E-04 +0.000000E+00 +0.121852E-02 +0.000000E+00 +0.000000E+00
 +0.110366E+01 -0.102110E+03 -0.170429E+03 -0.800333E+02 -0.826526E+02 +0.318927E+02 +0.000000E+00 +0.000000E+00 -0.166776E-02 +0.497671E-04 +0.000000E+00 +0.121192E-02 +0.000000E+00 +0.000000E+00
 +0.110366E+01 -0.102120E+03 -0.170270E+03 -0.798327E+02 -0.825338E+02 +0.316953E+02 +0.000000E+00 +0.000000E+00 -0.166698E-02 +0.513212E-04 +0.000000E+00 +0.120442E-02 +0.000000E+00 +0.000000E+00
 +0.110366E+01 -0.102130E+03 -0.170110E+03 -0.796320E+02 -0.824149E+02 +0.314980E+02 +0.000000E+00 +0.000000E+00 -0.166621E-02 +0.528753E-04 +0.000000E+00 +0.119692E-02 +0.000000E+00 +0.000000E+00
 +0.110366E+01 -0.102140E+03 -0.169951E+03 -0.794315E+02 -0.822961E+02 +0.313006E+02 +0.000000E+00 +0.000000E+00 -0.166544E-02 +0.544278E-04 +0.000000E+00 +0.118942E-02 +0.000000E+00 +0.000000E+00
 +0.110366E+01 -0.102150E+03 -0.169814E+03 -0.793187E+02 -0.822137E+02 +0.311177E+02 +0.000000E+00 +0.000000E+00 -0.166440E-02 +0.550046E-04 +0.000000E+00 +0.118247E-02 +0.000000E+00 +0.000000E+00
 +0.110366E+01 -0.102160E+03 -0.169677E+03 -0.792059E+02 -0.821312E+02 +0.309348E+02 +0.000000E+00 +0.000000E+00 -0.166336E-02 +0.555813E-04 +0.000000E+00 +0.117552E-02 +0.000000E+00 +0.000000E+00
 +0.110366E+01 -0.102170E+03 -0.169540E+03 -0.790931E+02 -0.820488E+02 +0.307519E+02 +0.000000E+00 +0.000000E+00 -0.166233E-02 +0.561581E-04 +0.000000E+00 +0.116857E-02 +0.000000E+00 +0.000000E+00
 +0.110366E+01 -0.102180E+03 -0.169404E+03 -0.789779E+02 -0.819659E+02 +0.305688E+02 +0.000000E+00 +0.000000E+00 -0.166132E-02 +0.567719E-04 +0.000000E+00 +0.116162E-02 +0.000000E+00 +0.000000E+00
 +0.110366E+01 -0.102190E+03 -0.169276E+03 -0.788440E+02 -0.818797E+02 +0.303843E+02 +0.000000E+00 +0.000000E+00 -0.166054E-02 +0.576786E-04 +0.000000E+00 +0.115460E-02 +0.000000E+00 +0.000000E+00
 +0.110366E+01 -0.102200E+03 -0.169149E+03 -0.787101E+02 -0.817936E+02 +0.301997E+02 +0.000000E+00 +0.000000E+00 -0.165976E-02 +0.585853E-04 +0.000000E+00 +0.114759E-02 +0.000000E+00 +0.000000E+00
 +0.110366E+01 -0.102210E+03 -0.169022E+03 -0.785762E+02 -0.817074E+02 +0.300151E+02 +0.000000E+00 +0.000000E+00 -0.165898E-02 +0.594919E-04 +0.000000E+00 +0.114057E-02 +0.000000E+00 +0.000000E+00
 +0.110366E+01 -0.102220E+03 -0.168895E+03 -0.784423E+02 -0.816212E+02 +0.298306E+02 +0.000000E+00 +0.000000E+00 -0.165820E-02 +0.603986E-04 +0.000000E+00 +0.113356E-02 +0.000000E+00 +0.000000E+00
 +0.110366E+01 -0.102230E+03 -0.168770E+03 -0.783078E+02 -0.815357E+02 +0.296517E+02 +0.000000E+00 +0.000000E+00 -0.165745E-02 +0.613304E-04 +0.000000E+00 +0.112676E-02 +0.000000E+00 +0.000000E+00
 +0.110366E+01 -0.102240E+03 -0.168651E+03 -0.781718E+02 -0.814515E+02 +0.294845E+02 +0.000000E+00 +0.000000E+00 -0.165679E-02 +0.623141E-04 +0.000000E+00 +0.112041E-02 +0.000000E+00 +0.000000E+00
 +0.110366E+01 -0.102250E+03 -0.168532E+03 -0.780359E+02 -0.813674E+02 +0.293174E+02 +0.000000E+00 +0.000000E+00 -0.165613E-02 +0.632979E-04 +0.000000E+00 +0.111406E-02 +0.000000E+00 +0.000000E+00
 +0.110366E+01 -0.102260E+03 -0.168413E+03 -0.779000E+02 -0.812832E+02 +0.291503E+02 +0.000000E+00 +0.000000E+00 -0.165546E-02 +0.642817E-04 +0.000000E+00 +0.110771E-02 +0.000000E+00 +0.000000E+00
 +0.110366E+01 -0.102270E+03 -0.168294E+03 -0.777640E+02 -0.811991E+02 +0.289831E+02 +0.000000E+00 +0.000000E+00 -0.165480E-02 +0.652654E-04 +0.000000E+00 +0.110136E-02 +0.000000E+00 +0.000000E+00
 +0.110366E+01 -0.102280E+03 -0.168175E+03 -0.776281E+02 -0.811149E+02 +0.288160E+02 +0.000000E+00 +0.000000E+00 -0.165414E-02 +0.662492E-04 +0.000000E+00 +0.109501E-02 +0.000000E+00 +0.000000E+00
 +0.110366E+01 -0.102290E+03 -0.168056E+03 -0.774922E+02 -0.810308E+02 +0.286489E+02 +0.000000E+00 +0.000000E+00 -0.165347E-02 +0.672329E-04 +0.000000E+00 +0.108866E-02 +0.000000E+00 +0.000000E+00
 +0.110366E+01 -0.102300E+03 -0.167936E+03 -0.773562E+02 -0.809466E+02 +0.284817E+02 +0.000000E+00 +0.000000E+00 -0.165281E-02 +0.682167E-04 +0.000000E+00 +0.108231E-02 +0.000000E+00 +0.000000E+00
 +0.110366E+01 -0.102310E+03 -0.167817E+03 -0.772203E+02 -0.808624E+02 +0.283146E+02 +0.000000E+00 +0.000000E+00 -0.165214E-02 +0.692004E-04 +0.000000E+00 +0.107596E-02 +0.000000E+00 +0.000000E+00
 +0.110366E+01 -0.102320E+03 -0.167699E+03 -0.770731E+02 -0.807749E+02 +0.281486E+02 +0.000000E+00 +0.000000E+00 -0.165156E-02 +0.703334E-04 +0.000000E+00 +0.106965E-02 +0.000000E+00 +0.000000E+00
 +0.110366E+01 -0.102330E+03 -0.167584E+03 -0.769163E+02 -0.806853E+02 +0.279840E+02 +0.000000E+00 +0.000000E+00 -0.165109E-02 +0.716102E-04 +0.000000E+00 +0.106339E-02 +0.000000E+00 +0.000000E+00
 +0.110366E+01 -0.102340E+03 -0.167470E+03 -0.767595E+02 -0.805956E+02 +0.278194E+02 +0.000000E+00 +0.000000E+00 -0.165061E-02 +0.728870E-04 +0.000000E+00 +0.105714E-02 +0.000000E+00 +0.000000E+00
 +0.110366E+01 -0.102350E+03 -0.167355E+03 -0.766027E+02 -0.805060E+02 +0.276548E+02 +0.000000E+00 +0.000000E+00 -0.165013E-02 +0.741638E-04 +0.000000E+00 +0.105088E-02 +0.000000E+00 +0.000000E+00
 +0.110366E+01 -0.102360E+03 -0.167240E+03 -0.764458E+02 -0.804164E+02 +0.274902E+02 +0.000000E+00 +0.000000E+00 -0.164965E-02 +0.754406E-04 +0.000000E+00 +0.104463E-02 +0.000000E+00 +0.000000E+00
 +0.110366E+01 -0.102370E+03 -0.167125E+03 -0.762890E+02 -0.803268E+02 +0.273256E+02 +0.000000E+00 +0.000000E+00 -0.164918E-02 +0.767175E-04 +0.000000E+00 +0.103837E-02 +0.000000E+00 +0.000000E+00
 +0.110366E+01 -0.102380E+03 -0.167011E+03 -0.761322E+02 -0.802372E+02 +0.271610E+02 +0.000000E+00 +0.000000E+00 -0.164870E-02 +0.779943E-04 +0.000000E+00 +0.103212E-02 +0.000000E+00 +0.000000E+00
 +0.110366E+01 -0.102390E+03 -0.166896E+03 -0.759754E+02 -0.801475E+02 +0.269964E+02 +0.000000E+00 +0.000000E+00 -0.164822E-02 +0.792711E-04 +0.000000E+00 +0.102586E-02 +0.000000E+00 +0.000000E+00
 +0.110366E+01 -0.102400E+03 -0.166781E+03 -0.758186E+02 -0.800579E+02 +0.268318E+02 +0.000000E+00 +0.000000E+00 -0.164774E-02 +0.805479E-04 +0.000000E+00 +0.101961E-02 +0.000000E+00 +0.000000E+00
 +0.110366E+01 -0.102410E+03 -0.166682E+03 -0.756802E+02 -0.799794E+02 +0.266739E+02 +0.000000E+00 +0.000000E+00 -0.164734E-02 +0.816846E-04 +0.000000E+00 +0.101361E-02 +0.000000E+00 +0.000000E+00
 +0.110366E+01 -0.102420E+03 -0.166586E+03 -0.755471E+02 -0.799040E+02 +0.265180E+02 +0.000000E+00 +0.000000E+00 -0.164696E-02 +0.827823E-04 +0.000000E+00 +0.100768E-02 +0.000000E+00 +0.000000E+00
 +0.110366E+01 -0.102430E+03 -0.166491E+03 -0.754139E+02 -0.798286E+02 +0.263620E+02 +0.000000E+00 +0.000000E+00 -0.164659E-02 +0.838799E-04 +0.000000E+00 +0.100176E-02 +0.000000E+00 +0.000000E+00
 +0.110366E+01 -0.102440E+03 -0.166390E+03 -0.752479E+02 -0.797405E+02 +0.262093E+02 +0.000000E+00 +0.000000E+00 -0.164634E-02 +0.853576E-04 +0.000000E+00 +0.995953E-03 +0.000000E+00 +0.000000E+00
 +0.110366E+01 -0.102450E+03 -0.166288E+03 -0.750801E+02 -0.796515E+02 +0.260568E+02 +0.000000E+00 +0.000000E+00 -0.164610E-02 +0.868574E-04 +0.000000E+00 +0.990158E-03 +0.000000E+00 +0.000000E+00
 +0.110366E+01 -0.102460E+03 -0.166187E+03 -0.749122E+02 -0.795626E+02 +0.259043E+02 +0.000000E+00 +0.000000E+00 -0.164585E-02 +0.883573E-04 +0.000000E+00 +0.984363E-03 +0.000000E+00 +0.000000E+00
 +0.110366E+01 -0.102470E+03 -0.166085E+03 -0.747443E+02 -0.794736E+02 +0.257518E+02 +0.000000E+00 +0.000000E+00 -0.164561E-02 +0.898571E-04 +0.000000E+00 +0.978568E-03 +0.000000E+00 +0.000000E+00
 +0.110366E+01 -0.102480E+03 -0.165983E+03 -0.745764E+02 -0.793847E+02 +0.255993E+02 +0.000000E+00 +0.000000E+00 -0.164537E-02 +0.913569E-04 +0.000000E+00 +0.972773E-03 +0.000000E+00 +0.000000E+00
 +0.110366E+01 -0.102490E+03 -0.165882E+03 -0.744086E+02 -0.792958E+02 +0.254468E+02 +0.000000E+00 +0.000000E+00 -0.164513E-02 +0.928568E-04 +0.000000E+00 +0.966979E-03 +0.000000E+00 +0.000000E+00
 +0.110366E+01 -0.102500E+03 -0.165780E+03 -0.742407E+02 -0.792068E+02 +0.252943E+02 +0.000000E+00 +0.000000E+00 -0.164489E-02 +0.943566E-04 +0.000000E+00 +0.961184E-03 +0.000000E+00 +0.000000E+00
 +0.110366E+01 -0.102510E+03 -0.165690E+03 -0.740912E+02 -0.791277E+02 +0.251471E+02 +0.000000E+00 +0.000000E+00 -0.164468E-02 +0.956943E-04 +0.000000E+00 +0.955591E-03 +0.000000E+00 +0.000000E+00
 +0.110366E+01 -0.102520E+03 -0.165613E+03 -0.739633E+02 -0.790603E+02 +0.250062E+02 +0.000000E+00 +0.000000E+00 -0.164451E-02 +0.968416E-04 +0.000000E+00 +0.950236E-03 +0.000000E+00 +0.000000E+00
 +0.110366E+01 -0.102530E+03 -0.165537E+03 -0.738355E+02 -0.789928E+02 +0.248653E+02 +0.000000E+00 +0.000000E+00 -0.164433E-02 +0.979888E-04 +0.000000E+00 +0.944882E-03 +0.000000E+00 +0.000000E+00
 +0.110366E+01 -0.102540E+03 -0.165460E+03 -0.737076E+02 -0.789253E+02 +0.247244E+02 +0.000000E+00 +0.000000E+00 -0.164416E-02 +0.991360E-04 +0.000000E+00 +0.939527E-03 +0.000000E+00 +0.000000E+00
 +0.110366E+01 -0.102550E+03 -0.165383E+03 -0.735798E+02 -0.788578E+02 +0.245835E+02 +0.000000E+00 +0.000000E+00 -0.164398E-02 +0.100283E-03 +0.000000E+00 +0.934173E-03 +0.000000E+00 +0.000000E+00
 +0.110366E+01 -0.102560E+03 -0.165307E+03 -0.734519E+02 -0.787903E+02 +0.244426E+02 +0.000000E+00 +0.000000E+00 -0.164381E-02 +0.101431E-03 +0.000000E+00 +0.928818E-03 +0.000000E+00 +0.000000E+00
 +0.110366E+01 -0.102570E+03 -0.165229E+03 -0.733152E+02 -0.787194E+02 +0.243116E+02 +0.000000E+00 +0.000000E+00 -0.164367E-02 +0.102680E-03 +0.000000E+00 +0.923841E-03 +0.000000E+00 +0.000000E+00
 +0.110366E+01 -0.102580E+03 -0.165150E+03 -0.731766E+02 -0.786478E+02 +0.241828E+02 +0.000000E+00 +0.000000E+00 -0.164354E-02 +0.103952E-03 +0.000000E+00 +0.918947E-03 +0.000000E+00 +0.000000E+00
 +0.110366E+01 -0.102590E+03 -0.165071E+03 -0.730380E+02 -0.785761E+02 +0.240540E+02 +0.000000E+00 +0.000000E+00 -0.164341E-02 +0.105224E-03 +0.000000E+00 +0.914052E-03 +0.000000E+00 +0.000000E+00
 +0.110366E+01 -0.102600E+03 -0.164993E+03 -0.728994E+02 -0.785044E+02 +0.239252E+02 +0.000000E+00 +0.000000E+00 -0.164328E-02 +0.106496E-03 +0.000000E+00 +0.909158E-03 +0.000000E+00 +0.000000E+00
 +0.110366E+01 -0.102610E+03 -0.164914E+03 -0.727608E+02 -0.784328E+02 +0.237964E+02 +0.000000E+00 +0.000000E+00 -0.164315E-02 +0.107768E-03 +0.000000E+00 +0.904264E-03 +0.000000E+00 +0.000000E+00
 +0.110366E+01 -0.102620E+03 -0.164836E+03 -0.726221E+02 -0.783611E+02 +0.236676E+02 +0.000000E+00 +0.000000E+00 -0.164302E-02 +0.109040E-03 +0.000000E+00 +0.899370E-03 +0.000000E+00 +0.000000E+00
 +0.110366E+01 -0.102630E+03 -0.164757E+03 -0.724835E+02 -0.782894E+02 +0.235388E+02 +0.000000E+00 +0.000000E+00 -0.164289E-02 +0.110312E-03 +0.000000E+00 +0.894475E-03 +0.000000E+00 +0.000000E+00
 +0.110366E+01 -0.102640E+03 -0.164679E+03 -0.723449E+02 -0.782177E+02 +0.234100E+02 +0.000000E+00 +0.000000E+00 -0.164276E-02 +0.111584E-03 +0.000000E+00 +0.889581E-03 +0.000000E+00 +0.000000E+00
 +0.110366E+01 -0.102650E+03 -0.164606E+03 -0.722163E+02 -0.781515E+02 +0.232834E+02 +0.000000E+00 +0.000000E+00 -0.164264E-02 +0.112769E-03 +0.000000E+00 +0.884770E-03 +0.000000E+00 +0.000000E+00
 +0.110366E+01 -0.102660E+03 -0.164536E+03 -0.720898E+02 -0.780864E+02 +0.231573E+02 +0.000000E+00 +0.000000E+00 -0.164254E-02 +0.113936E-03 +0.000000E+00 +0.879977E-03 +0.000000E+00 +0.000000E+00
 +0.110366E+01 -0.102670E+03 -0.164465E+03 -0.719634E+02 -0.780214E+02 +0.230312E+02 +0.000000E+00 +0.000000E+00 -0.164243E-02 +0.115102E-03 +0.000000E+00 +0.875184E-03 +0.000000E+00 +0.000000E+00
 +0.110366E+01 -0.102680E+03 -0.164394E+03 -0.718370E+02 -0.779564E+02 +0.229050E+02 +0.000000E+00 +0.000000E+00 -0.164232E-02 +0.116268E-03 +0.000000E+00 +0.870392E-03 +0.000000E+00 +0.000000E+00
 +0.110366E+01 -0.102690E+03 -0.164324E+03 -0.717106E+02 -0.778913E+02 +0.227789E+02 +0.000000E+00 +0.000000E+00 -0.164222E-02 +0.117434E-03 +0.000000E+00 +0.865599E-03 +0.000000E+00 +0.000000E+00
 +0.110366E+01 -0.102700E+03 -0.164253E+03 -0.715842E+02 -0.778263E+02 +0.226528E+02 +0.000000E+00 +0.000000E+00 -0.164211E-02 +0.118600E-03 +0.000000E+00 +0.860806E-03 +0.000000E+00 +0.000000E+00
 +0.110366E+01 -0.102710E+03 -0.164182E+03 -0.714577E+02 -0.777612E+02 +0.225267E+02 +0.000000E+00 +0.000000E+00 -0.164200E-02 +0.119766E-03 +0.000000E+00 +0.856014E-03 +0.000000E+00 +0.000000E+00
 +0.110366E+01 -0.102720E+03 -0.164116E+03 -0.713293E+02 -0.776969E+02 +0.224027E+02 +0.000000E+00 +0.000000E+00 -0.164196E-02 +0.120984E-03 +0.000000E+00 +0.851303E-03 +0.000000E+00 +0.000000E+00
 +0.110366E+01 -0.102730E+03 -0.164064E+03 -0.711936E+02 -0.776349E+02 +0.222864E+02 +0.000000E+00 +0.000000E+00 -0.164215E-02 +0.122385E-03 +0.000000E+00 +0.846882E-03 +0.000000E+00 +0.000000E+00
 +0.110366E+01 -0.102740E+03 -0.164011E+03 -0.710579E+02 -0.775729E+02 +0.221700E+02 +0.000000E+00 +0.000000E+00 -0.164233E-02 +0.123785E-03 +0.000000E+00 +0.842461E-03 +0.000000E+00 +0.000000E+00
 +0.110366E+01 -0.102750E+03 -0.163959E+03 -0.709221E+02 -0.775109E+02 +0.220537E+02 +0.000000E+00 +0.000000E+00 -0.164252E-02 +0.125186E-03 +0.000000E+00 +0.838040E-03 +0.000000E+00 +0.000000E+00
 +0.110366E+01 -0.102760E+03 -0.163907E+03 -0.707864E+02 -0.774489E+02 +0.219373E+02 +0.000000E+00 +0.000000E+00 -0.164271E-02 +0.126587E-03 +0.000000E+00 +0.833619E-03 +0.000000E+00 +0.000000E+00
 +0.110366E+01 -0.102770E+03 -0.163855E+03 -0.706507E+02 -0.773869E+02 +0.218210E+02 +0.000000E+00 +0.000000E+00 -0.164290E-02 +0.127988E-03 +0.000000E+00 +0.829198E-03 +0.000000E+00 +0.000000E+00
 +0.110366E+01 -0.102780E+03 -0.163803E+03 -0.705150E+02 -0.773249E+02 +0.217047E+02 +0.000000E+00 +0.000000E+00 -0.164308E-02 +0.129388E-03 +0.000000E+00 +0.824777E-03 +0.000000E+00 +0.000000E+00
 +0.110366E+01 -0.102790E+03 -0.163751E+03 -0.703793E+02 -0.772629E+02 +0.215883E+02 +0.000000E+00 +0.000000E+00 -0.164327E-02 +0.130789E-03 +0.000000E+00 +0.820356E-03 +0.000000E+00 +0.000000E+00
 +0.110366E+01 -0.102800E+03 -0.163696E+03 -0.702458E+02 -0.772009E+02 +0.214711E+02 +0.000000E+00 +0.000000E+00 -0.164341E-02 +0.132147E-03 +0.000000E+00 +0.815901E-03 +0.000000E+00 +0.000000E+00
 +0.110366E+01 -0.102810E+03 -0.163631E+03 -0.701240E+02 -0.771390E+02 +0.213493E+02 +0.000000E+00 +0.000000E+00 -0.164334E-02 +0.133286E-03 +0.000000E+00 +0.811274E-03 +0.000000E+00 +0.000000E+00
 +0.110366E+01 -0.102820E+03 -0.163565E+03 -0.700021E+02 -0.770771E+02 +0.212275E+02 +0.000000E+00 +0.000000E+00 -0.164327E-02 +0.134424E-03 +0.000000E+00 +0.806646E-03 +0.000000E+00 +0.000000E+00
 +0.110366E+01 -0.102830E+03 -0.163499E+03 -0.698803E+02 -0.770151E+02 +0.211057E+02 +0.000000E+00 +0.000000E+00 -0.164319E-02 +0.135562E-03 +0.000000E+00 +0.802018E-03 +0.000000E+00 +0.000000E+00
 +0.110366E+01 -0.102840E+03 -0.163433E+03 -0.697584E+02 -0.769532E+02 +0.209840E+02 +0.000000E+00 +0.000000E+00 -0.164312E-02 +0.136700E-03 +0.000000E+00 +0.797391E-03 +0.000000E+00 +0.000000E+00
 +0.110366E+01 -0.102850E+03 -0.163367E+03 -0.696366E+02 -0.768912E+02 +0.208622E+02 +0.000000E+00 +0.000000E+00 -0.164304E-02 +0.137839E-03 +0.000000E+00 +0.792763E-03 +0.000000E+00 +0.000000E+00
 +0.110366E+01 -0.102860E+03 -0.163301E+03 -0.695147E+02 -0.768293E+02 +0.207404E+02 +0.000000E+00 +0.000000E+00 -0.164297E-02 +0.138977E-03 +0.000000E+00 +0.788135E-03 +0.000000E+00 +0.000000E+00
 +0.110366E+01 -0.102870E+03 -0.163235E+03 -0.693928E+02 -0.767673E+02 +0.206186E+02 +0.000000E+00 +0.000000E+00 -0.164289E-02 +0.140115E-03 +0.000000E+00 +0.783508E-03 +0.000000E+00 +0.000000E+00
 +0.110366E+01 -0.102880E+03 -0.163170E+03 -0.692710E+02 -0.767054E+02 +0.204968E+02 +0.000000E+00 +0.000000E+00 -0.164282E-02 +0.141254E-03 +0.000000E+00 +0.778880E-03 +0.000000E+00 +0.000000E+00
 +0.110366E+01 -0.102890E+03 -0.163101E+03 -0.691166E+02 -0.766317E+02 +0.203806E+02 +0.000000E+00 +0.000000E+00 -0.164291E-02 +0.142788E-03 +0.000000E+00 +0.774461E-03 +0.000000E+00 +0.000000E+00
 +0.110366E+01 -0.102900E+03 -0.163031E+03 -0.689463E+02 -0.765524E+02 +0.202669E+02 +0.000000E+00 +0.000000E+00 -0.164309E-02 +0.144514E-03 +0.000000E+00 +0.770143E-03 +0.000000E+00 +0.000000E+00
 +0.110366E+01 -0.102910E+03 -0.162960E+03 -0.687761E+02 -0.764730E+02 +0.201533E+02 +0.000000E+00 +0.000000E+00 -0.164326E-02 +0.146241E-03 +0.000000E+00 +0.765825E-03 +0.000000E+00 +0.000000E+00
 +0.110366E+01 -0.102920E+03 -0.162890E+03 -0.686059E+02 -0.763937E+02 +0.200397E+02 +0.000000E+00 +0.000000E+00 -0.164343E-02 +0.147968E-03 +0.000000E+00 +0.761507E-03 +0.000000E+00 +0.000000E+00
 +0.110366E+01 -0.102930E+03 -0.162820E+03 -0.684357E+02 -0.763143E+02 +0.199260E+02 +0.000000E+00 +0.000000E+00 -0.164360E-02 +0.149694E-03 +0.000000E+00 +0.757189E-03 +0.000000E+00 +0.000000E+00
 +0.110366E+01 -0.102940E+03 -0.162750E+03 -0.682654E+02 -0.762349E+02 +0.198124E+02 +0.000000E+00 +0.000000E+00 -0.164378E-02 +0.151421E-03 +0.000000E+00 +0.752871E-03 +0.000000E+00 +0.000000E+00
 +0.110366E+01 -0.102950E+03 -0.162679E+03 -0.680952E+02 -0.761556E+02 +0.196988E+02 +0.000000E+00 +0.000000E+00 -0.164395E-02 +0.153148E-03 +0.000000E+00 +0.748553E-03 +0.000000E+00 +0.000000E+00
 +0.110366E+01 -0.102960E+03 -0.162611E+03 -0.679325E+02 -0.760793E+02 +0.195847E+02 +0.000000E+00 +0.000000E+00 -0.164410E-02 +0.154789E-03 +0.000000E+00 +0.744219E-03 +0.000000E+00 +0.000000E+00
 +0.110366E+01 -0.102970E+03 -0.162552E+03 -0.678117E+02 -0.760200E+02 +0.194684E+02 +0.000000E+00 +0.000000E+00 -0.164411E-02 +0.155959E-03 +0.000000E+00 +0.739797E-03 +0.000000E+00 +0.000000E+00
 +0.110366E+01 -0.102980E+03 -0.162493E+03 -0.676909E+02 -0.759608E+02 +0.193520E+02 +0.000000E+00 +0.000000E+00 -0.164412E-02 +0.157128E-03 +0.000000E+00 +0.735376E-03 +0.000000E+00 +0.000000E+00
 +0.110366E+01 -0.102990E+03 -0.162435E+03 -0.675700E+02 -0.759015E+02 +0.192356E+02 +0.000000E+00 +0.000000E+00 -0.164413E-02 +0.158298E-03 +0.000000E+00 +0.730954E-03 +0.000000E+00 +0.000000E+00
 +0.110366E+01 -0.103000E+03 -0.162376E+03 -0.674492E+02 -0.758423E+02 +0.191193E+02 +0.000000E+00 +0.000000E+00 -0.164414E-02 +0.159467E-03 +0.000000E+00 +0.726532E-03 +0.000000E+00 +0.000000E+00
 +0.110366E+01 -0.103010E+03 -0.162317E+03 -0.673284E+02 -0.757830E+02 +0.190029E+02 +0.000000E+00 +0.000000E+00 -0.164415E-02 +0.160637E-03 +0.000000E+00 +0.722110E-03 +0.000000E+00 +0.000000E+00
 +0.110366E+01 -0.103020E+03 -0.162258E+03 -0.672076E+02 -0.757237E+02 +0.188865E+02 +0.000000E+00 +0.000000E+00 -0.164416E-02 +0.161807E-03 +0.000000E+00 +0.717688E-03 +0.000000E+00 +0.000000E+00
 +0.110366E+01 -0.103030E+03 -0.162199E+03 -0.670868E+02 -0.756645E+02 +0.187702E+02 +0.000000E+00 +0.000000E+00 -0.164417E-02 +0.162976E-03 +0.000000E+00 +0.713267E-03 +0.000000E+00 +0.000000E+00
 +0.110366E+01 -0.103040E+03 -0.162141E+03 -0.669659E+02 -0.756052E+02 +0.186538E+02 +0.000000E+00 +0.000000E+00 -0.164417E-02 +0.164146E-03 +0.000000E+00 +0.708845E-03 +0.000000E+00 +0.000000E+00
 +0.110366E+01 -0.103050E+03 -0.162082E+03 -0.668451E+02 -0.755459E+02 +0.185374E+02 +0.000000E+00 +0.000000E+00 -0.164418E-02 +0.165315E-03 +0.000000E+00 +0.704423E-03 +0.000000E+00 +0.000000E+00
 +0.110366E+01 -0.103060E+03 -0.162046E+03 -0.667221E+02 -0.754934E+02 +0.184311E+02 +0.000000E+00 +0.000000E+00 -0.164449E-02 +0.166653E-03 +0.000000E+00 +0.700383E-03 +0.000000E+00 +0.000000E+00
 +0.110366E+01 -0.103070E+03 -0.162019E+03 -0.665982E+02 -0.754436E+02 +0.183291E+02 +0.000000E+00 +0.000000E+00 -0.164493E-02 +0.168063E-03 +0.000000E+00 +0.696505E-03 +0.000000E+00 +0.000000E+00
 +0.110366E+01 -0.103080E+03 -0.161992E+03 -0.664743E+02 -0.753939E+02 +0.182270E+02 +0.000000E+00 +0.000000E+00 -0.164536E-02 +0.169472E-03 +0.000000E+00 +0.692627E-03 +0.000000E+00 +0.000000E+00
 +0.110366E+01 -0.103090E+03 -0.161965E+03 -0.663504E+02 -0.753441E+02 +0.181250E+02 +0.000000E+00 +0.000000E+00 -0.164580E-02 +0.170881E-03 +0.000000E+00 +0.688749E-03 +0.000000E+00 +0.000000E+00
 +0.110366E+01 -0.103100E+03 -0.161938E+03 -0.662265E+02 -0.752944E+02 +0.180229E+02 +0.000000E+00 +0.000000E+00 -0.164623E-02 +0.172290E-03 +0.000000E+00 +0.684871E-03 +0.000000E+00 +0.000000E+00
 +0.110366E+01 -0.103110E+03 -0.161911E+03 -0.661026E+02 -0.752446E+02 +0.179209E+02 +0.000000E+00 +0.000000E+00 -0.164667E-02 +0.173699E-03 +0.000000E+00 +0.680992E-03 +0.000000E+00 +0.000000E+00
 +0.110366E+01 -0.103120E+03 -0.161885E+03 -0.659787E+02 -0.751949E+02 +0.178188E+02 +0.000000E+00 +0.000000E+00 -0.164711E-02 +0.175108E-03 +0.000000E+00 +0.677114E-03 +0.000000E+00 +0.000000E+00
 +0.110366E+01 -0.103130E+03 -0.161846E+03 -0.658592E+02 -0.751426E+02 +0.177314E+02 +0.000000E+00 +0.000000E+00 -0.164736E-02 +0.176385E-03 +0.000000E+00 +0.673792E-03 +0.000000E+00 +0.000000E+00
 +0.110366E+01 -0.103140E+03 -0.161806E+03 -0.657400E+02 -0.750903E+02 +0.176446E+02 +0.000000E+00 +0.000000E+00 -0.164760E-02 +0.177655E-03 +0.000000E+00 +0.670494E-03 +0.000000E+00 +0.000000E+00
 +0.110366E+01 -0.103150E+03 -0.161767E+03 -0.656208E+02 -0.750379E+02 +0.175578E+02 +0.000000E+00 +0.000000E+00 -0.164785E-02 +0.178926E-03 +0.000000E+00 +0.667197E-03 +0.000000E+00 +0.000000E+00
 +0.110366E+01 -0.103160E+03 -0.161727E+03 -0.655016E+02 -0.749856E+02 +0.174710E+02 +0.000000E+00 +0.000000E+00 -0.164810E-02 +0.180196E-03 +0.000000E+00 +0.663899E-03 +0.000000E+00 +0.000000E+00
 +0.110366E+01 -0.103170E+03 -0.161688E+03 -0.653824E+02 -0.749333E+02 +0.173843E+02 +0.000000E+00 +0.000000E+00 -0.164834E-02 +0.181466E-03 +0.000000E+00 +0.660602E-03 +0.000000E+00 +0.000000E+00
 +0.110366E+01 -0.103180E+03 -0.161649E+03 -0.652632E+02 -0.748809E+02 +0.172975E+02 +0.000000E+00 +0.000000E+00 -0.164859E-02 +0.182737E-03 +0.000000E+00 +0.657304E-03 +0.000000E+00 +0.000000E+00
 +0.110366E+01 -0.103190E+03 -0.161609E+03 -0.651439E+02 -0.748286E+02 +0.172107E+02 +0.000000E+00 +0.000000E+00 -0.164883E-02 +0.184007E-03 +0.000000E+00 +0.654006E-03 +0.000000E+00 +0.000000E+00
 +0.110366E+01 -0.103200E+03 -0.161570E+03 -0.650247E+02 -0.747762E+02 +0.171239E+02 +0.000000E+00 +0.000000E+00 -0.164908E-02 +0.185278E-03 +0.000000E+00 +0.650709E-03 +0.000000E+00 +0.000000E+00
 +0.110366E+01 -0.103210E+03 -0.161530E+03 -0.649055E+02 -0.747239E+02 +0.170371E+02 +0.000000E+00 +0.000000E+00 -0.164932E-02 +0.186548E-03 +0.000000E+00 +0.647411E-03 +0.000000E+00 +0.000000E+00
 +0.110366E+01 -0.103220E+03 -0.161491E+03 -0.647863E+02 -0.746715E+02 +0.169504E+02 +0.000000E+00 +0.000000E+00 -0.164957E-02 +0.187819E-03 +0.000000E+00 +0.644113E-03 +0.000000E+00 +0.000000E+00
 +0.110366E+01 -0.103230E+03 -0.161452E+03 -0.646671E+02 -0.746192E+02 +0.168636E+02 +0.000000E+00 +0.000000E+00 -0.164982E-02 +0.189089E-03 +0.000000E+00 +0.640816E-03 +0.000000E+00 +0.000000E+00
 +0.110366E+01 -0.103240E+03 -0.161412E+03 -0.645479E+02 -0.745668E+02 +0.167768E+02 +0.000000E+00 +0.000000E+00 -0.165006E-02 +0.190360E-03 +0.000000E+00 +0.637518E-03 +0.000000E+00 +0.000000E+00
 +0.110366E+01 -0.103250E+03 -0.161373E+03 -0.644286E+02 -0.745145E+02 +0.166900E+02 +0.000000E+00 +0.000000E+00 -0.165031E-02 +0.191630E-03 +0.000000E+00 +0.634220E-03 +0.000000E+00 +0.000000E+00
 +0.110366E+01 -0.103260E+03 -0.161333E+03 -0.643094E+02 -0.744621E+02 +0.166032E+02 +0.000000E+00 +0.000000E+00 -0.165055E-02 +0.192901E-03 +0.000000E+00 +0.630923E-03 +0.000000E+00 +0.000000E+00
 +0.110366E+01 -0.103270E+03 -0.161294E+03 -0.641902E+02 -0.744098E+02 +0.165165E+02 +0.000000E+00 +0.000000E+00 -0.165080E-02 +0.194171E-03 +0.000000E+00 +0.627625E-03 +0.000000E+00 +0.000000E+00
 +0.110366E+01 -0.103280E+03 -0.161254E+03 -0.640710E+02 -0.743574E+02 +0.164297E+02 +0.000000E+00 +0.000000E+00 -0.165104E-02 +0.195442E-03 +0.000000E+00 +0.624328E-03 +0.000000E+00 +0.000000E+00
 +0.110366E+01 -0.103290E+03 -0.161215E+03 -0.639518E+02 -0.743051E+02 +0.163429E+02 +0.000000E+00 +0.000000E+00 -0.165129E-02 +0.196712E-03 +0.000000E+00 +0.621030E-03 +0.000000E+00 +0.000000E+00
 +0.110366E+01 -0.103300E+03 -0.161176E+03 -0.638326E+02 -0.742527E+02 +0.162561E+02 +0.000000E+00 +0.000000E+00 -0.165154E-02 +0.197983E-03 +0.000000E+00 +0.617732E-03 +0.000000E+00 +0.000000E+00
 +0.110366E+01 -0.103310E+03 -0.161136E+03 -0.637133E+02 -0.742004E+02 +0.161693E+02 +0.000000E+00 +0.000000E+00 -0.165178E-02 +0.199253E-03 +0.000000E+00 +0.614435E-03 +0.000000E+00 +0.000000E+00
 +0.110366E+01 -0.103320E+03 -0.161094E+03 -0.635699E+02 -0.741390E+02 +0.160728E+02 +0.000000E+00 +0.000000E+00 -0.165214E-02 +0.200812E-03 +0.000000E+00 +0.610767E-03 +0.000000E+00 +0.000000E+00
 +0.110366E+01 -0.103330E+03 -0.161051E+03 -0.634238E+02 -0.740766E+02 +0.159753E+02 +0.000000E+00 +0.000000E+00 -0.165251E-02 +0.202403E-03 +0.000000E+00 +0.607060E-03 +0.000000E+00 +0.000000E+00
 +0.110366E+01 -0.103340E+03 -0.161008E+03 -0.632777E+02 -0.740142E+02 +0.158777E+02 +0.000000E+00 +0.000000E+00 -0.165288E-02 +0.203993E-03 +0.000000E+00 +0.603352E-03 +0.000000E+00 +0.000000E+00
 +0.110366E+01 -0.103350E+03 -0.160965E+03 -0.631317E+02 -0.739518E+02 +0.157801E+02 +0.000000E+00 +0.000000E+00 -0.165325E-02 +0.205583E-03 +0.000000E+00 +0.599645E-03 +0.000000E+00 +0.000000E+00
 +0.110366E+01 -0.103360E+03 -0.160922E+03 -0.629856E+02 -0.738894E+02 +0.156826E+02 +0.000000E+00 +0.000000E+00 -0.165361E-02 +0.207173E-03 +0.000000E+00 +0.595938E-03 +0.000000E+00 +0.000000E+00
 +0.110366E+01 -0.103370E+03 -0.160879E+03 -0.628395E+02 -0.738271E+02 +0.155850E+02 +0.000000E+00 +0.000000E+00 -0.165398E-02 +0.208763E-03 +0.000000E+00 +0.592230E-03 +0.000000E+00 +0.000000E+00
 +0.110366E+01 -0.103380E+03 -0.160836E+03 -0.626935E+02 -0.737647E+02 +0.154874E+02 +0.000000E+00 +0.000000E+00 -0.165435E-02 +0.210353E-03 +0.000000E+00 +0.588523E-03 +0.000000E+00 +0.000000E+00
 +0.110366E+01 -0.103390E+03 -0.160793E+03 -0.625474E+02 -0.737023E+02 +0.153899E+02 +0.000000E+00 +0.000000E+00 -0.165472E-02 +0.211943E-03 +0.000000E+00 +0.584815E-03 +0.000000E+00 +0.000000E+00
 +0.110366E+01 -0.103400E+03 -0.160750E+03 -0.624013E+02 -0.736399E+02 +0.152923E+02 +0.000000E+00 +0.000000E+00 -0.165509E-02 +0.213533E-03 +0.000000E+00 +0.581108E-03 +0.000000E+00 +0.000000E+00
 +0.110366E+01 -0.103410E+03 -0.160707E+03 -0.622553E+02 -0.735775E+02 +0.151948E+02 +0.000000E+00 +0.000000E+00 -0.165546E-02 +0.215123E-03 +0.000000E+00 +0.577401E-03 +0.000000E+00 +0.000000E+00
 +0.110366E+01 -0.103420E+03 -0.160664E+03 -0.621092E+02 -0.735151E+02 +0.150972E+02 +0.000000E+00 +0.000000E+00 -0.165583E-02 +0.216713E-03 +0.000000E+00 +0.573693E-03 +0.000000E+00 +0.000000E+00
 +0.110366E+01 -0.103430E+03 -0.160621E+03 -0.619631E+02 -0.734528E+02 +0.149996E+02 +0.000000E+00 +0.000000E+00 -0.165620E-02 +0.218303E-03 +0.000000E+00 +0.569986E-03 +0.000000E+00 +0.000000E+00
 +0.110366E+01 -0.103440E+03 -0.160578E+03 -0.618170E+02 -0.733904E+02 +0.149021E+02 +0.000000E+00 +0.000000E+00 -0.165657E-02 +0.219894E-03 +0.000000E+00 +0.566278E-03 +0.000000E+00 +0.000000E+00
 +0.110366E+01 -0.103450E+03 -0.160535E+03 -0.616710E+02 -0.733280E+02 +0.148045E+02 +0.000000E+00 +0.000000E+00 -0.165693E-02 +0.221484E-03 +0.000000E+00 +0.562571E-03 +0.000000E+00 +0.000000E+00
 +0.110366E+01 -0.103460E+03 -0.160492E+03 -0.615249E+02 -0.732656E+02 +0.147069E+02 +0.000000E+00 +0.000000E+00 -0.165730E-02 +0.223074E-03 +0.000000E+00 +0.558864E-03 +0.000000E+00 +0.000000E+00
 +0.110366E+01 -0.103470E+03 -0.160449E+03 -0.613788E+02 -0.732032E+02 +0.146094E+02 +0.000000E+00 +0.000000E+00 -0.165767E-02 +0.224664E-03 +0.000000E+00 +0.555156E-03 +0.000000E+00 +0.000000E+00
 +0.110366E+01 -0.103480E+03 -0.160406E+03 -0.612328E+02 -0.731409E+02 +0.145118E+02 +0.000000E+00 +0.000000E+00 -0.165804E-02 +0.226254E-03 +0.000000E+00 +0.551449E-03 +0.000000E+00 +0.000000E+00
 +0.110366E+01 -0.103490E+03 -0.160363E+03 -0.610867E+02 -0.730785E+02 +0.144143E+02 +0.000000E+00 +0.000000E+00 -0.165841E-02 +0.227844E-03 +0.000000E+00 +0.547742E-03 +0.000000E+00 +0.000000E+00
 +0.110366E+01 -0.103500E+03 -0.160320E+03 -0.609406E+02 -0.730161E+02 +0.143167E+02 +0.000000E+00 +0.000000E+00 -0.165878E-02 +0.229434E-03 +0.000000E+00 +0.544034E-03 +0.000000E+00 +0.000000E+00
 +0.110366E+01 -0.103510E+03 -0.160277E+03 -0.607946E+02 -0.729537E+02 +0.142191E+02 +0.000000E+00 +0.000000E+00 -0.165915E-02 +0.231024E-03 +0.000000E+00 +0.540327E-03 +0.000000E+00 +0.000000E+00
 +0.110366E+01 -0.103520E+03 -0.160234E+03 -0.606485E+02 -0.728913E+02 +0.141216E+02 +0.000000E+00 +0.000000E+00 -0.165952E-02 +0.232614E-03 +0.000000E+00 +0.536619E-03 +0.000000E+00 +0.000000E+00
 +0.110366E+01 -0.103530E+03 -0.160193E+03 -0.605092E+02 -0.728316E+02 +0.140256E+02 +0.000000E+00 +0.000000E+00 -0.165986E-02 +0.234127E-03 +0.000000E+00 +0.532972E-03 +0.000000E+00 +0.000000E+00
 +0.110366E+01 -0.103540E+03 -0.160167E+03 -0.604482E+02 -0.728029E+02 +0.139479E+02 +0.000000E+00 +0.000000E+00 -0.165991E-02 +0.234739E-03 +0.000000E+00 +0.530021E-03 +0.000000E+00 +0.000000E+00
 +0.110366E+01 -0.103550E+03 -0.160140E+03 -0.603873E+02 -0.727742E+02 +0.138703E+02 +0.000000E+00 +0.000000E+00 -0.165996E-02 +0.235351E-03 +0.000000E+00 +0.527070E-03 +0.000000E+00 +0.000000E+00
 +0.110366E+01 -0.103560E+03 -0.160114E+03 -0.603263E+02 -0.727454E+02 +0.137926E+02 +0.000000E+00 +0.000000E+00 -0.166001E-02 +0.235963E-03 +0.000000E+00 +0.524119E-03 +0.000000E+00 +0.000000E+00
 +0.110366E+01 -0.103570E+03 -0.160088E+03 -0.602654E+02 -0.727167E+02 +0.137149E+02 +0.000000E+00 +0.000000E+00 -0.166006E-02 +0.236575E-03 +0.000000E+00 +0.521168E-03 +0.000000E+00 +0.000000E+00
 +0.110366E+01 -0.103580E+03 -0.160062E+03 -0.602045E+02 -0.726880E+02 +0.136373E+02 +0.000000E+00 +0.000000E+00 -0.166011E-02 +0.237187E-03 +0.000000E+00 +0.518217E-03 +0.000000E+00 +0.000000E+00
 +0.110366E+01 -0.103590E+03 -0.160036E+03 -0.601435E+02 -0.726592E+02 +0.135596E+02 +0.000000E+00 +0.000000E+00 -0.166016E-02 +0.237799E-03 +0.000000E+00 +0.515266E-03 +0.000000E+00 +0.000000E+00
 +0.110366E+01 -0.103600E+03 -0.160010E+03 -0.600826E+02 -0.726305E+02 +0.134820E+02 +0.000000E+00 +0.000000E+00 -0.166021E-02 +0.238411E-03 +0.000000E+00 +0.512315E-03 +0.000000E+00 +0.000000E+00
 +0.110366E+01 -0.103610E+03 -0.159984E+03 -0.600216E+02 -0.726018E+02 +0.134043E+02 +0.000000E+00 +0.000000E+00 -0.166026E-02 +0.239023E-03 +0.000000E+00 +0.509364E-03 +0.000000E+00 +0.000000E+00
 +0.110366E+01 -0.103620E+03 -0.159958E+03 -0.599607E+02 -0.725730E+02 +0.133267E+02 +0.000000E+00 +0.000000E+00 -0.166031E-02 +0.239635E-03 +0.000000E+00 +0.506413E-03 +0.000000E+00 +0.000000E+00
 +0.110366E+01 -0.103630E+03 -0.159931E+03 -0.598997E+02 -0.725443E+02 +0.132490E+02 +0.000000E+00 +0.000000E+00 -0.166036E-02 +0.240247E-03 +0.000000E+00 +0.503462E-03 +0.000000E+00 +0.000000E+00
 +0.110366E+01 -0.103640E+03 -0.159905E+03 -0.598388E+02 -0.725156E+02 +0.131713E+02 +0.000000E+00 +0.000000E+00 -0.166041E-02 +0.240859E-03 +0.000000E+00 +0.500511E-03 +0.000000E+00 +0.000000E+00
 +0.110366E+01 -0.103650E+03 -0.159879E+03 -0.597779E+02 -0.724868E+02 +0.130937E+02 +0.000000E+00 +0.000000E+00 -0.166046E-02 +0.241471E-03 +0.000000E+00 +0.497560E-03 +0.000000E+00 +0.000000E+00
 +0.110366E+01 -0.103660E+03 -0.159853E+03 -0.597169E+02 -0.724581E+02 +0.130160E+02 +0.000000E+00 +0.000000E+00 -0.166050E-02 +0.242083E-03 +0.000000E+00 +0.494609E-03 +0.000000E+00 +0.000000E+00
 +0.110366E+01 -0.103670E+03 -0.159827E+03 -0.596560E+02 -0.724294E+02 +0.129384E+02 +0.000000E+00 +0.000000E+00 -0.166055E-02 +0.242695E-03 +0.000000E+00 +0.491658E-03 +0.000000E+00 +0.000000E+00
 +0.110366E+01 -0.103680E+03 -0.159801E+03 -0.595950E+02 -0.724006E+02 +0.128607E+02 +0.000000E+00 +0.000000E+00 -0.166060E-02 +0.243307E-03 +0.000000E+00 +0.488707E-03 +0.000000E+00 +0.000000E+00
 +0.110366E+01 -0.103690E+03 -0.159775E+03 -0.595341E+02 -0.723719E+02 +0.127830E+02 +0.000000E+00 +0.000000E+00 -0.166065E-02 +0.243919E-03 +0.000000E+00 +0.485756E-03 +0.000000E+00 +0.000000E+00
 +0.110366E+01 -0.103700E+03 -0.159749E+03 -0.594731E+02 -0.723432E+02 +0.127054E+02 +0.000000E+00 +0.000000E+00 -0.166070E-02 +0.244531E-03 +0.000000E+00 +0.482805E-03 +0.000000E+00 +0.000000E+00
 +0.110366E+01 -0.103710E+03 -0.159727E+03 -0.594062E+02 -0.723138E+02 +0.126296E+02 +0.000000E+00 +0.000000E+00 -0.166084E-02 +0.245245E-03 +0.000000E+00 +0.479926E-03 +0.000000E+00 +0.000000E+00
 +0.110366E+01 -0.103720E+03 -0.159725E+03 -0.593099E+02 -0.722816E+02 +0.125633E+02 +0.000000E+00 +0.000000E+00 -0.166143E-02 +0.246462E-03 +0.000000E+00 +0.477405E-03 +0.000000E+00 +0.000000E+00
 +0.110366E+01 -0.103730E+03 -0.159724E+03 -0.592135E+02 -0.722493E+02 +0.124969E+02 +0.000000E+00 +0.000000E+00 -0.166201E-02 +0.247680E-03 +0.000000E+00 +0.474884E-03 +0.000000E+00 +0.000000E+00
 +0.110366E+01 -0.103740E+03 -0.159722E+03 -0.591171E+02 -0.722170E+02 +0.124306E+02 +0.000000E+00 +0.000000E+00 -0.166260E-02 +0.248898E-03 +0.000000E+00 +0.472363E-03 +0.000000E+00 +0.000000E+00
 +0.110366E+01 -0.103750E+03 -0.159721E+03 -0.590207E+02 -0.721847E+02 +0.123643E+02 +0.000000E+00 +0.000000E+00 -0.166319E-02 +0.250116E-03 +0.000000E+00 +0.469842E-03 +0.000000E+00 +0.000000E+00
 +0.110366E+01 -0.103760E+03 -0.159719E+03 -0.589244E+02 -0.721524E+02 +0.122979E+02 +0.000000E+00 +0.000000E+00 -0.166377E-02 +0.251334E-03 +0.000000E+00 +0.467321E-03 +0.000000E+00 +0.000000E+00
 +0.110366E+01 -0.103770E+03 -0.159718E+03 -0.588280E+02 -0.721202E+02 +0.122316E+02 +0.000000E+00 +0.000000E+00 -0.166436E-02 +0.252551E-03 +0.000000E+00 +0.464800E-03 +0.000000E+00 +0.000000E+00
 +0.110366E+01 -0.103780E+03 -0.159717E+03 -0.587316E+02 -0.720879E+02 +0.121652E+02 +0.000000E+00 +0.000000E+00 -0.166494E-02 +0.253769E-03 +0.000000E+00 +0.462279E-03 +0.000000E+00 +0.000000E+00
 +0.110366E+01 -0.103790E+03 -0.159715E+03 -0.586352E+02 -0.720556E+02 +0.120989E+02 +0.000000E+00 +0.000000E+00 -0.166553E-02 +0.254987E-03 +0.000000E+00 +0.459758E-03 +0.000000E+00 +0.000000E+00
 +0.110366E+01 -0.103800E+03 -0.159714E+03 -0.585389E+02 -0.720233E+02 +0.120325E+02 +0.000000E+00 +0.000000E+00 -0.166612E-02 +0.256205E-03 +0.000000E+00 +0.457237E-03 +0.000000E+00 +0.000000E+00
 +0.110366E+01 -0.103810E+03 -0.159712E+03 -0.584425E+02 -0.719910E+02 +0.119662E+02 +0.000000E+00 +0.000000E+00 -0.166670E-02 +0.257423E-03 +0.000000E+00 +0.454716E-03 +0.000000E+00 +0.000000E+00
 +0.110366E+01 -0.103820E+03 -0.159711E+03 -0.583461E+02 -0.719588E+02 +0.118999E+02 +0.000000E+00 +0.000000E+00 -0.166729E-02 +0.258641E-03 +0.000000E+00 +0.452195E-03 +0.000000E+00 +0.000000E+00
 +0.110366E+01 -0.103830E+03 -0.159709E+03 -0.582497E+02 -0.719265E+02 +0.118335E+02 +0.000000E+00 +0.000000E+00 -0.166787E-02 +0.259858E-03 +0.000000E+00 +0.449674E-03 +0.000000E+00 +0.000000E+00
 +0.110366E+01 -0.103840E+03 -0.159708E+03 -0.581534E+02 -0.718942E+02 +0.117672E+02 +0.000000E+00 +0.000000E+00 -0.166846E-02 +0.261076E-03 +0.000000E+00 +0.447153E-03 +0.000000E+00 +0.000000E+00
 +0.110366E+01 -0.103850E+03 -0.159706E+03 -0.580570E+02 -0.718619E+02 +0.117008E+02 +0.000000E+00 +0.000000E+00 -0.166905E-02 +0.262294E-03 +0.000000E+00 +0.444632E-03 +0.000000E+00 +0.000000E+00
 +0.110366E+01 -0.103860E+03 -0.159705E+03 -0.579606E+02 -0.718297E+02 +0.116345E+02 +0.000000E+00 +0.000000E+00 -0.166963E-02 +0.263512E-03 +0.000000E+00 +0.442111E-03 +0.000000E+00 +0.000000E+00
 +0.110366E+01 -0.103870E+03 -0.159689E+03 -0.578708E+02 -0.717948E+02 +0.115783E+02 +0.000000E+00 +0.000000E+00 -0.166999E-02 +0.264554E-03 +0.000000E+00 +0.439975E-03 +0.000000E+00 +0.000000E+00
 +0.110366E+01 -0.103880E+03 -0.159665E+03 -0.577848E+02 -0.717584E+02 +0.115278E+02 +0.000000E+00 +0.000000E+00 -0.167022E-02 +0.265498E-03 +0.000000E+00 +0.438055E-03 +0.000000E+00 +0.000000E+00
 +0.110366E+01 -0.103890E+03 -0.159641E+03 -0.576988E+02 -0.717220E+02 +0.114773E+02 +0.000000E+00 +0.000000E+00 -0.167046E-02 +0.266442E-03 +0.000000E+00 +0.436136E-03 +0.000000E+00 +0.000000E+00
 +0.110366E+01 -0.103900E+03 -0.159617E+03 -0.576127E+02 -0.716857E+02 +0.114267E+02 +0.000000E+00 +0.000000E+00 -0.167069E-02 +0.267386E-03 +0.000000E+00 +0.434216E-03 +0.000000E+00 +0.000000E+00
 +0.110366E+01 -0.103910E+03 -0.159592E+03 -0.575267E+02 -0.716493E+02 +0.113762E+02 +0.000000E+00 +0.000000E+00 -0.167092E-02 +0.268330E-03 +0.000000E+00 +0.432297E-03 +0.000000E+00 +0.000000E+00
 +0.110366E+01 -0.103920E+03 -0.159568E+03 -0.574406E+02 -0.716129E+02 +0.113257E+02 +0.000000E+00 +0.000000E+00 -0.167115E-02 +0.269274E-03 +0.000000E+00 +0.430377E-03 +0.000000E+00 +0.000000E+00
 +0.110366E+01 -0.103930E+03 -0.159544E+03 -0.573546E+02 -0.715766E+02 +0.112752E+02 +0.000000E+00 +0.000000E+00 -0.167138E-02 +0.270218E-03 +0.000000E+00 +0.428458E-03 +0.000000E+00 +0.000000E+00
 +0.110366E+01 -0.103940E+03 -0.159520E+03 -0.572685E+02 -0.715402E+02 +0.112247E+02 +0.000000E+00 +0.000000E+00 -0.167162E-02 +0.271162E-03 +0.000000E+00 +0.426539E-03 +0.000000E+00 +0.000000E+00
 +0.110366E+01 -0.103950E+03 -0.159496E+03 -0.571825E+02 -0.715039E+02 +0.111742E+02 +0.000000E+00 +0.000000E+00 -0.167185E-02 +0.272106E-03 +0.000000E+00 +0.424619E-03 +0.000000E+00 +0.000000E+00
 +0.110366E+01 -0.103960E+03 -0.159472E+03 -0.570964E+02 -0.714675E+02 +0.111237E+02 +0.000000E+00 +0.000000E+00 -0.167208E-02 +0.273050E-03 +0.000000E+00 +0.422700E-03 +0.000000E+00 +0.000000E+00
 +0.110366E+01 -0.103970E+03 -0.159448E+03 -0.570104E+02 -0.714311E+02 +0.110732E+02 +0.000000E+00 +0.000000E+00 -0.167231E-02 +0.273994E-03 +0.000000E+00 +0.420780E-03 +0.000000E+00 +0.000000E+00
 +0.110366E+01 -0.103980E+03 -0.159423E+03 -0.569244E+02 -0.713948E+02 +0.110227E+02 +0.000000E+00 +0.000000E+00 -0.167254E-02 +0.274938E-03 +0.000000E+00 +0.418861E-03 +0.000000E+00 +0.000000E+00
 +0.110366E+01 -0.103990E+03 -0.159399E+03 -0.568383E+02 -0.713584E+02 +0.109721E+02 +0.000000E+00 +0.000000E+00 -0.167278E-02 +0.275882E-03 +0.000000E+00 +0.416941E-03 +0.000000E+00 +0.000000E+00
 +0.110366E+01 -0.104000E+03 -0.159375E+03 -0.567523E+02 -0.713220E+02 +0.109216E+02 +0.000000E+00 +0.000000E+00 -0.167301E-02 +0.276826E-03 +0.000000E+00 +0.415022E-03 +0.000000E+00 +0.000000E+00
 +0.110366E+01 -0.104010E+03 -0.159351E+03 -0.566662E+02 -0.712857E+02 +0.108711E+02 +0.000000E+00 +0.000000E+00 -0.167324E-02 +0.277770E-03 +0.000000E+00 +0.413103E-03 +0.000000E+00 +0.000000E+00
 +0.110366E+01 -0.104020E+03 -0.159327E+03 -0.565802E+02 -0.712493E+02 +0.108206E+02 +0.000000E+00 +0.000000E+00 -0.167347E-02 +0.278714E-03 +0.000000E+00 +0.411183E-03 +0.000000E+00 +0.000000E+00
 +0.110366E+01 -0.104030E+03 -0.159303E+03 -0.564941E+02 -0.712129E+02 +0.107701E+02 +0.000000E+00 +0.000000E+00 -0.167370E-02 +0.279658E-03 +0.000000E+00 +0.409264E-03 +0.000000E+00 +0.000000E+00
 +0.110366E+01 -0.104040E+03 -0.159279E+03 -0.564081E+02 -0.711766E+02 +0.107196E+02 +0.000000E+00 +0.000000E+00 -0.167394E-02 +0.280602E-03 +0.000000E+00 +0.407344E-03 +0.000000E+00 +0.000000E+00
 +0.110366E+01 -0.104050E+03 -0.159254E+03 -0.563220E+02 -0.711402E+02 +0.106691E+02 +0.000000E+00 +0.000000E+00 -0.167417E-02 +0.281546E-03 +0.000000E+00 +0.405425E-03 +0.000000E+00 +0.000000E+00
 +0.110366E+01 -0.104060E+03 -0.159230E+03 -0.562360E+02 -0.711039E+02 +0.106186E+02 +0.000000E+00 +0.000000E+00 -0.167440E-02 +0.282489E-03 +0.000000E+00 +0.403505E-03 +0.000000E+00 +0.000000E+00
 +0.110366E+01 -0.104070E+03 -0.159206E+03 -0.561499E+02 -0.710675E+02 +0.105681E+02 +0.000000E+00 +0.000000E+00 -0.167463E-02 +0.283433E-03 +0.000000E+00 +0.401586E-03 +0.000000E+00 +0.000000E+00
 +0.110366E+01 -0.104080E+03 -0.159182E+03 -0.560639E+02 -0.710311E+02 +0.105175E+02 +0.000000E+00 +0.000000E+00 -0.167487E-02 +0.284377E-03 +0.000000E+00 +0.399667E-03 +0.000000E+00 +0.000000E+00
 +0.110366E+01 -0.104090E+03 -0.159158E+03 -0.559779E+02 -0.709948E+02 +0.104670E+02 +0.000000E+00 +0.000000E+00 -0.167510E-02 +0.285321E-03 +0.000000E+00 +0.397747E-03 +0.000000E+00 +0.000000E+00
 +0.110366E+01 -0.104100E+03 -0.159134E+03 -0.558918E+02 -0.709584E+02 +0.104165E+02 +0.000000E+00 +0.000000E+00 -0.167533E-02 +0.286265E-03 +0.000000E+00 +0.395828E-03 +0.000000E+00 +0.000000E+00
 +0.110366E+01 -0.104110E+03 -0.159110E+03 -0.558058E+02 -0.709220E+02 +0.103660E+02 +0.000000E+00 +0.000000E+00 -0.167556E-02 +0.287209E-03 +0.000000E+00 +0.393908E-03 +0.000000E+00 +0.000000E+00
 +0.110366E+01 -0.104120E+03 -0.159085E+03 -0.557197E+02 -0.708857E+02 +0.103155E+02 +0.000000E+00 +0.000000E+00 -0.167579E-02 +0.288153E-03 +0.000000E+00 +0.391989E-03 +0.000000E+00 +0.000000E+00
 +0.110366E+01 -0.104130E+03 -0.159061E+03 -0.556337E+02 -0.708493E+02 +0.102650E+02 +0.000000E+00 +0.000000E+00 -0.167603E-02 +0.289097E-03 +0.000000E+00 +0.390069E-03 +0.000000E+00 +0.000000E+00
 +0.110366E+01 -0.104140E+03 -0.159037E+03 -0.555476E+02 -0.708129E+02 +0.102145E+02 +0.000000E+00 +0.000000E+00 -0.167626E-02 +0.290041E-03 +0.000000E+00 +0.388150E-03 +0.000000E+00 +0.000000E+00
 +0.110366E+01 -0.104150E+03 -0.159013E+03 -0.554616E+02 -0.707766E+02 +0.101640E+02 +0.000000E+00 +0.000000E+00 -0.167649E-02 +0.290985E-03 +0.000000E+00 +0.386230E-03 +0.000000E+00 +0.000000E+00
 +0.110366E+01 -0.104160E+03 -0.158989E+03 -0.553755E+02 -0.707402E+02 +0.101134E+02 +0.000000E+00 +0.000000E+00 -0.167672E-02 +0.291929E-03 +0.000000E+00 +0.384311E-03 +0.000000E+00 +0.000000E+00
 +0.110366E+01 -0.104170E+03 -0.158965E+03 -0.552895E+02 -0.707039E+02 +0.100629E+02 +0.000000E+00 +0.000000E+00 -0.167695E-02 +0.292873E-03 +0.000000E+00 +0.382392E-03 +0.000000E+00 +0.000000E+00
 +0.110366E+01 -0.104180E+03 -0.158940E+03 -0.552034E+02 -0.706675E+02 +0.100124E+02 +0.000000E+00 +0.000000E+00 -0.167719E-02 +0.293817E-03 +0.000000E+00 +0.380472E-03 +0.000000E+00 +0.000000E+00
 +0.110366E+01 -0.104190E+03 -0.158916E+03 -0.551174E+02 -0.706311E+02 +0.996192E+01 +0.000000E+00 +0.000000E+00 -0.167742E-02 +0.294761E-03 +0.000000E+00 +0.378553E-03 +0.000000E+00 +0.000000E+00
 +0.110366E+01 -0.104200E+03 -0.158892E+03 -0.550314E+02 -0.705948E+02 +0.991140E+01 +0.000000E+00 +0.000000E+00 -0.167765E-02 +0.295705E-03 +0.000000E+00 +0.376633E-03 +0.000000E+00 +0.000000E+00
 +0.110366E+01 -0.104210E+03 -0.158868E+03 -0.549453E+02 -0.705584E+02 +0.986089E+01 +0.000000E+00 +0.000000E+00 -0.167788E-02 +0.296649E-03 +0.000000E+00 +0.374714E-03 +0.000000E+00 +0.000000E+00
 +0.110366E+01 -0.104220E+03 -0.158844E+03 -0.548593E+02 -0.705220E+02 +0.981038E+01 +0.000000E+00 +0.000000E+00 -0.167812E-02 +0.297593E-03 +0.000000E+00 +0.372794E-03 +0.000000E+00 +0.000000E+00
 +0.110366E+01 -0.104230E+03 -0.158820E+03 -0.547732E+02 -0.704857E+02 +0.975987E+01 +0.000000E+00 +0.000000E+00 -0.167835E-02 +0.298537E-03 +0.000000E+00 +0.370875E-03 +0.000000E+00 +0.000000E+00
 +0.110366E+01 -0.104240E+03 -0.158796E+03 -0.546872E+02 -0.704493E+02 +0.970936E+01 +0.000000E+00 +0.000000E+00 -0.167858E-02 +0.299481E-03 +0.000000E+00 +0.368956E-03 +0.000000E+00 +0.000000E+00
 +0.110366E+01 -0.104250E+03 -0.158771E+03 -0.546011E+02 -0.704130E+02 +0.965885E+01 +0.000000E+00 +0.000000E+00 -0.167881E-02 +0.300425E-03 +0.000000E+00 +0.367036E-03 +0.000000E+00 +0.000000E+00
 +0.110366E+01 -0.104260E+03 -0.158753E+03 -0.545121E+02 -0.703776E+02 +0.961410E+01 +0.000000E+00 +0.000000E+00 -0.167914E-02 +0.301443E-03 +0.000000E+00 +0.365336E-03 +0.000000E+00 +0.000000E+00
 +0.110366E+01 -0.104270E+03 -0.158746E+03 -0.544199E+02 -0.703449E+02 +0.957448E+01 +0.000000E+00 +0.000000E+00 -0.167963E-02 +0.302574E-03 +0.000000E+00 +0.363830E-03 +0.000000E+00 +0.000000E+00
 +0.110366E+01 -0.104280E+03 -0.158740E+03 -0.543277E+02 -0.703122E+02 +0.953486E+01 +0.000000E+00 +0.000000E+00 -0.168012E-02 +0.303706E-03 +0.000000E+00 +0.362325E-03 +0.000000E+00 +0.000000E+00
 +0.110366E+01 -0.104290E+03 -0.158733E+03 -0.542354E+02 -0.702795E+02 +0.949524E+01 +0.000000E+00 +0.000000E+00 -0.168061E-02 +0.304838E-03 +0.000000E+00 +0.360819E-03 +0.000000E+00 +0.000000E+00
 +0.110366E+01 -0.104300E+03 -0.158726E+03 -0.541432E+02 -0.702468E+02 +0.945561E+01 +0.000000E+00 +0.000000E+00 -0.168110E-02 +0.305970E-03 +0.000000E+00 +0.359313E-03 +0.000000E+00 +0.000000E+00
 +0.110366E+01 -0.104310E+03 -0.158719E+03 -0.540509E+02 -0.702142E+02 +0.941599E+01 +0.000000E+00 +0.000000E+00 -0.168160E-02 +0.307101E-03 +0.000000E+00 +0.357808E-03 +0.000000E+00 +0.000000E+00
 +0.110366E+01 -0.104320E+03 -0.158712E+03 -0.539587E+02 -0.701815E+02 +0.937637E+01 +0.000000E+00 +0.000000E+00 -0.168209E-02 +0.308233E-03 +0.000000E+00 +0.356302E-03 +0.000000E+00 +0.000000E+00
 +0.110366E+01 -0.104330E+03 -0.158706E+03 -0.538665E+02 -0.701488E+02 +0.933675E+01 +0.000000E+00 +0.000000E+00 -0.168258E-02 +0.309365E-03 +0.000000E+00 +0.354796E-03 +0.000000E+00 +0.000000E+00
 +0.110366E+01 -0.104340E+03 -0.158699E+03 -0.537742E+02 -0.701161E+02 +0.929713E+01 +0.000000E+00 +0.000000E+00 -0.168307E-02 +0.310496E-03 +0.000000E+00 +0.353291E-03 +0.000000E+00 +0.000000E+00
 +0.110366E+01 -0.104350E+03 -0.158692E+03 -0.536820E+02 -0.700834E+02 +0.925750E+01 +0.000000E+00 +0.000000E+00 -0.168356E-02 +0.311628E-03 +0.000000E+00 +0.351785E-03 +0.000000E+00 +0.000000E+00
 +0.110366E+01 -0.104360E+03 -0.158685E+03 -0.535897E+02 -0.700508E+02 +0.921788E+01 +0.000000E+00 +0.000000E+00 -0.168406E-02 +0.312760E-03 +0.000000E+00 +0.350279E-03 +0.000000E+00 +0.000000E+00
 +0.110366E+01 -0.104370E+03 -0.158679E+03 -0.534975E+02 -0.700181E+02 +0.917826E+01 +0.000000E+00 +0.000000E+00 -0.168455E-02 +0.313892E-03 +0.000000E+00 +0.348774E-03 +0.000000E+00 +0.000000E+00
 +0.110366E+01 -0.104380E+03 -0.158672E+03 -0.534052E+02 -0.699854E+02 +0.913864E+01 +0.000000E+00 +0.000000E+00 -0.168504E-02 +0.315023E-03 +0.000000E+00 +0.347268E-03 +0.000000E+00 +0.000000E+00
 +0.110366E+01 -0.104390E+03 -0.158665E+03 -0.533130E+02 -0.699527E+02 +0.909901E+01 +0.000000E+00 +0.000000E+00 -0.168553E-02 +0.316155E-03 +0.000000E+00 +0.345763E-03 +0.000000E+00 +0.000000E+00
 +0.110366E+01 -0.104400E+03 -0.158658E+03 -0.532208E+02 -0.699201E+02 +0.905939E+01 +0.000000E+00 +0.000000E+00 -0.168602E-02 +0.317287E-03 +0.000000E+00 +0.344257E-03 +0.000000E+00 +0.000000E+00
 +0.110366E+01 -0.104410E+03 -0.158651E+03 -0.531285E+02 -0.698874E+02 +0.901977E+01 +0.000000E+00 +0.000000E+00 -0.168652E-02 +0.318418E-03 +0.000000E+00 +0.342751E-03 +0.000000E+00 +0.000000E+00
 +0.110366E+01 -0.104420E+03 -0.158645E+03 -0.530363E+02 -0.698547E+02 +0.898015E+01 +0.000000E+00 +0.000000E+00 -0.168701E-02 +0.319550E-03 +0.000000E+00 +0.341246E-03 +0.000000E+00 +0.000000E+00
 +0.110366E+01 -0.104430E+03 -0.158638E+03 -0.529440E+02 -0.698220E+02 +0.894053E+01 +0.000000E+00 +0.000000E+00 -0.168750E-02 +0.320682E-03 +0.000000E+00 +0.339740E-03 +0.000000E+00 +0.000000E+00
 +0.110366E+01 -0.104440E+03 -0.158631E+03 -0.528518E+02 -0.697893E+02 +0.890090E+01 +0.000000E+00 +0.000000E+00 -0.168799E-02 +0.321814E-03 +0.000000E+00 +0.338234E-03 +0.000000E+00 +0.000000E+00
 +0.110366E+01 -0.104450E+03 -0.158624E+03 -0.527595E+02 -0.697567E+02 +0.886128E+01 +0.000000E+00 +0.000000E+00 -0.168848E-02 +0.322945E-03 +0.000000E+00 +0.336729E-03 +0.000000E+00 +0.000000E+00
 +0.110366E+01 -0.104460E+03 -0.158617E+03 -0.526673E+02 -0.697240E+02 +0.882166E+01 +0.000000E+00 +0.000000E+00 -0.168898E-02 +0.324077E-03 +0.000000E+00 +0.335223E-03 +0.000000E+00 +0.000000E+00
 +0.110366E+01 -0.104470E+03 -0.158611E+03 -0.525751E+02 -0.696913E+02 +0.878204E+01 +0.000000E+00 +0.000000E+00 -0.168947E-02 +0.325209E-03 +0.000000E+00 +0.333717E-03 +0.000000E+00 +0.000000E+00
 +0.110366E+01 -0.104480E+03 -0.158604E+03 -0.524828E+02 -0.696586E+02 +0.874242E+01 +0.000000E+00 +0.000000E+00 -0.168996E-02 +0.326340E-03 +0.000000E+00 +0.332212E-03 +0.000000E+00 +0.000000E+00
 +0.110366E+01 -0.104490E+03 -0.158597E+03 -0.523906E+02 -0.696259E+02 +0.870279E+01 +0.000000E+00 +0.000000E+00 -0.169045E-02 +0.327472E-03 +0.000000E+00 +0.330706E-03 +0.000000E+00 +0.000000E+00
 +0.110366E+01 -0.104500E+03 -0.158590E+03 -0.522983E+02 -0.695933E+02 +0.866317E+01 +0.000000E+00 +0.000000E+00 -0.169094E-02 +0.328604E-03 +0.000000E+00 +0.329201E-03 +0.000000E+00 +0.000000E+00
 +0.110366E+01 -0.104510E+03 -0.158584E+03 -0.522061E+02 -0.695606E+02 +0.862355E+01 +0.000000E+00 +0.000000E+00 -0.169144E-02 +0.329735E-03 +0.000000E+00 +0.327695E-03 +0.000000E+00 +0.000000E+00
 +0.110366E+01 -0.104520E+03 -0.158577E+03 -0.521138E+02 -0.695279E+02 +0.858393E+01 +0.000000E+00 +0.000000E+00 -0.169193E-02 +0.330867E-03 +0.000000E+00 +0.326189E-03 +0.000000E+00 +0.000000E+00
 +0.110366E+01 -0.104530E+03 -0.158570E+03 -0.520216E+02 -0.694952E+02 +0.854431E+01 +0.000000E+00 +0.000000E+00 -0.169242E-02 +0.331999E-03 +0.000000E+00 +0.324684E-03 +0.000000E+00 +0.000000E+00
 +0.110366E+01 -0.104540E+03 -0.158563E+03 -0.519294E+02 -0.694625E+02 +0.850468E+01 +0.000000E+00 +0.000000E+00 -0.169291E-02 +0.333131E-03 +0.000000E+00 +0.323178E-03 +0.000000E+00 +0.000000E+00
 +0.110366E+01 -0.104550E+03 -0.158556E+03 -0.518371E+02 -0.694299E+02 +0.846506E+01 +0.000000E+00 +0.000000E+00 -0.169340E-02 +0.334262E-03 +0.000000E+00 +0.321672E-03 +0.000000E+00 +0.000000E+00
 +0.110366E+01 -0.104560E+03 -0.158550E+03 -0.517449E+02 -0.693972E+02 +0.842544E+01 +0.000000E+00 +0.000000E+00 -0.169390E-02 +0.335394E-03 +0.000000E+00 +0.320167E-03 +0.000000E+00 +0.000000E+00
 +0.110366E+01 -0.104570E+03 -0.158543E+03 -0.516526E+02 -0.693645E+02 +0.838582E+01 +0.000000E+00 +0.000000E+00 -0.169439E-02 +0.336526E-03 +0.000000E+00 +0.318661E-03 +0.000000E+00 +0.000000E+00
 +0.110366E+01 -0.104580E+03 -0.158536E+03 -0.515604E+02 -0.693318E+02 +0.834620E+01 +0.000000E+00 +0.000000E+00 -0.169488E-02 +0.337657E-03 +0.000000E+00 +0.317155E-03 +0.000000E+00 +0.000000E+00
 +0.110366E+01 -0.104590E+03 -0.158529E+03 -0.514681E+02 -0.692992E+02 +0.830657E+01 +0.000000E+00 +0.000000E+00 -0.169537E-02 +0.338789E-03 +0.000000E+00 +0.315650E-03 +0.000000E+00 +0.000000E+00
 +0.110366E+01 -0.104600E+03 -0.158523E+03 -0.513759E+02 -0.692665E+02 +0.826695E+01 +0.000000E+00 +0.000000E+00 -0.169586E-02 +0.339921E-03 +0.000000E+00 +0.314144E-03 +0.000000E+00 +0.000000E+00
 +0.110366E+01 -0.104610E+03 -0.158516E+03 -0.512837E+02 -0.692338E+02 +0.822733E+01 +0.000000E+00 +0.000000E+00 -0.169636E-02 +0.341053E-03 +0.000000E+00 +0.312639E-03 +0.000000E+00 +0.000000E+00
 +0.110366E+01 -0.104620E+03 -0.158509E+03 -0.511914E+02 -0.692011E+02 +0.818771E+01 +0.000000E+00 +0.000000E+00 -0.169685E-02 +0.342184E-03 +0.000000E+00 +0.311133E-03 +0.000000E+00 +0.000000E+00
 +0.110366E+01 -0.104630E+03 -0.158502E+03 -0.510992E+02 -0.691684E+02 +0.814809E+01 +0.000000E+00 +0.000000E+00 -0.169734E-02 +0.343316E-03 +0.000000E+00 +0.309627E-03 +0.000000E+00 +0.000000E+00
 +0.110366E+01 -0.104640E+03 -0.158495E+03 -0.510069E+02 -0.691358E+02 +0.810846E+01 +0.000000E+00 +0.000000E+00 -0.169783E-02 +0.344448E-03 +0.000000E+00 +0.308122E-03 +0.000000E+00 +0.000000E+00
 +0.110366E+01 -0.104650E+03 -0.158489E+03 -0.509147E+02 -0.691031E+02 +0.806884E+01 +0.000000E+00 +0.000000E+00 -0.169832E-02 +0.345579E-03 +0.000000E+00 +0.306616E-03 +0.000000E+00 +0.000000E+00
 +0.110366E+01 -0.104660E+03 -0.158482E+03 -0.508224E+02 -0.690704E+02 +0.802922E+01 +0.000000E+00 +0.000000E+00 -0.169882E-02 +0.346711E-03 +0.000000E+00 +0.305110E-03 +0.000000E+00 +0.000000E+00
 +0.110366E+01 -0.104670E+03 -0.158475E+03 -0.507302E+02 -0.690377E+02 +0.798960E+01 +0.000000E+00 +0.000000E+00 -0.169931E-02 +0.347843E-03 +0.000000E+00 +0.303605E-03 +0.000000E+00 +0.000000E+00
 +0.110366E+01 -0.104680E+03 -0.158468E+03 -0.506380E+02 -0.690050E+02 +0.794998E+01 +0.000000E+00 +0.000000E+00 -0.169980E-02 +0.348975E-03 +0.000000E+00 +0.302099E-03 +0.000000E+00 +0.000000E+00
 +0.110366E+01 -0.104690E+03 -0.158461E+03 -0.505457E+02 -0.689724E+02 +0.791035E+01 +0.000000E+00 +0.000000E+00 -0.170029E-02 +0.350106E-03 +0.000000E+00 +0.300593E-03 +0.000000E+00 +0.000000E+00
 +0.110366E+01 -0.104700E+03 -0.158455E+03 -0.504535E+02 -0.689397E+02 +0.787073E+01 +0.000000E+00 +0.000000E+00 -0.170078E-02 +0.351238E-03 +0.000000E+00 +0.299088E-03 +0.000000E+00 +0.000000E+00
 +0.110366E+01 -0.104710E+03 -0.158448E+03 -0.503612E+02 -0.689070E+02 +0.783111E+01 +0.000000E+00 +0.000000E+00 -0.170128E-02 +0.352370E-03 +0.000000E+00 +0.297582E-03 +0.000000E+00 +0.000000E+00
 +0.110366E+01 -0.104720E+03 -0.158441E+03 -0.502690E+02 -0.688743E+02 +0.779149E+01 +0.000000E+00 +0.000000E+00 -0.170177E-02 +0.353501E-03 +0.000000E+00 +0.296077E-03 +0.000000E+00 +0.000000E+00
 +0.110366E+01 -0.104730E+03 -0.158434E+03 -0.502013E+02 -0.688497E+02 +0.775212E+01 +0.000000E+00 +0.000000E+00 -0.170211E-02 +0.354320E-03 +0.000000E+00 +0.294581E-03 +0.000000E+00 +0.000000E+00
 +0.110366E+01 -0.104740E+03 -0.158427E+03 -0.501576E+02 -0.688330E+02 +0.771300E+01 +0.000000E+00 +0.000000E+00 -0.170229E-02 +0.354832E-03 +0.000000E+00 +0.293094E-03 +0.000000E+00 +0.000000E+00
 +0.110366E+01 -0.104750E+03 -0.158420E+03 -0.501139E+02 -0.688163E+02 +0.767388E+01 +0.000000E+00 +0.000000E+00 -0.170248E-02 +0.355345E-03 +0.000000E+00 +0.291607E-03 +0.000000E+00 +0.000000E+00
 +0.110366E+01 -0.104760E+03 -0.158413E+03 -0.500701E+02 -0.687995E+02 +0.763476E+01 +0.000000E+00 +0.000000E+00 -0.170266E-02 +0.355858E-03 +0.000000E+00 +0.290121E-03 +0.000000E+00 +0.000000E+00
 +0.110366E+01 -0.104770E+03 -0.158406E+03 -0.500264E+02 -0.687828E+02 +0.759564E+01 +0.000000E+00 +0.000000E+00 -0.170285E-02 +0.356371E-03 +0.000000E+00 +0.288634E-03 +0.000000E+00 +0.000000E+00
 +0.110366E+01 -0.104780E+03 -0.158399E+03 -0.499827E+02 -0.687660E+02 +0.755652E+01 +0.000000E+00 +0.000000E+00 -0.170303E-02 +0.356884E-03 +0.000000E+00 +0.287148E-03 +0.000000E+00 +0.000000E+00
 +0.110366E+01 -0.104790E+03 -0.158392E+03 -0.499390E+02 -0.687493E+02 +0.751740E+01 +0.000000E+00 +0.000000E+00 -0.170322E-02 +0.357396E-03 +0.000000E+00 +0.285661E-03 +0.000000E+00 +0.000000E+00
 +0.110366E+01 -0.104800E+03 -0.158385E+03 -0.498952E+02 -0.687326E+02 +0.747828E+01 +0.000000E+00 +0.000000E+00 -0.170340E-02 +0.357909E-03 +0.000000E+00 +0.284174E-03 +0.000000E+00 +0.000000E+00
 +0.110366E+01 -0.104810E+03 -0.158378E+03 -0.498515E+02 -0.687158E+02 +0.743916E+01 +0.000000E+00 +0.000000E+00 -0.170359E-02 +0.358422E-03 +0.000000E+00 +0.282688E-03 +0.000000E+00 +0.000000E+00
 +0.110366E+01 -0.104820E+03 -0.158371E+03 -0.498078E+02 -0.686991E+02 +0.740004E+01 +0.000000E+00 +0.000000E+00 -0.170377E-02 +0.358935E-03 +0.000000E+00 +0.281201E-03 +0.000000E+00 +0.000000E+00
 +0.110366E+01 -0.104830E+03 -0.158364E+03 -0.497641E+02 -0.686824E+02 +0.736092E+01 +0.000000E+00 +0.000000E+00 -0.170396E-02 +0.359448E-03 +0.000000E+00 +0.279715E-03 +0.000000E+00 +0.000000E+00
 +0.110366E+01 -0.104840E+03 -0.158357E+03 -0.497203E+02 -0.686656E+02 +0.732179E+01 +0.000000E+00 +0.000000E+00 -0.170414E-02 +0.359961E-03 +0.000000E+00 +0.278228E-03 +0.000000E+00 +0.000000E+00
 +0.110366E+01 -0.104850E+03 -0.158350E+03 -0.496766E+02 -0.686489E+02 +0.728267E+01 +0.000000E+00 +0.000000E+00 -0.170433E-02 +0.360473E-03 +0.000000E+00 +0.276742E-03 +0.000000E+00 +0.000000E+00
 +0.110366E+01 -0.104860E+03 -0.158343E+03 -0.496329E+02 -0.686322E+02 +0.724355E+01 +0.000000E+00 +0.000000E+00 -0.170451E-02 +0.360986E-03 +0.000000E+00 +0.275255E-03 +0.000000E+00 +0.000000E+00
 +0.110366E+01 -0.104870E+03 -0.158336E+03 -0.495892E+02 -0.686154E+02 +0.720443E+01 +0.000000E+00 +0.000000E+00 -0.170470E-02 +0.361499E-03 +0.000000E+00 +0.273768E-03 +0.000000E+00 +0.000000E+00
 +0.110366E+01 -0.104880E+03 -0.158329E+03 -0.495454E+02 -0.685987E+02 +0.716531E+01 +0.000000E+00 +0.000000E+00 -0.170488E-02 +0.362012E-03 +0.000000E+00 +0.272282E-03 +0.000000E+00 +0.000000E+00
 +0.110366E+01 -0.104890E+03 -0.158322E+03 -0.495017E+02 -0.685820E+02 +0.712619E+01 +0.000000E+00 +0.000000E+00 -0.170507E-02 +0.362525E-03 +0.000000E+00 +0.270795E-03 +0.000000E+00 +0.000000E+00
 +0.110366E+01 -0.104900E+03 -0.158315E+03 -0.494580E+02 -0.685652E+02 +0.708707E+01 +0.000000E+00 +0.000000E+00 -0.170525E-02 +0.363037E-03 +0.000000E+00 +0.269309E-03 +0.000000E+00 +0.000000E+00
 +0.110366E+01 -0.104910E+03 -0.158308E+03 -0.494143E+02 -0.685485E+02 +0.704795E+01 +0.000000E+00 +0.000000E+00 -0.170544E-02 +0.363550E-03 +0.000000E+00 +0.267822E-03 +0.000000E+00 +0.000000E+00
 +0.110366E+01 -0.104920E+03 -0.158301E+03 -0.493705E+02 -0.685317E+02 +0.700883E+01 +0.000000E+00 +0.000000E+00 -0.170562E-02 +0.364063E-03 +0.000000E+00 +0.266336E-03 +0.000000E+00 +0.000000E+00
 +0.110366E+01 -0.104930E+03 -0.158294E+03 -0.493268E+02 -0.685150E+02 +0.696971E+01 +0.000000E+00 +0.000000E+00 -0.170581E-02 +0.364576E-03 +0.000000E+00 +0.264849E-03 +0.000000E+00 +0.000000E+00
 +0.110366E+01 -0.104940E+03 -0.158287E+03 -0.492831E+02 -0.684983E+02 +0.693059E+01 +0.000000E+00 +0.000000E+00 -0.170599E-02 +0.365089E-03 +0.000000E+00 +0.263362E-03 +0.000000E+00 +0.000000E+00
 +0.110366E+01 -0.104950E+03 -0.158280E+03 -0.492394E+02 -0.684815E+02 +0.689147E+01 +0.000000E+00 +0.000000E+00 -0.170618E-02 +0.365601E-03 +0.000000E+00 +0.261876E-03 +0.000000E+00 +0.000000E+00
 +0.110366E+01 -0.104960E+03 -0.158274E+03 -0.491946E+02 -0.684647E+02 +0.685276E+01 +0.000000E+00 +0.000000E+00 -0.170638E-02 +0.366131E-03 +0.000000E+00 +0.260405E-03 +0.000000E+00 +0.000000E+00
 +0.110366E+01 -0.104970E+03 -0.158281E+03 -0.491270E+02 -0.684446E+02 +0.682300E+01 +0.000000E+00 +0.000000E+00 -0.170689E-02 +0.367034E-03 +0.000000E+00 +0.259274E-03 +0.000000E+00 +0.000000E+00
 +0.110366E+01 -0.104980E+03 -0.158288E+03 -0.490594E+02 -0.684245E+02 +0.679324E+01 +0.000000E+00 +0.000000E+00 -0.170740E-02 +0.367937E-03 +0.000000E+00 +0.258143E-03 +0.000000E+00 +0.000000E+00
 +0.110366E+01 -0.104990E+03 -0.158294E+03 -0.489919E+02 -0.684045E+02 +0.676348E+01 +0.000000E+00 +0.000000E+00 -0.170791E-02 +0.368840E-03 +0.000000E+00 +0.257012E-03 +0.000000E+00 +0.000000E+00
