%X Y s_xx s_yy s_zz s_xy s_xz s_yz e_xx e_yy e_zz e_xy e_xz e_yz
 +0.130720E+01 -0.100000E+03 -0.373130E+03 -0.214203E+02 -0.130202E+03 +0.315696E+02 +0.000000E+00 +0.000000E+00 -0.461564E-02 +0.206684E-02 +0.000000E+00 +0.119965E-02 +0.000000E+00 +0.000000E+00
 +0.130720E+01 -0.100010E+03 -0.365832E+03 -0.273446E+02 -0.129748E+03 +0.364043E+02 +0.000000E+00 +0.000000E+00 -0.448559E-02 +0.194567E-02 +0.000000E+00 +0.138336E-02 +0.000000E+00 +0.000000E+00
 +0.130720E+01 -0.100020E+03 -0.358540E+03 -0.332466E+02 -0.129289E+03 +0.412991E+02 +0.000000E+00 +0.000000E+00 -0.435575E-02 +0.182481E-02 +0.000000E+00 +0.156937E-02 +0.000000E+00 +0.000000E+00
 +0.130720E+01 -0.100030E+03 -0.351527E+03 -0.380204E+02 -0.128551E+03 +0.492306E+02 +0.000000E+00 +0.000000E+00 -0.423655E-02 +0.172007E-02 +0.000000E+00 +0.187076E-02 +0.000000E+00 +0.000000E+00
 +0.130720E+01 -0.100040E+03 -0.344576E+03 -0.427523E+02 -0.127818E+03 +0.570230E+02 +0.000000E+00 +0.000000E+00 -0.411840E-02 +0.161626E-02 +0.000000E+00 +0.216687E-02 +0.000000E+00 +0.000000E+00
 +0.130720E+01 -0.100050E+03 -0.339171E+03 -0.464486E+02 -0.127254E+03 +0.613703E+02 +0.000000E+00 +0.000000E+00 -0.402641E-02 +0.153531E-02 +0.000000E+00 +0.233207E-02 +0.000000E+00 +0.000000E+00
 +0.130720E+01 -0.100060E+03 -0.333806E+03 -0.501082E+02 -0.126692E+03 +0.656381E+02 +0.000000E+00 +0.000000E+00 -0.393517E-02 +0.145508E-02 +0.000000E+00 +0.249425E-02 +0.000000E+00 +0.000000E+00
 +0.130720E+01 -0.100070E+03 -0.329092E+03 -0.531747E+02 -0.126148E+03 +0.686187E+02 +0.000000E+00 +0.000000E+00 -0.385593E-02 +0.138649E-02 +0.000000E+00 +0.260751E-02 +0.000000E+00 +0.000000E+00
 +0.130720E+01 -0.100080E+03 -0.324418E+03 -0.562058E+02 -0.125606E+03 +0.715323E+02 +0.000000E+00 +0.000000E+00 -0.377743E-02 +0.131860E-02 +0.000000E+00 +0.271823E-02 +0.000000E+00 +0.000000E+00
 +0.130720E+01 -0.100090E+03 -0.320221E+03 -0.588153E+02 -0.125082E+03 +0.736483E+02 +0.000000E+00 +0.000000E+00 -0.370764E-02 +0.125907E-02 +0.000000E+00 +0.279864E-02 +0.000000E+00 +0.000000E+00
 +0.130720E+01 -0.100100E+03 -0.316064E+03 -0.613905E+02 -0.124560E+03 +0.757092E+02 +0.000000E+00 +0.000000E+00 -0.363857E-02 +0.120022E-02 +0.000000E+00 +0.287695E-02 +0.000000E+00 +0.000000E+00
 +0.130720E+01 -0.100110E+03 -0.312268E+03 -0.636457E+02 -0.124051E+03 +0.772558E+02 +0.000000E+00 +0.000000E+00 -0.357611E-02 +0.114771E-02 +0.000000E+00 +0.293572E-02 +0.000000E+00 +0.000000E+00
 +0.130720E+01 -0.100120E+03 -0.308510E+03 -0.658675E+02 -0.123545E+03 +0.787548E+02 +0.000000E+00 +0.000000E+00 -0.351435E-02 +0.109587E-02 +0.000000E+00 +0.299268E-02 +0.000000E+00 +0.000000E+00
 +0.130720E+01 -0.100130E+03 -0.305050E+03 -0.678357E+02 -0.123052E+03 +0.798923E+02 +0.000000E+00 +0.000000E+00 -0.345795E-02 +0.104911E-02 +0.000000E+00 +0.303591E-02 +0.000000E+00 +0.000000E+00
 +0.130720E+01 -0.100140E+03 -0.301628E+03 -0.697716E+02 -0.122562E+03 +0.809889E+02 +0.000000E+00 +0.000000E+00 -0.340225E-02 +0.100301E-02 +0.000000E+00 +0.307758E-02 +0.000000E+00 +0.000000E+00
 +0.130720E+01 -0.100150E+03 -0.298454E+03 -0.715013E+02 -0.122085E+03 +0.818243E+02 +0.000000E+00 +0.000000E+00 -0.335101E-02 +0.961097E-03 +0.000000E+00 +0.310932E-02 +0.000000E+00 +0.000000E+00
 +0.130720E+01 -0.100160E+03 -0.295320E+03 -0.731997E+02 -0.121611E+03 +0.826241E+02 +0.000000E+00 +0.000000E+00 -0.330046E-02 +0.919822E-03 +0.000000E+00 +0.313971E-02 +0.000000E+00 +0.000000E+00
 +0.130720E+01 -0.100170E+03 -0.292397E+03 -0.747276E+02 -0.121151E+03 +0.832301E+02 +0.000000E+00 +0.000000E+00 -0.325368E-02 +0.882049E-03 +0.000000E+00 +0.316274E-02 +0.000000E+00 +0.000000E+00
 +0.130720E+01 -0.100180E+03 -0.289514E+03 -0.762253E+02 -0.120694E+03 +0.838054E+02 +0.000000E+00 +0.000000E+00 -0.320758E-02 +0.844903E-03 +0.000000E+00 +0.318460E-02 +0.000000E+00 +0.000000E+00
 +0.130720E+01 -0.100190E+03 -0.286813E+03 -0.775805E+02 -0.120250E+03 +0.842349E+02 +0.000000E+00 +0.000000E+00 -0.316470E-02 +0.810718E-03 +0.000000E+00 +0.320093E-02 +0.000000E+00 +0.000000E+00
 +0.130720E+01 -0.100200E+03 -0.284151E+03 -0.789069E+02 -0.119809E+03 +0.846378E+02 +0.000000E+00 +0.000000E+00 -0.312249E-02 +0.777141E-03 +0.000000E+00 +0.321624E-02 +0.000000E+00 +0.000000E+00
 +0.130720E+01 -0.100210E+03 -0.281647E+03 -0.801133E+02 -0.119381E+03 +0.849301E+02 +0.000000E+00 +0.000000E+00 -0.308306E-02 +0.746087E-03 +0.000000E+00 +0.322734E-02 +0.000000E+00 +0.000000E+00
 +0.130720E+01 -0.100220E+03 -0.279181E+03 -0.812921E+02 -0.118956E+03 +0.851994E+02 +0.000000E+00 +0.000000E+00 -0.304428E-02 +0.715619E-03 +0.000000E+00 +0.323758E-02 +0.000000E+00 +0.000000E+00
 +0.130720E+01 -0.100230E+03 -0.276854E+03 -0.823694E+02 -0.118544E+03 +0.853841E+02 +0.000000E+00 +0.000000E+00 -0.300789E-02 +0.687310E-03 +0.000000E+00 +0.324460E-02 +0.000000E+00 +0.000000E+00
 +0.130720E+01 -0.100240E+03 -0.274562E+03 -0.834205E+02 -0.118134E+03 +0.855491E+02 +0.000000E+00 +0.000000E+00 -0.297213E-02 +0.659563E-03 +0.000000E+00 +0.325086E-02 +0.000000E+00 +0.000000E+00
 +0.130720E+01 -0.100250E+03 -0.272392E+03 -0.843855E+02 -0.117737E+03 +0.856491E+02 +0.000000E+00 +0.000000E+00 -0.293845E-02 +0.633670E-03 +0.000000E+00 +0.325467E-02 +0.000000E+00 +0.000000E+00
 +0.130720E+01 -0.100260E+03 -0.270257E+03 -0.853258E+02 -0.117342E+03 +0.857323E+02 +0.000000E+00 +0.000000E+00 -0.290538E-02 +0.608313E-03 +0.000000E+00 +0.325783E-02 +0.000000E+00 +0.000000E+00
 +0.130720E+01 -0.100270E+03 -0.268227E+03 -0.861927E+02 -0.116959E+03 +0.857655E+02 +0.000000E+00 +0.000000E+00 -0.287410E-02 +0.584551E-03 +0.000000E+00 +0.325909E-02 +0.000000E+00 +0.000000E+00
 +0.130720E+01 -0.100280E+03 -0.266232E+03 -0.870363E+02 -0.116578E+03 +0.857842E+02 +0.000000E+00 +0.000000E+00 -0.284341E-02 +0.561300E-03 +0.000000E+00 +0.325980E-02 +0.000000E+00 +0.000000E+00
 +0.130720E+01 -0.100290E+03 -0.264328E+03 -0.878175E+02 -0.116208E+03 +0.857644E+02 +0.000000E+00 +0.000000E+00 -0.281428E-02 +0.539421E-03 +0.000000E+00 +0.325905E-02 +0.000000E+00 +0.000000E+00
 +0.130720E+01 -0.100300E+03 -0.262458E+03 -0.885767E+02 -0.115841E+03 +0.857324E+02 +0.000000E+00 +0.000000E+00 -0.278571E-02 +0.518028E-03 +0.000000E+00 +0.325783E-02 +0.000000E+00 +0.000000E+00
 +0.130720E+01 -0.100310E+03 -0.260668E+03 -0.892826E+02 -0.115484E+03 +0.856705E+02 +0.000000E+00 +0.000000E+00 -0.275850E-02 +0.497819E-03 +0.000000E+00 +0.325548E-02 +0.000000E+00 +0.000000E+00
 +0.130720E+01 -0.100320E+03 -0.258909E+03 -0.899680E+02 -0.115130E+03 +0.855983E+02 +0.000000E+00 +0.000000E+00 -0.273182E-02 +0.478069E-03 +0.000000E+00 +0.325274E-02 +0.000000E+00 +0.000000E+00
 +0.130720E+01 -0.100330E+03 -0.257221E+03 -0.906077E+02 -0.114784E+03 +0.855030E+02 +0.000000E+00 +0.000000E+00 -0.270632E-02 +0.459341E-03 +0.000000E+00 +0.324911E-02 +0.000000E+00 +0.000000E+00
 +0.130720E+01 -0.100340E+03 -0.255564E+03 -0.912282E+02 -0.114441E+03 +0.853988E+02 +0.000000E+00 +0.000000E+00 -0.268132E-02 +0.441048E-03 +0.000000E+00 +0.324516E-02 +0.000000E+00 +0.000000E+00
 +0.130720E+01 -0.100350E+03 -0.253967E+03 -0.918097E+02 -0.114106E+03 +0.852768E+02 +0.000000E+00 +0.000000E+00 -0.265736E-02 +0.423638E-03 +0.000000E+00 +0.324052E-02 +0.000000E+00 +0.000000E+00
 +0.130720E+01 -0.100360E+03 -0.252400E+03 -0.923731E+02 -0.113775E+03 +0.851473E+02 +0.000000E+00 +0.000000E+00 -0.263387E-02 +0.406639E-03 +0.000000E+00 +0.323560E-02 +0.000000E+00 +0.000000E+00
 +0.130720E+01 -0.100370E+03 -0.250887E+03 -0.929031E+02 -0.113451E+03 +0.850039E+02 +0.000000E+00 +0.000000E+00 -0.261129E-02 +0.390404E-03 +0.000000E+00 +0.323015E-02 +0.000000E+00 +0.000000E+00
 +0.130720E+01 -0.100380E+03 -0.249401E+03 -0.934162E+02 -0.113130E+03 +0.848542E+02 +0.000000E+00 +0.000000E+00 -0.258915E-02 +0.374556E-03 +0.000000E+00 +0.322446E-02 +0.000000E+00 +0.000000E+00
 +0.130720E+01 -0.100390E+03 -0.247962E+03 -0.939005E+02 -0.112815E+03 +0.846936E+02 +0.000000E+00 +0.000000E+00 -0.256781E-02 +0.359371E-03 +0.000000E+00 +0.321836E-02 +0.000000E+00 +0.000000E+00
 +0.130720E+01 -0.100400E+03 -0.246550E+03 -0.943691E+02 -0.112503E+03 +0.845276E+02 +0.000000E+00 +0.000000E+00 -0.254689E-02 +0.344552E-03 +0.000000E+00 +0.321205E-02 +0.000000E+00 +0.000000E+00
 +0.130720E+01 -0.100410E+03 -0.245180E+03 -0.948129E+02 -0.112198E+03 +0.843531E+02 +0.000000E+00 +0.000000E+00 -0.252666E-02 +0.330308E-03 +0.000000E+00 +0.320542E-02 +0.000000E+00 +0.000000E+00
 +0.130720E+01 -0.100420E+03 -0.243834E+03 -0.952420E+02 -0.111895E+03 +0.841741E+02 +0.000000E+00 +0.000000E+00 -0.250684E-02 +0.316408E-03 +0.000000E+00 +0.319862E-02 +0.000000E+00 +0.000000E+00
 +0.130720E+01 -0.100430E+03 -0.242525E+03 -0.956496E+02 -0.111598E+03 +0.839884E+02 +0.000000E+00 +0.000000E+00 -0.248762E-02 +0.303010E-03 +0.000000E+00 +0.319156E-02 +0.000000E+00 +0.000000E+00
 +0.130720E+01 -0.100440E+03 -0.241239E+03 -0.960435E+02 -0.111303E+03 +0.837988E+02 +0.000000E+00 +0.000000E+00 -0.246878E-02 +0.289937E-03 +0.000000E+00 +0.318435E-02 +0.000000E+00 +0.000000E+00
 +0.130720E+01 -0.100450E+03 -0.239986E+03 -0.964188E+02 -0.111014E+03 +0.836038E+02 +0.000000E+00 +0.000000E+00 -0.245048E-02 +0.277300E-03 +0.000000E+00 +0.317695E-02 +0.000000E+00 +0.000000E+00
 +0.130720E+01 -0.100460E+03 -0.238755E+03 -0.967812E+02 -0.110727E+03 +0.834055E+02 +0.000000E+00 +0.000000E+00 -0.243254E-02 +0.264971E-03 +0.000000E+00 +0.316941E-02 +0.000000E+00 +0.000000E+00
 +0.130720E+01 -0.100470E+03 -0.237553E+03 -0.971276E+02 -0.110445E+03 +0.832030E+02 +0.000000E+00 +0.000000E+00 -0.241506E-02 +0.253024E-03 +0.000000E+00 +0.316172E-02 +0.000000E+00 +0.000000E+00
 +0.130720E+01 -0.100480E+03 -0.236373E+03 -0.974617E+02 -0.110165E+03 +0.829976E+02 +0.000000E+00 +0.000000E+00 -0.239794E-02 +0.241368E-03 +0.000000E+00 +0.315391E-02 +0.000000E+00 +0.000000E+00
 +0.130720E+01 -0.100490E+03 -0.235217E+03 -0.977819E+02 -0.109890E+03 +0.827888E+02 +0.000000E+00 +0.000000E+00 -0.238122E-02 +0.230046E-03 +0.000000E+00 +0.314597E-02 +0.000000E+00 +0.000000E+00
 +0.130720E+01 -0.100500E+03 -0.234082E+03 -0.980906E+02 -0.109617E+03 +0.825774E+02 +0.000000E+00 +0.000000E+00 -0.236483E-02 +0.219000E-03 +0.000000E+00 +0.313794E-02 +0.000000E+00 +0.000000E+00
 +0.130720E+01 -0.100510E+03 -0.232969E+03 -0.983871E+02 -0.109348E+03 +0.823632E+02 +0.000000E+00 +0.000000E+00 -0.234881E-02 +0.208247E-03 +0.000000E+00 +0.312980E-02 +0.000000E+00 +0.000000E+00
 +0.130720E+01 -0.100520E+03 -0.231876E+03 -0.986728E+02 -0.109081E+03 +0.821468E+02 +0.000000E+00 +0.000000E+00 -0.233310E-02 +0.197757E-03 +0.000000E+00 +0.312158E-02 +0.000000E+00 +0.000000E+00
 +0.130720E+01 -0.100530E+03 -0.230802E+03 -0.989478E+02 -0.108818E+03 +0.819281E+02 +0.000000E+00 +0.000000E+00 -0.231771E-02 +0.187525E-03 +0.000000E+00 +0.311327E-02 +0.000000E+00 +0.000000E+00
 +0.130720E+01 -0.100540E+03 -0.229748E+03 -0.992126E+02 -0.108557E+03 +0.817074E+02 +0.000000E+00 +0.000000E+00 -0.230263E-02 +0.177542E-03 +0.000000E+00 +0.310488E-02 +0.000000E+00 +0.000000E+00
 +0.130720E+01 -0.100550E+03 -0.228710E+03 -0.994680E+02 -0.108299E+03 +0.814848E+02 +0.000000E+00 +0.000000E+00 -0.228782E-02 +0.167787E-03 +0.000000E+00 +0.309642E-02 +0.000000E+00 +0.000000E+00
 +0.130720E+01 -0.100560E+03 -0.227691E+03 -0.997136E+02 -0.108044E+03 +0.812603E+02 +0.000000E+00 +0.000000E+00 -0.227331E-02 +0.158270E-03 +0.000000E+00 +0.308789E-02 +0.000000E+00 +0.000000E+00
 +0.130720E+01 -0.100570E+03 -0.226687E+03 -0.999510E+02 -0.107791E+03 +0.810343E+02 +0.000000E+00 +0.000000E+00 -0.225904E-02 +0.148954E-03 +0.000000E+00 +0.307930E-02 +0.000000E+00 +0.000000E+00
 +0.130720E+01 -0.100580E+03 -0.225701E+03 -0.100179E+03 -0.107541E+03 +0.808065E+02 +0.000000E+00 +0.000000E+00 -0.224505E-02 +0.139866E-03 +0.000000E+00 +0.307065E-02 +0.000000E+00 +0.000000E+00
 +0.130720E+01 -0.100590E+03 -0.224729E+03 -0.100400E+03 -0.107292E+03 +0.805775E+02 +0.000000E+00 +0.000000E+00 -0.223129E-02 +0.130956E-03 +0.000000E+00 +0.306194E-02 +0.000000E+00 +0.000000E+00
 +0.130720E+01 -0.100600E+03 -0.223773E+03 -0.100612E+03 -0.107047E+03 +0.803468E+02 +0.000000E+00 +0.000000E+00 -0.221779E-02 +0.122265E-03 +0.000000E+00 +0.305318E-02 +0.000000E+00 +0.000000E+00
 +0.130720E+01 -0.100610E+03 -0.222829E+03 -0.100818E+03 -0.106803E+03 +0.801150E+02 +0.000000E+00 +0.000000E+00 -0.220449E-02 +0.113731E-03 +0.000000E+00 +0.304437E-02 +0.000000E+00 +0.000000E+00
 +0.130720E+01 -0.100620E+03 -0.221902E+03 -0.101015E+03 -0.106562E+03 +0.798817E+02 +0.000000E+00 +0.000000E+00 -0.219145E-02 +0.105409E-03 +0.000000E+00 +0.303550E-02 +0.000000E+00 +0.000000E+00
 +0.130720E+01 -0.100630E+03 -0.220985E+03 -0.101206E+03 -0.106323E+03 +0.796474E+02 +0.000000E+00 +0.000000E+00 -0.217858E-02 +0.972252E-04 +0.000000E+00 +0.302660E-02 +0.000000E+00 +0.000000E+00
 +0.130720E+01 -0.100640E+03 -0.220085E+03 -0.101389E+03 -0.106086E+03 +0.794117E+02 +0.000000E+00 +0.000000E+00 -0.216597E-02 +0.892451E-04 +0.000000E+00 +0.301764E-02 +0.000000E+00 +0.000000E+00
 +0.130720E+01 -0.100650E+03 -0.219193E+03 -0.101567E+03 -0.105851E+03 +0.791751E+02 +0.000000E+00 +0.000000E+00 -0.215350E-02 +0.813891E-04 +0.000000E+00 +0.300865E-02 +0.000000E+00 +0.000000E+00
 +0.130720E+01 -0.100660E+03 -0.218317E+03 -0.101738E+03 -0.105618E+03 +0.789372E+02 +0.000000E+00 +0.000000E+00 -0.214129E-02 +0.737295E-04 +0.000000E+00 +0.299961E-02 +0.000000E+00 +0.000000E+00
 +0.130720E+01 -0.100670E+03 -0.217450E+03 -0.101904E+03 -0.105387E+03 +0.786985E+02 +0.000000E+00 +0.000000E+00 -0.212920E-02 +0.661803E-04 +0.000000E+00 +0.299054E-02 +0.000000E+00 +0.000000E+00
 +0.130720E+01 -0.100680E+03 -0.216598E+03 -0.102062E+03 -0.105158E+03 +0.784585E+02 +0.000000E+00 +0.000000E+00 -0.211736E-02 +0.588214E-04 +0.000000E+00 +0.298142E-02 +0.000000E+00 +0.000000E+00
 +0.130720E+01 -0.100690E+03 -0.215753E+03 -0.102216E+03 -0.104930E+03 +0.782178E+02 +0.000000E+00 +0.000000E+00 -0.210564E-02 +0.515607E-04 +0.000000E+00 +0.297228E-02 +0.000000E+00 +0.000000E+00
 +0.130720E+01 -0.100700E+03 -0.214922E+03 -0.102363E+03 -0.104704E+03 +0.779759E+02 +0.000000E+00 +0.000000E+00 -0.209415E-02 +0.444848E-04 +0.000000E+00 +0.296308E-02 +0.000000E+00 +0.000000E+00
 +0.130720E+01 -0.100710E+03 -0.214099E+03 -0.102506E+03 -0.104480E+03 +0.777334E+02 +0.000000E+00 +0.000000E+00 -0.208276E-02 +0.374964E-04 +0.000000E+00 +0.295387E-02 +0.000000E+00 +0.000000E+00
 +0.130720E+01 -0.100720E+03 -0.213289E+03 -0.102642E+03 -0.104257E+03 +0.774897E+02 +0.000000E+00 +0.000000E+00 -0.207160E-02 +0.306877E-04 +0.000000E+00 +0.294461E-02 +0.000000E+00 +0.000000E+00
 +0.130720E+01 -0.100730E+03 -0.212485E+03 -0.102775E+03 -0.104036E+03 +0.772454E+02 +0.000000E+00 +0.000000E+00 -0.206054E-02 +0.239568E-04 +0.000000E+00 +0.293532E-02 +0.000000E+00 +0.000000E+00
 +0.130720E+01 -0.100740E+03 -0.211696E+03 -0.102901E+03 -0.103817E+03 +0.769999E+02 +0.000000E+00 +0.000000E+00 -0.204970E-02 +0.174014E-04 +0.000000E+00 +0.292600E-02 +0.000000E+00 +0.000000E+00
 +0.130720E+01 -0.100750E+03 -0.210911E+03 -0.103024E+03 -0.103599E+03 +0.767540E+02 +0.000000E+00 +0.000000E+00 -0.203894E-02 +0.109149E-04 +0.000000E+00 +0.291665E-02 +0.000000E+00 +0.000000E+00
 +0.130720E+01 -0.100760E+03 -0.210140E+03 -0.103141E+03 -0.103383E+03 +0.765069E+02 +0.000000E+00 +0.000000E+00 -0.202839E-02 +0.459984E-05 +0.000000E+00 +0.290726E-02 +0.000000E+00 +0.000000E+00
 +0.130720E+01 -0.100770E+03 -0.209374E+03 -0.103254E+03 -0.103167E+03 +0.762594E+02 +0.000000E+00 +0.000000E+00 -0.201792E-02 -0.165404E-05 +0.000000E+00 +0.289786E-02 +0.000000E+00 +0.000000E+00
 +0.130720E+01 -0.100780E+03 -0.208621E+03 -0.103362E+03 -0.102954E+03 +0.760108E+02 +0.000000E+00 +0.000000E+00 -0.200767E-02 -0.774007E-05 +0.000000E+00 +0.288841E-02 +0.000000E+00 +0.000000E+00
 +0.130720E+01 -0.100790E+03 -0.207872E+03 -0.103467E+03 -0.102742E+03 +0.757619E+02 +0.000000E+00 +0.000000E+00 -0.199748E-02 -0.137721E-04 +0.000000E+00 +0.287895E-02 +0.000000E+00 +0.000000E+00
 +0.130720E+01 -0.100800E+03 -0.207136E+03 -0.103565E+03 -0.102531E+03 +0.755118E+02 +0.000000E+00 +0.000000E+00 -0.198749E-02 -0.196395E-04 +0.000000E+00 +0.286945E-02 +0.000000E+00 +0.000000E+00
 +0.130720E+01 -0.100810E+03 -0.206404E+03 -0.103662E+03 -0.102322E+03 +0.752614E+02 +0.000000E+00 +0.000000E+00 -0.197756E-02 -0.254593E-04 +0.000000E+00 +0.285993E-02 +0.000000E+00 +0.000000E+00
 +0.130720E+01 -0.100820E+03 -0.205684E+03 -0.103752E+03 -0.102114E+03 +0.750100E+02 +0.000000E+00 +0.000000E+00 -0.196784E-02 -0.311174E-04 +0.000000E+00 +0.285038E-02 +0.000000E+00 +0.000000E+00
 +0.130720E+01 -0.100830E+03 -0.204968E+03 -0.103840E+03 -0.101907E+03 +0.747583E+02 +0.000000E+00 +0.000000E+00 -0.195817E-02 -0.367339E-04 +0.000000E+00 +0.284082E-02 +0.000000E+00 +0.000000E+00
 +0.130720E+01 -0.100840E+03 -0.204264E+03 -0.103922E+03 -0.101701E+03 +0.745056E+02 +0.000000E+00 +0.000000E+00 -0.194869E-02 -0.421914E-04 +0.000000E+00 +0.283121E-02 +0.000000E+00 +0.000000E+00
 +0.130720E+01 -0.100850E+03 -0.203563E+03 -0.104003E+03 -0.101497E+03 +0.742526E+02 +0.000000E+00 +0.000000E+00 -0.193926E-02 -0.476127E-04 +0.000000E+00 +0.282160E-02 +0.000000E+00 +0.000000E+00
 +0.130720E+01 -0.100860E+03 -0.202875E+03 -0.104077E+03 -0.101294E+03 +0.739987E+02 +0.000000E+00 +0.000000E+00 -0.193003E-02 -0.528773E-04 +0.000000E+00 +0.281195E-02 +0.000000E+00 +0.000000E+00
 +0.130720E+01 -0.100870E+03 -0.202189E+03 -0.104150E+03 -0.101092E+03 +0.737446E+02 +0.000000E+00 +0.000000E+00 -0.192084E-02 -0.581107E-04 +0.000000E+00 +0.280230E-02 +0.000000E+00 +0.000000E+00
 +0.130720E+01 -0.100880E+03 -0.201514E+03 -0.104217E+03 -0.100891E+03 +0.734896E+02 +0.000000E+00 +0.000000E+00 -0.191184E-02 -0.631897E-04 +0.000000E+00 +0.279260E-02 +0.000000E+00 +0.000000E+00
 +0.130720E+01 -0.100890E+03 -0.200843E+03 -0.104283E+03 -0.100691E+03 +0.732344E+02 +0.000000E+00 +0.000000E+00 -0.190287E-02 -0.682422E-04 +0.000000E+00 +0.278291E-02 +0.000000E+00 +0.000000E+00
 +0.130720E+01 -0.100900E+03 -0.200183E+03 -0.104343E+03 -0.100493E+03 +0.729783E+02 +0.000000E+00 +0.000000E+00 -0.189409E-02 -0.731422E-04 +0.000000E+00 +0.277317E-02 +0.000000E+00 +0.000000E+00
 +0.130720E+01 -0.100910E+03 -0.199524E+03 -0.104402E+03 -0.100296E+03 +0.727220E+02 +0.000000E+00 +0.000000E+00 -0.188535E-02 -0.780199E-04 +0.000000E+00 +0.276344E-02 +0.000000E+00 +0.000000E+00
 +0.130720E+01 -0.100920E+03 -0.198878E+03 -0.104455E+03 -0.100100E+03 +0.724650E+02 +0.000000E+00 +0.000000E+00 -0.187679E-02 -0.827470E-04 +0.000000E+00 +0.275367E-02 +0.000000E+00 +0.000000E+00
 +0.130720E+01 -0.100930E+03 -0.198233E+03 -0.104507E+03 -0.999044E+02 +0.722078E+02 +0.000000E+00 +0.000000E+00 -0.186825E-02 -0.874560E-04 +0.000000E+00 +0.274390E-02 +0.000000E+00 +0.000000E+00
 +0.130720E+01 -0.100940E+03 -0.197600E+03 -0.104554E+03 -0.997108E+02 +0.719498E+02 +0.000000E+00 +0.000000E+00 -0.185990E-02 -0.920159E-04 +0.000000E+00 +0.273409E-02 +0.000000E+00 +0.000000E+00
 +0.130720E+01 -0.100950E+03 -0.196968E+03 -0.104600E+03 -0.995173E+02 +0.716918E+02 +0.000000E+00 +0.000000E+00 -0.185157E-02 -0.965615E-04 +0.000000E+00 +0.272429E-02 +0.000000E+00 +0.000000E+00
 +0.130720E+01 -0.100960E+03 -0.196348E+03 -0.104639E+03 -0.993258E+02 +0.714331E+02 +0.000000E+00 +0.000000E+00 -0.184342E-02 -0.100960E-03 +0.000000E+00 +0.271446E-02 +0.000000E+00 +0.000000E+00
 +0.130720E+01 -0.100970E+03 -0.195728E+03 -0.104679E+03 -0.991344E+02 +0.711742E+02 +0.000000E+00 +0.000000E+00 -0.183528E-02 -0.105347E-03 +0.000000E+00 +0.270462E-02 +0.000000E+00 +0.000000E+00
 +0.130720E+01 -0.100980E+03 -0.195120E+03 -0.104713E+03 -0.989450E+02 +0.709147E+02 +0.000000E+00 +0.000000E+00 -0.182733E-02 -0.109588E-03 +0.000000E+00 +0.269476E-02 +0.000000E+00 +0.000000E+00
 +0.130720E+01 -0.100990E+03 -0.194513E+03 -0.104746E+03 -0.987556E+02 +0.706552E+02 +0.000000E+00 +0.000000E+00 -0.181939E-02 -0.113822E-03 +0.000000E+00 +0.268490E-02 +0.000000E+00 +0.000000E+00
 +0.130720E+01 -0.101000E+03 -0.193917E+03 -0.104774E+03 -0.985681E+02 +0.703951E+02 +0.000000E+00 +0.000000E+00 -0.181163E-02 -0.117911E-03 +0.000000E+00 +0.267501E-02 +0.000000E+00 +0.000000E+00
 +0.130720E+01 -0.101010E+03 -0.193322E+03 -0.104802E+03 -0.983807E+02 +0.701349E+02 +0.000000E+00 +0.000000E+00 -0.180388E-02 -0.121995E-03 +0.000000E+00 +0.266513E-02 +0.000000E+00 +0.000000E+00
 +0.130720E+01 -0.101020E+03 -0.192738E+03 -0.104823E+03 -0.981952E+02 +0.698742E+02 +0.000000E+00 +0.000000E+00 -0.179631E-02 -0.125937E-03 +0.000000E+00 +0.265522E-02 +0.000000E+00 +0.000000E+00
 +0.130720E+01 -0.101030E+03 -0.192154E+03 -0.104845E+03 -0.980097E+02 +0.696135E+02 +0.000000E+00 +0.000000E+00 -0.178874E-02 -0.129875E-03 +0.000000E+00 +0.264531E-02 +0.000000E+00 +0.000000E+00
 +0.130720E+01 -0.101040E+03 -0.191581E+03 -0.104862E+03 -0.978261E+02 +0.693524E+02 +0.000000E+00 +0.000000E+00 -0.178135E-02 -0.133674E-03 +0.000000E+00 +0.263539E-02 +0.000000E+00 +0.000000E+00
 +0.130720E+01 -0.101050E+03 -0.191009E+03 -0.104878E+03 -0.976425E+02 +0.690912E+02 +0.000000E+00 +0.000000E+00 -0.177396E-02 -0.137469E-03 +0.000000E+00 +0.262546E-02 +0.000000E+00 +0.000000E+00
 +0.130720E+01 -0.101060E+03 -0.190447E+03 -0.104889E+03 -0.974607E+02 +0.688296E+02 +0.000000E+00 +0.000000E+00 -0.176674E-02 -0.141131E-03 +0.000000E+00 +0.261553E-02 +0.000000E+00 +0.000000E+00
 +0.130720E+01 -0.101070E+03 -0.189886E+03 -0.104899E+03 -0.972790E+02 +0.685680E+02 +0.000000E+00 +0.000000E+00 -0.175952E-02 -0.144786E-03 +0.000000E+00 +0.260559E-02 +0.000000E+00 +0.000000E+00
 +0.130720E+01 -0.101080E+03 -0.189334E+03 -0.104905E+03 -0.970990E+02 +0.683062E+02 +0.000000E+00 +0.000000E+00 -0.175247E-02 -0.148315E-03 +0.000000E+00 +0.259563E-02 +0.000000E+00 +0.000000E+00
 +0.130720E+01 -0.101090E+03 -0.188784E+03 -0.104910E+03 -0.969192E+02 +0.680443E+02 +0.000000E+00 +0.000000E+00 -0.174543E-02 -0.151835E-03 +0.000000E+00 +0.258568E-02 +0.000000E+00 +0.000000E+00
 +0.130720E+01 -0.101100E+03 -0.188243E+03 -0.104911E+03 -0.967409E+02 +0.677821E+02 +0.000000E+00 +0.000000E+00 -0.173854E-02 -0.155233E-03 +0.000000E+00 +0.257572E-02 +0.000000E+00 +0.000000E+00
 +0.130720E+01 -0.101110E+03 -0.187703E+03 -0.104911E+03 -0.965629E+02 +0.675200E+02 +0.000000E+00 +0.000000E+00 -0.173167E-02 -0.158621E-03 +0.000000E+00 +0.256576E-02 +0.000000E+00 +0.000000E+00
 +0.130720E+01 -0.101120E+03 -0.187173E+03 -0.104907E+03 -0.963864E+02 +0.672577E+02 +0.000000E+00 +0.000000E+00 -0.172494E-02 -0.161892E-03 +0.000000E+00 +0.255579E-02 +0.000000E+00 +0.000000E+00
 +0.130720E+01 -0.101130E+03 -0.186643E+03 -0.104902E+03 -0.962101E+02 +0.669954E+02 +0.000000E+00 +0.000000E+00 -0.171823E-02 -0.165151E-03 +0.000000E+00 +0.254583E-02 +0.000000E+00 +0.000000E+00
 +0.130720E+01 -0.101140E+03 -0.186123E+03 -0.104893E+03 -0.960353E+02 +0.667331E+02 +0.000000E+00 +0.000000E+00 -0.171166E-02 -0.168299E-03 +0.000000E+00 +0.253586E-02 +0.000000E+00 +0.000000E+00
 +0.130720E+01 -0.101150E+03 -0.185604E+03 -0.104884E+03 -0.958608E+02 +0.664707E+02 +0.000000E+00 +0.000000E+00 -0.170511E-02 -0.171433E-03 +0.000000E+00 +0.252589E-02 +0.000000E+00 +0.000000E+00
 +0.130720E+01 -0.101160E+03 -0.185093E+03 -0.104870E+03 -0.956877E+02 +0.662083E+02 +0.000000E+00 +0.000000E+00 -0.169870E-02 -0.174460E-03 +0.000000E+00 +0.251592E-02 +0.000000E+00 +0.000000E+00
 +0.130720E+01 -0.101170E+03 -0.184583E+03 -0.104855E+03 -0.955148E+02 +0.659460E+02 +0.000000E+00 +0.000000E+00 -0.169230E-02 -0.177471E-03 +0.000000E+00 +0.250595E-02 +0.000000E+00 +0.000000E+00
 +0.130720E+01 -0.101180E+03 -0.184082E+03 -0.104837E+03 -0.953434E+02 +0.656837E+02 +0.000000E+00 +0.000000E+00 -0.168604E-02 -0.180382E-03 +0.000000E+00 +0.249598E-02 +0.000000E+00 +0.000000E+00
 +0.130720E+01 -0.101190E+03 -0.183583E+03 -0.104818E+03 -0.951722E+02 +0.654214E+02 +0.000000E+00 +0.000000E+00 -0.167980E-02 -0.183273E-03 +0.000000E+00 +0.248601E-02 +0.000000E+00 +0.000000E+00
 +0.130720E+01 -0.101200E+03 -0.183091E+03 -0.104796E+03 -0.950025E+02 +0.651592E+02 +0.000000E+00 +0.000000E+00 -0.167368E-02 -0.186069E-03 +0.000000E+00 +0.247605E-02 +0.000000E+00 +0.000000E+00
 +0.130720E+01 -0.101210E+03 -0.182600E+03 -0.104772E+03 -0.948330E+02 +0.648971E+02 +0.000000E+00 +0.000000E+00 -0.166758E-02 -0.188844E-03 +0.000000E+00 +0.246609E-02 +0.000000E+00 +0.000000E+00
 +0.130720E+01 -0.101220E+03 -0.182118E+03 -0.104745E+03 -0.946648E+02 +0.646351E+02 +0.000000E+00 +0.000000E+00 -0.166161E-02 -0.191528E-03 +0.000000E+00 +0.245613E-02 +0.000000E+00 +0.000000E+00
 +0.130720E+01 -0.101230E+03 -0.181637E+03 -0.104717E+03 -0.944969E+02 +0.643732E+02 +0.000000E+00 +0.000000E+00 -0.165566E-02 -0.194190E-03 +0.000000E+00 +0.244618E-02 +0.000000E+00 +0.000000E+00
 +0.130720E+01 -0.101240E+03 -0.181163E+03 -0.104686E+03 -0.943303E+02 +0.641115E+02 +0.000000E+00 +0.000000E+00 -0.164982E-02 -0.196764E-03 +0.000000E+00 +0.243624E-02 +0.000000E+00 +0.000000E+00
 +0.130720E+01 -0.101250E+03 -0.180691E+03 -0.104654E+03 -0.941641E+02 +0.638499E+02 +0.000000E+00 +0.000000E+00 -0.164402E-02 -0.199315E-03 +0.000000E+00 +0.242630E-02 +0.000000E+00 +0.000000E+00
 +0.130720E+01 -0.101260E+03 -0.180226E+03 -0.104619E+03 -0.939991E+02 +0.635886E+02 +0.000000E+00 +0.000000E+00 -0.163832E-02 -0.201783E-03 +0.000000E+00 +0.241636E-02 +0.000000E+00 +0.000000E+00
 +0.130720E+01 -0.101270E+03 -0.179764E+03 -0.104583E+03 -0.938344E+02 +0.633273E+02 +0.000000E+00 +0.000000E+00 -0.163265E-02 -0.204226E-03 +0.000000E+00 +0.240644E-02 +0.000000E+00 +0.000000E+00
 +0.130720E+01 -0.101280E+03 -0.179307E+03 -0.104544E+03 -0.936710E+02 +0.630664E+02 +0.000000E+00 +0.000000E+00 -0.162709E-02 -0.206590E-03 +0.000000E+00 +0.239652E-02 +0.000000E+00 +0.000000E+00
 +0.130720E+01 -0.101290E+03 -0.178853E+03 -0.104504E+03 -0.935079E+02 +0.628056E+02 +0.000000E+00 +0.000000E+00 -0.162156E-02 -0.208928E-03 +0.000000E+00 +0.238661E-02 +0.000000E+00 +0.000000E+00
 +0.130720E+01 -0.101300E+03 -0.178405E+03 -0.104461E+03 -0.933460E+02 +0.625451E+02 +0.000000E+00 +0.000000E+00 -0.161613E-02 -0.211190E-03 +0.000000E+00 +0.237671E-02 +0.000000E+00 +0.000000E+00
 +0.130720E+01 -0.101310E+03 -0.177960E+03 -0.104417E+03 -0.931845E+02 +0.622848E+02 +0.000000E+00 +0.000000E+00 -0.161073E-02 -0.213424E-03 +0.000000E+00 +0.236682E-02 +0.000000E+00 +0.000000E+00
 +0.130720E+01 -0.101320E+03 -0.177520E+03 -0.104371E+03 -0.930241E+02 +0.620249E+02 +0.000000E+00 +0.000000E+00 -0.160543E-02 -0.215587E-03 +0.000000E+00 +0.235695E-02 +0.000000E+00 +0.000000E+00
 +0.130720E+01 -0.101330E+03 -0.177083E+03 -0.104323E+03 -0.928641E+02 +0.617652E+02 +0.000000E+00 +0.000000E+00 -0.160016E-02 -0.217721E-03 +0.000000E+00 +0.234708E-02 +0.000000E+00 +0.000000E+00
 +0.130720E+01 -0.101340E+03 -0.176652E+03 -0.104273E+03 -0.927052E+02 +0.615059E+02 +0.000000E+00 +0.000000E+00 -0.159499E-02 -0.219787E-03 +0.000000E+00 +0.233722E-02 +0.000000E+00 +0.000000E+00
 +0.130720E+01 -0.101350E+03 -0.176223E+03 -0.104222E+03 -0.925468E+02 +0.612468E+02 +0.000000E+00 +0.000000E+00 -0.158985E-02 -0.221823E-03 +0.000000E+00 +0.232738E-02 +0.000000E+00 +0.000000E+00
 +0.130720E+01 -0.101360E+03 -0.175800E+03 -0.104168E+03 -0.923894E+02 +0.609882E+02 +0.000000E+00 +0.000000E+00 -0.158480E-02 -0.223794E-03 +0.000000E+00 +0.231755E-02 +0.000000E+00 +0.000000E+00
 +0.130720E+01 -0.101370E+03 -0.175379E+03 -0.104113E+03 -0.922324E+02 +0.607298E+02 +0.000000E+00 +0.000000E+00 -0.157979E-02 -0.225734E-03 +0.000000E+00 +0.230773E-02 +0.000000E+00 +0.000000E+00
 +0.130720E+01 -0.101380E+03 -0.174964E+03 -0.104056E+03 -0.920765E+02 +0.604719E+02 +0.000000E+00 +0.000000E+00 -0.157485E-02 -0.227613E-03 +0.000000E+00 +0.229793E-02 +0.000000E+00 +0.000000E+00
 +0.130720E+01 -0.101390E+03 -0.174551E+03 -0.103998E+03 -0.919211E+02 +0.602142E+02 +0.000000E+00 +0.000000E+00 -0.156996E-02 -0.229460E-03 +0.000000E+00 +0.228814E-02 +0.000000E+00 +0.000000E+00
 +0.130720E+01 -0.101400E+03 -0.174143E+03 -0.103938E+03 -0.917666E+02 +0.599571E+02 +0.000000E+00 +0.000000E+00 -0.156515E-02 -0.231248E-03 +0.000000E+00 +0.227837E-02 +0.000000E+00 +0.000000E+00
 +0.130720E+01 -0.101410E+03 -0.173738E+03 -0.103876E+03 -0.916126E+02 +0.597003E+02 +0.000000E+00 +0.000000E+00 -0.156038E-02 -0.233004E-03 +0.000000E+00 +0.226861E-02 +0.000000E+00 +0.000000E+00
 +0.130720E+01 -0.101420E+03 -0.173338E+03 -0.103812E+03 -0.914596E+02 +0.594440E+02 +0.000000E+00 +0.000000E+00 -0.155569E-02 -0.234704E-03 +0.000000E+00 +0.225887E-02 +0.000000E+00 +0.000000E+00
 +0.130720E+01 -0.101430E+03 -0.172941E+03 -0.103748E+03 -0.913071E+02 +0.591880E+02 +0.000000E+00 +0.000000E+00 -0.155104E-02 -0.236371E-03 +0.000000E+00 +0.224914E-02 +0.000000E+00 +0.000000E+00
 +0.130720E+01 -0.101440E+03 -0.172548E+03 -0.103681E+03 -0.911555E+02 +0.589326E+02 +0.000000E+00 +0.000000E+00 -0.154645E-02 -0.237985E-03 +0.000000E+00 +0.223944E-02 +0.000000E+00 +0.000000E+00
 +0.130720E+01 -0.101450E+03 -0.172158E+03 -0.103613E+03 -0.910045E+02 +0.586776E+02 +0.000000E+00 +0.000000E+00 -0.154192E-02 -0.239564E-03 +0.000000E+00 +0.222975E-02 +0.000000E+00 +0.000000E+00
 +0.130720E+01 -0.101460E+03 -0.171772E+03 -0.103543E+03 -0.908543E+02 +0.584231E+02 +0.000000E+00 +0.000000E+00 -0.153745E-02 -0.241095E-03 +0.000000E+00 +0.222008E-02 +0.000000E+00 +0.000000E+00
 +0.130720E+01 -0.101470E+03 -0.171390E+03 -0.103473E+03 -0.907047E+02 +0.581691E+02 +0.000000E+00 +0.000000E+00 -0.153302E-02 -0.242589E-03 +0.000000E+00 +0.221042E-02 +0.000000E+00 +0.000000E+00
 +0.130720E+01 -0.101480E+03 -0.171012E+03 -0.103400E+03 -0.905559E+02 +0.579156E+02 +0.000000E+00 +0.000000E+00 -0.152866E-02 -0.244037E-03 +0.000000E+00 +0.220079E-02 +0.000000E+00 +0.000000E+00
 +0.130720E+01 -0.101490E+03 -0.170637E+03 -0.103326E+03 -0.904077E+02 +0.576625E+02 +0.000000E+00 +0.000000E+00 -0.152435E-02 -0.245449E-03 +0.000000E+00 +0.219118E-02 +0.000000E+00 +0.000000E+00
 +0.130720E+01 -0.101500E+03 -0.170265E+03 -0.103251E+03 -0.902603E+02 +0.574101E+02 +0.000000E+00 +0.000000E+00 -0.152010E-02 -0.246817E-03 +0.000000E+00 +0.218158E-02 +0.000000E+00 +0.000000E+00
 +0.130720E+01 -0.101510E+03 -0.169897E+03 -0.103174E+03 -0.901135E+02 +0.571581E+02 +0.000000E+00 +0.000000E+00 -0.151589E-02 -0.248149E-03 +0.000000E+00 +0.217201E-02 +0.000000E+00 +0.000000E+00
 +0.130720E+01 -0.101520E+03 -0.169533E+03 -0.103096E+03 -0.899675E+02 +0.569068E+02 +0.000000E+00 +0.000000E+00 -0.151174E-02 -0.249438E-03 +0.000000E+00 +0.216246E-02 +0.000000E+00 +0.000000E+00
 +0.130720E+01 -0.101530E+03 -0.169172E+03 -0.103016E+03 -0.898222E+02 +0.566559E+02 +0.000000E+00 +0.000000E+00 -0.150765E-02 -0.250691E-03 +0.000000E+00 +0.215293E-02 +0.000000E+00 +0.000000E+00
 +0.130720E+01 -0.101540E+03 -0.168814E+03 -0.102936E+03 -0.896775E+02 +0.564057E+02 +0.000000E+00 +0.000000E+00 -0.150360E-02 -0.251904E-03 +0.000000E+00 +0.214342E-02 +0.000000E+00 +0.000000E+00
 +0.130720E+01 -0.101550E+03 -0.168460E+03 -0.102854E+03 -0.895335E+02 +0.561560E+02 +0.000000E+00 +0.000000E+00 -0.149961E-02 -0.253080E-03 +0.000000E+00 +0.213393E-02 +0.000000E+00 +0.000000E+00
 +0.130720E+01 -0.101560E+03 -0.168109E+03 -0.102770E+03 -0.893902E+02 +0.559070E+02 +0.000000E+00 +0.000000E+00 -0.149566E-02 -0.254219E-03 +0.000000E+00 +0.212446E-02 +0.000000E+00 +0.000000E+00
 +0.130720E+01 -0.101570E+03 -0.167762E+03 -0.102685E+03 -0.892476E+02 +0.556585E+02 +0.000000E+00 +0.000000E+00 -0.149177E-02 -0.255320E-03 +0.000000E+00 +0.211502E-02 +0.000000E+00 +0.000000E+00
 +0.130720E+01 -0.101580E+03 -0.167417E+03 -0.102600E+03 -0.891057E+02 +0.554106E+02 +0.000000E+00 +0.000000E+00 -0.148792E-02 -0.256386E-03 +0.000000E+00 +0.210560E-02 +0.000000E+00 +0.000000E+00
 +0.130720E+01 -0.101590E+03 -0.167077E+03 -0.102512E+03 -0.889644E+02 +0.551634E+02 +0.000000E+00 +0.000000E+00 -0.148413E-02 -0.257413E-03 +0.000000E+00 +0.209621E-02 +0.000000E+00 +0.000000E+00
 +0.130720E+01 -0.101600E+03 -0.166739E+03 -0.102424E+03 -0.888238E+02 +0.549168E+02 +0.000000E+00 +0.000000E+00 -0.148038E-02 -0.258409E-03 +0.000000E+00 +0.208684E-02 +0.000000E+00 +0.000000E+00
 +0.130720E+01 -0.101610E+03 -0.166404E+03 -0.102335E+03 -0.886839E+02 +0.546709E+02 +0.000000E+00 +0.000000E+00 -0.147669E-02 -0.259365E-03 +0.000000E+00 +0.207749E-02 +0.000000E+00 +0.000000E+00
 +0.130720E+01 -0.101620E+03 -0.166073E+03 -0.102244E+03 -0.885446E+02 +0.544255E+02 +0.000000E+00 +0.000000E+00 -0.147304E-02 -0.260292E-03 +0.000000E+00 +0.206817E-02 +0.000000E+00 +0.000000E+00
 +0.130720E+01 -0.101630E+03 -0.165745E+03 -0.102152E+03 -0.884060E+02 +0.541810E+02 +0.000000E+00 +0.000000E+00 -0.146944E-02 -0.261178E-03 +0.000000E+00 +0.205888E-02 +0.000000E+00 +0.000000E+00
 +0.130720E+01 -0.101640E+03 -0.165419E+03 -0.102059E+03 -0.882680E+02 +0.539369E+02 +0.000000E+00 +0.000000E+00 -0.146588E-02 -0.262037E-03 +0.000000E+00 +0.204960E-02 +0.000000E+00 +0.000000E+00
 +0.130720E+01 -0.101650E+03 -0.165098E+03 -0.101965E+03 -0.881308E+02 +0.536937E+02 +0.000000E+00 +0.000000E+00 -0.146237E-02 -0.262856E-03 +0.000000E+00 +0.204036E-02 +0.000000E+00 +0.000000E+00
 +0.130720E+01 -0.101660E+03 -0.164778E+03 -0.101870E+03 -0.879941E+02 +0.534510E+02 +0.000000E+00 +0.000000E+00 -0.145890E-02 -0.263649E-03 +0.000000E+00 +0.203114E-02 +0.000000E+00 +0.000000E+00
 +0.130720E+01 -0.101670E+03 -0.164463E+03 -0.101774E+03 -0.878582E+02 +0.532092E+02 +0.000000E+00 +0.000000E+00 -0.145549E-02 -0.264402E-03 +0.000000E+00 +0.202195E-02 +0.000000E+00 +0.000000E+00
 +0.130720E+01 -0.101680E+03 -0.164150E+03 -0.101677E+03 -0.877228E+02 +0.529679E+02 +0.000000E+00 +0.000000E+00 -0.145211E-02 -0.265131E-03 +0.000000E+00 +0.201278E-02 +0.000000E+00 +0.000000E+00
 +0.130720E+01 -0.101690E+03 -0.163840E+03 -0.101579E+03 -0.875882E+02 +0.527275E+02 +0.000000E+00 +0.000000E+00 -0.144878E-02 -0.265820E-03 +0.000000E+00 +0.200364E-02 +0.000000E+00 +0.000000E+00
 +0.130720E+01 -0.101700E+03 -0.163533E+03 -0.101480E+03 -0.874540E+02 +0.524876E+02 +0.000000E+00 +0.000000E+00 -0.144549E-02 -0.266486E-03 +0.000000E+00 +0.199453E-02 +0.000000E+00 +0.000000E+00
 +0.130720E+01 -0.101710E+03 -0.163229E+03 -0.101379E+03 -0.873207E+02 +0.522486E+02 +0.000000E+00 +0.000000E+00 -0.144226E-02 -0.267112E-03 +0.000000E+00 +0.198545E-02 +0.000000E+00 +0.000000E+00
 +0.130720E+01 -0.101720E+03 -0.162927E+03 -0.101278E+03 -0.871878E+02 +0.520102E+02 +0.000000E+00 +0.000000E+00 -0.143905E-02 -0.267718E-03 +0.000000E+00 +0.197639E-02 +0.000000E+00 +0.000000E+00
 +0.130720E+01 -0.101730E+03 -0.162629E+03 -0.101176E+03 -0.870558E+02 +0.517727E+02 +0.000000E+00 +0.000000E+00 -0.143590E-02 -0.268282E-03 +0.000000E+00 +0.196736E-02 +0.000000E+00 +0.000000E+00
 +0.130720E+01 -0.101740E+03 -0.162333E+03 -0.101073E+03 -0.869241E+02 +0.515357E+02 +0.000000E+00 +0.000000E+00 -0.143278E-02 -0.268828E-03 +0.000000E+00 +0.195836E-02 +0.000000E+00 +0.000000E+00
 +0.130720E+01 -0.101750E+03 -0.162041E+03 -0.100969E+03 -0.867934E+02 +0.512997E+02 +0.000000E+00 +0.000000E+00 -0.142971E-02 -0.269334E-03 +0.000000E+00 +0.194939E-02 +0.000000E+00 +0.000000E+00
 +0.130720E+01 -0.101760E+03 -0.161751E+03 -0.100864E+03 -0.866630E+02 +0.510642E+02 +0.000000E+00 +0.000000E+00 -0.142667E-02 -0.269822E-03 +0.000000E+00 +0.194044E-02 +0.000000E+00 +0.000000E+00
 +0.130720E+01 -0.101770E+03 -0.161465E+03 -0.100758E+03 -0.865335E+02 +0.508298E+02 +0.000000E+00 +0.000000E+00 -0.142369E-02 -0.270269E-03 +0.000000E+00 +0.193153E-02 +0.000000E+00 +0.000000E+00
 +0.130720E+01 -0.101780E+03 -0.161180E+03 -0.100652E+03 -0.864043E+02 +0.505958E+02 +0.000000E+00 +0.000000E+00 -0.142073E-02 -0.270700E-03 +0.000000E+00 +0.192264E-02 +0.000000E+00 +0.000000E+00
 +0.130720E+01 -0.101790E+03 -0.160899E+03 -0.100544E+03 -0.862761E+02 +0.503629E+02 +0.000000E+00 +0.000000E+00 -0.141783E-02 -0.271091E-03 +0.000000E+00 +0.191379E-02 +0.000000E+00 +0.000000E+00
 +0.130720E+01 -0.101800E+03 -0.160619E+03 -0.100436E+03 -0.861481E+02 +0.501304E+02 +0.000000E+00 +0.000000E+00 -0.141495E-02 -0.271467E-03 +0.000000E+00 +0.190496E-02 +0.000000E+00 +0.000000E+00
 +0.130720E+01 -0.101810E+03 -0.160344E+03 -0.100327E+03 -0.860211E+02 +0.498991E+02 +0.000000E+00 +0.000000E+00 -0.141213E-02 -0.271803E-03 +0.000000E+00 +0.189616E-02 +0.000000E+00 +0.000000E+00
 +0.130720E+01 -0.101820E+03 -0.160069E+03 -0.100217E+03 -0.858944E+02 +0.496681E+02 +0.000000E+00 +0.000000E+00 -0.140932E-02 -0.272126E-03 +0.000000E+00 +0.188739E-02 +0.000000E+00 +0.000000E+00
 +0.130720E+01 -0.101830E+03 -0.159799E+03 -0.100106E+03 -0.857686E+02 +0.494383E+02 +0.000000E+00 +0.000000E+00 -0.140658E-02 -0.272407E-03 +0.000000E+00 +0.187866E-02 +0.000000E+00 +0.000000E+00
 +0.130720E+01 -0.101840E+03 -0.159530E+03 -0.999945E+02 -0.856430E+02 +0.492089E+02 +0.000000E+00 +0.000000E+00 -0.140385E-02 -0.272678E-03 +0.000000E+00 +0.186994E-02 +0.000000E+00 +0.000000E+00
 +0.130720E+01 -0.101850E+03 -0.159265E+03 -0.998819E+02 -0.855184E+02 +0.489807E+02 +0.000000E+00 +0.000000E+00 -0.140118E-02 -0.272907E-03 +0.000000E+00 +0.186127E-02 +0.000000E+00 +0.000000E+00
 +0.130720E+01 -0.101860E+03 -0.159001E+03 -0.997691E+02 -0.853941E+02 +0.487527E+02 +0.000000E+00 +0.000000E+00 -0.139853E-02 -0.273125E-03 +0.000000E+00 +0.185260E-02 +0.000000E+00 +0.000000E+00
 +0.130720E+01 -0.101870E+03 -0.158741E+03 -0.996550E+02 -0.852707E+02 +0.485260E+02 +0.000000E+00 +0.000000E+00 -0.139593E-02 -0.273303E-03 +0.000000E+00 +0.184399E-02 +0.000000E+00 +0.000000E+00
 +0.130720E+01 -0.101880E+03 -0.158482E+03 -0.995407E+02 -0.851475E+02 +0.482995E+02 +0.000000E+00 +0.000000E+00 -0.139335E-02 -0.273471E-03 +0.000000E+00 +0.183538E-02 +0.000000E+00 +0.000000E+00
 +0.130720E+01 -0.101890E+03 -0.158227E+03 -0.994250E+02 -0.850252E+02 +0.480742E+02 +0.000000E+00 +0.000000E+00 -0.139083E-02 -0.273597E-03 +0.000000E+00 +0.182682E-02 +0.000000E+00 +0.000000E+00
 +0.130720E+01 -0.101900E+03 -0.157973E+03 -0.993092E+02 -0.849031E+02 +0.478490E+02 +0.000000E+00 +0.000000E+00 -0.138833E-02 -0.273716E-03 +0.000000E+00 +0.181826E-02 +0.000000E+00 +0.000000E+00
 +0.130720E+01 -0.101910E+03 -0.157723E+03 -0.991918E+02 -0.847819E+02 +0.476250E+02 +0.000000E+00 +0.000000E+00 -0.138588E-02 -0.273789E-03 +0.000000E+00 +0.180975E-02 +0.000000E+00 +0.000000E+00
 +0.130720E+01 -0.101920E+03 -0.157474E+03 -0.990743E+02 -0.846608E+02 +0.474012E+02 +0.000000E+00 +0.000000E+00 -0.138344E-02 -0.273856E-03 +0.000000E+00 +0.180125E-02 +0.000000E+00 +0.000000E+00
 +0.130720E+01 -0.101930E+03 -0.157228E+03 -0.989552E+02 -0.845403E+02 +0.471776E+02 +0.000000E+00 +0.000000E+00 -0.138106E-02 -0.273883E-03 +0.000000E+00 +0.179275E-02 +0.000000E+00 +0.000000E+00
 +0.130720E+01 -0.101940E+03 -0.156982E+03 -0.988360E+02 -0.844200E+02 +0.469540E+02 +0.000000E+00 +0.000000E+00 -0.137868E-02 -0.273905E-03 +0.000000E+00 +0.178425E-02 +0.000000E+00 +0.000000E+00
 +0.130720E+01 -0.101950E+03 -0.156719E+03 -0.987063E+02 -0.842903E+02 +0.466851E+02 +0.000000E+00 +0.000000E+00 -0.137614E-02 -0.273905E-03 +0.000000E+00 +0.177403E-02 +0.000000E+00 +0.000000E+00
 +0.130720E+01 -0.101960E+03 -0.156453E+03 -0.985755E+02 -0.841596E+02 +0.464112E+02 +0.000000E+00 +0.000000E+00 -0.137358E-02 -0.273903E-03 +0.000000E+00 +0.176363E-02 +0.000000E+00 +0.000000E+00
 +0.130720E+01 -0.101970E+03 -0.156229E+03 -0.984604E+02 -0.840476E+02 +0.462284E+02 +0.000000E+00 +0.000000E+00 -0.137145E-02 -0.273843E-03 +0.000000E+00 +0.175668E-02 +0.000000E+00 +0.000000E+00
 +0.130720E+01 -0.101980E+03 -0.156009E+03 -0.983466E+02 -0.839372E+02 +0.460535E+02 +0.000000E+00 +0.000000E+00 -0.136936E-02 -0.273778E-03 +0.000000E+00 +0.175003E-02 +0.000000E+00 +0.000000E+00
 +0.130720E+01 -0.101990E+03 -0.155759E+03 -0.982205E+02 -0.838133E+02 +0.458217E+02 +0.000000E+00 +0.000000E+00 -0.136697E-02 -0.273737E-03 +0.000000E+00 +0.174122E-02 +0.000000E+00 +0.000000E+00
 +0.130720E+01 -0.102000E+03 -0.155508E+03 -0.980935E+02 -0.836883E+02 +0.455856E+02 +0.000000E+00 +0.000000E+00 -0.136456E-02 -0.273698E-03 +0.000000E+00 +0.173225E-02 +0.000000E+00 +0.000000E+00
 +0.130720E+01 -0.102010E+03 -0.155292E+03 -0.979811E+02 -0.835801E+02 +0.453682E+02 +0.000000E+00 +0.000000E+00 -0.136252E-02 -0.273620E-03 +0.000000E+00 +0.172399E-02 +0.000000E+00 +0.000000E+00
 +0.130720E+01 -0.102020E+03 -0.155076E+03 -0.978700E+02 -0.834722E+02 +0.451526E+02 +0.000000E+00 +0.000000E+00 -0.136047E-02 -0.273559E-03 +0.000000E+00 +0.171580E-02 +0.000000E+00 +0.000000E+00
 +0.130720E+01 -0.102030E+03 -0.154836E+03 -0.977406E+02 -0.833503E+02 +0.449454E+02 +0.000000E+00 +0.000000E+00 -0.135823E-02 -0.273416E-03 +0.000000E+00 +0.170792E-02 +0.000000E+00 +0.000000E+00
 +0.130720E+01 -0.102040E+03 -0.154641E+03 -0.976321E+02 -0.832502E+02 +0.447336E+02 +0.000000E+00 +0.000000E+00 -0.135643E-02 -0.273256E-03 +0.000000E+00 +0.169988E-02 +0.000000E+00 +0.000000E+00
 +0.130720E+01 -0.102050E+03 -0.154450E+03 -0.975237E+02 -0.831514E+02 +0.445231E+02 +0.000000E+00 +0.000000E+00 -0.135468E-02 -0.273074E-03 +0.000000E+00 +0.169188E-02 +0.000000E+00 +0.000000E+00
 +0.130720E+01 -0.102060E+03 -0.154249E+03 -0.974025E+02 -0.830448E+02 +0.443213E+02 +0.000000E+00 +0.000000E+00 -0.135287E-02 -0.272795E-03 +0.000000E+00 +0.168421E-02 +0.000000E+00 +0.000000E+00
 +0.130720E+01 -0.102070E+03 -0.154050E+03 -0.972864E+02 -0.829409E+02 +0.441185E+02 +0.000000E+00 +0.000000E+00 -0.135107E-02 -0.272565E-03 +0.000000E+00 +0.167650E-02 +0.000000E+00 +0.000000E+00
 +0.130720E+01 -0.102080E+03 -0.153855E+03 -0.971784E+02 -0.828410E+02 +0.439143E+02 +0.000000E+00 +0.000000E+00 -0.134927E-02 -0.272410E-03 +0.000000E+00 +0.166874E-02 +0.000000E+00 +0.000000E+00
 +0.130720E+01 -0.102090E+03 -0.153660E+03 -0.970703E+02 -0.827411E+02 +0.437100E+02 +0.000000E+00 +0.000000E+00 -0.134746E-02 -0.272255E-03 +0.000000E+00 +0.166098E-02 +0.000000E+00 +0.000000E+00
 +0.130720E+01 -0.102100E+03 -0.153459E+03 -0.969350E+02 -0.826300E+02 +0.435025E+02 +0.000000E+00 +0.000000E+00 -0.134575E-02 -0.271796E-03 +0.000000E+00 +0.165310E-02 +0.000000E+00 +0.000000E+00
 +0.130720E+01 -0.102110E+03 -0.153260E+03 -0.968016E+02 -0.825202E+02 +0.432962E+02 +0.000000E+00 +0.000000E+00 -0.134405E-02 -0.271346E-03 +0.000000E+00 +0.164525E-02 +0.000000E+00 +0.000000E+00
 +0.130720E+01 -0.102120E+03 -0.153062E+03 -0.966700E+02 -0.824117E+02 +0.430909E+02 +0.000000E+00 +0.000000E+00 -0.134236E-02 -0.270908E-03 +0.000000E+00 +0.163745E-02 +0.000000E+00 +0.000000E+00
 +0.130720E+01 -0.102130E+03 -0.152865E+03 -0.965384E+02 -0.823031E+02 +0.428855E+02 +0.000000E+00 +0.000000E+00 -0.134068E-02 -0.270470E-03 +0.000000E+00 +0.162965E-02 +0.000000E+00 +0.000000E+00
 +0.130720E+01 -0.102140E+03 -0.152662E+03 -0.963991E+02 -0.821902E+02 +0.426760E+02 +0.000000E+00 +0.000000E+00 -0.133897E-02 -0.269969E-03 +0.000000E+00 +0.162169E-02 +0.000000E+00 +0.000000E+00
 +0.130720E+01 -0.102150E+03 -0.152443E+03 -0.962316E+02 -0.820627E+02 +0.424608E+02 +0.000000E+00 +0.000000E+00 -0.133723E-02 -0.269209E-03 +0.000000E+00 +0.161351E-02 +0.000000E+00 +0.000000E+00
 +0.130720E+01 -0.102160E+03 -0.152221E+03 -0.960571E+02 -0.819318E+02 +0.422462E+02 +0.000000E+00 +0.000000E+00 -0.133550E-02 -0.268380E-03 +0.000000E+00 +0.160535E-02 +0.000000E+00 +0.000000E+00
 +0.130720E+01 -0.102170E+03 -0.151994E+03 -0.958821E+02 -0.817991E+02 +0.420270E+02 +0.000000E+00 +0.000000E+00 -0.133370E-02 -0.267578E-03 +0.000000E+00 +0.159703E-02 +0.000000E+00 +0.000000E+00
 +0.130720E+01 -0.102180E+03 -0.151770E+03 -0.957116E+02 -0.816689E+02 +0.418110E+02 +0.000000E+00 +0.000000E+00 -0.133192E-02 -0.266812E-03 +0.000000E+00 +0.158882E-02 +0.000000E+00 +0.000000E+00
 +0.130720E+01 -0.102190E+03 -0.151585E+03 -0.955880E+02 -0.815672E+02 +0.416188E+02 +0.000000E+00 +0.000000E+00 -0.133034E-02 -0.266396E-03 +0.000000E+00 +0.158151E-02 +0.000000E+00 +0.000000E+00
 +0.130720E+01 -0.102200E+03 -0.151410E+03 -0.954802E+02 -0.814737E+02 +0.414209E+02 +0.000000E+00 +0.000000E+00 -0.132879E-02 -0.266122E-03 +0.000000E+00 +0.157399E-02 +0.000000E+00 +0.000000E+00
 +0.130720E+01 -0.102210E+03 -0.151235E+03 -0.953723E+02 -0.813803E+02 +0.412231E+02 +0.000000E+00 +0.000000E+00 -0.132723E-02 -0.265848E-03 +0.000000E+00 +0.156648E-02 +0.000000E+00 +0.000000E+00
 +0.130720E+01 -0.102220E+03 -0.151059E+03 -0.952645E+02 -0.812869E+02 +0.410252E+02 +0.000000E+00 +0.000000E+00 -0.132568E-02 -0.265574E-03 +0.000000E+00 +0.155896E-02 +0.000000E+00 +0.000000E+00
 +0.130720E+01 -0.102230E+03 -0.150883E+03 -0.951576E+02 -0.811934E+02 +0.408310E+02 +0.000000E+00 +0.000000E+00 -0.132410E-02 -0.265321E-03 +0.000000E+00 +0.155158E-02 +0.000000E+00 +0.000000E+00
 +0.130720E+01 -0.102240E+03 -0.150706E+03 -0.950508E+02 -0.810999E+02 +0.406369E+02 +0.000000E+00 +0.000000E+00 -0.132252E-02 -0.265068E-03 +0.000000E+00 +0.154420E-02 +0.000000E+00 +0.000000E+00
 +0.130720E+01 -0.102250E+03 -0.150543E+03 -0.949232E+02 -0.810037E+02 +0.404427E+02 +0.000000E+00 +0.000000E+00 -0.132124E-02 -0.264470E-03 +0.000000E+00 +0.153682E-02 +0.000000E+00 +0.000000E+00
 +0.130720E+01 -0.102260E+03 -0.150383E+03 -0.947881E+02 -0.809066E+02 +0.402485E+02 +0.000000E+00 +0.000000E+00 -0.132006E-02 -0.263748E-03 +0.000000E+00 +0.152944E-02 +0.000000E+00 +0.000000E+00
 +0.130720E+01 -0.102270E+03 -0.150206E+03 -0.946526E+02 -0.808035E+02 +0.400524E+02 +0.000000E+00 +0.000000E+00 -0.131866E-02 -0.263132E-03 +0.000000E+00 +0.152199E-02 +0.000000E+00 +0.000000E+00
 +0.130720E+01 -0.102280E+03 -0.150015E+03 -0.945167E+02 -0.806956E+02 +0.398546E+02 +0.000000E+00 +0.000000E+00 -0.131707E-02 -0.262602E-03 +0.000000E+00 +0.151448E-02 +0.000000E+00 +0.000000E+00
 +0.130720E+01 -0.102290E+03 -0.149824E+03 -0.943809E+02 -0.805876E+02 +0.396569E+02 +0.000000E+00 +0.000000E+00 -0.131549E-02 -0.262072E-03 +0.000000E+00 +0.150696E-02 +0.000000E+00 +0.000000E+00
 +0.130720E+01 -0.102300E+03 -0.149633E+03 -0.942451E+02 -0.804797E+02 +0.394592E+02 +0.000000E+00 +0.000000E+00 -0.131391E-02 -0.261541E-03 +0.000000E+00 +0.149945E-02 +0.000000E+00 +0.000000E+00
 +0.130720E+01 -0.102310E+03 -0.149446E+03 -0.940838E+02 -0.803650E+02 +0.392631E+02 +0.000000E+00 +0.000000E+00 -0.131255E-02 -0.260658E-03 +0.000000E+00 +0.149200E-02 +0.000000E+00 +0.000000E+00
 +0.130720E+01 -0.102320E+03 -0.149268E+03 -0.939226E+02 -0.802528E+02 +0.390775E+02 +0.000000E+00 +0.000000E+00 -0.131128E-02 -0.259727E-03 +0.000000E+00 +0.148494E-02 +0.000000E+00 +0.000000E+00
 +0.130720E+01 -0.102330E+03 -0.149091E+03 -0.937710E+02 -0.801445E+02 +0.388965E+02 +0.000000E+00 +0.000000E+00 -0.130998E-02 -0.258905E-03 +0.000000E+00 +0.147807E-02 +0.000000E+00 +0.000000E+00
 +0.130720E+01 -0.102340E+03 -0.148914E+03 -0.936195E+02 -0.800362E+02 +0.387156E+02 +0.000000E+00 +0.000000E+00 -0.130869E-02 -0.258083E-03 +0.000000E+00 +0.147119E-02 +0.000000E+00 +0.000000E+00
 +0.130720E+01 -0.102350E+03 -0.148738E+03 -0.934679E+02 -0.799279E+02 +0.385346E+02 +0.000000E+00 +0.000000E+00 -0.130739E-02 -0.257261E-03 +0.000000E+00 +0.146432E-02 +0.000000E+00 +0.000000E+00
 +0.130720E+01 -0.102360E+03 -0.148561E+03 -0.933164E+02 -0.798196E+02 +0.383537E+02 +0.000000E+00 +0.000000E+00 -0.130609E-02 -0.256439E-03 +0.000000E+00 +0.145744E-02 +0.000000E+00 +0.000000E+00
 +0.130720E+01 -0.102370E+03 -0.148388E+03 -0.931703E+02 -0.797142E+02 +0.381747E+02 +0.000000E+00 +0.000000E+00 -0.130480E-02 -0.255666E-03 +0.000000E+00 +0.145064E-02 +0.000000E+00 +0.000000E+00
 +0.130720E+01 -0.102380E+03 -0.148244E+03 -0.930535E+02 -0.796283E+02 +0.380049E+02 +0.000000E+00 +0.000000E+00 -0.130371E-02 -0.255078E-03 +0.000000E+00 +0.144418E-02 +0.000000E+00 +0.000000E+00
 +0.130720E+01 -0.102390E+03 -0.148101E+03 -0.929366E+02 -0.795425E+02 +0.378350E+02 +0.000000E+00 +0.000000E+00 -0.130261E-02 -0.254489E-03 +0.000000E+00 +0.143773E-02 +0.000000E+00 +0.000000E+00
 +0.130720E+01 -0.102400E+03 -0.147958E+03 -0.928198E+02 -0.794566E+02 +0.376652E+02 +0.000000E+00 +0.000000E+00 -0.130152E-02 -0.253901E-03 +0.000000E+00 +0.143128E-02 +0.000000E+00 +0.000000E+00
 +0.130720E+01 -0.102410E+03 -0.147814E+03 -0.927030E+02 -0.793707E+02 +0.374953E+02 +0.000000E+00 +0.000000E+00 -0.130043E-02 -0.253313E-03 +0.000000E+00 +0.142482E-02 +0.000000E+00 +0.000000E+00
 +0.130720E+01 -0.102420E+03 -0.147671E+03 -0.925862E+02 -0.792849E+02 +0.373255E+02 +0.000000E+00 +0.000000E+00 -0.129934E-02 -0.252725E-03 +0.000000E+00 +0.141837E-02 +0.000000E+00 +0.000000E+00
 +0.130720E+01 -0.102430E+03 -0.147528E+03 -0.924693E+02 -0.791990E+02 +0.371556E+02 +0.000000E+00 +0.000000E+00 -0.129824E-02 -0.252136E-03 +0.000000E+00 +0.141191E-02 +0.000000E+00 +0.000000E+00
 +0.130720E+01 -0.102440E+03 -0.147384E+03 -0.923525E+02 -0.791131E+02 +0.369858E+02 +0.000000E+00 +0.000000E+00 -0.129715E-02 -0.251548E-03 +0.000000E+00 +0.140546E-02 +0.000000E+00 +0.000000E+00
 +0.130720E+01 -0.102450E+03 -0.147244E+03 -0.922222E+02 -0.790239E+02 +0.368051E+02 +0.000000E+00 +0.000000E+00 -0.129619E-02 -0.250767E-03 +0.000000E+00 +0.139860E-02 +0.000000E+00 +0.000000E+00
 +0.130720E+01 -0.102460E+03 -0.147108E+03 -0.921135E+02 -0.789430E+02 +0.366220E+02 +0.000000E+00 +0.000000E+00 -0.129513E-02 -0.250239E-03 +0.000000E+00 +0.139163E-02 +0.000000E+00 +0.000000E+00
 +0.130720E+01 -0.102470E+03 -0.146965E+03 -0.919738E+02 -0.788498E+02 +0.364356E+02 +0.000000E+00 +0.000000E+00 -0.129419E-02 -0.249356E-03 +0.000000E+00 +0.138455E-02 +0.000000E+00 +0.000000E+00
 +0.130720E+01 -0.102480E+03 -0.146822E+03 -0.918341E+02 -0.787566E+02 +0.362493E+02 +0.000000E+00 +0.000000E+00 -0.129325E-02 -0.248473E-03 +0.000000E+00 +0.137747E-02 +0.000000E+00 +0.000000E+00
 +0.130720E+01 -0.102490E+03 -0.146679E+03 -0.916944E+02 -0.786634E+02 +0.360629E+02 +0.000000E+00 +0.000000E+00 -0.129230E-02 -0.247590E-03 +0.000000E+00 +0.137039E-02 +0.000000E+00 +0.000000E+00
 +0.130720E+01 -0.102500E+03 -0.146537E+03 -0.915547E+02 -0.785701E+02 +0.358766E+02 +0.000000E+00 +0.000000E+00 -0.129136E-02 -0.246707E-03 +0.000000E+00 +0.136331E-02 +0.000000E+00 +0.000000E+00
 +0.130720E+01 -0.102510E+03 -0.146394E+03 -0.914151E+02 -0.784769E+02 +0.356902E+02 +0.000000E+00 +0.000000E+00 -0.129042E-02 -0.245824E-03 +0.000000E+00 +0.135623E-02 +0.000000E+00 +0.000000E+00
 +0.130720E+01 -0.102520E+03 -0.146251E+03 -0.912754E+02 -0.783837E+02 +0.355039E+02 +0.000000E+00 +0.000000E+00 -0.128948E-02 -0.244941E-03 +0.000000E+00 +0.134915E-02 +0.000000E+00 +0.000000E+00
 +0.130720E+01 -0.102530E+03 -0.146108E+03 -0.911357E+02 -0.782905E+02 +0.353176E+02 +0.000000E+00 +0.000000E+00 -0.128854E-02 -0.244059E-03 +0.000000E+00 +0.134207E-02 +0.000000E+00 +0.000000E+00
 +0.130720E+01 -0.102540E+03 -0.145969E+03 -0.909992E+02 -0.781997E+02 +0.351389E+02 +0.000000E+00 +0.000000E+00 -0.128763E-02 -0.243191E-03 +0.000000E+00 +0.133528E-02 +0.000000E+00 +0.000000E+00
 +0.130720E+01 -0.102550E+03 -0.145836E+03 -0.908674E+02 -0.781123E+02 +0.349712E+02 +0.000000E+00 +0.000000E+00 -0.128676E-02 -0.242347E-03 +0.000000E+00 +0.132891E-02 +0.000000E+00 +0.000000E+00
 +0.130720E+01 -0.102560E+03 -0.145703E+03 -0.907355E+02 -0.780249E+02 +0.348036E+02 +0.000000E+00 +0.000000E+00 -0.128589E-02 -0.241503E-03 +0.000000E+00 +0.132254E-02 +0.000000E+00 +0.000000E+00
 +0.130720E+01 -0.102570E+03 -0.145570E+03 -0.906037E+02 -0.779375E+02 +0.346360E+02 +0.000000E+00 +0.000000E+00 -0.128503E-02 -0.240658E-03 +0.000000E+00 +0.131617E-02 +0.000000E+00 +0.000000E+00
 +0.130720E+01 -0.102580E+03 -0.145437E+03 -0.904719E+02 -0.778501E+02 +0.344683E+02 +0.000000E+00 +0.000000E+00 -0.128416E-02 -0.239814E-03 +0.000000E+00 +0.130980E-02 +0.000000E+00 +0.000000E+00
 +0.130720E+01 -0.102590E+03 -0.145304E+03 -0.903400E+02 -0.777627E+02 +0.343007E+02 +0.000000E+00 +0.000000E+00 -0.128329E-02 -0.238970E-03 +0.000000E+00 +0.130343E-02 +0.000000E+00 +0.000000E+00
 +0.130720E+01 -0.102600E+03 -0.145171E+03 -0.902082E+02 -0.776753E+02 +0.341330E+02 +0.000000E+00 +0.000000E+00 -0.128243E-02 -0.238125E-03 +0.000000E+00 +0.129706E-02 +0.000000E+00 +0.000000E+00
 +0.130720E+01 -0.102610E+03 -0.145038E+03 -0.900763E+02 -0.775879E+02 +0.339654E+02 +0.000000E+00 +0.000000E+00 -0.128156E-02 -0.237281E-03 +0.000000E+00 +0.129069E-02 +0.000000E+00 +0.000000E+00
 +0.130720E+01 -0.102620E+03 -0.144906E+03 -0.899438E+02 -0.775005E+02 +0.337978E+02 +0.000000E+00 +0.000000E+00 -0.128071E-02 -0.236423E-03 +0.000000E+00 +0.128432E-02 +0.000000E+00 +0.000000E+00
 +0.130720E+01 -0.102630E+03 -0.144797E+03 -0.898111E+02 -0.774206E+02 +0.336341E+02 +0.000000E+00 +0.000000E+00 -0.128015E-02 -0.235419E-03 +0.000000E+00 +0.127810E-02 +0.000000E+00 +0.000000E+00
 +0.130720E+01 -0.102640E+03 -0.144678E+03 -0.896741E+02 -0.773361E+02 +0.334689E+02 +0.000000E+00 +0.000000E+00 -0.127949E-02 -0.234422E-03 +0.000000E+00 +0.127182E-02 +0.000000E+00 +0.000000E+00
 +0.130720E+01 -0.102650E+03 -0.144558E+03 -0.895371E+02 -0.772515E+02 +0.333037E+02 +0.000000E+00 +0.000000E+00 -0.127883E-02 -0.233425E-03 +0.000000E+00 +0.126554E-02 +0.000000E+00 +0.000000E+00
 +0.130720E+01 -0.102660E+03 -0.144439E+03 -0.894000E+02 -0.771670E+02 +0.331385E+02 +0.000000E+00 +0.000000E+00 -0.127817E-02 -0.232428E-03 +0.000000E+00 +0.125926E-02 +0.000000E+00 +0.000000E+00
 +0.130720E+01 -0.102670E+03 -0.144320E+03 -0.892630E+02 -0.770824E+02 +0.329733E+02 +0.000000E+00 +0.000000E+00 -0.127752E-02 -0.231431E-03 +0.000000E+00 +0.125298E-02 +0.000000E+00 +0.000000E+00
 +0.130720E+01 -0.102680E+03 -0.144201E+03 -0.891260E+02 -0.769979E+02 +0.328081E+02 +0.000000E+00 +0.000000E+00 -0.127686E-02 -0.230434E-03 +0.000000E+00 +0.124671E-02 +0.000000E+00 +0.000000E+00
 +0.130720E+01 -0.102690E+03 -0.144082E+03 -0.889890E+02 -0.769134E+02 +0.326429E+02 +0.000000E+00 +0.000000E+00 -0.127620E-02 -0.229437E-03 +0.000000E+00 +0.124043E-02 +0.000000E+00 +0.000000E+00
 +0.130720E+01 -0.102700E+03 -0.143963E+03 -0.888520E+02 -0.768288E+02 +0.324777E+02 +0.000000E+00 +0.000000E+00 -0.127554E-02 -0.228440E-03 +0.000000E+00 +0.123415E-02 +0.000000E+00 +0.000000E+00
 +0.130720E+01 -0.102710E+03 -0.143843E+03 -0.887150E+02 -0.767443E+02 +0.323124E+02 +0.000000E+00 +0.000000E+00 -0.127488E-02 -0.227443E-03 +0.000000E+00 +0.122787E-02 +0.000000E+00 +0.000000E+00
 +0.130720E+01 -0.102720E+03 -0.143728E+03 -0.885965E+02 -0.766672E+02 +0.321371E+02 +0.000000E+00 +0.000000E+00 -0.127416E-02 -0.226657E-03 +0.000000E+00 +0.122121E-02 +0.000000E+00 +0.000000E+00
 +0.130720E+01 -0.102730E+03 -0.143614E+03 -0.884795E+02 -0.765907E+02 +0.319610E+02 +0.000000E+00 +0.000000E+00 -0.127343E-02 -0.225887E-03 +0.000000E+00 +0.121452E-02 +0.000000E+00 +0.000000E+00
 +0.130720E+01 -0.102740E+03 -0.143499E+03 -0.883624E+02 -0.765142E+02 +0.317848E+02 +0.000000E+00 +0.000000E+00 -0.127271E-02 -0.225117E-03 +0.000000E+00 +0.120782E-02 +0.000000E+00 +0.000000E+00
 +0.130720E+01 -0.102750E+03 -0.143384E+03 -0.882454E+02 -0.764377E+02 +0.316087E+02 +0.000000E+00 +0.000000E+00 -0.127198E-02 -0.224347E-03 +0.000000E+00 +0.120113E-02 +0.000000E+00 +0.000000E+00
 +0.130720E+01 -0.102760E+03 -0.143269E+03 -0.881283E+02 -0.763611E+02 +0.314326E+02 +0.000000E+00 +0.000000E+00 -0.127125E-02 -0.223577E-03 +0.000000E+00 +0.119444E-02 +0.000000E+00 +0.000000E+00
 +0.130720E+01 -0.102770E+03 -0.143151E+03 -0.880042E+02 -0.762814E+02 +0.312589E+02 +0.000000E+00 +0.000000E+00 -0.127053E-02 -0.222734E-03 +0.000000E+00 +0.118784E-02 +0.000000E+00 +0.000000E+00
 +0.130720E+01 -0.102780E+03 -0.143021E+03 -0.878468E+02 -0.761863E+02 +0.310971E+02 +0.000000E+00 +0.000000E+00 -0.126985E-02 -0.221551E-03 +0.000000E+00 +0.118169E-02 +0.000000E+00 +0.000000E+00
 +0.130720E+01 -0.102790E+03 -0.142897E+03 -0.876933E+02 -0.760947E+02 +0.309425E+02 +0.000000E+00 +0.000000E+00 -0.126924E-02 -0.220374E-03 +0.000000E+00 +0.117582E-02 +0.000000E+00 +0.000000E+00
 +0.130720E+01 -0.102800E+03 -0.142797E+03 -0.875536E+02 -0.760157E+02 +0.308142E+02 +0.000000E+00 +0.000000E+00 -0.126885E-02 -0.219219E-03 +0.000000E+00 +0.117094E-02 +0.000000E+00 +0.000000E+00
 +0.130720E+01 -0.102810E+03 -0.142698E+03 -0.874138E+02 -0.759368E+02 +0.306860E+02 +0.000000E+00 +0.000000E+00 -0.126846E-02 -0.218064E-03 +0.000000E+00 +0.116607E-02 +0.000000E+00 +0.000000E+00
 +0.130720E+01 -0.102820E+03 -0.142598E+03 -0.872740E+02 -0.758578E+02 +0.305577E+02 +0.000000E+00 +0.000000E+00 -0.126806E-02 -0.216909E-03 +0.000000E+00 +0.116119E-02 +0.000000E+00 +0.000000E+00
 +0.130720E+01 -0.102830E+03 -0.142498E+03 -0.871343E+02 -0.757788E+02 +0.304294E+02 +0.000000E+00 +0.000000E+00 -0.126767E-02 -0.215754E-03 +0.000000E+00 +0.115632E-02 +0.000000E+00 +0.000000E+00
 +0.130720E+01 -0.102840E+03 -0.142399E+03 -0.869945E+02 -0.756998E+02 +0.303011E+02 +0.000000E+00 +0.000000E+00 -0.126728E-02 -0.214599E-03 +0.000000E+00 +0.115144E-02 +0.000000E+00 +0.000000E+00
 +0.130720E+01 -0.102850E+03 -0.142299E+03 -0.868548E+02 -0.756208E+02 +0.301728E+02 +0.000000E+00 +0.000000E+00 -0.126689E-02 -0.213444E-03 +0.000000E+00 +0.114657E-02 +0.000000E+00 +0.000000E+00
 +0.130720E+01 -0.102860E+03 -0.142200E+03 -0.867150E+02 -0.755419E+02 +0.300445E+02 +0.000000E+00 +0.000000E+00 -0.126650E-02 -0.212289E-03 +0.000000E+00 +0.114169E-02 +0.000000E+00 +0.000000E+00
 +0.130720E+01 -0.102870E+03 -0.142100E+03 -0.865752E+02 -0.754629E+02 +0.299162E+02 +0.000000E+00 +0.000000E+00 -0.126611E-02 -0.211134E-03 +0.000000E+00 +0.113682E-02 +0.000000E+00 +0.000000E+00
 +0.130720E+01 -0.102880E+03 -0.142001E+03 -0.864355E+02 -0.753839E+02 +0.297879E+02 +0.000000E+00 +0.000000E+00 -0.126572E-02 -0.209979E-03 +0.000000E+00 +0.113194E-02 +0.000000E+00 +0.000000E+00
 +0.130720E+01 -0.102890E+03 -0.141901E+03 -0.862957E+02 -0.753049E+02 +0.296596E+02 +0.000000E+00 +0.000000E+00 -0.126533E-02 -0.208824E-03 +0.000000E+00 +0.112706E-02 +0.000000E+00 +0.000000E+00
 +0.130720E+01 -0.102900E+03 -0.141802E+03 -0.861559E+02 -0.752260E+02 +0.295313E+02 +0.000000E+00 +0.000000E+00 -0.126494E-02 -0.207669E-03 +0.000000E+00 +0.112219E-02 +0.000000E+00 +0.000000E+00
 +0.130720E+01 -0.102910E+03 -0.141702E+03 -0.860162E+02 -0.751470E+02 +0.294030E+02 +0.000000E+00 +0.000000E+00 -0.126455E-02 -0.206514E-03 +0.000000E+00 +0.111731E-02 +0.000000E+00 +0.000000E+00
 +0.130720E+01 -0.102920E+03 -0.141602E+03 -0.858764E+02 -0.750680E+02 +0.292747E+02 +0.000000E+00 +0.000000E+00 -0.126415E-02 -0.205359E-03 +0.000000E+00 +0.111244E-02 +0.000000E+00 +0.000000E+00
 +0.130720E+01 -0.102930E+03 -0.141506E+03 -0.857420E+02 -0.749919E+02 +0.291454E+02 +0.000000E+00 +0.000000E+00 -0.126377E-02 -0.204251E-03 +0.000000E+00 +0.110753E-02 +0.000000E+00 +0.000000E+00
 +0.130720E+01 -0.102940E+03 -0.141428E+03 -0.856157E+02 -0.749245E+02 +0.290040E+02 +0.000000E+00 +0.000000E+00 -0.126357E-02 -0.203133E-03 +0.000000E+00 +0.110215E-02 +0.000000E+00 +0.000000E+00
 +0.130720E+01 -0.102950E+03 -0.141350E+03 -0.854894E+02 -0.748571E+02 +0.288626E+02 +0.000000E+00 +0.000000E+00 -0.126337E-02 -0.202014E-03 +0.000000E+00 +0.109678E-02 +0.000000E+00 +0.000000E+00
 +0.130720E+01 -0.102960E+03 -0.141272E+03 -0.853631E+02 -0.747897E+02 +0.287212E+02 +0.000000E+00 +0.000000E+00 -0.126317E-02 -0.200895E-03 +0.000000E+00 +0.109141E-02 +0.000000E+00 +0.000000E+00
 +0.130720E+01 -0.102970E+03 -0.141194E+03 -0.852369E+02 -0.747223E+02 +0.285798E+02 +0.000000E+00 +0.000000E+00 -0.126297E-02 -0.199776E-03 +0.000000E+00 +0.108603E-02 +0.000000E+00 +0.000000E+00
 +0.130720E+01 -0.102980E+03 -0.141116E+03 -0.851106E+02 -0.746549E+02 +0.284384E+02 +0.000000E+00 +0.000000E+00 -0.126277E-02 -0.198658E-03 +0.000000E+00 +0.108066E-02 +0.000000E+00 +0.000000E+00
 +0.130720E+01 -0.102990E+03 -0.141038E+03 -0.849843E+02 -0.745875E+02 +0.282970E+02 +0.000000E+00 +0.000000E+00 -0.126257E-02 -0.197539E-03 +0.000000E+00 +0.107529E-02 +0.000000E+00 +0.000000E+00
 +0.130720E+01 -0.103000E+03 -0.140961E+03 -0.848580E+02 -0.745201E+02 +0.281556E+02 +0.000000E+00 +0.000000E+00 -0.126237E-02 -0.196420E-03 +0.000000E+00 +0.106991E-02 +0.000000E+00 +0.000000E+00
 +0.130720E+01 -0.103010E+03 -0.140883E+03 -0.847317E+02 -0.744527E+02 +0.280142E+02 +0.000000E+00 +0.000000E+00 -0.126217E-02 -0.195301E-03 +0.000000E+00 +0.106454E-02 +0.000000E+00 +0.000000E+00
 +0.130720E+01 -0.103020E+03 -0.140805E+03 -0.846055E+02 -0.743853E+02 +0.278728E+02 +0.000000E+00 +0.000000E+00 -0.126197E-02 -0.194183E-03 +0.000000E+00 +0.105917E-02 +0.000000E+00 +0.000000E+00
 +0.130720E+01 -0.103030E+03 -0.140727E+03 -0.844792E+02 -0.743179E+02 +0.277314E+02 +0.000000E+00 +0.000000E+00 -0.126177E-02 -0.193064E-03 +0.000000E+00 +0.105379E-02 +0.000000E+00 +0.000000E+00
 +0.130720E+01 -0.103040E+03 -0.140649E+03 -0.843529E+02 -0.742505E+02 +0.275899E+02 +0.000000E+00 +0.000000E+00 -0.126156E-02 -0.191945E-03 +0.000000E+00 +0.104842E-02 +0.000000E+00 +0.000000E+00
 +0.130720E+01 -0.103050E+03 -0.140571E+03 -0.842266E+02 -0.741831E+02 +0.274485E+02 +0.000000E+00 +0.000000E+00 -0.126136E-02 -0.190826E-03 +0.000000E+00 +0.104304E-02 +0.000000E+00 +0.000000E+00
 +0.130720E+01 -0.103060E+03 -0.140493E+03 -0.841003E+02 -0.741157E+02 +0.273071E+02 +0.000000E+00 +0.000000E+00 -0.126116E-02 -0.189708E-03 +0.000000E+00 +0.103767E-02 +0.000000E+00 +0.000000E+00
 +0.130720E+01 -0.103070E+03 -0.140415E+03 -0.839741E+02 -0.740483E+02 +0.271657E+02 +0.000000E+00 +0.000000E+00 -0.126096E-02 -0.188589E-03 +0.000000E+00 +0.103230E-02 +0.000000E+00 +0.000000E+00
 +0.130720E+01 -0.103080E+03 -0.140337E+03 -0.838478E+02 -0.739809E+02 +0.270243E+02 +0.000000E+00 +0.000000E+00 -0.126076E-02 -0.187470E-03 +0.000000E+00 +0.102692E-02 +0.000000E+00 +0.000000E+00
 +0.130720E+01 -0.103090E+03 -0.140259E+03 -0.837215E+02 -0.739135E+02 +0.268829E+02 +0.000000E+00 +0.000000E+00 -0.126056E-02 -0.186351E-03 +0.000000E+00 +0.102155E-02 +0.000000E+00 +0.000000E+00
 +0.130720E+01 -0.103100E+03 -0.140182E+03 -0.835955E+02 -0.738464E+02 +0.267422E+02 +0.000000E+00 +0.000000E+00 -0.126037E-02 -0.185232E-03 +0.000000E+00 +0.101620E-02 +0.000000E+00 +0.000000E+00
 +0.130720E+01 -0.103110E+03 -0.140126E+03 -0.834780E+02 -0.737893E+02 +0.266246E+02 +0.000000E+00 +0.000000E+00 -0.126039E-02 -0.184086E-03 +0.000000E+00 +0.101174E-02 +0.000000E+00 +0.000000E+00
 +0.130720E+01 -0.103120E+03 -0.140070E+03 -0.833606E+02 -0.737322E+02 +0.265071E+02 +0.000000E+00 +0.000000E+00 -0.126042E-02 -0.182941E-03 +0.000000E+00 +0.100727E-02 +0.000000E+00 +0.000000E+00
 +0.130720E+01 -0.103130E+03 -0.140015E+03 -0.832432E+02 -0.736751E+02 +0.263896E+02 +0.000000E+00 +0.000000E+00 -0.126045E-02 -0.181795E-03 +0.000000E+00 +0.100281E-02 +0.000000E+00 +0.000000E+00
 +0.130720E+01 -0.103140E+03 -0.139959E+03 -0.831258E+02 -0.736180E+02 +0.262721E+02 +0.000000E+00 +0.000000E+00 -0.126048E-02 -0.180650E-03 +0.000000E+00 +0.998340E-03 +0.000000E+00 +0.000000E+00
 +0.130720E+01 -0.103150E+03 -0.139903E+03 -0.830084E+02 -0.735608E+02 +0.261546E+02 +0.000000E+00 +0.000000E+00 -0.126051E-02 -0.179504E-03 +0.000000E+00 +0.993875E-03 +0.000000E+00 +0.000000E+00
 +0.130720E+01 -0.103160E+03 -0.139848E+03 -0.828910E+02 -0.735037E+02 +0.260371E+02 +0.000000E+00 +0.000000E+00 -0.126053E-02 -0.178358E-03 +0.000000E+00 +0.989409E-03 +0.000000E+00 +0.000000E+00
 +0.130720E+01 -0.103170E+03 -0.139792E+03 -0.827736E+02 -0.734466E+02 +0.259196E+02 +0.000000E+00 +0.000000E+00 -0.126056E-02 -0.177213E-03 +0.000000E+00 +0.984944E-03 +0.000000E+00 +0.000000E+00
 +0.130720E+01 -0.103180E+03 -0.139736E+03 -0.826562E+02 -0.733895E+02 +0.258021E+02 +0.000000E+00 +0.000000E+00 -0.126059E-02 -0.176067E-03 +0.000000E+00 +0.980478E-03 +0.000000E+00 +0.000000E+00
 +0.130720E+01 -0.103190E+03 -0.139681E+03 -0.825388E+02 -0.733324E+02 +0.256845E+02 +0.000000E+00 +0.000000E+00 -0.126062E-02 -0.174922E-03 +0.000000E+00 +0.976013E-03 +0.000000E+00 +0.000000E+00
 +0.130720E+01 -0.103200E+03 -0.139625E+03 -0.824214E+02 -0.732753E+02 +0.255670E+02 +0.000000E+00 +0.000000E+00 -0.126064E-02 -0.173776E-03 +0.000000E+00 +0.971547E-03 +0.000000E+00 +0.000000E+00
 +0.130720E+01 -0.103210E+03 -0.139569E+03 -0.823039E+02 -0.732180E+02 +0.254493E+02 +0.000000E+00 +0.000000E+00 -0.126066E-02 -0.172633E-03 +0.000000E+00 +0.967074E-03 +0.000000E+00 +0.000000E+00
 +0.130720E+01 -0.103220E+03 -0.139484E+03 -0.821824E+02 -0.731499E+02 +0.253193E+02 +0.000000E+00 +0.000000E+00 -0.126035E-02 -0.171618E-03 +0.000000E+00 +0.962132E-03 +0.000000E+00 +0.000000E+00
 +0.130720E+01 -0.103230E+03 -0.139399E+03 -0.820609E+02 -0.730818E+02 +0.251892E+02 +0.000000E+00 +0.000000E+00 -0.126003E-02 -0.170603E-03 +0.000000E+00 +0.957190E-03 +0.000000E+00 +0.000000E+00
 +0.130720E+01 -0.103240E+03 -0.139314E+03 -0.819394E+02 -0.730136E+02 +0.250592E+02 +0.000000E+00 +0.000000E+00 -0.125971E-02 -0.169589E-03 +0.000000E+00 +0.952249E-03 +0.000000E+00 +0.000000E+00
 +0.130720E+01 -0.103250E+03 -0.139229E+03 -0.818178E+02 -0.729455E+02 +0.249291E+02 +0.000000E+00 +0.000000E+00 -0.125939E-02 -0.168574E-03 +0.000000E+00 +0.947307E-03 +0.000000E+00 +0.000000E+00
 +0.130720E+01 -0.103260E+03 -0.139144E+03 -0.816963E+02 -0.728774E+02 +0.247991E+02 +0.000000E+00 +0.000000E+00 -0.125907E-02 -0.167559E-03 +0.000000E+00 +0.942365E-03 +0.000000E+00 +0.000000E+00
 +0.130720E+01 -0.103270E+03 -0.139065E+03 -0.815728E+02 -0.728104E+02 +0.246772E+02 +0.000000E+00 +0.000000E+00 -0.125883E-02 -0.166487E-03 +0.000000E+00 +0.937735E-03 +0.000000E+00 +0.000000E+00
 +0.130720E+01 -0.103280E+03 -0.138988E+03 -0.814484E+02 -0.727439E+02 +0.245595E+02 +0.000000E+00 +0.000000E+00 -0.125863E-02 -0.165386E-03 +0.000000E+00 +0.933262E-03 +0.000000E+00 +0.000000E+00
 +0.130720E+01 -0.103290E+03 -0.138910E+03 -0.813239E+02 -0.726773E+02 +0.244418E+02 +0.000000E+00 +0.000000E+00 -0.125843E-02 -0.164285E-03 +0.000000E+00 +0.928789E-03 +0.000000E+00 +0.000000E+00
 +0.130720E+01 -0.103300E+03 -0.138833E+03 -0.811995E+02 -0.726108E+02 +0.243241E+02 +0.000000E+00 +0.000000E+00 -0.125823E-02 -0.163184E-03 +0.000000E+00 +0.924316E-03 +0.000000E+00 +0.000000E+00
 +0.130720E+01 -0.103310E+03 -0.138756E+03 -0.810750E+02 -0.725443E+02 +0.242064E+02 +0.000000E+00 +0.000000E+00 -0.125803E-02 -0.162083E-03 +0.000000E+00 +0.919843E-03 +0.000000E+00 +0.000000E+00
 +0.130720E+01 -0.103320E+03 -0.138679E+03 -0.809505E+02 -0.724778E+02 +0.240887E+02 +0.000000E+00 +0.000000E+00 -0.125782E-02 -0.160983E-03 +0.000000E+00 +0.915370E-03 +0.000000E+00 +0.000000E+00
 +0.130720E+01 -0.103330E+03 -0.138602E+03 -0.808261E+02 -0.724113E+02 +0.239710E+02 +0.000000E+00 +0.000000E+00 -0.125762E-02 -0.159882E-03 +0.000000E+00 +0.910897E-03 +0.000000E+00 +0.000000E+00
 +0.130720E+01 -0.103340E+03 -0.138529E+03 -0.806841E+02 -0.723402E+02 +0.238511E+02 +0.000000E+00 +0.000000E+00 -0.125758E-02 -0.158535E-03 +0.000000E+00 +0.906340E-03 +0.000000E+00 +0.000000E+00
 +0.130720E+01 -0.103350E+03 -0.138457E+03 -0.805322E+02 -0.722665E+02 +0.237299E+02 +0.000000E+00 +0.000000E+00 -0.125762E-02 -0.157048E-03 +0.000000E+00 +0.901735E-03 +0.000000E+00 +0.000000E+00
 +0.130720E+01 -0.103360E+03 -0.138386E+03 -0.803803E+02 -0.721928E+02 +0.236087E+02 +0.000000E+00 +0.000000E+00 -0.125767E-02 -0.155561E-03 +0.000000E+00 +0.897129E-03 +0.000000E+00 +0.000000E+00
 +0.130720E+01 -0.103370E+03 -0.138315E+03 -0.802283E+02 -0.721192E+02 +0.234875E+02 +0.000000E+00 +0.000000E+00 -0.125771E-02 -0.154074E-03 +0.000000E+00 +0.892524E-03 +0.000000E+00 +0.000000E+00
 +0.130720E+01 -0.103380E+03 -0.138243E+03 -0.800764E+02 -0.720455E+02 +0.233663E+02 +0.000000E+00 +0.000000E+00 -0.125776E-02 -0.152587E-03 +0.000000E+00 +0.887919E-03 +0.000000E+00 +0.000000E+00
 +0.130720E+01 -0.103390E+03 -0.138172E+03 -0.799245E+02 -0.719718E+02 +0.232451E+02 +0.000000E+00 +0.000000E+00 -0.125780E-02 -0.151100E-03 +0.000000E+00 +0.883313E-03 +0.000000E+00 +0.000000E+00
 +0.130720E+01 -0.103400E+03 -0.138101E+03 -0.797725E+02 -0.718982E+02 +0.231239E+02 +0.000000E+00 +0.000000E+00 -0.125785E-02 -0.149613E-03 +0.000000E+00 +0.878708E-03 +0.000000E+00 +0.000000E+00
 +0.130720E+01 -0.103410E+03 -0.138029E+03 -0.796206E+02 -0.718245E+02 +0.230027E+02 +0.000000E+00 +0.000000E+00 -0.125789E-02 -0.148126E-03 +0.000000E+00 +0.874103E-03 +0.000000E+00 +0.000000E+00
 +0.130720E+01 -0.103420E+03 -0.137978E+03 -0.795097E+02 -0.717710E+02 +0.228973E+02 +0.000000E+00 +0.000000E+00 -0.125794E-02 -0.147035E-03 +0.000000E+00 +0.870096E-03 +0.000000E+00 +0.000000E+00
 +0.130720E+01 -0.103430E+03 -0.137932E+03 -0.794086E+02 -0.717223E+02 +0.227956E+02 +0.000000E+00 +0.000000E+00 -0.125798E-02 -0.146039E-03 +0.000000E+00 +0.866233E-03 +0.000000E+00 +0.000000E+00
 +0.130720E+01 -0.103440E+03 -0.137885E+03 -0.793075E+02 -0.716737E+02 +0.226940E+02 +0.000000E+00 +0.000000E+00 -0.125802E-02 -0.145044E-03 +0.000000E+00 +0.862371E-03 +0.000000E+00 +0.000000E+00
 +0.130720E+01 -0.103450E+03 -0.137839E+03 -0.792065E+02 -0.716250E+02 +0.225923E+02 +0.000000E+00 +0.000000E+00 -0.125807E-02 -0.144048E-03 +0.000000E+00 +0.858508E-03 +0.000000E+00 +0.000000E+00
 +0.130720E+01 -0.103460E+03 -0.137793E+03 -0.791054E+02 -0.715763E+02 +0.224907E+02 +0.000000E+00 +0.000000E+00 -0.125811E-02 -0.143053E-03 +0.000000E+00 +0.854645E-03 +0.000000E+00 +0.000000E+00
 +0.130720E+01 -0.103470E+03 -0.137746E+03 -0.790043E+02 -0.715276E+02 +0.223890E+02 +0.000000E+00 +0.000000E+00 -0.125815E-02 -0.142057E-03 +0.000000E+00 +0.850782E-03 +0.000000E+00 +0.000000E+00
 +0.130720E+01 -0.103480E+03 -0.137700E+03 -0.789033E+02 -0.714790E+02 +0.222874E+02 +0.000000E+00 +0.000000E+00 -0.125819E-02 -0.141062E-03 +0.000000E+00 +0.846920E-03 +0.000000E+00 +0.000000E+00
 +0.130720E+01 -0.103490E+03 -0.137653E+03 -0.788022E+02 -0.714303E+02 +0.221857E+02 +0.000000E+00 +0.000000E+00 -0.125824E-02 -0.140066E-03 +0.000000E+00 +0.843057E-03 +0.000000E+00 +0.000000E+00
 +0.130720E+01 -0.103500E+03 -0.137607E+03 -0.787012E+02 -0.713816E+02 +0.220841E+02 +0.000000E+00 +0.000000E+00 -0.125828E-02 -0.139071E-03 +0.000000E+00 +0.839194E-03 +0.000000E+00 +0.000000E+00
 +0.130720E+01 -0.103510E+03 -0.137560E+03 -0.786001E+02 -0.713330E+02 +0.219824E+02 +0.000000E+00 +0.000000E+00 -0.125832E-02 -0.138075E-03 +0.000000E+00 +0.835332E-03 +0.000000E+00 +0.000000E+00
 +0.130720E+01 -0.103520E+03 -0.137514E+03 -0.784990E+02 -0.712843E+02 +0.218808E+02 +0.000000E+00 +0.000000E+00 -0.125836E-02 -0.137080E-03 +0.000000E+00 +0.831469E-03 +0.000000E+00 +0.000000E+00
 +0.130720E+01 -0.103530E+03 -0.137468E+03 -0.783980E+02 -0.712356E+02 +0.217791E+02 +0.000000E+00 +0.000000E+00 -0.125841E-02 -0.136084E-03 +0.000000E+00 +0.827606E-03 +0.000000E+00 +0.000000E+00
 +0.130720E+01 -0.103540E+03 -0.137421E+03 -0.782969E+02 -0.711870E+02 +0.216775E+02 +0.000000E+00 +0.000000E+00 -0.125845E-02 -0.135088E-03 +0.000000E+00 +0.823743E-03 +0.000000E+00 +0.000000E+00
 +0.130720E+01 -0.103550E+03 -0.137375E+03 -0.781958E+02 -0.711383E+02 +0.215758E+02 +0.000000E+00 +0.000000E+00 -0.125849E-02 -0.134093E-03 +0.000000E+00 +0.819881E-03 +0.000000E+00 +0.000000E+00
 +0.130720E+01 -0.103560E+03 -0.137328E+03 -0.780948E+02 -0.710896E+02 +0.214742E+02 +0.000000E+00 +0.000000E+00 -0.125854E-02 -0.133097E-03 +0.000000E+00 +0.816018E-03 +0.000000E+00 +0.000000E+00
 +0.130720E+01 -0.103570E+03 -0.137282E+03 -0.779937E+02 -0.710410E+02 +0.213725E+02 +0.000000E+00 +0.000000E+00 -0.125858E-02 -0.132102E-03 +0.000000E+00 +0.812155E-03 +0.000000E+00 +0.000000E+00
 +0.130720E+01 -0.103580E+03 -0.137235E+03 -0.778920E+02 -0.709921E+02 +0.212709E+02 +0.000000E+00 +0.000000E+00 -0.125863E-02 -0.131098E-03 +0.000000E+00 +0.808296E-03 +0.000000E+00 +0.000000E+00
 +0.130720E+01 -0.103590E+03 -0.137184E+03 -0.777442E+02 -0.709264E+02 +0.211751E+02 +0.000000E+00 +0.000000E+00 -0.125890E-02 -0.129538E-03 +0.000000E+00 +0.804652E-03 +0.000000E+00 +0.000000E+00
 +0.130720E+01 -0.103600E+03 -0.137133E+03 -0.775964E+02 -0.708607E+02 +0.210792E+02 +0.000000E+00 +0.000000E+00 -0.125917E-02 -0.127978E-03 +0.000000E+00 +0.801009E-03 +0.000000E+00 +0.000000E+00
 +0.130720E+01 -0.103610E+03 -0.137091E+03 -0.774599E+02 -0.708018E+02 +0.209927E+02 +0.000000E+00 +0.000000E+00 -0.125949E-02 -0.126505E-03 +0.000000E+00 +0.797724E-03 +0.000000E+00 +0.000000E+00
 +0.130720E+01 -0.103620E+03 -0.137057E+03 -0.773339E+02 -0.707491E+02 +0.209149E+02 +0.000000E+00 +0.000000E+00 -0.125986E-02 -0.125111E-03 +0.000000E+00 +0.794767E-03 +0.000000E+00 +0.000000E+00
 +0.130720E+01 -0.103630E+03 -0.137024E+03 -0.772079E+02 -0.706964E+02 +0.208371E+02 +0.000000E+00 +0.000000E+00 -0.126022E-02 -0.123718E-03 +0.000000E+00 +0.791809E-03 +0.000000E+00 +0.000000E+00
 +0.130720E+01 -0.103640E+03 -0.136990E+03 -0.770819E+02 -0.706437E+02 +0.207592E+02 +0.000000E+00 +0.000000E+00 -0.126058E-02 -0.122324E-03 +0.000000E+00 +0.788851E-03 +0.000000E+00 +0.000000E+00
 +0.130720E+01 -0.103650E+03 -0.136956E+03 -0.769558E+02 -0.705911E+02 +0.206814E+02 +0.000000E+00 +0.000000E+00 -0.126094E-02 -0.120931E-03 +0.000000E+00 +0.785894E-03 +0.000000E+00 +0.000000E+00
 +0.130720E+01 -0.103660E+03 -0.136923E+03 -0.768298E+02 -0.705384E+02 +0.206036E+02 +0.000000E+00 +0.000000E+00 -0.126130E-02 -0.119537E-03 +0.000000E+00 +0.782936E-03 +0.000000E+00 +0.000000E+00
 +0.130720E+01 -0.103670E+03 -0.136889E+03 -0.767038E+02 -0.704857E+02 +0.205257E+02 +0.000000E+00 +0.000000E+00 -0.126167E-02 -0.118144E-03 +0.000000E+00 +0.779978E-03 +0.000000E+00 +0.000000E+00
 +0.130720E+01 -0.103680E+03 -0.136856E+03 -0.765777E+02 -0.704330E+02 +0.204479E+02 +0.000000E+00 +0.000000E+00 -0.126203E-02 -0.116750E-03 +0.000000E+00 +0.777021E-03 +0.000000E+00 +0.000000E+00
 +0.130720E+01 -0.103690E+03 -0.136822E+03 -0.764517E+02 -0.703803E+02 +0.203701E+02 +0.000000E+00 +0.000000E+00 -0.126239E-02 -0.115357E-03 +0.000000E+00 +0.774063E-03 +0.000000E+00 +0.000000E+00
 +0.130720E+01 -0.103700E+03 -0.136788E+03 -0.763257E+02 -0.703276E+02 +0.202922E+02 +0.000000E+00 +0.000000E+00 -0.126275E-02 -0.113963E-03 +0.000000E+00 +0.771105E-03 +0.000000E+00 +0.000000E+00
 +0.130720E+01 -0.103710E+03 -0.136755E+03 -0.761997E+02 -0.702750E+02 +0.202144E+02 +0.000000E+00 +0.000000E+00 -0.126312E-02 -0.112570E-03 +0.000000E+00 +0.768148E-03 +0.000000E+00 +0.000000E+00
 +0.130720E+01 -0.103720E+03 -0.136721E+03 -0.760736E+02 -0.702223E+02 +0.201366E+02 +0.000000E+00 +0.000000E+00 -0.126348E-02 -0.111176E-03 +0.000000E+00 +0.765190E-03 +0.000000E+00 +0.000000E+00
 +0.130720E+01 -0.103730E+03 -0.136687E+03 -0.759476E+02 -0.701696E+02 +0.200587E+02 +0.000000E+00 +0.000000E+00 -0.126384E-02 -0.109783E-03 +0.000000E+00 +0.762232E-03 +0.000000E+00 +0.000000E+00
 +0.130720E+01 -0.103740E+03 -0.136654E+03 -0.758216E+02 -0.701169E+02 +0.199809E+02 +0.000000E+00 +0.000000E+00 -0.126420E-02 -0.108389E-03 +0.000000E+00 +0.759275E-03 +0.000000E+00 +0.000000E+00
 +0.130720E+01 -0.103750E+03 -0.136620E+03 -0.756956E+02 -0.700642E+02 +0.199031E+02 +0.000000E+00 +0.000000E+00 -0.126456E-02 -0.106995E-03 +0.000000E+00 +0.756317E-03 +0.000000E+00 +0.000000E+00
 +0.130720E+01 -0.103760E+03 -0.136587E+03 -0.755695E+02 -0.700115E+02 +0.198252E+02 +0.000000E+00 +0.000000E+00 -0.126493E-02 -0.105602E-03 +0.000000E+00 +0.753359E-03 +0.000000E+00 +0.000000E+00
 +0.130720E+01 -0.103770E+03 -0.136553E+03 -0.754435E+02 -0.699588E+02 +0.197474E+02 +0.000000E+00 +0.000000E+00 -0.126529E-02 -0.104208E-03 +0.000000E+00 +0.750402E-03 +0.000000E+00 +0.000000E+00
 +0.130720E+01 -0.103780E+03 -0.136519E+03 -0.753175E+02 -0.699062E+02 +0.196696E+02 +0.000000E+00 +0.000000E+00 -0.126565E-02 -0.102815E-03 +0.000000E+00 +0.747444E-03 +0.000000E+00 +0.000000E+00
 +0.130720E+01 -0.103790E+03 -0.136486E+03 -0.751914E+02 -0.698535E+02 +0.195917E+02 +0.000000E+00 +0.000000E+00 -0.126601E-02 -0.101421E-03 +0.000000E+00 +0.744486E-03 +0.000000E+00 +0.000000E+00
 +0.130720E+01 -0.103800E+03 -0.136452E+03 -0.750654E+02 -0.698008E+02 +0.195139E+02 +0.000000E+00 +0.000000E+00 -0.126638E-02 -0.100028E-03 +0.000000E+00 +0.741528E-03 +0.000000E+00 +0.000000E+00
 +0.130720E+01 -0.103810E+03 -0.136419E+03 -0.749394E+02 -0.697481E+02 +0.194361E+02 +0.000000E+00 +0.000000E+00 -0.126674E-02 -0.986343E-04 +0.000000E+00 +0.738571E-03 +0.000000E+00 +0.000000E+00
 +0.130720E+01 -0.103820E+03 -0.136385E+03 -0.748134E+02 -0.696954E+02 +0.193582E+02 +0.000000E+00 +0.000000E+00 -0.126710E-02 -0.972408E-04 +0.000000E+00 +0.735613E-03 +0.000000E+00 +0.000000E+00
 +0.130720E+01 -0.103830E+03 -0.136351E+03 -0.746873E+02 -0.696427E+02 +0.192804E+02 +0.000000E+00 +0.000000E+00 -0.126746E-02 -0.958473E-04 +0.000000E+00 +0.732655E-03 +0.000000E+00 +0.000000E+00
 +0.130720E+01 -0.103840E+03 -0.136318E+03 -0.745613E+02 -0.695900E+02 +0.192026E+02 +0.000000E+00 +0.000000E+00 -0.126782E-02 -0.944538E-04 +0.000000E+00 +0.729698E-03 +0.000000E+00 +0.000000E+00
 +0.130720E+01 -0.103850E+03 -0.136284E+03 -0.744353E+02 -0.695374E+02 +0.191247E+02 +0.000000E+00 +0.000000E+00 -0.126819E-02 -0.930602E-04 +0.000000E+00 +0.726740E-03 +0.000000E+00 +0.000000E+00
 +0.130720E+01 -0.103860E+03 -0.136250E+03 -0.743092E+02 -0.694847E+02 +0.190469E+02 +0.000000E+00 +0.000000E+00 -0.126855E-02 -0.916667E-04 +0.000000E+00 +0.723782E-03 +0.000000E+00 +0.000000E+00
 +0.130720E+01 -0.103870E+03 -0.136217E+03 -0.741832E+02 -0.694320E+02 +0.189691E+02 +0.000000E+00 +0.000000E+00 -0.126891E-02 -0.902732E-04 +0.000000E+00 +0.720825E-03 +0.000000E+00 +0.000000E+00
 +0.130720E+01 -0.103880E+03 -0.136183E+03 -0.740572E+02 -0.693793E+02 +0.188912E+02 +0.000000E+00 +0.000000E+00 -0.126927E-02 -0.888797E-04 +0.000000E+00 +0.717867E-03 +0.000000E+00 +0.000000E+00
 +0.130720E+01 -0.103890E+03 -0.136150E+03 -0.739312E+02 -0.693266E+02 +0.188134E+02 +0.000000E+00 +0.000000E+00 -0.126964E-02 -0.874862E-04 +0.000000E+00 +0.714909E-03 +0.000000E+00 +0.000000E+00
 +0.130720E+01 -0.103900E+03 -0.136116E+03 -0.738051E+02 -0.692739E+02 +0.187356E+02 +0.000000E+00 +0.000000E+00 -0.127000E-02 -0.860926E-04 +0.000000E+00 +0.711952E-03 +0.000000E+00 +0.000000E+00
 +0.130720E+01 -0.103910E+03 -0.136082E+03 -0.736791E+02 -0.692213E+02 +0.186577E+02 +0.000000E+00 +0.000000E+00 -0.127036E-02 -0.846991E-04 +0.000000E+00 +0.708994E-03 +0.000000E+00 +0.000000E+00
 +0.130720E+01 -0.103920E+03 -0.136049E+03 -0.735531E+02 -0.691686E+02 +0.185799E+02 +0.000000E+00 +0.000000E+00 -0.127072E-02 -0.833056E-04 +0.000000E+00 +0.706036E-03 +0.000000E+00 +0.000000E+00
 +0.130720E+01 -0.103930E+03 -0.136002E+03 -0.734232E+02 -0.691104E+02 +0.184781E+02 +0.000000E+00 +0.000000E+00 -0.127095E-02 -0.819430E-04 +0.000000E+00 +0.702167E-03 +0.000000E+00 +0.000000E+00
 +0.130720E+01 -0.103940E+03 -0.135954E+03 -0.732926E+02 -0.690512E+02 +0.183717E+02 +0.000000E+00 +0.000000E+00 -0.127114E-02 -0.805863E-04 +0.000000E+00 +0.698125E-03 +0.000000E+00 +0.000000E+00
 +0.130720E+01 -0.103950E+03 -0.135905E+03 -0.731620E+02 -0.689920E+02 +0.182654E+02 +0.000000E+00 +0.000000E+00 -0.127134E-02 -0.792296E-04 +0.000000E+00 +0.694083E-03 +0.000000E+00 +0.000000E+00
 +0.130720E+01 -0.103960E+03 -0.135856E+03 -0.730314E+02 -0.689328E+02 +0.181590E+02 +0.000000E+00 +0.000000E+00 -0.127154E-02 -0.778729E-04 +0.000000E+00 +0.690042E-03 +0.000000E+00 +0.000000E+00
 +0.130720E+01 -0.103970E+03 -0.135807E+03 -0.729008E+02 -0.688736E+02 +0.180526E+02 +0.000000E+00 +0.000000E+00 -0.127174E-02 -0.765162E-04 +0.000000E+00 +0.686000E-03 +0.000000E+00 +0.000000E+00
 +0.130720E+01 -0.103980E+03 -0.135758E+03 -0.727702E+02 -0.688144E+02 +0.179463E+02 +0.000000E+00 +0.000000E+00 -0.127194E-02 -0.751595E-04 +0.000000E+00 +0.681958E-03 +0.000000E+00 +0.000000E+00
 +0.130720E+01 -0.103990E+03 -0.135710E+03 -0.726396E+02 -0.687553E+02 +0.178399E+02 +0.000000E+00 +0.000000E+00 -0.127213E-02 -0.738027E-04 +0.000000E+00 +0.677916E-03 +0.000000E+00 +0.000000E+00
 +0.130720E+01 -0.104000E+03 -0.135661E+03 -0.725090E+02 -0.686961E+02 +0.177335E+02 +0.000000E+00 +0.000000E+00 -0.127233E-02 -0.724460E-04 +0.000000E+00 +0.673874E-03 +0.000000E+00 +0.000000E+00
 +0.130720E+01 -0.104010E+03 -0.135612E+03 -0.723784E+02 -0.686369E+02 +0.176272E+02 +0.000000E+00 +0.000000E+00 -0.127253E-02 -0.710893E-04 +0.000000E+00 +0.669832E-03 +0.000000E+00 +0.000000E+00
 +0.130720E+01 -0.104020E+03 -0.135563E+03 -0.722478E+02 -0.685777E+02 +0.175208E+02 +0.000000E+00 +0.000000E+00 -0.127273E-02 -0.697326E-04 +0.000000E+00 +0.665790E-03 +0.000000E+00 +0.000000E+00
 +0.130720E+01 -0.104030E+03 -0.135515E+03 -0.721172E+02 -0.685185E+02 +0.174144E+02 +0.000000E+00 +0.000000E+00 -0.127293E-02 -0.683759E-04 +0.000000E+00 +0.661749E-03 +0.000000E+00 +0.000000E+00
 +0.130720E+01 -0.104040E+03 -0.135466E+03 -0.719866E+02 -0.684593E+02 +0.173081E+02 +0.000000E+00 +0.000000E+00 -0.127312E-02 -0.670192E-04 +0.000000E+00 +0.657707E-03 +0.000000E+00 +0.000000E+00
 +0.130720E+01 -0.104050E+03 -0.135417E+03 -0.718560E+02 -0.684001E+02 +0.172017E+02 +0.000000E+00 +0.000000E+00 -0.127332E-02 -0.656625E-04 +0.000000E+00 +0.653665E-03 +0.000000E+00 +0.000000E+00
 +0.130720E+01 -0.104060E+03 -0.135368E+03 -0.717254E+02 -0.683409E+02 +0.170953E+02 +0.000000E+00 +0.000000E+00 -0.127352E-02 -0.643058E-04 +0.000000E+00 +0.649623E-03 +0.000000E+00 +0.000000E+00
 +0.130720E+01 -0.104070E+03 -0.135319E+03 -0.715948E+02 -0.682817E+02 +0.169890E+02 +0.000000E+00 +0.000000E+00 -0.127372E-02 -0.629490E-04 +0.000000E+00 +0.645581E-03 +0.000000E+00 +0.000000E+00
 +0.130720E+01 -0.104080E+03 -0.135271E+03 -0.714642E+02 -0.682225E+02 +0.168826E+02 +0.000000E+00 +0.000000E+00 -0.127392E-02 -0.615923E-04 +0.000000E+00 +0.641539E-03 +0.000000E+00 +0.000000E+00
 +0.130720E+01 -0.104090E+03 -0.135222E+03 -0.713336E+02 -0.681633E+02 +0.167762E+02 +0.000000E+00 +0.000000E+00 -0.127411E-02 -0.602356E-04 +0.000000E+00 +0.637497E-03 +0.000000E+00 +0.000000E+00
 +0.130720E+01 -0.104100E+03 -0.135173E+03 -0.712030E+02 -0.681041E+02 +0.166699E+02 +0.000000E+00 +0.000000E+00 -0.127431E-02 -0.588789E-04 +0.000000E+00 +0.633456E-03 +0.000000E+00 +0.000000E+00
 +0.130720E+01 -0.104110E+03 -0.135124E+03 -0.710724E+02 -0.680449E+02 +0.165635E+02 +0.000000E+00 +0.000000E+00 -0.127451E-02 -0.575222E-04 +0.000000E+00 +0.629414E-03 +0.000000E+00 +0.000000E+00
 +0.130720E+01 -0.104120E+03 -0.135076E+03 -0.709418E+02 -0.679857E+02 +0.164572E+02 +0.000000E+00 +0.000000E+00 -0.127471E-02 -0.561655E-04 +0.000000E+00 +0.625372E-03 +0.000000E+00 +0.000000E+00
 +0.130720E+01 -0.104130E+03 -0.135027E+03 -0.708112E+02 -0.679266E+02 +0.163508E+02 +0.000000E+00 +0.000000E+00 -0.127490E-02 -0.548088E-04 +0.000000E+00 +0.621330E-03 +0.000000E+00 +0.000000E+00
 +0.130720E+01 -0.104140E+03 -0.134978E+03 -0.706806E+02 -0.678674E+02 +0.162444E+02 +0.000000E+00 +0.000000E+00 -0.127510E-02 -0.534521E-04 +0.000000E+00 +0.617288E-03 +0.000000E+00 +0.000000E+00
 +0.130720E+01 -0.104150E+03 -0.134929E+03 -0.705500E+02 -0.678082E+02 +0.161381E+02 +0.000000E+00 +0.000000E+00 -0.127530E-02 -0.520954E-04 +0.000000E+00 +0.613246E-03 +0.000000E+00 +0.000000E+00
 +0.130720E+01 -0.104160E+03 -0.134880E+03 -0.704194E+02 -0.677490E+02 +0.160317E+02 +0.000000E+00 +0.000000E+00 -0.127550E-02 -0.507386E-04 +0.000000E+00 +0.609204E-03 +0.000000E+00 +0.000000E+00
 +0.130720E+01 -0.104170E+03 -0.134832E+03 -0.702888E+02 -0.676898E+02 +0.159253E+02 +0.000000E+00 +0.000000E+00 -0.127570E-02 -0.493819E-04 +0.000000E+00 +0.605163E-03 +0.000000E+00 +0.000000E+00
 +0.130720E+01 -0.104180E+03 -0.134783E+03 -0.701582E+02 -0.676306E+02 +0.158190E+02 +0.000000E+00 +0.000000E+00 -0.127589E-02 -0.480252E-04 +0.000000E+00 +0.601121E-03 +0.000000E+00 +0.000000E+00
 +0.130720E+01 -0.104190E+03 -0.134757E+03 -0.701023E+02 -0.676034E+02 +0.157438E+02 +0.000000E+00 +0.000000E+00 -0.127591E-02 -0.474784E-04 +0.000000E+00 +0.598265E-03 +0.000000E+00 +0.000000E+00
 +0.130720E+01 -0.104200E+03 -0.134730E+03 -0.700470E+02 -0.675766E+02 +0.156689E+02 +0.000000E+00 +0.000000E+00 -0.127592E-02 -0.469379E-04 +0.000000E+00 +0.595419E-03 +0.000000E+00 +0.000000E+00
 +0.130720E+01 -0.104210E+03 -0.134704E+03 -0.699916E+02 -0.675497E+02 +0.155940E+02 +0.000000E+00 +0.000000E+00 -0.127594E-02 -0.463974E-04 +0.000000E+00 +0.592573E-03 +0.000000E+00 +0.000000E+00
 +0.130720E+01 -0.104220E+03 -0.134678E+03 -0.699363E+02 -0.675228E+02 +0.155191E+02 +0.000000E+00 +0.000000E+00 -0.127595E-02 -0.458568E-04 +0.000000E+00 +0.589726E-03 +0.000000E+00 +0.000000E+00
 +0.130720E+01 -0.104230E+03 -0.134652E+03 -0.698809E+02 -0.674959E+02 +0.154442E+02 +0.000000E+00 +0.000000E+00 -0.127597E-02 -0.453163E-04 +0.000000E+00 +0.586880E-03 +0.000000E+00 +0.000000E+00
 +0.130720E+01 -0.104240E+03 -0.134626E+03 -0.698256E+02 -0.674690E+02 +0.153693E+02 +0.000000E+00 +0.000000E+00 -0.127598E-02 -0.447758E-04 +0.000000E+00 +0.584034E-03 +0.000000E+00 +0.000000E+00
 +0.130720E+01 -0.104250E+03 -0.134600E+03 -0.697702E+02 -0.674421E+02 +0.152944E+02 +0.000000E+00 +0.000000E+00 -0.127599E-02 -0.442353E-04 +0.000000E+00 +0.581187E-03 +0.000000E+00 +0.000000E+00
 +0.130720E+01 -0.104260E+03 -0.134574E+03 -0.697149E+02 -0.674152E+02 +0.152195E+02 +0.000000E+00 +0.000000E+00 -0.127601E-02 -0.436947E-04 +0.000000E+00 +0.578341E-03 +0.000000E+00 +0.000000E+00
 +0.130720E+01 -0.104270E+03 -0.134547E+03 -0.696596E+02 -0.673883E+02 +0.151446E+02 +0.000000E+00 +0.000000E+00 -0.127602E-02 -0.431542E-04 +0.000000E+00 +0.575495E-03 +0.000000E+00 +0.000000E+00
 +0.130720E+01 -0.104280E+03 -0.134521E+03 -0.696042E+02 -0.673614E+02 +0.150697E+02 +0.000000E+00 +0.000000E+00 -0.127604E-02 -0.426137E-04 +0.000000E+00 +0.572649E-03 +0.000000E+00 +0.000000E+00
 +0.130720E+01 -0.104290E+03 -0.134495E+03 -0.695489E+02 -0.673345E+02 +0.149948E+02 +0.000000E+00 +0.000000E+00 -0.127605E-02 -0.420732E-04 +0.000000E+00 +0.569802E-03 +0.000000E+00 +0.000000E+00
 +0.130720E+01 -0.104300E+03 -0.134469E+03 -0.694935E+02 -0.673076E+02 +0.149199E+02 +0.000000E+00 +0.000000E+00 -0.127606E-02 -0.415327E-04 +0.000000E+00 +0.566956E-03 +0.000000E+00 +0.000000E+00
 +0.130720E+01 -0.104310E+03 -0.134443E+03 -0.694382E+02 -0.672807E+02 +0.148450E+02 +0.000000E+00 +0.000000E+00 -0.127608E-02 -0.409921E-04 +0.000000E+00 +0.564110E-03 +0.000000E+00 +0.000000E+00
 +0.130720E+01 -0.104320E+03 -0.134417E+03 -0.693828E+02 -0.672538E+02 +0.147701E+02 +0.000000E+00 +0.000000E+00 -0.127609E-02 -0.404516E-04 +0.000000E+00 +0.561263E-03 +0.000000E+00 +0.000000E+00
 +0.130720E+01 -0.104330E+03 -0.134390E+03 -0.693275E+02 -0.672269E+02 +0.146952E+02 +0.000000E+00 +0.000000E+00 -0.127611E-02 -0.399111E-04 +0.000000E+00 +0.558417E-03 +0.000000E+00 +0.000000E+00
 +0.130720E+01 -0.104340E+03 -0.134364E+03 -0.692722E+02 -0.672000E+02 +0.146203E+02 +0.000000E+00 +0.000000E+00 -0.127612E-02 -0.393706E-04 +0.000000E+00 +0.555571E-03 +0.000000E+00 +0.000000E+00
 +0.130720E+01 -0.104350E+03 -0.134338E+03 -0.692168E+02 -0.671731E+02 +0.145454E+02 +0.000000E+00 +0.000000E+00 -0.127613E-02 -0.388300E-04 +0.000000E+00 +0.552724E-03 +0.000000E+00 +0.000000E+00
 +0.130720E+01 -0.104360E+03 -0.134312E+03 -0.691615E+02 -0.671462E+02 +0.144705E+02 +0.000000E+00 +0.000000E+00 -0.127615E-02 -0.382895E-04 +0.000000E+00 +0.549878E-03 +0.000000E+00 +0.000000E+00
 +0.130720E+01 -0.104370E+03 -0.134286E+03 -0.691061E+02 -0.671193E+02 +0.143956E+02 +0.000000E+00 +0.000000E+00 -0.127616E-02 -0.377490E-04 +0.000000E+00 +0.547032E-03 +0.000000E+00 +0.000000E+00
 +0.130720E+01 -0.104380E+03 -0.134260E+03 -0.690508E+02 -0.670924E+02 +0.143207E+02 +0.000000E+00 +0.000000E+00 -0.127618E-02 -0.372085E-04 +0.000000E+00 +0.544186E-03 +0.000000E+00 +0.000000E+00
 +0.130720E+01 -0.104390E+03 -0.134233E+03 -0.689954E+02 -0.670655E+02 +0.142458E+02 +0.000000E+00 +0.000000E+00 -0.127619E-02 -0.366680E-04 +0.000000E+00 +0.541339E-03 +0.000000E+00 +0.000000E+00
 +0.130720E+01 -0.104400E+03 -0.134227E+03 -0.689120E+02 -0.670360E+02 +0.141778E+02 +0.000000E+00 +0.000000E+00 -0.127664E-02 -0.356444E-04 +0.000000E+00 +0.538755E-03 +0.000000E+00 +0.000000E+00
 +0.130720E+01 -0.104410E+03 -0.134227E+03 -0.688205E+02 -0.670056E+02 +0.141117E+02 +0.000000E+00 +0.000000E+00 -0.127720E-02 -0.344829E-04 +0.000000E+00 +0.536245E-03 +0.000000E+00 +0.000000E+00
 +0.130720E+01 -0.104420E+03 -0.134226E+03 -0.687290E+02 -0.669753E+02 +0.140457E+02 +0.000000E+00 +0.000000E+00 -0.127777E-02 -0.333214E-04 +0.000000E+00 +0.533736E-03 +0.000000E+00 +0.000000E+00
 +0.130720E+01 -0.104430E+03 -0.134226E+03 -0.686376E+02 -0.669449E+02 +0.139796E+02 +0.000000E+00 +0.000000E+00 -0.127834E-02 -0.321600E-04 +0.000000E+00 +0.531226E-03 +0.000000E+00 +0.000000E+00
 +0.130720E+01 -0.104440E+03 -0.134225E+03 -0.685461E+02 -0.669146E+02 +0.139136E+02 +0.000000E+00 +0.000000E+00 -0.127891E-02 -0.309985E-04 +0.000000E+00 +0.528716E-03 +0.000000E+00 +0.000000E+00
 +0.130720E+01 -0.104450E+03 -0.134225E+03 -0.684546E+02 -0.668843E+02 +0.138475E+02 +0.000000E+00 +0.000000E+00 -0.127947E-02 -0.298370E-04 +0.000000E+00 +0.526207E-03 +0.000000E+00 +0.000000E+00
 +0.130720E+01 -0.104460E+03 -0.134224E+03 -0.683632E+02 -0.668539E+02 +0.137815E+02 +0.000000E+00 +0.000000E+00 -0.128004E-02 -0.286756E-04 +0.000000E+00 +0.523697E-03 +0.000000E+00 +0.000000E+00
 +0.130720E+01 -0.104470E+03 -0.134224E+03 -0.682717E+02 -0.668236E+02 +0.137155E+02 +0.000000E+00 +0.000000E+00 -0.128061E-02 -0.275141E-04 +0.000000E+00 +0.521187E-03 +0.000000E+00 +0.000000E+00
 +0.130720E+01 -0.104480E+03 -0.134224E+03 -0.681802E+02 -0.667932E+02 +0.136494E+02 +0.000000E+00 +0.000000E+00 -0.128118E-02 -0.263526E-04 +0.000000E+00 +0.518678E-03 +0.000000E+00 +0.000000E+00
 +0.130720E+01 -0.104490E+03 -0.134223E+03 -0.680887E+02 -0.667629E+02 +0.135834E+02 +0.000000E+00 +0.000000E+00 -0.128174E-02 -0.251912E-04 +0.000000E+00 +0.516168E-03 +0.000000E+00 +0.000000E+00
 +0.130720E+01 -0.104500E+03 -0.134223E+03 -0.679973E+02 -0.667326E+02 +0.135173E+02 +0.000000E+00 +0.000000E+00 -0.128231E-02 -0.240297E-04 +0.000000E+00 +0.513658E-03 +0.000000E+00 +0.000000E+00
 +0.130720E+01 -0.104510E+03 -0.134222E+03 -0.679058E+02 -0.667022E+02 +0.134513E+02 +0.000000E+00 +0.000000E+00 -0.128288E-02 -0.228682E-04 +0.000000E+00 +0.511149E-03 +0.000000E+00 +0.000000E+00
 +0.130720E+01 -0.104520E+03 -0.134222E+03 -0.678143E+02 -0.666719E+02 +0.133852E+02 +0.000000E+00 +0.000000E+00 -0.128345E-02 -0.217068E-04 +0.000000E+00 +0.508639E-03 +0.000000E+00 +0.000000E+00
 +0.130720E+01 -0.104530E+03 -0.134221E+03 -0.677229E+02 -0.666415E+02 +0.133192E+02 +0.000000E+00 +0.000000E+00 -0.128401E-02 -0.205453E-04 +0.000000E+00 +0.506129E-03 +0.000000E+00 +0.000000E+00
 +0.130720E+01 -0.104540E+03 -0.134221E+03 -0.676314E+02 -0.666112E+02 +0.132531E+02 +0.000000E+00 +0.000000E+00 -0.128458E-02 -0.193838E-04 +0.000000E+00 +0.503620E-03 +0.000000E+00 +0.000000E+00
 +0.130720E+01 -0.104550E+03 -0.134220E+03 -0.675399E+02 -0.665808E+02 +0.131871E+02 +0.000000E+00 +0.000000E+00 -0.128515E-02 -0.182224E-04 +0.000000E+00 +0.501110E-03 +0.000000E+00 +0.000000E+00
 +0.130720E+01 -0.104560E+03 -0.134220E+03 -0.674484E+02 -0.665505E+02 +0.131211E+02 +0.000000E+00 +0.000000E+00 -0.128572E-02 -0.170609E-04 +0.000000E+00 +0.498600E-03 +0.000000E+00 +0.000000E+00
 +0.130720E+01 -0.104570E+03 -0.134219E+03 -0.673570E+02 -0.665202E+02 +0.130550E+02 +0.000000E+00 +0.000000E+00 -0.128628E-02 -0.158994E-04 +0.000000E+00 +0.496091E-03 +0.000000E+00 +0.000000E+00
 +0.130720E+01 -0.104580E+03 -0.134210E+03 -0.672689E+02 -0.664879E+02 +0.129958E+02 +0.000000E+00 +0.000000E+00 -0.128671E-02 -0.148400E-04 +0.000000E+00 +0.493841E-03 +0.000000E+00 +0.000000E+00
 +0.130720E+01 -0.104590E+03 -0.134185E+03 -0.671864E+02 -0.664526E+02 +0.129475E+02 +0.000000E+00 +0.000000E+00 -0.128692E-02 -0.139430E-04 +0.000000E+00 +0.492005E-03 +0.000000E+00 +0.000000E+00
 +0.130720E+01 -0.104600E+03 -0.134161E+03 -0.671039E+02 -0.664173E+02 +0.128992E+02 +0.000000E+00 +0.000000E+00 -0.128712E-02 -0.130460E-04 +0.000000E+00 +0.490170E-03 +0.000000E+00 +0.000000E+00
 +0.130720E+01 -0.104610E+03 -0.134136E+03 -0.670214E+02 -0.663820E+02 +0.128509E+02 +0.000000E+00 +0.000000E+00 -0.128733E-02 -0.121490E-04 +0.000000E+00 +0.488334E-03 +0.000000E+00 +0.000000E+00
 +0.130720E+01 -0.104620E+03 -0.134112E+03 -0.669388E+02 -0.663466E+02 +0.128026E+02 +0.000000E+00 +0.000000E+00 -0.128753E-02 -0.112520E-04 +0.000000E+00 +0.486498E-03 +0.000000E+00 +0.000000E+00
 +0.130720E+01 -0.104630E+03 -0.134087E+03 -0.668563E+02 -0.663113E+02 +0.127543E+02 +0.000000E+00 +0.000000E+00 -0.128774E-02 -0.103550E-04 +0.000000E+00 +0.484663E-03 +0.000000E+00 +0.000000E+00
 +0.130720E+01 -0.104640E+03 -0.134063E+03 -0.667738E+02 -0.662760E+02 +0.127060E+02 +0.000000E+00 +0.000000E+00 -0.128794E-02 -0.945801E-05 +0.000000E+00 +0.482827E-03 +0.000000E+00 +0.000000E+00
 +0.130720E+01 -0.104650E+03 -0.134038E+03 -0.666913E+02 -0.662407E+02 +0.126577E+02 +0.000000E+00 +0.000000E+00 -0.128815E-02 -0.856102E-05 +0.000000E+00 +0.480991E-03 +0.000000E+00 +0.000000E+00
 +0.130720E+01 -0.104660E+03 -0.134014E+03 -0.666087E+02 -0.662054E+02 +0.126094E+02 +0.000000E+00 +0.000000E+00 -0.128836E-02 -0.766403E-05 +0.000000E+00 +0.479156E-03 +0.000000E+00 +0.000000E+00
 +0.130720E+01 -0.104670E+03 -0.133989E+03 -0.665262E+02 -0.661701E+02 +0.125611E+02 +0.000000E+00 +0.000000E+00 -0.128856E-02 -0.676704E-05 +0.000000E+00 +0.477320E-03 +0.000000E+00 +0.000000E+00
 +0.130720E+01 -0.104680E+03 -0.133965E+03 -0.664437E+02 -0.661347E+02 +0.125127E+02 +0.000000E+00 +0.000000E+00 -0.128877E-02 -0.587005E-05 +0.000000E+00 +0.475484E-03 +0.000000E+00 +0.000000E+00
 +0.130720E+01 -0.104690E+03 -0.133940E+03 -0.663612E+02 -0.660994E+02 +0.124644E+02 +0.000000E+00 +0.000000E+00 -0.128897E-02 -0.497306E-05 +0.000000E+00 +0.473649E-03 +0.000000E+00 +0.000000E+00
 +0.130720E+01 -0.104700E+03 -0.133916E+03 -0.662786E+02 -0.660641E+02 +0.124161E+02 +0.000000E+00 +0.000000E+00 -0.128918E-02 -0.407607E-05 +0.000000E+00 +0.471813E-03 +0.000000E+00 +0.000000E+00
 +0.130720E+01 -0.104710E+03 -0.133891E+03 -0.661961E+02 -0.660288E+02 +0.123678E+02 +0.000000E+00 +0.000000E+00 -0.128938E-02 -0.317908E-05 +0.000000E+00 +0.469977E-03 +0.000000E+00 +0.000000E+00
 +0.130720E+01 -0.104720E+03 -0.133867E+03 -0.661136E+02 -0.659935E+02 +0.123195E+02 +0.000000E+00 +0.000000E+00 -0.128959E-02 -0.228209E-05 +0.000000E+00 +0.468142E-03 +0.000000E+00 +0.000000E+00
 +0.130720E+01 -0.104730E+03 -0.133842E+03 -0.660311E+02 -0.659582E+02 +0.122712E+02 +0.000000E+00 +0.000000E+00 -0.128980E-02 -0.138510E-05 +0.000000E+00 +0.466306E-03 +0.000000E+00 +0.000000E+00
 +0.130720E+01 -0.104740E+03 -0.133818E+03 -0.659485E+02 -0.659228E+02 +0.122229E+02 +0.000000E+00 +0.000000E+00 -0.129000E-02 -0.488106E-06 +0.000000E+00 +0.464470E-03 +0.000000E+00 +0.000000E+00
 +0.130720E+01 -0.104750E+03 -0.133793E+03 -0.658660E+02 -0.658875E+02 +0.121746E+02 +0.000000E+00 +0.000000E+00 -0.129021E-02 +0.408884E-06 +0.000000E+00 +0.462635E-03 +0.000000E+00 +0.000000E+00
 +0.130720E+01 -0.104760E+03 -0.133769E+03 -0.657835E+02 -0.658522E+02 +0.121263E+02 +0.000000E+00 +0.000000E+00 -0.129041E-02 +0.130587E-05 +0.000000E+00 +0.460799E-03 +0.000000E+00 +0.000000E+00
 +0.130720E+01 -0.104770E+03 -0.133744E+03 -0.657009E+02 -0.658169E+02 +0.120780E+02 +0.000000E+00 +0.000000E+00 -0.129062E-02 +0.220286E-05 +0.000000E+00 +0.458963E-03 +0.000000E+00 +0.000000E+00
 +0.130720E+01 -0.104780E+03 -0.133720E+03 -0.656184E+02 -0.657816E+02 +0.120297E+02 +0.000000E+00 +0.000000E+00 -0.129082E-02 +0.309985E-05 +0.000000E+00 +0.457128E-03 +0.000000E+00 +0.000000E+00
 +0.130720E+01 -0.104790E+03 -0.133695E+03 -0.655359E+02 -0.657463E+02 +0.119814E+02 +0.000000E+00 +0.000000E+00 -0.129103E-02 +0.399684E-05 +0.000000E+00 +0.455292E-03 +0.000000E+00 +0.000000E+00
 +0.130720E+01 -0.104800E+03 -0.133671E+03 -0.654534E+02 -0.657109E+02 +0.119331E+02 +0.000000E+00 +0.000000E+00 -0.129124E-02 +0.489384E-05 +0.000000E+00 +0.453456E-03 +0.000000E+00 +0.000000E+00
 +0.130720E+01 -0.104810E+03 -0.133646E+03 -0.653708E+02 -0.656756E+02 +0.118848E+02 +0.000000E+00 +0.000000E+00 -0.129144E-02 +0.579083E-05 +0.000000E+00 +0.451621E-03 +0.000000E+00 +0.000000E+00
 +0.130720E+01 -0.104820E+03 -0.133622E+03 -0.652883E+02 -0.656403E+02 +0.118364E+02 +0.000000E+00 +0.000000E+00 -0.129165E-02 +0.668782E-05 +0.000000E+00 +0.449785E-03 +0.000000E+00 +0.000000E+00
 +0.130720E+01 -0.104830E+03 -0.133597E+03 -0.652058E+02 -0.656050E+02 +0.117881E+02 +0.000000E+00 +0.000000E+00 -0.129185E-02 +0.758481E-05 +0.000000E+00 +0.447949E-03 +0.000000E+00 +0.000000E+00
 +0.130720E+01 -0.104840E+03 -0.133573E+03 -0.651233E+02 -0.655697E+02 +0.117398E+02 +0.000000E+00 +0.000000E+00 -0.129206E-02 +0.848180E-05 +0.000000E+00 +0.446114E-03 +0.000000E+00 +0.000000E+00
 +0.130720E+01 -0.104850E+03 -0.133548E+03 -0.650407E+02 -0.655344E+02 +0.116915E+02 +0.000000E+00 +0.000000E+00 -0.129226E-02 +0.937879E-05 +0.000000E+00 +0.444278E-03 +0.000000E+00 +0.000000E+00
 +0.130720E+01 -0.104860E+03 -0.133524E+03 -0.649582E+02 -0.654990E+02 +0.116432E+02 +0.000000E+00 +0.000000E+00 -0.129247E-02 +0.102758E-04 +0.000000E+00 +0.442442E-03 +0.000000E+00 +0.000000E+00
 +0.130720E+01 -0.104870E+03 -0.133499E+03 -0.648757E+02 -0.654637E+02 +0.115949E+02 +0.000000E+00 +0.000000E+00 -0.129267E-02 +0.111728E-04 +0.000000E+00 +0.440607E-03 +0.000000E+00 +0.000000E+00
 +0.130720E+01 -0.104880E+03 -0.133475E+03 -0.647932E+02 -0.654284E+02 +0.115466E+02 +0.000000E+00 +0.000000E+00 -0.129288E-02 +0.120698E-04 +0.000000E+00 +0.438771E-03 +0.000000E+00 +0.000000E+00
 +0.130720E+01 -0.104890E+03 -0.133450E+03 -0.647106E+02 -0.653931E+02 +0.114983E+02 +0.000000E+00 +0.000000E+00 -0.129309E-02 +0.129667E-04 +0.000000E+00 +0.436936E-03 +0.000000E+00 +0.000000E+00
 +0.130720E+01 -0.104900E+03 -0.133426E+03 -0.646281E+02 -0.653578E+02 +0.114500E+02 +0.000000E+00 +0.000000E+00 -0.129329E-02 +0.138637E-04 +0.000000E+00 +0.435100E-03 +0.000000E+00 +0.000000E+00
 +0.130720E+01 -0.104910E+03 -0.133401E+03 -0.645456E+02 -0.653225E+02 +0.114017E+02 +0.000000E+00 +0.000000E+00 -0.129350E-02 +0.147607E-04 +0.000000E+00 +0.433264E-03 +0.000000E+00 +0.000000E+00
 +0.130720E+01 -0.104920E+03 -0.133377E+03 -0.644630E+02 -0.652871E+02 +0.113534E+02 +0.000000E+00 +0.000000E+00 -0.129370E-02 +0.156577E-04 +0.000000E+00 +0.431429E-03 +0.000000E+00 +0.000000E+00
 +0.130720E+01 -0.104930E+03 -0.133352E+03 -0.643805E+02 -0.652518E+02 +0.113051E+02 +0.000000E+00 +0.000000E+00 -0.129391E-02 +0.165547E-04 +0.000000E+00 +0.429593E-03 +0.000000E+00 +0.000000E+00
 +0.130720E+01 -0.104940E+03 -0.133328E+03 -0.642980E+02 -0.652165E+02 +0.112568E+02 +0.000000E+00 +0.000000E+00 -0.129411E-02 +0.174517E-04 +0.000000E+00 +0.427757E-03 +0.000000E+00 +0.000000E+00
 +0.130720E+01 -0.104950E+03 -0.133303E+03 -0.642155E+02 -0.651812E+02 +0.112085E+02 +0.000000E+00 +0.000000E+00 -0.129432E-02 +0.183487E-04 +0.000000E+00 +0.425922E-03 +0.000000E+00 +0.000000E+00
 +0.130720E+01 -0.104960E+03 -0.133279E+03 -0.641329E+02 -0.651459E+02 +0.111602E+02 +0.000000E+00 +0.000000E+00 -0.129453E-02 +0.192457E-04 +0.000000E+00 +0.424086E-03 +0.000000E+00 +0.000000E+00
 +0.130720E+01 -0.104970E+03 -0.133254E+03 -0.640504E+02 -0.651106E+02 +0.111118E+02 +0.000000E+00 +0.000000E+00 -0.129473E-02 +0.201427E-04 +0.000000E+00 +0.422250E-03 +0.000000E+00 +0.000000E+00
 +0.130720E+01 -0.104980E+03 -0.133230E+03 -0.639679E+02 -0.650752E+02 +0.110635E+02 +0.000000E+00 +0.000000E+00 -0.129494E-02 +0.210397E-04 +0.000000E+00 +0.420415E-03 +0.000000E+00 +0.000000E+00
 +0.130720E+01 -0.104990E+03 -0.133205E+03 -0.638854E+02 -0.650399E+02 +0.110152E+02 +0.000000E+00 +0.000000E+00 -0.129514E-02 +0.219366E-04 +0.000000E+00 +0.418579E-03 +0.000000E+00 +0.000000E+00
