%X Y s_xx s_yy s_zz s_xy s_xz s_yz e_xx e_yy e_zz e_xy e_xz e_yz
 +0.163894E+01 -0.100000E+03 +0.265445E+03 -0.127759E+02 +0.833809E+02 -0.458142E+01 +0.000000E+00 +0.000000E+00 +0.345922E-02 -0.182698E-02 +0.000000E+00 -0.174094E-03 +0.000000E+00 +0.000000E+00
 +0.163894E+01 -0.100010E+03 +0.245161E+03 -0.562711E+01 +0.790462E+02 -0.798880E+01 +0.000000E+00 +0.000000E+00 +0.315618E-02 -0.160879E-02 +0.000000E+00 -0.303574E-03 +0.000000E+00 +0.000000E+00
 +0.163894E+01 -0.100020E+03 +0.224877E+03 +0.151036E+01 +0.747077E+02 -0.113923E+02 +0.000000E+00 +0.000000E+00 +0.285321E-02 -0.139075E-02 +0.000000E+00 -0.432909E-03 +0.000000E+00 +0.000000E+00
 +0.163894E+01 -0.100030E+03 +0.204591E+03 -0.105172E+00 +0.674804E+02 -0.118217E+02 +0.000000E+00 +0.000000E+00 +0.260511E-02 -0.128413E-02 +0.000000E+00 -0.449226E-03 +0.000000E+00 +0.000000E+00
 +0.163894E+01 -0.100040E+03 +0.184321E+03 -0.171988E+01 +0.602584E+02 -0.122460E+02 +0.000000E+00 +0.000000E+00 +0.235719E-02 -0.117759E-02 +0.000000E+00 -0.465347E-03 +0.000000E+00 +0.000000E+00
 +0.163894E+01 -0.100050E+03 +0.169959E+03 -0.301638E+01 +0.550910E+02 -0.106720E+02 +0.000000E+00 +0.000000E+00 +0.218249E-02 -0.110404E-02 +0.000000E+00 -0.405536E-03 +0.000000E+00 +0.000000E+00
 +0.163894E+01 -0.100060E+03 +0.155609E+03 -0.431318E+01 +0.499275E+02 -0.909664E+01 +0.000000E+00 +0.000000E+00 +0.200794E-02 -0.103057E-02 +0.000000E+00 -0.345672E-03 +0.000000E+00 +0.000000E+00
 +0.163894E+01 -0.100070E+03 +0.144451E+03 -0.568611E+01 +0.457924E+02 -0.716233E+01 +0.000000E+00 +0.000000E+00 +0.187451E-02 -0.978092E-03 +0.000000E+00 -0.272169E-03 +0.000000E+00 +0.000000E+00
 +0.163894E+01 -0.100080E+03 +0.133305E+03 -0.705941E+01 +0.416609E+02 -0.522703E+01 +0.000000E+00 +0.000000E+00 +0.174123E-02 -0.925687E-03 +0.000000E+00 -0.198627E-03 +0.000000E+00 +0.000000E+00
 +0.163894E+01 -0.100090E+03 +0.124353E+03 -0.850106E+01 +0.382312E+02 -0.310044E+01 +0.000000E+00 +0.000000E+00 +0.163632E-02 -0.887913E-03 +0.000000E+00 -0.117817E-03 +0.000000E+00 +0.000000E+00
 +0.163894E+01 -0.100100E+03 +0.115412E+03 -0.994306E+01 +0.348047E+02 -0.973784E+00 +0.000000E+00 +0.000000E+00 +0.153154E-02 -0.850208E-03 +0.000000E+00 -0.370038E-04 +0.000000E+00 +0.000000E+00
 +0.163894E+01 -0.100110E+03 +0.108067E+03 -0.114380E+02 +0.318876E+02 +0.116414E+01 +0.000000E+00 +0.000000E+00 +0.144741E-02 -0.823187E-03 +0.000000E+00 +0.442372E-04 +0.000000E+00 +0.000000E+00
 +0.163894E+01 -0.100120E+03 +0.100732E+03 -0.129332E+02 +0.289735E+02 +0.330166E+01 +0.000000E+00 +0.000000E+00 +0.136341E-02 -0.796228E-03 +0.000000E+00 +0.125463E-03 +0.000000E+00 +0.000000E+00
 +0.163894E+01 -0.100130E+03 +0.946204E+02 -0.144593E+02 +0.264532E+02 +0.538819E+01 +0.000000E+00 +0.000000E+00 +0.129518E-02 -0.777337E-03 +0.000000E+00 +0.204751E-03 +0.000000E+00 +0.000000E+00
 +0.163894E+01 -0.100140E+03 +0.885179E+02 -0.159855E+02 +0.239357E+02 +0.747385E+01 +0.000000E+00 +0.000000E+00 +0.122706E-02 -0.758503E-03 +0.000000E+00 +0.284006E-03 +0.000000E+00 +0.000000E+00
 +0.163894E+01 -0.100150E+03 +0.833765E+02 -0.175215E+02 +0.217322E+02 +0.946445E+01 +0.000000E+00 +0.000000E+00 +0.117124E-02 -0.745819E-03 +0.000000E+00 +0.359649E-03 +0.000000E+00 +0.000000E+00
 +0.163894E+01 -0.100160E+03 +0.782433E+02 -0.190574E+02 +0.195313E+02 +0.114539E+02 +0.000000E+00 +0.000000E+00 +0.111553E-02 -0.733186E-03 +0.000000E+00 +0.435248E-03 +0.000000E+00 +0.000000E+00
 +0.163894E+01 -0.100170E+03 +0.738796E+02 -0.205848E+02 +0.175873E+02 +0.133308E+02 +0.000000E+00 +0.000000E+00 +0.106955E-02 -0.725270E-03 +0.000000E+00 +0.506570E-03 +0.000000E+00 +0.000000E+00
 +0.163894E+01 -0.100180E+03 +0.695233E+02 -0.221120E+02 +0.156457E+02 +0.152063E+02 +0.000000E+00 +0.000000E+00 +0.102367E-02 -0.717397E-03 +0.000000E+00 +0.577839E-03 +0.000000E+00 +0.000000E+00
 +0.163894E+01 -0.100190E+03 +0.657917E+02 -0.236166E+02 +0.139178E+02 +0.169619E+02 +0.000000E+00 +0.000000E+00 +0.985604E-03 -0.713153E-03 +0.000000E+00 +0.644554E-03 +0.000000E+00 +0.000000E+00
 +0.163894E+01 -0.100200E+03 +0.620667E+02 -0.251207E+02 +0.121922E+02 +0.187160E+02 +0.000000E+00 +0.000000E+00 +0.947616E-03 -0.708945E-03 +0.000000E+00 +0.711209E-03 +0.000000E+00 +0.000000E+00
 +0.163894E+01 -0.100210E+03 +0.588546E+02 -0.265919E+02 +0.106467E+02 +0.203511E+02 +0.000000E+00 +0.000000E+00 +0.915950E-03 -0.707533E-03 +0.000000E+00 +0.773342E-03 +0.000000E+00 +0.000000E+00
 +0.163894E+01 -0.100220E+03 +0.556487E+02 -0.280624E+02 +0.910347E+01 +0.219845E+02 +0.000000E+00 +0.000000E+00 +0.884359E-03 -0.706152E-03 +0.000000E+00 +0.835413E-03 +0.000000E+00 +0.000000E+00
 +0.163894E+01 -0.100230E+03 +0.528683E+02 -0.294930E+02 +0.771386E+01 +0.235036E+02 +0.000000E+00 +0.000000E+00 +0.857935E-03 -0.706930E-03 +0.000000E+00 +0.893137E-03 +0.000000E+00 +0.000000E+00
 +0.163894E+01 -0.100240E+03 +0.500936E+02 -0.309229E+02 +0.632634E+01 +0.250210E+02 +0.000000E+00 +0.000000E+00 +0.831577E-03 -0.707735E-03 +0.000000E+00 +0.950798E-03 +0.000000E+00 +0.000000E+00
 +0.163894E+01 -0.100250E+03 +0.476753E+02 -0.323084E+02 +0.507109E+01 +0.264309E+02 +0.000000E+00 +0.000000E+00 +0.809480E-03 -0.710210E-03 +0.000000E+00 +0.100437E-02 +0.000000E+00 +0.000000E+00
 +0.163894E+01 -0.100260E+03 +0.452622E+02 -0.336931E+02 +0.381780E+01 +0.278390E+02 +0.000000E+00 +0.000000E+00 +0.787444E-03 -0.712707E-03 +0.000000E+00 +0.105788E-02 +0.000000E+00 +0.000000E+00
 +0.163894E+01 -0.100270E+03 +0.431504E+02 -0.350312E+02 +0.267934E+01 +0.291474E+02 +0.000000E+00 +0.000000E+00 +0.768951E-03 -0.716501E-03 +0.000000E+00 +0.110760E-02 +0.000000E+00 +0.000000E+00
 +0.163894E+01 -0.100280E+03 +0.410434E+02 -0.363685E+02 +0.154272E+01 +0.304540E+02 +0.000000E+00 +0.000000E+00 +0.750513E-03 -0.720313E-03 +0.000000E+00 +0.115725E-02 +0.000000E+00 +0.000000E+00
 +0.163894E+01 -0.100290E+03 +0.391932E+02 -0.376584E+02 +0.506510E+00 +0.316687E+02 +0.000000E+00 +0.000000E+00 +0.735048E-03 -0.725133E-03 +0.000000E+00 +0.120341E-02 +0.000000E+00 +0.000000E+00
 +0.163894E+01 -0.100300E+03 +0.373474E+02 -0.389473E+02 -0.527957E+00 +0.328817E+02 +0.000000E+00 +0.000000E+00 +0.719632E-03 -0.729968E-03 +0.000000E+00 +0.124950E-02 +0.000000E+00 +0.000000E+00
 +0.163894E+01 -0.100310E+03 +0.357223E+02 -0.401891E+02 -0.147405E+01 +0.340102E+02 +0.000000E+00 +0.000000E+00 +0.706730E-03 -0.735586E-03 +0.000000E+00 +0.129239E-02 +0.000000E+00 +0.000000E+00
 +0.163894E+01 -0.100320E+03 +0.341012E+02 -0.414299E+02 -0.241850E+01 +0.351371E+02 +0.000000E+00 +0.000000E+00 +0.693874E-03 -0.741217E-03 +0.000000E+00 +0.133521E-02 +0.000000E+00 +0.000000E+00
 +0.163894E+01 -0.100330E+03 +0.326710E+02 -0.426246E+02 -0.328470E+01 +0.361866E+02 +0.000000E+00 +0.000000E+00 +0.683158E-03 -0.747459E-03 +0.000000E+00 +0.137509E-02 +0.000000E+00 +0.000000E+00
 +0.163894E+01 -0.100340E+03 +0.312445E+02 -0.438183E+02 -0.414934E+01 +0.372345E+02 +0.000000E+00 +0.000000E+00 +0.672484E-03 -0.753710E-03 +0.000000E+00 +0.141491E-02 +0.000000E+00 +0.000000E+00
 +0.163894E+01 -0.100350E+03 +0.299844E+02 -0.449672E+02 -0.494433E+01 +0.382114E+02 +0.000000E+00 +0.000000E+00 +0.663646E-03 -0.760435E-03 +0.000000E+00 +0.145203E-02 +0.000000E+00 +0.000000E+00
 +0.163894E+01 -0.100360E+03 +0.287278E+02 -0.461151E+02 -0.573783E+01 +0.391868E+02 +0.000000E+00 +0.000000E+00 +0.654847E-03 -0.767169E-03 +0.000000E+00 +0.148910E-02 +0.000000E+00 +0.000000E+00
 +0.163894E+01 -0.100370E+03 +0.276169E+02 -0.472200E+02 -0.646902E+01 +0.400971E+02 +0.000000E+00 +0.000000E+00 +0.647633E-03 -0.774269E-03 +0.000000E+00 +0.152369E-02 +0.000000E+00 +0.000000E+00
 +0.163894E+01 -0.100380E+03 +0.265093E+02 -0.483238E+02 -0.719881E+01 +0.410059E+02 +0.000000E+00 +0.000000E+00 +0.640453E-03 -0.781376E-03 +0.000000E+00 +0.155822E-02 +0.000000E+00 +0.000000E+00
 +0.163894E+01 -0.100390E+03 +0.255301E+02 -0.493864E+02 -0.787259E+01 +0.418549E+02 +0.000000E+00 +0.000000E+00 +0.634651E-03 -0.788763E-03 +0.000000E+00 +0.159049E-02 +0.000000E+00 +0.000000E+00
 +0.163894E+01 -0.100400E+03 +0.245540E+02 -0.504480E+02 -0.854503E+01 +0.427025E+02 +0.000000E+00 +0.000000E+00 +0.628881E-03 -0.796157E-03 +0.000000E+00 +0.162269E-02 +0.000000E+00 +0.000000E+00
 +0.163894E+01 -0.100410E+03 +0.236917E+02 -0.514702E+02 -0.916692E+01 +0.434950E+02 +0.000000E+00 +0.000000E+00 +0.624313E-03 -0.803763E-03 +0.000000E+00 +0.165281E-02 +0.000000E+00 +0.000000E+00
 +0.163894E+01 -0.100420E+03 +0.228322E+02 -0.524914E+02 -0.978755E+01 +0.442860E+02 +0.000000E+00 +0.000000E+00 +0.619775E-03 -0.811374E-03 +0.000000E+00 +0.168287E-02 +0.000000E+00 +0.000000E+00
 +0.163894E+01 -0.100430E+03 +0.220740E+02 -0.534752E+02 -0.103624E+02 +0.450263E+02 +0.000000E+00 +0.000000E+00 +0.616291E-03 -0.819143E-03 +0.000000E+00 +0.171100E-02 +0.000000E+00 +0.000000E+00
 +0.163894E+01 -0.100440E+03 +0.213185E+02 -0.544578E+02 -0.109360E+02 +0.457652E+02 +0.000000E+00 +0.000000E+00 +0.612835E-03 -0.826915E-03 +0.000000E+00 +0.173908E-02 +0.000000E+00 +0.000000E+00
 +0.163894E+01 -0.100450E+03 +0.206534E+02 -0.554049E+02 -0.114680E+02 +0.464572E+02 +0.000000E+00 +0.000000E+00 +0.610307E-03 -0.834801E-03 +0.000000E+00 +0.176537E-02 +0.000000E+00 +0.000000E+00
 +0.163894E+01 -0.100460E+03 +0.199909E+02 -0.563509E+02 -0.119988E+02 +0.471478E+02 +0.000000E+00 +0.000000E+00 +0.607805E-03 -0.842690E-03 +0.000000E+00 +0.179161E-02 +0.000000E+00 +0.000000E+00
 +0.163894E+01 -0.100470E+03 +0.194096E+02 -0.572631E+02 -0.124916E+02 +0.477948E+02 +0.000000E+00 +0.000000E+00 +0.606124E-03 -0.850657E-03 +0.000000E+00 +0.181620E-02 +0.000000E+00 +0.000000E+00
 +0.163894E+01 -0.100480E+03 +0.188306E+02 -0.581742E+02 -0.129834E+02 +0.484405E+02 +0.000000E+00 +0.000000E+00 +0.604466E-03 -0.858626E-03 +0.000000E+00 +0.184074E-02 +0.000000E+00 +0.000000E+00
 +0.163894E+01 -0.100490E+03 +0.183248E+02 -0.590531E+02 -0.134404E+02 +0.490458E+02 +0.000000E+00 +0.000000E+00 +0.603538E-03 -0.866643E-03 +0.000000E+00 +0.186374E-02 +0.000000E+00 +0.000000E+00
 +0.163894E+01 -0.100500E+03 +0.178211E+02 -0.599311E+02 -0.138963E+02 +0.496498E+02 +0.000000E+00 +0.000000E+00 +0.602631E-03 -0.874661E-03 +0.000000E+00 +0.188669E-02 +0.000000E+00 +0.000000E+00
 +0.163894E+01 -0.100510E+03 +0.173835E+02 -0.607784E+02 -0.143203E+02 +0.502161E+02 +0.000000E+00 +0.000000E+00 +0.602372E-03 -0.882703E-03 +0.000000E+00 +0.190821E-02 +0.000000E+00 +0.000000E+00
 +0.163894E+01 -0.100520E+03 +0.169479E+02 -0.616247E+02 -0.147433E+02 +0.507812E+02 +0.000000E+00 +0.000000E+00 +0.602134E-03 -0.890746E-03 +0.000000E+00 +0.192969E-02 +0.000000E+00 +0.000000E+00
 +0.163894E+01 -0.100530E+03 +0.165721E+02 -0.624419E+02 -0.151370E+02 +0.513111E+02 +0.000000E+00 +0.000000E+00 +0.602474E-03 -0.898792E-03 +0.000000E+00 +0.194982E-02 +0.000000E+00 +0.000000E+00
 +0.163894E+01 -0.100540E+03 +0.161983E+02 -0.632581E+02 -0.155297E+02 +0.518398E+02 +0.000000E+00 +0.000000E+00 +0.602833E-03 -0.906839E-03 +0.000000E+00 +0.196991E-02 +0.000000E+00 +0.000000E+00
 +0.163894E+01 -0.100550E+03 +0.158788E+02 -0.640465E+02 -0.158954E+02 +0.523356E+02 +0.000000E+00 +0.000000E+00 +0.603709E-03 -0.914872E-03 +0.000000E+00 +0.198875E-02 +0.000000E+00 +0.000000E+00
 +0.163894E+01 -0.100560E+03 +0.155611E+02 -0.648340E+02 -0.162601E+02 +0.528302E+02 +0.000000E+00 +0.000000E+00 +0.604602E-03 -0.922905E-03 +0.000000E+00 +0.200755E-02 +0.000000E+00 +0.000000E+00
 +0.163894E+01 -0.100570E+03 +0.152928E+02 -0.655951E+02 -0.165998E+02 +0.532939E+02 +0.000000E+00 +0.000000E+00 +0.605958E-03 -0.930912E-03 +0.000000E+00 +0.202517E-02 +0.000000E+00 +0.000000E+00
 +0.163894E+01 -0.100580E+03 +0.150262E+02 -0.663552E+02 -0.169386E+02 +0.537566E+02 +0.000000E+00 +0.000000E+00 +0.607331E-03 -0.938916E-03 +0.000000E+00 +0.204275E-02 +0.000000E+00 +0.000000E+00
 +0.163894E+01 -0.100590E+03 +0.148047E+02 -0.670902E+02 -0.172542E+02 +0.541902E+02 +0.000000E+00 +0.000000E+00 +0.609119E-03 -0.946883E-03 +0.000000E+00 +0.205923E-02 +0.000000E+00 +0.000000E+00
 +0.163894E+01 -0.100600E+03 +0.145848E+02 -0.678241E+02 -0.175690E+02 +0.546228E+02 +0.000000E+00 +0.000000E+00 +0.610921E-03 -0.954848E-03 +0.000000E+00 +0.207567E-02 +0.000000E+00 +0.000000E+00
 +0.163894E+01 -0.100610E+03 +0.144060E+02 -0.685341E+02 -0.178623E+02 +0.550281E+02 +0.000000E+00 +0.000000E+00 +0.613097E-03 -0.962764E-03 +0.000000E+00 +0.209107E-02 +0.000000E+00 +0.000000E+00
 +0.163894E+01 -0.100620E+03 +0.142288E+02 -0.692430E+02 -0.181547E+02 +0.554323E+02 +0.000000E+00 +0.000000E+00 +0.615286E-03 -0.970678E-03 +0.000000E+00 +0.210643E-02 +0.000000E+00 +0.000000E+00
 +0.163894E+01 -0.100630E+03 +0.140892E+02 -0.699291E+02 -0.184272E+02 +0.558108E+02 +0.000000E+00 +0.000000E+00 +0.617810E-03 -0.978536E-03 +0.000000E+00 +0.212081E-02 +0.000000E+00 +0.000000E+00
 +0.163894E+01 -0.100640E+03 +0.139510E+02 -0.706141E+02 -0.186988E+02 +0.561883E+02 +0.000000E+00 +0.000000E+00 +0.620347E-03 -0.986391E-03 +0.000000E+00 +0.213515E-02 +0.000000E+00 +0.000000E+00
 +0.163894E+01 -0.100650E+03 +0.138474E+02 -0.712772E+02 -0.189519E+02 +0.565415E+02 +0.000000E+00 +0.000000E+00 +0.623185E-03 -0.994182E-03 +0.000000E+00 +0.214858E-02 +0.000000E+00 +0.000000E+00
 +0.163894E+01 -0.100660E+03 +0.137451E+02 -0.719394E+02 -0.192041E+02 +0.568937E+02 +0.000000E+00 +0.000000E+00 +0.626035E-03 -0.100197E-02 +0.000000E+00 +0.216196E-02 +0.000000E+00 +0.000000E+00
 +0.163894E+01 -0.100670E+03 +0.136744E+02 -0.725806E+02 -0.194390E+02 +0.572230E+02 +0.000000E+00 +0.000000E+00 +0.629156E-03 -0.100969E-02 +0.000000E+00 +0.217447E-02 +0.000000E+00 +0.000000E+00
 +0.163894E+01 -0.100680E+03 +0.136051E+02 -0.732208E+02 -0.196732E+02 +0.575513E+02 +0.000000E+00 +0.000000E+00 +0.632287E-03 -0.101740E-02 +0.000000E+00 +0.218695E-02 +0.000000E+00 +0.000000E+00
 +0.163894E+01 -0.100690E+03 +0.135648E+02 -0.738409E+02 -0.198911E+02 +0.578579E+02 +0.000000E+00 +0.000000E+00 +0.635662E-03 -0.102505E-02 +0.000000E+00 +0.219860E-02 +0.000000E+00 +0.000000E+00
 +0.163894E+01 -0.100700E+03 +0.135257E+02 -0.744600E+02 -0.201083E+02 +0.581635E+02 +0.000000E+00 +0.000000E+00 +0.639047E-03 -0.103268E-02 +0.000000E+00 +0.221021E-02 +0.000000E+00 +0.000000E+00
 +0.163894E+01 -0.100710E+03 +0.135133E+02 -0.750598E+02 -0.203104E+02 +0.584486E+02 +0.000000E+00 +0.000000E+00 +0.642649E-03 -0.104024E-02 +0.000000E+00 +0.222105E-02 +0.000000E+00 +0.000000E+00
 +0.163894E+01 -0.100720E+03 +0.135021E+02 -0.756588E+02 -0.205117E+02 +0.587328E+02 +0.000000E+00 +0.000000E+00 +0.646262E-03 -0.104779E-02 +0.000000E+00 +0.223185E-02 +0.000000E+00 +0.000000E+00
 +0.163894E+01 -0.100730E+03 +0.135154E+02 -0.762391E+02 -0.206988E+02 +0.589974E+02 +0.000000E+00 +0.000000E+00 +0.650070E-03 -0.105527E-02 +0.000000E+00 +0.224190E-02 +0.000000E+00 +0.000000E+00
 +0.163894E+01 -0.100740E+03 +0.135298E+02 -0.768186E+02 -0.208853E+02 +0.592611E+02 +0.000000E+00 +0.000000E+00 +0.653887E-03 -0.106273E-02 +0.000000E+00 +0.225192E-02 +0.000000E+00 +0.000000E+00
 +0.163894E+01 -0.100750E+03 +0.135668E+02 -0.773802E+02 -0.210584E+02 +0.595064E+02 +0.000000E+00 +0.000000E+00 +0.657879E-03 -0.107011E-02 +0.000000E+00 +0.226124E-02 +0.000000E+00 +0.000000E+00
 +0.163894E+01 -0.100760E+03 +0.136048E+02 -0.779409E+02 -0.212309E+02 +0.597507E+02 +0.000000E+00 +0.000000E+00 +0.661879E-03 -0.107749E-02 +0.000000E+00 +0.227053E-02 +0.000000E+00 +0.000000E+00
 +0.163894E+01 -0.100770E+03 +0.136637E+02 -0.784845E+02 -0.213909E+02 +0.599774E+02 +0.000000E+00 +0.000000E+00 +0.666036E-03 -0.108478E-02 +0.000000E+00 +0.227914E-02 +0.000000E+00 +0.000000E+00
 +0.163894E+01 -0.100780E+03 +0.137235E+02 -0.790272E+02 -0.215502E+02 +0.602032E+02 +0.000000E+00 +0.000000E+00 +0.670201E-03 -0.109206E-02 +0.000000E+00 +0.228772E-02 +0.000000E+00 +0.000000E+00
 +0.163894E+01 -0.100790E+03 +0.138024E+02 -0.795534E+02 -0.216978E+02 +0.604123E+02 +0.000000E+00 +0.000000E+00 +0.674505E-03 -0.109926E-02 +0.000000E+00 +0.229567E-02 +0.000000E+00 +0.000000E+00
 +0.163894E+01 -0.100800E+03 +0.138824E+02 -0.800787E+02 -0.218448E+02 +0.606206E+02 +0.000000E+00 +0.000000E+00 +0.678816E-03 -0.110644E-02 +0.000000E+00 +0.230358E-02 +0.000000E+00 +0.000000E+00
 +0.163894E+01 -0.100810E+03 +0.139799E+02 -0.805880E+02 -0.219807E+02 +0.608129E+02 +0.000000E+00 +0.000000E+00 +0.683251E-03 -0.111354E-02 +0.000000E+00 +0.231089E-02 +0.000000E+00 +0.000000E+00
 +0.163894E+01 -0.100820E+03 +0.140783E+02 -0.810966E+02 -0.221160E+02 +0.610043E+02 +0.000000E+00 +0.000000E+00 +0.687692E-03 -0.112063E-02 +0.000000E+00 +0.231816E-02 +0.000000E+00 +0.000000E+00
 +0.163894E+01 -0.100830E+03 +0.141930E+02 -0.815897E+02 -0.222409E+02 +0.611806E+02 +0.000000E+00 +0.000000E+00 +0.692244E-03 -0.112763E-02 +0.000000E+00 +0.232486E-02 +0.000000E+00 +0.000000E+00
 +0.163894E+01 -0.100840E+03 +0.143085E+02 -0.820820E+02 -0.223653E+02 +0.613560E+02 +0.000000E+00 +0.000000E+00 +0.696801E-03 -0.113462E-02 +0.000000E+00 +0.233153E-02 +0.000000E+00 +0.000000E+00
 +0.163894E+01 -0.100850E+03 +0.144389E+02 -0.825595E+02 -0.224798E+02 +0.615170E+02 +0.000000E+00 +0.000000E+00 +0.701456E-03 -0.114151E-02 +0.000000E+00 +0.233765E-02 +0.000000E+00 +0.000000E+00
 +0.163894E+01 -0.100860E+03 +0.145702E+02 -0.830361E+02 -0.225938E+02 +0.616772E+02 +0.000000E+00 +0.000000E+00 +0.706115E-03 -0.114841E-02 +0.000000E+00 +0.234373E-02 +0.000000E+00 +0.000000E+00
 +0.163894E+01 -0.100870E+03 +0.147152E+02 -0.834985E+02 -0.226985E+02 +0.618235E+02 +0.000000E+00 +0.000000E+00 +0.710860E-03 -0.115520E-02 +0.000000E+00 +0.234929E-02 +0.000000E+00 +0.000000E+00
 +0.163894E+01 -0.100880E+03 +0.148610E+02 -0.839599E+02 -0.228027E+02 +0.619691E+02 +0.000000E+00 +0.000000E+00 +0.715609E-03 -0.116199E-02 +0.000000E+00 +0.235483E-02 +0.000000E+00 +0.000000E+00
 +0.163894E+01 -0.100890E+03 +0.150194E+02 -0.844076E+02 -0.228981E+02 +0.621015E+02 +0.000000E+00 +0.000000E+00 +0.720433E-03 -0.116868E-02 +0.000000E+00 +0.235986E-02 +0.000000E+00 +0.000000E+00
 +0.163894E+01 -0.100900E+03 +0.151786E+02 -0.848544E+02 -0.229930E+02 +0.622331E+02 +0.000000E+00 +0.000000E+00 +0.725261E-03 -0.117537E-02 +0.000000E+00 +0.236486E-02 +0.000000E+00 +0.000000E+00
 +0.163894E+01 -0.100910E+03 +0.153494E+02 -0.852879E+02 -0.230797E+02 +0.623521E+02 +0.000000E+00 +0.000000E+00 +0.730153E-03 -0.118196E-02 +0.000000E+00 +0.236938E-02 +0.000000E+00 +0.000000E+00
 +0.163894E+01 -0.100920E+03 +0.155209E+02 -0.857205E+02 -0.231659E+02 +0.624704E+02 +0.000000E+00 +0.000000E+00 +0.735048E-03 -0.118854E-02 +0.000000E+00 +0.237388E-02 +0.000000E+00 +0.000000E+00
 +0.163894E+01 -0.100930E+03 +0.157031E+02 -0.861402E+02 -0.232442E+02 +0.625767E+02 +0.000000E+00 +0.000000E+00 +0.739999E-03 -0.119502E-02 +0.000000E+00 +0.237791E-02 +0.000000E+00 +0.000000E+00
 +0.163894E+01 -0.100940E+03 +0.158859E+02 -0.865590E+02 -0.233221E+02 +0.626822E+02 +0.000000E+00 +0.000000E+00 +0.744952E-03 -0.120150E-02 +0.000000E+00 +0.238192E-02 +0.000000E+00 +0.000000E+00
 +0.163894E+01 -0.100950E+03 +0.160786E+02 -0.869653E+02 -0.233926E+02 +0.627762E+02 +0.000000E+00 +0.000000E+00 +0.749953E-03 -0.120788E-02 +0.000000E+00 +0.238549E-02 +0.000000E+00 +0.000000E+00
 +0.163894E+01 -0.100960E+03 +0.162718E+02 -0.873709E+02 -0.234627E+02 +0.628694E+02 +0.000000E+00 +0.000000E+00 +0.754956E-03 -0.121426E-02 +0.000000E+00 +0.238904E-02 +0.000000E+00 +0.000000E+00
 +0.163894E+01 -0.100970E+03 +0.164741E+02 -0.877642E+02 -0.235257E+02 +0.629517E+02 +0.000000E+00 +0.000000E+00 +0.759997E-03 -0.122053E-02 +0.000000E+00 +0.239217E-02 +0.000000E+00 +0.000000E+00
 +0.163894E+01 -0.100980E+03 +0.166770E+02 -0.881568E+02 -0.235883E+02 +0.630333E+02 +0.000000E+00 +0.000000E+00 +0.765041E-03 -0.122680E-02 +0.000000E+00 +0.239527E-02 +0.000000E+00 +0.000000E+00
 +0.163894E+01 -0.100990E+03 +0.168881E+02 -0.885376E+02 -0.236443E+02 +0.631044E+02 +0.000000E+00 +0.000000E+00 +0.770116E-03 -0.123297E-02 +0.000000E+00 +0.239797E-02 +0.000000E+00 +0.000000E+00
 +0.163894E+01 -0.101000E+03 +0.170997E+02 -0.889176E+02 -0.236999E+02 +0.631748E+02 +0.000000E+00 +0.000000E+00 +0.775193E-03 -0.123914E-02 +0.000000E+00 +0.240064E-02 +0.000000E+00 +0.000000E+00
 +0.163894E+01 -0.101010E+03 +0.173189E+02 -0.892862E+02 -0.237492E+02 +0.632351E+02 +0.000000E+00 +0.000000E+00 +0.780295E-03 -0.124520E-02 +0.000000E+00 +0.240293E-02 +0.000000E+00 +0.000000E+00
 +0.163894E+01 -0.101020E+03 +0.175387E+02 -0.896540E+02 -0.237981E+02 +0.632947E+02 +0.000000E+00 +0.000000E+00 +0.785398E-03 -0.125126E-02 +0.000000E+00 +0.240520E-02 +0.000000E+00 +0.000000E+00
 +0.163894E+01 -0.101030E+03 +0.177653E+02 -0.900107E+02 -0.238410E+02 +0.633448E+02 +0.000000E+00 +0.000000E+00 +0.790519E-03 -0.125723E-02 +0.000000E+00 +0.240710E-02 +0.000000E+00 +0.000000E+00
 +0.163894E+01 -0.101040E+03 +0.179924E+02 -0.903667E+02 -0.238835E+02 +0.633941E+02 +0.000000E+00 +0.000000E+00 +0.795642E-03 -0.126318E-02 +0.000000E+00 +0.240898E-02 +0.000000E+00 +0.000000E+00
 +0.163894E+01 -0.101050E+03 +0.182257E+02 -0.907119E+02 -0.239204E+02 +0.634342E+02 +0.000000E+00 +0.000000E+00 +0.800777E-03 -0.126904E-02 +0.000000E+00 +0.241050E-02 +0.000000E+00 +0.000000E+00
 +0.163894E+01 -0.101060E+03 +0.184595E+02 -0.910563E+02 -0.239569E+02 +0.634737E+02 +0.000000E+00 +0.000000E+00 +0.805913E-03 -0.127489E-02 +0.000000E+00 +0.241200E-02 +0.000000E+00 +0.000000E+00
 +0.163894E+01 -0.101070E+03 +0.186991E+02 -0.913903E+02 -0.239881E+02 +0.635044E+02 +0.000000E+00 +0.000000E+00 +0.811057E-03 -0.128064E-02 +0.000000E+00 +0.241317E-02 +0.000000E+00 +0.000000E+00
 +0.163894E+01 -0.101080E+03 +0.189390E+02 -0.917236E+02 -0.240189E+02 +0.635344E+02 +0.000000E+00 +0.000000E+00 +0.816201E-03 -0.128639E-02 +0.000000E+00 +0.241431E-02 +0.000000E+00 +0.000000E+00
 +0.163894E+01 -0.101090E+03 +0.191842E+02 -0.920466E+02 -0.240446E+02 +0.635560E+02 +0.000000E+00 +0.000000E+00 +0.821347E-03 -0.129204E-02 +0.000000E+00 +0.241513E-02 +0.000000E+00 +0.000000E+00
 +0.163894E+01 -0.101100E+03 +0.194297E+02 -0.923690E+02 -0.240700E+02 +0.635770E+02 +0.000000E+00 +0.000000E+00 +0.826493E-03 -0.129768E-02 +0.000000E+00 +0.241593E-02 +0.000000E+00 +0.000000E+00
 +0.163894E+01 -0.101110E+03 +0.196799E+02 -0.926815E+02 -0.240905E+02 +0.635899E+02 +0.000000E+00 +0.000000E+00 +0.831638E-03 -0.130323E-02 +0.000000E+00 +0.241641E-02 +0.000000E+00 +0.000000E+00
 +0.163894E+01 -0.101120E+03 +0.199305E+02 -0.929932E+02 -0.241107E+02 +0.636021E+02 +0.000000E+00 +0.000000E+00 +0.836782E-03 -0.130877E-02 +0.000000E+00 +0.241688E-02 +0.000000E+00 +0.000000E+00
 +0.163894E+01 -0.101130E+03 +0.201853E+02 -0.932953E+02 -0.241263E+02 +0.636067E+02 +0.000000E+00 +0.000000E+00 +0.841920E-03 -0.131421E-02 +0.000000E+00 +0.241705E-02 +0.000000E+00 +0.000000E+00
 +0.163894E+01 -0.101140E+03 +0.204404E+02 -0.935967E+02 -0.241416E+02 +0.636106E+02 +0.000000E+00 +0.000000E+00 +0.847057E-03 -0.131965E-02 +0.000000E+00 +0.241720E-02 +0.000000E+00 +0.000000E+00
 +0.163894E+01 -0.101150E+03 +0.206993E+02 -0.938888E+02 -0.241525E+02 +0.636071E+02 +0.000000E+00 +0.000000E+00 +0.852185E-03 -0.132499E-02 +0.000000E+00 +0.241707E-02 +0.000000E+00 +0.000000E+00
 +0.163894E+01 -0.101160E+03 +0.209585E+02 -0.941802E+02 -0.241632E+02 +0.636030E+02 +0.000000E+00 +0.000000E+00 +0.857311E-03 -0.133032E-02 +0.000000E+00 +0.241692E-02 +0.000000E+00 +0.000000E+00
 +0.163894E+01 -0.101170E+03 +0.212211E+02 -0.944625E+02 -0.241697E+02 +0.635919E+02 +0.000000E+00 +0.000000E+00 +0.862424E-03 -0.133556E-02 +0.000000E+00 +0.241649E-02 +0.000000E+00 +0.000000E+00
 +0.163894E+01 -0.101180E+03 +0.214839E+02 -0.947440E+02 -0.241758E+02 +0.635801E+02 +0.000000E+00 +0.000000E+00 +0.867536E-03 -0.134080E-02 +0.000000E+00 +0.241605E-02 +0.000000E+00 +0.000000E+00
 +0.163894E+01 -0.101190E+03 +0.217498E+02 -0.950168E+02 -0.241781E+02 +0.635616E+02 +0.000000E+00 +0.000000E+00 +0.872630E-03 -0.134593E-02 +0.000000E+00 +0.241534E-02 +0.000000E+00 +0.000000E+00
 +0.163894E+01 -0.101200E+03 +0.220159E+02 -0.952888E+02 -0.241800E+02 +0.635425E+02 +0.000000E+00 +0.000000E+00 +0.877724E-03 -0.135107E-02 +0.000000E+00 +0.241462E-02 +0.000000E+00 +0.000000E+00
 +0.163894E+01 -0.101210E+03 +0.222847E+02 -0.955522E+02 -0.241783E+02 +0.635169E+02 +0.000000E+00 +0.000000E+00 +0.882797E-03 -0.135610E-02 +0.000000E+00 +0.241364E-02 +0.000000E+00 +0.000000E+00
 +0.163894E+01 -0.101220E+03 +0.225537E+02 -0.958149E+02 -0.241762E+02 +0.634907E+02 +0.000000E+00 +0.000000E+00 +0.887869E-03 -0.136114E-02 +0.000000E+00 +0.241265E-02 +0.000000E+00 +0.000000E+00
 +0.163894E+01 -0.101230E+03 +0.228251E+02 -0.960693E+02 -0.241706E+02 +0.634584E+02 +0.000000E+00 +0.000000E+00 +0.892918E-03 -0.136608E-02 +0.000000E+00 +0.241142E-02 +0.000000E+00 +0.000000E+00
 +0.163894E+01 -0.101240E+03 +0.230966E+02 -0.963230E+02 -0.241647E+02 +0.634254E+02 +0.000000E+00 +0.000000E+00 +0.897965E-03 -0.137101E-02 +0.000000E+00 +0.241017E-02 +0.000000E+00 +0.000000E+00
 +0.163894E+01 -0.101250E+03 +0.233701E+02 -0.965685E+02 -0.241555E+02 +0.633865E+02 +0.000000E+00 +0.000000E+00 +0.902986E-03 -0.137585E-02 +0.000000E+00 +0.240869E-02 +0.000000E+00 +0.000000E+00
 +0.163894E+01 -0.101260E+03 +0.236438E+02 -0.968133E+02 -0.241459E+02 +0.633471E+02 +0.000000E+00 +0.000000E+00 +0.908005E-03 -0.138068E-02 +0.000000E+00 +0.240719E-02 +0.000000E+00 +0.000000E+00
 +0.163894E+01 -0.101270E+03 +0.239193E+02 -0.970502E+02 -0.241332E+02 +0.633020E+02 +0.000000E+00 +0.000000E+00 +0.912997E-03 -0.138542E-02 +0.000000E+00 +0.240548E-02 +0.000000E+00 +0.000000E+00
 +0.163894E+01 -0.101280E+03 +0.241949E+02 -0.972864E+02 -0.241202E+02 +0.632564E+02 +0.000000E+00 +0.000000E+00 +0.917986E-03 -0.139016E-02 +0.000000E+00 +0.240374E-02 +0.000000E+00 +0.000000E+00
 +0.163894E+01 -0.101290E+03 +0.244719E+02 -0.975149E+02 -0.241042E+02 +0.632053E+02 +0.000000E+00 +0.000000E+00 +0.922946E-03 -0.139480E-02 +0.000000E+00 +0.240180E-02 +0.000000E+00 +0.000000E+00
 +0.163894E+01 -0.101300E+03 +0.247491E+02 -0.977427E+02 -0.240879E+02 +0.631537E+02 +0.000000E+00 +0.000000E+00 +0.927902E-03 -0.139944E-02 +0.000000E+00 +0.239984E-02 +0.000000E+00 +0.000000E+00
 +0.163894E+01 -0.101310E+03 +0.250274E+02 -0.979630E+02 -0.240687E+02 +0.630968E+02 +0.000000E+00 +0.000000E+00 +0.932827E-03 -0.140399E-02 +0.000000E+00 +0.239768E-02 +0.000000E+00 +0.000000E+00
 +0.163894E+01 -0.101320E+03 +0.253059E+02 -0.981826E+02 -0.240493E+02 +0.630395E+02 +0.000000E+00 +0.000000E+00 +0.937749E-03 -0.140853E-02 +0.000000E+00 +0.239550E-02 +0.000000E+00 +0.000000E+00
 +0.163894E+01 -0.101330E+03 +0.255853E+02 -0.983948E+02 -0.240271E+02 +0.629771E+02 +0.000000E+00 +0.000000E+00 +0.942637E-03 -0.141299E-02 +0.000000E+00 +0.239313E-02 +0.000000E+00 +0.000000E+00
 +0.163894E+01 -0.101340E+03 +0.258648E+02 -0.986064E+02 -0.240047E+02 +0.629143E+02 +0.000000E+00 +0.000000E+00 +0.947522E-03 -0.141743E-02 +0.000000E+00 +0.239075E-02 +0.000000E+00 +0.000000E+00
 +0.163894E+01 -0.101350E+03 +0.261451E+02 -0.988109E+02 -0.239797E+02 +0.628467E+02 +0.000000E+00 +0.000000E+00 +0.952371E-03 -0.142179E-02 +0.000000E+00 +0.238818E-02 +0.000000E+00 +0.000000E+00
 +0.163894E+01 -0.101360E+03 +0.264254E+02 -0.990147E+02 -0.239545E+02 +0.627787E+02 +0.000000E+00 +0.000000E+00 +0.957217E-03 -0.142614E-02 +0.000000E+00 +0.238559E-02 +0.000000E+00 +0.000000E+00
 +0.163894E+01 -0.101370E+03 +0.267062E+02 -0.992115E+02 -0.239267E+02 +0.627060E+02 +0.000000E+00 +0.000000E+00 +0.962027E-03 -0.143041E-02 +0.000000E+00 +0.238283E-02 +0.000000E+00 +0.000000E+00
 +0.163894E+01 -0.101380E+03 +0.269871E+02 -0.994077E+02 -0.238988E+02 +0.626329E+02 +0.000000E+00 +0.000000E+00 +0.966832E-03 -0.143467E-02 +0.000000E+00 +0.238005E-02 +0.000000E+00 +0.000000E+00
 +0.163894E+01 -0.101390E+03 +0.272683E+02 -0.995971E+02 -0.238685E+02 +0.625555E+02 +0.000000E+00 +0.000000E+00 +0.971600E-03 -0.143884E-02 +0.000000E+00 +0.237711E-02 +0.000000E+00 +0.000000E+00
 +0.163894E+01 -0.101400E+03 +0.275496E+02 -0.997858E+02 -0.238379E+02 +0.624776E+02 +0.000000E+00 +0.000000E+00 +0.976363E-03 -0.144301E-02 +0.000000E+00 +0.237415E-02 +0.000000E+00 +0.000000E+00
 +0.163894E+01 -0.101410E+03 +0.278310E+02 -0.999679E+02 -0.238052E+02 +0.623954E+02 +0.000000E+00 +0.000000E+00 +0.981087E-03 -0.144709E-02 +0.000000E+00 +0.237103E-02 +0.000000E+00 +0.000000E+00
 +0.163894E+01 -0.101420E+03 +0.281124E+02 -0.100149E+03 -0.237722E+02 +0.623129E+02 +0.000000E+00 +0.000000E+00 +0.985807E-03 -0.145117E-02 +0.000000E+00 +0.236789E-02 +0.000000E+00 +0.000000E+00
 +0.163894E+01 -0.101430E+03 +0.283938E+02 -0.100324E+03 -0.237371E+02 +0.622264E+02 +0.000000E+00 +0.000000E+00 +0.990486E-03 -0.145516E-02 +0.000000E+00 +0.236460E-02 +0.000000E+00 +0.000000E+00
 +0.163894E+01 -0.101440E+03 +0.286751E+02 -0.100499E+03 -0.237018E+02 +0.621394E+02 +0.000000E+00 +0.000000E+00 +0.995162E-03 -0.145914E-02 +0.000000E+00 +0.236130E-02 +0.000000E+00 +0.000000E+00
 +0.163894E+01 -0.101450E+03 +0.289563E+02 -0.100667E+03 -0.236645E+02 +0.620486E+02 +0.000000E+00 +0.000000E+00 +0.999795E-03 -0.146304E-02 +0.000000E+00 +0.235785E-02 +0.000000E+00 +0.000000E+00
 +0.163894E+01 -0.101460E+03 +0.292375E+02 -0.100834E+03 -0.236269E+02 +0.619575E+02 +0.000000E+00 +0.000000E+00 +0.100442E-02 -0.146694E-02 +0.000000E+00 +0.235438E-02 +0.000000E+00 +0.000000E+00
 +0.163894E+01 -0.101470E+03 +0.295183E+02 -0.100996E+03 -0.235875E+02 +0.618626E+02 +0.000000E+00 +0.000000E+00 +0.100901E-02 -0.147075E-02 +0.000000E+00 +0.235078E-02 +0.000000E+00 +0.000000E+00
 +0.163894E+01 -0.101480E+03 +0.297991E+02 -0.101156E+03 -0.235479E+02 +0.617674E+02 +0.000000E+00 +0.000000E+00 +0.101359E-02 -0.147456E-02 +0.000000E+00 +0.234716E-02 +0.000000E+00 +0.000000E+00
 +0.163894E+01 -0.101490E+03 +0.300794E+02 -0.101311E+03 -0.235064E+02 +0.616687E+02 +0.000000E+00 +0.000000E+00 +0.101813E-02 -0.147829E-02 +0.000000E+00 +0.234341E-02 +0.000000E+00 +0.000000E+00
 +0.163894E+01 -0.101500E+03 +0.303597E+02 -0.101465E+03 -0.234648E+02 +0.615696E+02 +0.000000E+00 +0.000000E+00 +0.102266E-02 -0.148201E-02 +0.000000E+00 +0.233965E-02 +0.000000E+00 +0.000000E+00
 +0.163894E+01 -0.101510E+03 +0.306394E+02 -0.101613E+03 -0.234214E+02 +0.614672E+02 +0.000000E+00 +0.000000E+00 +0.102715E-02 -0.148565E-02 +0.000000E+00 +0.233575E-02 +0.000000E+00 +0.000000E+00
 +0.163894E+01 -0.101520E+03 +0.309190E+02 -0.101761E+03 -0.233778E+02 +0.613644E+02 +0.000000E+00 +0.000000E+00 +0.103164E-02 -0.148928E-02 +0.000000E+00 +0.233185E-02 +0.000000E+00 +0.000000E+00
 +0.163894E+01 -0.101530E+03 +0.311978E+02 -0.101903E+03 -0.233326E+02 +0.612585E+02 +0.000000E+00 +0.000000E+00 +0.103608E-02 -0.149283E-02 +0.000000E+00 +0.232782E-02 +0.000000E+00 +0.000000E+00
 +0.163894E+01 -0.101540E+03 +0.314766E+02 -0.102044E+03 -0.232873E+02 +0.611522E+02 +0.000000E+00 +0.000000E+00 +0.104051E-02 -0.149638E-02 +0.000000E+00 +0.232378E-02 +0.000000E+00 +0.000000E+00
 +0.163894E+01 -0.101550E+03 +0.317546E+02 -0.102180E+03 -0.232404E+02 +0.610428E+02 +0.000000E+00 +0.000000E+00 +0.104490E-02 -0.149985E-02 +0.000000E+00 +0.231963E-02 +0.000000E+00 +0.000000E+00
 +0.163894E+01 -0.101560E+03 +0.320324E+02 -0.102315E+03 -0.231933E+02 +0.609332E+02 +0.000000E+00 +0.000000E+00 +0.104929E-02 -0.150331E-02 +0.000000E+00 +0.231546E-02 +0.000000E+00 +0.000000E+00
 +0.163894E+01 -0.101570E+03 +0.323093E+02 -0.102445E+03 -0.231447E+02 +0.608206E+02 +0.000000E+00 +0.000000E+00 +0.105363E-02 -0.150670E-02 +0.000000E+00 +0.231118E-02 +0.000000E+00 +0.000000E+00
 +0.163894E+01 -0.101580E+03 +0.325861E+02 -0.102574E+03 -0.230960E+02 +0.607077E+02 +0.000000E+00 +0.000000E+00 +0.105796E-02 -0.151008E-02 +0.000000E+00 +0.230689E-02 +0.000000E+00 +0.000000E+00
 +0.163894E+01 -0.101590E+03 +0.328619E+02 -0.102698E+03 -0.230459E+02 +0.605920E+02 +0.000000E+00 +0.000000E+00 +0.106225E-02 -0.151339E-02 +0.000000E+00 +0.230250E-02 +0.000000E+00 +0.000000E+00
 +0.163894E+01 -0.101600E+03 +0.331375E+02 -0.102821E+03 -0.229956E+02 +0.604761E+02 +0.000000E+00 +0.000000E+00 +0.106653E-02 -0.151669E-02 +0.000000E+00 +0.229809E-02 +0.000000E+00 +0.000000E+00
 +0.163894E+01 -0.101610E+03 +0.334120E+02 -0.102939E+03 -0.229440E+02 +0.603575E+02 +0.000000E+00 +0.000000E+00 +0.107076E-02 -0.151991E-02 +0.000000E+00 +0.229359E-02 +0.000000E+00 +0.000000E+00
 +0.163894E+01 -0.101620E+03 +0.336863E+02 -0.103057E+03 -0.228923E+02 +0.602386E+02 +0.000000E+00 +0.000000E+00 +0.107499E-02 -0.152313E-02 +0.000000E+00 +0.228907E-02 +0.000000E+00 +0.000000E+00
 +0.163894E+01 -0.101630E+03 +0.339594E+02 -0.103169E+03 -0.228393E+02 +0.601173E+02 +0.000000E+00 +0.000000E+00 +0.107918E-02 -0.152627E-02 +0.000000E+00 +0.228446E-02 +0.000000E+00 +0.000000E+00
 +0.163894E+01 -0.101640E+03 +0.342324E+02 -0.103281E+03 -0.227861E+02 +0.599956E+02 +0.000000E+00 +0.000000E+00 +0.108335E-02 -0.152941E-02 +0.000000E+00 +0.227983E-02 +0.000000E+00 +0.000000E+00
 +0.163894E+01 -0.101650E+03 +0.345041E+02 -0.103388E+03 -0.227318E+02 +0.598716E+02 +0.000000E+00 +0.000000E+00 +0.108748E-02 -0.153247E-02 +0.000000E+00 +0.227512E-02 +0.000000E+00 +0.000000E+00
 +0.163894E+01 -0.101660E+03 +0.347756E+02 -0.103495E+03 -0.226773E+02 +0.597473E+02 +0.000000E+00 +0.000000E+00 +0.109161E-02 -0.153553E-02 +0.000000E+00 +0.227040E-02 +0.000000E+00 +0.000000E+00
 +0.163894E+01 -0.101670E+03 +0.350458E+02 -0.103596E+03 -0.226217E+02 +0.596207E+02 +0.000000E+00 +0.000000E+00 +0.109568E-02 -0.153852E-02 +0.000000E+00 +0.226559E-02 +0.000000E+00 +0.000000E+00
 +0.163894E+01 -0.101680E+03 +0.353158E+02 -0.103698E+03 -0.225660E+02 +0.594939E+02 +0.000000E+00 +0.000000E+00 +0.109975E-02 -0.154150E-02 +0.000000E+00 +0.226077E-02 +0.000000E+00 +0.000000E+00
 +0.163894E+01 -0.101690E+03 +0.355843E+02 -0.103794E+03 -0.225092E+02 +0.593649E+02 +0.000000E+00 +0.000000E+00 +0.110378E-02 -0.154441E-02 +0.000000E+00 +0.225587E-02 +0.000000E+00 +0.000000E+00
 +0.163894E+01 -0.101700E+03 +0.358527E+02 -0.103890E+03 -0.224523E+02 +0.592357E+02 +0.000000E+00 +0.000000E+00 +0.110779E-02 -0.154731E-02 +0.000000E+00 +0.225096E-02 +0.000000E+00 +0.000000E+00
 +0.163894E+01 -0.101710E+03 +0.361195E+02 -0.103981E+03 -0.223944E+02 +0.591044E+02 +0.000000E+00 +0.000000E+00 +0.111176E-02 -0.155015E-02 +0.000000E+00 +0.224597E-02 +0.000000E+00 +0.000000E+00
 +0.163894E+01 -0.101720E+03 +0.363862E+02 -0.104072E+03 -0.223363E+02 +0.589729E+02 +0.000000E+00 +0.000000E+00 +0.111573E-02 -0.155298E-02 +0.000000E+00 +0.224097E-02 +0.000000E+00 +0.000000E+00
 +0.163894E+01 -0.101730E+03 +0.366513E+02 -0.104158E+03 -0.222773E+02 +0.588395E+02 +0.000000E+00 +0.000000E+00 +0.111964E-02 -0.155574E-02 +0.000000E+00 +0.223590E-02 +0.000000E+00 +0.000000E+00
 +0.163894E+01 -0.101740E+03 +0.369162E+02 -0.104244E+03 -0.222182E+02 +0.587059E+02 +0.000000E+00 +0.000000E+00 +0.112355E-02 -0.155849E-02 +0.000000E+00 +0.223082E-02 +0.000000E+00 +0.000000E+00
 +0.163894E+01 -0.101750E+03 +0.371795E+02 -0.104326E+03 -0.221582E+02 +0.585704E+02 +0.000000E+00 +0.000000E+00 +0.112742E-02 -0.156118E-02 +0.000000E+00 +0.222568E-02 +0.000000E+00 +0.000000E+00
 +0.163894E+01 -0.101760E+03 +0.374426E+02 -0.104407E+03 -0.220981E+02 +0.584347E+02 +0.000000E+00 +0.000000E+00 +0.113127E-02 -0.156386E-02 +0.000000E+00 +0.222052E-02 +0.000000E+00 +0.000000E+00
 +0.163894E+01 -0.101770E+03 +0.377040E+02 -0.104483E+03 -0.220371E+02 +0.582973E+02 +0.000000E+00 +0.000000E+00 +0.113508E-02 -0.156648E-02 +0.000000E+00 +0.221530E-02 +0.000000E+00 +0.000000E+00
 +0.163894E+01 -0.101780E+03 +0.379653E+02 -0.104559E+03 -0.219761E+02 +0.581597E+02 +0.000000E+00 +0.000000E+00 +0.113888E-02 -0.156908E-02 +0.000000E+00 +0.221007E-02 +0.000000E+00 +0.000000E+00
 +0.163894E+01 -0.101790E+03 +0.382248E+02 -0.104631E+03 -0.219142E+02 +0.580204E+02 +0.000000E+00 +0.000000E+00 +0.114264E-02 -0.157163E-02 +0.000000E+00 +0.220478E-02 +0.000000E+00 +0.000000E+00
 +0.163894E+01 -0.101800E+03 +0.384840E+02 -0.104703E+03 -0.218522E+02 +0.578810E+02 +0.000000E+00 +0.000000E+00 +0.114639E-02 -0.157416E-02 +0.000000E+00 +0.219948E-02 +0.000000E+00 +0.000000E+00
 +0.163894E+01 -0.101810E+03 +0.387416E+02 -0.104770E+03 -0.217895E+02 +0.577400E+02 +0.000000E+00 +0.000000E+00 +0.115009E-02 -0.157664E-02 +0.000000E+00 +0.219412E-02 +0.000000E+00 +0.000000E+00
 +0.163894E+01 -0.101820E+03 +0.389989E+02 -0.104837E+03 -0.217267E+02 +0.575988E+02 +0.000000E+00 +0.000000E+00 +0.115379E-02 -0.157910E-02 +0.000000E+00 +0.218876E-02 +0.000000E+00 +0.000000E+00
 +0.163894E+01 -0.101830E+03 +0.392544E+02 -0.104900E+03 -0.216632E+02 +0.574562E+02 +0.000000E+00 +0.000000E+00 +0.115743E-02 -0.158151E-02 +0.000000E+00 +0.218334E-02 +0.000000E+00 +0.000000E+00
 +0.163894E+01 -0.101840E+03 +0.395097E+02 -0.104963E+03 -0.215996E+02 +0.573134E+02 +0.000000E+00 +0.000000E+00 +0.116108E-02 -0.158390E-02 +0.000000E+00 +0.217791E-02 +0.000000E+00 +0.000000E+00
 +0.163894E+01 -0.101850E+03 +0.397631E+02 -0.105022E+03 -0.215353E+02 +0.571693E+02 +0.000000E+00 +0.000000E+00 +0.116467E-02 -0.158624E-02 +0.000000E+00 +0.217243E-02 +0.000000E+00 +0.000000E+00
 +0.163894E+01 -0.101860E+03 +0.400163E+02 -0.105080E+03 -0.214709E+02 +0.570249E+02 +0.000000E+00 +0.000000E+00 +0.116826E-02 -0.158857E-02 +0.000000E+00 +0.216695E-02 +0.000000E+00 +0.000000E+00
 +0.163894E+01 -0.101870E+03 +0.402677E+02 -0.105134E+03 -0.214060E+02 +0.568793E+02 +0.000000E+00 +0.000000E+00 +0.117180E-02 -0.159084E-02 +0.000000E+00 +0.216141E-02 +0.000000E+00 +0.000000E+00
 +0.163894E+01 -0.101880E+03 +0.405188E+02 -0.105188E+03 -0.213409E+02 +0.567336E+02 +0.000000E+00 +0.000000E+00 +0.117533E-02 -0.159310E-02 +0.000000E+00 +0.215588E-02 +0.000000E+00 +0.000000E+00
 +0.163894E+01 -0.101890E+03 +0.407680E+02 -0.105239E+03 -0.212753E+02 +0.565866E+02 +0.000000E+00 +0.000000E+00 +0.117882E-02 -0.159530E-02 +0.000000E+00 +0.215029E-02 +0.000000E+00 +0.000000E+00
 +0.163894E+01 -0.101900E+03 +0.410170E+02 -0.105288E+03 -0.212096E+02 +0.564395E+02 +0.000000E+00 +0.000000E+00 +0.118230E-02 -0.159750E-02 +0.000000E+00 +0.214470E-02 +0.000000E+00 +0.000000E+00
 +0.163894E+01 -0.101910E+03 +0.412641E+02 -0.105335E+03 -0.211433E+02 +0.562913E+02 +0.000000E+00 +0.000000E+00 +0.118574E-02 -0.159964E-02 +0.000000E+00 +0.213907E-02 +0.000000E+00 +0.000000E+00
 +0.163894E+01 -0.101920E+03 +0.415109E+02 -0.105380E+03 -0.210770E+02 +0.561429E+02 +0.000000E+00 +0.000000E+00 +0.118917E-02 -0.160177E-02 +0.000000E+00 +0.213343E-02 +0.000000E+00 +0.000000E+00
 +0.163894E+01 -0.101930E+03 +0.417558E+02 -0.105423E+03 -0.210101E+02 +0.559935E+02 +0.000000E+00 +0.000000E+00 +0.119255E-02 -0.160384E-02 +0.000000E+00 +0.212775E-02 +0.000000E+00 +0.000000E+00
 +0.163894E+01 -0.101940E+03 +0.420004E+02 -0.105465E+03 -0.209432E+02 +0.558439E+02 +0.000000E+00 +0.000000E+00 +0.119593E-02 -0.160591E-02 +0.000000E+00 +0.212207E-02 +0.000000E+00 +0.000000E+00
 +0.163894E+01 -0.101950E+03 +0.422430E+02 -0.105503E+03 -0.208758E+02 +0.556934E+02 +0.000000E+00 +0.000000E+00 +0.119926E-02 -0.160792E-02 +0.000000E+00 +0.211635E-02 +0.000000E+00 +0.000000E+00
 +0.163894E+01 -0.101960E+03 +0.424854E+02 -0.105541E+03 -0.208084E+02 +0.555428E+02 +0.000000E+00 +0.000000E+00 +0.120258E-02 -0.160992E-02 +0.000000E+00 +0.211063E-02 +0.000000E+00 +0.000000E+00
 +0.163894E+01 -0.101970E+03 +0.427259E+02 -0.105576E+03 -0.207405E+02 +0.553912E+02 +0.000000E+00 +0.000000E+00 +0.120586E-02 -0.161187E-02 +0.000000E+00 +0.210487E-02 +0.000000E+00 +0.000000E+00
 +0.163894E+01 -0.101980E+03 +0.429660E+02 -0.105610E+03 -0.206725E+02 +0.552396E+02 +0.000000E+00 +0.000000E+00 +0.120913E-02 -0.161381E-02 +0.000000E+00 +0.209910E-02 +0.000000E+00 +0.000000E+00
 +0.163894E+01 -0.101990E+03 +0.432042E+02 -0.105641E+03 -0.206041E+02 +0.550871E+02 +0.000000E+00 +0.000000E+00 +0.121236E-02 -0.161570E-02 +0.000000E+00 +0.209331E-02 +0.000000E+00 +0.000000E+00
 +0.163894E+01 -0.102000E+03 +0.434421E+02 -0.105672E+03 -0.205357E+02 +0.549344E+02 +0.000000E+00 +0.000000E+00 +0.121558E-02 -0.161758E-02 +0.000000E+00 +0.208751E-02 +0.000000E+00 +0.000000E+00
 +0.163894E+01 -0.102010E+03 +0.436780E+02 -0.105699E+03 -0.204669E+02 +0.547811E+02 +0.000000E+00 +0.000000E+00 +0.121875E-02 -0.161941E-02 +0.000000E+00 +0.208168E-02 +0.000000E+00 +0.000000E+00
 +0.163894E+01 -0.102020E+03 +0.439137E+02 -0.105726E+03 -0.203981E+02 +0.546276E+02 +0.000000E+00 +0.000000E+00 +0.122192E-02 -0.162123E-02 +0.000000E+00 +0.207585E-02 +0.000000E+00 +0.000000E+00
 +0.163894E+01 -0.102030E+03 +0.441473E+02 -0.105750E+03 -0.203289E+02 +0.544734E+02 +0.000000E+00 +0.000000E+00 +0.122505E-02 -0.162300E-02 +0.000000E+00 +0.206999E-02 +0.000000E+00 +0.000000E+00
 +0.163894E+01 -0.102040E+03 +0.443807E+02 -0.105773E+03 -0.202596E+02 +0.543191E+02 +0.000000E+00 +0.000000E+00 +0.122816E-02 -0.162476E-02 +0.000000E+00 +0.206413E-02 +0.000000E+00 +0.000000E+00
 +0.163894E+01 -0.102050E+03 +0.446120E+02 -0.105794E+03 -0.201900E+02 +0.541642E+02 +0.000000E+00 +0.000000E+00 +0.123124E-02 -0.162647E-02 +0.000000E+00 +0.205824E-02 +0.000000E+00 +0.000000E+00
 +0.163894E+01 -0.102060E+03 +0.448430E+02 -0.105814E+03 -0.201204E+02 +0.540092E+02 +0.000000E+00 +0.000000E+00 +0.123431E-02 -0.162818E-02 +0.000000E+00 +0.205235E-02 +0.000000E+00 +0.000000E+00
 +0.163894E+01 -0.102070E+03 +0.450721E+02 -0.105831E+03 -0.200505E+02 +0.538536E+02 +0.000000E+00 +0.000000E+00 +0.123733E-02 -0.162983E-02 +0.000000E+00 +0.204644E-02 +0.000000E+00 +0.000000E+00
 +0.163894E+01 -0.102080E+03 +0.453008E+02 -0.105848E+03 -0.199805E+02 +0.536979E+02 +0.000000E+00 +0.000000E+00 +0.124035E-02 -0.163148E-02 +0.000000E+00 +0.204052E-02 +0.000000E+00 +0.000000E+00
 +0.163894E+01 -0.102090E+03 +0.455275E+02 -0.105862E+03 -0.199103E+02 +0.535417E+02 +0.000000E+00 +0.000000E+00 +0.124332E-02 -0.163308E-02 +0.000000E+00 +0.203458E-02 +0.000000E+00 +0.000000E+00
 +0.163894E+01 -0.102100E+03 +0.457540E+02 -0.105875E+03 -0.198400E+02 +0.533854E+02 +0.000000E+00 +0.000000E+00 +0.124629E-02 -0.163467E-02 +0.000000E+00 +0.202864E-02 +0.000000E+00 +0.000000E+00
 +0.163894E+01 -0.102110E+03 +0.459784E+02 -0.105886E+03 -0.197695E+02 +0.532286E+02 +0.000000E+00 +0.000000E+00 +0.124921E-02 -0.163621E-02 +0.000000E+00 +0.202269E-02 +0.000000E+00 +0.000000E+00
 +0.163894E+01 -0.102120E+03 +0.462025E+02 -0.105896E+03 -0.196990E+02 +0.530718E+02 +0.000000E+00 +0.000000E+00 +0.125213E-02 -0.163775E-02 +0.000000E+00 +0.201673E-02 +0.000000E+00 +0.000000E+00
 +0.163894E+01 -0.102130E+03 +0.464246E+02 -0.105904E+03 -0.196282E+02 +0.529145E+02 +0.000000E+00 +0.000000E+00 +0.125500E-02 -0.163924E-02 +0.000000E+00 +0.201075E-02 +0.000000E+00 +0.000000E+00
 +0.163894E+01 -0.102140E+03 +0.466463E+02 -0.105911E+03 -0.195574E+02 +0.527572E+02 +0.000000E+00 +0.000000E+00 +0.125787E-02 -0.164072E-02 +0.000000E+00 +0.200477E-02 +0.000000E+00 +0.000000E+00
 +0.163894E+01 -0.102150E+03 +0.468661E+02 -0.105916E+03 -0.194864E+02 +0.525995E+02 +0.000000E+00 +0.000000E+00 +0.126070E-02 -0.164216E-02 +0.000000E+00 +0.199878E-02 +0.000000E+00 +0.000000E+00
 +0.163894E+01 -0.102160E+03 +0.470855E+02 -0.105920E+03 -0.194154E+02 +0.524418E+02 +0.000000E+00 +0.000000E+00 +0.126352E-02 -0.164359E-02 +0.000000E+00 +0.199279E-02 +0.000000E+00 +0.000000E+00
 +0.163894E+01 -0.102170E+03 +0.473030E+02 -0.105922E+03 -0.193442E+02 +0.522837E+02 +0.000000E+00 +0.000000E+00 +0.126630E-02 -0.164497E-02 +0.000000E+00 +0.198678E-02 +0.000000E+00 +0.000000E+00
 +0.163894E+01 -0.102180E+03 +0.475201E+02 -0.105923E+03 -0.192729E+02 +0.521256E+02 +0.000000E+00 +0.000000E+00 +0.126907E-02 -0.164635E-02 +0.000000E+00 +0.198077E-02 +0.000000E+00 +0.000000E+00
 +0.163894E+01 -0.102190E+03 +0.477352E+02 -0.105922E+03 -0.192015E+02 +0.519672E+02 +0.000000E+00 +0.000000E+00 +0.127180E-02 -0.164768E-02 +0.000000E+00 +0.197475E-02 +0.000000E+00 +0.000000E+00
 +0.163894E+01 -0.102200E+03 +0.479500E+02 -0.105920E+03 -0.191301E+02 +0.518087E+02 +0.000000E+00 +0.000000E+00 +0.127452E-02 -0.164901E-02 +0.000000E+00 +0.196873E-02 +0.000000E+00 +0.000000E+00
 +0.163894E+01 -0.102210E+03 +0.481628E+02 -0.105916E+03 -0.190586E+02 +0.516500E+02 +0.000000E+00 +0.000000E+00 +0.127721E-02 -0.165029E-02 +0.000000E+00 +0.196270E-02 +0.000000E+00 +0.000000E+00
 +0.163894E+01 -0.102220E+03 +0.483753E+02 -0.105912E+03 -0.189870E+02 +0.514913E+02 +0.000000E+00 +0.000000E+00 +0.127988E-02 -0.165157E-02 +0.000000E+00 +0.195667E-02 +0.000000E+00 +0.000000E+00
 +0.163894E+01 -0.102230E+03 +0.485857E+02 -0.105905E+03 -0.189153E+02 +0.513324E+02 +0.000000E+00 +0.000000E+00 +0.128252E-02 -0.165280E-02 +0.000000E+00 +0.195063E-02 +0.000000E+00 +0.000000E+00
 +0.163894E+01 -0.102240E+03 +0.487959E+02 -0.105898E+03 -0.188436E+02 +0.511735E+02 +0.000000E+00 +0.000000E+00 +0.128515E-02 -0.165403E-02 +0.000000E+00 +0.194459E-02 +0.000000E+00 +0.000000E+00
 +0.163894E+01 -0.102250E+03 +0.490041E+02 -0.105888E+03 -0.187718E+02 +0.510144E+02 +0.000000E+00 +0.000000E+00 +0.128774E-02 -0.165521E-02 +0.000000E+00 +0.193855E-02 +0.000000E+00 +0.000000E+00
 +0.163894E+01 -0.102260E+03 +0.492119E+02 -0.105879E+03 -0.187000E+02 +0.508553E+02 +0.000000E+00 +0.000000E+00 +0.129033E-02 -0.165639E-02 +0.000000E+00 +0.193250E-02 +0.000000E+00 +0.000000E+00
 +0.163894E+01 -0.102270E+03 +0.494178E+02 -0.105867E+03 -0.186281E+02 +0.506961E+02 +0.000000E+00 +0.000000E+00 +0.129287E-02 -0.165753E-02 +0.000000E+00 +0.192645E-02 +0.000000E+00 +0.000000E+00
 +0.163894E+01 -0.102280E+03 +0.496233E+02 -0.105854E+03 -0.185562E+02 +0.505369E+02 +0.000000E+00 +0.000000E+00 +0.129541E-02 -0.165866E-02 +0.000000E+00 +0.192040E-02 +0.000000E+00 +0.000000E+00
 +0.163894E+01 -0.102290E+03 +0.498269E+02 -0.105840E+03 -0.184842E+02 +0.503775E+02 +0.000000E+00 +0.000000E+00 +0.129791E-02 -0.165975E-02 +0.000000E+00 +0.191435E-02 +0.000000E+00 +0.000000E+00
 +0.163894E+01 -0.102300E+03 +0.500301E+02 -0.105825E+03 -0.184122E+02 +0.502182E+02 +0.000000E+00 +0.000000E+00 +0.130040E-02 -0.166084E-02 +0.000000E+00 +0.190829E-02 +0.000000E+00 +0.000000E+00
 +0.163894E+01 -0.102310E+03 +0.502314E+02 -0.105808E+03 -0.183402E+02 +0.500588E+02 +0.000000E+00 +0.000000E+00 +0.130286E-02 -0.166188E-02 +0.000000E+00 +0.190224E-02 +0.000000E+00 +0.000000E+00
 +0.163894E+01 -0.102320E+03 +0.504324E+02 -0.105790E+03 -0.182681E+02 +0.498994E+02 +0.000000E+00 +0.000000E+00 +0.130531E-02 -0.166292E-02 +0.000000E+00 +0.189618E-02 +0.000000E+00 +0.000000E+00
 +0.163894E+01 -0.102330E+03 +0.506315E+02 -0.105771E+03 -0.181961E+02 +0.497400E+02 +0.000000E+00 +0.000000E+00 +0.130772E-02 -0.166392E-02 +0.000000E+00 +0.189012E-02 +0.000000E+00 +0.000000E+00
 +0.163894E+01 -0.102340E+03 +0.508302E+02 -0.105751E+03 -0.181240E+02 +0.495806E+02 +0.000000E+00 +0.000000E+00 +0.131013E-02 -0.166492E-02 +0.000000E+00 +0.188406E-02 +0.000000E+00 +0.000000E+00
 +0.163894E+01 -0.102350E+03 +0.510271E+02 -0.105730E+03 -0.180519E+02 +0.494212E+02 +0.000000E+00 +0.000000E+00 +0.131250E-02 -0.166588E-02 +0.000000E+00 +0.187801E-02 +0.000000E+00 +0.000000E+00
 +0.163894E+01 -0.102360E+03 +0.512236E+02 -0.105708E+03 -0.179798E+02 +0.492618E+02 +0.000000E+00 +0.000000E+00 +0.131486E-02 -0.166683E-02 +0.000000E+00 +0.187195E-02 +0.000000E+00 +0.000000E+00
 +0.163894E+01 -0.102370E+03 +0.514183E+02 -0.105684E+03 -0.179077E+02 +0.491025E+02 +0.000000E+00 +0.000000E+00 +0.131719E-02 -0.166775E-02 +0.000000E+00 +0.186590E-02 +0.000000E+00 +0.000000E+00
 +0.163894E+01 -0.102380E+03 +0.516128E+02 -0.105660E+03 -0.178356E+02 +0.489432E+02 +0.000000E+00 +0.000000E+00 +0.131952E-02 -0.166866E-02 +0.000000E+00 +0.185984E-02 +0.000000E+00 +0.000000E+00
 +0.163894E+01 -0.102390E+03 +0.518055E+02 -0.105634E+03 -0.177636E+02 +0.487839E+02 +0.000000E+00 +0.000000E+00 +0.132181E-02 -0.166955E-02 +0.000000E+00 +0.185379E-02 +0.000000E+00 +0.000000E+00
 +0.163894E+01 -0.102400E+03 +0.519980E+02 -0.105609E+03 -0.176915E+02 +0.486246E+02 +0.000000E+00 +0.000000E+00 +0.132410E-02 -0.167043E-02 +0.000000E+00 +0.184774E-02 +0.000000E+00 +0.000000E+00
 +0.163894E+01 -0.102410E+03 +0.521889E+02 -0.105581E+03 -0.176196E+02 +0.484658E+02 +0.000000E+00 +0.000000E+00 +0.132636E-02 -0.167128E-02 +0.000000E+00 +0.184170E-02 +0.000000E+00 +0.000000E+00
 +0.163894E+01 -0.102420E+03 +0.523796E+02 -0.105554E+03 -0.175477E+02 +0.483071E+02 +0.000000E+00 +0.000000E+00 +0.132862E-02 -0.167213E-02 +0.000000E+00 +0.183567E-02 +0.000000E+00 +0.000000E+00
 +0.163894E+01 -0.102430E+03 +0.525691E+02 -0.105527E+03 -0.174761E+02 +0.481487E+02 +0.000000E+00 +0.000000E+00 +0.133086E-02 -0.167297E-02 +0.000000E+00 +0.182965E-02 +0.000000E+00 +0.000000E+00
 +0.163894E+01 -0.102440E+03 +0.527594E+02 -0.105500E+03 -0.174045E+02 +0.479831E+02 +0.000000E+00 +0.000000E+00 +0.133311E-02 -0.167382E-02 +0.000000E+00 +0.182336E-02 +0.000000E+00 +0.000000E+00
 +0.163894E+01 -0.102450E+03 +0.529534E+02 -0.105477E+03 -0.173329E+02 +0.477796E+02 +0.000000E+00 +0.000000E+00 +0.133544E-02 -0.167474E-02 +0.000000E+00 +0.181562E-02 +0.000000E+00 +0.000000E+00
 +0.163894E+01 -0.102460E+03 +0.531440E+02 -0.105452E+03 -0.172615E+02 +0.475906E+02 +0.000000E+00 +0.000000E+00 +0.133771E-02 -0.167561E-02 +0.000000E+00 +0.180844E-02 +0.000000E+00 +0.000000E+00
 +0.163894E+01 -0.102470E+03 +0.533166E+02 -0.105411E+03 -0.171911E+02 +0.474794E+02 +0.000000E+00 +0.000000E+00 +0.133965E-02 -0.167617E-02 +0.000000E+00 +0.180422E-02 +0.000000E+00 +0.000000E+00
 +0.163894E+01 -0.102480E+03 +0.534963E+02 -0.105365E+03 -0.171166E+02 +0.473571E+02 +0.000000E+00 +0.000000E+00 +0.134165E-02 -0.167672E-02 +0.000000E+00 +0.179957E-02 +0.000000E+00 +0.000000E+00
 +0.163894E+01 -0.102490E+03 +0.536987E+02 -0.105303E+03 -0.170293E+02 +0.472003E+02 +0.000000E+00 +0.000000E+00 +0.134383E-02 -0.167719E-02 +0.000000E+00 +0.179361E-02 +0.000000E+00 +0.000000E+00
 +0.163894E+01 -0.102500E+03 +0.538906E+02 -0.105253E+03 -0.169494E+02 +0.470418E+02 +0.000000E+00 +0.000000E+00 +0.134596E-02 -0.167776E-02 +0.000000E+00 +0.178759E-02 +0.000000E+00 +0.000000E+00
 +0.163894E+01 -0.102510E+03 +0.540538E+02 -0.105235E+03 -0.168898E+02 +0.468820E+02 +0.000000E+00 +0.000000E+00 +0.134793E-02 -0.167856E-02 +0.000000E+00 +0.178151E-02 +0.000000E+00 +0.000000E+00
 +0.163894E+01 -0.102520E+03 +0.542191E+02 -0.105206E+03 -0.168256E+02 +0.467257E+02 +0.000000E+00 +0.000000E+00 +0.134985E-02 -0.167922E-02 +0.000000E+00 +0.177558E-02 +0.000000E+00 +0.000000E+00
 +0.163894E+01 -0.102530E+03 +0.543869E+02 -0.105163E+03 -0.167560E+02 +0.465738E+02 +0.000000E+00 +0.000000E+00 +0.135171E-02 -0.167973E-02 +0.000000E+00 +0.176980E-02 +0.000000E+00 +0.000000E+00
 +0.163894E+01 -0.102540E+03 +0.545655E+02 -0.105116E+03 -0.166817E+02 +0.464098E+02 +0.000000E+00 +0.000000E+00 +0.135370E-02 -0.168025E-02 +0.000000E+00 +0.176357E-02 +0.000000E+00 +0.000000E+00
 +0.163894E+01 -0.102550E+03 +0.547256E+02 -0.105093E+03 -0.166214E+02 +0.462534E+02 +0.000000E+00 +0.000000E+00 +0.135559E-02 -0.168097E-02 +0.000000E+00 +0.175763E-02 +0.000000E+00 +0.000000E+00
 +0.163894E+01 -0.102560E+03 +0.548881E+02 -0.105072E+03 -0.165606E+02 +0.460915E+02 +0.000000E+00 +0.000000E+00 +0.135752E-02 -0.168171E-02 +0.000000E+00 +0.175148E-02 +0.000000E+00 +0.000000E+00
 +0.163894E+01 -0.102570E+03 +0.550506E+02 -0.105050E+03 -0.164998E+02 +0.459295E+02 +0.000000E+00 +0.000000E+00 +0.135946E-02 -0.168245E-02 +0.000000E+00 +0.174532E-02 +0.000000E+00 +0.000000E+00
 +0.163894E+01 -0.102580E+03 +0.552116E+02 -0.105010E+03 -0.164336E+02 +0.457737E+02 +0.000000E+00 +0.000000E+00 +0.136126E-02 -0.168296E-02 +0.000000E+00 +0.173940E-02 +0.000000E+00 +0.000000E+00
 +0.163894E+01 -0.102590E+03 +0.553717E+02 -0.104961E+03 -0.163646E+02 +0.456213E+02 +0.000000E+00 +0.000000E+00 +0.136299E-02 -0.168334E-02 +0.000000E+00 +0.173361E-02 +0.000000E+00 +0.000000E+00
 +0.163894E+01 -0.102600E+03 +0.555329E+02 -0.104904E+03 -0.162924E+02 +0.454678E+02 +0.000000E+00 +0.000000E+00 +0.136468E-02 -0.168362E-02 +0.000000E+00 +0.172778E-02 +0.000000E+00 +0.000000E+00
 +0.163894E+01 -0.102610E+03 +0.556943E+02 -0.104845E+03 -0.162196E+02 +0.453141E+02 +0.000000E+00 +0.000000E+00 +0.136636E-02 -0.168387E-02 +0.000000E+00 +0.172194E-02 +0.000000E+00 +0.000000E+00
 +0.163894E+01 -0.102620E+03 +0.558665E+02 -0.104787E+03 -0.161437E+02 +0.451548E+02 +0.000000E+00 +0.000000E+00 +0.136819E-02 -0.168422E-02 +0.000000E+00 +0.171588E-02 +0.000000E+00 +0.000000E+00
 +0.163894E+01 -0.102630E+03 +0.560391E+02 -0.104729E+03 -0.160677E+02 +0.449953E+02 +0.000000E+00 +0.000000E+00 +0.137003E-02 -0.168456E-02 +0.000000E+00 +0.170982E-02 +0.000000E+00 +0.000000E+00
 +0.163894E+01 -0.102640E+03 +0.562116E+02 -0.104671E+03 -0.159917E+02 +0.448358E+02 +0.000000E+00 +0.000000E+00 +0.137186E-02 -0.168491E-02 +0.000000E+00 +0.170376E-02 +0.000000E+00 +0.000000E+00
 +0.163894E+01 -0.102650E+03 +0.563836E+02 -0.104613E+03 -0.159157E+02 +0.446757E+02 +0.000000E+00 +0.000000E+00 +0.137369E-02 -0.168525E-02 +0.000000E+00 +0.169768E-02 +0.000000E+00 +0.000000E+00
 +0.163894E+01 -0.102660E+03 +0.565639E+02 -0.104548E+03 -0.158348E+02 +0.445146E+02 +0.000000E+00 +0.000000E+00 +0.137558E-02 -0.168555E-02 +0.000000E+00 +0.169156E-02 +0.000000E+00 +0.000000E+00
 +0.163894E+01 -0.102670E+03 +0.567461E+02 -0.104485E+03 -0.157537E+02 +0.443533E+02 +0.000000E+00 +0.000000E+00 +0.137750E-02 -0.168589E-02 +0.000000E+00 +0.168543E-02 +0.000000E+00 +0.000000E+00
 +0.163894E+01 -0.102680E+03 +0.569283E+02 -0.104421E+03 -0.156725E+02 +0.441920E+02 +0.000000E+00 +0.000000E+00 +0.137942E-02 -0.168622E-02 +0.000000E+00 +0.167930E-02 +0.000000E+00 +0.000000E+00
 +0.163894E+01 -0.102690E+03 +0.570944E+02 -0.104377E+03 -0.156033E+02 +0.440321E+02 +0.000000E+00 +0.000000E+00 +0.138126E-02 -0.168670E-02 +0.000000E+00 +0.167322E-02 +0.000000E+00 +0.000000E+00
 +0.163894E+01 -0.102700E+03 +0.572379E+02 -0.104361E+03 -0.155507E+02 +0.438740E+02 +0.000000E+00 +0.000000E+00 +0.138298E-02 -0.168740E-02 +0.000000E+00 +0.166721E-02 +0.000000E+00 +0.000000E+00
 +0.163894E+01 -0.102710E+03 +0.573784E+02 -0.104337E+03 -0.154963E+02 +0.437155E+02 +0.000000E+00 +0.000000E+00 +0.138462E-02 -0.168797E-02 +0.000000E+00 +0.166119E-02 +0.000000E+00 +0.000000E+00
 +0.163894E+01 -0.102720E+03 +0.575158E+02 -0.104304E+03 -0.154401E+02 +0.435564E+02 +0.000000E+00 +0.000000E+00 +0.138616E-02 -0.168841E-02 +0.000000E+00 +0.165514E-02 +0.000000E+00 +0.000000E+00
 +0.163894E+01 -0.102730E+03 +0.576512E+02 -0.104268E+03 -0.153835E+02 +0.433983E+02 +0.000000E+00 +0.000000E+00 +0.138766E-02 -0.168880E-02 +0.000000E+00 +0.164914E-02 +0.000000E+00 +0.000000E+00
 +0.163894E+01 -0.102740E+03 +0.577776E+02 -0.104216E+03 -0.153248E+02 +0.432457E+02 +0.000000E+00 +0.000000E+00 +0.138895E-02 -0.168894E-02 +0.000000E+00 +0.164334E-02 +0.000000E+00 +0.000000E+00
 +0.163894E+01 -0.102750E+03 +0.579039E+02 -0.104165E+03 -0.152661E+02 +0.430930E+02 +0.000000E+00 +0.000000E+00 +0.139023E-02 -0.168908E-02 +0.000000E+00 +0.163753E-02 +0.000000E+00 +0.000000E+00
 +0.163894E+01 -0.102760E+03 +0.580303E+02 -0.104113E+03 -0.152074E+02 +0.429403E+02 +0.000000E+00 +0.000000E+00 +0.139152E-02 -0.168921E-02 +0.000000E+00 +0.163173E-02 +0.000000E+00 +0.000000E+00
 +0.163894E+01 -0.102770E+03 +0.581566E+02 -0.104062E+03 -0.151488E+02 +0.427876E+02 +0.000000E+00 +0.000000E+00 +0.139280E-02 -0.168935E-02 +0.000000E+00 +0.162593E-02 +0.000000E+00 +0.000000E+00
 +0.163894E+01 -0.102780E+03 +0.582981E+02 -0.103979E+03 -0.150746E+02 +0.426316E+02 +0.000000E+00 +0.000000E+00 +0.139408E-02 -0.168918E-02 +0.000000E+00 +0.162000E-02 +0.000000E+00 +0.000000E+00
 +0.163894E+01 -0.102790E+03 +0.584646E+02 -0.103877E+03 -0.149861E+02 +0.424739E+02 +0.000000E+00 +0.000000E+00 +0.139556E-02 -0.168893E-02 +0.000000E+00 +0.161401E-02 +0.000000E+00 +0.000000E+00
 +0.163894E+01 -0.102800E+03 +0.586311E+02 -0.103775E+03 -0.148976E+02 +0.423163E+02 +0.000000E+00 +0.000000E+00 +0.139704E-02 -0.168868E-02 +0.000000E+00 +0.160802E-02 +0.000000E+00 +0.000000E+00
 +0.163894E+01 -0.102810E+03 +0.587976E+02 -0.103673E+03 -0.148090E+02 +0.421586E+02 +0.000000E+00 +0.000000E+00 +0.139853E-02 -0.168842E-02 +0.000000E+00 +0.160203E-02 +0.000000E+00 +0.000000E+00
 +0.163894E+01 -0.102820E+03 +0.589640E+02 -0.103572E+03 -0.147205E+02 +0.420009E+02 +0.000000E+00 +0.000000E+00 +0.140001E-02 -0.168817E-02 +0.000000E+00 +0.159604E-02 +0.000000E+00 +0.000000E+00
 +0.163894E+01 -0.102830E+03 +0.591218E+02 -0.103489E+03 -0.146413E+02 +0.418540E+02 +0.000000E+00 +0.000000E+00 +0.140150E-02 -0.168811E-02 +0.000000E+00 +0.159045E-02 +0.000000E+00 +0.000000E+00
 +0.163894E+01 -0.102840E+03 +0.592695E+02 -0.103429E+03 -0.145726E+02 +0.417193E+02 +0.000000E+00 +0.000000E+00 +0.140300E-02 -0.168827E-02 +0.000000E+00 +0.158534E-02 +0.000000E+00 +0.000000E+00
 +0.163894E+01 -0.102850E+03 +0.594153E+02 -0.103381E+03 -0.145086E+02 +0.415813E+02 +0.000000E+00 +0.000000E+00 +0.140455E-02 -0.168857E-02 +0.000000E+00 +0.158009E-02 +0.000000E+00 +0.000000E+00
 +0.163894E+01 -0.102860E+03 +0.595592E+02 -0.103345E+03 -0.144493E+02 +0.414401E+02 +0.000000E+00 +0.000000E+00 +0.140616E-02 -0.168902E-02 +0.000000E+00 +0.157472E-02 +0.000000E+00 +0.000000E+00
 +0.163894E+01 -0.102870E+03 +0.597032E+02 -0.103309E+03 -0.143901E+02 +0.412988E+02 +0.000000E+00 +0.000000E+00 +0.140777E-02 -0.168947E-02 +0.000000E+00 +0.156936E-02 +0.000000E+00 +0.000000E+00
 +0.163894E+01 -0.102880E+03 +0.598471E+02 -0.103274E+03 -0.143308E+02 +0.411576E+02 +0.000000E+00 +0.000000E+00 +0.140938E-02 -0.168992E-02 +0.000000E+00 +0.156399E-02 +0.000000E+00 +0.000000E+00
 +0.163894E+01 -0.102890E+03 +0.599851E+02 -0.103235E+03 -0.142724E+02 +0.410191E+02 +0.000000E+00 +0.000000E+00 +0.141089E-02 -0.169029E-02 +0.000000E+00 +0.155873E-02 +0.000000E+00 +0.000000E+00
 +0.163894E+01 -0.102900E+03 +0.601221E+02 -0.103195E+03 -0.142142E+02 +0.408811E+02 +0.000000E+00 +0.000000E+00 +0.141239E-02 -0.169064E-02 +0.000000E+00 +0.155348E-02 +0.000000E+00 +0.000000E+00
 +0.163894E+01 -0.102910E+03 +0.602590E+02 -0.103156E+03 -0.141560E+02 +0.407432E+02 +0.000000E+00 +0.000000E+00 +0.141389E-02 -0.169100E-02 +0.000000E+00 +0.154824E-02 +0.000000E+00 +0.000000E+00
 +0.163894E+01 -0.102920E+03 +0.603960E+02 -0.103116E+03 -0.140978E+02 +0.406052E+02 +0.000000E+00 +0.000000E+00 +0.141538E-02 -0.169136E-02 +0.000000E+00 +0.154300E-02 +0.000000E+00 +0.000000E+00
 +0.163894E+01 -0.102930E+03 +0.605415E+02 -0.103053E+03 -0.140289E+02 +0.404645E+02 +0.000000E+00 +0.000000E+00 +0.141684E-02 -0.169146E-02 +0.000000E+00 +0.153765E-02 +0.000000E+00 +0.000000E+00
 +0.163894E+01 -0.102940E+03 +0.607065E+02 -0.102936E+03 -0.139358E+02 +0.403174E+02 +0.000000E+00 +0.000000E+00 +0.141820E-02 -0.169101E-02 +0.000000E+00 +0.153206E-02 +0.000000E+00 +0.000000E+00
 +0.163894E+01 -0.102950E+03 +0.608715E+02 -0.102819E+03 -0.138427E+02 +0.401703E+02 +0.000000E+00 +0.000000E+00 +0.141957E-02 -0.169055E-02 +0.000000E+00 +0.152647E-02 +0.000000E+00 +0.000000E+00
 +0.163894E+01 -0.102960E+03 +0.610235E+02 -0.102725E+03 -0.137614E+02 +0.400184E+02 +0.000000E+00 +0.000000E+00 +0.142091E-02 -0.169030E-02 +0.000000E+00 +0.152070E-02 +0.000000E+00 +0.000000E+00
 +0.163894E+01 -0.102970E+03 +0.611643E+02 -0.102649E+03 -0.136901E+02 +0.398623E+02 +0.000000E+00 +0.000000E+00 +0.142223E-02 -0.169023E-02 +0.000000E+00 +0.151477E-02 +0.000000E+00 +0.000000E+00
 +0.163894E+01 -0.102980E+03 +0.613051E+02 -0.102574E+03 -0.136188E+02 +0.397062E+02 +0.000000E+00 +0.000000E+00 +0.142355E-02 -0.169015E-02 +0.000000E+00 +0.150884E-02 +0.000000E+00 +0.000000E+00
 +0.163894E+01 -0.102990E+03 +0.614459E+02 -0.102499E+03 -0.135474E+02 +0.395502E+02 +0.000000E+00 +0.000000E+00 +0.142487E-02 -0.169008E-02 +0.000000E+00 +0.150291E-02 +0.000000E+00 +0.000000E+00
 +0.163894E+01 -0.103000E+03 +0.615867E+02 -0.102423E+03 -0.134761E+02 +0.393941E+02 +0.000000E+00 +0.000000E+00 +0.142619E-02 -0.169000E-02 +0.000000E+00 +0.149698E-02 +0.000000E+00 +0.000000E+00
 +0.163894E+01 -0.103010E+03 +0.617266E+02 -0.102352E+03 -0.134065E+02 +0.392382E+02 +0.000000E+00 +0.000000E+00 +0.142753E-02 -0.168997E-02 +0.000000E+00 +0.149105E-02 +0.000000E+00 +0.000000E+00
 +0.163894E+01 -0.103020E+03 +0.618661E+02 -0.102283E+03 -0.133377E+02 +0.390824E+02 +0.000000E+00 +0.000000E+00 +0.142887E-02 -0.168997E-02 +0.000000E+00 +0.148513E-02 +0.000000E+00 +0.000000E+00
 +0.163894E+01 -0.103030E+03 +0.620055E+02 -0.102214E+03 -0.132689E+02 +0.389266E+02 +0.000000E+00 +0.000000E+00 +0.143021E-02 -0.168996E-02 +0.000000E+00 +0.147921E-02 +0.000000E+00 +0.000000E+00
 +0.163894E+01 -0.103040E+03 +0.621445E+02 -0.102145E+03 -0.132003E+02 +0.387713E+02 +0.000000E+00 +0.000000E+00 +0.143155E-02 -0.168996E-02 +0.000000E+00 +0.147331E-02 +0.000000E+00 +0.000000E+00
 +0.163894E+01 -0.103050E+03 +0.622675E+02 -0.102087E+03 -0.131406E+02 +0.386333E+02 +0.000000E+00 +0.000000E+00 +0.143275E-02 -0.168999E-02 +0.000000E+00 +0.146806E-02 +0.000000E+00 +0.000000E+00
 +0.163894E+01 -0.103060E+03 +0.623906E+02 -0.102029E+03 -0.130808E+02 +0.384953E+02 +0.000000E+00 +0.000000E+00 +0.143396E-02 -0.169002E-02 +0.000000E+00 +0.146282E-02 +0.000000E+00 +0.000000E+00
 +0.163894E+01 -0.103070E+03 +0.625136E+02 -0.101971E+03 -0.130211E+02 +0.383573E+02 +0.000000E+00 +0.000000E+00 +0.143516E-02 -0.169006E-02 +0.000000E+00 +0.145758E-02 +0.000000E+00 +0.000000E+00
 +0.163894E+01 -0.103080E+03 +0.626299E+02 -0.101903E+03 -0.129603E+02 +0.382173E+02 +0.000000E+00 +0.000000E+00 +0.143621E-02 -0.168992E-02 +0.000000E+00 +0.145226E-02 +0.000000E+00 +0.000000E+00
 +0.163894E+01 -0.103090E+03 +0.627441E+02 -0.101832E+03 -0.128991E+02 +0.380768E+02 +0.000000E+00 +0.000000E+00 +0.143722E-02 -0.168973E-02 +0.000000E+00 +0.144692E-02 +0.000000E+00 +0.000000E+00
 +0.163894E+01 -0.103100E+03 +0.628582E+02 -0.101761E+03 -0.128380E+02 +0.379363E+02 +0.000000E+00 +0.000000E+00 +0.143823E-02 -0.168954E-02 +0.000000E+00 +0.144158E-02 +0.000000E+00 +0.000000E+00
 +0.163894E+01 -0.103110E+03 +0.629724E+02 -0.101690E+03 -0.127769E+02 +0.377958E+02 +0.000000E+00 +0.000000E+00 +0.143924E-02 -0.168935E-02 +0.000000E+00 +0.143624E-02 +0.000000E+00 +0.000000E+00
 +0.163894E+01 -0.103120E+03 +0.630866E+02 -0.101619E+03 -0.127157E+02 +0.376552E+02 +0.000000E+00 +0.000000E+00 +0.144024E-02 -0.168917E-02 +0.000000E+00 +0.143090E-02 +0.000000E+00 +0.000000E+00
 +0.163894E+01 -0.103130E+03 +0.631983E+02 -0.101550E+03 -0.126561E+02 +0.375151E+02 +0.000000E+00 +0.000000E+00 +0.144123E-02 -0.168899E-02 +0.000000E+00 +0.142558E-02 +0.000000E+00 +0.000000E+00
 +0.163894E+01 -0.103140E+03 +0.632844E+02 -0.101503E+03 -0.126122E+02 +0.373797E+02 +0.000000E+00 +0.000000E+00 +0.144204E-02 -0.168893E-02 +0.000000E+00 +0.142043E-02 +0.000000E+00 +0.000000E+00
 +0.163894E+01 -0.103150E+03 +0.633704E+02 -0.101456E+03 -0.125683E+02 +0.372443E+02 +0.000000E+00 +0.000000E+00 +0.144284E-02 -0.168887E-02 +0.000000E+00 +0.141528E-02 +0.000000E+00 +0.000000E+00
 +0.163894E+01 -0.103160E+03 +0.634565E+02 -0.101409E+03 -0.125244E+02 +0.371088E+02 +0.000000E+00 +0.000000E+00 +0.144364E-02 -0.168881E-02 +0.000000E+00 +0.141014E-02 +0.000000E+00 +0.000000E+00
 +0.163894E+01 -0.103170E+03 +0.635425E+02 -0.101362E+03 -0.124805E+02 +0.369734E+02 +0.000000E+00 +0.000000E+00 +0.144444E-02 -0.168875E-02 +0.000000E+00 +0.140499E-02 +0.000000E+00 +0.000000E+00
 +0.163894E+01 -0.103180E+03 +0.636285E+02 -0.101315E+03 -0.124365E+02 +0.368380E+02 +0.000000E+00 +0.000000E+00 +0.144524E-02 -0.168869E-02 +0.000000E+00 +0.139984E-02 +0.000000E+00 +0.000000E+00
 +0.163894E+01 -0.103190E+03 +0.637146E+02 -0.101268E+03 -0.123926E+02 +0.367025E+02 +0.000000E+00 +0.000000E+00 +0.144604E-02 -0.168863E-02 +0.000000E+00 +0.139470E-02 +0.000000E+00 +0.000000E+00
 +0.163894E+01 -0.103200E+03 +0.638049E+02 -0.101218E+03 -0.123462E+02 +0.365663E+02 +0.000000E+00 +0.000000E+00 +0.144687E-02 -0.168856E-02 +0.000000E+00 +0.138952E-02 +0.000000E+00 +0.000000E+00
 +0.163894E+01 -0.103210E+03 +0.639113E+02 -0.101155E+03 -0.122903E+02 +0.364273E+02 +0.000000E+00 +0.000000E+00 +0.144783E-02 -0.168842E-02 +0.000000E+00 +0.138424E-02 +0.000000E+00 +0.000000E+00
 +0.163894E+01 -0.103220E+03 +0.640133E+02 -0.101091E+03 -0.122358E+02 +0.362886E+02 +0.000000E+00 +0.000000E+00 +0.144873E-02 -0.168826E-02 +0.000000E+00 +0.137897E-02 +0.000000E+00 +0.000000E+00
 +0.163894E+01 -0.103230E+03 +0.640850E+02 -0.101027E+03 -0.121908E+02 +0.361524E+02 +0.000000E+00 +0.000000E+00 +0.144924E-02 -0.168788E-02 +0.000000E+00 +0.137379E-02 +0.000000E+00 +0.000000E+00
 +0.163894E+01 -0.103240E+03 +0.641704E+02 -0.100939E+03 -0.121338E+02 +0.360147E+02 +0.000000E+00 +0.000000E+00 +0.144978E-02 -0.168731E-02 +0.000000E+00 +0.136856E-02 +0.000000E+00 +0.000000E+00
 +0.163894E+01 -0.103250E+03 +0.642665E+02 -0.100835E+03 -0.120676E+02 +0.358758E+02 +0.000000E+00 +0.000000E+00 +0.145035E-02 -0.168658E-02 +0.000000E+00 +0.136328E-02 +0.000000E+00 +0.000000E+00
 +0.163894E+01 -0.103260E+03 +0.643626E+02 -0.100730E+03 -0.120013E+02 +0.357369E+02 +0.000000E+00 +0.000000E+00 +0.145091E-02 -0.168585E-02 +0.000000E+00 +0.135800E-02 +0.000000E+00 +0.000000E+00
 +0.163894E+01 -0.103270E+03 +0.644587E+02 -0.100626E+03 -0.119351E+02 +0.355980E+02 +0.000000E+00 +0.000000E+00 +0.145148E-02 -0.168512E-02 +0.000000E+00 +0.135272E-02 +0.000000E+00 +0.000000E+00
 +0.163894E+01 -0.103280E+03 +0.645548E+02 -0.100521E+03 -0.118689E+02 +0.354591E+02 +0.000000E+00 +0.000000E+00 +0.145205E-02 -0.168439E-02 +0.000000E+00 +0.134744E-02 +0.000000E+00 +0.000000E+00
 +0.163894E+01 -0.103290E+03 +0.646509E+02 -0.100416E+03 -0.118027E+02 +0.353202E+02 +0.000000E+00 +0.000000E+00 +0.145262E-02 -0.168366E-02 +0.000000E+00 +0.134217E-02 +0.000000E+00 +0.000000E+00
 +0.163894E+01 -0.103300E+03 +0.647470E+02 -0.100312E+03 -0.117364E+02 +0.351812E+02 +0.000000E+00 +0.000000E+00 +0.145318E-02 -0.168293E-02 +0.000000E+00 +0.133689E-02 +0.000000E+00 +0.000000E+00
 +0.163894E+01 -0.103310E+03 +0.648511E+02 -0.100205E+03 -0.116666E+02 +0.350459E+02 +0.000000E+00 +0.000000E+00 +0.145384E-02 -0.168222E-02 +0.000000E+00 +0.133174E-02 +0.000000E+00 +0.000000E+00
 +0.163894E+01 -0.103320E+03 +0.649655E+02 -0.100094E+03 -0.115924E+02 +0.349150E+02 +0.000000E+00 +0.000000E+00 +0.145460E-02 -0.168153E-02 +0.000000E+00 +0.132677E-02 +0.000000E+00 +0.000000E+00
 +0.163894E+01 -0.103330E+03 +0.650798E+02 -0.999831E+02 -0.115181E+02 +0.347841E+02 +0.000000E+00 +0.000000E+00 +0.145536E-02 -0.168084E-02 +0.000000E+00 +0.132180E-02 +0.000000E+00 +0.000000E+00
 +0.163894E+01 -0.103340E+03 +0.651942E+02 -0.998724E+02 -0.114438E+02 +0.346532E+02 +0.000000E+00 +0.000000E+00 +0.145612E-02 -0.168014E-02 +0.000000E+00 +0.131682E-02 +0.000000E+00 +0.000000E+00
 +0.163894E+01 -0.103350E+03 +0.653085E+02 -0.997617E+02 -0.113695E+02 +0.345223E+02 +0.000000E+00 +0.000000E+00 +0.145688E-02 -0.167945E-02 +0.000000E+00 +0.131185E-02 +0.000000E+00 +0.000000E+00
 +0.163894E+01 -0.103360E+03 +0.654229E+02 -0.996510E+02 -0.112953E+02 +0.343914E+02 +0.000000E+00 +0.000000E+00 +0.145764E-02 -0.167876E-02 +0.000000E+00 +0.130687E-02 +0.000000E+00 +0.000000E+00
 +0.163894E+01 -0.103370E+03 +0.655373E+02 -0.995344E+02 -0.112191E+02 +0.342579E+02 +0.000000E+00 +0.000000E+00 +0.145837E-02 -0.167799E-02 +0.000000E+00 +0.130180E-02 +0.000000E+00 +0.000000E+00
 +0.163894E+01 -0.103380E+03 +0.656520E+02 -0.993840E+02 -0.111316E+02 +0.341088E+02 +0.000000E+00 +0.000000E+00 +0.145889E-02 -0.167680E-02 +0.000000E+00 +0.129613E-02 +0.000000E+00 +0.000000E+00
 +0.163894E+01 -0.103390E+03 +0.657668E+02 -0.992336E+02 -0.110441E+02 +0.339597E+02 +0.000000E+00 +0.000000E+00 +0.145941E-02 -0.167560E-02 +0.000000E+00 +0.129047E-02 +0.000000E+00 +0.000000E+00
 +0.163894E+01 -0.103400E+03 +0.658815E+02 -0.990832E+02 -0.109565E+02 +0.338106E+02 +0.000000E+00 +0.000000E+00 +0.145992E-02 -0.167441E-02 +0.000000E+00 +0.128480E-02 +0.000000E+00 +0.000000E+00
 +0.163894E+01 -0.103410E+03 +0.659934E+02 -0.989423E+02 -0.108731E+02 +0.336645E+02 +0.000000E+00 +0.000000E+00 +0.146046E-02 -0.167331E-02 +0.000000E+00 +0.127925E-02 +0.000000E+00 +0.000000E+00
 +0.163894E+01 -0.103420E+03 +0.660838E+02 -0.988721E+02 -0.108201E+02 +0.335405E+02 +0.000000E+00 +0.000000E+00 +0.146118E-02 -0.167299E-02 +0.000000E+00 +0.127454E-02 +0.000000E+00 +0.000000E+00
 +0.163894E+01 -0.103430E+03 +0.661743E+02 -0.988019E+02 -0.107671E+02 +0.334164E+02 +0.000000E+00 +0.000000E+00 +0.146189E-02 -0.167266E-02 +0.000000E+00 +0.126982E-02 +0.000000E+00 +0.000000E+00
 +0.163894E+01 -0.103440E+03 +0.662648E+02 -0.987316E+02 -0.107141E+02 +0.332923E+02 +0.000000E+00 +0.000000E+00 +0.146260E-02 -0.167233E-02 +0.000000E+00 +0.126511E-02 +0.000000E+00 +0.000000E+00
 +0.163894E+01 -0.103450E+03 +0.663552E+02 -0.986614E+02 -0.106610E+02 +0.331683E+02 +0.000000E+00 +0.000000E+00 +0.146331E-02 -0.167201E-02 +0.000000E+00 +0.126039E-02 +0.000000E+00 +0.000000E+00
 +0.163894E+01 -0.103460E+03 +0.664457E+02 -0.985912E+02 -0.106080E+02 +0.330442E+02 +0.000000E+00 +0.000000E+00 +0.146402E-02 -0.167168E-02 +0.000000E+00 +0.125568E-02 +0.000000E+00 +0.000000E+00
 +0.163894E+01 -0.103470E+03 +0.665361E+02 -0.985210E+02 -0.105550E+02 +0.329202E+02 +0.000000E+00 +0.000000E+00 +0.146473E-02 -0.167135E-02 +0.000000E+00 +0.125097E-02 +0.000000E+00 +0.000000E+00
 +0.163894E+01 -0.103480E+03 +0.666266E+02 -0.984508E+02 -0.105020E+02 +0.327961E+02 +0.000000E+00 +0.000000E+00 +0.146544E-02 -0.167103E-02 +0.000000E+00 +0.124625E-02 +0.000000E+00 +0.000000E+00
 +0.163894E+01 -0.103490E+03 +0.667170E+02 -0.983805E+02 -0.104490E+02 +0.326720E+02 +0.000000E+00 +0.000000E+00 +0.146615E-02 -0.167070E-02 +0.000000E+00 +0.124154E-02 +0.000000E+00 +0.000000E+00
 +0.163894E+01 -0.103500E+03 +0.668075E+02 -0.983103E+02 -0.103959E+02 +0.325480E+02 +0.000000E+00 +0.000000E+00 +0.146687E-02 -0.167037E-02 +0.000000E+00 +0.123682E-02 +0.000000E+00 +0.000000E+00
 +0.163894E+01 -0.103510E+03 +0.668980E+02 -0.982401E+02 -0.103429E+02 +0.324239E+02 +0.000000E+00 +0.000000E+00 +0.146758E-02 -0.167005E-02 +0.000000E+00 +0.123211E-02 +0.000000E+00 +0.000000E+00
 +0.163894E+01 -0.103520E+03 +0.669884E+02 -0.981699E+02 -0.102899E+02 +0.322999E+02 +0.000000E+00 +0.000000E+00 +0.146829E-02 -0.166972E-02 +0.000000E+00 +0.122739E-02 +0.000000E+00 +0.000000E+00
 +0.163894E+01 -0.103530E+03 +0.670789E+02 -0.980996E+02 -0.102369E+02 +0.321758E+02 +0.000000E+00 +0.000000E+00 +0.146900E-02 -0.166939E-02 +0.000000E+00 +0.122268E-02 +0.000000E+00 +0.000000E+00
 +0.163894E+01 -0.103540E+03 +0.671670E+02 -0.980231E+02 -0.101825E+02 +0.320494E+02 +0.000000E+00 +0.000000E+00 +0.146964E-02 -0.166897E-02 +0.000000E+00 +0.121788E-02 +0.000000E+00 +0.000000E+00
 +0.163894E+01 -0.103550E+03 +0.672497E+02 -0.979315E+02 -0.101250E+02 +0.319173E+02 +0.000000E+00 +0.000000E+00 +0.147012E-02 -0.166832E-02 +0.000000E+00 +0.121286E-02 +0.000000E+00 +0.000000E+00
 +0.163894E+01 -0.103560E+03 +0.673349E+02 -0.978359E+02 -0.100654E+02 +0.317898E+02 +0.000000E+00 +0.000000E+00 +0.147060E-02 -0.166764E-02 +0.000000E+00 +0.120801E-02 +0.000000E+00 +0.000000E+00
 +0.163894E+01 -0.103570E+03 +0.674309E+02 -0.977225E+02 -0.999623E+01 +0.316823E+02 +0.000000E+00 +0.000000E+00 +0.147111E-02 -0.166680E-02 +0.000000E+00 +0.120393E-02 +0.000000E+00 +0.000000E+00
 +0.163894E+01 -0.103580E+03 +0.675269E+02 -0.976090E+02 -0.992710E+01 +0.315748E+02 +0.000000E+00 +0.000000E+00 +0.147163E-02 -0.166596E-02 +0.000000E+00 +0.119984E-02 +0.000000E+00 +0.000000E+00
 +0.163894E+01 -0.103590E+03 +0.676229E+02 -0.974955E+02 -0.985797E+01 +0.314673E+02 +0.000000E+00 +0.000000E+00 +0.147214E-02 -0.166511E-02 +0.000000E+00 +0.119576E-02 +0.000000E+00 +0.000000E+00
 +0.163894E+01 -0.103600E+03 +0.677189E+02 -0.973821E+02 -0.978884E+01 +0.313598E+02 +0.000000E+00 +0.000000E+00 +0.147265E-02 -0.166427E-02 +0.000000E+00 +0.119167E-02 +0.000000E+00 +0.000000E+00
 +0.163894E+01 -0.103610E+03 +0.678149E+02 -0.972686E+02 -0.971972E+01 +0.312523E+02 +0.000000E+00 +0.000000E+00 +0.147316E-02 -0.166343E-02 +0.000000E+00 +0.118759E-02 +0.000000E+00 +0.000000E+00
 +0.163894E+01 -0.103620E+03 +0.679109E+02 -0.971551E+02 -0.965059E+01 +0.311448E+02 +0.000000E+00 +0.000000E+00 +0.147367E-02 -0.166259E-02 +0.000000E+00 +0.118350E-02 +0.000000E+00 +0.000000E+00
 +0.163894E+01 -0.103630E+03 +0.680069E+02 -0.970417E+02 -0.958146E+01 +0.310373E+02 +0.000000E+00 +0.000000E+00 +0.147418E-02 -0.166174E-02 +0.000000E+00 +0.117942E-02 +0.000000E+00 +0.000000E+00
 +0.163894E+01 -0.103640E+03 +0.681030E+02 -0.969282E+02 -0.951233E+01 +0.309299E+02 +0.000000E+00 +0.000000E+00 +0.147469E-02 -0.166090E-02 +0.000000E+00 +0.117533E-02 +0.000000E+00 +0.000000E+00
 +0.163894E+01 -0.103650E+03 +0.681990E+02 -0.968147E+02 -0.944320E+01 +0.308224E+02 +0.000000E+00 +0.000000E+00 +0.147520E-02 -0.166006E-02 +0.000000E+00 +0.117125E-02 +0.000000E+00 +0.000000E+00
 +0.163894E+01 -0.103660E+03 +0.682950E+02 -0.967013E+02 -0.937407E+01 +0.307149E+02 +0.000000E+00 +0.000000E+00 +0.147571E-02 -0.165922E-02 +0.000000E+00 +0.116717E-02 +0.000000E+00 +0.000000E+00
 +0.163894E+01 -0.103670E+03 +0.683910E+02 -0.965878E+02 -0.930495E+01 +0.306074E+02 +0.000000E+00 +0.000000E+00 +0.147622E-02 -0.165837E-02 +0.000000E+00 +0.116308E-02 +0.000000E+00 +0.000000E+00
 +0.163894E+01 -0.103680E+03 +0.684870E+02 -0.964743E+02 -0.923582E+01 +0.304999E+02 +0.000000E+00 +0.000000E+00 +0.147673E-02 -0.165753E-02 +0.000000E+00 +0.115900E-02 +0.000000E+00 +0.000000E+00
 +0.163894E+01 -0.103690E+03 +0.685830E+02 -0.963609E+02 -0.916669E+01 +0.303924E+02 +0.000000E+00 +0.000000E+00 +0.147724E-02 -0.165669E-02 +0.000000E+00 +0.115491E-02 +0.000000E+00 +0.000000E+00
 +0.163894E+01 -0.103700E+03 +0.686794E+02 -0.962484E+02 -0.909777E+01 +0.302834E+02 +0.000000E+00 +0.000000E+00 +0.147777E-02 -0.165586E-02 +0.000000E+00 +0.115077E-02 +0.000000E+00 +0.000000E+00
 +0.163894E+01 -0.103710E+03 +0.687766E+02 -0.961377E+02 -0.902919E+01 +0.301717E+02 +0.000000E+00 +0.000000E+00 +0.147831E-02 -0.165506E-02 +0.000000E+00 +0.114653E-02 +0.000000E+00 +0.000000E+00
 +0.163894E+01 -0.103720E+03 +0.688737E+02 -0.960270E+02 -0.896061E+01 +0.300601E+02 +0.000000E+00 +0.000000E+00 +0.147885E-02 -0.165426E-02 +0.000000E+00 +0.114228E-02 +0.000000E+00 +0.000000E+00
 +0.163894E+01 -0.103730E+03 +0.689690E+02 -0.959233E+02 -0.889494E+01 +0.299503E+02 +0.000000E+00 +0.000000E+00 +0.147941E-02 -0.165354E-02 +0.000000E+00 +0.113811E-02 +0.000000E+00 +0.000000E+00
 +0.163894E+01 -0.103740E+03 +0.690501E+02 -0.958364E+02 -0.883950E+01 +0.298398E+02 +0.000000E+00 +0.000000E+00 +0.147990E-02 -0.165294E-02 +0.000000E+00 +0.113391E-02 +0.000000E+00 +0.000000E+00
 +0.163894E+01 -0.103750E+03 +0.691290E+02 -0.957445E+02 -0.878311E+01 +0.297262E+02 +0.000000E+00 +0.000000E+00 +0.148033E-02 -0.165227E-02 +0.000000E+00 +0.112960E-02 +0.000000E+00 +0.000000E+00
 +0.163894E+01 -0.103760E+03 +0.692080E+02 -0.956526E+02 -0.872671E+01 +0.296126E+02 +0.000000E+00 +0.000000E+00 +0.148076E-02 -0.165159E-02 +0.000000E+00 +0.112528E-02 +0.000000E+00 +0.000000E+00
 +0.163894E+01 -0.103770E+03 +0.692870E+02 -0.955607E+02 -0.867032E+01 +0.294990E+02 +0.000000E+00 +0.000000E+00 +0.148119E-02 -0.165092E-02 +0.000000E+00 +0.112096E-02 +0.000000E+00 +0.000000E+00
 +0.163894E+01 -0.103780E+03 +0.693660E+02 -0.954688E+02 -0.861392E+01 +0.293854E+02 +0.000000E+00 +0.000000E+00 +0.148162E-02 -0.165024E-02 +0.000000E+00 +0.111665E-02 +0.000000E+00 +0.000000E+00
 +0.163894E+01 -0.103790E+03 +0.694450E+02 -0.953768E+02 -0.855753E+01 +0.292718E+02 +0.000000E+00 +0.000000E+00 +0.148205E-02 -0.164957E-02 +0.000000E+00 +0.111233E-02 +0.000000E+00 +0.000000E+00
 +0.163894E+01 -0.103800E+03 +0.695239E+02 -0.952849E+02 -0.850113E+01 +0.291582E+02 +0.000000E+00 +0.000000E+00 +0.148248E-02 -0.164889E-02 +0.000000E+00 +0.110801E-02 +0.000000E+00 +0.000000E+00
 +0.163894E+01 -0.103810E+03 +0.696029E+02 -0.951930E+02 -0.844474E+01 +0.290446E+02 +0.000000E+00 +0.000000E+00 +0.148291E-02 -0.164822E-02 +0.000000E+00 +0.110369E-02 +0.000000E+00 +0.000000E+00
 +0.163894E+01 -0.103820E+03 +0.696819E+02 -0.951011E+02 -0.838834E+01 +0.289310E+02 +0.000000E+00 +0.000000E+00 +0.148333E-02 -0.164754E-02 +0.000000E+00 +0.109938E-02 +0.000000E+00 +0.000000E+00
 +0.163894E+01 -0.103830E+03 +0.697609E+02 -0.950092E+02 -0.833195E+01 +0.288174E+02 +0.000000E+00 +0.000000E+00 +0.148376E-02 -0.164687E-02 +0.000000E+00 +0.109506E-02 +0.000000E+00 +0.000000E+00
 +0.163894E+01 -0.103840E+03 +0.698398E+02 -0.949173E+02 -0.827555E+01 +0.287038E+02 +0.000000E+00 +0.000000E+00 +0.148419E-02 -0.164619E-02 +0.000000E+00 +0.109074E-02 +0.000000E+00 +0.000000E+00
 +0.163894E+01 -0.103850E+03 +0.699188E+02 -0.948254E+02 -0.821916E+01 +0.285901E+02 +0.000000E+00 +0.000000E+00 +0.148462E-02 -0.164552E-02 +0.000000E+00 +0.108643E-02 +0.000000E+00 +0.000000E+00
 +0.163894E+01 -0.103860E+03 +0.699978E+02 -0.947334E+02 -0.816276E+01 +0.284765E+02 +0.000000E+00 +0.000000E+00 +0.148505E-02 -0.164484E-02 +0.000000E+00 +0.108211E-02 +0.000000E+00 +0.000000E+00
 +0.163894E+01 -0.103870E+03 +0.700768E+02 -0.946415E+02 -0.810637E+01 +0.283629E+02 +0.000000E+00 +0.000000E+00 +0.148548E-02 -0.164417E-02 +0.000000E+00 +0.107779E-02 +0.000000E+00 +0.000000E+00
 +0.163894E+01 -0.103880E+03 +0.701558E+02 -0.945496E+02 -0.804997E+01 +0.282493E+02 +0.000000E+00 +0.000000E+00 +0.148591E-02 -0.164349E-02 +0.000000E+00 +0.107347E-02 +0.000000E+00 +0.000000E+00
 +0.163894E+01 -0.103890E+03 +0.702347E+02 -0.944577E+02 -0.799358E+01 +0.281357E+02 +0.000000E+00 +0.000000E+00 +0.148634E-02 -0.164282E-02 +0.000000E+00 +0.106916E-02 +0.000000E+00 +0.000000E+00
 +0.163894E+01 -0.103900E+03 +0.703137E+02 -0.943658E+02 -0.793718E+01 +0.280221E+02 +0.000000E+00 +0.000000E+00 +0.148677E-02 -0.164214E-02 +0.000000E+00 +0.106484E-02 +0.000000E+00 +0.000000E+00
 +0.163894E+01 -0.103910E+03 +0.703947E+02 -0.942823E+02 -0.788292E+01 +0.279181E+02 +0.000000E+00 +0.000000E+00 +0.148727E-02 -0.164159E-02 +0.000000E+00 +0.106089E-02 +0.000000E+00 +0.000000E+00
 +0.163894E+01 -0.103920E+03 +0.704765E+02 -0.942025E+02 -0.782956E+01 +0.278181E+02 +0.000000E+00 +0.000000E+00 +0.148782E-02 -0.164109E-02 +0.000000E+00 +0.105709E-02 +0.000000E+00 +0.000000E+00
 +0.163894E+01 -0.103930E+03 +0.705583E+02 -0.941226E+02 -0.777621E+01 +0.277181E+02 +0.000000E+00 +0.000000E+00 +0.148836E-02 -0.164058E-02 +0.000000E+00 +0.105329E-02 +0.000000E+00 +0.000000E+00
 +0.163894E+01 -0.103940E+03 +0.706402E+02 -0.940427E+02 -0.772285E+01 +0.276182E+02 +0.000000E+00 +0.000000E+00 +0.148890E-02 -0.164008E-02 +0.000000E+00 +0.104949E-02 +0.000000E+00 +0.000000E+00
 +0.163894E+01 -0.103950E+03 +0.707220E+02 -0.939629E+02 -0.766949E+01 +0.275182E+02 +0.000000E+00 +0.000000E+00 +0.148944E-02 -0.163957E-02 +0.000000E+00 +0.104569E-02 +0.000000E+00 +0.000000E+00
 +0.163894E+01 -0.103960E+03 +0.707958E+02 -0.938774E+02 -0.761694E+01 +0.274128E+02 +0.000000E+00 +0.000000E+00 +0.148984E-02 -0.163895E-02 +0.000000E+00 +0.104168E-02 +0.000000E+00 +0.000000E+00
 +0.163894E+01 -0.103970E+03 +0.708624E+02 -0.937870E+02 -0.756512E+01 +0.273025E+02 +0.000000E+00 +0.000000E+00 +0.149012E-02 -0.163822E-02 +0.000000E+00 +0.103749E-02 +0.000000E+00 +0.000000E+00
 +0.163894E+01 -0.103980E+03 +0.709291E+02 -0.936966E+02 -0.751329E+01 +0.271922E+02 +0.000000E+00 +0.000000E+00 +0.149040E-02 -0.163748E-02 +0.000000E+00 +0.103330E-02 +0.000000E+00 +0.000000E+00
 +0.163894E+01 -0.103990E+03 +0.709957E+02 -0.936062E+02 -0.746147E+01 +0.270819E+02 +0.000000E+00 +0.000000E+00 +0.149069E-02 -0.163675E-02 +0.000000E+00 +0.102911E-02 +0.000000E+00 +0.000000E+00
 +0.163894E+01 -0.104000E+03 +0.710623E+02 -0.935158E+02 -0.740965E+01 +0.269717E+02 +0.000000E+00 +0.000000E+00 +0.149097E-02 -0.163602E-02 +0.000000E+00 +0.102492E-02 +0.000000E+00 +0.000000E+00
 +0.163894E+01 -0.104010E+03 +0.711290E+02 -0.934254E+02 -0.735782E+01 +0.268614E+02 +0.000000E+00 +0.000000E+00 +0.149125E-02 -0.163528E-02 +0.000000E+00 +0.102073E-02 +0.000000E+00 +0.000000E+00
 +0.163894E+01 -0.104020E+03 +0.711956E+02 -0.933350E+02 -0.730600E+01 +0.267511E+02 +0.000000E+00 +0.000000E+00 +0.149153E-02 -0.163455E-02 +0.000000E+00 +0.101654E-02 +0.000000E+00 +0.000000E+00
 +0.163894E+01 -0.104030E+03 +0.712622E+02 -0.932446E+02 -0.725417E+01 +0.266408E+02 +0.000000E+00 +0.000000E+00 +0.149181E-02 -0.163382E-02 +0.000000E+00 +0.101235E-02 +0.000000E+00 +0.000000E+00
 +0.163894E+01 -0.104040E+03 +0.713289E+02 -0.931542E+02 -0.720235E+01 +0.265306E+02 +0.000000E+00 +0.000000E+00 +0.149209E-02 -0.163308E-02 +0.000000E+00 +0.100816E-02 +0.000000E+00 +0.000000E+00
 +0.163894E+01 -0.104050E+03 +0.713955E+02 -0.930638E+02 -0.715052E+01 +0.264203E+02 +0.000000E+00 +0.000000E+00 +0.149237E-02 -0.163235E-02 +0.000000E+00 +0.100397E-02 +0.000000E+00 +0.000000E+00
 +0.163894E+01 -0.104060E+03 +0.714621E+02 -0.929733E+02 -0.709870E+01 +0.263100E+02 +0.000000E+00 +0.000000E+00 +0.149266E-02 -0.163162E-02 +0.000000E+00 +0.999780E-03 +0.000000E+00 +0.000000E+00
 +0.163894E+01 -0.104070E+03 +0.715288E+02 -0.928829E+02 -0.704687E+01 +0.261997E+02 +0.000000E+00 +0.000000E+00 +0.149294E-02 -0.163089E-02 +0.000000E+00 +0.995590E-03 +0.000000E+00 +0.000000E+00
 +0.163894E+01 -0.104080E+03 +0.715954E+02 -0.927925E+02 -0.699505E+01 +0.260895E+02 +0.000000E+00 +0.000000E+00 +0.149322E-02 -0.163015E-02 +0.000000E+00 +0.991399E-03 +0.000000E+00 +0.000000E+00
 +0.163894E+01 -0.104090E+03 +0.716582E+02 -0.927065E+02 -0.694593E+01 +0.259859E+02 +0.000000E+00 +0.000000E+00 +0.149348E-02 -0.162945E-02 +0.000000E+00 +0.987463E-03 +0.000000E+00 +0.000000E+00
 +0.163894E+01 -0.104100E+03 +0.717152E+02 -0.926270E+02 -0.690090E+01 +0.258924E+02 +0.000000E+00 +0.000000E+00 +0.149371E-02 -0.162880E-02 +0.000000E+00 +0.983911E-03 +0.000000E+00 +0.000000E+00
 +0.163894E+01 -0.104110E+03 +0.717722E+02 -0.925476E+02 -0.685587E+01 +0.257989E+02 +0.000000E+00 +0.000000E+00 +0.149393E-02 -0.162814E-02 +0.000000E+00 +0.980359E-03 +0.000000E+00 +0.000000E+00
 +0.163894E+01 -0.104120E+03 +0.718293E+02 -0.924682E+02 -0.681084E+01 +0.257054E+02 +0.000000E+00 +0.000000E+00 +0.149416E-02 -0.162749E-02 +0.000000E+00 +0.976807E-03 +0.000000E+00 +0.000000E+00
 +0.163894E+01 -0.104130E+03 +0.718863E+02 -0.923887E+02 -0.676581E+01 +0.256120E+02 +0.000000E+00 +0.000000E+00 +0.149439E-02 -0.162684E-02 +0.000000E+00 +0.973255E-03 +0.000000E+00 +0.000000E+00
 +0.163894E+01 -0.104140E+03 +0.719433E+02 -0.923093E+02 -0.672077E+01 +0.255185E+02 +0.000000E+00 +0.000000E+00 +0.149462E-02 -0.162618E-02 +0.000000E+00 +0.969703E-03 +0.000000E+00 +0.000000E+00
 +0.163894E+01 -0.104150E+03 +0.720003E+02 -0.922299E+02 -0.667574E+01 +0.254250E+02 +0.000000E+00 +0.000000E+00 +0.149485E-02 -0.162553E-02 +0.000000E+00 +0.966151E-03 +0.000000E+00 +0.000000E+00
 +0.163894E+01 -0.104160E+03 +0.720574E+02 -0.921504E+02 -0.663071E+01 +0.253315E+02 +0.000000E+00 +0.000000E+00 +0.149507E-02 -0.162487E-02 +0.000000E+00 +0.962599E-03 +0.000000E+00 +0.000000E+00
 +0.163894E+01 -0.104170E+03 +0.721144E+02 -0.920710E+02 -0.658568E+01 +0.252381E+02 +0.000000E+00 +0.000000E+00 +0.149530E-02 -0.162422E-02 +0.000000E+00 +0.959047E-03 +0.000000E+00 +0.000000E+00
 +0.163894E+01 -0.104180E+03 +0.721714E+02 -0.919915E+02 -0.654065E+01 +0.251446E+02 +0.000000E+00 +0.000000E+00 +0.149553E-02 -0.162357E-02 +0.000000E+00 +0.955495E-03 +0.000000E+00 +0.000000E+00
 +0.163894E+01 -0.104190E+03 +0.722284E+02 -0.919121E+02 -0.649562E+01 +0.250511E+02 +0.000000E+00 +0.000000E+00 +0.149576E-02 -0.162291E-02 +0.000000E+00 +0.951943E-03 +0.000000E+00 +0.000000E+00
 +0.163894E+01 -0.104200E+03 +0.722854E+02 -0.918327E+02 -0.645059E+01 +0.249577E+02 +0.000000E+00 +0.000000E+00 +0.149598E-02 -0.162226E-02 +0.000000E+00 +0.948391E-03 +0.000000E+00 +0.000000E+00
 +0.163894E+01 -0.104210E+03 +0.723425E+02 -0.917532E+02 -0.640555E+01 +0.248642E+02 +0.000000E+00 +0.000000E+00 +0.149621E-02 -0.162161E-02 +0.000000E+00 +0.944839E-03 +0.000000E+00 +0.000000E+00
 +0.163894E+01 -0.104220E+03 +0.723995E+02 -0.916738E+02 -0.636052E+01 +0.247707E+02 +0.000000E+00 +0.000000E+00 +0.149644E-02 -0.162095E-02 +0.000000E+00 +0.941287E-03 +0.000000E+00 +0.000000E+00
 +0.163894E+01 -0.104230E+03 +0.724470E+02 -0.915846E+02 -0.631539E+01 +0.246748E+02 +0.000000E+00 +0.000000E+00 +0.149649E-02 -0.162011E-02 +0.000000E+00 +0.937641E-03 +0.000000E+00 +0.000000E+00
 +0.163894E+01 -0.104240E+03 +0.724863E+02 -0.914868E+02 -0.627017E+01 +0.245767E+02 +0.000000E+00 +0.000000E+00 +0.149637E-02 -0.161912E-02 +0.000000E+00 +0.933913E-03 +0.000000E+00 +0.000000E+00
 +0.163894E+01 -0.104250E+03 +0.725256E+02 -0.913891E+02 -0.622496E+01 +0.244786E+02 +0.000000E+00 +0.000000E+00 +0.149626E-02 -0.161812E-02 +0.000000E+00 +0.930185E-03 +0.000000E+00 +0.000000E+00
 +0.163894E+01 -0.104260E+03 +0.725649E+02 -0.912914E+02 -0.617974E+01 +0.243805E+02 +0.000000E+00 +0.000000E+00 +0.149615E-02 -0.161712E-02 +0.000000E+00 +0.926458E-03 +0.000000E+00 +0.000000E+00
 +0.163894E+01 -0.104270E+03 +0.726042E+02 -0.911937E+02 -0.613452E+01 +0.242824E+02 +0.000000E+00 +0.000000E+00 +0.149604E-02 -0.161612E-02 +0.000000E+00 +0.922730E-03 +0.000000E+00 +0.000000E+00
 +0.163894E+01 -0.104280E+03 +0.726444E+02 -0.910979E+02 -0.608963E+01 +0.241844E+02 +0.000000E+00 +0.000000E+00 +0.149595E-02 -0.161516E-02 +0.000000E+00 +0.919007E-03 +0.000000E+00 +0.000000E+00
 +0.163894E+01 -0.104290E+03 +0.727020E+02 -0.910390E+02 -0.605122E+01 +0.240887E+02 +0.000000E+00 +0.000000E+00 +0.149631E-02 -0.161477E-02 +0.000000E+00 +0.915371E-03 +0.000000E+00 +0.000000E+00
 +0.163894E+01 -0.104300E+03 +0.727596E+02 -0.909802E+02 -0.601280E+01 +0.239930E+02 +0.000000E+00 +0.000000E+00 +0.149667E-02 -0.161438E-02 +0.000000E+00 +0.911736E-03 +0.000000E+00 +0.000000E+00
 +0.163894E+01 -0.104310E+03 +0.728171E+02 -0.909213E+02 -0.597438E+01 +0.238974E+02 +0.000000E+00 +0.000000E+00 +0.149704E-02 -0.161399E-02 +0.000000E+00 +0.908100E-03 +0.000000E+00 +0.000000E+00
 +0.163894E+01 -0.104320E+03 +0.728747E+02 -0.908625E+02 -0.593596E+01 +0.238017E+02 +0.000000E+00 +0.000000E+00 +0.149740E-02 -0.161360E-02 +0.000000E+00 +0.904464E-03 +0.000000E+00 +0.000000E+00
 +0.163894E+01 -0.104330E+03 +0.729323E+02 -0.908036E+02 -0.589754E+01 +0.237060E+02 +0.000000E+00 +0.000000E+00 +0.149777E-02 -0.161322E-02 +0.000000E+00 +0.900829E-03 +0.000000E+00 +0.000000E+00
 +0.163894E+01 -0.104340E+03 +0.729898E+02 -0.907448E+02 -0.585912E+01 +0.236103E+02 +0.000000E+00 +0.000000E+00 +0.149813E-02 -0.161283E-02 +0.000000E+00 +0.897193E-03 +0.000000E+00 +0.000000E+00
 +0.163894E+01 -0.104350E+03 +0.730474E+02 -0.906859E+02 -0.582070E+01 +0.235147E+02 +0.000000E+00 +0.000000E+00 +0.149849E-02 -0.161244E-02 +0.000000E+00 +0.893557E-03 +0.000000E+00 +0.000000E+00
 +0.163894E+01 -0.104360E+03 +0.731050E+02 -0.906271E+02 -0.578229E+01 +0.234190E+02 +0.000000E+00 +0.000000E+00 +0.149886E-02 -0.161205E-02 +0.000000E+00 +0.889922E-03 +0.000000E+00 +0.000000E+00
 +0.163894E+01 -0.104370E+03 +0.731626E+02 -0.905682E+02 -0.574387E+01 +0.233233E+02 +0.000000E+00 +0.000000E+00 +0.149922E-02 -0.161166E-02 +0.000000E+00 +0.886286E-03 +0.000000E+00 +0.000000E+00
 +0.163894E+01 -0.104380E+03 +0.732201E+02 -0.905094E+02 -0.570545E+01 +0.232276E+02 +0.000000E+00 +0.000000E+00 +0.149959E-02 -0.161127E-02 +0.000000E+00 +0.882651E-03 +0.000000E+00 +0.000000E+00
 +0.163894E+01 -0.104390E+03 +0.732777E+02 -0.904505E+02 -0.566703E+01 +0.231320E+02 +0.000000E+00 +0.000000E+00 +0.149995E-02 -0.161089E-02 +0.000000E+00 +0.879015E-03 +0.000000E+00 +0.000000E+00
 +0.163894E+01 -0.104400E+03 +0.733353E+02 -0.903917E+02 -0.562861E+01 +0.230363E+02 +0.000000E+00 +0.000000E+00 +0.150031E-02 -0.161050E-02 +0.000000E+00 +0.875379E-03 +0.000000E+00 +0.000000E+00
 +0.163894E+01 -0.104410E+03 +0.733928E+02 -0.903328E+02 -0.559019E+01 +0.229406E+02 +0.000000E+00 +0.000000E+00 +0.150068E-02 -0.161011E-02 +0.000000E+00 +0.871744E-03 +0.000000E+00 +0.000000E+00
 +0.163894E+01 -0.104420E+03 +0.734504E+02 -0.902740E+02 -0.555178E+01 +0.228449E+02 +0.000000E+00 +0.000000E+00 +0.150104E-02 -0.160972E-02 +0.000000E+00 +0.868108E-03 +0.000000E+00 +0.000000E+00
 +0.163894E+01 -0.104430E+03 +0.735080E+02 -0.902151E+02 -0.551336E+01 +0.227493E+02 +0.000000E+00 +0.000000E+00 +0.150141E-02 -0.160933E-02 +0.000000E+00 +0.864472E-03 +0.000000E+00 +0.000000E+00
 +0.163894E+01 -0.104440E+03 +0.735655E+02 -0.901563E+02 -0.547494E+01 +0.226536E+02 +0.000000E+00 +0.000000E+00 +0.150177E-02 -0.160895E-02 +0.000000E+00 +0.860837E-03 +0.000000E+00 +0.000000E+00
 +0.163894E+01 -0.104450E+03 +0.736231E+02 -0.900974E+02 -0.543652E+01 +0.225579E+02 +0.000000E+00 +0.000000E+00 +0.150213E-02 -0.160856E-02 +0.000000E+00 +0.857201E-03 +0.000000E+00 +0.000000E+00
 +0.163894E+01 -0.104460E+03 +0.736807E+02 -0.900386E+02 -0.539810E+01 +0.224622E+02 +0.000000E+00 +0.000000E+00 +0.150250E-02 -0.160817E-02 +0.000000E+00 +0.853565E-03 +0.000000E+00 +0.000000E+00
 +0.163894E+01 -0.104470E+03 +0.737383E+02 -0.899797E+02 -0.535968E+01 +0.223666E+02 +0.000000E+00 +0.000000E+00 +0.150286E-02 -0.160778E-02 +0.000000E+00 +0.849930E-03 +0.000000E+00 +0.000000E+00
 +0.163894E+01 -0.104480E+03 +0.737958E+02 -0.899209E+02 -0.532126E+01 +0.222709E+02 +0.000000E+00 +0.000000E+00 +0.150322E-02 -0.160739E-02 +0.000000E+00 +0.846294E-03 +0.000000E+00 +0.000000E+00
 +0.163894E+01 -0.104490E+03 +0.738534E+02 -0.898620E+02 -0.528285E+01 +0.221752E+02 +0.000000E+00 +0.000000E+00 +0.150359E-02 -0.160700E-02 +0.000000E+00 +0.842658E-03 +0.000000E+00 +0.000000E+00
 +0.163894E+01 -0.104500E+03 +0.739110E+02 -0.898032E+02 -0.524443E+01 +0.220795E+02 +0.000000E+00 +0.000000E+00 +0.150395E-02 -0.160662E-02 +0.000000E+00 +0.839023E-03 +0.000000E+00 +0.000000E+00
 +0.163894E+01 -0.104510E+03 +0.739685E+02 -0.897443E+02 -0.520601E+01 +0.219839E+02 +0.000000E+00 +0.000000E+00 +0.150432E-02 -0.160623E-02 +0.000000E+00 +0.835387E-03 +0.000000E+00 +0.000000E+00
 +0.163894E+01 -0.104520E+03 +0.740233E+02 -0.896483E+02 -0.515625E+01 +0.218942E+02 +0.000000E+00 +0.000000E+00 +0.150441E-02 -0.160535E-02 +0.000000E+00 +0.831979E-03 +0.000000E+00 +0.000000E+00
 +0.163894E+01 -0.104530E+03 +0.740762E+02 -0.895281E+02 -0.509911E+01 +0.218084E+02 +0.000000E+00 +0.000000E+00 +0.150433E-02 -0.160415E-02 +0.000000E+00 +0.828719E-03 +0.000000E+00 +0.000000E+00
 +0.163894E+01 -0.104540E+03 +0.741171E+02 -0.894173E+02 -0.504909E+01 +0.217324E+02 +0.000000E+00 +0.000000E+00 +0.150416E-02 -0.160300E-02 +0.000000E+00 +0.825833E-03 +0.000000E+00 +0.000000E+00
 +0.163894E+01 -0.104550E+03 +0.741513E+02 -0.893119E+02 -0.500302E+01 +0.216620E+02 +0.000000E+00 +0.000000E+00 +0.150393E-02 -0.160187E-02 +0.000000E+00 +0.823155E-03 +0.000000E+00 +0.000000E+00
 +0.163894E+01 -0.104560E+03 +0.741854E+02 -0.892065E+02 -0.495695E+01 +0.215915E+02 +0.000000E+00 +0.000000E+00 +0.150371E-02 -0.160074E-02 +0.000000E+00 +0.820477E-03 +0.000000E+00 +0.000000E+00
 +0.163894E+01 -0.104570E+03 +0.742196E+02 -0.891011E+02 -0.491088E+01 +0.215210E+02 +0.000000E+00 +0.000000E+00 +0.150348E-02 -0.159961E-02 +0.000000E+00 +0.817799E-03 +0.000000E+00 +0.000000E+00
 +0.163894E+01 -0.104580E+03 +0.742538E+02 -0.889957E+02 -0.486482E+01 +0.214506E+02 +0.000000E+00 +0.000000E+00 +0.150325E-02 -0.159849E-02 +0.000000E+00 +0.815121E-03 +0.000000E+00 +0.000000E+00
 +0.163894E+01 -0.104590E+03 +0.742880E+02 -0.888903E+02 -0.481875E+01 +0.213801E+02 +0.000000E+00 +0.000000E+00 +0.150303E-02 -0.159736E-02 +0.000000E+00 +0.812443E-03 +0.000000E+00 +0.000000E+00
 +0.163894E+01 -0.104600E+03 +0.743222E+02 -0.887849E+02 -0.477268E+01 +0.213096E+02 +0.000000E+00 +0.000000E+00 +0.150280E-02 -0.159623E-02 +0.000000E+00 +0.809765E-03 +0.000000E+00 +0.000000E+00
 +0.163894E+01 -0.104610E+03 +0.743564E+02 -0.886794E+02 -0.472661E+01 +0.212391E+02 +0.000000E+00 +0.000000E+00 +0.150258E-02 -0.159510E-02 +0.000000E+00 +0.807087E-03 +0.000000E+00 +0.000000E+00
 +0.163894E+01 -0.104620E+03 +0.743906E+02 -0.885740E+02 -0.468054E+01 +0.211687E+02 +0.000000E+00 +0.000000E+00 +0.150235E-02 -0.159398E-02 +0.000000E+00 +0.804410E-03 +0.000000E+00 +0.000000E+00
 +0.163894E+01 -0.104630E+03 +0.744248E+02 -0.884686E+02 -0.463447E+01 +0.210982E+02 +0.000000E+00 +0.000000E+00 +0.150213E-02 -0.159285E-02 +0.000000E+00 +0.801732E-03 +0.000000E+00 +0.000000E+00
 +0.163894E+01 -0.104640E+03 +0.744590E+02 -0.883632E+02 -0.458840E+01 +0.210277E+02 +0.000000E+00 +0.000000E+00 +0.150190E-02 -0.159172E-02 +0.000000E+00 +0.799054E-03 +0.000000E+00 +0.000000E+00
 +0.163894E+01 -0.104650E+03 +0.744932E+02 -0.882578E+02 -0.454233E+01 +0.209573E+02 +0.000000E+00 +0.000000E+00 +0.150167E-02 -0.159059E-02 +0.000000E+00 +0.796376E-03 +0.000000E+00 +0.000000E+00
 +0.163894E+01 -0.104660E+03 +0.745273E+02 -0.881524E+02 -0.449626E+01 +0.208868E+02 +0.000000E+00 +0.000000E+00 +0.150145E-02 -0.158947E-02 +0.000000E+00 +0.793698E-03 +0.000000E+00 +0.000000E+00
 +0.163894E+01 -0.104670E+03 +0.745615E+02 -0.880470E+02 -0.445019E+01 +0.208163E+02 +0.000000E+00 +0.000000E+00 +0.150122E-02 -0.158834E-02 +0.000000E+00 +0.791020E-03 +0.000000E+00 +0.000000E+00
 +0.163894E+01 -0.104680E+03 +0.745957E+02 -0.879416E+02 -0.440412E+01 +0.207458E+02 +0.000000E+00 +0.000000E+00 +0.150100E-02 -0.158721E-02 +0.000000E+00 +0.788342E-03 +0.000000E+00 +0.000000E+00
 +0.163894E+01 -0.104690E+03 +0.746299E+02 -0.878361E+02 -0.435805E+01 +0.206754E+02 +0.000000E+00 +0.000000E+00 +0.150077E-02 -0.158608E-02 +0.000000E+00 +0.785664E-03 +0.000000E+00 +0.000000E+00
 +0.163894E+01 -0.104700E+03 +0.746641E+02 -0.877307E+02 -0.431198E+01 +0.206049E+02 +0.000000E+00 +0.000000E+00 +0.150055E-02 -0.158496E-02 +0.000000E+00 +0.782986E-03 +0.000000E+00 +0.000000E+00
 +0.163894E+01 -0.104710E+03 +0.746983E+02 -0.876253E+02 -0.426591E+01 +0.205344E+02 +0.000000E+00 +0.000000E+00 +0.150032E-02 -0.158383E-02 +0.000000E+00 +0.780308E-03 +0.000000E+00 +0.000000E+00
 +0.163894E+01 -0.104720E+03 +0.747325E+02 -0.875199E+02 -0.421985E+01 +0.204640E+02 +0.000000E+00 +0.000000E+00 +0.150009E-02 -0.158270E-02 +0.000000E+00 +0.777630E-03 +0.000000E+00 +0.000000E+00
 +0.163894E+01 -0.104730E+03 +0.747667E+02 -0.874145E+02 -0.417378E+01 +0.203935E+02 +0.000000E+00 +0.000000E+00 +0.149987E-02 -0.158157E-02 +0.000000E+00 +0.774952E-03 +0.000000E+00 +0.000000E+00
 +0.163894E+01 -0.104740E+03 +0.748009E+02 -0.873091E+02 -0.412771E+01 +0.203230E+02 +0.000000E+00 +0.000000E+00 +0.149964E-02 -0.158045E-02 +0.000000E+00 +0.772274E-03 +0.000000E+00 +0.000000E+00
 +0.163894E+01 -0.104750E+03 +0.748351E+02 -0.872037E+02 -0.408164E+01 +0.202525E+02 +0.000000E+00 +0.000000E+00 +0.149942E-02 -0.157932E-02 +0.000000E+00 +0.769597E-03 +0.000000E+00 +0.000000E+00
 +0.163894E+01 -0.104760E+03 +0.748693E+02 -0.870982E+02 -0.403557E+01 +0.201821E+02 +0.000000E+00 +0.000000E+00 +0.149919E-02 -0.157819E-02 +0.000000E+00 +0.766919E-03 +0.000000E+00 +0.000000E+00
 +0.163894E+01 -0.104770E+03 +0.749034E+02 -0.869928E+02 -0.398950E+01 +0.201116E+02 +0.000000E+00 +0.000000E+00 +0.149897E-02 -0.157706E-02 +0.000000E+00 +0.764241E-03 +0.000000E+00 +0.000000E+00
 +0.163894E+01 -0.104780E+03 +0.749376E+02 -0.868874E+02 -0.394343E+01 +0.200411E+02 +0.000000E+00 +0.000000E+00 +0.149874E-02 -0.157594E-02 +0.000000E+00 +0.761563E-03 +0.000000E+00 +0.000000E+00
 +0.163894E+01 -0.104790E+03 +0.749718E+02 -0.867820E+02 -0.389736E+01 +0.199707E+02 +0.000000E+00 +0.000000E+00 +0.149851E-02 -0.157481E-02 +0.000000E+00 +0.758885E-03 +0.000000E+00 +0.000000E+00
 +0.163894E+01 -0.104800E+03 +0.750060E+02 -0.866766E+02 -0.385129E+01 +0.199002E+02 +0.000000E+00 +0.000000E+00 +0.149829E-02 -0.157368E-02 +0.000000E+00 +0.756207E-03 +0.000000E+00 +0.000000E+00
 +0.163894E+01 -0.104810E+03 +0.750402E+02 -0.865712E+02 -0.380522E+01 +0.198297E+02 +0.000000E+00 +0.000000E+00 +0.149806E-02 -0.157255E-02 +0.000000E+00 +0.753529E-03 +0.000000E+00 +0.000000E+00
 +0.163894E+01 -0.104820E+03 +0.750744E+02 -0.864658E+02 -0.375915E+01 +0.197592E+02 +0.000000E+00 +0.000000E+00 +0.149784E-02 -0.157143E-02 +0.000000E+00 +0.750851E-03 +0.000000E+00 +0.000000E+00
 +0.163894E+01 -0.104830E+03 +0.751086E+02 -0.863603E+02 -0.371308E+01 +0.196888E+02 +0.000000E+00 +0.000000E+00 +0.149761E-02 -0.157030E-02 +0.000000E+00 +0.748173E-03 +0.000000E+00 +0.000000E+00
 +0.163894E+01 -0.104840E+03 +0.751428E+02 -0.862549E+02 -0.366701E+01 +0.196183E+02 +0.000000E+00 +0.000000E+00 +0.149739E-02 -0.156917E-02 +0.000000E+00 +0.745495E-03 +0.000000E+00 +0.000000E+00
 +0.163894E+01 -0.104850E+03 +0.751770E+02 -0.861495E+02 -0.362094E+01 +0.195478E+02 +0.000000E+00 +0.000000E+00 +0.149716E-02 -0.156804E-02 +0.000000E+00 +0.742817E-03 +0.000000E+00 +0.000000E+00
 +0.163894E+01 -0.104860E+03 +0.752112E+02 -0.860441E+02 -0.357487E+01 +0.194774E+02 +0.000000E+00 +0.000000E+00 +0.149693E-02 -0.156692E-02 +0.000000E+00 +0.740139E-03 +0.000000E+00 +0.000000E+00
 +0.163894E+01 -0.104870E+03 +0.752453E+02 -0.859387E+02 -0.352881E+01 +0.194069E+02 +0.000000E+00 +0.000000E+00 +0.149671E-02 -0.156579E-02 +0.000000E+00 +0.737462E-03 +0.000000E+00 +0.000000E+00
 +0.163894E+01 -0.104880E+03 +0.752795E+02 -0.858333E+02 -0.348274E+01 +0.193364E+02 +0.000000E+00 +0.000000E+00 +0.149648E-02 -0.156466E-02 +0.000000E+00 +0.734784E-03 +0.000000E+00 +0.000000E+00
 +0.163894E+01 -0.104890E+03 +0.753137E+02 -0.857279E+02 -0.343667E+01 +0.192659E+02 +0.000000E+00 +0.000000E+00 +0.149626E-02 -0.156353E-02 +0.000000E+00 +0.732106E-03 +0.000000E+00 +0.000000E+00
 +0.163894E+01 -0.104900E+03 +0.753479E+02 -0.856225E+02 -0.339060E+01 +0.191955E+02 +0.000000E+00 +0.000000E+00 +0.149603E-02 -0.156241E-02 +0.000000E+00 +0.729428E-03 +0.000000E+00 +0.000000E+00
 +0.163894E+01 -0.104910E+03 +0.753821E+02 -0.855170E+02 -0.334453E+01 +0.191250E+02 +0.000000E+00 +0.000000E+00 +0.149581E-02 -0.156128E-02 +0.000000E+00 +0.726750E-03 +0.000000E+00 +0.000000E+00
 +0.163894E+01 -0.104920E+03 +0.754202E+02 -0.854122E+02 -0.329734E+01 +0.190466E+02 +0.000000E+00 +0.000000E+00 +0.149563E-02 -0.156018E-02 +0.000000E+00 +0.723770E-03 +0.000000E+00 +0.000000E+00
 +0.163894E+01 -0.104930E+03 +0.754668E+02 -0.853085E+02 -0.324774E+01 +0.189511E+02 +0.000000E+00 +0.000000E+00 +0.149558E-02 -0.155915E-02 +0.000000E+00 +0.720143E-03 +0.000000E+00 +0.000000E+00
 +0.163894E+01 -0.104940E+03 +0.755134E+02 -0.852048E+02 -0.319815E+01 +0.188557E+02 +0.000000E+00 +0.000000E+00 +0.149552E-02 -0.155813E-02 +0.000000E+00 +0.716516E-03 +0.000000E+00 +0.000000E+00
 +0.163894E+01 -0.104950E+03 +0.755600E+02 -0.851011E+02 -0.314855E+01 +0.187602E+02 +0.000000E+00 +0.000000E+00 +0.149546E-02 -0.155710E-02 +0.000000E+00 +0.712888E-03 +0.000000E+00 +0.000000E+00
 +0.163894E+01 -0.104960E+03 +0.756066E+02 -0.849974E+02 -0.309895E+01 +0.186648E+02 +0.000000E+00 +0.000000E+00 +0.149541E-02 -0.155607E-02 +0.000000E+00 +0.709261E-03 +0.000000E+00 +0.000000E+00
 +0.163894E+01 -0.104970E+03 +0.756532E+02 -0.848937E+02 -0.304936E+01 +0.185693E+02 +0.000000E+00 +0.000000E+00 +0.149535E-02 -0.155504E-02 +0.000000E+00 +0.705633E-03 +0.000000E+00 +0.000000E+00
 +0.163894E+01 -0.104980E+03 +0.756998E+02 -0.847900E+02 -0.299976E+01 +0.184738E+02 +0.000000E+00 +0.000000E+00 +0.149529E-02 -0.155401E-02 +0.000000E+00 +0.702006E-03 +0.000000E+00 +0.000000E+00
 +0.163894E+01 -0.104990E+03 +0.757464E+02 -0.846863E+02 -0.295016E+01 +0.183784E+02 +0.000000E+00 +0.000000E+00 +0.149523E-02 -0.155299E-02 +0.000000E+00 +0.698378E-03 +0.000000E+00 +0.000000E+00
