%X Y s_xx s_yy s_zz s_xy s_xz s_yz e_xx e_yy e_zz e_xy e_xz e_yz
 +0.110366E+01 -0.100000E+03 +0.373644E+03 -0.109929E+02 +0.119675E+03 -0.578452E+01 +0.000000E+00 +0.000000E+00 +0.482542E-02 -0.248269E-02 +0.000000E+00 -0.219812E-03 +0.000000E+00 +0.000000E+00
 +0.110366E+01 -0.100010E+03 +0.358052E+03 -0.534954E+01 +0.116392E+03 -0.889610E+01 +0.000000E+00 +0.000000E+00 +0.459154E-02 -0.231308E-02 +0.000000E+00 -0.338052E-03 +0.000000E+00 +0.000000E+00
 +0.110366E+01 -0.100020E+03 +0.342455E+03 +0.259975E+00 +0.113096E+03 -0.119987E+02 +0.000000E+00 +0.000000E+00 +0.435782E-02 -0.214388E-02 +0.000000E+00 -0.455952E-03 +0.000000E+00 +0.000000E+00
 +0.110366E+01 -0.100030E+03 +0.326122E+03 -0.316375E+00 +0.107516E+03 -0.134636E+02 +0.000000E+00 +0.000000E+00 +0.415351E-02 -0.204881E-02 +0.000000E+00 -0.511617E-03 +0.000000E+00 +0.000000E+00
 +0.110366E+01 -0.100040E+03 +0.309838E+03 -0.893726E+00 +0.101952E+03 -0.149112E+02 +0.000000E+00 +0.000000E+00 +0.394984E-02 -0.195406E-02 +0.000000E+00 -0.566624E-03 +0.000000E+00 +0.000000E+00
 +0.110366E+01 -0.100050E+03 +0.298035E+03 -0.156213E+01 +0.978361E+02 -0.147841E+02 +0.000000E+00 +0.000000E+00 +0.380378E-02 -0.188857E-02 +0.000000E+00 -0.561797E-03 +0.000000E+00 +0.000000E+00
 +0.110366E+01 -0.100060E+03 +0.286272E+03 -0.223115E+01 +0.937335E+02 -0.146501E+02 +0.000000E+00 +0.000000E+00 +0.365823E-02 -0.182333E-02 +0.000000E+00 -0.556703E-03 +0.000000E+00 +0.000000E+00
 +0.110366E+01 -0.100070E+03 +0.276904E+03 -0.293745E+01 +0.904088E+02 -0.140912E+02 +0.000000E+00 +0.000000E+00 +0.354340E-02 -0.177358E-02 +0.000000E+00 -0.535466E-03 +0.000000E+00 +0.000000E+00
 +0.110366E+01 -0.100080E+03 +0.267571E+03 -0.364408E+01 +0.870957E+02 -0.135269E+02 +0.000000E+00 +0.000000E+00 +0.342902E-02 -0.172406E-02 +0.000000E+00 -0.514021E-03 +0.000000E+00 +0.000000E+00
 +0.110366E+01 -0.100090E+03 +0.259834E+03 -0.436576E+01 +0.843046E+02 -0.127161E+02 +0.000000E+00 +0.000000E+00 +0.333506E-02 -0.168474E-02 +0.000000E+00 -0.483210E-03 +0.000000E+00 +0.000000E+00
 +0.110366E+01 -0.100100E+03 +0.252130E+03 -0.508772E+01 +0.815241E+02 -0.119016E+02 +0.000000E+00 +0.000000E+00 +0.324152E-02 -0.164562E-02 +0.000000E+00 -0.452262E-03 +0.000000E+00 +0.000000E+00
 +0.110366E+01 -0.100110E+03 +0.245582E+03 -0.582004E+01 +0.791215E+02 -0.109583E+02 +0.000000E+00 +0.000000E+00 +0.316275E-02 -0.161389E-02 +0.000000E+00 -0.416417E-03 +0.000000E+00 +0.000000E+00
 +0.110366E+01 -0.100120E+03 +0.239064E+03 -0.655267E+01 +0.767288E+02 -0.100125E+02 +0.000000E+00 +0.000000E+00 +0.308437E-02 -0.158235E-02 +0.000000E+00 -0.380475E-03 +0.000000E+00 +0.000000E+00
 +0.110366E+01 -0.100130E+03 +0.233435E+03 -0.729454E+01 +0.746264E+02 -0.899107E+01 +0.000000E+00 +0.000000E+00 +0.301737E-02 -0.155650E-02 +0.000000E+00 -0.341661E-03 +0.000000E+00 +0.000000E+00
 +0.110366E+01 -0.100140E+03 +0.227834E+03 -0.803675E+01 +0.725332E+02 -0.796809E+01 +0.000000E+00 +0.000000E+00 +0.295072E-02 -0.153083E-02 +0.000000E+00 -0.302788E-03 +0.000000E+00 +0.000000E+00
 +0.110366E+01 -0.100150E+03 +0.222943E+03 -0.878754E+01 +0.706713E+02 -0.690632E+01 +0.000000E+00 +0.000000E+00 +0.289316E-02 -0.150972E-02 +0.000000E+00 -0.262440E-03 +0.000000E+00 +0.000000E+00
 +0.110366E+01 -0.100160E+03 +0.218078E+03 -0.953868E+01 +0.688181E+02 -0.584383E+01 +0.000000E+00 +0.000000E+00 +0.283594E-02 -0.148878E-02 +0.000000E+00 -0.222065E-03 +0.000000E+00 +0.000000E+00
 +0.110366E+01 -0.100170E+03 +0.213796E+03 -0.102974E+02 +0.671546E+02 -0.476569E+01 +0.000000E+00 +0.000000E+00 +0.278619E-02 -0.147159E-02 +0.000000E+00 -0.181096E-03 +0.000000E+00 +0.000000E+00
 +0.110366E+01 -0.100180E+03 +0.209539E+03 -0.110565E+02 +0.654992E+02 -0.368760E+01 +0.000000E+00 +0.000000E+00 +0.273676E-02 -0.145456E-02 +0.000000E+00 -0.140129E-03 +0.000000E+00 +0.000000E+00
 +0.110366E+01 -0.100190E+03 +0.205770E+03 -0.118217E+02 +0.640028E+02 -0.261045E+01 +0.000000E+00 +0.000000E+00 +0.269357E-02 -0.144067E-02 +0.000000E+00 -0.991971E-04 +0.000000E+00 +0.000000E+00
 +0.110366E+01 -0.100200E+03 +0.202024E+03 -0.125872E+02 +0.625141E+02 -0.153403E+01 +0.000000E+00 +0.000000E+00 +0.265069E-02 -0.142692E-02 +0.000000E+00 -0.582932E-04 +0.000000E+00 +0.000000E+00
 +0.110366E+01 -0.100210E+03 +0.198693E+03 -0.133572E+02 +0.611607E+02 -0.470205E+00 +0.000000E+00 +0.000000E+00 +0.261311E-02 -0.141584E-02 +0.000000E+00 -0.178678E-04 +0.000000E+00 +0.000000E+00
 +0.110366E+01 -0.100220E+03 +0.195384E+03 -0.141273E+02 +0.598147E+02 +0.592280E+00 +0.000000E+00 +0.000000E+00 +0.257582E-02 -0.140490E-02 +0.000000E+00 +0.225066E-04 +0.000000E+00 +0.000000E+00
 +0.110366E+01 -0.100230E+03 +0.192432E+03 -0.149000E+02 +0.585854E+02 +0.163372E+01 +0.000000E+00 +0.000000E+00 +0.254308E-02 -0.139622E-02 +0.000000E+00 +0.620813E-04 +0.000000E+00 +0.000000E+00
 +0.110366E+01 -0.100240E+03 +0.189501E+03 -0.156727E+02 +0.573632E+02 +0.267326E+01 +0.000000E+00 +0.000000E+00 +0.251061E-02 -0.138768E-02 +0.000000E+00 +0.101584E-03 +0.000000E+00 +0.000000E+00
 +0.110366E+01 -0.100250E+03 +0.186878E+03 -0.164459E+02 +0.562427E+02 +0.368573E+01 +0.000000E+00 +0.000000E+00 +0.248208E-02 -0.138108E-02 +0.000000E+00 +0.140058E-03 +0.000000E+00 +0.000000E+00
 +0.110366E+01 -0.100260E+03 +0.184277E+03 -0.172190E+02 +0.551291E+02 +0.469581E+01 +0.000000E+00 +0.000000E+00 +0.245381E-02 -0.137461E-02 +0.000000E+00 +0.178441E-03 +0.000000E+00 +0.000000E+00
 +0.110366E+01 -0.100270E+03 +0.181945E+03 -0.179906E+02 +0.541049E+02 +0.567454E+01 +0.000000E+00 +0.000000E+00 +0.242896E-02 -0.136981E-02 +0.000000E+00 +0.215633E-03 +0.000000E+00 +0.000000E+00
 +0.110366E+01 -0.100280E+03 +0.179632E+03 -0.187619E+02 +0.530872E+02 +0.665045E+01 +0.000000E+00 +0.000000E+00 +0.240435E-02 -0.136513E-02 +0.000000E+00 +0.252717E-03 +0.000000E+00 +0.000000E+00
 +0.110366E+01 -0.100290E+03 +0.177556E+03 -0.195297E+02 +0.521488E+02 +0.759213E+01 +0.000000E+00 +0.000000E+00 +0.238274E-02 -0.136189E-02 +0.000000E+00 +0.288501E-03 +0.000000E+00 +0.000000E+00
 +0.110366E+01 -0.100300E+03 +0.175499E+03 -0.202970E+02 +0.512166E+02 +0.853059E+01 +0.000000E+00 +0.000000E+00 +0.236136E-02 -0.135876E-02 +0.000000E+00 +0.324163E-03 +0.000000E+00 +0.000000E+00
 +0.110366E+01 -0.100310E+03 +0.173650E+03 -0.210591E+02 +0.503550E+02 +0.943298E+01 +0.000000E+00 +0.000000E+00 +0.234261E-02 -0.135687E-02 +0.000000E+00 +0.358453E-03 +0.000000E+00 +0.000000E+00
 +0.110366E+01 -0.100320E+03 +0.171819E+03 -0.218205E+02 +0.494995E+02 +0.103318E+02 +0.000000E+00 +0.000000E+00 +0.232407E-02 -0.135508E-02 +0.000000E+00 +0.392609E-03 +0.000000E+00 +0.000000E+00
 +0.110366E+01 -0.100330E+03 +0.170173E+03 -0.225749E+02 +0.487072E+02 +0.111936E+02 +0.000000E+00 +0.000000E+00 +0.230784E-02 -0.135436E-02 +0.000000E+00 +0.425356E-03 +0.000000E+00 +0.000000E+00
 +0.110366E+01 -0.100340E+03 +0.168543E+03 -0.233285E+02 +0.479207E+02 +0.120515E+02 +0.000000E+00 +0.000000E+00 +0.229182E-02 -0.135374E-02 +0.000000E+00 +0.457957E-03 +0.000000E+00 +0.000000E+00
 +0.110366E+01 -0.100350E+03 +0.167077E+03 -0.240736E+02 +0.471911E+02 +0.128719E+02 +0.000000E+00 +0.000000E+00 +0.227783E-02 -0.135403E-02 +0.000000E+00 +0.489133E-03 +0.000000E+00 +0.000000E+00
 +0.110366E+01 -0.100360E+03 +0.165627E+03 -0.248177E+02 +0.464671E+02 +0.136883E+02 +0.000000E+00 +0.000000E+00 +0.226404E-02 -0.135441E-02 +0.000000E+00 +0.520154E-03 +0.000000E+00 +0.000000E+00
 +0.110366E+01 -0.100370E+03 +0.164323E+03 -0.255520E+02 +0.457944E+02 +0.144672E+02 +0.000000E+00 +0.000000E+00 +0.225204E-02 -0.135558E-02 +0.000000E+00 +0.549755E-03 +0.000000E+00 +0.000000E+00
 +0.110366E+01 -0.100380E+03 +0.163034E+03 -0.262850E+02 +0.451271E+02 +0.152420E+02 +0.000000E+00 +0.000000E+00 +0.224023E-02 -0.135683E-02 +0.000000E+00 +0.579194E-03 +0.000000E+00 +0.000000E+00
 +0.110366E+01 -0.100390E+03 +0.161875E+03 -0.270071E+02 +0.445064E+02 +0.159798E+02 +0.000000E+00 +0.000000E+00 +0.223000E-02 -0.135876E-02 +0.000000E+00 +0.607231E-03 +0.000000E+00 +0.000000E+00
 +0.110366E+01 -0.100400E+03 +0.160730E+03 -0.277278E+02 +0.438908E+02 +0.167131E+02 +0.000000E+00 +0.000000E+00 +0.221995E-02 -0.136075E-02 +0.000000E+00 +0.635099E-03 +0.000000E+00 +0.000000E+00
 +0.110366E+01 -0.100410E+03 +0.159702E+03 -0.284367E+02 +0.433175E+02 +0.174104E+02 +0.000000E+00 +0.000000E+00 +0.221130E-02 -0.136333E-02 +0.000000E+00 +0.661594E-03 +0.000000E+00 +0.000000E+00
 +0.110366E+01 -0.100420E+03 +0.158687E+03 -0.291439E+02 +0.427491E+02 +0.181031E+02 +0.000000E+00 +0.000000E+00 +0.220281E-02 -0.136597E-02 +0.000000E+00 +0.687917E-03 +0.000000E+00 +0.000000E+00
 +0.110366E+01 -0.100430E+03 +0.157776E+03 -0.298384E+02 +0.422193E+02 +0.187606E+02 +0.000000E+00 +0.000000E+00 +0.219557E-02 -0.136910E-02 +0.000000E+00 +0.712903E-03 +0.000000E+00 +0.000000E+00
 +0.110366E+01 -0.100440E+03 +0.156878E+03 -0.305312E+02 +0.416943E+02 +0.194135E+02 +0.000000E+00 +0.000000E+00 +0.218848E-02 -0.137228E-02 +0.000000E+00 +0.737714E-03 +0.000000E+00 +0.000000E+00
 +0.110366E+01 -0.100450E+03 +0.156073E+03 -0.312107E+02 +0.412044E+02 +0.200324E+02 +0.000000E+00 +0.000000E+00 +0.218250E-02 -0.137589E-02 +0.000000E+00 +0.761230E-03 +0.000000E+00 +0.000000E+00
 +0.110366E+01 -0.100460E+03 +0.155280E+03 -0.318882E+02 +0.407192E+02 +0.206465E+02 +0.000000E+00 +0.000000E+00 +0.217665E-02 -0.137954E-02 +0.000000E+00 +0.784569E-03 +0.000000E+00 +0.000000E+00
 +0.110366E+01 -0.100470E+03 +0.154570E+03 -0.325520E+02 +0.402661E+02 +0.212279E+02 +0.000000E+00 +0.000000E+00 +0.217178E-02 -0.138354E-02 +0.000000E+00 +0.806661E-03 +0.000000E+00 +0.000000E+00
 +0.110366E+01 -0.100480E+03 +0.153872E+03 -0.332136E+02 +0.398174E+02 +0.218045E+02 +0.000000E+00 +0.000000E+00 +0.216705E-02 -0.138759E-02 +0.000000E+00 +0.828573E-03 +0.000000E+00 +0.000000E+00
 +0.110366E+01 -0.100490E+03 +0.153250E+03 -0.338612E+02 +0.393983E+02 +0.223497E+02 +0.000000E+00 +0.000000E+00 +0.216318E-02 -0.139193E-02 +0.000000E+00 +0.849288E-03 +0.000000E+00 +0.000000E+00
 +0.110366E+01 -0.100500E+03 +0.152638E+03 -0.345064E+02 +0.389834E+02 +0.228901E+02 +0.000000E+00 +0.000000E+00 +0.215943E-02 -0.139631E-02 +0.000000E+00 +0.869822E-03 +0.000000E+00 +0.000000E+00
 +0.110366E+01 -0.100510E+03 +0.152093E+03 -0.351373E+02 +0.385955E+02 +0.234003E+02 +0.000000E+00 +0.000000E+00 +0.215646E-02 -0.140092E-02 +0.000000E+00 +0.889211E-03 +0.000000E+00 +0.000000E+00
 +0.110366E+01 -0.100520E+03 +0.151559E+03 -0.357658E+02 +0.382118E+02 +0.239058E+02 +0.000000E+00 +0.000000E+00 +0.215360E-02 -0.140557E-02 +0.000000E+00 +0.908419E-03 +0.000000E+00 +0.000000E+00
 +0.110366E+01 -0.100530E+03 +0.151086E+03 -0.363798E+02 +0.378530E+02 +0.243824E+02 +0.000000E+00 +0.000000E+00 +0.215142E-02 -0.141042E-02 +0.000000E+00 +0.926533E-03 +0.000000E+00 +0.000000E+00
 +0.110366E+01 -0.100540E+03 +0.150622E+03 -0.369913E+02 +0.374981E+02 +0.248544E+02 +0.000000E+00 +0.000000E+00 +0.214935E-02 -0.141530E-02 +0.000000E+00 +0.944467E-03 +0.000000E+00 +0.000000E+00
 +0.110366E+01 -0.100550E+03 +0.150213E+03 -0.375882E+02 +0.371662E+02 +0.252989E+02 +0.000000E+00 +0.000000E+00 +0.214789E-02 -0.142033E-02 +0.000000E+00 +0.961358E-03 +0.000000E+00 +0.000000E+00
 +0.110366E+01 -0.100560E+03 +0.149813E+03 -0.381824E+02 +0.368380E+02 +0.257387E+02 +0.000000E+00 +0.000000E+00 +0.214652E-02 -0.142539E-02 +0.000000E+00 +0.978071E-03 +0.000000E+00 +0.000000E+00
 +0.110366E+01 -0.100570E+03 +0.149462E+03 -0.387621E+02 +0.365310E+02 +0.261524E+02 +0.000000E+00 +0.000000E+00 +0.214569E-02 -0.143057E-02 +0.000000E+00 +0.993791E-03 +0.000000E+00 +0.000000E+00
 +0.110366E+01 -0.100580E+03 +0.149120E+03 -0.393391E+02 +0.362276E+02 +0.265614E+02 +0.000000E+00 +0.000000E+00 +0.214495E-02 -0.143577E-02 +0.000000E+00 +0.100933E-02 +0.000000E+00 +0.000000E+00
 +0.110366E+01 -0.100590E+03 +0.148822E+03 -0.399016E+02 +0.359438E+02 +0.269457E+02 +0.000000E+00 +0.000000E+00 +0.214469E-02 -0.144106E-02 +0.000000E+00 +0.102394E-02 +0.000000E+00 +0.000000E+00
 +0.110366E+01 -0.100600E+03 +0.148532E+03 -0.404613E+02 +0.356635E+02 +0.273253E+02 +0.000000E+00 +0.000000E+00 +0.214451E-02 -0.144637E-02 +0.000000E+00 +0.103836E-02 +0.000000E+00 +0.000000E+00
 +0.110366E+01 -0.100610E+03 +0.148283E+03 -0.410066E+02 +0.354012E+02 +0.276814E+02 +0.000000E+00 +0.000000E+00 +0.214475E-02 -0.145175E-02 +0.000000E+00 +0.105189E-02 +0.000000E+00 +0.000000E+00
 +0.110366E+01 -0.100620E+03 +0.148041E+03 -0.415491E+02 +0.351423E+02 +0.280330E+02 +0.000000E+00 +0.000000E+00 +0.214507E-02 -0.145714E-02 +0.000000E+00 +0.106526E-02 +0.000000E+00 +0.000000E+00
 +0.110366E+01 -0.100630E+03 +0.147835E+03 -0.420773E+02 +0.349001E+02 +0.283623E+02 +0.000000E+00 +0.000000E+00 +0.214576E-02 -0.146257E-02 +0.000000E+00 +0.107777E-02 +0.000000E+00 +0.000000E+00
 +0.110366E+01 -0.100640E+03 +0.147636E+03 -0.426026E+02 +0.346611E+02 +0.286872E+02 +0.000000E+00 +0.000000E+00 +0.214653E-02 -0.146801E-02 +0.000000E+00 +0.109011E-02 +0.000000E+00 +0.000000E+00
 +0.110366E+01 -0.100650E+03 +0.147470E+03 -0.431139E+02 +0.344376E+02 +0.289909E+02 +0.000000E+00 +0.000000E+00 +0.214762E-02 -0.147348E-02 +0.000000E+00 +0.110165E-02 +0.000000E+00 +0.000000E+00
 +0.110366E+01 -0.100660E+03 +0.147311E+03 -0.436222E+02 +0.342172E+02 +0.292902E+02 +0.000000E+00 +0.000000E+00 +0.214878E-02 -0.147895E-02 +0.000000E+00 +0.111303E-02 +0.000000E+00 +0.000000E+00
 +0.110366E+01 -0.100670E+03 +0.147181E+03 -0.441168E+02 +0.340111E+02 +0.295696E+02 +0.000000E+00 +0.000000E+00 +0.215022E-02 -0.148443E-02 +0.000000E+00 +0.112364E-02 +0.000000E+00 +0.000000E+00
 +0.110366E+01 -0.100680E+03 +0.147057E+03 -0.446083E+02 +0.338080E+02 +0.298447E+02 +0.000000E+00 +0.000000E+00 +0.215173E-02 -0.148991E-02 +0.000000E+00 +0.113410E-02 +0.000000E+00 +0.000000E+00
 +0.110366E+01 -0.100690E+03 +0.146960E+03 -0.450864E+02 +0.336183E+02 +0.301009E+02 +0.000000E+00 +0.000000E+00 +0.215349E-02 -0.149539E-02 +0.000000E+00 +0.114383E-02 +0.000000E+00 +0.000000E+00
 +0.110366E+01 -0.100700E+03 +0.146869E+03 -0.455614E+02 +0.334314E+02 +0.303529E+02 +0.000000E+00 +0.000000E+00 +0.215531E-02 -0.150086E-02 +0.000000E+00 +0.115341E-02 +0.000000E+00 +0.000000E+00
 +0.110366E+01 -0.100710E+03 +0.146801E+03 -0.460231E+02 +0.332568E+02 +0.305871E+02 +0.000000E+00 +0.000000E+00 +0.215735E-02 -0.150632E-02 +0.000000E+00 +0.116231E-02 +0.000000E+00 +0.000000E+00
 +0.110366E+01 -0.100720E+03 +0.146739E+03 -0.464818E+02 +0.330850E+02 +0.308171E+02 +0.000000E+00 +0.000000E+00 +0.215943E-02 -0.151177E-02 +0.000000E+00 +0.117105E-02 +0.000000E+00 +0.000000E+00
 +0.110366E+01 -0.100730E+03 +0.146699E+03 -0.469276E+02 +0.329247E+02 +0.310303E+02 +0.000000E+00 +0.000000E+00 +0.216172E-02 -0.151719E-02 +0.000000E+00 +0.117915E-02 +0.000000E+00 +0.000000E+00
 +0.110366E+01 -0.100740E+03 +0.146664E+03 -0.473702E+02 +0.327671E+02 +0.312395E+02 +0.000000E+00 +0.000000E+00 +0.216405E-02 -0.152261E-02 +0.000000E+00 +0.118710E-02 +0.000000E+00 +0.000000E+00
 +0.110366E+01 -0.100750E+03 +0.146649E+03 -0.478002E+02 +0.326201E+02 +0.314329E+02 +0.000000E+00 +0.000000E+00 +0.216655E-02 -0.152799E-02 +0.000000E+00 +0.119445E-02 +0.000000E+00 +0.000000E+00
 +0.110366E+01 -0.100760E+03 +0.146638E+03 -0.482271E+02 +0.324757E+02 +0.316223E+02 +0.000000E+00 +0.000000E+00 +0.216909E-02 -0.153335E-02 +0.000000E+00 +0.120165E-02 +0.000000E+00 +0.000000E+00
 +0.110366E+01 -0.100770E+03 +0.146645E+03 -0.486417E+02 +0.323411E+02 +0.317967E+02 +0.000000E+00 +0.000000E+00 +0.217178E-02 -0.153867E-02 +0.000000E+00 +0.120827E-02 +0.000000E+00 +0.000000E+00
 +0.110366E+01 -0.100780E+03 +0.146656E+03 -0.490531E+02 +0.322091E+02 +0.319673E+02 +0.000000E+00 +0.000000E+00 +0.217450E-02 -0.154398E-02 +0.000000E+00 +0.121476E-02 +0.000000E+00 +0.000000E+00
 +0.110366E+01 -0.100790E+03 +0.146684E+03 -0.494527E+02 +0.320862E+02 +0.321237E+02 +0.000000E+00 +0.000000E+00 +0.217735E-02 -0.154924E-02 +0.000000E+00 +0.122070E-02 +0.000000E+00 +0.000000E+00
 +0.110366E+01 -0.100800E+03 +0.146715E+03 -0.498490E+02 +0.319658E+02 +0.322765E+02 +0.000000E+00 +0.000000E+00 +0.218023E-02 -0.155448E-02 +0.000000E+00 +0.122651E-02 +0.000000E+00 +0.000000E+00
 +0.110366E+01 -0.100810E+03 +0.146761E+03 -0.502337E+02 +0.318539E+02 +0.324159E+02 +0.000000E+00 +0.000000E+00 +0.218323E-02 -0.155966E-02 +0.000000E+00 +0.123180E-02 +0.000000E+00 +0.000000E+00
 +0.110366E+01 -0.100820E+03 +0.146810E+03 -0.506153E+02 +0.317443E+02 +0.325517E+02 +0.000000E+00 +0.000000E+00 +0.218625E-02 -0.156483E-02 +0.000000E+00 +0.123697E-02 +0.000000E+00 +0.000000E+00
 +0.110366E+01 -0.100830E+03 +0.146872E+03 -0.509855E+02 +0.316427E+02 +0.326750E+02 +0.000000E+00 +0.000000E+00 +0.218937E-02 -0.156994E-02 +0.000000E+00 +0.124165E-02 +0.000000E+00 +0.000000E+00
 +0.110366E+01 -0.100840E+03 +0.146938E+03 -0.513526E+02 +0.315433E+02 +0.327947E+02 +0.000000E+00 +0.000000E+00 +0.219250E-02 -0.157502E-02 +0.000000E+00 +0.124620E-02 +0.000000E+00 +0.000000E+00
 +0.110366E+01 -0.100850E+03 +0.147016E+03 -0.517088E+02 +0.314513E+02 +0.329027E+02 +0.000000E+00 +0.000000E+00 +0.219572E-02 -0.158004E-02 +0.000000E+00 +0.125030E-02 +0.000000E+00 +0.000000E+00
 +0.110366E+01 -0.100860E+03 +0.147096E+03 -0.520617E+02 +0.313614E+02 +0.330072E+02 +0.000000E+00 +0.000000E+00 +0.219896E-02 -0.158504E-02 +0.000000E+00 +0.125427E-02 +0.000000E+00 +0.000000E+00
 +0.110366E+01 -0.100870E+03 +0.147187E+03 -0.524041E+02 +0.312785E+02 +0.331006E+02 +0.000000E+00 +0.000000E+00 +0.220227E-02 -0.158997E-02 +0.000000E+00 +0.125782E-02 +0.000000E+00 +0.000000E+00
 +0.110366E+01 -0.100880E+03 +0.147282E+03 -0.527432E+02 +0.311976E+02 +0.331907E+02 +0.000000E+00 +0.000000E+00 +0.220559E-02 -0.159488E-02 +0.000000E+00 +0.126125E-02 +0.000000E+00 +0.000000E+00
 +0.110366E+01 -0.100890E+03 +0.147385E+03 -0.530721E+02 +0.311232E+02 +0.332703E+02 +0.000000E+00 +0.000000E+00 +0.220897E-02 -0.159971E-02 +0.000000E+00 +0.126427E-02 +0.000000E+00 +0.000000E+00
 +0.110366E+01 -0.100900E+03 +0.147491E+03 -0.533978E+02 +0.310507E+02 +0.333467E+02 +0.000000E+00 +0.000000E+00 +0.221237E-02 -0.160452E-02 +0.000000E+00 +0.126718E-02 +0.000000E+00 +0.000000E+00
 +0.110366E+01 -0.100910E+03 +0.147605E+03 -0.537136E+02 +0.309843E+02 +0.334133E+02 +0.000000E+00 +0.000000E+00 +0.221580E-02 -0.160926E-02 +0.000000E+00 +0.126970E-02 +0.000000E+00 +0.000000E+00
 +0.110366E+01 -0.100920E+03 +0.147722E+03 -0.540262E+02 +0.309198E+02 +0.334767E+02 +0.000000E+00 +0.000000E+00 +0.221925E-02 -0.161397E-02 +0.000000E+00 +0.127212E-02 +0.000000E+00 +0.000000E+00
 +0.110366E+01 -0.100930E+03 +0.147847E+03 -0.543292E+02 +0.308608E+02 +0.335309E+02 +0.000000E+00 +0.000000E+00 +0.222274E-02 -0.161861E-02 +0.000000E+00 +0.127418E-02 +0.000000E+00 +0.000000E+00
 +0.110366E+01 -0.100940E+03 +0.147974E+03 -0.546290E+02 +0.308037E+02 +0.335821E+02 +0.000000E+00 +0.000000E+00 +0.222623E-02 -0.162322E-02 +0.000000E+00 +0.127612E-02 +0.000000E+00 +0.000000E+00
 +0.110366E+01 -0.100950E+03 +0.148107E+03 -0.549196E+02 +0.307518E+02 +0.336246E+02 +0.000000E+00 +0.000000E+00 +0.222975E-02 -0.162776E-02 +0.000000E+00 +0.127774E-02 +0.000000E+00 +0.000000E+00
 +0.110366E+01 -0.100960E+03 +0.148242E+03 -0.552070E+02 +0.307017E+02 +0.336642E+02 +0.000000E+00 +0.000000E+00 +0.223327E-02 -0.163226E-02 +0.000000E+00 +0.127924E-02 +0.000000E+00 +0.000000E+00
 +0.110366E+01 -0.100970E+03 +0.148384E+03 -0.554854E+02 +0.306564E+02 +0.336956E+02 +0.000000E+00 +0.000000E+00 +0.223682E-02 -0.163669E-02 +0.000000E+00 +0.128043E-02 +0.000000E+00 +0.000000E+00
 +0.110366E+01 -0.100980E+03 +0.148527E+03 -0.557606E+02 +0.306128E+02 +0.337242E+02 +0.000000E+00 +0.000000E+00 +0.224037E-02 -0.164110E-02 +0.000000E+00 +0.128152E-02 +0.000000E+00 +0.000000E+00
 +0.110366E+01 -0.100990E+03 +0.148675E+03 -0.560272E+02 +0.305738E+02 +0.337451E+02 +0.000000E+00 +0.000000E+00 +0.224393E-02 -0.164542E-02 +0.000000E+00 +0.128231E-02 +0.000000E+00 +0.000000E+00
 +0.110366E+01 -0.101000E+03 +0.148825E+03 -0.562907E+02 +0.305364E+02 +0.337633E+02 +0.000000E+00 +0.000000E+00 +0.224749E-02 -0.164972E-02 +0.000000E+00 +0.128301E-02 +0.000000E+00 +0.000000E+00
 +0.110366E+01 -0.101010E+03 +0.148980E+03 -0.565458E+02 +0.305033E+02 +0.337743E+02 +0.000000E+00 +0.000000E+00 +0.225106E-02 -0.165393E-02 +0.000000E+00 +0.128342E-02 +0.000000E+00 +0.000000E+00
 +0.110366E+01 -0.101020E+03 +0.149136E+03 -0.567978E+02 +0.304717E+02 +0.337827E+02 +0.000000E+00 +0.000000E+00 +0.225463E-02 -0.165812E-02 +0.000000E+00 +0.128374E-02 +0.000000E+00 +0.000000E+00
 +0.110366E+01 -0.101030E+03 +0.149296E+03 -0.570418E+02 +0.304441E+02 +0.337843E+02 +0.000000E+00 +0.000000E+00 +0.225820E-02 -0.166223E-02 +0.000000E+00 +0.128380E-02 +0.000000E+00 +0.000000E+00
 +0.110366E+01 -0.101040E+03 +0.149458E+03 -0.572826E+02 +0.304179E+02 +0.337834E+02 +0.000000E+00 +0.000000E+00 +0.226176E-02 -0.166631E-02 +0.000000E+00 +0.128377E-02 +0.000000E+00 +0.000000E+00
 +0.110366E+01 -0.101050E+03 +0.149623E+03 -0.575157E+02 +0.303955E+02 +0.337761E+02 +0.000000E+00 +0.000000E+00 +0.226533E-02 -0.167031E-02 +0.000000E+00 +0.128349E-02 +0.000000E+00 +0.000000E+00
 +0.110366E+01 -0.101060E+03 +0.149790E+03 -0.577457E+02 +0.303745E+02 +0.337665E+02 +0.000000E+00 +0.000000E+00 +0.226889E-02 -0.167428E-02 +0.000000E+00 +0.128313E-02 +0.000000E+00 +0.000000E+00
 +0.110366E+01 -0.101070E+03 +0.149959E+03 -0.579682E+02 +0.303569E+02 +0.337509E+02 +0.000000E+00 +0.000000E+00 +0.227244E-02 -0.167818E-02 +0.000000E+00 +0.128253E-02 +0.000000E+00 +0.000000E+00
 +0.110366E+01 -0.101080E+03 +0.150129E+03 -0.581877E+02 +0.303407E+02 +0.337329E+02 +0.000000E+00 +0.000000E+00 +0.227598E-02 -0.168204E-02 +0.000000E+00 +0.128185E-02 +0.000000E+00 +0.000000E+00
 +0.110366E+01 -0.101090E+03 +0.150302E+03 -0.583999E+02 +0.303278E+02 +0.337094E+02 +0.000000E+00 +0.000000E+00 +0.227952E-02 -0.168583E-02 +0.000000E+00 +0.128096E-02 +0.000000E+00 +0.000000E+00
 +0.110366E+01 -0.101100E+03 +0.150476E+03 -0.586091E+02 +0.303161E+02 +0.336836E+02 +0.000000E+00 +0.000000E+00 +0.228304E-02 -0.168958E-02 +0.000000E+00 +0.127998E-02 +0.000000E+00 +0.000000E+00
 +0.110366E+01 -0.101110E+03 +0.150652E+03 -0.588114E+02 +0.303075E+02 +0.336526E+02 +0.000000E+00 +0.000000E+00 +0.228655E-02 -0.169326E-02 +0.000000E+00 +0.127880E-02 +0.000000E+00 +0.000000E+00
 +0.110366E+01 -0.101120E+03 +0.150829E+03 -0.590107E+02 +0.303002E+02 +0.336195E+02 +0.000000E+00 +0.000000E+00 +0.229005E-02 -0.169691E-02 +0.000000E+00 +0.127754E-02 +0.000000E+00 +0.000000E+00
 +0.110366E+01 -0.101130E+03 +0.151008E+03 -0.592033E+02 +0.302956E+02 +0.335815E+02 +0.000000E+00 +0.000000E+00 +0.229354E-02 -0.170048E-02 +0.000000E+00 +0.127610E-02 +0.000000E+00 +0.000000E+00
 +0.110366E+01 -0.101140E+03 +0.151188E+03 -0.593929E+02 +0.302923E+02 +0.335414E+02 +0.000000E+00 +0.000000E+00 +0.229701E-02 -0.170402E-02 +0.000000E+00 +0.127457E-02 +0.000000E+00 +0.000000E+00
 +0.110366E+01 -0.101150E+03 +0.151369E+03 -0.595761E+02 +0.302915E+02 +0.334967E+02 +0.000000E+00 +0.000000E+00 +0.230046E-02 -0.170748E-02 +0.000000E+00 +0.127288E-02 +0.000000E+00 +0.000000E+00
 +0.110366E+01 -0.101160E+03 +0.151550E+03 -0.597563E+02 +0.302920E+02 +0.334501E+02 +0.000000E+00 +0.000000E+00 +0.230391E-02 -0.171092E-02 +0.000000E+00 +0.127110E-02 +0.000000E+00 +0.000000E+00
 +0.110366E+01 -0.101170E+03 +0.151733E+03 -0.599304E+02 +0.302949E+02 +0.333992E+02 +0.000000E+00 +0.000000E+00 +0.230732E-02 -0.171428E-02 +0.000000E+00 +0.126917E-02 +0.000000E+00 +0.000000E+00
 +0.110366E+01 -0.101180E+03 +0.151916E+03 -0.601015E+02 +0.302989E+02 +0.333464E+02 +0.000000E+00 +0.000000E+00 +0.231073E-02 -0.171761E-02 +0.000000E+00 +0.126716E-02 +0.000000E+00 +0.000000E+00
 +0.110366E+01 -0.101190E+03 +0.152100E+03 -0.602667E+02 +0.303051E+02 +0.332897E+02 +0.000000E+00 +0.000000E+00 +0.231411E-02 -0.172086E-02 +0.000000E+00 +0.126501E-02 +0.000000E+00 +0.000000E+00
 +0.110366E+01 -0.101200E+03 +0.152285E+03 -0.604290E+02 +0.303125E+02 +0.332311E+02 +0.000000E+00 +0.000000E+00 +0.231748E-02 -0.172409E-02 +0.000000E+00 +0.126278E-02 +0.000000E+00 +0.000000E+00
 +0.110366E+01 -0.101210E+03 +0.152470E+03 -0.605856E+02 +0.303219E+02 +0.331688E+02 +0.000000E+00 +0.000000E+00 +0.232082E-02 -0.172724E-02 +0.000000E+00 +0.126041E-02 +0.000000E+00 +0.000000E+00
 +0.110366E+01 -0.101220E+03 +0.152656E+03 -0.607394E+02 +0.303324E+02 +0.331048E+02 +0.000000E+00 +0.000000E+00 +0.232414E-02 -0.173036E-02 +0.000000E+00 +0.125798E-02 +0.000000E+00 +0.000000E+00
 +0.110366E+01 -0.101230E+03 +0.152842E+03 -0.608876E+02 +0.303449E+02 +0.330373E+02 +0.000000E+00 +0.000000E+00 +0.232744E-02 -0.173342E-02 +0.000000E+00 +0.125542E-02 +0.000000E+00 +0.000000E+00
 +0.110366E+01 -0.101240E+03 +0.153028E+03 -0.610331E+02 +0.303583E+02 +0.329682E+02 +0.000000E+00 +0.000000E+00 +0.233072E-02 -0.173644E-02 +0.000000E+00 +0.125279E-02 +0.000000E+00 +0.000000E+00
 +0.110366E+01 -0.101250E+03 +0.153214E+03 -0.611732E+02 +0.303736E+02 +0.328959E+02 +0.000000E+00 +0.000000E+00 +0.233398E-02 -0.173939E-02 +0.000000E+00 +0.125004E-02 +0.000000E+00 +0.000000E+00
 +0.110366E+01 -0.101260E+03 +0.153401E+03 -0.613106E+02 +0.303898E+02 +0.328219E+02 +0.000000E+00 +0.000000E+00 +0.233721E-02 -0.174231E-02 +0.000000E+00 +0.124723E-02 +0.000000E+00 +0.000000E+00
 +0.110366E+01 -0.101270E+03 +0.153588E+03 -0.614428E+02 +0.304078E+02 +0.327450E+02 +0.000000E+00 +0.000000E+00 +0.234042E-02 -0.174516E-02 +0.000000E+00 +0.124431E-02 +0.000000E+00 +0.000000E+00
 +0.110366E+01 -0.101280E+03 +0.153774E+03 -0.615724E+02 +0.304266E+02 +0.326666E+02 +0.000000E+00 +0.000000E+00 +0.234361E-02 -0.174798E-02 +0.000000E+00 +0.124133E-02 +0.000000E+00 +0.000000E+00
 +0.110366E+01 -0.101290E+03 +0.153961E+03 -0.616971E+02 +0.304470E+02 +0.325854E+02 +0.000000E+00 +0.000000E+00 +0.234676E-02 -0.175074E-02 +0.000000E+00 +0.123825E-02 +0.000000E+00 +0.000000E+00
 +0.110366E+01 -0.101300E+03 +0.154147E+03 -0.618191E+02 +0.304683E+02 +0.325028E+02 +0.000000E+00 +0.000000E+00 +0.234990E-02 -0.175346E-02 +0.000000E+00 +0.123511E-02 +0.000000E+00 +0.000000E+00
 +0.110366E+01 -0.101310E+03 +0.154334E+03 -0.619363E+02 +0.304911E+02 +0.324176E+02 +0.000000E+00 +0.000000E+00 +0.235301E-02 -0.175612E-02 +0.000000E+00 +0.123187E-02 +0.000000E+00 +0.000000E+00
 +0.110366E+01 -0.101320E+03 +0.154520E+03 -0.620510E+02 +0.305147E+02 +0.323311E+02 +0.000000E+00 +0.000000E+00 +0.235610E-02 -0.175875E-02 +0.000000E+00 +0.122858E-02 +0.000000E+00 +0.000000E+00
 +0.110366E+01 -0.101330E+03 +0.154706E+03 -0.621611E+02 +0.305397E+02 +0.322422E+02 +0.000000E+00 +0.000000E+00 +0.235915E-02 -0.176132E-02 +0.000000E+00 +0.122520E-02 +0.000000E+00 +0.000000E+00
 +0.110366E+01 -0.101340E+03 +0.154891E+03 -0.622687E+02 +0.305654E+02 +0.321520E+02 +0.000000E+00 +0.000000E+00 +0.236219E-02 -0.176385E-02 +0.000000E+00 +0.122178E-02 +0.000000E+00 +0.000000E+00
 +0.110366E+01 -0.101350E+03 +0.155076E+03 -0.623719E+02 +0.305925E+02 +0.320596E+02 +0.000000E+00 +0.000000E+00 +0.236519E-02 -0.176632E-02 +0.000000E+00 +0.121826E-02 +0.000000E+00 +0.000000E+00
 +0.110366E+01 -0.101360E+03 +0.155261E+03 -0.624725E+02 +0.306202E+02 +0.319659E+02 +0.000000E+00 +0.000000E+00 +0.236818E-02 -0.176876E-02 +0.000000E+00 +0.121471E-02 +0.000000E+00 +0.000000E+00
 +0.110366E+01 -0.101370E+03 +0.155445E+03 -0.625690E+02 +0.306492E+02 +0.318703E+02 +0.000000E+00 +0.000000E+00 +0.237113E-02 -0.177115E-02 +0.000000E+00 +0.121107E-02 +0.000000E+00 +0.000000E+00
 +0.110366E+01 -0.101380E+03 +0.155629E+03 -0.626630E+02 +0.306789E+02 +0.317735E+02 +0.000000E+00 +0.000000E+00 +0.237406E-02 -0.177350E-02 +0.000000E+00 +0.120739E-02 +0.000000E+00 +0.000000E+00
 +0.110366E+01 -0.101390E+03 +0.155813E+03 -0.627529E+02 +0.307097E+02 +0.316748E+02 +0.000000E+00 +0.000000E+00 +0.237696E-02 -0.177579E-02 +0.000000E+00 +0.120364E-02 +0.000000E+00 +0.000000E+00
 +0.110366E+01 -0.101400E+03 +0.155995E+03 -0.628405E+02 +0.307411E+02 +0.315750E+02 +0.000000E+00 +0.000000E+00 +0.237983E-02 -0.177805E-02 +0.000000E+00 +0.119985E-02 +0.000000E+00 +0.000000E+00
 +0.110366E+01 -0.101410E+03 +0.156178E+03 -0.629241E+02 +0.307737E+02 +0.314735E+02 +0.000000E+00 +0.000000E+00 +0.238267E-02 -0.178026E-02 +0.000000E+00 +0.119599E-02 +0.000000E+00 +0.000000E+00
 +0.110366E+01 -0.101420E+03 +0.156359E+03 -0.630054E+02 +0.308068E+02 +0.313710E+02 +0.000000E+00 +0.000000E+00 +0.238550E-02 -0.178243E-02 +0.000000E+00 +0.119210E-02 +0.000000E+00 +0.000000E+00
 +0.110366E+01 -0.101430E+03 +0.156540E+03 -0.630829E+02 +0.308409E+02 +0.312670E+02 +0.000000E+00 +0.000000E+00 +0.238828E-02 -0.178455E-02 +0.000000E+00 +0.118814E-02 +0.000000E+00 +0.000000E+00
 +0.110366E+01 -0.101440E+03 +0.156720E+03 -0.631581E+02 +0.308756E+02 +0.311619E+02 +0.000000E+00 +0.000000E+00 +0.239105E-02 -0.178664E-02 +0.000000E+00 +0.118415E-02 +0.000000E+00 +0.000000E+00
 +0.110366E+01 -0.101450E+03 +0.156900E+03 -0.632297E+02 +0.309112E+02 +0.310554E+02 +0.000000E+00 +0.000000E+00 +0.239379E-02 -0.178868E-02 +0.000000E+00 +0.118011E-02 +0.000000E+00 +0.000000E+00
 +0.110366E+01 -0.101460E+03 +0.157079E+03 -0.632990E+02 +0.309473E+02 +0.309480E+02 +0.000000E+00 +0.000000E+00 +0.239650E-02 -0.179068E-02 +0.000000E+00 +0.117603E-02 +0.000000E+00 +0.000000E+00
 +0.110366E+01 -0.101470E+03 +0.157257E+03 -0.633649E+02 +0.309843E+02 +0.308393E+02 +0.000000E+00 +0.000000E+00 +0.239918E-02 -0.179264E-02 +0.000000E+00 +0.117189E-02 +0.000000E+00 +0.000000E+00
 +0.110366E+01 -0.101480E+03 +0.157434E+03 -0.634285E+02 +0.310218E+02 +0.307298E+02 +0.000000E+00 +0.000000E+00 +0.240183E-02 -0.179456E-02 +0.000000E+00 +0.116773E-02 +0.000000E+00 +0.000000E+00
 +0.110366E+01 -0.101490E+03 +0.157610E+03 -0.634889E+02 +0.310601E+02 +0.306191E+02 +0.000000E+00 +0.000000E+00 +0.240446E-02 -0.179643E-02 +0.000000E+00 +0.116352E-02 +0.000000E+00 +0.000000E+00
 +0.110366E+01 -0.101500E+03 +0.157786E+03 -0.635470E+02 +0.310989E+02 +0.305075E+02 +0.000000E+00 +0.000000E+00 +0.240706E-02 -0.179827E-02 +0.000000E+00 +0.115929E-02 +0.000000E+00 +0.000000E+00
 +0.110366E+01 -0.101510E+03 +0.157961E+03 -0.636019E+02 +0.311384E+02 +0.303949E+02 +0.000000E+00 +0.000000E+00 +0.240963E-02 -0.180007E-02 +0.000000E+00 +0.115501E-02 +0.000000E+00 +0.000000E+00
 +0.110366E+01 -0.101520E+03 +0.158135E+03 -0.636547E+02 +0.311784E+02 +0.302816E+02 +0.000000E+00 +0.000000E+00 +0.241217E-02 -0.180183E-02 +0.000000E+00 +0.115070E-02 +0.000000E+00 +0.000000E+00
 +0.110366E+01 -0.101530E+03 +0.158308E+03 -0.637044E+02 +0.312191E+02 +0.301672E+02 +0.000000E+00 +0.000000E+00 +0.241468E-02 -0.180355E-02 +0.000000E+00 +0.114635E-02 +0.000000E+00 +0.000000E+00
 +0.110366E+01 -0.101540E+03 +0.158480E+03 -0.637519E+02 +0.312602E+02 +0.300522E+02 +0.000000E+00 +0.000000E+00 +0.241717E-02 -0.180523E-02 +0.000000E+00 +0.114198E-02 +0.000000E+00 +0.000000E+00
 +0.110366E+01 -0.101550E+03 +0.158651E+03 -0.637965E+02 +0.313020E+02 +0.299363E+02 +0.000000E+00 +0.000000E+00 +0.241963E-02 -0.180687E-02 +0.000000E+00 +0.113758E-02 +0.000000E+00 +0.000000E+00
 +0.110366E+01 -0.101560E+03 +0.158821E+03 -0.638390E+02 +0.313441E+02 +0.298197E+02 +0.000000E+00 +0.000000E+00 +0.242206E-02 -0.180848E-02 +0.000000E+00 +0.113315E-02 +0.000000E+00 +0.000000E+00
 +0.110366E+01 -0.101570E+03 +0.158990E+03 -0.638786E+02 +0.313869E+02 +0.297023E+02 +0.000000E+00 +0.000000E+00 +0.242447E-02 -0.181004E-02 +0.000000E+00 +0.112869E-02 +0.000000E+00 +0.000000E+00
 +0.110366E+01 -0.101580E+03 +0.159159E+03 -0.639160E+02 +0.314301E+02 +0.295843E+02 +0.000000E+00 +0.000000E+00 +0.242684E-02 -0.181158E-02 +0.000000E+00 +0.112420E-02 +0.000000E+00 +0.000000E+00
 +0.110366E+01 -0.101590E+03 +0.159326E+03 -0.639506E+02 +0.314738E+02 +0.294656E+02 +0.000000E+00 +0.000000E+00 +0.242919E-02 -0.181306E-02 +0.000000E+00 +0.111969E-02 +0.000000E+00 +0.000000E+00
 +0.110366E+01 -0.101600E+03 +0.159492E+03 -0.639830E+02 +0.315180E+02 +0.293462E+02 +0.000000E+00 +0.000000E+00 +0.243151E-02 -0.181452E-02 +0.000000E+00 +0.111516E-02 +0.000000E+00 +0.000000E+00
 +0.110366E+01 -0.101610E+03 +0.159657E+03 -0.640126E+02 +0.315627E+02 +0.292260E+02 +0.000000E+00 +0.000000E+00 +0.243380E-02 -0.181593E-02 +0.000000E+00 +0.111059E-02 +0.000000E+00 +0.000000E+00
 +0.110366E+01 -0.101620E+03 +0.159822E+03 -0.640398E+02 +0.316080E+02 +0.291051E+02 +0.000000E+00 +0.000000E+00 +0.243606E-02 -0.181731E-02 +0.000000E+00 +0.110599E-02 +0.000000E+00 +0.000000E+00
 +0.110366E+01 -0.101630E+03 +0.159985E+03 -0.640640E+02 +0.316538E+02 +0.289832E+02 +0.000000E+00 +0.000000E+00 +0.243829E-02 -0.181864E-02 +0.000000E+00 +0.110136E-02 +0.000000E+00 +0.000000E+00
 +0.110366E+01 -0.101640E+03 +0.160152E+03 -0.640913E+02 +0.317000E+02 +0.288412E+02 +0.000000E+00 +0.000000E+00 +0.244059E-02 -0.182003E-02 +0.000000E+00 +0.109597E-02 +0.000000E+00 +0.000000E+00
 +0.110366E+01 -0.101650E+03 +0.160324E+03 -0.641225E+02 +0.317466E+02 +0.286744E+02 +0.000000E+00 +0.000000E+00 +0.244298E-02 -0.182151E-02 +0.000000E+00 +0.108963E-02 +0.000000E+00 +0.000000E+00
 +0.110366E+01 -0.101660E+03 +0.160490E+03 -0.641409E+02 +0.317951E+02 +0.285480E+02 +0.000000E+00 +0.000000E+00 +0.244520E-02 -0.182278E-02 +0.000000E+00 +0.108483E-02 +0.000000E+00 +0.000000E+00
 +0.110366E+01 -0.101670E+03 +0.160646E+03 -0.641428E+02 +0.318462E+02 +0.284697E+02 +0.000000E+00 +0.000000E+00 +0.244720E-02 -0.182379E-02 +0.000000E+00 +0.108185E-02 +0.000000E+00 +0.000000E+00
 +0.110366E+01 -0.101680E+03 +0.160814E+03 -0.641398E+02 +0.319024E+02 +0.283690E+02 +0.000000E+00 +0.000000E+00 +0.244932E-02 -0.182480E-02 +0.000000E+00 +0.107802E-02 +0.000000E+00 +0.000000E+00
 +0.110366E+01 -0.101690E+03 +0.160985E+03 -0.641448E+02 +0.319574E+02 +0.282409E+02 +0.000000E+00 +0.000000E+00 +0.245153E-02 -0.182594E-02 +0.000000E+00 +0.107315E-02 +0.000000E+00 +0.000000E+00
 +0.110366E+01 -0.101700E+03 +0.161147E+03 -0.641562E+02 +0.320070E+02 +0.281127E+02 +0.000000E+00 +0.000000E+00 +0.245366E-02 -0.182710E-02 +0.000000E+00 +0.106828E-02 +0.000000E+00 +0.000000E+00
 +0.110366E+01 -0.101710E+03 +0.161300E+03 -0.641660E+02 +0.320543E+02 +0.279944E+02 +0.000000E+00 +0.000000E+00 +0.245567E-02 -0.182819E-02 +0.000000E+00 +0.106379E-02 +0.000000E+00 +0.000000E+00
 +0.110366E+01 -0.101720E+03 +0.161450E+03 -0.641848E+02 +0.320975E+02 +0.278632E+02 +0.000000E+00 +0.000000E+00 +0.245770E-02 -0.182936E-02 +0.000000E+00 +0.105880E-02 +0.000000E+00 +0.000000E+00
 +0.110366E+01 -0.101730E+03 +0.161584E+03 -0.641951E+02 +0.321384E+02 +0.277317E+02 +0.000000E+00 +0.000000E+00 +0.245947E-02 -0.183034E-02 +0.000000E+00 +0.105380E-02 +0.000000E+00 +0.000000E+00
 +0.110366E+01 -0.101740E+03 +0.161719E+03 -0.641986E+02 +0.321819E+02 +0.275999E+02 +0.000000E+00 +0.000000E+00 +0.246121E-02 -0.183123E-02 +0.000000E+00 +0.104880E-02 +0.000000E+00 +0.000000E+00
 +0.110366E+01 -0.101750E+03 +0.161866E+03 -0.641954E+02 +0.322312E+02 +0.274674E+02 +0.000000E+00 +0.000000E+00 +0.246305E-02 -0.183210E-02 +0.000000E+00 +0.104376E-02 +0.000000E+00 +0.000000E+00
 +0.110366E+01 -0.101760E+03 +0.162005E+03 -0.642220E+02 +0.322684E+02 +0.273423E+02 +0.000000E+00 +0.000000E+00 +0.246500E-02 -0.183332E-02 +0.000000E+00 +0.103901E-02 +0.000000E+00 +0.000000E+00
 +0.110366E+01 -0.101770E+03 +0.162137E+03 -0.642474E+02 +0.323036E+02 +0.272190E+02 +0.000000E+00 +0.000000E+00 +0.246684E-02 -0.183447E-02 +0.000000E+00 +0.103432E-02 +0.000000E+00 +0.000000E+00
 +0.110366E+01 -0.101780E+03 +0.162265E+03 -0.642499E+02 +0.323449E+02 +0.270925E+02 +0.000000E+00 +0.000000E+00 +0.246848E-02 -0.183530E-02 +0.000000E+00 +0.102952E-02 +0.000000E+00 +0.000000E+00
 +0.110366E+01 -0.101790E+03 +0.162393E+03 -0.642525E+02 +0.323863E+02 +0.269661E+02 +0.000000E+00 +0.000000E+00 +0.247012E-02 -0.183614E-02 +0.000000E+00 +0.102471E-02 +0.000000E+00 +0.000000E+00
 +0.110366E+01 -0.101800E+03 +0.162538E+03 -0.642647E+02 +0.324303E+02 +0.268400E+02 +0.000000E+00 +0.000000E+00 +0.247205E-02 -0.183720E-02 +0.000000E+00 +0.101992E-02 +0.000000E+00 +0.000000E+00
 +0.110366E+01 -0.101810E+03 +0.162694E+03 -0.642779E+02 +0.324773E+02 +0.267144E+02 +0.000000E+00 +0.000000E+00 +0.247412E-02 -0.183835E-02 +0.000000E+00 +0.101515E-02 +0.000000E+00 +0.000000E+00
 +0.110366E+01 -0.101820E+03 +0.162858E+03 -0.642397E+02 +0.325439E+02 +0.265923E+02 +0.000000E+00 +0.000000E+00 +0.247596E-02 -0.183889E-02 +0.000000E+00 +0.101051E-02 +0.000000E+00 +0.000000E+00
 +0.110366E+01 -0.101830E+03 +0.163021E+03 -0.642016E+02 +0.326105E+02 +0.264701E+02 +0.000000E+00 +0.000000E+00 +0.247780E-02 -0.183943E-02 +0.000000E+00 +0.100586E-02 +0.000000E+00 +0.000000E+00
 +0.110366E+01 -0.101840E+03 +0.163168E+03 -0.641763E+02 +0.326673E+02 +0.263510E+02 +0.000000E+00 +0.000000E+00 +0.247952E-02 -0.184003E-02 +0.000000E+00 +0.100134E-02 +0.000000E+00 +0.000000E+00
 +0.110366E+01 -0.101850E+03 +0.163310E+03 -0.641548E+02 +0.327213E+02 +0.262327E+02 +0.000000E+00 +0.000000E+00 +0.248119E-02 -0.184065E-02 +0.000000E+00 +0.996842E-03 +0.000000E+00 +0.000000E+00
 +0.110366E+01 -0.101860E+03 +0.163469E+03 -0.641422E+02 +0.327779E+02 +0.261095E+02 +0.000000E+00 +0.000000E+00 +0.248313E-02 -0.184148E-02 +0.000000E+00 +0.992161E-03 +0.000000E+00 +0.000000E+00
 +0.110366E+01 -0.101870E+03 +0.163641E+03 -0.641365E+02 +0.328365E+02 +0.259825E+02 +0.000000E+00 +0.000000E+00 +0.248529E-02 -0.184249E-02 +0.000000E+00 +0.987335E-03 +0.000000E+00 +0.000000E+00
 +0.110366E+01 -0.101880E+03 +0.163798E+03 -0.641300E+02 +0.328905E+02 +0.258552E+02 +0.000000E+00 +0.000000E+00 +0.248725E-02 -0.184339E-02 +0.000000E+00 +0.982499E-03 +0.000000E+00 +0.000000E+00
 +0.110366E+01 -0.101890E+03 +0.163925E+03 -0.641222E+02 +0.329349E+02 +0.257274E+02 +0.000000E+00 +0.000000E+00 +0.248881E-02 -0.184409E-02 +0.000000E+00 +0.977643E-03 +0.000000E+00 +0.000000E+00
 +0.110366E+01 -0.101900E+03 +0.164052E+03 -0.641143E+02 +0.329793E+02 +0.255996E+02 +0.000000E+00 +0.000000E+00 +0.249037E-02 -0.184478E-02 +0.000000E+00 +0.972786E-03 +0.000000E+00 +0.000000E+00
 +0.110366E+01 -0.101910E+03 +0.164178E+03 -0.641064E+02 +0.330237E+02 +0.254718E+02 +0.000000E+00 +0.000000E+00 +0.249194E-02 -0.184547E-02 +0.000000E+00 +0.967930E-03 +0.000000E+00 +0.000000E+00
 +0.110366E+01 -0.101920E+03 +0.164308E+03 -0.641023E+02 +0.330678E+02 +0.253446E+02 +0.000000E+00 +0.000000E+00 +0.249356E-02 -0.184623E-02 +0.000000E+00 +0.963096E-03 +0.000000E+00 +0.000000E+00
 +0.110366E+01 -0.101930E+03 +0.164438E+03 -0.640635E+02 +0.331236E+02 +0.252248E+02 +0.000000E+00 +0.000000E+00 +0.249497E-02 -0.184655E-02 +0.000000E+00 +0.958543E-03 +0.000000E+00 +0.000000E+00
 +0.110366E+01 -0.101940E+03 +0.164562E+03 -0.640029E+02 +0.331845E+02 +0.250965E+02 +0.000000E+00 +0.000000E+00 +0.249617E-02 -0.184656E-02 +0.000000E+00 +0.953666E-03 +0.000000E+00 +0.000000E+00
 +0.110366E+01 -0.101950E+03 +0.164686E+03 -0.639422E+02 +0.332454E+02 +0.249681E+02 +0.000000E+00 +0.000000E+00 +0.249737E-02 -0.184657E-02 +0.000000E+00 +0.948789E-03 +0.000000E+00 +0.000000E+00
 +0.110366E+01 -0.101960E+03 +0.164810E+03 -0.638816E+02 +0.333064E+02 +0.248398E+02 +0.000000E+00 +0.000000E+00 +0.249857E-02 -0.184657E-02 +0.000000E+00 +0.943912E-03 +0.000000E+00 +0.000000E+00
 +0.110366E+01 -0.101970E+03 +0.164935E+03 -0.638222E+02 +0.333672E+02 +0.247112E+02 +0.000000E+00 +0.000000E+00 +0.249979E-02 -0.184660E-02 +0.000000E+00 +0.939026E-03 +0.000000E+00 +0.000000E+00
 +0.110366E+01 -0.101980E+03 +0.165082E+03 -0.637890E+02 +0.334265E+02 +0.245780E+02 +0.000000E+00 +0.000000E+00 +0.250145E-02 -0.184710E-02 +0.000000E+00 +0.933965E-03 +0.000000E+00 +0.000000E+00
 +0.110366E+01 -0.101990E+03 +0.165228E+03 -0.637558E+02 +0.334859E+02 +0.244448E+02 +0.000000E+00 +0.000000E+00 +0.250310E-02 -0.184759E-02 +0.000000E+00 +0.928904E-03 +0.000000E+00 +0.000000E+00
 +0.110366E+01 -0.102000E+03 +0.165375E+03 -0.637225E+02 +0.335452E+02 +0.243117E+02 +0.000000E+00 +0.000000E+00 +0.250476E-02 -0.184809E-02 +0.000000E+00 +0.923843E-03 +0.000000E+00 +0.000000E+00
 +0.110366E+01 -0.102010E+03 +0.165521E+03 -0.636893E+02 +0.336045E+02 +0.241785E+02 +0.000000E+00 +0.000000E+00 +0.250641E-02 -0.184858E-02 +0.000000E+00 +0.918782E-03 +0.000000E+00 +0.000000E+00
 +0.110366E+01 -0.102020E+03 +0.165662E+03 -0.636648E+02 +0.336590E+02 +0.240423E+02 +0.000000E+00 +0.000000E+00 +0.250805E-02 -0.184915E-02 +0.000000E+00 +0.913608E-03 +0.000000E+00 +0.000000E+00
 +0.110366E+01 -0.102030E+03 +0.165784E+03 -0.636621E+02 +0.337003E+02 +0.239199E+02 +0.000000E+00 +0.000000E+00 +0.250959E-02 -0.184989E-02 +0.000000E+00 +0.908955E-03 +0.000000E+00 +0.000000E+00
 +0.110366E+01 -0.102040E+03 +0.165891E+03 -0.636698E+02 +0.337330E+02 +0.237958E+02 +0.000000E+00 +0.000000E+00 +0.251100E-02 -0.185065E-02 +0.000000E+00 +0.904240E-03 +0.000000E+00 +0.000000E+00
 +0.110366E+01 -0.102050E+03 +0.165996E+03 -0.636784E+02 +0.337649E+02 +0.236691E+02 +0.000000E+00 +0.000000E+00 +0.251239E-02 -0.185142E-02 +0.000000E+00 +0.899425E-03 +0.000000E+00 +0.000000E+00
 +0.110366E+01 -0.102060E+03 +0.166101E+03 -0.636869E+02 +0.337967E+02 +0.235424E+02 +0.000000E+00 +0.000000E+00 +0.251378E-02 -0.185219E-02 +0.000000E+00 +0.894610E-03 +0.000000E+00 +0.000000E+00
 +0.110366E+01 -0.102070E+03 +0.166206E+03 -0.636955E+02 +0.338285E+02 +0.234156E+02 +0.000000E+00 +0.000000E+00 +0.251518E-02 -0.185296E-02 +0.000000E+00 +0.889794E-03 +0.000000E+00 +0.000000E+00
 +0.110366E+01 -0.102080E+03 +0.166309E+03 -0.636401E+02 +0.338809E+02 +0.232982E+02 +0.000000E+00 +0.000000E+00 +0.251614E-02 -0.185290E-02 +0.000000E+00 +0.885332E-03 +0.000000E+00 +0.000000E+00
 +0.110366E+01 -0.102090E+03 +0.166411E+03 -0.635349E+02 +0.339492E+02 +0.231880E+02 +0.000000E+00 +0.000000E+00 +0.251678E-02 -0.185220E-02 +0.000000E+00 +0.881144E-03 +0.000000E+00 +0.000000E+00
 +0.110366E+01 -0.102100E+03 +0.166513E+03 -0.634298E+02 +0.340175E+02 +0.230778E+02 +0.000000E+00 +0.000000E+00 +0.251742E-02 -0.185150E-02 +0.000000E+00 +0.876956E-03 +0.000000E+00 +0.000000E+00
 +0.110366E+01 -0.102110E+03 +0.166619E+03 -0.633316E+02 +0.340847E+02 +0.229639E+02 +0.000000E+00 +0.000000E+00 +0.251814E-02 -0.185091E-02 +0.000000E+00 +0.872630E-03 +0.000000E+00 +0.000000E+00
 +0.110366E+01 -0.102120E+03 +0.166734E+03 -0.632544E+02 +0.341484E+02 +0.228390E+02 +0.000000E+00 +0.000000E+00 +0.251913E-02 -0.185065E-02 +0.000000E+00 +0.867882E-03 +0.000000E+00 +0.000000E+00
 +0.110366E+01 -0.102130E+03 +0.166850E+03 -0.631772E+02 +0.342121E+02 +0.227141E+02 +0.000000E+00 +0.000000E+00 +0.252012E-02 -0.185040E-02 +0.000000E+00 +0.863134E-03 +0.000000E+00 +0.000000E+00
 +0.110366E+01 -0.102140E+03 +0.166966E+03 -0.631001E+02 +0.342757E+02 +0.225891E+02 +0.000000E+00 +0.000000E+00 +0.252111E-02 -0.185014E-02 +0.000000E+00 +0.858387E-03 +0.000000E+00 +0.000000E+00
 +0.110366E+01 -0.102150E+03 +0.167069E+03 -0.630890E+02 +0.343132E+02 +0.224667E+02 +0.000000E+00 +0.000000E+00 +0.252235E-02 -0.185064E-02 +0.000000E+00 +0.853736E-03 +0.000000E+00 +0.000000E+00
 +0.110366E+01 -0.102160E+03 +0.167171E+03 -0.630780E+02 +0.343508E+02 +0.223444E+02 +0.000000E+00 +0.000000E+00 +0.252359E-02 -0.185115E-02 +0.000000E+00 +0.849086E-03 +0.000000E+00 +0.000000E+00
 +0.110366E+01 -0.102170E+03 +0.167274E+03 -0.630669E+02 +0.343883E+02 +0.222220E+02 +0.000000E+00 +0.000000E+00 +0.252483E-02 -0.185165E-02 +0.000000E+00 +0.844435E-03 +0.000000E+00 +0.000000E+00
 +0.110366E+01 -0.102180E+03 +0.167376E+03 -0.630539E+02 +0.344263E+02 +0.220989E+02 +0.000000E+00 +0.000000E+00 +0.252605E-02 -0.185212E-02 +0.000000E+00 +0.839757E-03 +0.000000E+00 +0.000000E+00
 +0.110366E+01 -0.102190E+03 +0.167475E+03 -0.630249E+02 +0.344687E+02 +0.219702E+02 +0.000000E+00 +0.000000E+00 +0.252713E-02 -0.185238E-02 +0.000000E+00 +0.834868E-03 +0.000000E+00 +0.000000E+00
 +0.110366E+01 -0.102200E+03 +0.167575E+03 -0.629959E+02 +0.345110E+02 +0.218415E+02 +0.000000E+00 +0.000000E+00 +0.252821E-02 -0.185263E-02 +0.000000E+00 +0.829979E-03 +0.000000E+00 +0.000000E+00
 +0.110366E+01 -0.102210E+03 +0.167674E+03 -0.629669E+02 +0.345534E+02 +0.217129E+02 +0.000000E+00 +0.000000E+00 +0.252929E-02 -0.185288E-02 +0.000000E+00 +0.825089E-03 +0.000000E+00 +0.000000E+00
 +0.110366E+01 -0.102220E+03 +0.167773E+03 -0.629379E+02 +0.345957E+02 +0.215842E+02 +0.000000E+00 +0.000000E+00 +0.253037E-02 -0.185314E-02 +0.000000E+00 +0.820200E-03 +0.000000E+00 +0.000000E+00
 +0.110366E+01 -0.102230E+03 +0.167869E+03 -0.629046E+02 +0.346381E+02 +0.214603E+02 +0.000000E+00 +0.000000E+00 +0.253138E-02 -0.185331E-02 +0.000000E+00 +0.815492E-03 +0.000000E+00 +0.000000E+00
 +0.110366E+01 -0.102240E+03 +0.167956E+03 -0.628627E+02 +0.346808E+02 +0.213463E+02 +0.000000E+00 +0.000000E+00 +0.253223E-02 -0.185333E-02 +0.000000E+00 +0.811160E-03 +0.000000E+00 +0.000000E+00
 +0.110366E+01 -0.102250E+03 +0.168043E+03 -0.628207E+02 +0.347235E+02 +0.212323E+02 +0.000000E+00 +0.000000E+00 +0.253308E-02 -0.185334E-02 +0.000000E+00 +0.806829E-03 +0.000000E+00 +0.000000E+00
 +0.110366E+01 -0.102260E+03 +0.168131E+03 -0.627788E+02 +0.347661E+02 +0.211184E+02 +0.000000E+00 +0.000000E+00 +0.253393E-02 -0.185335E-02 +0.000000E+00 +0.802498E-03 +0.000000E+00 +0.000000E+00
 +0.110366E+01 -0.102270E+03 +0.168218E+03 -0.627369E+02 +0.348088E+02 +0.210044E+02 +0.000000E+00 +0.000000E+00 +0.253477E-02 -0.185337E-02 +0.000000E+00 +0.798166E-03 +0.000000E+00 +0.000000E+00
 +0.110366E+01 -0.102280E+03 +0.168305E+03 -0.626949E+02 +0.348514E+02 +0.208904E+02 +0.000000E+00 +0.000000E+00 +0.253562E-02 -0.185338E-02 +0.000000E+00 +0.793835E-03 +0.000000E+00 +0.000000E+00
 +0.110366E+01 -0.102290E+03 +0.168393E+03 -0.626530E+02 +0.348941E+02 +0.207764E+02 +0.000000E+00 +0.000000E+00 +0.253647E-02 -0.185339E-02 +0.000000E+00 +0.789503E-03 +0.000000E+00 +0.000000E+00
 +0.110366E+01 -0.102300E+03 +0.168480E+03 -0.626110E+02 +0.349367E+02 +0.206624E+02 +0.000000E+00 +0.000000E+00 +0.253732E-02 -0.185341E-02 +0.000000E+00 +0.785172E-03 +0.000000E+00 +0.000000E+00
 +0.110366E+01 -0.102310E+03 +0.168567E+03 -0.625691E+02 +0.349794E+02 +0.205484E+02 +0.000000E+00 +0.000000E+00 +0.253817E-02 -0.185342E-02 +0.000000E+00 +0.780841E-03 +0.000000E+00 +0.000000E+00
 +0.110366E+01 -0.102320E+03 +0.168659E+03 -0.625087E+02 +0.350296E+02 +0.204317E+02 +0.000000E+00 +0.000000E+00 +0.253896E-02 -0.185323E-02 +0.000000E+00 +0.776404E-03 +0.000000E+00 +0.000000E+00
 +0.110366E+01 -0.102330E+03 +0.168751E+03 -0.624337E+02 +0.350849E+02 +0.203135E+02 +0.000000E+00 +0.000000E+00 +0.253967E-02 -0.185285E-02 +0.000000E+00 +0.771914E-03 +0.000000E+00 +0.000000E+00
 +0.110366E+01 -0.102340E+03 +0.168844E+03 -0.623587E+02 +0.351401E+02 +0.201954E+02 +0.000000E+00 +0.000000E+00 +0.254037E-02 -0.185248E-02 +0.000000E+00 +0.767424E-03 +0.000000E+00 +0.000000E+00
 +0.110366E+01 -0.102350E+03 +0.168936E+03 -0.622838E+02 +0.351954E+02 +0.200772E+02 +0.000000E+00 +0.000000E+00 +0.254108E-02 -0.185210E-02 +0.000000E+00 +0.762935E-03 +0.000000E+00 +0.000000E+00
 +0.110366E+01 -0.102360E+03 +0.169029E+03 -0.622088E+02 +0.352507E+02 +0.199591E+02 +0.000000E+00 +0.000000E+00 +0.254179E-02 -0.185173E-02 +0.000000E+00 +0.758445E-03 +0.000000E+00 +0.000000E+00
 +0.110366E+01 -0.102370E+03 +0.169121E+03 -0.621338E+02 +0.353059E+02 +0.198409E+02 +0.000000E+00 +0.000000E+00 +0.254249E-02 -0.185135E-02 +0.000000E+00 +0.753955E-03 +0.000000E+00 +0.000000E+00
 +0.110366E+01 -0.102380E+03 +0.169214E+03 -0.620588E+02 +0.353612E+02 +0.197228E+02 +0.000000E+00 +0.000000E+00 +0.254320E-02 -0.185098E-02 +0.000000E+00 +0.749466E-03 +0.000000E+00 +0.000000E+00
 +0.110366E+01 -0.102390E+03 +0.169306E+03 -0.619839E+02 +0.354164E+02 +0.196046E+02 +0.000000E+00 +0.000000E+00 +0.254391E-02 -0.185061E-02 +0.000000E+00 +0.744976E-03 +0.000000E+00 +0.000000E+00
 +0.110366E+01 -0.102400E+03 +0.169399E+03 -0.619089E+02 +0.354717E+02 +0.194865E+02 +0.000000E+00 +0.000000E+00 +0.254462E-02 -0.185023E-02 +0.000000E+00 +0.740486E-03 +0.000000E+00 +0.000000E+00
 +0.110366E+01 -0.102410E+03 +0.169481E+03 -0.618550E+02 +0.355167E+02 +0.193774E+02 +0.000000E+00 +0.000000E+00 +0.254533E-02 -0.185006E-02 +0.000000E+00 +0.736340E-03 +0.000000E+00 +0.000000E+00
 +0.110366E+01 -0.102420E+03 +0.169561E+03 -0.618070E+02 +0.355588E+02 +0.192708E+02 +0.000000E+00 +0.000000E+00 +0.254604E-02 -0.184995E-02 +0.000000E+00 +0.732289E-03 +0.000000E+00 +0.000000E+00
 +0.110366E+01 -0.102430E+03 +0.169641E+03 -0.617590E+02 +0.356010E+02 +0.191642E+02 +0.000000E+00 +0.000000E+00 +0.254676E-02 -0.184984E-02 +0.000000E+00 +0.728238E-03 +0.000000E+00 +0.000000E+00
 +0.110366E+01 -0.102440E+03 +0.169728E+03 -0.616752E+02 +0.356574E+02 +0.190516E+02 +0.000000E+00 +0.000000E+00 +0.254734E-02 -0.184932E-02 +0.000000E+00 +0.723961E-03 +0.000000E+00 +0.000000E+00
 +0.110366E+01 -0.102450E+03 +0.169815E+03 -0.615893E+02 +0.357146E+02 +0.189387E+02 +0.000000E+00 +0.000000E+00 +0.254791E-02 -0.184877E-02 +0.000000E+00 +0.719671E-03 +0.000000E+00 +0.000000E+00
 +0.110366E+01 -0.102460E+03 +0.169903E+03 -0.615035E+02 +0.357718E+02 +0.188258E+02 +0.000000E+00 +0.000000E+00 +0.254849E-02 -0.184823E-02 +0.000000E+00 +0.715380E-03 +0.000000E+00 +0.000000E+00
 +0.110366E+01 -0.102470E+03 +0.169990E+03 -0.614176E+02 +0.358290E+02 +0.187129E+02 +0.000000E+00 +0.000000E+00 +0.254906E-02 -0.184768E-02 +0.000000E+00 +0.711090E-03 +0.000000E+00 +0.000000E+00
 +0.110366E+01 -0.102480E+03 +0.170078E+03 -0.613318E+02 +0.358862E+02 +0.186000E+02 +0.000000E+00 +0.000000E+00 +0.254964E-02 -0.184714E-02 +0.000000E+00 +0.706799E-03 +0.000000E+00 +0.000000E+00
 +0.110366E+01 -0.102490E+03 +0.170165E+03 -0.612459E+02 +0.359434E+02 +0.184871E+02 +0.000000E+00 +0.000000E+00 +0.255021E-02 -0.184660E-02 +0.000000E+00 +0.702509E-03 +0.000000E+00 +0.000000E+00
 +0.110366E+01 -0.102500E+03 +0.170253E+03 -0.611600E+02 +0.360006E+02 +0.183742E+02 +0.000000E+00 +0.000000E+00 +0.255079E-02 -0.184605E-02 +0.000000E+00 +0.698219E-03 +0.000000E+00 +0.000000E+00
 +0.110366E+01 -0.102510E+03 +0.170329E+03 -0.610938E+02 +0.360476E+02 +0.182679E+02 +0.000000E+00 +0.000000E+00 +0.255134E-02 -0.184569E-02 +0.000000E+00 +0.694179E-03 +0.000000E+00 +0.000000E+00
 +0.110366E+01 -0.102520E+03 +0.170392E+03 -0.610505E+02 +0.360827E+02 +0.181693E+02 +0.000000E+00 +0.000000E+00 +0.255187E-02 -0.184553E-02 +0.000000E+00 +0.690434E-03 +0.000000E+00 +0.000000E+00
 +0.110366E+01 -0.102530E+03 +0.170455E+03 -0.610072E+02 +0.361177E+02 +0.180708E+02 +0.000000E+00 +0.000000E+00 +0.255241E-02 -0.184537E-02 +0.000000E+00 +0.686689E-03 +0.000000E+00 +0.000000E+00
 +0.110366E+01 -0.102540E+03 +0.170518E+03 -0.609639E+02 +0.361528E+02 +0.179722E+02 +0.000000E+00 +0.000000E+00 +0.255294E-02 -0.184522E-02 +0.000000E+00 +0.682945E-03 +0.000000E+00 +0.000000E+00
 +0.110366E+01 -0.102550E+03 +0.170581E+03 -0.609206E+02 +0.361879E+02 +0.178737E+02 +0.000000E+00 +0.000000E+00 +0.255347E-02 -0.184506E-02 +0.000000E+00 +0.679200E-03 +0.000000E+00 +0.000000E+00
 +0.110366E+01 -0.102560E+03 +0.170644E+03 -0.608774E+02 +0.362229E+02 +0.177751E+02 +0.000000E+00 +0.000000E+00 +0.255400E-02 -0.184491E-02 +0.000000E+00 +0.675455E-03 +0.000000E+00 +0.000000E+00
 +0.110366E+01 -0.102570E+03 +0.170712E+03 -0.608174E+02 +0.362653E+02 +0.176774E+02 +0.000000E+00 +0.000000E+00 +0.255449E-02 -0.184457E-02 +0.000000E+00 +0.671740E-03 +0.000000E+00 +0.000000E+00
 +0.110366E+01 -0.102580E+03 +0.170782E+03 -0.607537E+02 +0.363093E+02 +0.175798E+02 +0.000000E+00 +0.000000E+00 +0.255498E-02 -0.184420E-02 +0.000000E+00 +0.668032E-03 +0.000000E+00 +0.000000E+00
 +0.110366E+01 -0.102590E+03 +0.170852E+03 -0.606901E+02 +0.363533E+02 +0.174822E+02 +0.000000E+00 +0.000000E+00 +0.255547E-02 -0.184382E-02 +0.000000E+00 +0.664323E-03 +0.000000E+00 +0.000000E+00
 +0.110366E+01 -0.102600E+03 +0.170921E+03 -0.606264E+02 +0.363973E+02 +0.173846E+02 +0.000000E+00 +0.000000E+00 +0.255596E-02 -0.184345E-02 +0.000000E+00 +0.660615E-03 +0.000000E+00 +0.000000E+00
 +0.110366E+01 -0.102610E+03 +0.170991E+03 -0.605627E+02 +0.364413E+02 +0.172870E+02 +0.000000E+00 +0.000000E+00 +0.255644E-02 -0.184308E-02 +0.000000E+00 +0.656906E-03 +0.000000E+00 +0.000000E+00
 +0.110366E+01 -0.102620E+03 +0.171061E+03 -0.604991E+02 +0.364854E+02 +0.171894E+02 +0.000000E+00 +0.000000E+00 +0.255693E-02 -0.184270E-02 +0.000000E+00 +0.653198E-03 +0.000000E+00 +0.000000E+00
 +0.110366E+01 -0.102630E+03 +0.171130E+03 -0.604354E+02 +0.365294E+02 +0.170918E+02 +0.000000E+00 +0.000000E+00 +0.255742E-02 -0.184233E-02 +0.000000E+00 +0.649490E-03 +0.000000E+00 +0.000000E+00
 +0.110366E+01 -0.102640E+03 +0.171200E+03 -0.603718E+02 +0.365734E+02 +0.169942E+02 +0.000000E+00 +0.000000E+00 +0.255791E-02 -0.184196E-02 +0.000000E+00 +0.645781E-03 +0.000000E+00 +0.000000E+00
 +0.110366E+01 -0.102650E+03 +0.171264E+03 -0.603117E+02 +0.366144E+02 +0.169029E+02 +0.000000E+00 +0.000000E+00 +0.255835E-02 -0.184160E-02 +0.000000E+00 +0.642311E-03 +0.000000E+00 +0.000000E+00
 +0.110366E+01 -0.102660E+03 +0.171327E+03 -0.602523E+02 +0.366548E+02 +0.168130E+02 +0.000000E+00 +0.000000E+00 +0.255878E-02 -0.184123E-02 +0.000000E+00 +0.638894E-03 +0.000000E+00 +0.000000E+00
 +0.110366E+01 -0.102670E+03 +0.171390E+03 -0.601930E+02 +0.366951E+02 +0.167231E+02 +0.000000E+00 +0.000000E+00 +0.255921E-02 -0.184087E-02 +0.000000E+00 +0.635477E-03 +0.000000E+00 +0.000000E+00
 +0.110366E+01 -0.102680E+03 +0.171453E+03 -0.601337E+02 +0.367355E+02 +0.166332E+02 +0.000000E+00 +0.000000E+00 +0.255964E-02 -0.184051E-02 +0.000000E+00 +0.632060E-03 +0.000000E+00 +0.000000E+00
 +0.110366E+01 -0.102690E+03 +0.171516E+03 -0.600744E+02 +0.367758E+02 +0.165432E+02 +0.000000E+00 +0.000000E+00 +0.256007E-02 -0.184015E-02 +0.000000E+00 +0.628643E-03 +0.000000E+00 +0.000000E+00
 +0.110366E+01 -0.102700E+03 +0.171579E+03 -0.600151E+02 +0.368162E+02 +0.164533E+02 +0.000000E+00 +0.000000E+00 +0.256050E-02 -0.183979E-02 +0.000000E+00 +0.625227E-03 +0.000000E+00 +0.000000E+00
 +0.110366E+01 -0.102710E+03 +0.171642E+03 -0.599557E+02 +0.368565E+02 +0.163634E+02 +0.000000E+00 +0.000000E+00 +0.256093E-02 -0.183943E-02 +0.000000E+00 +0.621810E-03 +0.000000E+00 +0.000000E+00
 +0.110366E+01 -0.102720E+03 +0.171703E+03 -0.598922E+02 +0.368974E+02 +0.162737E+02 +0.000000E+00 +0.000000E+00 +0.256130E-02 -0.183900E-02 +0.000000E+00 +0.618402E-03 +0.000000E+00 +0.000000E+00
 +0.110366E+01 -0.102730E+03 +0.171754E+03 -0.598135E+02 +0.369403E+02 +0.161849E+02 +0.000000E+00 +0.000000E+00 +0.256146E-02 -0.183832E-02 +0.000000E+00 +0.615026E-03 +0.000000E+00 +0.000000E+00
 +0.110366E+01 -0.102740E+03 +0.171805E+03 -0.597348E+02 +0.369832E+02 +0.160961E+02 +0.000000E+00 +0.000000E+00 +0.256162E-02 -0.183764E-02 +0.000000E+00 +0.611650E-03 +0.000000E+00 +0.000000E+00
 +0.110366E+01 -0.102750E+03 +0.171856E+03 -0.596562E+02 +0.370260E+02 +0.160072E+02 +0.000000E+00 +0.000000E+00 +0.256177E-02 -0.183696E-02 +0.000000E+00 +0.608275E-03 +0.000000E+00 +0.000000E+00
 +0.110366E+01 -0.102760E+03 +0.171907E+03 -0.595775E+02 +0.370689E+02 +0.159184E+02 +0.000000E+00 +0.000000E+00 +0.256193E-02 -0.183628E-02 +0.000000E+00 +0.604899E-03 +0.000000E+00 +0.000000E+00
 +0.110366E+01 -0.102770E+03 +0.171959E+03 -0.594988E+02 +0.371118E+02 +0.158296E+02 +0.000000E+00 +0.000000E+00 +0.256209E-02 -0.183560E-02 +0.000000E+00 +0.601523E-03 +0.000000E+00 +0.000000E+00
 +0.110366E+01 -0.102780E+03 +0.172010E+03 -0.594202E+02 +0.371546E+02 +0.157407E+02 +0.000000E+00 +0.000000E+00 +0.256225E-02 -0.183492E-02 +0.000000E+00 +0.598147E-03 +0.000000E+00 +0.000000E+00
 +0.110366E+01 -0.102790E+03 +0.172061E+03 -0.593415E+02 +0.371975E+02 +0.156519E+02 +0.000000E+00 +0.000000E+00 +0.256241E-02 -0.183424E-02 +0.000000E+00 +0.594772E-03 +0.000000E+00 +0.000000E+00
 +0.110366E+01 -0.102800E+03 +0.172114E+03 -0.592673E+02 +0.372393E+02 +0.155632E+02 +0.000000E+00 +0.000000E+00 +0.256261E-02 -0.183363E-02 +0.000000E+00 +0.591400E-03 +0.000000E+00 +0.000000E+00
 +0.110366E+01 -0.102810E+03 +0.172173E+03 -0.592158E+02 +0.372759E+02 +0.154750E+02 +0.000000E+00 +0.000000E+00 +0.256305E-02 -0.183334E-02 +0.000000E+00 +0.588051E-03 +0.000000E+00 +0.000000E+00
 +0.110366E+01 -0.102820E+03 +0.172232E+03 -0.591644E+02 +0.373124E+02 +0.153869E+02 +0.000000E+00 +0.000000E+00 +0.256348E-02 -0.183306E-02 +0.000000E+00 +0.584702E-03 +0.000000E+00 +0.000000E+00
 +0.110366E+01 -0.102830E+03 +0.172291E+03 -0.591129E+02 +0.373489E+02 +0.152988E+02 +0.000000E+00 +0.000000E+00 +0.256391E-02 -0.183278E-02 +0.000000E+00 +0.581353E-03 +0.000000E+00 +0.000000E+00
 +0.110366E+01 -0.102840E+03 +0.172351E+03 -0.590615E+02 +0.373855E+02 +0.152106E+02 +0.000000E+00 +0.000000E+00 +0.256434E-02 -0.183249E-02 +0.000000E+00 +0.578004E-03 +0.000000E+00 +0.000000E+00
 +0.110366E+01 -0.102850E+03 +0.172410E+03 -0.590100E+02 +0.374220E+02 +0.151225E+02 +0.000000E+00 +0.000000E+00 +0.256477E-02 -0.183221E-02 +0.000000E+00 +0.574655E-03 +0.000000E+00 +0.000000E+00
 +0.110366E+01 -0.102860E+03 +0.172469E+03 -0.589586E+02 +0.374585E+02 +0.150344E+02 +0.000000E+00 +0.000000E+00 +0.256520E-02 -0.183192E-02 +0.000000E+00 +0.571306E-03 +0.000000E+00 +0.000000E+00
 +0.110366E+01 -0.102870E+03 +0.172528E+03 -0.589071E+02 +0.374950E+02 +0.149462E+02 +0.000000E+00 +0.000000E+00 +0.256564E-02 -0.183164E-02 +0.000000E+00 +0.567957E-03 +0.000000E+00 +0.000000E+00
 +0.110366E+01 -0.102880E+03 +0.172588E+03 -0.588557E+02 +0.375316E+02 +0.148581E+02 +0.000000E+00 +0.000000E+00 +0.256607E-02 -0.183136E-02 +0.000000E+00 +0.564607E-03 +0.000000E+00 +0.000000E+00
 +0.110366E+01 -0.102890E+03 +0.172651E+03 -0.587631E+02 +0.375829E+02 +0.147745E+02 +0.000000E+00 +0.000000E+00 +0.256629E-02 -0.183057E-02 +0.000000E+00 +0.561431E-03 +0.000000E+00 +0.000000E+00
 +0.110366E+01 -0.102900E+03 +0.172716E+03 -0.586504E+02 +0.376415E+02 +0.146931E+02 +0.000000E+00 +0.000000E+00 +0.256641E-02 -0.182955E-02 +0.000000E+00 +0.558337E-03 +0.000000E+00 +0.000000E+00
 +0.110366E+01 -0.102910E+03 +0.172781E+03 -0.585378E+02 +0.377001E+02 +0.146117E+02 +0.000000E+00 +0.000000E+00 +0.256653E-02 -0.182852E-02 +0.000000E+00 +0.555244E-03 +0.000000E+00 +0.000000E+00
 +0.110366E+01 -0.102920E+03 +0.172845E+03 -0.584252E+02 +0.377587E+02 +0.145303E+02 +0.000000E+00 +0.000000E+00 +0.256665E-02 -0.182749E-02 +0.000000E+00 +0.552150E-03 +0.000000E+00 +0.000000E+00
 +0.110366E+01 -0.102930E+03 +0.172910E+03 -0.583126E+02 +0.378172E+02 +0.144489E+02 +0.000000E+00 +0.000000E+00 +0.256677E-02 -0.182647E-02 +0.000000E+00 +0.549057E-03 +0.000000E+00 +0.000000E+00
 +0.110366E+01 -0.102940E+03 +0.172975E+03 -0.582000E+02 +0.378758E+02 +0.143675E+02 +0.000000E+00 +0.000000E+00 +0.256689E-02 -0.182544E-02 +0.000000E+00 +0.545964E-03 +0.000000E+00 +0.000000E+00
 +0.110366E+01 -0.102950E+03 +0.173040E+03 -0.580874E+02 +0.379344E+02 +0.142861E+02 +0.000000E+00 +0.000000E+00 +0.256701E-02 -0.182441E-02 +0.000000E+00 +0.542870E-03 +0.000000E+00 +0.000000E+00
 +0.110366E+01 -0.102960E+03 +0.173103E+03 -0.579809E+02 +0.379903E+02 +0.142033E+02 +0.000000E+00 +0.000000E+00 +0.256714E-02 -0.182345E-02 +0.000000E+00 +0.539725E-03 +0.000000E+00 +0.000000E+00
 +0.110366E+01 -0.102970E+03 +0.173156E+03 -0.579083E+02 +0.380319E+02 +0.141128E+02 +0.000000E+00 +0.000000E+00 +0.256737E-02 -0.182286E-02 +0.000000E+00 +0.536288E-03 +0.000000E+00 +0.000000E+00
 +0.110366E+01 -0.102980E+03 +0.173210E+03 -0.578357E+02 +0.380735E+02 +0.140224E+02 +0.000000E+00 +0.000000E+00 +0.256759E-02 -0.182227E-02 +0.000000E+00 +0.532850E-03 +0.000000E+00 +0.000000E+00
 +0.110366E+01 -0.102990E+03 +0.173263E+03 -0.577631E+02 +0.381151E+02 +0.139319E+02 +0.000000E+00 +0.000000E+00 +0.256782E-02 -0.182168E-02 +0.000000E+00 +0.529413E-03 +0.000000E+00 +0.000000E+00
 +0.110366E+01 -0.103000E+03 +0.173317E+03 -0.576905E+02 +0.381566E+02 +0.138415E+02 +0.000000E+00 +0.000000E+00 +0.256804E-02 -0.182110E-02 +0.000000E+00 +0.525976E-03 +0.000000E+00 +0.000000E+00
 +0.110366E+01 -0.103010E+03 +0.173370E+03 -0.576179E+02 +0.381982E+02 +0.137510E+02 +0.000000E+00 +0.000000E+00 +0.256826E-02 -0.182051E-02 +0.000000E+00 +0.522539E-03 +0.000000E+00 +0.000000E+00
 +0.110366E+01 -0.103020E+03 +0.173423E+03 -0.575453E+02 +0.382398E+02 +0.136606E+02 +0.000000E+00 +0.000000E+00 +0.256849E-02 -0.181992E-02 +0.000000E+00 +0.519102E-03 +0.000000E+00 +0.000000E+00
 +0.110366E+01 -0.103030E+03 +0.173477E+03 -0.574728E+02 +0.382813E+02 +0.135701E+02 +0.000000E+00 +0.000000E+00 +0.256871E-02 -0.181933E-02 +0.000000E+00 +0.515665E-03 +0.000000E+00 +0.000000E+00
 +0.110366E+01 -0.103040E+03 +0.173530E+03 -0.574002E+02 +0.383229E+02 +0.134797E+02 +0.000000E+00 +0.000000E+00 +0.256894E-02 -0.181874E-02 +0.000000E+00 +0.512228E-03 +0.000000E+00 +0.000000E+00
 +0.110366E+01 -0.103050E+03 +0.173584E+03 -0.573276E+02 +0.383645E+02 +0.133892E+02 +0.000000E+00 +0.000000E+00 +0.256916E-02 -0.181815E-02 +0.000000E+00 +0.508791E-03 +0.000000E+00 +0.000000E+00
 +0.110366E+01 -0.103060E+03 +0.173623E+03 -0.572492E+02 +0.384034E+02 +0.133011E+02 +0.000000E+00 +0.000000E+00 +0.256918E-02 -0.181740E-02 +0.000000E+00 +0.505441E-03 +0.000000E+00 +0.000000E+00
 +0.110366E+01 -0.103070E+03 +0.173657E+03 -0.571685E+02 +0.384412E+02 +0.132139E+02 +0.000000E+00 +0.000000E+00 +0.256910E-02 -0.181658E-02 +0.000000E+00 +0.502129E-03 +0.000000E+00 +0.000000E+00
 +0.110366E+01 -0.103080E+03 +0.173691E+03 -0.570877E+02 +0.384790E+02 +0.131267E+02 +0.000000E+00 +0.000000E+00 +0.256902E-02 -0.181577E-02 +0.000000E+00 +0.498816E-03 +0.000000E+00 +0.000000E+00
 +0.110366E+01 -0.103090E+03 +0.173724E+03 -0.570070E+02 +0.385168E+02 +0.130396E+02 +0.000000E+00 +0.000000E+00 +0.256895E-02 -0.181495E-02 +0.000000E+00 +0.495504E-03 +0.000000E+00 +0.000000E+00
 +0.110366E+01 -0.103100E+03 +0.173758E+03 -0.569262E+02 +0.385545E+02 +0.129524E+02 +0.000000E+00 +0.000000E+00 +0.256887E-02 -0.181413E-02 +0.000000E+00 +0.492191E-03 +0.000000E+00 +0.000000E+00
 +0.110366E+01 -0.103110E+03 +0.173792E+03 -0.568454E+02 +0.385923E+02 +0.128652E+02 +0.000000E+00 +0.000000E+00 +0.256879E-02 -0.181332E-02 +0.000000E+00 +0.488878E-03 +0.000000E+00 +0.000000E+00
 +0.110366E+01 -0.103120E+03 +0.173826E+03 -0.567647E+02 +0.386301E+02 +0.127781E+02 +0.000000E+00 +0.000000E+00 +0.256872E-02 -0.181250E-02 +0.000000E+00 +0.485566E-03 +0.000000E+00 +0.000000E+00
 +0.110366E+01 -0.103130E+03 +0.173873E+03 -0.566901E+02 +0.386705E+02 +0.127093E+02 +0.000000E+00 +0.000000E+00 +0.256886E-02 -0.181185E-02 +0.000000E+00 +0.482952E-03 +0.000000E+00 +0.000000E+00
 +0.110366E+01 -0.103140E+03 +0.173922E+03 -0.566158E+02 +0.387110E+02 +0.126413E+02 +0.000000E+00 +0.000000E+00 +0.256901E-02 -0.181121E-02 +0.000000E+00 +0.480368E-03 +0.000000E+00 +0.000000E+00
 +0.110366E+01 -0.103150E+03 +0.173970E+03 -0.565414E+02 +0.387515E+02 +0.125733E+02 +0.000000E+00 +0.000000E+00 +0.256916E-02 -0.181057E-02 +0.000000E+00 +0.477785E-03 +0.000000E+00 +0.000000E+00
 +0.110366E+01 -0.103160E+03 +0.174019E+03 -0.564671E+02 +0.387921E+02 +0.125053E+02 +0.000000E+00 +0.000000E+00 +0.256931E-02 -0.180992E-02 +0.000000E+00 +0.475202E-03 +0.000000E+00 +0.000000E+00
 +0.110366E+01 -0.103170E+03 +0.174067E+03 -0.563928E+02 +0.388326E+02 +0.124373E+02 +0.000000E+00 +0.000000E+00 +0.256946E-02 -0.180928E-02 +0.000000E+00 +0.472618E-03 +0.000000E+00 +0.000000E+00
 +0.110366E+01 -0.103180E+03 +0.174116E+03 -0.563185E+02 +0.388731E+02 +0.123693E+02 +0.000000E+00 +0.000000E+00 +0.256961E-02 -0.180864E-02 +0.000000E+00 +0.470035E-03 +0.000000E+00 +0.000000E+00
 +0.110366E+01 -0.103190E+03 +0.174164E+03 -0.562441E+02 +0.389136E+02 +0.123014E+02 +0.000000E+00 +0.000000E+00 +0.256976E-02 -0.180800E-02 +0.000000E+00 +0.467451E-03 +0.000000E+00 +0.000000E+00
 +0.110366E+01 -0.103200E+03 +0.174213E+03 -0.561698E+02 +0.389541E+02 +0.122334E+02 +0.000000E+00 +0.000000E+00 +0.256991E-02 -0.180735E-02 +0.000000E+00 +0.464868E-03 +0.000000E+00 +0.000000E+00
 +0.110366E+01 -0.103210E+03 +0.174261E+03 -0.560955E+02 +0.389946E+02 +0.121654E+02 +0.000000E+00 +0.000000E+00 +0.257006E-02 -0.180671E-02 +0.000000E+00 +0.462285E-03 +0.000000E+00 +0.000000E+00
 +0.110366E+01 -0.103220E+03 +0.174309E+03 -0.560212E+02 +0.390351E+02 +0.120974E+02 +0.000000E+00 +0.000000E+00 +0.257021E-02 -0.180607E-02 +0.000000E+00 +0.459701E-03 +0.000000E+00 +0.000000E+00
 +0.110366E+01 -0.103230E+03 +0.174358E+03 -0.559468E+02 +0.390756E+02 +0.120294E+02 +0.000000E+00 +0.000000E+00 +0.257036E-02 -0.180543E-02 +0.000000E+00 +0.457118E-03 +0.000000E+00 +0.000000E+00
 +0.110366E+01 -0.103240E+03 +0.174406E+03 -0.558725E+02 +0.391161E+02 +0.119614E+02 +0.000000E+00 +0.000000E+00 +0.257051E-02 -0.180478E-02 +0.000000E+00 +0.454534E-03 +0.000000E+00 +0.000000E+00
 +0.110366E+01 -0.103250E+03 +0.174455E+03 -0.557982E+02 +0.391566E+02 +0.118935E+02 +0.000000E+00 +0.000000E+00 +0.257066E-02 -0.180414E-02 +0.000000E+00 +0.451951E-03 +0.000000E+00 +0.000000E+00
 +0.110366E+01 -0.103260E+03 +0.174503E+03 -0.557239E+02 +0.391972E+02 +0.118255E+02 +0.000000E+00 +0.000000E+00 +0.257081E-02 -0.180350E-02 +0.000000E+00 +0.449368E-03 +0.000000E+00 +0.000000E+00
 +0.110366E+01 -0.103270E+03 +0.174552E+03 -0.556495E+02 +0.392377E+02 +0.117575E+02 +0.000000E+00 +0.000000E+00 +0.257096E-02 -0.180286E-02 +0.000000E+00 +0.446784E-03 +0.000000E+00 +0.000000E+00
 +0.110366E+01 -0.103280E+03 +0.174600E+03 -0.555752E+02 +0.392782E+02 +0.116895E+02 +0.000000E+00 +0.000000E+00 +0.257111E-02 -0.180221E-02 +0.000000E+00 +0.444201E-03 +0.000000E+00 +0.000000E+00
 +0.110366E+01 -0.103290E+03 +0.174648E+03 -0.555009E+02 +0.393187E+02 +0.116215E+02 +0.000000E+00 +0.000000E+00 +0.257127E-02 -0.180157E-02 +0.000000E+00 +0.441618E-03 +0.000000E+00 +0.000000E+00
 +0.110366E+01 -0.103300E+03 +0.174697E+03 -0.554266E+02 +0.393592E+02 +0.115535E+02 +0.000000E+00 +0.000000E+00 +0.257142E-02 -0.180093E-02 +0.000000E+00 +0.439034E-03 +0.000000E+00 +0.000000E+00
 +0.110366E+01 -0.103310E+03 +0.174745E+03 -0.553523E+02 +0.393997E+02 +0.114855E+02 +0.000000E+00 +0.000000E+00 +0.257157E-02 -0.180029E-02 +0.000000E+00 +0.436451E-03 +0.000000E+00 +0.000000E+00
 +0.110366E+01 -0.103320E+03 +0.174790E+03 -0.552636E+02 +0.394435E+02 +0.114031E+02 +0.000000E+00 +0.000000E+00 +0.257157E-02 -0.179944E-02 +0.000000E+00 +0.433316E-03 +0.000000E+00 +0.000000E+00
 +0.110366E+01 -0.103330E+03 +0.174833E+03 -0.551735E+02 +0.394877E+02 +0.113190E+02 +0.000000E+00 +0.000000E+00 +0.257157E-02 -0.179856E-02 +0.000000E+00 +0.430123E-03 +0.000000E+00 +0.000000E+00
 +0.110366E+01 -0.103340E+03 +0.174877E+03 -0.550834E+02 +0.395319E+02 +0.112350E+02 +0.000000E+00 +0.000000E+00 +0.257156E-02 -0.179769E-02 +0.000000E+00 +0.426929E-03 +0.000000E+00 +0.000000E+00
 +0.110366E+01 -0.103350E+03 +0.174921E+03 -0.549932E+02 +0.395761E+02 +0.111509E+02 +0.000000E+00 +0.000000E+00 +0.257155E-02 -0.179682E-02 +0.000000E+00 +0.423735E-03 +0.000000E+00 +0.000000E+00
 +0.110366E+01 -0.103360E+03 +0.174964E+03 -0.549031E+02 +0.396202E+02 +0.110669E+02 +0.000000E+00 +0.000000E+00 +0.257154E-02 -0.179594E-02 +0.000000E+00 +0.420542E-03 +0.000000E+00 +0.000000E+00
 +0.110366E+01 -0.103370E+03 +0.175008E+03 -0.548130E+02 +0.396644E+02 +0.109828E+02 +0.000000E+00 +0.000000E+00 +0.257153E-02 -0.179507E-02 +0.000000E+00 +0.417348E-03 +0.000000E+00 +0.000000E+00
 +0.110366E+01 -0.103380E+03 +0.175052E+03 -0.547228E+02 +0.397086E+02 +0.108988E+02 +0.000000E+00 +0.000000E+00 +0.257152E-02 -0.179420E-02 +0.000000E+00 +0.414155E-03 +0.000000E+00 +0.000000E+00
 +0.110366E+01 -0.103390E+03 +0.175096E+03 -0.546327E+02 +0.397528E+02 +0.108148E+02 +0.000000E+00 +0.000000E+00 +0.257151E-02 -0.179332E-02 +0.000000E+00 +0.410961E-03 +0.000000E+00 +0.000000E+00
 +0.110366E+01 -0.103400E+03 +0.175139E+03 -0.545426E+02 +0.397969E+02 +0.107307E+02 +0.000000E+00 +0.000000E+00 +0.257151E-02 -0.179245E-02 +0.000000E+00 +0.407767E-03 +0.000000E+00 +0.000000E+00
 +0.110366E+01 -0.103410E+03 +0.175183E+03 -0.544524E+02 +0.398411E+02 +0.106467E+02 +0.000000E+00 +0.000000E+00 +0.257150E-02 -0.179158E-02 +0.000000E+00 +0.404574E-03 +0.000000E+00 +0.000000E+00
 +0.110366E+01 -0.103420E+03 +0.175227E+03 -0.543623E+02 +0.398853E+02 +0.105626E+02 +0.000000E+00 +0.000000E+00 +0.257149E-02 -0.179070E-02 +0.000000E+00 +0.401380E-03 +0.000000E+00 +0.000000E+00
 +0.110366E+01 -0.103430E+03 +0.175271E+03 -0.542722E+02 +0.399295E+02 +0.104786E+02 +0.000000E+00 +0.000000E+00 +0.257148E-02 -0.178983E-02 +0.000000E+00 +0.398186E-03 +0.000000E+00 +0.000000E+00
 +0.110366E+01 -0.103440E+03 +0.175314E+03 -0.541820E+02 +0.399736E+02 +0.103945E+02 +0.000000E+00 +0.000000E+00 +0.257147E-02 -0.178896E-02 +0.000000E+00 +0.394993E-03 +0.000000E+00 +0.000000E+00
 +0.110366E+01 -0.103450E+03 +0.175358E+03 -0.540919E+02 +0.400178E+02 +0.103105E+02 +0.000000E+00 +0.000000E+00 +0.257146E-02 -0.178808E-02 +0.000000E+00 +0.391799E-03 +0.000000E+00 +0.000000E+00
 +0.110366E+01 -0.103460E+03 +0.175402E+03 -0.540018E+02 +0.400620E+02 +0.102265E+02 +0.000000E+00 +0.000000E+00 +0.257146E-02 -0.178721E-02 +0.000000E+00 +0.388606E-03 +0.000000E+00 +0.000000E+00
 +0.110366E+01 -0.103470E+03 +0.175445E+03 -0.539116E+02 +0.401062E+02 +0.101424E+02 +0.000000E+00 +0.000000E+00 +0.257145E-02 -0.178634E-02 +0.000000E+00 +0.385412E-03 +0.000000E+00 +0.000000E+00
 +0.110366E+01 -0.103480E+03 +0.175489E+03 -0.538215E+02 +0.401503E+02 +0.100584E+02 +0.000000E+00 +0.000000E+00 +0.257144E-02 -0.178546E-02 +0.000000E+00 +0.382218E-03 +0.000000E+00 +0.000000E+00
 +0.110366E+01 -0.103490E+03 +0.175533E+03 -0.537313E+02 +0.401945E+02 +0.997433E+01 +0.000000E+00 +0.000000E+00 +0.257143E-02 -0.178459E-02 +0.000000E+00 +0.379025E-03 +0.000000E+00 +0.000000E+00
 +0.110366E+01 -0.103500E+03 +0.175577E+03 -0.536412E+02 +0.402387E+02 +0.989029E+01 +0.000000E+00 +0.000000E+00 +0.257142E-02 -0.178372E-02 +0.000000E+00 +0.375831E-03 +0.000000E+00 +0.000000E+00
 +0.110366E+01 -0.103510E+03 +0.175620E+03 -0.535511E+02 +0.402829E+02 +0.980625E+01 +0.000000E+00 +0.000000E+00 +0.257141E-02 -0.178284E-02 +0.000000E+00 +0.372637E-03 +0.000000E+00 +0.000000E+00
 +0.110366E+01 -0.103520E+03 +0.175664E+03 -0.534609E+02 +0.403270E+02 +0.972221E+01 +0.000000E+00 +0.000000E+00 +0.257140E-02 -0.178197E-02 +0.000000E+00 +0.369444E-03 +0.000000E+00 +0.000000E+00
 +0.110366E+01 -0.103530E+03 +0.175707E+03 -0.533758E+02 +0.403691E+02 +0.964014E+01 +0.000000E+00 +0.000000E+00 +0.257141E-02 -0.178115E-02 +0.000000E+00 +0.366325E-03 +0.000000E+00 +0.000000E+00
 +0.110366E+01 -0.103540E+03 +0.175734E+03 -0.533491E+02 +0.403869E+02 +0.958104E+01 +0.000000E+00 +0.000000E+00 +0.257159E-02 -0.178099E-02 +0.000000E+00 +0.364079E-03 +0.000000E+00 +0.000000E+00
 +0.110366E+01 -0.103550E+03 +0.175761E+03 -0.533224E+02 +0.404047E+02 +0.952193E+01 +0.000000E+00 +0.000000E+00 +0.257177E-02 -0.178082E-02 +0.000000E+00 +0.361833E-03 +0.000000E+00 +0.000000E+00
 +0.110366E+01 -0.103560E+03 +0.175788E+03 -0.532957E+02 +0.404225E+02 +0.946282E+01 +0.000000E+00 +0.000000E+00 +0.257195E-02 -0.178065E-02 +0.000000E+00 +0.359587E-03 +0.000000E+00 +0.000000E+00
 +0.110366E+01 -0.103570E+03 +0.175816E+03 -0.532690E+02 +0.404403E+02 +0.940372E+01 +0.000000E+00 +0.000000E+00 +0.257213E-02 -0.178048E-02 +0.000000E+00 +0.357341E-03 +0.000000E+00 +0.000000E+00
 +0.110366E+01 -0.103580E+03 +0.175843E+03 -0.532423E+02 +0.404581E+02 +0.934461E+01 +0.000000E+00 +0.000000E+00 +0.257231E-02 -0.178031E-02 +0.000000E+00 +0.355095E-03 +0.000000E+00 +0.000000E+00
 +0.110366E+01 -0.103590E+03 +0.175870E+03 -0.532156E+02 +0.404759E+02 +0.928550E+01 +0.000000E+00 +0.000000E+00 +0.257249E-02 -0.178014E-02 +0.000000E+00 +0.352849E-03 +0.000000E+00 +0.000000E+00
 +0.110366E+01 -0.103600E+03 +0.175897E+03 -0.531889E+02 +0.404937E+02 +0.922640E+01 +0.000000E+00 +0.000000E+00 +0.257267E-02 -0.177997E-02 +0.000000E+00 +0.350603E-03 +0.000000E+00 +0.000000E+00
 +0.110366E+01 -0.103610E+03 +0.175924E+03 -0.531622E+02 +0.405115E+02 +0.916729E+01 +0.000000E+00 +0.000000E+00 +0.257285E-02 -0.177980E-02 +0.000000E+00 +0.348357E-03 +0.000000E+00 +0.000000E+00
 +0.110366E+01 -0.103620E+03 +0.175952E+03 -0.531355E+02 +0.405294E+02 +0.910818E+01 +0.000000E+00 +0.000000E+00 +0.257303E-02 -0.177963E-02 +0.000000E+00 +0.346111E-03 +0.000000E+00 +0.000000E+00
 +0.110366E+01 -0.103630E+03 +0.175979E+03 -0.531088E+02 +0.405472E+02 +0.904908E+01 +0.000000E+00 +0.000000E+00 +0.257320E-02 -0.177946E-02 +0.000000E+00 +0.343865E-03 +0.000000E+00 +0.000000E+00
 +0.110366E+01 -0.103640E+03 +0.176006E+03 -0.530821E+02 +0.405650E+02 +0.898997E+01 +0.000000E+00 +0.000000E+00 +0.257338E-02 -0.177929E-02 +0.000000E+00 +0.341619E-03 +0.000000E+00 +0.000000E+00
 +0.110366E+01 -0.103650E+03 +0.176033E+03 -0.530554E+02 +0.405828E+02 +0.893086E+01 +0.000000E+00 +0.000000E+00 +0.257356E-02 -0.177913E-02 +0.000000E+00 +0.339373E-03 +0.000000E+00 +0.000000E+00
 +0.110366E+01 -0.103660E+03 +0.176061E+03 -0.530287E+02 +0.406006E+02 +0.887176E+01 +0.000000E+00 +0.000000E+00 +0.257374E-02 -0.177896E-02 +0.000000E+00 +0.337127E-03 +0.000000E+00 +0.000000E+00
 +0.110366E+01 -0.103670E+03 +0.176088E+03 -0.530020E+02 +0.406184E+02 +0.881265E+01 +0.000000E+00 +0.000000E+00 +0.257392E-02 -0.177879E-02 +0.000000E+00 +0.334881E-03 +0.000000E+00 +0.000000E+00
 +0.110366E+01 -0.103680E+03 +0.176115E+03 -0.529753E+02 +0.406362E+02 +0.875355E+01 +0.000000E+00 +0.000000E+00 +0.257410E-02 -0.177862E-02 +0.000000E+00 +0.332635E-03 +0.000000E+00 +0.000000E+00
 +0.110366E+01 -0.103690E+03 +0.176142E+03 -0.529486E+02 +0.406540E+02 +0.869444E+01 +0.000000E+00 +0.000000E+00 +0.257428E-02 -0.177845E-02 +0.000000E+00 +0.330389E-03 +0.000000E+00 +0.000000E+00
 +0.110366E+01 -0.103700E+03 +0.176170E+03 -0.529219E+02 +0.406718E+02 +0.863533E+01 +0.000000E+00 +0.000000E+00 +0.257446E-02 -0.177828E-02 +0.000000E+00 +0.328143E-03 +0.000000E+00 +0.000000E+00
 +0.110366E+01 -0.103710E+03 +0.176194E+03 -0.528884E+02 +0.406908E+02 +0.857619E+01 +0.000000E+00 +0.000000E+00 +0.257456E-02 -0.177800E-02 +0.000000E+00 +0.325895E-03 +0.000000E+00 +0.000000E+00
 +0.110366E+01 -0.103720E+03 +0.176202E+03 -0.528213E+02 +0.407157E+02 +0.851684E+01 +0.000000E+00 +0.000000E+00 +0.257424E-02 -0.177720E-02 +0.000000E+00 +0.323640E-03 +0.000000E+00 +0.000000E+00
 +0.110366E+01 -0.103730E+03 +0.176211E+03 -0.527543E+02 +0.407406E+02 +0.845749E+01 +0.000000E+00 +0.000000E+00 +0.257393E-02 -0.177640E-02 +0.000000E+00 +0.321385E-03 +0.000000E+00 +0.000000E+00
 +0.110366E+01 -0.103740E+03 +0.176219E+03 -0.526872E+02 +0.407655E+02 +0.839815E+01 +0.000000E+00 +0.000000E+00 +0.257362E-02 -0.177560E-02 +0.000000E+00 +0.319130E-03 +0.000000E+00 +0.000000E+00
 +0.110366E+01 -0.103750E+03 +0.176227E+03 -0.526201E+02 +0.407904E+02 +0.833880E+01 +0.000000E+00 +0.000000E+00 +0.257330E-02 -0.177480E-02 +0.000000E+00 +0.316875E-03 +0.000000E+00 +0.000000E+00
 +0.110366E+01 -0.103760E+03 +0.176236E+03 -0.525530E+02 +0.408153E+02 +0.827946E+01 +0.000000E+00 +0.000000E+00 +0.257299E-02 -0.177400E-02 +0.000000E+00 +0.314619E-03 +0.000000E+00 +0.000000E+00
 +0.110366E+01 -0.103770E+03 +0.176244E+03 -0.524859E+02 +0.408402E+02 +0.822011E+01 +0.000000E+00 +0.000000E+00 +0.257267E-02 -0.177320E-02 +0.000000E+00 +0.312364E-03 +0.000000E+00 +0.000000E+00
 +0.110366E+01 -0.103780E+03 +0.176252E+03 -0.524189E+02 +0.408651E+02 +0.816077E+01 +0.000000E+00 +0.000000E+00 +0.257236E-02 -0.177239E-02 +0.000000E+00 +0.310109E-03 +0.000000E+00 +0.000000E+00
 +0.110366E+01 -0.103790E+03 +0.176261E+03 -0.523518E+02 +0.408900E+02 +0.810142E+01 +0.000000E+00 +0.000000E+00 +0.257205E-02 -0.177159E-02 +0.000000E+00 +0.307854E-03 +0.000000E+00 +0.000000E+00
 +0.110366E+01 -0.103800E+03 +0.176269E+03 -0.522847E+02 +0.409149E+02 +0.804207E+01 +0.000000E+00 +0.000000E+00 +0.257173E-02 -0.177079E-02 +0.000000E+00 +0.305599E-03 +0.000000E+00 +0.000000E+00
 +0.110366E+01 -0.103810E+03 +0.176278E+03 -0.522176E+02 +0.409398E+02 +0.798273E+01 +0.000000E+00 +0.000000E+00 +0.257142E-02 -0.176999E-02 +0.000000E+00 +0.303344E-03 +0.000000E+00 +0.000000E+00
 +0.110366E+01 -0.103820E+03 +0.176286E+03 -0.521505E+02 +0.409647E+02 +0.792338E+01 +0.000000E+00 +0.000000E+00 +0.257110E-02 -0.176919E-02 +0.000000E+00 +0.301089E-03 +0.000000E+00 +0.000000E+00
 +0.110366E+01 -0.103830E+03 +0.176294E+03 -0.520835E+02 +0.409896E+02 +0.786404E+01 +0.000000E+00 +0.000000E+00 +0.257079E-02 -0.176839E-02 +0.000000E+00 +0.298833E-03 +0.000000E+00 +0.000000E+00
 +0.110366E+01 -0.103840E+03 +0.176303E+03 -0.520164E+02 +0.410145E+02 +0.780469E+01 +0.000000E+00 +0.000000E+00 +0.257048E-02 -0.176759E-02 +0.000000E+00 +0.296578E-03 +0.000000E+00 +0.000000E+00
 +0.110366E+01 -0.103850E+03 +0.176311E+03 -0.519493E+02 +0.410394E+02 +0.774535E+01 +0.000000E+00 +0.000000E+00 +0.257016E-02 -0.176678E-02 +0.000000E+00 +0.294323E-03 +0.000000E+00 +0.000000E+00
 +0.110366E+01 -0.103860E+03 +0.176319E+03 -0.518822E+02 +0.410643E+02 +0.768600E+01 +0.000000E+00 +0.000000E+00 +0.256985E-02 -0.176598E-02 +0.000000E+00 +0.292068E-03 +0.000000E+00 +0.000000E+00
 +0.110366E+01 -0.103870E+03 +0.176341E+03 -0.518153E+02 +0.410933E+02 +0.764136E+01 +0.000000E+00 +0.000000E+00 +0.256970E-02 -0.176526E-02 +0.000000E+00 +0.290372E-03 +0.000000E+00 +0.000000E+00
 +0.110366E+01 -0.103880E+03 +0.176369E+03 -0.517484E+02 +0.411248E+02 +0.760500E+01 +0.000000E+00 +0.000000E+00 +0.256964E-02 -0.176459E-02 +0.000000E+00 +0.288990E-03 +0.000000E+00 +0.000000E+00
 +0.110366E+01 -0.103890E+03 +0.176397E+03 -0.516815E+02 +0.411562E+02 +0.756864E+01 +0.000000E+00 +0.000000E+00 +0.256958E-02 -0.176392E-02 +0.000000E+00 +0.287608E-03 +0.000000E+00 +0.000000E+00
 +0.110366E+01 -0.103900E+03 +0.176426E+03 -0.516146E+02 +0.411876E+02 +0.753228E+01 +0.000000E+00 +0.000000E+00 +0.256952E-02 -0.176324E-02 +0.000000E+00 +0.286227E-03 +0.000000E+00 +0.000000E+00
 +0.110366E+01 -0.103910E+03 +0.176454E+03 -0.515477E+02 +0.412190E+02 +0.749592E+01 +0.000000E+00 +0.000000E+00 +0.256946E-02 -0.176257E-02 +0.000000E+00 +0.284845E-03 +0.000000E+00 +0.000000E+00
 +0.110366E+01 -0.103920E+03 +0.176482E+03 -0.514808E+02 +0.412504E+02 +0.745956E+01 +0.000000E+00 +0.000000E+00 +0.256940E-02 -0.176189E-02 +0.000000E+00 +0.283463E-03 +0.000000E+00 +0.000000E+00
 +0.110366E+01 -0.103930E+03 +0.176510E+03 -0.514140E+02 +0.412819E+02 +0.742320E+01 +0.000000E+00 +0.000000E+00 +0.256934E-02 -0.176122E-02 +0.000000E+00 +0.282082E-03 +0.000000E+00 +0.000000E+00
 +0.110366E+01 -0.103940E+03 +0.176539E+03 -0.513471E+02 +0.413133E+02 +0.738684E+01 +0.000000E+00 +0.000000E+00 +0.256929E-02 -0.176055E-02 +0.000000E+00 +0.280700E-03 +0.000000E+00 +0.000000E+00
 +0.110366E+01 -0.103950E+03 +0.176567E+03 -0.512802E+02 +0.413447E+02 +0.735048E+01 +0.000000E+00 +0.000000E+00 +0.256923E-02 -0.175987E-02 +0.000000E+00 +0.279318E-03 +0.000000E+00 +0.000000E+00
 +0.110366E+01 -0.103960E+03 +0.176595E+03 -0.512133E+02 +0.413761E+02 +0.731412E+01 +0.000000E+00 +0.000000E+00 +0.256917E-02 -0.175920E-02 +0.000000E+00 +0.277937E-03 +0.000000E+00 +0.000000E+00
 +0.110366E+01 -0.103970E+03 +0.176624E+03 -0.511464E+02 +0.414075E+02 +0.727776E+01 +0.000000E+00 +0.000000E+00 +0.256911E-02 -0.175853E-02 +0.000000E+00 +0.276555E-03 +0.000000E+00 +0.000000E+00
 +0.110366E+01 -0.103980E+03 +0.176652E+03 -0.510795E+02 +0.414389E+02 +0.724141E+01 +0.000000E+00 +0.000000E+00 +0.256905E-02 -0.175785E-02 +0.000000E+00 +0.275173E-03 +0.000000E+00 +0.000000E+00
 +0.110366E+01 -0.103990E+03 +0.176680E+03 -0.510126E+02 +0.414704E+02 +0.720505E+01 +0.000000E+00 +0.000000E+00 +0.256899E-02 -0.175718E-02 +0.000000E+00 +0.273792E-03 +0.000000E+00 +0.000000E+00
 +0.110366E+01 -0.104000E+03 +0.176709E+03 -0.509458E+02 +0.415018E+02 +0.716869E+01 +0.000000E+00 +0.000000E+00 +0.256893E-02 -0.175650E-02 +0.000000E+00 +0.272410E-03 +0.000000E+00 +0.000000E+00
 +0.110366E+01 -0.104010E+03 +0.176737E+03 -0.508789E+02 +0.415332E+02 +0.713233E+01 +0.000000E+00 +0.000000E+00 +0.256887E-02 -0.175583E-02 +0.000000E+00 +0.271028E-03 +0.000000E+00 +0.000000E+00
 +0.110366E+01 -0.104020E+03 +0.176765E+03 -0.508120E+02 +0.415646E+02 +0.709597E+01 +0.000000E+00 +0.000000E+00 +0.256881E-02 -0.175516E-02 +0.000000E+00 +0.269647E-03 +0.000000E+00 +0.000000E+00
 +0.110366E+01 -0.104030E+03 +0.176794E+03 -0.507451E+02 +0.415960E+02 +0.705961E+01 +0.000000E+00 +0.000000E+00 +0.256876E-02 -0.175448E-02 +0.000000E+00 +0.268265E-03 +0.000000E+00 +0.000000E+00
 +0.110366E+01 -0.104040E+03 +0.176822E+03 -0.506782E+02 +0.416275E+02 +0.702325E+01 +0.000000E+00 +0.000000E+00 +0.256870E-02 -0.175381E-02 +0.000000E+00 +0.266883E-03 +0.000000E+00 +0.000000E+00
 +0.110366E+01 -0.104050E+03 +0.176850E+03 -0.506113E+02 +0.416589E+02 +0.698689E+01 +0.000000E+00 +0.000000E+00 +0.256864E-02 -0.175313E-02 +0.000000E+00 +0.265502E-03 +0.000000E+00 +0.000000E+00
 +0.110366E+01 -0.104060E+03 +0.176879E+03 -0.505445E+02 +0.416903E+02 +0.695053E+01 +0.000000E+00 +0.000000E+00 +0.256858E-02 -0.175246E-02 +0.000000E+00 +0.264120E-03 +0.000000E+00 +0.000000E+00
 +0.110366E+01 -0.104070E+03 +0.176907E+03 -0.504776E+02 +0.417217E+02 +0.691417E+01 +0.000000E+00 +0.000000E+00 +0.256852E-02 -0.175179E-02 +0.000000E+00 +0.262738E-03 +0.000000E+00 +0.000000E+00
 +0.110366E+01 -0.104080E+03 +0.176935E+03 -0.504107E+02 +0.417531E+02 +0.687781E+01 +0.000000E+00 +0.000000E+00 +0.256846E-02 -0.175111E-02 +0.000000E+00 +0.261357E-03 +0.000000E+00 +0.000000E+00
 +0.110366E+01 -0.104090E+03 +0.176964E+03 -0.503438E+02 +0.417845E+02 +0.684145E+01 +0.000000E+00 +0.000000E+00 +0.256840E-02 -0.175044E-02 +0.000000E+00 +0.259975E-03 +0.000000E+00 +0.000000E+00
 +0.110366E+01 -0.104100E+03 +0.176992E+03 -0.502769E+02 +0.418160E+02 +0.680509E+01 +0.000000E+00 +0.000000E+00 +0.256834E-02 -0.174976E-02 +0.000000E+00 +0.258593E-03 +0.000000E+00 +0.000000E+00
 +0.110366E+01 -0.104110E+03 +0.177020E+03 -0.502100E+02 +0.418474E+02 +0.676873E+01 +0.000000E+00 +0.000000E+00 +0.256829E-02 -0.174909E-02 +0.000000E+00 +0.257212E-03 +0.000000E+00 +0.000000E+00
 +0.110366E+01 -0.104120E+03 +0.177049E+03 -0.501431E+02 +0.418788E+02 +0.673237E+01 +0.000000E+00 +0.000000E+00 +0.256823E-02 -0.174842E-02 +0.000000E+00 +0.255830E-03 +0.000000E+00 +0.000000E+00
 +0.110366E+01 -0.104130E+03 +0.177077E+03 -0.500763E+02 +0.419102E+02 +0.669601E+01 +0.000000E+00 +0.000000E+00 +0.256817E-02 -0.174774E-02 +0.000000E+00 +0.254448E-03 +0.000000E+00 +0.000000E+00
 +0.110366E+01 -0.104140E+03 +0.177105E+03 -0.500094E+02 +0.419416E+02 +0.665965E+01 +0.000000E+00 +0.000000E+00 +0.256811E-02 -0.174707E-02 +0.000000E+00 +0.253067E-03 +0.000000E+00 +0.000000E+00
 +0.110366E+01 -0.104150E+03 +0.177134E+03 -0.499425E+02 +0.419731E+02 +0.662329E+01 +0.000000E+00 +0.000000E+00 +0.256805E-02 -0.174640E-02 +0.000000E+00 +0.251685E-03 +0.000000E+00 +0.000000E+00
 +0.110366E+01 -0.104160E+03 +0.177162E+03 -0.498756E+02 +0.420045E+02 +0.658693E+01 +0.000000E+00 +0.000000E+00 +0.256799E-02 -0.174572E-02 +0.000000E+00 +0.250303E-03 +0.000000E+00 +0.000000E+00
 +0.110366E+01 -0.104170E+03 +0.177190E+03 -0.498087E+02 +0.420359E+02 +0.655057E+01 +0.000000E+00 +0.000000E+00 +0.256793E-02 -0.174505E-02 +0.000000E+00 +0.248922E-03 +0.000000E+00 +0.000000E+00
 +0.110366E+01 -0.104180E+03 +0.177219E+03 -0.497418E+02 +0.420673E+02 +0.651421E+01 +0.000000E+00 +0.000000E+00 +0.256787E-02 -0.174437E-02 +0.000000E+00 +0.247540E-03 +0.000000E+00 +0.000000E+00
 +0.110366E+01 -0.104190E+03 +0.177247E+03 -0.496749E+02 +0.420987E+02 +0.647785E+01 +0.000000E+00 +0.000000E+00 +0.256781E-02 -0.174370E-02 +0.000000E+00 +0.246158E-03 +0.000000E+00 +0.000000E+00
 +0.110366E+01 -0.104200E+03 +0.177275E+03 -0.496081E+02 +0.421302E+02 +0.644149E+01 +0.000000E+00 +0.000000E+00 +0.256776E-02 -0.174303E-02 +0.000000E+00 +0.244777E-03 +0.000000E+00 +0.000000E+00
 +0.110366E+01 -0.104210E+03 +0.177304E+03 -0.495412E+02 +0.421616E+02 +0.640513E+01 +0.000000E+00 +0.000000E+00 +0.256770E-02 -0.174235E-02 +0.000000E+00 +0.243395E-03 +0.000000E+00 +0.000000E+00
 +0.110366E+01 -0.104220E+03 +0.177332E+03 -0.494743E+02 +0.421930E+02 +0.636877E+01 +0.000000E+00 +0.000000E+00 +0.256764E-02 -0.174168E-02 +0.000000E+00 +0.242013E-03 +0.000000E+00 +0.000000E+00
 +0.110366E+01 -0.104230E+03 +0.177360E+03 -0.494074E+02 +0.422244E+02 +0.633241E+01 +0.000000E+00 +0.000000E+00 +0.256758E-02 -0.174100E-02 +0.000000E+00 +0.240632E-03 +0.000000E+00 +0.000000E+00
 +0.110366E+01 -0.104240E+03 +0.177388E+03 -0.493405E+02 +0.422558E+02 +0.629605E+01 +0.000000E+00 +0.000000E+00 +0.256752E-02 -0.174033E-02 +0.000000E+00 +0.239250E-03 +0.000000E+00 +0.000000E+00
 +0.110366E+01 -0.104250E+03 +0.177417E+03 -0.492736E+02 +0.422872E+02 +0.625970E+01 +0.000000E+00 +0.000000E+00 +0.256746E-02 -0.173966E-02 +0.000000E+00 +0.237868E-03 +0.000000E+00 +0.000000E+00
 +0.110366E+01 -0.104260E+03 +0.177440E+03 -0.492036E+02 +0.423181E+02 +0.622718E+01 +0.000000E+00 +0.000000E+00 +0.256732E-02 -0.173891E-02 +0.000000E+00 +0.236633E-03 +0.000000E+00 +0.000000E+00
 +0.110366E+01 -0.104270E+03 +0.177454E+03 -0.491367E+02 +0.423447E+02 +0.619636E+01 +0.000000E+00 +0.000000E+00 +0.256708E-02 -0.173815E-02 +0.000000E+00 +0.235462E-03 +0.000000E+00 +0.000000E+00
 +0.110366E+01 -0.104280E+03 +0.177468E+03 -0.490699E+02 +0.423712E+02 +0.616554E+01 +0.000000E+00 +0.000000E+00 +0.256683E-02 -0.173738E-02 +0.000000E+00 +0.234290E-03 +0.000000E+00 +0.000000E+00
 +0.110366E+01 -0.104290E+03 +0.177481E+03 -0.490030E+02 +0.423978E+02 +0.613472E+01 +0.000000E+00 +0.000000E+00 +0.256659E-02 -0.173662E-02 +0.000000E+00 +0.233119E-03 +0.000000E+00 +0.000000E+00
 +0.110366E+01 -0.104300E+03 +0.177495E+03 -0.489362E+02 +0.424244E+02 +0.610390E+01 +0.000000E+00 +0.000000E+00 +0.256634E-02 -0.173585E-02 +0.000000E+00 +0.231948E-03 +0.000000E+00 +0.000000E+00
 +0.110366E+01 -0.104310E+03 +0.177509E+03 -0.488693E+02 +0.424510E+02 +0.607308E+01 +0.000000E+00 +0.000000E+00 +0.256610E-02 -0.173509E-02 +0.000000E+00 +0.230777E-03 +0.000000E+00 +0.000000E+00
 +0.110366E+01 -0.104320E+03 +0.177523E+03 -0.488025E+02 +0.424776E+02 +0.604226E+01 +0.000000E+00 +0.000000E+00 +0.256585E-02 -0.173432E-02 +0.000000E+00 +0.229606E-03 +0.000000E+00 +0.000000E+00
 +0.110366E+01 -0.104330E+03 +0.177536E+03 -0.487357E+02 +0.425042E+02 +0.601144E+01 +0.000000E+00 +0.000000E+00 +0.256561E-02 -0.173356E-02 +0.000000E+00 +0.228435E-03 +0.000000E+00 +0.000000E+00
 +0.110366E+01 -0.104340E+03 +0.177550E+03 -0.486688E+02 +0.425308E+02 +0.598061E+01 +0.000000E+00 +0.000000E+00 +0.256536E-02 -0.173279E-02 +0.000000E+00 +0.227263E-03 +0.000000E+00 +0.000000E+00
 +0.110366E+01 -0.104350E+03 +0.177564E+03 -0.486020E+02 +0.425574E+02 +0.594979E+01 +0.000000E+00 +0.000000E+00 +0.256512E-02 -0.173203E-02 +0.000000E+00 +0.226092E-03 +0.000000E+00 +0.000000E+00
 +0.110366E+01 -0.104360E+03 +0.177577E+03 -0.485351E+02 +0.425840E+02 +0.591897E+01 +0.000000E+00 +0.000000E+00 +0.256488E-02 -0.173126E-02 +0.000000E+00 +0.224921E-03 +0.000000E+00 +0.000000E+00
 +0.110366E+01 -0.104370E+03 +0.177591E+03 -0.484683E+02 +0.426106E+02 +0.588815E+01 +0.000000E+00 +0.000000E+00 +0.256463E-02 -0.173050E-02 +0.000000E+00 +0.223750E-03 +0.000000E+00 +0.000000E+00
 +0.110366E+01 -0.104380E+03 +0.177605E+03 -0.484014E+02 +0.426372E+02 +0.585733E+01 +0.000000E+00 +0.000000E+00 +0.256439E-02 -0.172973E-02 +0.000000E+00 +0.222579E-03 +0.000000E+00 +0.000000E+00
 +0.110366E+01 -0.104390E+03 +0.177619E+03 -0.483346E+02 +0.426637E+02 +0.582651E+01 +0.000000E+00 +0.000000E+00 +0.256414E-02 -0.172897E-02 +0.000000E+00 +0.221407E-03 +0.000000E+00 +0.000000E+00
 +0.110366E+01 -0.104400E+03 +0.177632E+03 -0.482677E+02 +0.426903E+02 +0.579569E+01 +0.000000E+00 +0.000000E+00 +0.256390E-02 -0.172820E-02 +0.000000E+00 +0.220236E-03 +0.000000E+00 +0.000000E+00
 +0.110366E+01 -0.104410E+03 +0.177646E+03 -0.482009E+02 +0.427169E+02 +0.576487E+01 +0.000000E+00 +0.000000E+00 +0.256365E-02 -0.172744E-02 +0.000000E+00 +0.219065E-03 +0.000000E+00 +0.000000E+00
 +0.110366E+01 -0.104420E+03 +0.177660E+03 -0.481341E+02 +0.427435E+02 +0.573405E+01 +0.000000E+00 +0.000000E+00 +0.256341E-02 -0.172667E-02 +0.000000E+00 +0.217894E-03 +0.000000E+00 +0.000000E+00
 +0.110366E+01 -0.104430E+03 +0.177674E+03 -0.480672E+02 +0.427701E+02 +0.570323E+01 +0.000000E+00 +0.000000E+00 +0.256317E-02 -0.172591E-02 +0.000000E+00 +0.216723E-03 +0.000000E+00 +0.000000E+00
 +0.110366E+01 -0.104440E+03 +0.177687E+03 -0.480004E+02 +0.427967E+02 +0.567241E+01 +0.000000E+00 +0.000000E+00 +0.256292E-02 -0.172514E-02 +0.000000E+00 +0.215552E-03 +0.000000E+00 +0.000000E+00
 +0.110366E+01 -0.104450E+03 +0.177701E+03 -0.479335E+02 +0.428233E+02 +0.564159E+01 +0.000000E+00 +0.000000E+00 +0.256268E-02 -0.172438E-02 +0.000000E+00 +0.214380E-03 +0.000000E+00 +0.000000E+00
 +0.110366E+01 -0.104460E+03 +0.177715E+03 -0.478667E+02 +0.428499E+02 +0.561077E+01 +0.000000E+00 +0.000000E+00 +0.256243E-02 -0.172361E-02 +0.000000E+00 +0.213209E-03 +0.000000E+00 +0.000000E+00
 +0.110366E+01 -0.104470E+03 +0.177729E+03 -0.477998E+02 +0.428765E+02 +0.557995E+01 +0.000000E+00 +0.000000E+00 +0.256219E-02 -0.172285E-02 +0.000000E+00 +0.212038E-03 +0.000000E+00 +0.000000E+00
 +0.110366E+01 -0.104480E+03 +0.177742E+03 -0.477330E+02 +0.429031E+02 +0.554913E+01 +0.000000E+00 +0.000000E+00 +0.256194E-02 -0.172208E-02 +0.000000E+00 +0.210867E-03 +0.000000E+00 +0.000000E+00
 +0.110366E+01 -0.104490E+03 +0.177756E+03 -0.476661E+02 +0.429297E+02 +0.551831E+01 +0.000000E+00 +0.000000E+00 +0.256170E-02 -0.172132E-02 +0.000000E+00 +0.209696E-03 +0.000000E+00 +0.000000E+00
 +0.110366E+01 -0.104500E+03 +0.177770E+03 -0.475993E+02 +0.429562E+02 +0.548749E+01 +0.000000E+00 +0.000000E+00 +0.256146E-02 -0.172056E-02 +0.000000E+00 +0.208525E-03 +0.000000E+00 +0.000000E+00
 +0.110366E+01 -0.104510E+03 +0.177783E+03 -0.475324E+02 +0.429828E+02 +0.545667E+01 +0.000000E+00 +0.000000E+00 +0.256121E-02 -0.171979E-02 +0.000000E+00 +0.207353E-03 +0.000000E+00 +0.000000E+00
 +0.110366E+01 -0.104520E+03 +0.177797E+03 -0.474656E+02 +0.430094E+02 +0.542585E+01 +0.000000E+00 +0.000000E+00 +0.256097E-02 -0.171903E-02 +0.000000E+00 +0.206182E-03 +0.000000E+00 +0.000000E+00
 +0.110366E+01 -0.104530E+03 +0.177811E+03 -0.473988E+02 +0.430360E+02 +0.539503E+01 +0.000000E+00 +0.000000E+00 +0.256072E-02 -0.171826E-02 +0.000000E+00 +0.205011E-03 +0.000000E+00 +0.000000E+00
 +0.110366E+01 -0.104540E+03 +0.177825E+03 -0.473319E+02 +0.430626E+02 +0.536420E+01 +0.000000E+00 +0.000000E+00 +0.256048E-02 -0.171750E-02 +0.000000E+00 +0.203840E-03 +0.000000E+00 +0.000000E+00
 +0.110366E+01 -0.104550E+03 +0.177838E+03 -0.472651E+02 +0.430892E+02 +0.533338E+01 +0.000000E+00 +0.000000E+00 +0.256023E-02 -0.171673E-02 +0.000000E+00 +0.202669E-03 +0.000000E+00 +0.000000E+00
 +0.110366E+01 -0.104560E+03 +0.177852E+03 -0.471982E+02 +0.431158E+02 +0.530256E+01 +0.000000E+00 +0.000000E+00 +0.255999E-02 -0.171597E-02 +0.000000E+00 +0.201497E-03 +0.000000E+00 +0.000000E+00
 +0.110366E+01 -0.104570E+03 +0.177866E+03 -0.471314E+02 +0.431424E+02 +0.527174E+01 +0.000000E+00 +0.000000E+00 +0.255975E-02 -0.171520E-02 +0.000000E+00 +0.200326E-03 +0.000000E+00 +0.000000E+00
 +0.110366E+01 -0.104580E+03 +0.177880E+03 -0.470645E+02 +0.431690E+02 +0.524092E+01 +0.000000E+00 +0.000000E+00 +0.255950E-02 -0.171444E-02 +0.000000E+00 +0.199155E-03 +0.000000E+00 +0.000000E+00
 +0.110366E+01 -0.104590E+03 +0.177893E+03 -0.469977E+02 +0.431956E+02 +0.521010E+01 +0.000000E+00 +0.000000E+00 +0.255926E-02 -0.171367E-02 +0.000000E+00 +0.197984E-03 +0.000000E+00 +0.000000E+00
 +0.110366E+01 -0.104600E+03 +0.177907E+03 -0.469308E+02 +0.432222E+02 +0.517928E+01 +0.000000E+00 +0.000000E+00 +0.255901E-02 -0.171291E-02 +0.000000E+00 +0.196813E-03 +0.000000E+00 +0.000000E+00
 +0.110366E+01 -0.104610E+03 +0.177921E+03 -0.468640E+02 +0.432487E+02 +0.514846E+01 +0.000000E+00 +0.000000E+00 +0.255877E-02 -0.171214E-02 +0.000000E+00 +0.195642E-03 +0.000000E+00 +0.000000E+00
 +0.110366E+01 -0.104620E+03 +0.177935E+03 -0.467971E+02 +0.432753E+02 +0.511764E+01 +0.000000E+00 +0.000000E+00 +0.255852E-02 -0.171138E-02 +0.000000E+00 +0.194470E-03 +0.000000E+00 +0.000000E+00
 +0.110366E+01 -0.104630E+03 +0.177948E+03 -0.467303E+02 +0.433019E+02 +0.508682E+01 +0.000000E+00 +0.000000E+00 +0.255828E-02 -0.171061E-02 +0.000000E+00 +0.193299E-03 +0.000000E+00 +0.000000E+00
 +0.110366E+01 -0.104640E+03 +0.177962E+03 -0.466635E+02 +0.433285E+02 +0.505600E+01 +0.000000E+00 +0.000000E+00 +0.255804E-02 -0.170985E-02 +0.000000E+00 +0.192128E-03 +0.000000E+00 +0.000000E+00
 +0.110366E+01 -0.104650E+03 +0.177976E+03 -0.465966E+02 +0.433551E+02 +0.502518E+01 +0.000000E+00 +0.000000E+00 +0.255779E-02 -0.170908E-02 +0.000000E+00 +0.190957E-03 +0.000000E+00 +0.000000E+00
 +0.110366E+01 -0.104660E+03 +0.177989E+03 -0.465298E+02 +0.433817E+02 +0.499436E+01 +0.000000E+00 +0.000000E+00 +0.255755E-02 -0.170832E-02 +0.000000E+00 +0.189786E-03 +0.000000E+00 +0.000000E+00
 +0.110366E+01 -0.104670E+03 +0.178003E+03 -0.464629E+02 +0.434083E+02 +0.496354E+01 +0.000000E+00 +0.000000E+00 +0.255730E-02 -0.170755E-02 +0.000000E+00 +0.188614E-03 +0.000000E+00 +0.000000E+00
 +0.110366E+01 -0.104680E+03 +0.178017E+03 -0.463961E+02 +0.434349E+02 +0.493272E+01 +0.000000E+00 +0.000000E+00 +0.255706E-02 -0.170679E-02 +0.000000E+00 +0.187443E-03 +0.000000E+00 +0.000000E+00
 +0.110366E+01 -0.104690E+03 +0.178031E+03 -0.463292E+02 +0.434615E+02 +0.490190E+01 +0.000000E+00 +0.000000E+00 +0.255681E-02 -0.170602E-02 +0.000000E+00 +0.186272E-03 +0.000000E+00 +0.000000E+00
 +0.110366E+01 -0.104700E+03 +0.178044E+03 -0.462624E+02 +0.434881E+02 +0.487108E+01 +0.000000E+00 +0.000000E+00 +0.255657E-02 -0.170526E-02 +0.000000E+00 +0.185101E-03 +0.000000E+00 +0.000000E+00
 +0.110366E+01 -0.104710E+03 +0.178058E+03 -0.461955E+02 +0.435147E+02 +0.484026E+01 +0.000000E+00 +0.000000E+00 +0.255633E-02 -0.170449E-02 +0.000000E+00 +0.183930E-03 +0.000000E+00 +0.000000E+00
 +0.110366E+01 -0.104720E+03 +0.178072E+03 -0.461287E+02 +0.435412E+02 +0.480944E+01 +0.000000E+00 +0.000000E+00 +0.255608E-02 -0.170373E-02 +0.000000E+00 +0.182759E-03 +0.000000E+00 +0.000000E+00
 +0.110366E+01 -0.104730E+03 +0.178086E+03 -0.460822E+02 +0.435611E+02 +0.478042E+01 +0.000000E+00 +0.000000E+00 +0.255596E-02 -0.170322E-02 +0.000000E+00 +0.181656E-03 +0.000000E+00 +0.000000E+00
 +0.110366E+01 -0.104740E+03 +0.178099E+03 -0.460554E+02 +0.435744E+02 +0.475316E+01 +0.000000E+00 +0.000000E+00 +0.255597E-02 -0.170297E-02 +0.000000E+00 +0.180620E-03 +0.000000E+00 +0.000000E+00
 +0.110366E+01 -0.104750E+03 +0.178113E+03 -0.460287E+02 +0.435878E+02 +0.472590E+01 +0.000000E+00 +0.000000E+00 +0.255598E-02 -0.170271E-02 +0.000000E+00 +0.179584E-03 +0.000000E+00 +0.000000E+00
 +0.110366E+01 -0.104760E+03 +0.178127E+03 -0.460020E+02 +0.436011E+02 +0.469864E+01 +0.000000E+00 +0.000000E+00 +0.255598E-02 -0.170246E-02 +0.000000E+00 +0.178548E-03 +0.000000E+00 +0.000000E+00
 +0.110366E+01 -0.104770E+03 +0.178140E+03 -0.459753E+02 +0.436144E+02 +0.467139E+01 +0.000000E+00 +0.000000E+00 +0.255599E-02 -0.170220E-02 +0.000000E+00 +0.177513E-03 +0.000000E+00 +0.000000E+00
 +0.110366E+01 -0.104780E+03 +0.178154E+03 -0.459486E+02 +0.436278E+02 +0.464413E+01 +0.000000E+00 +0.000000E+00 +0.255600E-02 -0.170195E-02 +0.000000E+00 +0.176477E-03 +0.000000E+00 +0.000000E+00
 +0.110366E+01 -0.104790E+03 +0.178168E+03 -0.459218E+02 +0.436411E+02 +0.461687E+01 +0.000000E+00 +0.000000E+00 +0.255600E-02 -0.170170E-02 +0.000000E+00 +0.175441E-03 +0.000000E+00 +0.000000E+00
 +0.110366E+01 -0.104800E+03 +0.178181E+03 -0.458951E+02 +0.436544E+02 +0.458961E+01 +0.000000E+00 +0.000000E+00 +0.255601E-02 -0.170144E-02 +0.000000E+00 +0.174405E-03 +0.000000E+00 +0.000000E+00
 +0.110366E+01 -0.104810E+03 +0.178195E+03 -0.458684E+02 +0.436677E+02 +0.456235E+01 +0.000000E+00 +0.000000E+00 +0.255602E-02 -0.170119E-02 +0.000000E+00 +0.173369E-03 +0.000000E+00 +0.000000E+00
 +0.110366E+01 -0.104820E+03 +0.178209E+03 -0.458417E+02 +0.436811E+02 +0.453509E+01 +0.000000E+00 +0.000000E+00 +0.255602E-02 -0.170093E-02 +0.000000E+00 +0.172334E-03 +0.000000E+00 +0.000000E+00
 +0.110366E+01 -0.104830E+03 +0.178222E+03 -0.458149E+02 +0.436944E+02 +0.450783E+01 +0.000000E+00 +0.000000E+00 +0.255603E-02 -0.170068E-02 +0.000000E+00 +0.171298E-03 +0.000000E+00 +0.000000E+00
 +0.110366E+01 -0.104840E+03 +0.178236E+03 -0.457882E+02 +0.437077E+02 +0.448057E+01 +0.000000E+00 +0.000000E+00 +0.255603E-02 -0.170042E-02 +0.000000E+00 +0.170262E-03 +0.000000E+00 +0.000000E+00
 +0.110366E+01 -0.104850E+03 +0.178250E+03 -0.457615E+02 +0.437211E+02 +0.445332E+01 +0.000000E+00 +0.000000E+00 +0.255604E-02 -0.170017E-02 +0.000000E+00 +0.169226E-03 +0.000000E+00 +0.000000E+00
 +0.110366E+01 -0.104860E+03 +0.178263E+03 -0.457348E+02 +0.437344E+02 +0.442606E+01 +0.000000E+00 +0.000000E+00 +0.255605E-02 -0.169991E-02 +0.000000E+00 +0.168190E-03 +0.000000E+00 +0.000000E+00
 +0.110366E+01 -0.104870E+03 +0.178277E+03 -0.457080E+02 +0.437477E+02 +0.439880E+01 +0.000000E+00 +0.000000E+00 +0.255605E-02 -0.169966E-02 +0.000000E+00 +0.167154E-03 +0.000000E+00 +0.000000E+00
 +0.110366E+01 -0.104880E+03 +0.178291E+03 -0.456813E+02 +0.437610E+02 +0.437154E+01 +0.000000E+00 +0.000000E+00 +0.255606E-02 -0.169940E-02 +0.000000E+00 +0.166119E-03 +0.000000E+00 +0.000000E+00
 +0.110366E+01 -0.104890E+03 +0.178304E+03 -0.456546E+02 +0.437744E+02 +0.434428E+01 +0.000000E+00 +0.000000E+00 +0.255607E-02 -0.169915E-02 +0.000000E+00 +0.165083E-03 +0.000000E+00 +0.000000E+00
 +0.110366E+01 -0.104900E+03 +0.178318E+03 -0.456279E+02 +0.437877E+02 +0.431702E+01 +0.000000E+00 +0.000000E+00 +0.255607E-02 -0.169890E-02 +0.000000E+00 +0.164047E-03 +0.000000E+00 +0.000000E+00
 +0.110366E+01 -0.104910E+03 +0.178332E+03 -0.456012E+02 +0.438010E+02 +0.428976E+01 +0.000000E+00 +0.000000E+00 +0.255608E-02 -0.169864E-02 +0.000000E+00 +0.163011E-03 +0.000000E+00 +0.000000E+00
 +0.110366E+01 -0.104920E+03 +0.178345E+03 -0.455744E+02 +0.438143E+02 +0.426251E+01 +0.000000E+00 +0.000000E+00 +0.255609E-02 -0.169839E-02 +0.000000E+00 +0.161975E-03 +0.000000E+00 +0.000000E+00
 +0.110366E+01 -0.104930E+03 +0.178359E+03 -0.455477E+02 +0.438277E+02 +0.423525E+01 +0.000000E+00 +0.000000E+00 +0.255609E-02 -0.169813E-02 +0.000000E+00 +0.160939E-03 +0.000000E+00 +0.000000E+00
 +0.110366E+01 -0.104940E+03 +0.178373E+03 -0.455210E+02 +0.438410E+02 +0.420799E+01 +0.000000E+00 +0.000000E+00 +0.255610E-02 -0.169788E-02 +0.000000E+00 +0.159904E-03 +0.000000E+00 +0.000000E+00
 +0.110366E+01 -0.104950E+03 +0.178386E+03 -0.454943E+02 +0.438543E+02 +0.418073E+01 +0.000000E+00 +0.000000E+00 +0.255611E-02 -0.169762E-02 +0.000000E+00 +0.158868E-03 +0.000000E+00 +0.000000E+00
 +0.110366E+01 -0.104960E+03 +0.178399E+03 -0.454663E+02 +0.438679E+02 +0.415355E+01 +0.000000E+00 +0.000000E+00 +0.255610E-02 -0.169735E-02 +0.000000E+00 +0.157835E-03 +0.000000E+00 +0.000000E+00
 +0.110366E+01 -0.104970E+03 +0.178402E+03 -0.454115E+02 +0.438868E+02 +0.412806E+01 +0.000000E+00 +0.000000E+00 +0.255579E-02 -0.169667E-02 +0.000000E+00 +0.156866E-03 +0.000000E+00 +0.000000E+00
 +0.110366E+01 -0.104980E+03 +0.178404E+03 -0.453567E+02 +0.439057E+02 +0.410257E+01 +0.000000E+00 +0.000000E+00 +0.255547E-02 -0.169599E-02 +0.000000E+00 +0.155898E-03 +0.000000E+00 +0.000000E+00
 +0.110366E+01 -0.104990E+03 +0.178407E+03 -0.453020E+02 +0.439246E+02 +0.407708E+01 +0.000000E+00 +0.000000E+00 +0.255516E-02 -0.169531E-02 +0.000000E+00 +0.154929E-03 +0.000000E+00 +0.000000E+00
