%X Y s_xx s_yy s_zz s_xy s_xz s_yz e_xx e_yy e_zz e_xy e_xz e_yz
 +0.148320E+01 -0.100000E+03 -0.410830E+03 -0.236556E+02 -0.143380E+03 +0.331363E+02 +0.000000E+00 +0.000000E+00 -0.508154E-02 +0.227477E-02 +0.000000E+00 +0.125918E-02 +0.000000E+00 +0.000000E+00
 +0.148320E+01 -0.100010E+03 -0.403949E+03 -0.294615E+02 -0.143025E+03 +0.383881E+02 +0.000000E+00 +0.000000E+00 -0.495755E-02 +0.215771E-02 +0.000000E+00 +0.145875E-02 +0.000000E+00 +0.000000E+00
 +0.148320E+01 -0.100020E+03 -0.397066E+03 -0.352586E+02 -0.142667E+03 +0.436828E+02 +0.000000E+00 +0.000000E+00 -0.483357E-02 +0.204076E-02 +0.000000E+00 +0.165995E-02 +0.000000E+00 +0.000000E+00
 +0.148320E+01 -0.100030E+03 -0.390025E+03 -0.404120E+02 -0.142044E+03 +0.520954E+02 +0.000000E+00 +0.000000E+00 -0.471163E-02 +0.193101E-02 +0.000000E+00 +0.197963E-02 +0.000000E+00 +0.000000E+00
 +0.148320E+01 -0.100040E+03 -0.383025E+03 -0.455323E+02 -0.141424E+03 +0.604093E+02 +0.000000E+00 +0.000000E+00 -0.459042E-02 +0.182194E-02 +0.000000E+00 +0.229555E-02 +0.000000E+00 +0.000000E+00
 +0.148320E+01 -0.100050E+03 -0.377497E+03 -0.494663E+02 -0.140898E+03 +0.651851E+02 +0.000000E+00 +0.000000E+00 -0.449538E-02 +0.173720E-02 +0.000000E+00 +0.247703E-02 +0.000000E+00 +0.000000E+00
 +0.148320E+01 -0.100060E+03 -0.371998E+03 -0.533735E+02 -0.140373E+03 +0.699001E+02 +0.000000E+00 +0.000000E+00 -0.440088E-02 +0.165298E-02 +0.000000E+00 +0.265621E-02 +0.000000E+00 +0.000000E+00
 +0.148320E+01 -0.100070E+03 -0.367182E+03 -0.566495E+02 -0.139864E+03 +0.731858E+02 +0.000000E+00 +0.000000E+00 -0.431903E-02 +0.158108E-02 +0.000000E+00 +0.278106E-02 +0.000000E+00 +0.000000E+00
 +0.148320E+01 -0.100080E+03 -0.362394E+03 -0.598996E+02 -0.139357E+03 +0.764208E+02 +0.000000E+00 +0.000000E+00 -0.423770E-02 +0.150969E-02 +0.000000E+00 +0.290399E-02 +0.000000E+00 +0.000000E+00
 +0.148320E+01 -0.100090E+03 -0.358095E+03 -0.626984E+02 -0.138862E+03 +0.787732E+02 +0.000000E+00 +0.000000E+00 -0.416543E-02 +0.144711E-02 +0.000000E+00 +0.299338E-02 +0.000000E+00 +0.000000E+00
 +0.148320E+01 -0.100100E+03 -0.353824E+03 -0.654722E+02 -0.138368E+03 +0.810837E+02 +0.000000E+00 +0.000000E+00 -0.409367E-02 +0.138502E-02 +0.000000E+00 +0.308118E-02 +0.000000E+00 +0.000000E+00
 +0.148320E+01 -0.100110E+03 -0.349933E+03 -0.679010E+02 -0.137885E+03 +0.828188E+02 +0.000000E+00 +0.000000E+00 -0.402891E-02 +0.132970E-02 +0.000000E+00 +0.314712E-02 +0.000000E+00 +0.000000E+00
 +0.148320E+01 -0.100120E+03 -0.346070E+03 -0.703053E+02 -0.137404E+03 +0.845178E+02 +0.000000E+00 +0.000000E+00 -0.396465E-02 +0.127487E-02 +0.000000E+00 +0.321168E-02 +0.000000E+00 +0.000000E+00
 +0.148320E+01 -0.100130E+03 -0.342520E+03 -0.724338E+02 -0.136935E+03 +0.858089E+02 +0.000000E+00 +0.000000E+00 -0.390612E-02 +0.122552E-02 +0.000000E+00 +0.326074E-02 +0.000000E+00 +0.000000E+00
 +0.148320E+01 -0.100140E+03 -0.338998E+03 -0.745385E+02 -0.136467E+03 +0.870687E+02 +0.000000E+00 +0.000000E+00 -0.384809E-02 +0.117664E-02 +0.000000E+00 +0.330861E-02 +0.000000E+00 +0.000000E+00
 +0.148320E+01 -0.100150E+03 -0.335742E+03 -0.764165E+02 -0.136012E+03 +0.880312E+02 +0.000000E+00 +0.000000E+00 -0.379486E-02 +0.113232E-02 +0.000000E+00 +0.334518E-02 +0.000000E+00 +0.000000E+00
 +0.148320E+01 -0.100160E+03 -0.332514E+03 -0.782715E+02 -0.135559E+03 +0.889665E+02 +0.000000E+00 +0.000000E+00 -0.374214E-02 +0.108847E-02 +0.000000E+00 +0.338073E-02 +0.000000E+00 +0.000000E+00
 +0.148320E+01 -0.100170E+03 -0.329516E+03 -0.799370E+02 -0.135120E+03 +0.896788E+02 +0.000000E+00 +0.000000E+00 -0.369354E-02 +0.104847E-02 +0.000000E+00 +0.340779E-02 +0.000000E+00 +0.000000E+00
 +0.148320E+01 -0.100180E+03 -0.326546E+03 -0.815802E+02 -0.134682E+03 +0.903675E+02 +0.000000E+00 +0.000000E+00 -0.364542E-02 +0.100893E-02 +0.000000E+00 +0.343396E-02 +0.000000E+00 +0.000000E+00
 +0.148320E+01 -0.100190E+03 -0.323776E+03 -0.830632E+02 -0.134257E+03 +0.908867E+02 +0.000000E+00 +0.000000E+00 -0.360087E-02 +0.972683E-03 +0.000000E+00 +0.345369E-02 +0.000000E+00 +0.000000E+00
 +0.148320E+01 -0.100200E+03 -0.321034E+03 -0.845248E+02 -0.133835E+03 +0.913854E+02 +0.000000E+00 +0.000000E+00 -0.355680E-02 +0.936885E-03 +0.000000E+00 +0.347265E-02 +0.000000E+00 +0.000000E+00
 +0.148320E+01 -0.100210E+03 -0.318469E+03 -0.858500E+02 -0.133425E+03 +0.917539E+02 +0.000000E+00 +0.000000E+00 -0.351582E-02 +0.903927E-03 +0.000000E+00 +0.348665E-02 +0.000000E+00 +0.000000E+00
 +0.148320E+01 -0.100220E+03 -0.315930E+03 -0.871547E+02 -0.133018E+03 +0.921046E+02 +0.000000E+00 +0.000000E+00 -0.347533E-02 +0.871400E-03 +0.000000E+00 +0.349998E-02 +0.000000E+00 +0.000000E+00
 +0.148320E+01 -0.100230E+03 -0.313546E+03 -0.883426E+02 -0.132623E+03 +0.923547E+02 +0.000000E+00 +0.000000E+00 -0.343753E-02 +0.841333E-03 +0.000000E+00 +0.350948E-02 +0.000000E+00 +0.000000E+00
 +0.148320E+01 -0.100240E+03 -0.311189E+03 -0.895109E+02 -0.132231E+03 +0.925895E+02 +0.000000E+00 +0.000000E+00 -0.340020E-02 +0.811681E-03 +0.000000E+00 +0.351840E-02 +0.000000E+00 +0.000000E+00
 +0.148320E+01 -0.100250E+03 -0.308969E+03 -0.905788E+02 -0.131851E+03 +0.927460E+02 +0.000000E+00 +0.000000E+00 -0.336524E-02 +0.784164E-03 +0.000000E+00 +0.352435E-02 +0.000000E+00 +0.000000E+00
 +0.148320E+01 -0.100260E+03 -0.306774E+03 -0.916282E+02 -0.131473E+03 +0.928894E+02 +0.000000E+00 +0.000000E+00 -0.333073E-02 +0.757046E-03 +0.000000E+00 +0.352980E-02 +0.000000E+00 +0.000000E+00
 +0.148320E+01 -0.100270E+03 -0.304700E+03 -0.925912E+02 -0.131106E+03 +0.929718E+02 +0.000000E+00 +0.000000E+00 -0.329829E-02 +0.731786E-03 +0.000000E+00 +0.353293E-02 +0.000000E+00 +0.000000E+00
 +0.148320E+01 -0.100280E+03 -0.302652E+03 -0.935366E+02 -0.130742E+03 +0.930431E+02 +0.000000E+00 +0.000000E+00 -0.326628E-02 +0.706907E-03 +0.000000E+00 +0.353564E-02 +0.000000E+00 +0.000000E+00
 +0.148320E+01 -0.100290E+03 -0.300710E+03 -0.944074E+02 -0.130389E+03 +0.930667E+02 +0.000000E+00 +0.000000E+00 -0.323611E-02 +0.683647E-03 +0.000000E+00 +0.353654E-02 +0.000000E+00 +0.000000E+00
 +0.148320E+01 -0.100300E+03 -0.298793E+03 -0.952617E+02 -0.130038E+03 +0.930809E+02 +0.000000E+00 +0.000000E+00 -0.320634E-02 +0.660749E-03 +0.000000E+00 +0.353707E-02 +0.000000E+00 +0.000000E+00
 +0.148320E+01 -0.100310E+03 -0.296970E+03 -0.960514E+02 -0.129697E+03 +0.930578E+02 +0.000000E+00 +0.000000E+00 -0.317818E-02 +0.639265E-03 +0.000000E+00 +0.353620E-02 +0.000000E+00 +0.000000E+00
 +0.148320E+01 -0.100320E+03 -0.295170E+03 -0.968256E+02 -0.129358E+03 +0.930267E+02 +0.000000E+00 +0.000000E+00 -0.315041E-02 +0.618123E-03 +0.000000E+00 +0.353501E-02 +0.000000E+00 +0.000000E+00
 +0.148320E+01 -0.100330E+03 -0.293453E+03 -0.975440E+02 -0.129029E+03 +0.929664E+02 +0.000000E+00 +0.000000E+00 -0.312406E-02 +0.598218E-03 +0.000000E+00 +0.353272E-02 +0.000000E+00 +0.000000E+00
 +0.148320E+01 -0.100340E+03 -0.291759E+03 -0.982477E+02 -0.128702E+03 +0.928994E+02 +0.000000E+00 +0.000000E+00 -0.309808E-02 +0.578637E-03 +0.000000E+00 +0.353018E-02 +0.000000E+00 +0.000000E+00
 +0.148320E+01 -0.100350E+03 -0.290139E+03 -0.989030E+02 -0.128384E+03 +0.928095E+02 +0.000000E+00 +0.000000E+00 -0.307335E-02 +0.560138E-03 +0.000000E+00 +0.352676E-02 +0.000000E+00 +0.000000E+00
 +0.148320E+01 -0.100360E+03 -0.288541E+03 -0.995447E+02 -0.128068E+03 +0.927139E+02 +0.000000E+00 +0.000000E+00 -0.304898E-02 +0.541945E-03 +0.000000E+00 +0.352313E-02 +0.000000E+00 +0.000000E+00
 +0.148320E+01 -0.100370E+03 -0.287007E+03 -0.100144E+03 -0.127760E+03 +0.926004E+02 +0.000000E+00 +0.000000E+00 -0.302570E-02 +0.524700E-03 +0.000000E+00 +0.351881E-02 +0.000000E+00 +0.000000E+00
 +0.148320E+01 -0.100380E+03 -0.285494E+03 -0.100731E+03 -0.127454E+03 +0.924820E+02 +0.000000E+00 +0.000000E+00 -0.300276E-02 +0.507743E-03 +0.000000E+00 +0.351432E-02 +0.000000E+00 +0.000000E+00
 +0.148320E+01 -0.100390E+03 -0.284040E+03 -0.101281E+03 -0.127156E+03 +0.923496E+02 +0.000000E+00 +0.000000E+00 -0.298079E-02 +0.491619E-03 +0.000000E+00 +0.350929E-02 +0.000000E+00 +0.000000E+00
 +0.148320E+01 -0.100400E+03 -0.282604E+03 -0.101819E+03 -0.126860E+03 +0.922131E+02 +0.000000E+00 +0.000000E+00 -0.295914E-02 +0.475767E-03 +0.000000E+00 +0.350410E-02 +0.000000E+00 +0.000000E+00
 +0.148320E+01 -0.100410E+03 -0.281220E+03 -0.102326E+03 -0.126570E+03 +0.920656E+02 +0.000000E+00 +0.000000E+00 -0.293835E-02 +0.460647E-03 +0.000000E+00 +0.349849E-02 +0.000000E+00 +0.000000E+00
 +0.148320E+01 -0.100420E+03 -0.279855E+03 -0.102821E+03 -0.126283E+03 +0.919147E+02 +0.000000E+00 +0.000000E+00 -0.291787E-02 +0.445783E-03 +0.000000E+00 +0.349276E-02 +0.000000E+00 +0.000000E+00
 +0.148320E+01 -0.100430E+03 -0.278535E+03 -0.103288E+03 -0.126002E+03 +0.917550E+02 +0.000000E+00 +0.000000E+00 -0.289814E-02 +0.431564E-03 +0.000000E+00 +0.348669E-02 +0.000000E+00 +0.000000E+00
 +0.148320E+01 -0.100440E+03 -0.277233E+03 -0.103744E+03 -0.125723E+03 +0.915924E+02 +0.000000E+00 +0.000000E+00 -0.287870E-02 +0.417586E-03 +0.000000E+00 +0.348051E-02 +0.000000E+00 +0.000000E+00
 +0.148320E+01 -0.100450E+03 -0.275972E+03 -0.104176E+03 -0.125449E+03 +0.914229E+02 +0.000000E+00 +0.000000E+00 -0.285994E-02 +0.404178E-03 +0.000000E+00 +0.347407E-02 +0.000000E+00 +0.000000E+00
 +0.148320E+01 -0.100460E+03 -0.274727E+03 -0.104599E+03 -0.125178E+03 +0.912509E+02 +0.000000E+00 +0.000000E+00 -0.284144E-02 +0.390997E-03 +0.000000E+00 +0.346753E-02 +0.000000E+00 +0.000000E+00
 +0.148320E+01 -0.100470E+03 -0.273519E+03 -0.105000E+03 -0.124911E+03 +0.910734E+02 +0.000000E+00 +0.000000E+00 -0.282355E-02 +0.378320E-03 +0.000000E+00 +0.346079E-02 +0.000000E+00 +0.000000E+00
 +0.148320E+01 -0.100480E+03 -0.272327E+03 -0.105391E+03 -0.124647E+03 +0.908938E+02 +0.000000E+00 +0.000000E+00 -0.280592E-02 +0.365858E-03 +0.000000E+00 +0.345396E-02 +0.000000E+00 +0.000000E+00
 +0.148320E+01 -0.100490E+03 -0.271167E+03 -0.105764E+03 -0.124387E+03 +0.907097E+02 +0.000000E+00 +0.000000E+00 -0.278881E-02 +0.353843E-03 +0.000000E+00 +0.344697E-02 +0.000000E+00 +0.000000E+00
 +0.148320E+01 -0.100500E+03 -0.270022E+03 -0.106128E+03 -0.124129E+03 +0.905239E+02 +0.000000E+00 +0.000000E+00 -0.277196E-02 +0.342032E-03 +0.000000E+00 +0.343991E-02 +0.000000E+00 +0.000000E+00
 +0.148320E+01 -0.100510E+03 -0.268906E+03 -0.106475E+03 -0.123876E+03 +0.903344E+02 +0.000000E+00 +0.000000E+00 -0.275558E-02 +0.330617E-03 +0.000000E+00 +0.343271E-02 +0.000000E+00 +0.000000E+00
 +0.148320E+01 -0.100520E+03 -0.267805E+03 -0.106814E+03 -0.123624E+03 +0.901434E+02 +0.000000E+00 +0.000000E+00 -0.273943E-02 +0.319395E-03 +0.000000E+00 +0.342545E-02 +0.000000E+00 +0.000000E+00
 +0.148320E+01 -0.100530E+03 -0.266729E+03 -0.107138E+03 -0.123376E+03 +0.899494E+02 +0.000000E+00 +0.000000E+00 -0.272371E-02 +0.308528E-03 +0.000000E+00 +0.341808E-02 +0.000000E+00 +0.000000E+00
 +0.148320E+01 -0.100540E+03 -0.265668E+03 -0.107454E+03 -0.123130E+03 +0.897541E+02 +0.000000E+00 +0.000000E+00 -0.270821E-02 +0.297843E-03 +0.000000E+00 +0.341065E-02 +0.000000E+00 +0.000000E+00
 +0.148320E+01 -0.100550E+03 -0.264630E+03 -0.107758E+03 -0.122888E+03 +0.895563E+02 +0.000000E+00 +0.000000E+00 -0.269310E-02 +0.287475E-03 +0.000000E+00 +0.340314E-02 +0.000000E+00 +0.000000E+00
 +0.148320E+01 -0.100560E+03 -0.263604E+03 -0.108053E+03 -0.122647E+03 +0.893572E+02 +0.000000E+00 +0.000000E+00 -0.267819E-02 +0.277281E-03 +0.000000E+00 +0.339557E-02 +0.000000E+00 +0.000000E+00
 +0.148320E+01 -0.100570E+03 -0.262601E+03 -0.108337E+03 -0.122410E+03 +0.891561E+02 +0.000000E+00 +0.000000E+00 -0.266363E-02 +0.267370E-03 +0.000000E+00 +0.338793E-02 +0.000000E+00 +0.000000E+00
 +0.148320E+01 -0.100580E+03 -0.261609E+03 -0.108614E+03 -0.122174E+03 +0.889539E+02 +0.000000E+00 +0.000000E+00 -0.264927E-02 +0.257626E-03 +0.000000E+00 +0.338025E-02 +0.000000E+00 +0.000000E+00
 +0.148320E+01 -0.100590E+03 -0.260636E+03 -0.108881E+03 -0.121941E+03 +0.887499E+02 +0.000000E+00 +0.000000E+00 -0.263522E-02 +0.248136E-03 +0.000000E+00 +0.337250E-02 +0.000000E+00 +0.000000E+00
 +0.148320E+01 -0.100600E+03 -0.259676E+03 -0.109141E+03 -0.121710E+03 +0.885449E+02 +0.000000E+00 +0.000000E+00 -0.262136E-02 +0.238805E-03 +0.000000E+00 +0.336470E-02 +0.000000E+00 +0.000000E+00
 +0.148320E+01 -0.100610E+03 -0.258733E+03 -0.109391E+03 -0.121481E+03 +0.883383E+02 +0.000000E+00 +0.000000E+00 -0.260778E-02 +0.229704E-03 +0.000000E+00 +0.335686E-02 +0.000000E+00 +0.000000E+00
 +0.148320E+01 -0.100620E+03 -0.257801E+03 -0.109635E+03 -0.121254E+03 +0.881308E+02 +0.000000E+00 +0.000000E+00 -0.259439E-02 +0.220755E-03 +0.000000E+00 +0.334897E-02 +0.000000E+00 +0.000000E+00
 +0.148320E+01 -0.100630E+03 -0.256885E+03 -0.109871E+03 -0.121029E+03 +0.879219E+02 +0.000000E+00 +0.000000E+00 -0.258125E-02 +0.212014E-03 +0.000000E+00 +0.334103E-02 +0.000000E+00 +0.000000E+00
 +0.148320E+01 -0.100640E+03 -0.255980E+03 -0.110100E+03 -0.120806E+03 +0.877121E+02 +0.000000E+00 +0.000000E+00 -0.256829E-02 +0.203418E-03 +0.000000E+00 +0.333306E-02 +0.000000E+00 +0.000000E+00
 +0.148320E+01 -0.100650E+03 -0.255089E+03 -0.110322E+03 -0.120585E+03 +0.875010E+02 +0.000000E+00 +0.000000E+00 -0.255556E-02 +0.195011E-03 +0.000000E+00 +0.332504E-02 +0.000000E+00 +0.000000E+00
 +0.148320E+01 -0.100660E+03 -0.254208E+03 -0.110538E+03 -0.120366E+03 +0.872891E+02 +0.000000E+00 +0.000000E+00 -0.254300E-02 +0.186744E-03 +0.000000E+00 +0.331699E-02 +0.000000E+00 +0.000000E+00
 +0.148320E+01 -0.100670E+03 -0.253341E+03 -0.110746E+03 -0.120149E+03 +0.870761E+02 +0.000000E+00 +0.000000E+00 -0.253065E-02 +0.178649E-03 +0.000000E+00 +0.330889E-02 +0.000000E+00 +0.000000E+00
 +0.148320E+01 -0.100680E+03 -0.252484E+03 -0.110949E+03 -0.119933E+03 +0.868622E+02 +0.000000E+00 +0.000000E+00 -0.251847E-02 +0.170688E-03 +0.000000E+00 +0.330076E-02 +0.000000E+00 +0.000000E+00
 +0.148320E+01 -0.100690E+03 -0.251639E+03 -0.111146E+03 -0.119719E+03 +0.866473E+02 +0.000000E+00 +0.000000E+00 -0.250647E-02 +0.162885E-03 +0.000000E+00 +0.329260E-02 +0.000000E+00 +0.000000E+00
 +0.148320E+01 -0.100700E+03 -0.250803E+03 -0.111337E+03 -0.119506E+03 +0.864316E+02 +0.000000E+00 +0.000000E+00 -0.249464E-02 +0.155212E-03 +0.000000E+00 +0.328440E-02 +0.000000E+00 +0.000000E+00
 +0.148320E+01 -0.100710E+03 -0.249979E+03 -0.111523E+03 -0.119295E+03 +0.862149E+02 +0.000000E+00 +0.000000E+00 -0.248298E-02 +0.147682E-03 +0.000000E+00 +0.327617E-02 +0.000000E+00 +0.000000E+00
 +0.148320E+01 -0.100720E+03 -0.249164E+03 -0.111703E+03 -0.119086E+03 +0.859974E+02 +0.000000E+00 +0.000000E+00 -0.247148E-02 +0.140279E-03 +0.000000E+00 +0.326790E-02 +0.000000E+00 +0.000000E+00
 +0.148320E+01 -0.100730E+03 -0.248359E+03 -0.111878E+03 -0.118878E+03 +0.857791E+02 +0.000000E+00 +0.000000E+00 -0.246013E-02 +0.133007E-03 +0.000000E+00 +0.325960E-02 +0.000000E+00 +0.000000E+00
 +0.148320E+01 -0.100740E+03 -0.247563E+03 -0.112047E+03 -0.118671E+03 +0.855598E+02 +0.000000E+00 +0.000000E+00 -0.244894E-02 +0.125857E-03 +0.000000E+00 +0.325127E-02 +0.000000E+00 +0.000000E+00
 +0.148320E+01 -0.100750E+03 -0.246776E+03 -0.112212E+03 -0.118466E+03 +0.853398E+02 +0.000000E+00 +0.000000E+00 -0.243789E-02 +0.118829E-03 +0.000000E+00 +0.324291E-02 +0.000000E+00 +0.000000E+00
 +0.148320E+01 -0.100760E+03 -0.245999E+03 -0.112372E+03 -0.118262E+03 +0.851190E+02 +0.000000E+00 +0.000000E+00 -0.242699E-02 +0.111920E-03 +0.000000E+00 +0.323452E-02 +0.000000E+00 +0.000000E+00
 +0.148320E+01 -0.100770E+03 -0.245230E+03 -0.112527E+03 -0.118060E+03 +0.848973E+02 +0.000000E+00 +0.000000E+00 -0.241623E-02 +0.105122E-03 +0.000000E+00 +0.322610E-02 +0.000000E+00 +0.000000E+00
 +0.148320E+01 -0.100780E+03 -0.244469E+03 -0.112677E+03 -0.117858E+03 +0.846749E+02 +0.000000E+00 +0.000000E+00 -0.240561E-02 +0.984407E-04 +0.000000E+00 +0.321764E-02 +0.000000E+00 +0.000000E+00
 +0.148320E+01 -0.100790E+03 -0.243717E+03 -0.112823E+03 -0.117658E+03 +0.844517E+02 +0.000000E+00 +0.000000E+00 -0.239511E-02 +0.918623E-04 +0.000000E+00 +0.320916E-02 +0.000000E+00 +0.000000E+00
 +0.148320E+01 -0.100800E+03 -0.242973E+03 -0.112965E+03 -0.117459E+03 +0.842276E+02 +0.000000E+00 +0.000000E+00 -0.238475E-02 +0.853972E-04 +0.000000E+00 +0.320065E-02 +0.000000E+00 +0.000000E+00
 +0.148320E+01 -0.100810E+03 -0.242236E+03 -0.113102E+03 -0.117262E+03 +0.840029E+02 +0.000000E+00 +0.000000E+00 -0.237451E-02 +0.790275E-04 +0.000000E+00 +0.319211E-02 +0.000000E+00 +0.000000E+00
 +0.148320E+01 -0.100820E+03 -0.241507E+03 -0.113235E+03 -0.117065E+03 +0.837774E+02 +0.000000E+00 +0.000000E+00 -0.236441E-02 +0.727687E-04 +0.000000E+00 +0.318354E-02 +0.000000E+00 +0.000000E+00
 +0.148320E+01 -0.100830E+03 -0.240786E+03 -0.113364E+03 -0.116870E+03 +0.835512E+02 +0.000000E+00 +0.000000E+00 -0.235441E-02 +0.665984E-04 +0.000000E+00 +0.317495E-02 +0.000000E+00 +0.000000E+00
 +0.148320E+01 -0.100840E+03 -0.240072E+03 -0.113489E+03 -0.116675E+03 +0.833242E+02 +0.000000E+00 +0.000000E+00 -0.234454E-02 +0.605368E-04 +0.000000E+00 +0.316632E-02 +0.000000E+00 +0.000000E+00
 +0.148320E+01 -0.100850E+03 -0.239365E+03 -0.113610E+03 -0.116482E+03 +0.830966E+02 +0.000000E+00 +0.000000E+00 -0.233478E-02 +0.545573E-04 +0.000000E+00 +0.315767E-02 +0.000000E+00 +0.000000E+00
 +0.148320E+01 -0.100860E+03 -0.238666E+03 -0.113727E+03 -0.116290E+03 +0.828682E+02 +0.000000E+00 +0.000000E+00 -0.232514E-02 +0.486846E-04 +0.000000E+00 +0.314899E-02 +0.000000E+00 +0.000000E+00
 +0.148320E+01 -0.100870E+03 -0.237972E+03 -0.113841E+03 -0.116098E+03 +0.826391E+02 +0.000000E+00 +0.000000E+00 -0.231560E-02 +0.428881E-04 +0.000000E+00 +0.314029E-02 +0.000000E+00 +0.000000E+00
 +0.148320E+01 -0.100880E+03 -0.237286E+03 -0.113950E+03 -0.115908E+03 +0.824093E+02 +0.000000E+00 +0.000000E+00 -0.230619E-02 +0.371966E-04 +0.000000E+00 +0.313155E-02 +0.000000E+00 +0.000000E+00
 +0.148320E+01 -0.100890E+03 -0.236606E+03 -0.114057E+03 -0.115719E+03 +0.821789E+02 +0.000000E+00 +0.000000E+00 -0.229686E-02 +0.315761E-04 +0.000000E+00 +0.312280E-02 +0.000000E+00 +0.000000E+00
 +0.148320E+01 -0.100900E+03 -0.235934E+03 -0.114159E+03 -0.115531E+03 +0.819478E+02 +0.000000E+00 +0.000000E+00 -0.228766E-02 +0.260590E-04 +0.000000E+00 +0.311401E-02 +0.000000E+00 +0.000000E+00
 +0.148320E+01 -0.100910E+03 -0.235266E+03 -0.114258E+03 -0.115343E+03 +0.817161E+02 +0.000000E+00 +0.000000E+00 -0.227854E-02 +0.206079E-04 +0.000000E+00 +0.310521E-02 +0.000000E+00 +0.000000E+00
 +0.148320E+01 -0.100920E+03 -0.234606E+03 -0.114354E+03 -0.115157E+03 +0.814836E+02 +0.000000E+00 +0.000000E+00 -0.226954E-02 +0.152589E-04 +0.000000E+00 +0.309638E-02 +0.000000E+00 +0.000000E+00
 +0.148320E+01 -0.100930E+03 -0.233951E+03 -0.114446E+03 -0.114971E+03 +0.812506E+02 +0.000000E+00 +0.000000E+00 -0.226062E-02 +0.997135E-05 +0.000000E+00 +0.308752E-02 +0.000000E+00 +0.000000E+00
 +0.148320E+01 -0.100940E+03 -0.233303E+03 -0.114535E+03 -0.114786E+03 +0.810169E+02 +0.000000E+00 +0.000000E+00 -0.225182E-02 +0.478456E-05 +0.000000E+00 +0.307864E-02 +0.000000E+00 +0.000000E+00
 +0.148320E+01 -0.100950E+03 -0.232660E+03 -0.114621E+03 -0.114603E+03 +0.807827E+02 +0.000000E+00 +0.000000E+00 -0.224309E-02 -0.345024E-06 +0.000000E+00 +0.306974E-02 +0.000000E+00 +0.000000E+00
 +0.148320E+01 -0.100960E+03 -0.232024E+03 -0.114703E+03 -0.114420E+03 +0.805478E+02 +0.000000E+00 +0.000000E+00 -0.223448E-02 -0.537497E-05 +0.000000E+00 +0.306082E-02 +0.000000E+00 +0.000000E+00
 +0.148320E+01 -0.100970E+03 -0.231392E+03 -0.114782E+03 -0.114237E+03 +0.803124E+02 +0.000000E+00 +0.000000E+00 -0.222593E-02 -0.103516E-04 +0.000000E+00 +0.305187E-02 +0.000000E+00 +0.000000E+00
 +0.148320E+01 -0.100980E+03 -0.230767E+03 -0.114858E+03 -0.114056E+03 +0.800763E+02 +0.000000E+00 +0.000000E+00 -0.221751E-02 -0.152297E-04 +0.000000E+00 +0.304290E-02 +0.000000E+00 +0.000000E+00
 +0.148320E+01 -0.100990E+03 -0.230147E+03 -0.114931E+03 -0.113876E+03 +0.798398E+02 +0.000000E+00 +0.000000E+00 -0.220915E-02 -0.200581E-04 +0.000000E+00 +0.303391E-02 +0.000000E+00 +0.000000E+00
 +0.148320E+01 -0.101000E+03 -0.229533E+03 -0.115001E+03 -0.113696E+03 +0.796026E+02 +0.000000E+00 +0.000000E+00 -0.220090E-02 -0.247890E-04 +0.000000E+00 +0.302490E-02 +0.000000E+00 +0.000000E+00
 +0.148320E+01 -0.101010E+03 -0.228923E+03 -0.115068E+03 -0.113517E+03 +0.793651E+02 +0.000000E+00 +0.000000E+00 -0.219271E-02 -0.294736E-04 +0.000000E+00 +0.301587E-02 +0.000000E+00 +0.000000E+00
 +0.148320E+01 -0.101020E+03 -0.228320E+03 -0.115132E+03 -0.113339E+03 +0.791268E+02 +0.000000E+00 +0.000000E+00 -0.218464E-02 -0.340614E-04 +0.000000E+00 +0.300682E-02 +0.000000E+00 +0.000000E+00
 +0.148320E+01 -0.101030E+03 -0.227721E+03 -0.115194E+03 -0.113162E+03 +0.788883E+02 +0.000000E+00 +0.000000E+00 -0.217662E-02 -0.386063E-04 +0.000000E+00 +0.299775E-02 +0.000000E+00 +0.000000E+00
 +0.148320E+01 -0.101040E+03 -0.227129E+03 -0.115252E+03 -0.112985E+03 +0.786490E+02 +0.000000E+00 +0.000000E+00 -0.216872E-02 -0.430553E-04 +0.000000E+00 +0.298866E-02 +0.000000E+00 +0.000000E+00
 +0.148320E+01 -0.101050E+03 -0.226539E+03 -0.115308E+03 -0.112810E+03 +0.784095E+02 +0.000000E+00 +0.000000E+00 -0.216087E-02 -0.474643E-04 +0.000000E+00 +0.297956E-02 +0.000000E+00 +0.000000E+00
 +0.148320E+01 -0.101060E+03 -0.225957E+03 -0.115360E+03 -0.112635E+03 +0.781693E+02 +0.000000E+00 +0.000000E+00 -0.215313E-02 -0.517781E-04 +0.000000E+00 +0.297043E-02 +0.000000E+00 +0.000000E+00
 +0.148320E+01 -0.101070E+03 -0.225378E+03 -0.115410E+03 -0.112460E+03 +0.779289E+02 +0.000000E+00 +0.000000E+00 -0.214544E-02 -0.560548E-04 +0.000000E+00 +0.296130E-02 +0.000000E+00 +0.000000E+00
 +0.148320E+01 -0.101080E+03 -0.224806E+03 -0.115457E+03 -0.112287E+03 +0.776878E+02 +0.000000E+00 +0.000000E+00 -0.213786E-02 -0.602370E-04 +0.000000E+00 +0.295214E-02 +0.000000E+00 +0.000000E+00
 +0.148320E+01 -0.101090E+03 -0.224236E+03 -0.115502E+03 -0.112114E+03 +0.774465E+02 +0.000000E+00 +0.000000E+00 -0.213033E-02 -0.643848E-04 +0.000000E+00 +0.294297E-02 +0.000000E+00 +0.000000E+00
 +0.148320E+01 -0.101100E+03 -0.223674E+03 -0.115544E+03 -0.111942E+03 +0.772046E+02 +0.000000E+00 +0.000000E+00 -0.212291E-02 -0.684388E-04 +0.000000E+00 +0.293378E-02 +0.000000E+00 +0.000000E+00
 +0.148320E+01 -0.101110E+03 -0.223113E+03 -0.115584E+03 -0.111770E+03 +0.769626E+02 +0.000000E+00 +0.000000E+00 -0.211552E-02 -0.724610E-04 +0.000000E+00 +0.292458E-02 +0.000000E+00 +0.000000E+00
 +0.148320E+01 -0.101120E+03 -0.222560E+03 -0.115620E+03 -0.111600E+03 +0.767199E+02 +0.000000E+00 +0.000000E+00 -0.210826E-02 -0.763899E-04 +0.000000E+00 +0.291536E-02 +0.000000E+00 +0.000000E+00
 +0.148320E+01 -0.101130E+03 -0.222009E+03 -0.115655E+03 -0.111429E+03 +0.764771E+02 +0.000000E+00 +0.000000E+00 -0.210102E-02 -0.802895E-04 +0.000000E+00 +0.290613E-02 +0.000000E+00 +0.000000E+00
 +0.148320E+01 -0.101140E+03 -0.221466E+03 -0.115686E+03 -0.111260E+03 +0.762338E+02 +0.000000E+00 +0.000000E+00 -0.209390E-02 -0.840964E-04 +0.000000E+00 +0.289688E-02 +0.000000E+00 +0.000000E+00
 +0.148320E+01 -0.101150E+03 -0.220924E+03 -0.115716E+03 -0.111091E+03 +0.759903E+02 +0.000000E+00 +0.000000E+00 -0.208682E-02 -0.878763E-04 +0.000000E+00 +0.288763E-02 +0.000000E+00 +0.000000E+00
 +0.148320E+01 -0.101160E+03 -0.220389E+03 -0.115742E+03 -0.110923E+03 +0.757464E+02 +0.000000E+00 +0.000000E+00 -0.207984E-02 -0.915641E-04 +0.000000E+00 +0.287836E-02 +0.000000E+00 +0.000000E+00
 +0.148320E+01 -0.101170E+03 -0.219856E+03 -0.115768E+03 -0.110756E+03 +0.755023E+02 +0.000000E+00 +0.000000E+00 -0.207290E-02 -0.952270E-04 +0.000000E+00 +0.286909E-02 +0.000000E+00 +0.000000E+00
 +0.148320E+01 -0.101180E+03 -0.219330E+03 -0.115789E+03 -0.110589E+03 +0.752578E+02 +0.000000E+00 +0.000000E+00 -0.206607E-02 -0.987984E-04 +0.000000E+00 +0.285979E-02 +0.000000E+00 +0.000000E+00
 +0.148320E+01 -0.101190E+03 -0.218805E+03 -0.115810E+03 -0.110423E+03 +0.750131E+02 +0.000000E+00 +0.000000E+00 -0.205927E-02 -0.102347E-03 +0.000000E+00 +0.285050E-02 +0.000000E+00 +0.000000E+00
 +0.148320E+01 -0.101200E+03 -0.218288E+03 -0.115826E+03 -0.110258E+03 +0.747681E+02 +0.000000E+00 +0.000000E+00 -0.205257E-02 -0.105805E-03 +0.000000E+00 +0.284119E-02 +0.000000E+00 +0.000000E+00
 +0.148320E+01 -0.101210E+03 -0.217772E+03 -0.115842E+03 -0.110093E+03 +0.745230E+02 +0.000000E+00 +0.000000E+00 -0.204591E-02 -0.109242E-03 +0.000000E+00 +0.283187E-02 +0.000000E+00 +0.000000E+00
 +0.148320E+01 -0.101220E+03 -0.217263E+03 -0.115855E+03 -0.109929E+03 +0.742775E+02 +0.000000E+00 +0.000000E+00 -0.203935E-02 -0.112588E-03 +0.000000E+00 +0.282254E-02 +0.000000E+00 +0.000000E+00
 +0.148320E+01 -0.101230E+03 -0.216756E+03 -0.115866E+03 -0.109765E+03 +0.740320E+02 +0.000000E+00 +0.000000E+00 -0.203282E-02 -0.115916E-03 +0.000000E+00 +0.281321E-02 +0.000000E+00 +0.000000E+00
 +0.148320E+01 -0.101240E+03 -0.216255E+03 -0.115874E+03 -0.109602E+03 +0.737861E+02 +0.000000E+00 +0.000000E+00 -0.202640E-02 -0.119154E-03 +0.000000E+00 +0.280387E-02 +0.000000E+00 +0.000000E+00
 +0.148320E+01 -0.101250E+03 -0.215756E+03 -0.115881E+03 -0.109440E+03 +0.735402E+02 +0.000000E+00 +0.000000E+00 -0.202000E-02 -0.122374E-03 +0.000000E+00 +0.279453E-02 +0.000000E+00 +0.000000E+00
 +0.148320E+01 -0.101260E+03 -0.215263E+03 -0.115884E+03 -0.109279E+03 +0.732940E+02 +0.000000E+00 +0.000000E+00 -0.201371E-02 -0.125506E-03 +0.000000E+00 +0.278517E-02 +0.000000E+00 +0.000000E+00
 +0.148320E+01 -0.101270E+03 -0.214772E+03 -0.115887E+03 -0.109117E+03 +0.730478E+02 +0.000000E+00 +0.000000E+00 -0.200743E-02 -0.128622E-03 +0.000000E+00 +0.277582E-02 +0.000000E+00 +0.000000E+00
 +0.148320E+01 -0.101280E+03 -0.214287E+03 -0.115886E+03 -0.108957E+03 +0.728014E+02 +0.000000E+00 +0.000000E+00 -0.200127E-02 -0.131649E-03 +0.000000E+00 +0.276645E-02 +0.000000E+00 +0.000000E+00
 +0.148320E+01 -0.101290E+03 -0.213804E+03 -0.115885E+03 -0.108797E+03 +0.725549E+02 +0.000000E+00 +0.000000E+00 -0.199513E-02 -0.134662E-03 +0.000000E+00 +0.275709E-02 +0.000000E+00 +0.000000E+00
 +0.148320E+01 -0.101300E+03 -0.213327E+03 -0.115880E+03 -0.108638E+03 +0.723083E+02 +0.000000E+00 +0.000000E+00 -0.198909E-02 -0.137588E-03 +0.000000E+00 +0.274772E-02 +0.000000E+00 +0.000000E+00
 +0.148320E+01 -0.101310E+03 -0.212852E+03 -0.115874E+03 -0.108480E+03 +0.720617E+02 +0.000000E+00 +0.000000E+00 -0.198307E-02 -0.140501E-03 +0.000000E+00 +0.273834E-02 +0.000000E+00 +0.000000E+00
 +0.148320E+01 -0.101320E+03 -0.212383E+03 -0.115865E+03 -0.108322E+03 +0.718149E+02 +0.000000E+00 +0.000000E+00 -0.197716E-02 -0.143326E-03 +0.000000E+00 +0.272897E-02 +0.000000E+00 +0.000000E+00
 +0.148320E+01 -0.101330E+03 -0.211915E+03 -0.115856E+03 -0.108164E+03 +0.715682E+02 +0.000000E+00 +0.000000E+00 -0.197126E-02 -0.146142E-03 +0.000000E+00 +0.271959E-02 +0.000000E+00 +0.000000E+00
 +0.148320E+01 -0.101340E+03 -0.211453E+03 -0.115843E+03 -0.108008E+03 +0.713213E+02 +0.000000E+00 +0.000000E+00 -0.196546E-02 -0.148869E-03 +0.000000E+00 +0.271021E-02 +0.000000E+00 +0.000000E+00
 +0.148320E+01 -0.101350E+03 -0.210993E+03 -0.115830E+03 -0.107851E+03 +0.710745E+02 +0.000000E+00 +0.000000E+00 -0.195968E-02 -0.151588E-03 +0.000000E+00 +0.270083E-02 +0.000000E+00 +0.000000E+00
 +0.148320E+01 -0.101360E+03 -0.210539E+03 -0.115813E+03 -0.107696E+03 +0.708277E+02 +0.000000E+00 +0.000000E+00 -0.195401E-02 -0.154220E-03 +0.000000E+00 +0.269145E-02 +0.000000E+00 +0.000000E+00
 +0.148320E+01 -0.101370E+03 -0.210085E+03 -0.115796E+03 -0.107541E+03 +0.705808E+02 +0.000000E+00 +0.000000E+00 -0.194835E-02 -0.156845E-03 +0.000000E+00 +0.268207E-02 +0.000000E+00 +0.000000E+00
 +0.148320E+01 -0.101380E+03 -0.209639E+03 -0.115775E+03 -0.107387E+03 +0.703340E+02 +0.000000E+00 +0.000000E+00 -0.194279E-02 -0.159383E-03 +0.000000E+00 +0.267269E-02 +0.000000E+00 +0.000000E+00
 +0.148320E+01 -0.101390E+03 -0.209193E+03 -0.115754E+03 -0.107233E+03 +0.700873E+02 +0.000000E+00 +0.000000E+00 -0.193724E-02 -0.161915E-03 +0.000000E+00 +0.266332E-02 +0.000000E+00 +0.000000E+00
 +0.148320E+01 -0.101400E+03 -0.208754E+03 -0.115730E+03 -0.107080E+03 +0.698406E+02 +0.000000E+00 +0.000000E+00 -0.193180E-02 -0.164362E-03 +0.000000E+00 +0.265394E-02 +0.000000E+00 +0.000000E+00
 +0.148320E+01 -0.101410E+03 -0.208315E+03 -0.115706E+03 -0.106927E+03 +0.695939E+02 +0.000000E+00 +0.000000E+00 -0.192637E-02 -0.166804E-03 +0.000000E+00 +0.264457E-02 +0.000000E+00 +0.000000E+00
 +0.148320E+01 -0.101420E+03 -0.207882E+03 -0.115678E+03 -0.106775E+03 +0.693473E+02 +0.000000E+00 +0.000000E+00 -0.192104E-02 -0.169160E-03 +0.000000E+00 +0.263520E-02 +0.000000E+00 +0.000000E+00
 +0.148320E+01 -0.101430E+03 -0.207450E+03 -0.115650E+03 -0.106623E+03 +0.691008E+02 +0.000000E+00 +0.000000E+00 -0.191572E-02 -0.171513E-03 +0.000000E+00 +0.262583E-02 +0.000000E+00 +0.000000E+00
 +0.148320E+01 -0.101440E+03 -0.207025E+03 -0.115619E+03 -0.106473E+03 +0.688545E+02 +0.000000E+00 +0.000000E+00 -0.191050E-02 -0.173782E-03 +0.000000E+00 +0.261647E-02 +0.000000E+00 +0.000000E+00
 +0.148320E+01 -0.101450E+03 -0.206600E+03 -0.115588E+03 -0.106322E+03 +0.686082E+02 +0.000000E+00 +0.000000E+00 -0.190528E-02 -0.176048E-03 +0.000000E+00 +0.260711E-02 +0.000000E+00 +0.000000E+00
 +0.148320E+01 -0.101460E+03 -0.206182E+03 -0.115553E+03 -0.106172E+03 +0.683621E+02 +0.000000E+00 +0.000000E+00 -0.190017E-02 -0.178230E-03 +0.000000E+00 +0.259776E-02 +0.000000E+00 +0.000000E+00
 +0.148320E+01 -0.101470E+03 -0.205763E+03 -0.115518E+03 -0.106023E+03 +0.681161E+02 +0.000000E+00 +0.000000E+00 -0.189507E-02 -0.180411E-03 +0.000000E+00 +0.258841E-02 +0.000000E+00 +0.000000E+00
 +0.148320E+01 -0.101480E+03 -0.205352E+03 -0.115480E+03 -0.105874E+03 +0.678704E+02 +0.000000E+00 +0.000000E+00 -0.189006E-02 -0.182509E-03 +0.000000E+00 +0.257907E-02 +0.000000E+00 +0.000000E+00
 +0.148320E+01 -0.101490E+03 -0.204940E+03 -0.115442E+03 -0.105726E+03 +0.676247E+02 +0.000000E+00 +0.000000E+00 -0.188506E-02 -0.184605E-03 +0.000000E+00 +0.256974E-02 +0.000000E+00 +0.000000E+00
 +0.148320E+01 -0.101500E+03 -0.204535E+03 -0.115401E+03 -0.105579E+03 +0.673793E+02 +0.000000E+00 +0.000000E+00 -0.188016E-02 -0.186622E-03 +0.000000E+00 +0.256041E-02 +0.000000E+00 +0.000000E+00
 +0.148320E+01 -0.101510E+03 -0.204130E+03 -0.115360E+03 -0.105432E+03 +0.671339E+02 +0.000000E+00 +0.000000E+00 -0.187527E-02 -0.188635E-03 +0.000000E+00 +0.255109E-02 +0.000000E+00 +0.000000E+00
 +0.148320E+01 -0.101520E+03 -0.203731E+03 -0.115316E+03 -0.105285E+03 +0.668890E+02 +0.000000E+00 +0.000000E+00 -0.187047E-02 -0.190571E-03 +0.000000E+00 +0.254178E-02 +0.000000E+00 +0.000000E+00
 +0.148320E+01 -0.101530E+03 -0.203333E+03 -0.115271E+03 -0.105139E+03 +0.666441E+02 +0.000000E+00 +0.000000E+00 -0.186568E-02 -0.192504E-03 +0.000000E+00 +0.253247E-02 +0.000000E+00 +0.000000E+00
 +0.148320E+01 -0.101540E+03 -0.202941E+03 -0.115224E+03 -0.104994E+03 +0.663996E+02 +0.000000E+00 +0.000000E+00 -0.186098E-02 -0.194361E-03 +0.000000E+00 +0.252318E-02 +0.000000E+00 +0.000000E+00
 +0.148320E+01 -0.101550E+03 -0.202549E+03 -0.115176E+03 -0.104849E+03 +0.661551E+02 +0.000000E+00 +0.000000E+00 -0.185629E-02 -0.196214E-03 +0.000000E+00 +0.251390E-02 +0.000000E+00 +0.000000E+00
 +0.148320E+01 -0.101560E+03 -0.202163E+03 -0.115126E+03 -0.104705E+03 +0.659112E+02 +0.000000E+00 +0.000000E+00 -0.185169E-02 -0.197995E-03 +0.000000E+00 +0.250462E-02 +0.000000E+00 +0.000000E+00
 +0.148320E+01 -0.101570E+03 -0.201777E+03 -0.115076E+03 -0.104561E+03 +0.656672E+02 +0.000000E+00 +0.000000E+00 -0.184710E-02 -0.199770E-03 +0.000000E+00 +0.249536E-02 +0.000000E+00 +0.000000E+00
 +0.148320E+01 -0.101580E+03 -0.201397E+03 -0.115023E+03 -0.104419E+03 +0.654238E+02 +0.000000E+00 +0.000000E+00 -0.184260E-02 -0.201476E-03 +0.000000E+00 +0.248611E-02 +0.000000E+00 +0.000000E+00
 +0.148320E+01 -0.101590E+03 -0.201018E+03 -0.114969E+03 -0.104276E+03 +0.651805E+02 +0.000000E+00 +0.000000E+00 -0.183810E-02 -0.203175E-03 +0.000000E+00 +0.247686E-02 +0.000000E+00 +0.000000E+00
 +0.148320E+01 -0.101600E+03 -0.200644E+03 -0.114913E+03 -0.104134E+03 +0.649377E+02 +0.000000E+00 +0.000000E+00 -0.183369E-02 -0.204807E-03 +0.000000E+00 +0.246763E-02 +0.000000E+00 +0.000000E+00
 +0.148320E+01 -0.101610E+03 -0.200271E+03 -0.114857E+03 -0.103992E+03 +0.646949E+02 +0.000000E+00 +0.000000E+00 -0.182930E-02 -0.206431E-03 +0.000000E+00 +0.245841E-02 +0.000000E+00 +0.000000E+00
 +0.148320E+01 -0.101620E+03 -0.199903E+03 -0.114798E+03 -0.103852E+03 +0.644527E+02 +0.000000E+00 +0.000000E+00 -0.182498E-02 -0.207990E-03 +0.000000E+00 +0.244920E-02 +0.000000E+00 +0.000000E+00
 +0.148320E+01 -0.101630E+03 -0.199536E+03 -0.114739E+03 -0.103711E+03 +0.642106E+02 +0.000000E+00 +0.000000E+00 -0.182068E-02 -0.209542E-03 +0.000000E+00 +0.244000E-02 +0.000000E+00 +0.000000E+00
 +0.148320E+01 -0.101640E+03 -0.199174E+03 -0.114678E+03 -0.103571E+03 +0.639692E+02 +0.000000E+00 +0.000000E+00 -0.181646E-02 -0.211030E-03 +0.000000E+00 +0.243083E-02 +0.000000E+00 +0.000000E+00
 +0.148320E+01 -0.101650E+03 -0.198813E+03 -0.114616E+03 -0.103432E+03 +0.637278E+02 +0.000000E+00 +0.000000E+00 -0.181224E-02 -0.212510E-03 +0.000000E+00 +0.242165E-02 +0.000000E+00 +0.000000E+00
 +0.148320E+01 -0.101660E+03 -0.198457E+03 -0.114553E+03 -0.103293E+03 +0.634870E+02 +0.000000E+00 +0.000000E+00 -0.180811E-02 -0.213929E-03 +0.000000E+00 +0.241251E-02 +0.000000E+00 +0.000000E+00
 +0.148320E+01 -0.101670E+03 -0.198102E+03 -0.114488E+03 -0.103155E+03 +0.632463E+02 +0.000000E+00 +0.000000E+00 -0.180399E-02 -0.215339E-03 +0.000000E+00 +0.240336E-02 +0.000000E+00 +0.000000E+00
 +0.148320E+01 -0.101680E+03 -0.197751E+03 -0.114422E+03 -0.103017E+03 +0.630063E+02 +0.000000E+00 +0.000000E+00 -0.179995E-02 -0.216690E-03 +0.000000E+00 +0.239424E-02 +0.000000E+00 +0.000000E+00
 +0.148320E+01 -0.101690E+03 -0.197402E+03 -0.114355E+03 -0.102880E+03 +0.627665E+02 +0.000000E+00 +0.000000E+00 -0.179592E-02 -0.218031E-03 +0.000000E+00 +0.238513E-02 +0.000000E+00 +0.000000E+00
 +0.148320E+01 -0.101700E+03 -0.197057E+03 -0.114286E+03 -0.102743E+03 +0.625273E+02 +0.000000E+00 +0.000000E+00 -0.179196E-02 -0.219316E-03 +0.000000E+00 +0.237604E-02 +0.000000E+00 +0.000000E+00
 +0.148320E+01 -0.101710E+03 -0.196713E+03 -0.114217E+03 -0.102607E+03 +0.622882E+02 +0.000000E+00 +0.000000E+00 -0.178802E-02 -0.220589E-03 +0.000000E+00 +0.236695E-02 +0.000000E+00 +0.000000E+00
 +0.148320E+01 -0.101720E+03 -0.196374E+03 -0.114146E+03 -0.102471E+03 +0.620498E+02 +0.000000E+00 +0.000000E+00 -0.178415E-02 -0.221809E-03 +0.000000E+00 +0.235789E-02 +0.000000E+00 +0.000000E+00
 +0.148320E+01 -0.101730E+03 -0.196036E+03 -0.114074E+03 -0.102336E+03 +0.618116E+02 +0.000000E+00 +0.000000E+00 -0.178029E-02 -0.223017E-03 +0.000000E+00 +0.234884E-02 +0.000000E+00 +0.000000E+00
 +0.148320E+01 -0.101740E+03 -0.195702E+03 -0.114000E+03 -0.102202E+03 +0.615741E+02 +0.000000E+00 +0.000000E+00 -0.177650E-02 -0.224173E-03 +0.000000E+00 +0.233982E-02 +0.000000E+00 +0.000000E+00
 +0.148320E+01 -0.101750E+03 -0.195369E+03 -0.113926E+03 -0.102067E+03 +0.613368E+02 +0.000000E+00 +0.000000E+00 -0.177273E-02 -0.225317E-03 +0.000000E+00 +0.233080E-02 +0.000000E+00 +0.000000E+00
 +0.148320E+01 -0.101760E+03 -0.195041E+03 -0.113850E+03 -0.101934E+03 +0.611002E+02 +0.000000E+00 +0.000000E+00 -0.176903E-02 -0.226410E-03 +0.000000E+00 +0.232181E-02 +0.000000E+00 +0.000000E+00
 +0.148320E+01 -0.101770E+03 -0.194714E+03 -0.113774E+03 -0.101801E+03 +0.608638E+02 +0.000000E+00 +0.000000E+00 -0.176534E-02 -0.227491E-03 +0.000000E+00 +0.231283E-02 +0.000000E+00 +0.000000E+00
 +0.148320E+01 -0.101780E+03 -0.194390E+03 -0.113696E+03 -0.101669E+03 +0.606282E+02 +0.000000E+00 +0.000000E+00 -0.176172E-02 -0.228523E-03 +0.000000E+00 +0.230387E-02 +0.000000E+00 +0.000000E+00
 +0.148320E+01 -0.101790E+03 -0.194069E+03 -0.113618E+03 -0.101536E+03 +0.603927E+02 +0.000000E+00 +0.000000E+00 -0.175811E-02 -0.229542E-03 +0.000000E+00 +0.229492E-02 +0.000000E+00 +0.000000E+00
 +0.148320E+01 -0.101800E+03 -0.193751E+03 -0.113537E+03 -0.101405E+03 +0.601581E+02 +0.000000E+00 +0.000000E+00 -0.175457E-02 -0.230515E-03 +0.000000E+00 +0.228601E-02 +0.000000E+00 +0.000000E+00
 +0.148320E+01 -0.101810E+03 -0.193434E+03 -0.113457E+03 -0.101274E+03 +0.599236E+02 +0.000000E+00 +0.000000E+00 -0.175104E-02 -0.231474E-03 +0.000000E+00 +0.227710E-02 +0.000000E+00 +0.000000E+00
 +0.148320E+01 -0.101820E+03 -0.193121E+03 -0.113375E+03 -0.101144E+03 +0.596899E+02 +0.000000E+00 +0.000000E+00 -0.174758E-02 -0.232388E-03 +0.000000E+00 +0.226822E-02 +0.000000E+00 +0.000000E+00
 +0.148320E+01 -0.101830E+03 -0.192810E+03 -0.113292E+03 -0.101014E+03 +0.594565E+02 +0.000000E+00 +0.000000E+00 -0.174413E-02 -0.233288E-03 +0.000000E+00 +0.225935E-02 +0.000000E+00 +0.000000E+00
 +0.148320E+01 -0.101840E+03 -0.192502E+03 -0.113208E+03 -0.100884E+03 +0.592238E+02 +0.000000E+00 +0.000000E+00 -0.174074E-02 -0.234144E-03 +0.000000E+00 +0.225051E-02 +0.000000E+00 +0.000000E+00
 +0.148320E+01 -0.101850E+03 -0.192196E+03 -0.113123E+03 -0.100755E+03 +0.589915E+02 +0.000000E+00 +0.000000E+00 -0.173737E-02 -0.234986E-03 +0.000000E+00 +0.224168E-02 +0.000000E+00 +0.000000E+00
 +0.148320E+01 -0.101860E+03 -0.191893E+03 -0.113037E+03 -0.100627E+03 +0.587598E+02 +0.000000E+00 +0.000000E+00 -0.173406E-02 -0.235787E-03 +0.000000E+00 +0.223287E-02 +0.000000E+00 +0.000000E+00
 +0.148320E+01 -0.101870E+03 -0.191592E+03 -0.112950E+03 -0.100499E+03 +0.585285E+02 +0.000000E+00 +0.000000E+00 -0.173077E-02 -0.236573E-03 +0.000000E+00 +0.222408E-02 +0.000000E+00 +0.000000E+00
 +0.148320E+01 -0.101880E+03 -0.191294E+03 -0.112862E+03 -0.100372E+03 +0.582980E+02 +0.000000E+00 +0.000000E+00 -0.172753E-02 -0.237319E-03 +0.000000E+00 +0.221532E-02 +0.000000E+00 +0.000000E+00
 +0.148320E+01 -0.101890E+03 -0.190998E+03 -0.112773E+03 -0.100245E+03 +0.580678E+02 +0.000000E+00 +0.000000E+00 -0.172431E-02 -0.238049E-03 +0.000000E+00 +0.220658E-02 +0.000000E+00 +0.000000E+00
 +0.148320E+01 -0.101900E+03 -0.190705E+03 -0.112684E+03 -0.100118E+03 +0.578384E+02 +0.000000E+00 +0.000000E+00 -0.172115E-02 -0.238742E-03 +0.000000E+00 +0.219786E-02 +0.000000E+00 +0.000000E+00
 +0.148320E+01 -0.101910E+03 -0.190414E+03 -0.112593E+03 -0.999923E+02 +0.576093E+02 +0.000000E+00 +0.000000E+00 -0.171801E-02 -0.239418E-03 +0.000000E+00 +0.218915E-02 +0.000000E+00 +0.000000E+00
 +0.148320E+01 -0.101920E+03 -0.190125E+03 -0.112502E+03 -0.998669E+02 +0.573810E+02 +0.000000E+00 +0.000000E+00 -0.171491E-02 -0.240058E-03 +0.000000E+00 +0.218048E-02 +0.000000E+00 +0.000000E+00
 +0.148320E+01 -0.101930E+03 -0.189839E+03 -0.112409E+03 -0.997419E+02 +0.571531E+02 +0.000000E+00 +0.000000E+00 -0.171184E-02 -0.240682E-03 +0.000000E+00 +0.217182E-02 +0.000000E+00 +0.000000E+00
 +0.148320E+01 -0.101940E+03 -0.189555E+03 -0.112316E+03 -0.996176E+02 +0.569260E+02 +0.000000E+00 +0.000000E+00 -0.170882E-02 -0.241271E-03 +0.000000E+00 +0.216319E-02 +0.000000E+00 +0.000000E+00
 +0.148320E+01 -0.101950E+03 -0.189273E+03 -0.112222E+03 -0.994936E+02 +0.566992E+02 +0.000000E+00 +0.000000E+00 -0.170582E-02 -0.241843E-03 +0.000000E+00 +0.215457E-02 +0.000000E+00 +0.000000E+00
 +0.148320E+01 -0.101960E+03 -0.188995E+03 -0.112127E+03 -0.993702E+02 +0.564733E+02 +0.000000E+00 +0.000000E+00 -0.170286E-02 -0.242382E-03 +0.000000E+00 +0.214598E-02 +0.000000E+00 +0.000000E+00
 +0.148320E+01 -0.101970E+03 -0.188717E+03 -0.112032E+03 -0.992472E+02 +0.562477E+02 +0.000000E+00 +0.000000E+00 -0.169993E-02 -0.242904E-03 +0.000000E+00 +0.213741E-02 +0.000000E+00 +0.000000E+00
 +0.148320E+01 -0.101980E+03 -0.188443E+03 -0.111935E+03 -0.991248E+02 +0.560229E+02 +0.000000E+00 +0.000000E+00 -0.169705E-02 -0.243393E-03 +0.000000E+00 +0.212887E-02 +0.000000E+00 +0.000000E+00
 +0.148320E+01 -0.101990E+03 -0.188170E+03 -0.111838E+03 -0.990027E+02 +0.557986E+02 +0.000000E+00 +0.000000E+00 -0.169419E-02 -0.243866E-03 +0.000000E+00 +0.212035E-02 +0.000000E+00 +0.000000E+00
 +0.148320E+01 -0.102000E+03 -0.187901E+03 -0.111740E+03 -0.988813E+02 +0.555750E+02 +0.000000E+00 +0.000000E+00 -0.169137E-02 -0.244308E-03 +0.000000E+00 +0.211185E-02 +0.000000E+00 +0.000000E+00
 +0.148320E+01 -0.102010E+03 -0.187633E+03 -0.111641E+03 -0.987602E+02 +0.553519E+02 +0.000000E+00 +0.000000E+00 -0.168857E-02 -0.244732E-03 +0.000000E+00 +0.210337E-02 +0.000000E+00 +0.000000E+00
 +0.148320E+01 -0.102020E+03 -0.187367E+03 -0.111541E+03 -0.986398E+02 +0.551296E+02 +0.000000E+00 +0.000000E+00 -0.168582E-02 -0.245127E-03 +0.000000E+00 +0.209492E-02 +0.000000E+00 +0.000000E+00
 +0.148320E+01 -0.102030E+03 -0.187103E+03 -0.111441E+03 -0.985197E+02 +0.549077E+02 +0.000000E+00 +0.000000E+00 -0.168309E-02 -0.245504E-03 +0.000000E+00 +0.208649E-02 +0.000000E+00 +0.000000E+00
 +0.148320E+01 -0.102040E+03 -0.186842E+03 -0.111340E+03 -0.984001E+02 +0.546866E+02 +0.000000E+00 +0.000000E+00 -0.168040E-02 -0.245853E-03 +0.000000E+00 +0.207809E-02 +0.000000E+00 +0.000000E+00
 +0.148320E+01 -0.102050E+03 -0.186583E+03 -0.111238E+03 -0.982810E+02 +0.544660E+02 +0.000000E+00 +0.000000E+00 -0.167774E-02 -0.246184E-03 +0.000000E+00 +0.206971E-02 +0.000000E+00 +0.000000E+00
 +0.148320E+01 -0.102060E+03 -0.186326E+03 -0.111136E+03 -0.981624E+02 +0.542462E+02 +0.000000E+00 +0.000000E+00 -0.167512E-02 -0.246488E-03 +0.000000E+00 +0.206135E-02 +0.000000E+00 +0.000000E+00
 +0.148320E+01 -0.102070E+03 -0.186071E+03 -0.111032E+03 -0.980443E+02 +0.540268E+02 +0.000000E+00 +0.000000E+00 -0.167252E-02 -0.246774E-03 +0.000000E+00 +0.205302E-02 +0.000000E+00 +0.000000E+00
 +0.148320E+01 -0.102080E+03 -0.185819E+03 -0.110928E+03 -0.979266E+02 +0.538082E+02 +0.000000E+00 +0.000000E+00 -0.166995E-02 -0.247034E-03 +0.000000E+00 +0.204471E-02 +0.000000E+00 +0.000000E+00
 +0.148320E+01 -0.102090E+03 -0.185568E+03 -0.110824E+03 -0.978094E+02 +0.535900E+02 +0.000000E+00 +0.000000E+00 -0.166742E-02 -0.247275E-03 +0.000000E+00 +0.203642E-02 +0.000000E+00 +0.000000E+00
 +0.148320E+01 -0.102100E+03 -0.185320E+03 -0.110719E+03 -0.976927E+02 +0.533726E+02 +0.000000E+00 +0.000000E+00 -0.166492E-02 -0.247492E-03 +0.000000E+00 +0.202816E-02 +0.000000E+00 +0.000000E+00
 +0.148320E+01 -0.102110E+03 -0.185073E+03 -0.110613E+03 -0.975764E+02 +0.531557E+02 +0.000000E+00 +0.000000E+00 -0.166244E-02 -0.247689E-03 +0.000000E+00 +0.201992E-02 +0.000000E+00 +0.000000E+00
 +0.148320E+01 -0.102120E+03 -0.184829E+03 -0.110506E+03 -0.974606E+02 +0.529395E+02 +0.000000E+00 +0.000000E+00 -0.166000E-02 -0.247863E-03 +0.000000E+00 +0.201170E-02 +0.000000E+00 +0.000000E+00
 +0.148320E+01 -0.102130E+03 -0.184587E+03 -0.110399E+03 -0.973453E+02 +0.527237E+02 +0.000000E+00 +0.000000E+00 -0.165759E-02 -0.248017E-03 +0.000000E+00 +0.200350E-02 +0.000000E+00 +0.000000E+00
 +0.148320E+01 -0.102140E+03 -0.184347E+03 -0.110291E+03 -0.972304E+02 +0.525086E+02 +0.000000E+00 +0.000000E+00 -0.165521E-02 -0.248147E-03 +0.000000E+00 +0.199533E-02 +0.000000E+00 +0.000000E+00
 +0.148320E+01 -0.102150E+03 -0.184109E+03 -0.110182E+03 -0.971159E+02 +0.522939E+02 +0.000000E+00 +0.000000E+00 -0.165286E-02 -0.248258E-03 +0.000000E+00 +0.198717E-02 +0.000000E+00 +0.000000E+00
 +0.148320E+01 -0.102160E+03 -0.183872E+03 -0.110073E+03 -0.970019E+02 +0.520797E+02 +0.000000E+00 +0.000000E+00 -0.165054E-02 -0.248346E-03 +0.000000E+00 +0.197903E-02 +0.000000E+00 +0.000000E+00
 +0.148320E+01 -0.102170E+03 -0.183638E+03 -0.109963E+03 -0.968883E+02 +0.518660E+02 +0.000000E+00 +0.000000E+00 -0.164825E-02 -0.248414E-03 +0.000000E+00 +0.197091E-02 +0.000000E+00 +0.000000E+00
 +0.148320E+01 -0.102180E+03 -0.183406E+03 -0.109852E+03 -0.967751E+02 +0.516525E+02 +0.000000E+00 +0.000000E+00 -0.164599E-02 -0.248460E-03 +0.000000E+00 +0.196280E-02 +0.000000E+00 +0.000000E+00
 +0.148320E+01 -0.102190E+03 -0.183175E+03 -0.109741E+03 -0.966623E+02 +0.514397E+02 +0.000000E+00 +0.000000E+00 -0.164375E-02 -0.248488E-03 +0.000000E+00 +0.195471E-02 +0.000000E+00 +0.000000E+00
 +0.148320E+01 -0.102200E+03 -0.182947E+03 -0.109629E+03 -0.965498E+02 +0.512275E+02 +0.000000E+00 +0.000000E+00 -0.164154E-02 -0.248497E-03 +0.000000E+00 +0.194665E-02 +0.000000E+00 +0.000000E+00
 +0.148320E+01 -0.102210E+03 -0.182709E+03 -0.109511E+03 -0.964328E+02 +0.509920E+02 +0.000000E+00 +0.000000E+00 -0.163925E-02 -0.248494E-03 +0.000000E+00 +0.193770E-02 +0.000000E+00 +0.000000E+00
 +0.148320E+01 -0.102220E+03 -0.182463E+03 -0.109389E+03 -0.963112E+02 +0.507339E+02 +0.000000E+00 +0.000000E+00 -0.163689E-02 -0.248480E-03 +0.000000E+00 +0.192789E-02 +0.000000E+00 +0.000000E+00
 +0.148320E+01 -0.102230E+03 -0.182238E+03 -0.109274E+03 -0.961990E+02 +0.505274E+02 +0.000000E+00 +0.000000E+00 -0.163474E-02 -0.248426E-03 +0.000000E+00 +0.192004E-02 +0.000000E+00 +0.000000E+00
 +0.148320E+01 -0.102240E+03 -0.182033E+03 -0.109167E+03 -0.960959E+02 +0.503675E+02 +0.000000E+00 +0.000000E+00 -0.163280E-02 -0.248348E-03 +0.000000E+00 +0.191397E-02 +0.000000E+00 +0.000000E+00
 +0.148320E+01 -0.102250E+03 -0.181836E+03 -0.109084E+03 -0.960036E+02 +0.501732E+02 +0.000000E+00 +0.000000E+00 -0.163082E-02 -0.248521E-03 +0.000000E+00 +0.190658E-02 +0.000000E+00 +0.000000E+00
 +0.148320E+01 -0.102260E+03 -0.181625E+03 -0.108978E+03 -0.958990E+02 +0.499547E+02 +0.000000E+00 +0.000000E+00 -0.162880E-02 -0.248497E-03 +0.000000E+00 +0.189828E-02 +0.000000E+00 +0.000000E+00
 +0.148320E+01 -0.102270E+03 -0.181428E+03 -0.108862E+03 -0.957955E+02 +0.497576E+02 +0.000000E+00 +0.000000E+00 -0.162701E-02 -0.248258E-03 +0.000000E+00 +0.189079E-02 +0.000000E+00 +0.000000E+00
 +0.148320E+01 -0.102280E+03 -0.181233E+03 -0.108732E+03 -0.956881E+02 +0.495666E+02 +0.000000E+00 +0.000000E+00 -0.162534E-02 -0.247825E-03 +0.000000E+00 +0.188353E-02 +0.000000E+00 +0.000000E+00
 +0.148320E+01 -0.102290E+03 -0.181001E+03 -0.108594E+03 -0.955661E+02 +0.493588E+02 +0.000000E+00 +0.000000E+00 -0.162326E-02 -0.247524E-03 +0.000000E+00 +0.187563E-02 +0.000000E+00 +0.000000E+00
 +0.148320E+01 -0.102300E+03 -0.180756E+03 -0.108454E+03 -0.954392E+02 +0.491270E+02 +0.000000E+00 +0.000000E+00 -0.162102E-02 -0.247273E-03 +0.000000E+00 +0.186683E-02 +0.000000E+00 +0.000000E+00
 +0.148320E+01 -0.102310E+03 -0.180546E+03 -0.108343E+03 -0.953334E+02 +0.489149E+02 +0.000000E+00 +0.000000E+00 -0.161904E-02 -0.247182E-03 +0.000000E+00 +0.185877E-02 +0.000000E+00 +0.000000E+00
 +0.148320E+01 -0.102320E+03 -0.180362E+03 -0.108254E+03 -0.952433E+02 +0.487173E+02 +0.000000E+00 +0.000000E+00 -0.161725E-02 -0.247210E-03 +0.000000E+00 +0.185126E-02 +0.000000E+00 +0.000000E+00
 +0.148320E+01 -0.102330E+03 -0.180176E+03 -0.108163E+03 -0.951517E+02 +0.485142E+02 +0.000000E+00 +0.000000E+00 -0.161546E-02 -0.247211E-03 +0.000000E+00 +0.184354E-02 +0.000000E+00 +0.000000E+00
 +0.148320E+01 -0.102340E+03 -0.179981E+03 -0.108065E+03 -0.950553E+02 +0.483129E+02 +0.000000E+00 +0.000000E+00 -0.161359E-02 -0.247192E-03 +0.000000E+00 +0.183589E-02 +0.000000E+00 +0.000000E+00
 +0.148320E+01 -0.102350E+03 -0.179779E+03 -0.107964E+03 -0.949553E+02 +0.481178E+02 +0.000000E+00 +0.000000E+00 -0.161165E-02 -0.247172E-03 +0.000000E+00 +0.182848E-02 +0.000000E+00 +0.000000E+00
 +0.148320E+01 -0.102360E+03 -0.179577E+03 -0.107863E+03 -0.948552E+02 +0.479227E+02 +0.000000E+00 +0.000000E+00 -0.160971E-02 -0.247153E-03 +0.000000E+00 +0.182106E-02 +0.000000E+00 +0.000000E+00
 +0.148320E+01 -0.102370E+03 -0.179373E+03 -0.107748E+03 -0.947501E+02 +0.477275E+02 +0.000000E+00 +0.000000E+00 -0.160784E-02 -0.246967E-03 +0.000000E+00 +0.181364E-02 +0.000000E+00 +0.000000E+00
 +0.148320E+01 -0.102380E+03 -0.179180E+03 -0.107610E+03 -0.946407E+02 +0.475334E+02 +0.000000E+00 +0.000000E+00 -0.160624E-02 -0.246424E-03 +0.000000E+00 +0.180627E-02 +0.000000E+00 +0.000000E+00
 +0.148320E+01 -0.102390E+03 -0.178990E+03 -0.107474E+03 -0.945331E+02 +0.473399E+02 +0.000000E+00 +0.000000E+00 -0.160468E-02 -0.245882E-03 +0.000000E+00 +0.179892E-02 +0.000000E+00 +0.000000E+00
 +0.148320E+01 -0.102400E+03 -0.178793E+03 -0.107331E+03 -0.944208E+02 +0.471451E+02 +0.000000E+00 +0.000000E+00 -0.160307E-02 -0.245291E-03 +0.000000E+00 +0.179152E-02 +0.000000E+00 +0.000000E+00
 +0.148320E+01 -0.102410E+03 -0.178591E+03 -0.107200E+03 -0.943108E+02 +0.469483E+02 +0.000000E+00 +0.000000E+00 -0.160132E-02 -0.244886E-03 +0.000000E+00 +0.178404E-02 +0.000000E+00 +0.000000E+00
 +0.148320E+01 -0.102420E+03 -0.178392E+03 -0.107073E+03 -0.942032E+02 +0.467401E+02 +0.000000E+00 +0.000000E+00 -0.159958E-02 -0.244520E-03 +0.000000E+00 +0.177612E-02 +0.000000E+00 +0.000000E+00
 +0.148320E+01 -0.102430E+03 -0.178193E+03 -0.106946E+03 -0.940957E+02 +0.465319E+02 +0.000000E+00 +0.000000E+00 -0.159784E-02 -0.244153E-03 +0.000000E+00 +0.176821E-02 +0.000000E+00 +0.000000E+00
 +0.148320E+01 -0.102440E+03 -0.177993E+03 -0.106819E+03 -0.939881E+02 +0.463236E+02 +0.000000E+00 +0.000000E+00 -0.159610E-02 -0.243787E-03 +0.000000E+00 +0.176030E-02 +0.000000E+00 +0.000000E+00
 +0.148320E+01 -0.102450E+03 -0.177818E+03 -0.106698E+03 -0.938903E+02 +0.461295E+02 +0.000000E+00 +0.000000E+00 -0.159462E-02 -0.243356E-03 +0.000000E+00 +0.175292E-02 +0.000000E+00 +0.000000E+00
 +0.148320E+01 -0.102460E+03 -0.177629E+03 -0.106553E+03 -0.937800E+02 +0.459434E+02 +0.000000E+00 +0.000000E+00 -0.159313E-02 -0.242680E-03 +0.000000E+00 +0.174585E-02 +0.000000E+00 +0.000000E+00
 +0.148320E+01 -0.102470E+03 -0.177434E+03 -0.106396E+03 -0.936641E+02 +0.457593E+02 +0.000000E+00 +0.000000E+00 -0.159163E-02 -0.241914E-03 +0.000000E+00 +0.173886E-02 +0.000000E+00 +0.000000E+00
 +0.148320E+01 -0.102480E+03 -0.177239E+03 -0.106240E+03 -0.935481E+02 +0.455753E+02 +0.000000E+00 +0.000000E+00 -0.159013E-02 -0.241147E-03 +0.000000E+00 +0.173186E-02 +0.000000E+00 +0.000000E+00
 +0.148320E+01 -0.102490E+03 -0.177043E+03 -0.106102E+03 -0.934377E+02 +0.453937E+02 +0.000000E+00 +0.000000E+00 -0.158850E-02 -0.240613E-03 +0.000000E+00 +0.172496E-02 +0.000000E+00 +0.000000E+00
 +0.148320E+01 -0.102500E+03 -0.176846E+03 -0.105979E+03 -0.933321E+02 +0.452142E+02 +0.000000E+00 +0.000000E+00 -0.158676E-02 -0.240284E-03 +0.000000E+00 +0.171814E-02 +0.000000E+00 +0.000000E+00
 +0.148320E+01 -0.102510E+03 -0.176649E+03 -0.105856E+03 -0.932265E+02 +0.450348E+02 +0.000000E+00 +0.000000E+00 -0.158502E-02 -0.239955E-03 +0.000000E+00 +0.171132E-02 +0.000000E+00 +0.000000E+00
 +0.148320E+01 -0.102520E+03 -0.176464E+03 -0.105740E+03 -0.931272E+02 +0.448500E+02 +0.000000E+00 +0.000000E+00 -0.158340E-02 -0.239637E-03 +0.000000E+00 +0.170430E-02 +0.000000E+00 +0.000000E+00
 +0.148320E+01 -0.102530E+03 -0.176289E+03 -0.105629E+03 -0.930332E+02 +0.446607E+02 +0.000000E+00 +0.000000E+00 -0.158186E-02 -0.239330E-03 +0.000000E+00 +0.169710E-02 +0.000000E+00 +0.000000E+00
 +0.148320E+01 -0.102540E+03 -0.176102E+03 -0.105511E+03 -0.929321E+02 +0.444761E+02 +0.000000E+00 +0.000000E+00 -0.158022E-02 -0.238994E-03 +0.000000E+00 +0.169009E-02 +0.000000E+00 +0.000000E+00
 +0.148320E+01 -0.102550E+03 -0.175911E+03 -0.105390E+03 -0.928295E+02 +0.442926E+02 +0.000000E+00 +0.000000E+00 -0.157856E-02 -0.238653E-03 +0.000000E+00 +0.168312E-02 +0.000000E+00 +0.000000E+00
 +0.148320E+01 -0.102560E+03 -0.175721E+03 -0.105270E+03 -0.927270E+02 +0.441091E+02 +0.000000E+00 +0.000000E+00 -0.157689E-02 -0.238312E-03 +0.000000E+00 +0.167614E-02 +0.000000E+00 +0.000000E+00
 +0.148320E+01 -0.102570E+03 -0.175563E+03 -0.105174E+03 -0.926432E+02 +0.439229E+02 +0.000000E+00 +0.000000E+00 -0.157547E-02 -0.238092E-03 +0.000000E+00 +0.166907E-02 +0.000000E+00 +0.000000E+00
 +0.148320E+01 -0.102580E+03 -0.175400E+03 -0.105050E+03 -0.925486E+02 +0.437380E+02 +0.000000E+00 +0.000000E+00 -0.157417E-02 -0.237536E-03 +0.000000E+00 +0.166204E-02 +0.000000E+00 +0.000000E+00
 +0.148320E+01 -0.102590E+03 -0.175234E+03 -0.104915E+03 -0.924491E+02 +0.435537E+02 +0.000000E+00 +0.000000E+00 -0.157292E-02 -0.236844E-03 +0.000000E+00 +0.165504E-02 +0.000000E+00 +0.000000E+00
 +0.148320E+01 -0.102600E+03 -0.175070E+03 -0.104779E+03 -0.923504E+02 +0.433690E+02 +0.000000E+00 +0.000000E+00 -0.157168E-02 -0.236151E-03 +0.000000E+00 +0.164802E-02 +0.000000E+00 +0.000000E+00
 +0.148320E+01 -0.102610E+03 -0.174919E+03 -0.104649E+03 -0.922574E+02 +0.431809E+02 +0.000000E+00 +0.000000E+00 -0.157056E-02 -0.235446E-03 +0.000000E+00 +0.164087E-02 +0.000000E+00 +0.000000E+00
 +0.148320E+01 -0.102620E+03 -0.174767E+03 -0.104519E+03 -0.921645E+02 +0.429928E+02 +0.000000E+00 +0.000000E+00 -0.156945E-02 -0.234742E-03 +0.000000E+00 +0.163373E-02 +0.000000E+00 +0.000000E+00
 +0.148320E+01 -0.102630E+03 -0.174612E+03 -0.104378E+03 -0.920665E+02 +0.428193E+02 +0.000000E+00 +0.000000E+00 -0.156836E-02 -0.233910E-03 +0.000000E+00 +0.162713E-02 +0.000000E+00 +0.000000E+00
 +0.148320E+01 -0.102640E+03 -0.174471E+03 -0.104262E+03 -0.919817E+02 +0.426697E+02 +0.000000E+00 +0.000000E+00 -0.156729E-02 -0.233322E-03 +0.000000E+00 +0.162145E-02 +0.000000E+00 +0.000000E+00
 +0.148320E+01 -0.102650E+03 -0.174342E+03 -0.104152E+03 -0.919032E+02 +0.425043E+02 +0.000000E+00 +0.000000E+00 -0.156635E-02 -0.232729E-03 +0.000000E+00 +0.161516E-02 +0.000000E+00 +0.000000E+00
 +0.148320E+01 -0.102660E+03 -0.174214E+03 -0.104042E+03 -0.918248E+02 +0.423388E+02 +0.000000E+00 +0.000000E+00 -0.156540E-02 -0.232136E-03 +0.000000E+00 +0.160887E-02 +0.000000E+00 +0.000000E+00
 +0.148320E+01 -0.102670E+03 -0.174086E+03 -0.103933E+03 -0.917463E+02 +0.421733E+02 +0.000000E+00 +0.000000E+00 -0.156446E-02 -0.231544E-03 +0.000000E+00 +0.160258E-02 +0.000000E+00 +0.000000E+00
 +0.148320E+01 -0.102680E+03 -0.173958E+03 -0.103823E+03 -0.916679E+02 +0.420078E+02 +0.000000E+00 +0.000000E+00 -0.156352E-02 -0.230951E-03 +0.000000E+00 +0.159630E-02 +0.000000E+00 +0.000000E+00
 +0.148320E+01 -0.102690E+03 -0.173814E+03 -0.103698E+03 -0.915790E+02 +0.418413E+02 +0.000000E+00 +0.000000E+00 -0.156247E-02 -0.230263E-03 +0.000000E+00 +0.158997E-02 +0.000000E+00 +0.000000E+00
 +0.148320E+01 -0.102700E+03 -0.173654E+03 -0.103558E+03 -0.914799E+02 +0.416738E+02 +0.000000E+00 +0.000000E+00 -0.156131E-02 -0.229481E-03 +0.000000E+00 +0.158360E-02 +0.000000E+00 +0.000000E+00
 +0.148320E+01 -0.102710E+03 -0.173494E+03 -0.103418E+03 -0.913808E+02 +0.415063E+02 +0.000000E+00 +0.000000E+00 -0.156015E-02 -0.228699E-03 +0.000000E+00 +0.157724E-02 +0.000000E+00 +0.000000E+00
 +0.148320E+01 -0.102720E+03 -0.173334E+03 -0.103278E+03 -0.912820E+02 +0.413384E+02 +0.000000E+00 +0.000000E+00 -0.155900E-02 -0.227917E-03 +0.000000E+00 +0.157086E-02 +0.000000E+00 +0.000000E+00
 +0.148320E+01 -0.102730E+03 -0.173199E+03 -0.103150E+03 -0.911949E+02 +0.411531E+02 +0.000000E+00 +0.000000E+00 -0.155807E-02 -0.227141E-03 +0.000000E+00 +0.156382E-02 +0.000000E+00 +0.000000E+00
 +0.148320E+01 -0.102740E+03 -0.173063E+03 -0.103022E+03 -0.911079E+02 +0.409679E+02 +0.000000E+00 +0.000000E+00 -0.155714E-02 -0.226365E-03 +0.000000E+00 +0.155678E-02 +0.000000E+00 +0.000000E+00
 +0.148320E+01 -0.102750E+03 -0.172927E+03 -0.102894E+03 -0.910209E+02 +0.407857E+02 +0.000000E+00 +0.000000E+00 -0.155622E-02 -0.225587E-03 +0.000000E+00 +0.154986E-02 +0.000000E+00 +0.000000E+00
 +0.148320E+01 -0.102760E+03 -0.172792E+03 -0.102766E+03 -0.909339E+02 +0.406086E+02 +0.000000E+00 +0.000000E+00 -0.155530E-02 -0.224804E-03 +0.000000E+00 +0.154313E-02 +0.000000E+00 +0.000000E+00
 +0.148320E+01 -0.102770E+03 -0.172656E+03 -0.102638E+03 -0.908470E+02 +0.404316E+02 +0.000000E+00 +0.000000E+00 -0.155438E-02 -0.224021E-03 +0.000000E+00 +0.153640E-02 +0.000000E+00 +0.000000E+00
 +0.148320E+01 -0.102780E+03 -0.172521E+03 -0.102520E+03 -0.907634E+02 +0.402441E+02 +0.000000E+00 +0.000000E+00 -0.155340E-02 -0.223365E-03 +0.000000E+00 +0.152928E-02 +0.000000E+00 +0.000000E+00
 +0.148320E+01 -0.102790E+03 -0.172386E+03 -0.102405E+03 -0.906812E+02 +0.400526E+02 +0.000000E+00 +0.000000E+00 -0.155239E-02 -0.222759E-03 +0.000000E+00 +0.152200E-02 +0.000000E+00 +0.000000E+00
 +0.148320E+01 -0.102800E+03 -0.172251E+03 -0.102291E+03 -0.905989E+02 +0.398610E+02 +0.000000E+00 +0.000000E+00 -0.155139E-02 -0.222153E-03 +0.000000E+00 +0.151472E-02 +0.000000E+00 +0.000000E+00
 +0.148320E+01 -0.102810E+03 -0.172116E+03 -0.102177E+03 -0.905166E+02 +0.396695E+02 +0.000000E+00 +0.000000E+00 -0.155038E-02 -0.221547E-03 +0.000000E+00 +0.150744E-02 +0.000000E+00 +0.000000E+00
 +0.148320E+01 -0.102820E+03 -0.171981E+03 -0.102063E+03 -0.904344E+02 +0.394780E+02 +0.000000E+00 +0.000000E+00 -0.154938E-02 -0.220941E-03 +0.000000E+00 +0.150016E-02 +0.000000E+00 +0.000000E+00
 +0.148320E+01 -0.102830E+03 -0.171850E+03 -0.101945E+03 -0.903525E+02 +0.392975E+02 +0.000000E+00 +0.000000E+00 -0.154845E-02 -0.220264E-03 +0.000000E+00 +0.149330E-02 +0.000000E+00 +0.000000E+00
 +0.148320E+01 -0.102840E+03 -0.171727E+03 -0.101822E+03 -0.902714E+02 +0.391351E+02 +0.000000E+00 +0.000000E+00 -0.154766E-02 -0.219470E-03 +0.000000E+00 +0.148713E-02 +0.000000E+00 +0.000000E+00
 +0.148320E+01 -0.102850E+03 -0.171604E+03 -0.101699E+03 -0.901902E+02 +0.389727E+02 +0.000000E+00 +0.000000E+00 -0.154687E-02 -0.218676E-03 +0.000000E+00 +0.148096E-02 +0.000000E+00 +0.000000E+00
 +0.148320E+01 -0.102860E+03 -0.171481E+03 -0.101577E+03 -0.901091E+02 +0.388104E+02 +0.000000E+00 +0.000000E+00 -0.154607E-02 -0.217882E-03 +0.000000E+00 +0.147479E-02 +0.000000E+00 +0.000000E+00
 +0.148320E+01 -0.102870E+03 -0.171358E+03 -0.101454E+03 -0.900279E+02 +0.386480E+02 +0.000000E+00 +0.000000E+00 -0.154528E-02 -0.217088E-03 +0.000000E+00 +0.146862E-02 +0.000000E+00 +0.000000E+00
 +0.148320E+01 -0.102880E+03 -0.171235E+03 -0.101331E+03 -0.899468E+02 +0.384856E+02 +0.000000E+00 +0.000000E+00 -0.154448E-02 -0.216294E-03 +0.000000E+00 +0.146245E-02 +0.000000E+00 +0.000000E+00
 +0.148320E+01 -0.102890E+03 -0.171112E+03 -0.101205E+03 -0.898644E+02 +0.383222E+02 +0.000000E+00 +0.000000E+00 -0.154370E-02 -0.215466E-03 +0.000000E+00 +0.145624E-02 +0.000000E+00 +0.000000E+00
 +0.148320E+01 -0.102900E+03 -0.170985E+03 -0.101063E+03 -0.897757E+02 +0.381534E+02 +0.000000E+00 +0.000000E+00 -0.154297E-02 -0.214460E-03 +0.000000E+00 +0.144983E-02 +0.000000E+00 +0.000000E+00
 +0.148320E+01 -0.102910E+03 -0.170858E+03 -0.100921E+03 -0.896871E+02 +0.379846E+02 +0.000000E+00 +0.000000E+00 -0.154224E-02 -0.213454E-03 +0.000000E+00 +0.144341E-02 +0.000000E+00 +0.000000E+00
 +0.148320E+01 -0.102920E+03 -0.170754E+03 -0.100797E+03 -0.896120E+02 +0.378200E+02 +0.000000E+00 +0.000000E+00 -0.154170E-02 -0.212521E-03 +0.000000E+00 +0.143716E-02 +0.000000E+00 +0.000000E+00
 +0.148320E+01 -0.102930E+03 -0.170657E+03 -0.100677E+03 -0.895402E+02 +0.376566E+02 +0.000000E+00 +0.000000E+00 -0.154121E-02 -0.211606E-03 +0.000000E+00 +0.143095E-02 +0.000000E+00 +0.000000E+00
 +0.148320E+01 -0.102940E+03 -0.170545E+03 -0.100551E+03 -0.894616E+02 +0.374938E+02 +0.000000E+00 +0.000000E+00 -0.154058E-02 -0.210701E-03 +0.000000E+00 +0.142477E-02 +0.000000E+00 +0.000000E+00
 +0.148320E+01 -0.102950E+03 -0.170423E+03 -0.100421E+03 -0.893785E+02 +0.373316E+02 +0.000000E+00 +0.000000E+00 -0.153985E-02 -0.209802E-03 +0.000000E+00 +0.141860E-02 +0.000000E+00 +0.000000E+00
 +0.148320E+01 -0.102960E+03 -0.170302E+03 -0.100290E+03 -0.892954E+02 +0.371693E+02 +0.000000E+00 +0.000000E+00 -0.153912E-02 -0.208904E-03 +0.000000E+00 +0.141243E-02 +0.000000E+00 +0.000000E+00
 +0.148320E+01 -0.102970E+03 -0.170180E+03 -0.100160E+03 -0.892123E+02 +0.370071E+02 +0.000000E+00 +0.000000E+00 -0.153839E-02 -0.208005E-03 +0.000000E+00 +0.140627E-02 +0.000000E+00 +0.000000E+00
 +0.148320E+01 -0.102980E+03 -0.170059E+03 -0.100030E+03 -0.891292E+02 +0.368448E+02 +0.000000E+00 +0.000000E+00 -0.153766E-02 -0.207106E-03 +0.000000E+00 +0.140010E-02 +0.000000E+00 +0.000000E+00
 +0.148320E+01 -0.102990E+03 -0.169937E+03 -0.998991E+02 -0.890461E+02 +0.366826E+02 +0.000000E+00 +0.000000E+00 -0.153694E-02 -0.206208E-03 +0.000000E+00 +0.139394E-02 +0.000000E+00 +0.000000E+00
 +0.148320E+01 -0.103000E+03 -0.169815E+03 -0.997665E+02 -0.889618E+02 +0.365205E+02 +0.000000E+00 +0.000000E+00 -0.153620E-02 -0.205290E-03 +0.000000E+00 +0.138778E-02 +0.000000E+00 +0.000000E+00
 +0.148320E+01 -0.103010E+03 -0.169685E+03 -0.996230E+02 -0.888716E+02 +0.363591E+02 +0.000000E+00 +0.000000E+00 -0.153545E-02 -0.204276E-03 +0.000000E+00 +0.138164E-02 +0.000000E+00 +0.000000E+00
 +0.148320E+01 -0.103020E+03 -0.169555E+03 -0.994796E+02 -0.887815E+02 +0.361976E+02 +0.000000E+00 +0.000000E+00 -0.153470E-02 -0.203263E-03 +0.000000E+00 +0.137551E-02 +0.000000E+00 +0.000000E+00
 +0.148320E+01 -0.103030E+03 -0.169426E+03 -0.993361E+02 -0.886914E+02 +0.360362E+02 +0.000000E+00 +0.000000E+00 -0.153395E-02 -0.202250E-03 +0.000000E+00 +0.136938E-02 +0.000000E+00 +0.000000E+00
 +0.148320E+01 -0.103040E+03 -0.169296E+03 -0.991926E+02 -0.886012E+02 +0.358748E+02 +0.000000E+00 +0.000000E+00 -0.153320E-02 -0.201237E-03 +0.000000E+00 +0.136324E-02 +0.000000E+00 +0.000000E+00
 +0.148320E+01 -0.103050E+03 -0.169166E+03 -0.990492E+02 -0.885111E+02 +0.357133E+02 +0.000000E+00 +0.000000E+00 -0.153245E-02 -0.200224E-03 +0.000000E+00 +0.135711E-02 +0.000000E+00 +0.000000E+00
 +0.148320E+01 -0.103060E+03 -0.169055E+03 -0.988853E+02 -0.884203E+02 +0.355713E+02 +0.000000E+00 +0.000000E+00 -0.153206E-02 -0.198834E-03 +0.000000E+00 +0.135171E-02 +0.000000E+00 +0.000000E+00
 +0.148320E+01 -0.103070E+03 -0.168947E+03 -0.987179E+02 -0.883294E+02 +0.354325E+02 +0.000000E+00 +0.000000E+00 -0.153173E-02 -0.197382E-03 +0.000000E+00 +0.134644E-02 +0.000000E+00 +0.000000E+00
 +0.148320E+01 -0.103080E+03 -0.168839E+03 -0.985506E+02 -0.882386E+02 +0.352937E+02 +0.000000E+00 +0.000000E+00 -0.153141E-02 -0.195929E-03 +0.000000E+00 +0.134116E-02 +0.000000E+00 +0.000000E+00
 +0.148320E+01 -0.103090E+03 -0.168745E+03 -0.984203E+02 -0.881645E+02 +0.351544E+02 +0.000000E+00 +0.000000E+00 -0.153103E-02 -0.194861E-03 +0.000000E+00 +0.133587E-02 +0.000000E+00 +0.000000E+00
 +0.148320E+01 -0.103100E+03 -0.168653E+03 -0.982971E+02 -0.880936E+02 +0.350150E+02 +0.000000E+00 +0.000000E+00 -0.153063E-02 -0.193866E-03 +0.000000E+00 +0.133057E-02 +0.000000E+00 +0.000000E+00
 +0.148320E+01 -0.103110E+03 -0.168562E+03 -0.981739E+02 -0.880228E+02 +0.348756E+02 +0.000000E+00 +0.000000E+00 -0.153024E-02 -0.192871E-03 +0.000000E+00 +0.132527E-02 +0.000000E+00 +0.000000E+00
 +0.148320E+01 -0.103120E+03 -0.168470E+03 -0.980507E+02 -0.879519E+02 +0.347362E+02 +0.000000E+00 +0.000000E+00 -0.152985E-02 -0.191876E-03 +0.000000E+00 +0.131997E-02 +0.000000E+00 +0.000000E+00
 +0.148320E+01 -0.103130E+03 -0.168379E+03 -0.979275E+02 -0.878811E+02 +0.345968E+02 +0.000000E+00 +0.000000E+00 -0.152946E-02 -0.190881E-03 +0.000000E+00 +0.131468E-02 +0.000000E+00 +0.000000E+00
 +0.148320E+01 -0.103140E+03 -0.168287E+03 -0.978043E+02 -0.878102E+02 +0.344574E+02 +0.000000E+00 +0.000000E+00 -0.152907E-02 -0.189886E-03 +0.000000E+00 +0.130938E-02 +0.000000E+00 +0.000000E+00
 +0.148320E+01 -0.103150E+03 -0.168196E+03 -0.976811E+02 -0.877394E+02 +0.343180E+02 +0.000000E+00 +0.000000E+00 -0.152867E-02 -0.188891E-03 +0.000000E+00 +0.130408E-02 +0.000000E+00 +0.000000E+00
 +0.148320E+01 -0.103160E+03 -0.168104E+03 -0.975578E+02 -0.876686E+02 +0.341785E+02 +0.000000E+00 +0.000000E+00 -0.152828E-02 -0.187896E-03 +0.000000E+00 +0.129878E-02 +0.000000E+00 +0.000000E+00
 +0.148320E+01 -0.103170E+03 -0.167991E+03 -0.974186E+02 -0.875852E+02 +0.340230E+02 +0.000000E+00 +0.000000E+00 -0.152771E-02 -0.186834E-03 +0.000000E+00 +0.129287E-02 +0.000000E+00 +0.000000E+00
 +0.148320E+01 -0.103180E+03 -0.167847E+03 -0.972568E+02 -0.874843E+02 +0.338446E+02 +0.000000E+00 +0.000000E+00 -0.152689E-02 -0.185678E-03 +0.000000E+00 +0.128610E-02 +0.000000E+00 +0.000000E+00
 +0.148320E+01 -0.103190E+03 -0.167703E+03 -0.970949E+02 -0.873833E+02 +0.336663E+02 +0.000000E+00 +0.000000E+00 -0.152607E-02 -0.184521E-03 +0.000000E+00 +0.127932E-02 +0.000000E+00 +0.000000E+00
 +0.148320E+01 -0.103200E+03 -0.167592E+03 -0.969615E+02 -0.873027E+02 +0.335157E+02 +0.000000E+00 +0.000000E+00 -0.152550E-02 -0.183516E-03 +0.000000E+00 +0.127360E-02 +0.000000E+00 +0.000000E+00
 +0.148320E+01 -0.103210E+03 -0.167501E+03 -0.968444E+02 -0.872339E+02 +0.333812E+02 +0.000000E+00 +0.000000E+00 -0.152507E-02 -0.182599E-03 +0.000000E+00 +0.126849E-02 +0.000000E+00 +0.000000E+00
 +0.148320E+01 -0.103220E+03 -0.167409E+03 -0.967273E+02 -0.871651E+02 +0.332467E+02 +0.000000E+00 +0.000000E+00 -0.152464E-02 -0.181682E-03 +0.000000E+00 +0.126338E-02 +0.000000E+00 +0.000000E+00
 +0.148320E+01 -0.103230E+03 -0.167318E+03 -0.966103E+02 -0.870963E+02 +0.331123E+02 +0.000000E+00 +0.000000E+00 -0.152421E-02 -0.180765E-03 +0.000000E+00 +0.125827E-02 +0.000000E+00 +0.000000E+00
 +0.148320E+01 -0.103240E+03 -0.167227E+03 -0.964932E+02 -0.870275E+02 +0.329778E+02 +0.000000E+00 +0.000000E+00 -0.152378E-02 -0.179848E-03 +0.000000E+00 +0.125315E-02 +0.000000E+00 +0.000000E+00
 +0.148320E+01 -0.103250E+03 -0.167135E+03 -0.963761E+02 -0.869587E+02 +0.328433E+02 +0.000000E+00 +0.000000E+00 -0.152335E-02 -0.178931E-03 +0.000000E+00 +0.124804E-02 +0.000000E+00 +0.000000E+00
 +0.148320E+01 -0.103260E+03 -0.167044E+03 -0.962590E+02 -0.868899E+02 +0.327088E+02 +0.000000E+00 +0.000000E+00 -0.152292E-02 -0.178014E-03 +0.000000E+00 +0.124293E-02 +0.000000E+00 +0.000000E+00
 +0.148320E+01 -0.103270E+03 -0.166952E+03 -0.961420E+02 -0.868211E+02 +0.325743E+02 +0.000000E+00 +0.000000E+00 -0.152249E-02 -0.177097E-03 +0.000000E+00 +0.123782E-02 +0.000000E+00 +0.000000E+00
 +0.148320E+01 -0.103280E+03 -0.166861E+03 -0.960249E+02 -0.867523E+02 +0.324398E+02 +0.000000E+00 +0.000000E+00 -0.152206E-02 -0.176180E-03 +0.000000E+00 +0.123271E-02 +0.000000E+00 +0.000000E+00
 +0.148320E+01 -0.103290E+03 -0.166769E+03 -0.959085E+02 -0.866837E+02 +0.323043E+02 +0.000000E+00 +0.000000E+00 -0.152163E-02 -0.175271E-03 +0.000000E+00 +0.122756E-02 +0.000000E+00 +0.000000E+00
 +0.148320E+01 -0.103300E+03 -0.166678E+03 -0.957962E+02 -0.866164E+02 +0.321630E+02 +0.000000E+00 +0.000000E+00 -0.152117E-02 -0.174415E-03 +0.000000E+00 +0.122220E-02 +0.000000E+00 +0.000000E+00
 +0.148320E+01 -0.103310E+03 -0.166586E+03 -0.956839E+02 -0.865491E+02 +0.320218E+02 +0.000000E+00 +0.000000E+00 -0.152071E-02 -0.173560E-03 +0.000000E+00 +0.121683E-02 +0.000000E+00 +0.000000E+00
 +0.148320E+01 -0.103320E+03 -0.166495E+03 -0.955715E+02 -0.864819E+02 +0.318805E+02 +0.000000E+00 +0.000000E+00 -0.152024E-02 -0.172704E-03 +0.000000E+00 +0.121146E-02 +0.000000E+00 +0.000000E+00
 +0.148320E+01 -0.103330E+03 -0.166403E+03 -0.954592E+02 -0.864146E+02 +0.317392E+02 +0.000000E+00 +0.000000E+00 -0.151978E-02 -0.171848E-03 +0.000000E+00 +0.120609E-02 +0.000000E+00 +0.000000E+00
 +0.148320E+01 -0.103340E+03 -0.166312E+03 -0.953469E+02 -0.863473E+02 +0.315979E+02 +0.000000E+00 +0.000000E+00 -0.151932E-02 -0.170992E-03 +0.000000E+00 +0.120072E-02 +0.000000E+00 +0.000000E+00
 +0.148320E+01 -0.103350E+03 -0.166225E+03 -0.952380E+02 -0.862827E+02 +0.314644E+02 +0.000000E+00 +0.000000E+00 -0.151890E-02 -0.170151E-03 +0.000000E+00 +0.119565E-02 +0.000000E+00 +0.000000E+00
 +0.148320E+01 -0.103360E+03 -0.166142E+03 -0.951320E+02 -0.862203E+02 +0.313375E+02 +0.000000E+00 +0.000000E+00 -0.151851E-02 -0.169322E-03 +0.000000E+00 +0.119083E-02 +0.000000E+00 +0.000000E+00
 +0.148320E+01 -0.103370E+03 -0.166059E+03 -0.950260E+02 -0.861579E+02 +0.312107E+02 +0.000000E+00 +0.000000E+00 -0.151811E-02 -0.168493E-03 +0.000000E+00 +0.118601E-02 +0.000000E+00 +0.000000E+00
 +0.148320E+01 -0.103380E+03 -0.165984E+03 -0.949058E+02 -0.860937E+02 +0.310790E+02 +0.000000E+00 +0.000000E+00 -0.151792E-02 -0.167430E-03 +0.000000E+00 +0.118100E-02 +0.000000E+00 +0.000000E+00
 +0.148320E+01 -0.103390E+03 -0.165914E+03 -0.947789E+02 -0.860285E+02 +0.309452E+02 +0.000000E+00 +0.000000E+00 -0.151782E-02 -0.166256E-03 +0.000000E+00 +0.117592E-02 +0.000000E+00 +0.000000E+00
 +0.148320E+01 -0.103400E+03 -0.165843E+03 -0.946519E+02 -0.859634E+02 +0.308113E+02 +0.000000E+00 +0.000000E+00 -0.151772E-02 -0.165082E-03 +0.000000E+00 +0.117083E-02 +0.000000E+00 +0.000000E+00
 +0.148320E+01 -0.103410E+03 -0.165773E+03 -0.945250E+02 -0.858983E+02 +0.306774E+02 +0.000000E+00 +0.000000E+00 -0.151762E-02 -0.163908E-03 +0.000000E+00 +0.116574E-02 +0.000000E+00 +0.000000E+00
 +0.148320E+01 -0.103420E+03 -0.165702E+03 -0.943981E+02 -0.858331E+02 +0.305435E+02 +0.000000E+00 +0.000000E+00 -0.151751E-02 -0.162734E-03 +0.000000E+00 +0.116065E-02 +0.000000E+00 +0.000000E+00
 +0.148320E+01 -0.103430E+03 -0.165632E+03 -0.942711E+02 -0.857680E+02 +0.304096E+02 +0.000000E+00 +0.000000E+00 -0.151741E-02 -0.161560E-03 +0.000000E+00 +0.115556E-02 +0.000000E+00 +0.000000E+00
 +0.148320E+01 -0.103440E+03 -0.165561E+03 -0.941442E+02 -0.857028E+02 +0.302757E+02 +0.000000E+00 +0.000000E+00 -0.151731E-02 -0.160386E-03 +0.000000E+00 +0.115048E-02 +0.000000E+00 +0.000000E+00
 +0.148320E+01 -0.103450E+03 -0.165491E+03 -0.940173E+02 -0.856377E+02 +0.301418E+02 +0.000000E+00 +0.000000E+00 -0.151721E-02 -0.159213E-03 +0.000000E+00 +0.114539E-02 +0.000000E+00 +0.000000E+00
 +0.148320E+01 -0.103460E+03 -0.165420E+03 -0.938903E+02 -0.855725E+02 +0.300079E+02 +0.000000E+00 +0.000000E+00 -0.151711E-02 -0.158039E-03 +0.000000E+00 +0.114030E-02 +0.000000E+00 +0.000000E+00
 +0.148320E+01 -0.103470E+03 -0.165350E+03 -0.937634E+02 -0.855074E+02 +0.298740E+02 +0.000000E+00 +0.000000E+00 -0.151701E-02 -0.156865E-03 +0.000000E+00 +0.113521E-02 +0.000000E+00 +0.000000E+00
 +0.148320E+01 -0.103480E+03 -0.165279E+03 -0.936365E+02 -0.854422E+02 +0.297401E+02 +0.000000E+00 +0.000000E+00 -0.151691E-02 -0.155691E-03 +0.000000E+00 +0.113012E-02 +0.000000E+00 +0.000000E+00
 +0.148320E+01 -0.103490E+03 -0.165209E+03 -0.935096E+02 -0.853771E+02 +0.296062E+02 +0.000000E+00 +0.000000E+00 -0.151680E-02 -0.154517E-03 +0.000000E+00 +0.112504E-02 +0.000000E+00 +0.000000E+00
 +0.148320E+01 -0.103500E+03 -0.165139E+03 -0.933825E+02 -0.853120E+02 +0.294732E+02 +0.000000E+00 +0.000000E+00 -0.151671E-02 -0.153341E-03 +0.000000E+00 +0.111998E-02 +0.000000E+00 +0.000000E+00
 +0.148320E+01 -0.103510E+03 -0.165070E+03 -0.932538E+02 -0.852470E+02 +0.293552E+02 +0.000000E+00 +0.000000E+00 -0.151664E-02 -0.152130E-03 +0.000000E+00 +0.111550E-02 +0.000000E+00 +0.000000E+00
 +0.148320E+01 -0.103520E+03 -0.165002E+03 -0.931252E+02 -0.851820E+02 +0.292372E+02 +0.000000E+00 +0.000000E+00 -0.151658E-02 -0.150919E-03 +0.000000E+00 +0.111101E-02 +0.000000E+00 +0.000000E+00
 +0.148320E+01 -0.103530E+03 -0.164934E+03 -0.929965E+02 -0.851171E+02 +0.291192E+02 +0.000000E+00 +0.000000E+00 -0.151652E-02 -0.149709E-03 +0.000000E+00 +0.110653E-02 +0.000000E+00 +0.000000E+00
 +0.148320E+01 -0.103540E+03 -0.164866E+03 -0.928678E+02 -0.850521E+02 +0.290011E+02 +0.000000E+00 +0.000000E+00 -0.151646E-02 -0.148498E-03 +0.000000E+00 +0.110204E-02 +0.000000E+00 +0.000000E+00
 +0.148320E+01 -0.103550E+03 -0.164798E+03 -0.927392E+02 -0.849872E+02 +0.288831E+02 +0.000000E+00 +0.000000E+00 -0.151640E-02 -0.147288E-03 +0.000000E+00 +0.109756E-02 +0.000000E+00 +0.000000E+00
 +0.148320E+01 -0.103560E+03 -0.164730E+03 -0.926105E+02 -0.849222E+02 +0.287651E+02 +0.000000E+00 +0.000000E+00 -0.151634E-02 -0.146077E-03 +0.000000E+00 +0.109307E-02 +0.000000E+00 +0.000000E+00
 +0.148320E+01 -0.103570E+03 -0.164661E+03 -0.924818E+02 -0.848573E+02 +0.286471E+02 +0.000000E+00 +0.000000E+00 -0.151628E-02 -0.144866E-03 +0.000000E+00 +0.108859E-02 +0.000000E+00 +0.000000E+00
 +0.148320E+01 -0.103580E+03 -0.164593E+03 -0.923531E+02 -0.847923E+02 +0.285290E+02 +0.000000E+00 +0.000000E+00 -0.151622E-02 -0.143656E-03 +0.000000E+00 +0.108410E-02 +0.000000E+00 +0.000000E+00
 +0.148320E+01 -0.103590E+03 -0.164525E+03 -0.922245E+02 -0.847273E+02 +0.284110E+02 +0.000000E+00 +0.000000E+00 -0.151616E-02 -0.142445E-03 +0.000000E+00 +0.107962E-02 +0.000000E+00 +0.000000E+00
 +0.148320E+01 -0.103600E+03 -0.164457E+03 -0.920958E+02 -0.846624E+02 +0.282930E+02 +0.000000E+00 +0.000000E+00 -0.151610E-02 -0.141234E-03 +0.000000E+00 +0.107513E-02 +0.000000E+00 +0.000000E+00
 +0.148320E+01 -0.103610E+03 -0.164389E+03 -0.919671E+02 -0.845974E+02 +0.281750E+02 +0.000000E+00 +0.000000E+00 -0.151604E-02 -0.140024E-03 +0.000000E+00 +0.107065E-02 +0.000000E+00 +0.000000E+00
 +0.148320E+01 -0.103620E+03 -0.164321E+03 -0.918384E+02 -0.845325E+02 +0.280569E+02 +0.000000E+00 +0.000000E+00 -0.151597E-02 -0.138813E-03 +0.000000E+00 +0.106616E-02 +0.000000E+00 +0.000000E+00
 +0.148320E+01 -0.103630E+03 -0.164252E+03 -0.917098E+02 -0.844675E+02 +0.279389E+02 +0.000000E+00 +0.000000E+00 -0.151591E-02 -0.137603E-03 +0.000000E+00 +0.106168E-02 +0.000000E+00 +0.000000E+00
 +0.148320E+01 -0.103640E+03 -0.164184E+03 -0.915811E+02 -0.844026E+02 +0.278209E+02 +0.000000E+00 +0.000000E+00 -0.151585E-02 -0.136392E-03 +0.000000E+00 +0.105719E-02 +0.000000E+00 +0.000000E+00
 +0.148320E+01 -0.103650E+03 -0.164121E+03 -0.914442E+02 -0.843365E+02 +0.277007E+02 +0.000000E+00 +0.000000E+00 -0.151591E-02 -0.135046E-03 +0.000000E+00 +0.105263E-02 +0.000000E+00 +0.000000E+00
 +0.148320E+01 -0.103660E+03 -0.164063E+03 -0.912994E+02 -0.842695E+02 +0.275785E+02 +0.000000E+00 +0.000000E+00 -0.151607E-02 -0.133569E-03 +0.000000E+00 +0.104798E-02 +0.000000E+00 +0.000000E+00
 +0.148320E+01 -0.103670E+03 -0.164006E+03 -0.911613E+02 -0.842052E+02 +0.274693E+02 +0.000000E+00 +0.000000E+00 -0.151621E-02 -0.132166E-03 +0.000000E+00 +0.104383E-02 +0.000000E+00 +0.000000E+00
 +0.148320E+01 -0.103680E+03 -0.163949E+03 -0.910253E+02 -0.841416E+02 +0.273628E+02 +0.000000E+00 +0.000000E+00 -0.151634E-02 -0.130791E-03 +0.000000E+00 +0.103979E-02 +0.000000E+00 +0.000000E+00
 +0.148320E+01 -0.103690E+03 -0.163886E+03 -0.908972E+02 -0.840786E+02 +0.272468E+02 +0.000000E+00 +0.000000E+00 -0.151635E-02 -0.129554E-03 +0.000000E+00 +0.103538E-02 +0.000000E+00 +0.000000E+00
 +0.148320E+01 -0.103700E+03 -0.163823E+03 -0.907690E+02 -0.840155E+02 +0.271308E+02 +0.000000E+00 +0.000000E+00 -0.151635E-02 -0.128317E-03 +0.000000E+00 +0.103097E-02 +0.000000E+00 +0.000000E+00
 +0.148320E+01 -0.103710E+03 -0.163761E+03 -0.906408E+02 -0.839525E+02 +0.270148E+02 +0.000000E+00 +0.000000E+00 -0.151635E-02 -0.127079E-03 +0.000000E+00 +0.102656E-02 +0.000000E+00 +0.000000E+00
 +0.148320E+01 -0.103720E+03 -0.163698E+03 -0.905127E+02 -0.838894E+02 +0.268988E+02 +0.000000E+00 +0.000000E+00 -0.151636E-02 -0.125842E-03 +0.000000E+00 +0.102215E-02 +0.000000E+00 +0.000000E+00
 +0.148320E+01 -0.103730E+03 -0.163635E+03 -0.903845E+02 -0.838264E+02 +0.267828E+02 +0.000000E+00 +0.000000E+00 -0.151636E-02 -0.124604E-03 +0.000000E+00 +0.101774E-02 +0.000000E+00 +0.000000E+00
 +0.148320E+01 -0.103740E+03 -0.163572E+03 -0.902563E+02 -0.837633E+02 +0.266668E+02 +0.000000E+00 +0.000000E+00 -0.151636E-02 -0.123367E-03 +0.000000E+00 +0.101334E-02 +0.000000E+00 +0.000000E+00
 +0.148320E+01 -0.103750E+03 -0.163509E+03 -0.901282E+02 -0.837003E+02 +0.265507E+02 +0.000000E+00 +0.000000E+00 -0.151637E-02 -0.122130E-03 +0.000000E+00 +0.100893E-02 +0.000000E+00 +0.000000E+00
 +0.148320E+01 -0.103760E+03 -0.163446E+03 -0.900000E+02 -0.836373E+02 +0.264347E+02 +0.000000E+00 +0.000000E+00 -0.151637E-02 -0.120892E-03 +0.000000E+00 +0.100452E-02 +0.000000E+00 +0.000000E+00
 +0.148320E+01 -0.103770E+03 -0.163383E+03 -0.898718E+02 -0.835742E+02 +0.263187E+02 +0.000000E+00 +0.000000E+00 -0.151637E-02 -0.119655E-03 +0.000000E+00 +0.100011E-02 +0.000000E+00 +0.000000E+00
 +0.148320E+01 -0.103780E+03 -0.163320E+03 -0.897437E+02 -0.835112E+02 +0.262027E+02 +0.000000E+00 +0.000000E+00 -0.151638E-02 -0.118418E-03 +0.000000E+00 +0.995703E-03 +0.000000E+00 +0.000000E+00
 +0.148320E+01 -0.103790E+03 -0.163258E+03 -0.896155E+02 -0.834481E+02 +0.260867E+02 +0.000000E+00 +0.000000E+00 -0.151638E-02 -0.117180E-03 +0.000000E+00 +0.991295E-03 +0.000000E+00 +0.000000E+00
 +0.148320E+01 -0.103800E+03 -0.163195E+03 -0.894873E+02 -0.833851E+02 +0.259707E+02 +0.000000E+00 +0.000000E+00 -0.151638E-02 -0.115943E-03 +0.000000E+00 +0.986886E-03 +0.000000E+00 +0.000000E+00
 +0.148320E+01 -0.103810E+03 -0.163132E+03 -0.893592E+02 -0.833220E+02 +0.258547E+02 +0.000000E+00 +0.000000E+00 -0.151639E-02 -0.114705E-03 +0.000000E+00 +0.982478E-03 +0.000000E+00 +0.000000E+00
 +0.148320E+01 -0.103820E+03 -0.163069E+03 -0.892310E+02 -0.832590E+02 +0.257387E+02 +0.000000E+00 +0.000000E+00 -0.151639E-02 -0.113468E-03 +0.000000E+00 +0.978069E-03 +0.000000E+00 +0.000000E+00
 +0.148320E+01 -0.103830E+03 -0.163006E+03 -0.891028E+02 -0.831960E+02 +0.256227E+02 +0.000000E+00 +0.000000E+00 -0.151639E-02 -0.112231E-03 +0.000000E+00 +0.973661E-03 +0.000000E+00 +0.000000E+00
 +0.148320E+01 -0.103840E+03 -0.162944E+03 -0.889800E+02 -0.831349E+02 +0.255152E+02 +0.000000E+00 +0.000000E+00 -0.151637E-02 -0.111057E-03 +0.000000E+00 +0.969577E-03 +0.000000E+00 +0.000000E+00
 +0.148320E+01 -0.103850E+03 -0.162883E+03 -0.888642E+02 -0.830765E+02 +0.254188E+02 +0.000000E+00 +0.000000E+00 -0.151632E-02 -0.109966E-03 +0.000000E+00 +0.965914E-03 +0.000000E+00 +0.000000E+00
 +0.148320E+01 -0.103860E+03 -0.162821E+03 -0.887483E+02 -0.830180E+02 +0.253224E+02 +0.000000E+00 +0.000000E+00 -0.151627E-02 -0.108875E-03 +0.000000E+00 +0.962251E-03 +0.000000E+00 +0.000000E+00
 +0.148320E+01 -0.103870E+03 -0.162760E+03 -0.886324E+02 -0.829596E+02 +0.252260E+02 +0.000000E+00 +0.000000E+00 -0.151621E-02 -0.107784E-03 +0.000000E+00 +0.958588E-03 +0.000000E+00 +0.000000E+00
 +0.148320E+01 -0.103880E+03 -0.162699E+03 -0.885166E+02 -0.829011E+02 +0.251296E+02 +0.000000E+00 +0.000000E+00 -0.151616E-02 -0.106693E-03 +0.000000E+00 +0.954926E-03 +0.000000E+00 +0.000000E+00
 +0.148320E+01 -0.103890E+03 -0.162638E+03 -0.884007E+02 -0.828427E+02 +0.250332E+02 +0.000000E+00 +0.000000E+00 -0.151611E-02 -0.105603E-03 +0.000000E+00 +0.951263E-03 +0.000000E+00 +0.000000E+00
 +0.148320E+01 -0.103900E+03 -0.162576E+03 -0.882849E+02 -0.827842E+02 +0.249368E+02 +0.000000E+00 +0.000000E+00 -0.151605E-02 -0.104512E-03 +0.000000E+00 +0.947600E-03 +0.000000E+00 +0.000000E+00
 +0.148320E+01 -0.103910E+03 -0.162515E+03 -0.881690E+02 -0.827258E+02 +0.248404E+02 +0.000000E+00 +0.000000E+00 -0.151600E-02 -0.103421E-03 +0.000000E+00 +0.943937E-03 +0.000000E+00 +0.000000E+00
 +0.148320E+01 -0.103920E+03 -0.162454E+03 -0.880531E+02 -0.826674E+02 +0.247441E+02 +0.000000E+00 +0.000000E+00 -0.151595E-02 -0.102330E-03 +0.000000E+00 +0.940274E-03 +0.000000E+00 +0.000000E+00
 +0.148320E+01 -0.103930E+03 -0.162393E+03 -0.879373E+02 -0.826089E+02 +0.246477E+02 +0.000000E+00 +0.000000E+00 -0.151589E-02 -0.101239E-03 +0.000000E+00 +0.936611E-03 +0.000000E+00 +0.000000E+00
 +0.148320E+01 -0.103940E+03 -0.162332E+03 -0.878214E+02 -0.825505E+02 +0.245513E+02 +0.000000E+00 +0.000000E+00 -0.151584E-02 -0.100148E-03 +0.000000E+00 +0.932949E-03 +0.000000E+00 +0.000000E+00
 +0.148320E+01 -0.103950E+03 -0.162270E+03 -0.877056E+02 -0.824920E+02 +0.244549E+02 +0.000000E+00 +0.000000E+00 -0.151579E-02 -0.990572E-04 +0.000000E+00 +0.929286E-03 +0.000000E+00 +0.000000E+00
 +0.148320E+01 -0.103960E+03 -0.162209E+03 -0.875897E+02 -0.824336E+02 +0.243585E+02 +0.000000E+00 +0.000000E+00 -0.151573E-02 -0.979663E-04 +0.000000E+00 +0.925623E-03 +0.000000E+00 +0.000000E+00
 +0.148320E+01 -0.103970E+03 -0.162148E+03 -0.874738E+02 -0.823751E+02 +0.242621E+02 +0.000000E+00 +0.000000E+00 -0.151568E-02 -0.968754E-04 +0.000000E+00 +0.921960E-03 +0.000000E+00 +0.000000E+00
 +0.148320E+01 -0.103980E+03 -0.162087E+03 -0.873580E+02 -0.823167E+02 +0.241657E+02 +0.000000E+00 +0.000000E+00 -0.151563E-02 -0.957845E-04 +0.000000E+00 +0.918297E-03 +0.000000E+00 +0.000000E+00
 +0.148320E+01 -0.103990E+03 -0.162025E+03 -0.872421E+02 -0.822582E+02 +0.240693E+02 +0.000000E+00 +0.000000E+00 -0.151557E-02 -0.946936E-04 +0.000000E+00 +0.914634E-03 +0.000000E+00 +0.000000E+00
 +0.148320E+01 -0.104000E+03 -0.161964E+03 -0.871263E+02 -0.821998E+02 +0.239729E+02 +0.000000E+00 +0.000000E+00 -0.151552E-02 -0.936028E-04 +0.000000E+00 +0.910972E-03 +0.000000E+00 +0.000000E+00
 +0.148320E+01 -0.104010E+03 -0.161903E+03 -0.870104E+02 -0.821414E+02 +0.238765E+02 +0.000000E+00 +0.000000E+00 -0.151547E-02 -0.925119E-04 +0.000000E+00 +0.907309E-03 +0.000000E+00 +0.000000E+00
 +0.148320E+01 -0.104020E+03 -0.161849E+03 -0.868855E+02 -0.820825E+02 +0.237787E+02 +0.000000E+00 +0.000000E+00 -0.151557E-02 -0.912583E-04 +0.000000E+00 +0.903590E-03 +0.000000E+00 +0.000000E+00
 +0.148320E+01 -0.104030E+03 -0.161804E+03 -0.867528E+02 -0.820237E+02 +0.236813E+02 +0.000000E+00 +0.000000E+00 -0.151582E-02 -0.898536E-04 +0.000000E+00 +0.899891E-03 +0.000000E+00 +0.000000E+00
 +0.148320E+01 -0.104040E+03 -0.161760E+03 -0.866348E+02 -0.819703E+02 +0.236025E+02 +0.000000E+00 +0.000000E+00 -0.151600E-02 -0.886262E-04 +0.000000E+00 +0.896894E-03 +0.000000E+00 +0.000000E+00
 +0.148320E+01 -0.104050E+03 -0.161724E+03 -0.865248E+02 -0.819221E+02 +0.235067E+02 +0.000000E+00 +0.000000E+00 -0.151624E-02 -0.874509E-04 +0.000000E+00 +0.893254E-03 +0.000000E+00 +0.000000E+00
 +0.148320E+01 -0.104060E+03 -0.161689E+03 -0.864154E+02 -0.818743E+02 +0.234094E+02 +0.000000E+00 +0.000000E+00 -0.151647E-02 -0.862801E-04 +0.000000E+00 +0.889557E-03 +0.000000E+00 +0.000000E+00
 +0.148320E+01 -0.104070E+03 -0.161653E+03 -0.863060E+02 -0.818265E+02 +0.233121E+02 +0.000000E+00 +0.000000E+00 -0.151671E-02 -0.851093E-04 +0.000000E+00 +0.885861E-03 +0.000000E+00 +0.000000E+00
 +0.148320E+01 -0.104080E+03 -0.161618E+03 -0.861966E+02 -0.817788E+02 +0.232149E+02 +0.000000E+00 +0.000000E+00 -0.151694E-02 -0.839386E-04 +0.000000E+00 +0.882165E-03 +0.000000E+00 +0.000000E+00
 +0.148320E+01 -0.104090E+03 -0.161582E+03 -0.860872E+02 -0.817310E+02 +0.231176E+02 +0.000000E+00 +0.000000E+00 -0.151718E-02 -0.827678E-04 +0.000000E+00 +0.878469E-03 +0.000000E+00 +0.000000E+00
 +0.148320E+01 -0.104100E+03 -0.161547E+03 -0.859778E+02 -0.816832E+02 +0.230203E+02 +0.000000E+00 +0.000000E+00 -0.151741E-02 -0.815970E-04 +0.000000E+00 +0.874772E-03 +0.000000E+00 +0.000000E+00
 +0.148320E+01 -0.104110E+03 -0.161512E+03 -0.858684E+02 -0.816354E+02 +0.229231E+02 +0.000000E+00 +0.000000E+00 -0.151765E-02 -0.804263E-04 +0.000000E+00 +0.871076E-03 +0.000000E+00 +0.000000E+00
 +0.148320E+01 -0.104120E+03 -0.161476E+03 -0.857590E+02 -0.815877E+02 +0.228258E+02 +0.000000E+00 +0.000000E+00 -0.151788E-02 -0.792555E-04 +0.000000E+00 +0.867380E-03 +0.000000E+00 +0.000000E+00
 +0.148320E+01 -0.104130E+03 -0.161441E+03 -0.856496E+02 -0.815399E+02 +0.227285E+02 +0.000000E+00 +0.000000E+00 -0.151812E-02 -0.780847E-04 +0.000000E+00 +0.863684E-03 +0.000000E+00 +0.000000E+00
 +0.148320E+01 -0.104140E+03 -0.161406E+03 -0.855402E+02 -0.814921E+02 +0.226313E+02 +0.000000E+00 +0.000000E+00 -0.151836E-02 -0.769139E-04 +0.000000E+00 +0.859987E-03 +0.000000E+00 +0.000000E+00
 +0.148320E+01 -0.104150E+03 -0.161370E+03 -0.854308E+02 -0.814443E+02 +0.225340E+02 +0.000000E+00 +0.000000E+00 -0.151859E-02 -0.757432E-04 +0.000000E+00 +0.856291E-03 +0.000000E+00 +0.000000E+00
 +0.148320E+01 -0.104160E+03 -0.161335E+03 -0.853214E+02 -0.813965E+02 +0.224367E+02 +0.000000E+00 +0.000000E+00 -0.151883E-02 -0.745724E-04 +0.000000E+00 +0.852595E-03 +0.000000E+00 +0.000000E+00
 +0.148320E+01 -0.104170E+03 -0.161299E+03 -0.852120E+02 -0.813488E+02 +0.223394E+02 +0.000000E+00 +0.000000E+00 -0.151906E-02 -0.734016E-04 +0.000000E+00 +0.848899E-03 +0.000000E+00 +0.000000E+00
 +0.148320E+01 -0.104180E+03 -0.161264E+03 -0.851026E+02 -0.813010E+02 +0.222422E+02 +0.000000E+00 +0.000000E+00 -0.151930E-02 -0.722309E-04 +0.000000E+00 +0.845203E-03 +0.000000E+00 +0.000000E+00
 +0.148320E+01 -0.104190E+03 -0.161229E+03 -0.849932E+02 -0.812532E+02 +0.221449E+02 +0.000000E+00 +0.000000E+00 -0.151953E-02 -0.710601E-04 +0.000000E+00 +0.841506E-03 +0.000000E+00 +0.000000E+00
 +0.148320E+01 -0.104200E+03 -0.161193E+03 -0.848838E+02 -0.812054E+02 +0.220476E+02 +0.000000E+00 +0.000000E+00 -0.151977E-02 -0.698893E-04 +0.000000E+00 +0.837810E-03 +0.000000E+00 +0.000000E+00
 +0.148320E+01 -0.104210E+03 -0.161158E+03 -0.847744E+02 -0.811577E+02 +0.219504E+02 +0.000000E+00 +0.000000E+00 -0.152000E-02 -0.687186E-04 +0.000000E+00 +0.834114E-03 +0.000000E+00 +0.000000E+00
 +0.148320E+01 -0.104220E+03 -0.161123E+03 -0.846650E+02 -0.811099E+02 +0.218531E+02 +0.000000E+00 +0.000000E+00 -0.152024E-02 -0.675478E-04 +0.000000E+00 +0.830418E-03 +0.000000E+00 +0.000000E+00
 +0.148320E+01 -0.104230E+03 -0.161087E+03 -0.845556E+02 -0.810621E+02 +0.217558E+02 +0.000000E+00 +0.000000E+00 -0.152048E-02 -0.663770E-04 +0.000000E+00 +0.826721E-03 +0.000000E+00 +0.000000E+00
 +0.148320E+01 -0.104240E+03 -0.161052E+03 -0.844433E+02 -0.810134E+02 +0.216682E+02 +0.000000E+00 +0.000000E+00 -0.152073E-02 -0.651684E-04 +0.000000E+00 +0.823390E-03 +0.000000E+00 +0.000000E+00
 +0.148320E+01 -0.104250E+03 -0.161017E+03 -0.843302E+02 -0.809645E+02 +0.215832E+02 +0.000000E+00 +0.000000E+00 -0.152099E-02 -0.639492E-04 +0.000000E+00 +0.820161E-03 +0.000000E+00 +0.000000E+00
 +0.148320E+01 -0.104260E+03 -0.160981E+03 -0.842171E+02 -0.809155E+02 +0.214982E+02 +0.000000E+00 +0.000000E+00 -0.152125E-02 -0.627299E-04 +0.000000E+00 +0.816931E-03 +0.000000E+00 +0.000000E+00
 +0.148320E+01 -0.104270E+03 -0.160946E+03 -0.841040E+02 -0.808666E+02 +0.214132E+02 +0.000000E+00 +0.000000E+00 -0.152151E-02 -0.615107E-04 +0.000000E+00 +0.813702E-03 +0.000000E+00 +0.000000E+00
 +0.148320E+01 -0.104280E+03 -0.160911E+03 -0.839908E+02 -0.808176E+02 +0.213282E+02 +0.000000E+00 +0.000000E+00 -0.152177E-02 -0.602914E-04 +0.000000E+00 +0.810473E-03 +0.000000E+00 +0.000000E+00
 +0.148320E+01 -0.104290E+03 -0.160876E+03 -0.838777E+02 -0.807686E+02 +0.212433E+02 +0.000000E+00 +0.000000E+00 -0.152204E-02 -0.590722E-04 +0.000000E+00 +0.807244E-03 +0.000000E+00 +0.000000E+00
 +0.148320E+01 -0.104300E+03 -0.160841E+03 -0.837646E+02 -0.807197E+02 +0.211583E+02 +0.000000E+00 +0.000000E+00 -0.152230E-02 -0.578529E-04 +0.000000E+00 +0.804015E-03 +0.000000E+00 +0.000000E+00
 +0.148320E+01 -0.104310E+03 -0.160805E+03 -0.836515E+02 -0.806707E+02 +0.210733E+02 +0.000000E+00 +0.000000E+00 -0.152256E-02 -0.566337E-04 +0.000000E+00 +0.800786E-03 +0.000000E+00 +0.000000E+00
 +0.148320E+01 -0.104320E+03 -0.160770E+03 -0.835383E+02 -0.806218E+02 +0.209883E+02 +0.000000E+00 +0.000000E+00 -0.152282E-02 -0.554144E-04 +0.000000E+00 +0.797556E-03 +0.000000E+00 +0.000000E+00
 +0.148320E+01 -0.104330E+03 -0.160735E+03 -0.834252E+02 -0.805728E+02 +0.209034E+02 +0.000000E+00 +0.000000E+00 -0.152308E-02 -0.541952E-04 +0.000000E+00 +0.794327E-03 +0.000000E+00 +0.000000E+00
 +0.148320E+01 -0.104340E+03 -0.160700E+03 -0.833121E+02 -0.805239E+02 +0.208184E+02 +0.000000E+00 +0.000000E+00 -0.152334E-02 -0.529759E-04 +0.000000E+00 +0.791098E-03 +0.000000E+00 +0.000000E+00
 +0.148320E+01 -0.104350E+03 -0.160664E+03 -0.831990E+02 -0.804749E+02 +0.207334E+02 +0.000000E+00 +0.000000E+00 -0.152360E-02 -0.517567E-04 +0.000000E+00 +0.787869E-03 +0.000000E+00 +0.000000E+00
 +0.148320E+01 -0.104360E+03 -0.160629E+03 -0.830858E+02 -0.804260E+02 +0.206484E+02 +0.000000E+00 +0.000000E+00 -0.152386E-02 -0.505374E-04 +0.000000E+00 +0.784640E-03 +0.000000E+00 +0.000000E+00
 +0.148320E+01 -0.104370E+03 -0.160594E+03 -0.829727E+02 -0.803770E+02 +0.205634E+02 +0.000000E+00 +0.000000E+00 -0.152412E-02 -0.493182E-04 +0.000000E+00 +0.781411E-03 +0.000000E+00 +0.000000E+00
 +0.148320E+01 -0.104380E+03 -0.160559E+03 -0.828596E+02 -0.803281E+02 +0.204785E+02 +0.000000E+00 +0.000000E+00 -0.152438E-02 -0.480989E-04 +0.000000E+00 +0.778181E-03 +0.000000E+00 +0.000000E+00
 +0.148320E+01 -0.104390E+03 -0.160524E+03 -0.827465E+02 -0.802791E+02 +0.203935E+02 +0.000000E+00 +0.000000E+00 -0.152464E-02 -0.468797E-04 +0.000000E+00 +0.774952E-03 +0.000000E+00 +0.000000E+00
 +0.148320E+01 -0.104400E+03 -0.160488E+03 -0.826333E+02 -0.802302E+02 +0.203085E+02 +0.000000E+00 +0.000000E+00 -0.152491E-02 -0.456604E-04 +0.000000E+00 +0.771723E-03 +0.000000E+00 +0.000000E+00
 +0.148320E+01 -0.104410E+03 -0.160453E+03 -0.825202E+02 -0.801812E+02 +0.202235E+02 +0.000000E+00 +0.000000E+00 -0.152517E-02 -0.444412E-04 +0.000000E+00 +0.768494E-03 +0.000000E+00 +0.000000E+00
 +0.148320E+01 -0.104420E+03 -0.160418E+03 -0.824071E+02 -0.801322E+02 +0.201385E+02 +0.000000E+00 +0.000000E+00 -0.152543E-02 -0.432219E-04 +0.000000E+00 +0.765265E-03 +0.000000E+00 +0.000000E+00
 +0.148320E+01 -0.104430E+03 -0.160383E+03 -0.822940E+02 -0.800833E+02 +0.200536E+02 +0.000000E+00 +0.000000E+00 -0.152569E-02 -0.420027E-04 +0.000000E+00 +0.762036E-03 +0.000000E+00 +0.000000E+00
 +0.148320E+01 -0.104440E+03 -0.160347E+03 -0.821808E+02 -0.800343E+02 +0.199686E+02 +0.000000E+00 +0.000000E+00 -0.152595E-02 -0.407834E-04 +0.000000E+00 +0.758806E-03 +0.000000E+00 +0.000000E+00
 +0.148320E+01 -0.104450E+03 -0.160312E+03 -0.820672E+02 -0.799851E+02 +0.198833E+02 +0.000000E+00 +0.000000E+00 -0.152621E-02 -0.395602E-04 +0.000000E+00 +0.755567E-03 +0.000000E+00 +0.000000E+00
 +0.148320E+01 -0.104460E+03 -0.160269E+03 -0.819424E+02 -0.799297E+02 +0.197913E+02 +0.000000E+00 +0.000000E+00 -0.152644E-02 -0.382418E-04 +0.000000E+00 +0.752070E-03 +0.000000E+00 +0.000000E+00
 +0.148320E+01 -0.104470E+03 -0.160226E+03 -0.818176E+02 -0.798742E+02 +0.196993E+02 +0.000000E+00 +0.000000E+00 -0.152668E-02 -0.369233E-04 +0.000000E+00 +0.748573E-03 +0.000000E+00 +0.000000E+00
 +0.148320E+01 -0.104480E+03 -0.160182E+03 -0.816927E+02 -0.798188E+02 +0.196073E+02 +0.000000E+00 +0.000000E+00 -0.152691E-02 -0.356049E-04 +0.000000E+00 +0.745077E-03 +0.000000E+00 +0.000000E+00
 +0.148320E+01 -0.104490E+03 -0.160139E+03 -0.815679E+02 -0.797634E+02 +0.195153E+02 +0.000000E+00 +0.000000E+00 -0.152714E-02 -0.342865E-04 +0.000000E+00 +0.741580E-03 +0.000000E+00 +0.000000E+00
 +0.148320E+01 -0.104500E+03 -0.160096E+03 -0.814431E+02 -0.797079E+02 +0.194233E+02 +0.000000E+00 +0.000000E+00 -0.152737E-02 -0.329681E-04 +0.000000E+00 +0.738084E-03 +0.000000E+00 +0.000000E+00
 +0.148320E+01 -0.104510E+03 -0.160053E+03 -0.813183E+02 -0.796525E+02 +0.193312E+02 +0.000000E+00 +0.000000E+00 -0.152761E-02 -0.316497E-04 +0.000000E+00 +0.734587E-03 +0.000000E+00 +0.000000E+00
 +0.148320E+01 -0.104520E+03 -0.160010E+03 -0.811934E+02 -0.795970E+02 +0.192392E+02 +0.000000E+00 +0.000000E+00 -0.152784E-02 -0.303313E-04 +0.000000E+00 +0.731090E-03 +0.000000E+00 +0.000000E+00
 +0.148320E+01 -0.104530E+03 -0.159967E+03 -0.810686E+02 -0.795416E+02 +0.191472E+02 +0.000000E+00 +0.000000E+00 -0.152807E-02 -0.290128E-04 +0.000000E+00 +0.727594E-03 +0.000000E+00 +0.000000E+00
 +0.148320E+01 -0.104540E+03 -0.159923E+03 -0.809438E+02 -0.794862E+02 +0.190552E+02 +0.000000E+00 +0.000000E+00 -0.152831E-02 -0.276944E-04 +0.000000E+00 +0.724097E-03 +0.000000E+00 +0.000000E+00
 +0.148320E+01 -0.104550E+03 -0.159880E+03 -0.808189E+02 -0.794307E+02 +0.189632E+02 +0.000000E+00 +0.000000E+00 -0.152854E-02 -0.263760E-04 +0.000000E+00 +0.720601E-03 +0.000000E+00 +0.000000E+00
 +0.148320E+01 -0.104560E+03 -0.159837E+03 -0.806941E+02 -0.793753E+02 +0.188712E+02 +0.000000E+00 +0.000000E+00 -0.152877E-02 -0.250576E-04 +0.000000E+00 +0.717104E-03 +0.000000E+00 +0.000000E+00
 +0.148320E+01 -0.104570E+03 -0.159794E+03 -0.805693E+02 -0.793198E+02 +0.187791E+02 +0.000000E+00 +0.000000E+00 -0.152901E-02 -0.237392E-04 +0.000000E+00 +0.713607E-03 +0.000000E+00 +0.000000E+00
 +0.148320E+01 -0.104580E+03 -0.159751E+03 -0.804444E+02 -0.792644E+02 +0.186871E+02 +0.000000E+00 +0.000000E+00 -0.152924E-02 -0.224207E-04 +0.000000E+00 +0.710111E-03 +0.000000E+00 +0.000000E+00
 +0.148320E+01 -0.104590E+03 -0.159708E+03 -0.803196E+02 -0.792090E+02 +0.185951E+02 +0.000000E+00 +0.000000E+00 -0.152947E-02 -0.211023E-04 +0.000000E+00 +0.706614E-03 +0.000000E+00 +0.000000E+00
 +0.148320E+01 -0.104600E+03 -0.159664E+03 -0.801948E+02 -0.791535E+02 +0.185031E+02 +0.000000E+00 +0.000000E+00 -0.152971E-02 -0.197839E-04 +0.000000E+00 +0.703118E-03 +0.000000E+00 +0.000000E+00
 +0.148320E+01 -0.104610E+03 -0.159621E+03 -0.800700E+02 -0.790981E+02 +0.184111E+02 +0.000000E+00 +0.000000E+00 -0.152994E-02 -0.184655E-04 +0.000000E+00 +0.699621E-03 +0.000000E+00 +0.000000E+00
 +0.148320E+01 -0.104620E+03 -0.159578E+03 -0.799451E+02 -0.790426E+02 +0.183191E+02 +0.000000E+00 +0.000000E+00 -0.153017E-02 -0.171471E-04 +0.000000E+00 +0.696124E-03 +0.000000E+00 +0.000000E+00
 +0.148320E+01 -0.104630E+03 -0.159535E+03 -0.798203E+02 -0.789872E+02 +0.182270E+02 +0.000000E+00 +0.000000E+00 -0.153041E-02 -0.158287E-04 +0.000000E+00 +0.692628E-03 +0.000000E+00 +0.000000E+00
 +0.148320E+01 -0.104640E+03 -0.159492E+03 -0.796955E+02 -0.789318E+02 +0.181350E+02 +0.000000E+00 +0.000000E+00 -0.153064E-02 -0.145102E-04 +0.000000E+00 +0.689131E-03 +0.000000E+00 +0.000000E+00
 +0.148320E+01 -0.104650E+03 -0.159449E+03 -0.795706E+02 -0.788763E+02 +0.180430E+02 +0.000000E+00 +0.000000E+00 -0.153087E-02 -0.131918E-04 +0.000000E+00 +0.685635E-03 +0.000000E+00 +0.000000E+00
 +0.148320E+01 -0.104660E+03 -0.159405E+03 -0.794458E+02 -0.788209E+02 +0.179510E+02 +0.000000E+00 +0.000000E+00 -0.153111E-02 -0.118734E-04 +0.000000E+00 +0.682138E-03 +0.000000E+00 +0.000000E+00
 +0.148320E+01 -0.104670E+03 -0.159362E+03 -0.793210E+02 -0.787654E+02 +0.178590E+02 +0.000000E+00 +0.000000E+00 -0.153134E-02 -0.105550E-04 +0.000000E+00 +0.678641E-03 +0.000000E+00 +0.000000E+00
 +0.148320E+01 -0.104680E+03 -0.159319E+03 -0.791961E+02 -0.787100E+02 +0.177670E+02 +0.000000E+00 +0.000000E+00 -0.153157E-02 -0.923657E-05 +0.000000E+00 +0.675145E-03 +0.000000E+00 +0.000000E+00
 +0.148320E+01 -0.104690E+03 -0.159276E+03 -0.790713E+02 -0.786546E+02 +0.176750E+02 +0.000000E+00 +0.000000E+00 -0.153180E-02 -0.791815E-05 +0.000000E+00 +0.671648E-03 +0.000000E+00 +0.000000E+00
 +0.148320E+01 -0.104700E+03 -0.159233E+03 -0.789465E+02 -0.785991E+02 +0.175829E+02 +0.000000E+00 +0.000000E+00 -0.153204E-02 -0.659974E-05 +0.000000E+00 +0.668152E-03 +0.000000E+00 +0.000000E+00
 +0.148320E+01 -0.104710E+03 -0.159190E+03 -0.788217E+02 -0.785437E+02 +0.174909E+02 +0.000000E+00 +0.000000E+00 -0.153227E-02 -0.528132E-05 +0.000000E+00 +0.664655E-03 +0.000000E+00 +0.000000E+00
 +0.148320E+01 -0.104720E+03 -0.159146E+03 -0.786968E+02 -0.784882E+02 +0.173989E+02 +0.000000E+00 +0.000000E+00 -0.153250E-02 -0.396290E-05 +0.000000E+00 +0.661158E-03 +0.000000E+00 +0.000000E+00
 +0.148320E+01 -0.104730E+03 -0.159103E+03 -0.785720E+02 -0.784328E+02 +0.173069E+02 +0.000000E+00 +0.000000E+00 -0.153274E-02 -0.264448E-05 +0.000000E+00 +0.657662E-03 +0.000000E+00 +0.000000E+00
 +0.148320E+01 -0.104740E+03 -0.159060E+03 -0.784472E+02 -0.783774E+02 +0.172149E+02 +0.000000E+00 +0.000000E+00 -0.153297E-02 -0.132607E-05 +0.000000E+00 +0.654165E-03 +0.000000E+00 +0.000000E+00
 +0.148320E+01 -0.104750E+03 -0.159030E+03 -0.783734E+02 -0.783432E+02 +0.171372E+02 +0.000000E+00 +0.000000E+00 -0.153305E-02 -0.573243E-06 +0.000000E+00 +0.651215E-03 +0.000000E+00 +0.000000E+00
 +0.148320E+01 -0.104760E+03 -0.159006E+03 -0.783203E+02 -0.783177E+02 +0.170654E+02 +0.000000E+00 +0.000000E+00 -0.153308E-02 -0.495353E-07 +0.000000E+00 +0.648486E-03 +0.000000E+00 +0.000000E+00
 +0.148320E+01 -0.104770E+03 -0.158982E+03 -0.782672E+02 -0.782921E+02 +0.169936E+02 +0.000000E+00 +0.000000E+00 -0.153310E-02 +0.474173E-06 +0.000000E+00 +0.645758E-03 +0.000000E+00 +0.000000E+00
 +0.148320E+01 -0.104780E+03 -0.158957E+03 -0.782141E+02 -0.782666E+02 +0.169218E+02 +0.000000E+00 +0.000000E+00 -0.153313E-02 +0.997881E-06 +0.000000E+00 +0.643029E-03 +0.000000E+00 +0.000000E+00
 +0.148320E+01 -0.104790E+03 -0.158933E+03 -0.781610E+02 -0.782410E+02 +0.168500E+02 +0.000000E+00 +0.000000E+00 -0.153315E-02 +0.152159E-05 +0.000000E+00 +0.640300E-03 +0.000000E+00 +0.000000E+00
 +0.148320E+01 -0.104800E+03 -0.158909E+03 -0.781079E+02 -0.782155E+02 +0.167782E+02 +0.000000E+00 +0.000000E+00 -0.153317E-02 +0.204530E-05 +0.000000E+00 +0.637571E-03 +0.000000E+00 +0.000000E+00
 +0.148320E+01 -0.104810E+03 -0.158885E+03 -0.780548E+02 -0.781900E+02 +0.167064E+02 +0.000000E+00 +0.000000E+00 -0.153320E-02 +0.256901E-05 +0.000000E+00 +0.634843E-03 +0.000000E+00 +0.000000E+00
 +0.148320E+01 -0.104820E+03 -0.158860E+03 -0.780017E+02 -0.781644E+02 +0.166346E+02 +0.000000E+00 +0.000000E+00 -0.153322E-02 +0.309271E-05 +0.000000E+00 +0.632114E-03 +0.000000E+00 +0.000000E+00
 +0.148320E+01 -0.104830E+03 -0.158836E+03 -0.779486E+02 -0.781389E+02 +0.165628E+02 +0.000000E+00 +0.000000E+00 -0.153324E-02 +0.361642E-05 +0.000000E+00 +0.629385E-03 +0.000000E+00 +0.000000E+00
 +0.148320E+01 -0.104840E+03 -0.158812E+03 -0.778954E+02 -0.781134E+02 +0.164910E+02 +0.000000E+00 +0.000000E+00 -0.153327E-02 +0.414013E-05 +0.000000E+00 +0.626656E-03 +0.000000E+00 +0.000000E+00
 +0.148320E+01 -0.104850E+03 -0.158787E+03 -0.778423E+02 -0.780878E+02 +0.164191E+02 +0.000000E+00 +0.000000E+00 -0.153329E-02 +0.466384E-05 +0.000000E+00 +0.623927E-03 +0.000000E+00 +0.000000E+00
 +0.148320E+01 -0.104860E+03 -0.158763E+03 -0.777892E+02 -0.780623E+02 +0.163473E+02 +0.000000E+00 +0.000000E+00 -0.153332E-02 +0.518755E-05 +0.000000E+00 +0.621199E-03 +0.000000E+00 +0.000000E+00
 +0.148320E+01 -0.104870E+03 -0.158739E+03 -0.777361E+02 -0.780367E+02 +0.162755E+02 +0.000000E+00 +0.000000E+00 -0.153334E-02 +0.571125E-05 +0.000000E+00 +0.618470E-03 +0.000000E+00 +0.000000E+00
 +0.148320E+01 -0.104880E+03 -0.158715E+03 -0.776830E+02 -0.780112E+02 +0.162037E+02 +0.000000E+00 +0.000000E+00 -0.153336E-02 +0.623496E-05 +0.000000E+00 +0.615741E-03 +0.000000E+00 +0.000000E+00
 +0.148320E+01 -0.104890E+03 -0.158690E+03 -0.776299E+02 -0.779857E+02 +0.161319E+02 +0.000000E+00 +0.000000E+00 -0.153339E-02 +0.675867E-05 +0.000000E+00 +0.613012E-03 +0.000000E+00 +0.000000E+00
 +0.148320E+01 -0.104900E+03 -0.158666E+03 -0.775768E+02 -0.779601E+02 +0.160601E+02 +0.000000E+00 +0.000000E+00 -0.153341E-02 +0.728238E-05 +0.000000E+00 +0.610284E-03 +0.000000E+00 +0.000000E+00
 +0.148320E+01 -0.104910E+03 -0.158642E+03 -0.775237E+02 -0.779346E+02 +0.159883E+02 +0.000000E+00 +0.000000E+00 -0.153343E-02 +0.780609E-05 +0.000000E+00 +0.607555E-03 +0.000000E+00 +0.000000E+00
 +0.148320E+01 -0.104920E+03 -0.158617E+03 -0.774706E+02 -0.779090E+02 +0.159165E+02 +0.000000E+00 +0.000000E+00 -0.153346E-02 +0.832979E-05 +0.000000E+00 +0.604826E-03 +0.000000E+00 +0.000000E+00
 +0.148320E+01 -0.104930E+03 -0.158593E+03 -0.774175E+02 -0.778835E+02 +0.158447E+02 +0.000000E+00 +0.000000E+00 -0.153348E-02 +0.885350E-05 +0.000000E+00 +0.602097E-03 +0.000000E+00 +0.000000E+00
 +0.148320E+01 -0.104940E+03 -0.158569E+03 -0.773644E+02 -0.778580E+02 +0.157729E+02 +0.000000E+00 +0.000000E+00 -0.153351E-02 +0.937721E-05 +0.000000E+00 +0.599369E-03 +0.000000E+00 +0.000000E+00
 +0.148320E+01 -0.104950E+03 -0.158544E+03 -0.773113E+02 -0.778324E+02 +0.157011E+02 +0.000000E+00 +0.000000E+00 -0.153353E-02 +0.990092E-05 +0.000000E+00 +0.596640E-03 +0.000000E+00 +0.000000E+00
 +0.148320E+01 -0.104960E+03 -0.158520E+03 -0.772582E+02 -0.778069E+02 +0.156292E+02 +0.000000E+00 +0.000000E+00 -0.153355E-02 +0.104246E-04 +0.000000E+00 +0.593911E-03 +0.000000E+00 +0.000000E+00
 +0.148320E+01 -0.104970E+03 -0.158496E+03 -0.772051E+02 -0.777813E+02 +0.155574E+02 +0.000000E+00 +0.000000E+00 -0.153358E-02 +0.109483E-04 +0.000000E+00 +0.591182E-03 +0.000000E+00 +0.000000E+00
 +0.148320E+01 -0.104980E+03 -0.158472E+03 -0.771520E+02 -0.777558E+02 +0.154856E+02 +0.000000E+00 +0.000000E+00 -0.153360E-02 +0.114720E-04 +0.000000E+00 +0.588454E-03 +0.000000E+00 +0.000000E+00
 +0.148320E+01 -0.104990E+03 -0.158462E+03 -0.770766E+02 -0.777278E+02 +0.154195E+02 +0.000000E+00 +0.000000E+00 -0.153395E-02 +0.123719E-04 +0.000000E+00 +0.585943E-03 +0.000000E+00 +0.000000E+00
