%X Y s_xx s_yy s_zz s_xy s_xz s_yz e_xx e_yy e_zz e_xy e_xz e_yz
 +0.110366E+01 -0.100000E+03 +0.379175E+03 -0.847676E+01 +0.122331E+03 -0.534427E+01 +0.000000E+00 +0.000000E+00 +0.488005E-02 -0.248534E-02 +0.000000E+00 -0.203082E-03 +0.000000E+00 +0.000000E+00
 +0.110366E+01 -0.100010E+03 +0.364345E+03 -0.333431E+01 +0.119133E+03 -0.882330E+01 +0.000000E+00 +0.000000E+00 +0.465901E-02 -0.232689E-02 +0.000000E+00 -0.335286E-03 +0.000000E+00 +0.000000E+00
 +0.110366E+01 -0.100020E+03 +0.349507E+03 +0.177688E+01 +0.115924E+03 -0.122952E+02 +0.000000E+00 +0.000000E+00 +0.443809E-02 -0.216879E-02 +0.000000E+00 -0.467217E-03 +0.000000E+00 +0.000000E+00
 +0.110366E+01 -0.100030E+03 +0.333484E+03 +0.117239E+01 +0.110437E+03 -0.144598E+02 +0.000000E+00 +0.000000E+00 +0.423790E-02 -0.207602E-02 +0.000000E+00 -0.549471E-03 +0.000000E+00 +0.000000E+00
 +0.110366E+01 -0.100040E+03 +0.317506E+03 +0.567283E+00 +0.104964E+03 -0.166042E+02 +0.000000E+00 +0.000000E+00 +0.403830E-02 -0.198354E-02 +0.000000E+00 -0.630961E-03 +0.000000E+00 +0.000000E+00
 +0.110366E+01 -0.100050E+03 +0.305702E+03 -0.942840E-01 +0.100851E+03 -0.169222E+02 +0.000000E+00 +0.000000E+00 +0.389218E-02 -0.191795E-02 +0.000000E+00 -0.643043E-03 +0.000000E+00 +0.000000E+00
 +0.110366E+01 -0.100060E+03 +0.293936E+03 -0.756142E+00 +0.967494E+02 -0.172325E+02 +0.000000E+00 +0.000000E+00 +0.374655E-02 -0.185261E-02 +0.000000E+00 -0.654834E-03 +0.000000E+00 +0.000000E+00
 +0.110366E+01 -0.100070E+03 +0.284486E+03 -0.143552E+01 +0.934066E+02 -0.170800E+02 +0.000000E+00 +0.000000E+00 +0.363051E-02 -0.180200E-02 +0.000000E+00 -0.649041E-03 +0.000000E+00 +0.000000E+00
 +0.110366E+01 -0.100080E+03 +0.275070E+03 -0.211475E+01 +0.900752E+02 -0.169215E+02 +0.000000E+00 +0.000000E+00 +0.351490E-02 -0.175161E-02 +0.000000E+00 -0.643018E-03 +0.000000E+00 +0.000000E+00
 +0.110366E+01 -0.100090E+03 +0.267191E+03 -0.278705E+01 +0.872535E+02 -0.164906E+02 +0.000000E+00 +0.000000E+00 +0.341882E-02 -0.171077E-02 +0.000000E+00 -0.626644E-03 +0.000000E+00 +0.000000E+00
 +0.110366E+01 -0.100100E+03 +0.259344E+03 -0.345909E+01 +0.844421E+02 -0.160556E+02 +0.000000E+00 +0.000000E+00 +0.332314E-02 -0.167012E-02 +0.000000E+00 -0.610114E-03 +0.000000E+00 +0.000000E+00
 +0.110366E+01 -0.100110E+03 +0.252610E+03 -0.412178E+01 +0.820010E+02 -0.154729E+02 +0.000000E+00 +0.000000E+00 +0.324156E-02 -0.163633E-02 +0.000000E+00 -0.587971E-03 +0.000000E+00 +0.000000E+00
 +0.110366E+01 -0.100120E+03 +0.245904E+03 -0.478419E+01 +0.795694E+02 -0.148870E+02 +0.000000E+00 +0.000000E+00 +0.316035E-02 -0.160272E-02 +0.000000E+00 -0.565706E-03 +0.000000E+00 +0.000000E+00
 +0.110366E+01 -0.100130E+03 +0.240050E+03 -0.543871E+01 +0.774218E+02 -0.142066E+02 +0.000000E+00 +0.000000E+00 +0.308994E-02 -0.157435E-02 +0.000000E+00 -0.539851E-03 +0.000000E+00 +0.000000E+00
 +0.110366E+01 -0.100140E+03 +0.234224E+03 -0.609299E+01 +0.752832E+02 -0.135239E+02 +0.000000E+00 +0.000000E+00 +0.301987E-02 -0.154615E-02 +0.000000E+00 -0.513908E-03 +0.000000E+00 +0.000000E+00
 +0.110366E+01 -0.100150E+03 +0.229077E+03 -0.674140E+01 +0.733707E+02 -0.127831E+02 +0.000000E+00 +0.000000E+00 +0.295842E-02 -0.152213E-02 +0.000000E+00 -0.485758E-03 +0.000000E+00 +0.000000E+00
 +0.110366E+01 -0.100160E+03 +0.223955E+03 -0.738962E+01 +0.714665E+02 -0.120407E+02 +0.000000E+00 +0.000000E+00 +0.289728E-02 -0.149827E-02 +0.000000E+00 -0.457545E-03 +0.000000E+00 +0.000000E+00
 +0.110366E+01 -0.100170E+03 +0.219390E+03 -0.803360E+01 +0.697475E+02 -0.112625E+02 +0.000000E+00 +0.000000E+00 +0.284320E-02 -0.147784E-02 +0.000000E+00 -0.427975E-03 +0.000000E+00 +0.000000E+00
 +0.110366E+01 -0.100180E+03 +0.214849E+03 -0.867742E+01 +0.680365E+02 -0.104833E+02 +0.000000E+00 +0.000000E+00 +0.278943E-02 -0.145756E-02 +0.000000E+00 -0.398367E-03 +0.000000E+00 +0.000000E+00
 +0.110366E+01 -0.100190E+03 +0.210773E+03 -0.931809E+01 +0.664803E+02 -0.968456E+01 +0.000000E+00 +0.000000E+00 +0.274157E-02 -0.144017E-02 +0.000000E+00 -0.368013E-03 +0.000000E+00 +0.000000E+00
 +0.110366E+01 -0.100200E+03 +0.206721E+03 -0.995862E+01 +0.649316E+02 -0.888531E+01 +0.000000E+00 +0.000000E+00 +0.269400E-02 -0.142291E-02 +0.000000E+00 -0.337642E-03 +0.000000E+00 +0.000000E+00
 +0.110366E+01 -0.100210E+03 +0.203065E+03 -0.105966E+02 +0.635147E+02 -0.807785E+01 +0.000000E+00 +0.000000E+00 +0.265146E-02 -0.140811E-02 +0.000000E+00 -0.306958E-03 +0.000000E+00 +0.000000E+00
 +0.110366E+01 -0.100220E+03 +0.199431E+03 -0.112344E+02 +0.621049E+02 -0.727041E+01 +0.000000E+00 +0.000000E+00 +0.260920E-02 -0.139345E-02 +0.000000E+00 -0.276275E-03 +0.000000E+00 +0.000000E+00
 +0.110366E+01 -0.100230E+03 +0.196139E+03 -0.118699E+02 +0.608088E+02 -0.646329E+01 +0.000000E+00 +0.000000E+00 +0.257127E-02 -0.138089E-02 +0.000000E+00 -0.245605E-03 +0.000000E+00 +0.000000E+00
 +0.110366E+01 -0.100240E+03 +0.192867E+03 -0.125052E+02 +0.595195E+02 -0.565664E+01 +0.000000E+00 +0.000000E+00 +0.253361E-02 -0.136847E-02 +0.000000E+00 -0.214952E-03 +0.000000E+00 +0.000000E+00
 +0.110366E+01 -0.100250E+03 +0.189893E+03 -0.131380E+02 +0.583293E+02 -0.485669E+01 +0.000000E+00 +0.000000E+00 +0.249972E-02 -0.135788E-02 +0.000000E+00 -0.184554E-03 +0.000000E+00 +0.000000E+00
 +0.110366E+01 -0.100260E+03 +0.186939E+03 -0.137705E+02 +0.571457E+02 -0.405763E+01 +0.000000E+00 +0.000000E+00 +0.246608E-02 -0.134741E-02 +0.000000E+00 -0.154190E-03 +0.000000E+00 +0.000000E+00
 +0.110366E+01 -0.100270E+03 +0.184246E+03 -0.144003E+02 +0.560492E+02 -0.327012E+01 +0.000000E+00 +0.000000E+00 +0.243575E-02 -0.133854E-02 +0.000000E+00 -0.124265E-03 +0.000000E+00 +0.000000E+00
 +0.110366E+01 -0.100280E+03 +0.181573E+03 -0.150298E+02 +0.549592E+02 -0.248386E+01 +0.000000E+00 +0.000000E+00 +0.240566E-02 -0.132979E-02 +0.000000E+00 -0.943869E-04 +0.000000E+00 +0.000000E+00
 +0.110366E+01 -0.100290E+03 +0.179130E+03 -0.156560E+02 +0.539464E+02 -0.171284E+01 +0.000000E+00 +0.000000E+00 +0.237849E-02 -0.132244E-02 +0.000000E+00 -0.650880E-04 +0.000000E+00 +0.000000E+00
 +0.110366E+01 -0.100300E+03 +0.176705E+03 -0.162818E+02 +0.529397E+02 -0.943419E+00 +0.000000E+00 +0.000000E+00 +0.235155E-02 -0.131521E-02 +0.000000E+00 -0.358499E-04 +0.000000E+00 +0.000000E+00
 +0.110366E+01 -0.100310E+03 +0.174486E+03 -0.169038E+02 +0.520021E+02 -0.192000E+00 +0.000000E+00 +0.000000E+00 +0.232719E-02 -0.130921E-02 +0.000000E+00 -0.729601E-05 +0.000000E+00 +0.000000E+00
 +0.110366E+01 -0.100320E+03 +0.172284E+03 -0.175253E+02 +0.510704E+02 +0.557506E+00 +0.000000E+00 +0.000000E+00 +0.230306E-02 -0.130332E-02 +0.000000E+00 +0.211852E-04 +0.000000E+00 +0.000000E+00
 +0.110366E+01 -0.100330E+03 +0.170266E+03 -0.181423E+02 +0.502007E+02 +0.128695E+01 +0.000000E+00 +0.000000E+00 +0.228123E-02 -0.129852E-02 +0.000000E+00 +0.489041E-04 +0.000000E+00 +0.000000E+00
 +0.110366E+01 -0.100340E+03 +0.168264E+03 -0.187587E+02 +0.493366E+02 +0.201420E+01 +0.000000E+00 +0.000000E+00 +0.225961E-02 -0.129381E-02 +0.000000E+00 +0.765396E-04 +0.000000E+00 +0.000000E+00
 +0.110366E+01 -0.100350E+03 +0.166426E+03 -0.193700E+02 +0.485285E+02 +0.271990E+01 +0.000000E+00 +0.000000E+00 +0.224006E-02 -0.129007E-02 +0.000000E+00 +0.103356E-03 +0.000000E+00 +0.000000E+00
 +0.110366E+01 -0.100360E+03 +0.164605E+03 -0.199807E+02 +0.477259E+02 +0.342314E+01 +0.000000E+00 +0.000000E+00 +0.222070E-02 -0.128643E-02 +0.000000E+00 +0.130079E-03 +0.000000E+00 +0.000000E+00
 +0.110366E+01 -0.100370E+03 +0.162931E+03 -0.205855E+02 +0.469740E+02 +0.410381E+01 +0.000000E+00 +0.000000E+00 +0.220318E-02 -0.128363E-02 +0.000000E+00 +0.155945E-03 +0.000000E+00 +0.000000E+00
 +0.110366E+01 -0.100380E+03 +0.161272E+03 -0.211896E+02 +0.462274E+02 +0.478180E+01 +0.000000E+00 +0.000000E+00 +0.218586E-02 -0.128092E-02 +0.000000E+00 +0.181708E-03 +0.000000E+00 +0.000000E+00
 +0.110366E+01 -0.100390E+03 +0.159747E+03 -0.217872E+02 +0.455268E+02 +0.543655E+01 +0.000000E+00 +0.000000E+00 +0.217019E-02 -0.127897E-02 +0.000000E+00 +0.206589E-03 +0.000000E+00 +0.000000E+00
 +0.110366E+01 -0.100400E+03 +0.158237E+03 -0.223840E+02 +0.448314E+02 +0.608843E+01 +0.000000E+00 +0.000000E+00 +0.215470E-02 -0.127709E-02 +0.000000E+00 +0.231360E-03 +0.000000E+00 +0.000000E+00
 +0.110366E+01 -0.100410E+03 +0.156847E+03 -0.229737E+02 +0.441780E+02 +0.671671E+01 +0.000000E+00 +0.000000E+00 +0.214070E-02 -0.127588E-02 +0.000000E+00 +0.255235E-03 +0.000000E+00 +0.000000E+00
 +0.110366E+01 -0.100420E+03 +0.155470E+03 -0.235625E+02 +0.435296E+02 +0.734193E+01 +0.000000E+00 +0.000000E+00 +0.212687E-02 -0.127475E-02 +0.000000E+00 +0.278994E-03 +0.000000E+00 +0.000000E+00
 +0.110366E+01 -0.100430E+03 +0.154203E+03 -0.241436E+02 +0.429197E+02 +0.794346E+01 +0.000000E+00 +0.000000E+00 +0.211439E-02 -0.127420E-02 +0.000000E+00 +0.301852E-03 +0.000000E+00 +0.000000E+00
 +0.110366E+01 -0.100440E+03 +0.152950E+03 -0.247237E+02 +0.423146E+02 +0.854178E+01 +0.000000E+00 +0.000000E+00 +0.210207E-02 -0.127373E-02 +0.000000E+00 +0.324588E-03 +0.000000E+00 +0.000000E+00
 +0.110366E+01 -0.100450E+03 +0.151795E+03 -0.252956E+02 +0.417447E+02 +0.911650E+01 +0.000000E+00 +0.000000E+00 +0.209095E-02 -0.127377E-02 +0.000000E+00 +0.346427E-03 +0.000000E+00 +0.000000E+00
 +0.110366E+01 -0.100460E+03 +0.150653E+03 -0.258664E+02 +0.411795E+02 +0.968788E+01 +0.000000E+00 +0.000000E+00 +0.207999E-02 -0.127387E-02 +0.000000E+00 +0.368139E-03 +0.000000E+00 +0.000000E+00
 +0.110366E+01 -0.100470E+03 +0.149601E+03 -0.264286E+02 +0.406468E+02 +0.102359E+02 +0.000000E+00 +0.000000E+00 +0.207012E-02 -0.127443E-02 +0.000000E+00 +0.388964E-03 +0.000000E+00 +0.000000E+00
 +0.110366E+01 -0.100480E+03 +0.148561E+03 -0.269895E+02 +0.401185E+02 +0.107805E+02 +0.000000E+00 +0.000000E+00 +0.206040E-02 -0.127505E-02 +0.000000E+00 +0.409658E-03 +0.000000E+00 +0.000000E+00
 +0.110366E+01 -0.100490E+03 +0.147602E+03 -0.275415E+02 +0.396201E+02 +0.113021E+02 +0.000000E+00 +0.000000E+00 +0.205166E-02 -0.127607E-02 +0.000000E+00 +0.429479E-03 +0.000000E+00 +0.000000E+00
 +0.110366E+01 -0.100500E+03 +0.146656E+03 -0.280920E+02 +0.391261E+02 +0.118202E+02 +0.000000E+00 +0.000000E+00 +0.204307E-02 -0.127714E-02 +0.000000E+00 +0.449166E-03 +0.000000E+00 +0.000000E+00
 +0.110366E+01 -0.100510E+03 +0.145784E+03 -0.286334E+02 +0.386596E+02 +0.123158E+02 +0.000000E+00 +0.000000E+00 +0.203536E-02 -0.127857E-02 +0.000000E+00 +0.467999E-03 +0.000000E+00 +0.000000E+00
 +0.110366E+01 -0.100520E+03 +0.144923E+03 -0.291731E+02 +0.381974E+02 +0.128077E+02 +0.000000E+00 +0.000000E+00 +0.202778E-02 -0.128004E-02 +0.000000E+00 +0.486694E-03 +0.000000E+00 +0.000000E+00
 +0.110366E+01 -0.100530E+03 +0.144130E+03 -0.297034E+02 +0.377606E+02 +0.132778E+02 +0.000000E+00 +0.000000E+00 +0.202101E-02 -0.128182E-02 +0.000000E+00 +0.504556E-03 +0.000000E+00 +0.000000E+00
 +0.110366E+01 -0.100540E+03 +0.143347E+03 -0.302320E+02 +0.373279E+02 +0.137442E+02 +0.000000E+00 +0.000000E+00 +0.201436E-02 -0.128364E-02 +0.000000E+00 +0.522280E-03 +0.000000E+00 +0.000000E+00
 +0.110366E+01 -0.100550E+03 +0.142626E+03 -0.307509E+02 +0.369189E+02 +0.141893E+02 +0.000000E+00 +0.000000E+00 +0.200844E-02 -0.128573E-02 +0.000000E+00 +0.539194E-03 +0.000000E+00 +0.000000E+00
 +0.110366E+01 -0.100560E+03 +0.141916E+03 -0.312680E+02 +0.365137E+02 +0.146307E+02 +0.000000E+00 +0.000000E+00 +0.200264E-02 -0.128785E-02 +0.000000E+00 +0.555968E-03 +0.000000E+00 +0.000000E+00
 +0.110366E+01 -0.100570E+03 +0.141261E+03 -0.317753E+02 +0.361305E+02 +0.150515E+02 +0.000000E+00 +0.000000E+00 +0.199749E-02 -0.129021E-02 +0.000000E+00 +0.571958E-03 +0.000000E+00 +0.000000E+00
 +0.110366E+01 -0.100580E+03 +0.140617E+03 -0.322806E+02 +0.357510E+02 +0.154686E+02 +0.000000E+00 +0.000000E+00 +0.199245E-02 -0.129260E-02 +0.000000E+00 +0.587806E-03 +0.000000E+00 +0.000000E+00
 +0.110366E+01 -0.100590E+03 +0.140024E+03 -0.327760E+02 +0.353919E+02 +0.158657E+02 +0.000000E+00 +0.000000E+00 +0.198801E-02 -0.129519E-02 +0.000000E+00 +0.602898E-03 +0.000000E+00 +0.000000E+00
 +0.110366E+01 -0.100600E+03 +0.139440E+03 -0.332695E+02 +0.350364E+02 +0.162592E+02 +0.000000E+00 +0.000000E+00 +0.198368E-02 -0.129781E-02 +0.000000E+00 +0.617848E-03 +0.000000E+00 +0.000000E+00
 +0.110366E+01 -0.100610E+03 +0.138904E+03 -0.337528E+02 +0.346998E+02 +0.166334E+02 +0.000000E+00 +0.000000E+00 +0.197987E-02 -0.130060E-02 +0.000000E+00 +0.632069E-03 +0.000000E+00 +0.000000E+00
 +0.110366E+01 -0.100620E+03 +0.138376E+03 -0.342341E+02 +0.343668E+02 +0.170039E+02 +0.000000E+00 +0.000000E+00 +0.197617E-02 -0.130342E-02 +0.000000E+00 +0.646147E-03 +0.000000E+00 +0.000000E+00
 +0.110366E+01 -0.100630E+03 +0.137891E+03 -0.347054E+02 +0.340513E+02 +0.173559E+02 +0.000000E+00 +0.000000E+00 +0.197296E-02 -0.130638E-02 +0.000000E+00 +0.659524E-03 +0.000000E+00 +0.000000E+00
 +0.110366E+01 -0.100640E+03 +0.137415E+03 -0.351744E+02 +0.337393E+02 +0.177042E+02 +0.000000E+00 +0.000000E+00 +0.196983E-02 -0.130936E-02 +0.000000E+00 +0.672760E-03 +0.000000E+00 +0.000000E+00
 +0.110366E+01 -0.100650E+03 +0.136978E+03 -0.356334E+02 +0.334436E+02 +0.180348E+02 +0.000000E+00 +0.000000E+00 +0.196715E-02 -0.131246E-02 +0.000000E+00 +0.685322E-03 +0.000000E+00 +0.000000E+00
 +0.110366E+01 -0.100660E+03 +0.136549E+03 -0.360902E+02 +0.331513E+02 +0.183617E+02 +0.000000E+00 +0.000000E+00 +0.196455E-02 -0.131559E-02 +0.000000E+00 +0.697744E-03 +0.000000E+00 +0.000000E+00
 +0.110366E+01 -0.100670E+03 +0.136156E+03 -0.365369E+02 +0.328742E+02 +0.186716E+02 +0.000000E+00 +0.000000E+00 +0.196235E-02 -0.131881E-02 +0.000000E+00 +0.709520E-03 +0.000000E+00 +0.000000E+00
 +0.110366E+01 -0.100680E+03 +0.135770E+03 -0.369814E+02 +0.326003E+02 +0.189778E+02 +0.000000E+00 +0.000000E+00 +0.196023E-02 -0.132205E-02 +0.000000E+00 +0.721157E-03 +0.000000E+00 +0.000000E+00
 +0.110366E+01 -0.100690E+03 +0.135418E+03 -0.374158E+02 +0.323406E+02 +0.192678E+02 +0.000000E+00 +0.000000E+00 +0.195846E-02 -0.132537E-02 +0.000000E+00 +0.732176E-03 +0.000000E+00 +0.000000E+00
 +0.110366E+01 -0.100700E+03 +0.135072E+03 -0.378479E+02 +0.320841E+02 +0.195541E+02 +0.000000E+00 +0.000000E+00 +0.195678E-02 -0.132871E-02 +0.000000E+00 +0.743057E-03 +0.000000E+00 +0.000000E+00
 +0.110366E+01 -0.100710E+03 +0.134757E+03 -0.382701E+02 +0.318408E+02 +0.198250E+02 +0.000000E+00 +0.000000E+00 +0.195541E-02 -0.133211E-02 +0.000000E+00 +0.753348E-03 +0.000000E+00 +0.000000E+00
 +0.110366E+01 -0.100720E+03 +0.134449E+03 -0.386899E+02 +0.316005E+02 +0.200922E+02 +0.000000E+00 +0.000000E+00 +0.195412E-02 -0.133552E-02 +0.000000E+00 +0.763502E-03 +0.000000E+00 +0.000000E+00
 +0.110366E+01 -0.100730E+03 +0.134168E+03 -0.390999E+02 +0.313726E+02 +0.203446E+02 +0.000000E+00 +0.000000E+00 +0.195312E-02 -0.133898E-02 +0.000000E+00 +0.773093E-03 +0.000000E+00 +0.000000E+00
 +0.110366E+01 -0.100740E+03 +0.133894E+03 -0.395074E+02 +0.311476E+02 +0.205934E+02 +0.000000E+00 +0.000000E+00 +0.195218E-02 -0.134245E-02 +0.000000E+00 +0.782549E-03 +0.000000E+00 +0.000000E+00
 +0.110366E+01 -0.100750E+03 +0.133645E+03 -0.399053E+02 +0.309342E+02 +0.208281E+02 +0.000000E+00 +0.000000E+00 +0.195151E-02 -0.134595E-02 +0.000000E+00 +0.791468E-03 +0.000000E+00 +0.000000E+00
 +0.110366E+01 -0.100760E+03 +0.133403E+03 -0.403006E+02 +0.307237E+02 +0.210593E+02 +0.000000E+00 +0.000000E+00 +0.195090E-02 -0.134946E-02 +0.000000E+00 +0.800254E-03 +0.000000E+00 +0.000000E+00
 +0.110366E+01 -0.100770E+03 +0.133183E+03 -0.406865E+02 +0.305239E+02 +0.212771E+02 +0.000000E+00 +0.000000E+00 +0.195053E-02 -0.135300E-02 +0.000000E+00 +0.808529E-03 +0.000000E+00 +0.000000E+00
 +0.110366E+01 -0.100780E+03 +0.132969E+03 -0.410698E+02 +0.303269E+02 +0.214914E+02 +0.000000E+00 +0.000000E+00 +0.195021E-02 -0.135654E-02 +0.000000E+00 +0.816672E-03 +0.000000E+00 +0.000000E+00
 +0.110366E+01 -0.100790E+03 +0.132777E+03 -0.414437E+02 +0.301400E+02 +0.216929E+02 +0.000000E+00 +0.000000E+00 +0.195010E-02 -0.136009E-02 +0.000000E+00 +0.824329E-03 +0.000000E+00 +0.000000E+00
 +0.110366E+01 -0.100800E+03 +0.132590E+03 -0.418151E+02 +0.299558E+02 +0.218910E+02 +0.000000E+00 +0.000000E+00 +0.195005E-02 -0.136365E-02 +0.000000E+00 +0.831858E-03 +0.000000E+00 +0.000000E+00
 +0.110366E+01 -0.100810E+03 +0.132423E+03 -0.421773E+02 +0.297810E+02 +0.220769E+02 +0.000000E+00 +0.000000E+00 +0.195019E-02 -0.136721E-02 +0.000000E+00 +0.838923E-03 +0.000000E+00 +0.000000E+00
 +0.110366E+01 -0.100820E+03 +0.132260E+03 -0.425369E+02 +0.296088E+02 +0.222595E+02 +0.000000E+00 +0.000000E+00 +0.195038E-02 -0.137077E-02 +0.000000E+00 +0.845862E-03 +0.000000E+00 +0.000000E+00
 +0.110366E+01 -0.100830E+03 +0.132116E+03 -0.428874E+02 +0.294455E+02 +0.224306E+02 +0.000000E+00 +0.000000E+00 +0.195074E-02 -0.137433E-02 +0.000000E+00 +0.852362E-03 +0.000000E+00 +0.000000E+00
 +0.110366E+01 -0.100840E+03 +0.131977E+03 -0.432354E+02 +0.292846E+02 +0.225984E+02 +0.000000E+00 +0.000000E+00 +0.195115E-02 -0.137788E-02 +0.000000E+00 +0.858738E-03 +0.000000E+00 +0.000000E+00
 +0.110366E+01 -0.100850E+03 +0.131854E+03 -0.435745E+02 +0.291321E+02 +0.227552E+02 +0.000000E+00 +0.000000E+00 +0.195171E-02 -0.138143E-02 +0.000000E+00 +0.864697E-03 +0.000000E+00 +0.000000E+00
 +0.110366E+01 -0.100860E+03 +0.131735E+03 -0.439110E+02 +0.289819E+02 +0.229088E+02 +0.000000E+00 +0.000000E+00 +0.195231E-02 -0.138497E-02 +0.000000E+00 +0.870534E-03 +0.000000E+00 +0.000000E+00
 +0.110366E+01 -0.100870E+03 +0.131632E+03 -0.442388E+02 +0.288396E+02 +0.230520E+02 +0.000000E+00 +0.000000E+00 +0.195305E-02 -0.138849E-02 +0.000000E+00 +0.875976E-03 +0.000000E+00 +0.000000E+00
 +0.110366E+01 -0.100880E+03 +0.131532E+03 -0.445640E+02 +0.286996E+02 +0.231921E+02 +0.000000E+00 +0.000000E+00 +0.195382E-02 -0.139201E-02 +0.000000E+00 +0.881299E-03 +0.000000E+00 +0.000000E+00
 +0.110366E+01 -0.100890E+03 +0.131447E+03 -0.448808E+02 +0.285668E+02 +0.233223E+02 +0.000000E+00 +0.000000E+00 +0.195472E-02 -0.139551E-02 +0.000000E+00 +0.886246E-03 +0.000000E+00 +0.000000E+00
 +0.110366E+01 -0.100900E+03 +0.131366E+03 -0.451949E+02 +0.284364E+02 +0.234494E+02 +0.000000E+00 +0.000000E+00 +0.195566E-02 -0.139899E-02 +0.000000E+00 +0.891078E-03 +0.000000E+00 +0.000000E+00
 +0.110366E+01 -0.100910E+03 +0.131297E+03 -0.455008E+02 +0.283127E+02 +0.235672E+02 +0.000000E+00 +0.000000E+00 +0.195670E-02 -0.140246E-02 +0.000000E+00 +0.895554E-03 +0.000000E+00 +0.000000E+00
 +0.110366E+01 -0.100920E+03 +0.131232E+03 -0.458040E+02 +0.281913E+02 +0.236820E+02 +0.000000E+00 +0.000000E+00 +0.195778E-02 -0.140591E-02 +0.000000E+00 +0.899917E-03 +0.000000E+00 +0.000000E+00
 +0.110366E+01 -0.100930E+03 +0.131179E+03 -0.460992E+02 +0.280763E+02 +0.237880E+02 +0.000000E+00 +0.000000E+00 +0.195895E-02 -0.140933E-02 +0.000000E+00 +0.903943E-03 +0.000000E+00 +0.000000E+00
 +0.110366E+01 -0.100940E+03 +0.131129E+03 -0.463918E+02 +0.279633E+02 +0.238910E+02 +0.000000E+00 +0.000000E+00 +0.196015E-02 -0.141275E-02 +0.000000E+00 +0.907860E-03 +0.000000E+00 +0.000000E+00
 +0.110366E+01 -0.100950E+03 +0.131090E+03 -0.466765E+02 +0.278564E+02 +0.239857E+02 +0.000000E+00 +0.000000E+00 +0.196144E-02 -0.141613E-02 +0.000000E+00 +0.911457E-03 +0.000000E+00 +0.000000E+00
 +0.110366E+01 -0.100960E+03 +0.131054E+03 -0.469585E+02 +0.277516E+02 +0.240776E+02 +0.000000E+00 +0.000000E+00 +0.196275E-02 -0.141949E-02 +0.000000E+00 +0.914947E-03 +0.000000E+00 +0.000000E+00
 +0.110366E+01 -0.100970E+03 +0.131028E+03 -0.472330E+02 +0.276524E+02 +0.241614E+02 +0.000000E+00 +0.000000E+00 +0.196414E-02 -0.142282E-02 +0.000000E+00 +0.918135E-03 +0.000000E+00 +0.000000E+00
 +0.110366E+01 -0.100980E+03 +0.131005E+03 -0.475048E+02 +0.275551E+02 +0.242426E+02 +0.000000E+00 +0.000000E+00 +0.196555E-02 -0.142614E-02 +0.000000E+00 +0.921219E-03 +0.000000E+00 +0.000000E+00
 +0.110366E+01 -0.100990E+03 +0.130991E+03 -0.477692E+02 +0.274632E+02 +0.243163E+02 +0.000000E+00 +0.000000E+00 +0.196703E-02 -0.142942E-02 +0.000000E+00 +0.924018E-03 +0.000000E+00 +0.000000E+00
 +0.110366E+01 -0.101000E+03 +0.130980E+03 -0.480309E+02 +0.273732E+02 +0.243872E+02 +0.000000E+00 +0.000000E+00 +0.196853E-02 -0.143268E-02 +0.000000E+00 +0.926715E-03 +0.000000E+00 +0.000000E+00
 +0.110366E+01 -0.101010E+03 +0.130977E+03 -0.482855E+02 +0.272882E+02 +0.244511E+02 +0.000000E+00 +0.000000E+00 +0.197009E-02 -0.143590E-02 +0.000000E+00 +0.929143E-03 +0.000000E+00 +0.000000E+00
 +0.110366E+01 -0.101020E+03 +0.130977E+03 -0.485374E+02 +0.272050E+02 +0.245124E+02 +0.000000E+00 +0.000000E+00 +0.197166E-02 -0.143911E-02 +0.000000E+00 +0.931472E-03 +0.000000E+00 +0.000000E+00
 +0.110366E+01 -0.101030E+03 +0.130984E+03 -0.487824E+02 +0.271265E+02 +0.245670E+02 +0.000000E+00 +0.000000E+00 +0.197329E-02 -0.144227E-02 +0.000000E+00 +0.933547E-03 +0.000000E+00 +0.000000E+00
 +0.110366E+01 -0.101040E+03 +0.130994E+03 -0.490247E+02 +0.270498E+02 +0.246191E+02 +0.000000E+00 +0.000000E+00 +0.197493E-02 -0.144541E-02 +0.000000E+00 +0.935526E-03 +0.000000E+00 +0.000000E+00
 +0.110366E+01 -0.101050E+03 +0.131010E+03 -0.492602E+02 +0.269775E+02 +0.246649E+02 +0.000000E+00 +0.000000E+00 +0.197662E-02 -0.144852E-02 +0.000000E+00 +0.937265E-03 +0.000000E+00 +0.000000E+00
 +0.110366E+01 -0.101060E+03 +0.131029E+03 -0.494931E+02 +0.269069E+02 +0.247082E+02 +0.000000E+00 +0.000000E+00 +0.197832E-02 -0.145160E-02 +0.000000E+00 +0.938911E-03 +0.000000E+00 +0.000000E+00
 +0.110366E+01 -0.101070E+03 +0.131054E+03 -0.497195E+02 +0.268404E+02 +0.247455E+02 +0.000000E+00 +0.000000E+00 +0.198006E-02 -0.145464E-02 +0.000000E+00 +0.940330E-03 +0.000000E+00 +0.000000E+00
 +0.110366E+01 -0.101080E+03 +0.131081E+03 -0.499432E+02 +0.267756E+02 +0.247805E+02 +0.000000E+00 +0.000000E+00 +0.198181E-02 -0.145766E-02 +0.000000E+00 +0.941659E-03 +0.000000E+00 +0.000000E+00
 +0.110366E+01 -0.101090E+03 +0.131114E+03 -0.501606E+02 +0.267147E+02 +0.248099E+02 +0.000000E+00 +0.000000E+00 +0.198359E-02 -0.146063E-02 +0.000000E+00 +0.942775E-03 +0.000000E+00 +0.000000E+00
 +0.110366E+01 -0.101100E+03 +0.131149E+03 -0.503754E+02 +0.266554E+02 +0.248369E+02 +0.000000E+00 +0.000000E+00 +0.198538E-02 -0.146359E-02 +0.000000E+00 +0.943803E-03 +0.000000E+00 +0.000000E+00
 +0.110366E+01 -0.101110E+03 +0.131189E+03 -0.505840E+02 +0.265998E+02 +0.248587E+02 +0.000000E+00 +0.000000E+00 +0.198720E-02 -0.146649E-02 +0.000000E+00 +0.944630E-03 +0.000000E+00 +0.000000E+00
 +0.110366E+01 -0.101120E+03 +0.131231E+03 -0.507901E+02 +0.265457E+02 +0.248782E+02 +0.000000E+00 +0.000000E+00 +0.198903E-02 -0.146938E-02 +0.000000E+00 +0.945373E-03 +0.000000E+00 +0.000000E+00
 +0.110366E+01 -0.101130E+03 +0.131278E+03 -0.509902E+02 +0.264950E+02 +0.248928E+02 +0.000000E+00 +0.000000E+00 +0.199088E-02 -0.147222E-02 +0.000000E+00 +0.945926E-03 +0.000000E+00 +0.000000E+00
 +0.110366E+01 -0.101140E+03 +0.131327E+03 -0.511878E+02 +0.264458E+02 +0.249052E+02 +0.000000E+00 +0.000000E+00 +0.199274E-02 -0.147504E-02 +0.000000E+00 +0.946397E-03 +0.000000E+00 +0.000000E+00
 +0.110366E+01 -0.101150E+03 +0.131379E+03 -0.513796E+02 +0.263999E+02 +0.249129E+02 +0.000000E+00 +0.000000E+00 +0.199461E-02 -0.147781E-02 +0.000000E+00 +0.946690E-03 +0.000000E+00 +0.000000E+00
 +0.110366E+01 -0.101160E+03 +0.131434E+03 -0.515688E+02 +0.263554E+02 +0.249185E+02 +0.000000E+00 +0.000000E+00 +0.199649E-02 -0.148056E-02 +0.000000E+00 +0.946904E-03 +0.000000E+00 +0.000000E+00
 +0.110366E+01 -0.101170E+03 +0.131492E+03 -0.517525E+02 +0.263140E+02 +0.249197E+02 +0.000000E+00 +0.000000E+00 +0.199838E-02 -0.148326E-02 +0.000000E+00 +0.946950E-03 +0.000000E+00 +0.000000E+00
 +0.110366E+01 -0.101180E+03 +0.131552E+03 -0.519336E+02 +0.262739E+02 +0.249190E+02 +0.000000E+00 +0.000000E+00 +0.200028E-02 -0.148594E-02 +0.000000E+00 +0.946920E-03 +0.000000E+00 +0.000000E+00
 +0.110366E+01 -0.101190E+03 +0.131615E+03 -0.521094E+02 +0.262368E+02 +0.249140E+02 +0.000000E+00 +0.000000E+00 +0.200218E-02 -0.148858E-02 +0.000000E+00 +0.946732E-03 +0.000000E+00 +0.000000E+00
 +0.110366E+01 -0.101200E+03 +0.131679E+03 -0.522827E+02 +0.262009E+02 +0.249071E+02 +0.000000E+00 +0.000000E+00 +0.200409E-02 -0.149119E-02 +0.000000E+00 +0.946471E-03 +0.000000E+00 +0.000000E+00
 +0.110366E+01 -0.101210E+03 +0.131747E+03 -0.524508E+02 +0.261678E+02 +0.248963E+02 +0.000000E+00 +0.000000E+00 +0.200601E-02 -0.149375E-02 +0.000000E+00 +0.946061E-03 +0.000000E+00 +0.000000E+00
 +0.110366E+01 -0.101220E+03 +0.131816E+03 -0.526164E+02 +0.261359E+02 +0.248837E+02 +0.000000E+00 +0.000000E+00 +0.200792E-02 -0.149629E-02 +0.000000E+00 +0.945581E-03 +0.000000E+00 +0.000000E+00
 +0.110366E+01 -0.101230E+03 +0.131888E+03 -0.527770E+02 +0.261066E+02 +0.248674E+02 +0.000000E+00 +0.000000E+00 +0.200984E-02 -0.149879E-02 +0.000000E+00 +0.944961E-03 +0.000000E+00 +0.000000E+00
 +0.110366E+01 -0.101240E+03 +0.131961E+03 -0.529351E+02 +0.260785E+02 +0.248493E+02 +0.000000E+00 +0.000000E+00 +0.201177E-02 -0.150126E-02 +0.000000E+00 +0.944273E-03 +0.000000E+00 +0.000000E+00
 +0.110366E+01 -0.101250E+03 +0.132036E+03 -0.530884E+02 +0.260528E+02 +0.248277E+02 +0.000000E+00 +0.000000E+00 +0.201369E-02 -0.150368E-02 +0.000000E+00 +0.943454E-03 +0.000000E+00 +0.000000E+00
 +0.110366E+01 -0.101260E+03 +0.132113E+03 -0.532393E+02 +0.260283E+02 +0.248045E+02 +0.000000E+00 +0.000000E+00 +0.201561E-02 -0.150608E-02 +0.000000E+00 +0.942570E-03 +0.000000E+00 +0.000000E+00
 +0.110366E+01 -0.101270E+03 +0.132192E+03 -0.533855E+02 +0.260061E+02 +0.247780E+02 +0.000000E+00 +0.000000E+00 +0.201753E-02 -0.150844E-02 +0.000000E+00 +0.941563E-03 +0.000000E+00 +0.000000E+00
 +0.110366E+01 -0.101280E+03 +0.132272E+03 -0.535293E+02 +0.259850E+02 +0.247498E+02 +0.000000E+00 +0.000000E+00 +0.201945E-02 -0.151077E-02 +0.000000E+00 +0.940494E-03 +0.000000E+00 +0.000000E+00
 +0.110366E+01 -0.101290E+03 +0.132354E+03 -0.536686E+02 +0.259660E+02 +0.247186E+02 +0.000000E+00 +0.000000E+00 +0.202136E-02 -0.151306E-02 +0.000000E+00 +0.939309E-03 +0.000000E+00 +0.000000E+00
 +0.110366E+01 -0.101300E+03 +0.132436E+03 -0.538056E+02 +0.259481E+02 +0.246859E+02 +0.000000E+00 +0.000000E+00 +0.202328E-02 -0.151532E-02 +0.000000E+00 +0.938064E-03 +0.000000E+00 +0.000000E+00
 +0.110366E+01 -0.101310E+03 +0.132521E+03 -0.539382E+02 +0.259323E+02 +0.246503E+02 +0.000000E+00 +0.000000E+00 +0.202518E-02 -0.151754E-02 +0.000000E+00 +0.936711E-03 +0.000000E+00 +0.000000E+00
 +0.110366E+01 -0.101320E+03 +0.132606E+03 -0.540684E+02 +0.259175E+02 +0.246132E+02 +0.000000E+00 +0.000000E+00 +0.202709E-02 -0.151973E-02 +0.000000E+00 +0.935301E-03 +0.000000E+00 +0.000000E+00
 +0.110366E+01 -0.101330E+03 +0.132693E+03 -0.541945E+02 +0.259045E+02 +0.245734E+02 +0.000000E+00 +0.000000E+00 +0.202898E-02 -0.152188E-02 +0.000000E+00 +0.933789E-03 +0.000000E+00 +0.000000E+00
 +0.110366E+01 -0.101340E+03 +0.132781E+03 -0.543183E+02 +0.258926E+02 +0.245322E+02 +0.000000E+00 +0.000000E+00 +0.203088E-02 -0.152401E-02 +0.000000E+00 +0.932222E-03 +0.000000E+00 +0.000000E+00
 +0.110366E+01 -0.101350E+03 +0.132870E+03 -0.544380E+02 +0.258825E+02 +0.244884E+02 +0.000000E+00 +0.000000E+00 +0.203276E-02 -0.152609E-02 +0.000000E+00 +0.930561E-03 +0.000000E+00 +0.000000E+00
 +0.110366E+01 -0.101360E+03 +0.132960E+03 -0.545555E+02 +0.258734E+02 +0.244433E+02 +0.000000E+00 +0.000000E+00 +0.203464E-02 -0.152815E-02 +0.000000E+00 +0.928847E-03 +0.000000E+00 +0.000000E+00
 +0.110366E+01 -0.101370E+03 +0.133051E+03 -0.546691E+02 +0.258659E+02 +0.243959E+02 +0.000000E+00 +0.000000E+00 +0.203651E-02 -0.153016E-02 +0.000000E+00 +0.927044E-03 +0.000000E+00 +0.000000E+00
 +0.110366E+01 -0.101380E+03 +0.133142E+03 -0.547804E+02 +0.258593E+02 +0.243472E+02 +0.000000E+00 +0.000000E+00 +0.203837E-02 -0.153215E-02 +0.000000E+00 +0.925192E-03 +0.000000E+00 +0.000000E+00
 +0.110366E+01 -0.101390E+03 +0.133235E+03 -0.548880E+02 +0.258544E+02 +0.242962E+02 +0.000000E+00 +0.000000E+00 +0.204022E-02 -0.153410E-02 +0.000000E+00 +0.923256E-03 +0.000000E+00 +0.000000E+00
 +0.110366E+01 -0.101400E+03 +0.133328E+03 -0.549934E+02 +0.258503E+02 +0.242440E+02 +0.000000E+00 +0.000000E+00 +0.204207E-02 -0.153603E-02 +0.000000E+00 +0.921273E-03 +0.000000E+00 +0.000000E+00
 +0.110366E+01 -0.101410E+03 +0.133422E+03 -0.550951E+02 +0.258477E+02 +0.241898E+02 +0.000000E+00 +0.000000E+00 +0.204390E-02 -0.153791E-02 +0.000000E+00 +0.919213E-03 +0.000000E+00 +0.000000E+00
 +0.110366E+01 -0.101420E+03 +0.133516E+03 -0.551947E+02 +0.258460E+02 +0.241344E+02 +0.000000E+00 +0.000000E+00 +0.204573E-02 -0.153977E-02 +0.000000E+00 +0.917107E-03 +0.000000E+00 +0.000000E+00
 +0.110366E+01 -0.101430E+03 +0.133611E+03 -0.552909E+02 +0.258457E+02 +0.240771E+02 +0.000000E+00 +0.000000E+00 +0.204754E-02 -0.154159E-02 +0.000000E+00 +0.914929E-03 +0.000000E+00 +0.000000E+00
 +0.110366E+01 -0.101440E+03 +0.133707E+03 -0.553848E+02 +0.258462E+02 +0.240186E+02 +0.000000E+00 +0.000000E+00 +0.204935E-02 -0.154339E-02 +0.000000E+00 +0.912708E-03 +0.000000E+00 +0.000000E+00
 +0.110366E+01 -0.101450E+03 +0.133803E+03 -0.554755E+02 +0.258481E+02 +0.239584E+02 +0.000000E+00 +0.000000E+00 +0.205114E-02 -0.154515E-02 +0.000000E+00 +0.910420E-03 +0.000000E+00 +0.000000E+00
 +0.110366E+01 -0.101460E+03 +0.133899E+03 -0.555640E+02 +0.258507E+02 +0.238971E+02 +0.000000E+00 +0.000000E+00 +0.205293E-02 -0.154688E-02 +0.000000E+00 +0.908090E-03 +0.000000E+00 +0.000000E+00
 +0.110366E+01 -0.101470E+03 +0.133996E+03 -0.556493E+02 +0.258546E+02 +0.238342E+02 +0.000000E+00 +0.000000E+00 +0.205470E-02 -0.154857E-02 +0.000000E+00 +0.905698E-03 +0.000000E+00 +0.000000E+00
 +0.110366E+01 -0.101480E+03 +0.134094E+03 -0.557326E+02 +0.258592E+02 +0.237702E+02 +0.000000E+00 +0.000000E+00 +0.205646E-02 -0.155024E-02 +0.000000E+00 +0.903268E-03 +0.000000E+00 +0.000000E+00
 +0.110366E+01 -0.101490E+03 +0.134192E+03 -0.558127E+02 +0.258650E+02 +0.237047E+02 +0.000000E+00 +0.000000E+00 +0.205820E-02 -0.155188E-02 +0.000000E+00 +0.900779E-03 +0.000000E+00 +0.000000E+00
 +0.110366E+01 -0.101500E+03 +0.134289E+03 -0.558908E+02 +0.258715E+02 +0.236382E+02 +0.000000E+00 +0.000000E+00 +0.205994E-02 -0.155348E-02 +0.000000E+00 +0.898253E-03 +0.000000E+00 +0.000000E+00
 +0.110366E+01 -0.101510E+03 +0.134388E+03 -0.559659E+02 +0.258792E+02 +0.235704E+02 +0.000000E+00 +0.000000E+00 +0.206166E-02 -0.155506E-02 +0.000000E+00 +0.895673E-03 +0.000000E+00 +0.000000E+00
 +0.110366E+01 -0.101520E+03 +0.134486E+03 -0.560390E+02 +0.258875E+02 +0.235015E+02 +0.000000E+00 +0.000000E+00 +0.206337E-02 -0.155660E-02 +0.000000E+00 +0.893059E-03 +0.000000E+00 +0.000000E+00
 +0.110366E+01 -0.101530E+03 +0.134585E+03 -0.561092E+02 +0.258969E+02 +0.234314E+02 +0.000000E+00 +0.000000E+00 +0.206507E-02 -0.155812E-02 +0.000000E+00 +0.890394E-03 +0.000000E+00 +0.000000E+00
 +0.110366E+01 -0.101540E+03 +0.134683E+03 -0.561774E+02 +0.259070E+02 +0.233604E+02 +0.000000E+00 +0.000000E+00 +0.206675E-02 -0.155960E-02 +0.000000E+00 +0.887695E-03 +0.000000E+00 +0.000000E+00
 +0.110366E+01 -0.101550E+03 +0.134782E+03 -0.562428E+02 +0.259180E+02 +0.232882E+02 +0.000000E+00 +0.000000E+00 +0.206842E-02 -0.156106E-02 +0.000000E+00 +0.884951E-03 +0.000000E+00 +0.000000E+00
 +0.110366E+01 -0.101560E+03 +0.134881E+03 -0.563062E+02 +0.259298E+02 +0.232151E+02 +0.000000E+00 +0.000000E+00 +0.207008E-02 -0.156248E-02 +0.000000E+00 +0.882174E-03 +0.000000E+00 +0.000000E+00
 +0.110366E+01 -0.101570E+03 +0.134980E+03 -0.563669E+02 +0.259424E+02 +0.231409E+02 +0.000000E+00 +0.000000E+00 +0.207172E-02 -0.156388E-02 +0.000000E+00 +0.879353E-03 +0.000000E+00 +0.000000E+00
 +0.110366E+01 -0.101580E+03 +0.135079E+03 -0.564256E+02 +0.259557E+02 +0.230658E+02 +0.000000E+00 +0.000000E+00 +0.207335E-02 -0.156524E-02 +0.000000E+00 +0.876502E-03 +0.000000E+00 +0.000000E+00
 +0.110366E+01 -0.101590E+03 +0.135178E+03 -0.564816E+02 +0.259699E+02 +0.229898E+02 +0.000000E+00 +0.000000E+00 +0.207496E-02 -0.156658E-02 +0.000000E+00 +0.873611E-03 +0.000000E+00 +0.000000E+00
 +0.110366E+01 -0.101600E+03 +0.135277E+03 -0.565355E+02 +0.259847E+02 +0.229128E+02 +0.000000E+00 +0.000000E+00 +0.207655E-02 -0.156788E-02 +0.000000E+00 +0.870687E-03 +0.000000E+00 +0.000000E+00
 +0.110366E+01 -0.101610E+03 +0.135376E+03 -0.565868E+02 +0.260004E+02 +0.228348E+02 +0.000000E+00 +0.000000E+00 +0.207813E-02 -0.156916E-02 +0.000000E+00 +0.867722E-03 +0.000000E+00 +0.000000E+00
 +0.110366E+01 -0.101620E+03 +0.135475E+03 -0.566359E+02 +0.260168E+02 +0.227557E+02 +0.000000E+00 +0.000000E+00 +0.207970E-02 -0.157040E-02 +0.000000E+00 +0.864718E-03 +0.000000E+00 +0.000000E+00
 +0.110366E+01 -0.101630E+03 +0.135573E+03 -0.566821E+02 +0.260341E+02 +0.226754E+02 +0.000000E+00 +0.000000E+00 +0.208124E-02 -0.157161E-02 +0.000000E+00 +0.861666E-03 +0.000000E+00 +0.000000E+00
 +0.110366E+01 -0.101640E+03 +0.135675E+03 -0.567316E+02 +0.260512E+02 +0.225774E+02 +0.000000E+00 +0.000000E+00 +0.208285E-02 -0.157287E-02 +0.000000E+00 +0.857940E-03 +0.000000E+00 +0.000000E+00
 +0.110366E+01 -0.101650E+03 +0.135779E+03 -0.567853E+02 +0.260680E+02 +0.224573E+02 +0.000000E+00 +0.000000E+00 +0.208451E-02 -0.157421E-02 +0.000000E+00 +0.853379E-03 +0.000000E+00 +0.000000E+00
 +0.110366E+01 -0.101660E+03 +0.135882E+03 -0.568262E+02 +0.260883E+02 +0.223723E+02 +0.000000E+00 +0.000000E+00 +0.208607E-02 -0.157538E-02 +0.000000E+00 +0.850149E-03 +0.000000E+00 +0.000000E+00
 +0.110366E+01 -0.101670E+03 +0.135982E+03 -0.568511E+02 +0.261131E+02 +0.223289E+02 +0.000000E+00 +0.000000E+00 +0.208751E-02 -0.157632E-02 +0.000000E+00 +0.848500E-03 +0.000000E+00 +0.000000E+00
 +0.110366E+01 -0.101680E+03 +0.136090E+03 -0.568718E+02 +0.261422E+02 +0.222659E+02 +0.000000E+00 +0.000000E+00 +0.208902E-02 -0.157727E-02 +0.000000E+00 +0.846104E-03 +0.000000E+00 +0.000000E+00
 +0.110366E+01 -0.101690E+03 +0.136201E+03 -0.569002E+02 +0.261694E+02 +0.221786E+02 +0.000000E+00 +0.000000E+00 +0.209061E-02 -0.157832E-02 +0.000000E+00 +0.842786E-03 +0.000000E+00 +0.000000E+00
 +0.110366E+01 -0.101700E+03 +0.136304E+03 -0.569347E+02 +0.261920E+02 +0.220911E+02 +0.000000E+00 +0.000000E+00 +0.209214E-02 -0.157941E-02 +0.000000E+00 +0.839462E-03 +0.000000E+00 +0.000000E+00
 +0.110366E+01 -0.101710E+03 +0.136400E+03 -0.569681E+02 +0.262126E+02 +0.220116E+02 +0.000000E+00 +0.000000E+00 +0.209357E-02 -0.158043E-02 +0.000000E+00 +0.836442E-03 +0.000000E+00 +0.000000E+00
 +0.110366E+01 -0.101720E+03 +0.136495E+03 -0.570094E+02 +0.262303E+02 +0.219210E+02 +0.000000E+00 +0.000000E+00 +0.209503E-02 -0.158155E-02 +0.000000E+00 +0.832997E-03 +0.000000E+00 +0.000000E+00
 +0.110366E+01 -0.101730E+03 +0.136575E+03 -0.570418E+02 +0.262461E+02 +0.218281E+02 +0.000000E+00 +0.000000E+00 +0.209626E-02 -0.158247E-02 +0.000000E+00 +0.829467E-03 +0.000000E+00 +0.000000E+00
 +0.110366E+01 -0.101740E+03 +0.136656E+03 -0.570675E+02 +0.262643E+02 +0.217349E+02 +0.000000E+00 +0.000000E+00 +0.209745E-02 -0.158330E-02 +0.000000E+00 +0.825926E-03 +0.000000E+00 +0.000000E+00
 +0.110366E+01 -0.101750E+03 +0.136747E+03 -0.570870E+02 +0.262879E+02 +0.216422E+02 +0.000000E+00 +0.000000E+00 +0.209873E-02 -0.158412E-02 +0.000000E+00 +0.822405E-03 +0.000000E+00 +0.000000E+00
 +0.110366E+01 -0.101760E+03 +0.136835E+03 -0.571334E+02 +0.263015E+02 +0.215542E+02 +0.000000E+00 +0.000000E+00 +0.210013E-02 -0.158526E-02 +0.000000E+00 +0.819060E-03 +0.000000E+00 +0.000000E+00
 +0.110366E+01 -0.101770E+03 +0.136917E+03 -0.571789E+02 +0.263134E+02 +0.214670E+02 +0.000000E+00 +0.000000E+00 +0.210146E-02 -0.158635E-02 +0.000000E+00 +0.815747E-03 +0.000000E+00 +0.000000E+00
 +0.110366E+01 -0.101780E+03 +0.136994E+03 -0.572039E+02 +0.263307E+02 +0.213775E+02 +0.000000E+00 +0.000000E+00 +0.210260E-02 -0.158716E-02 +0.000000E+00 +0.812346E-03 +0.000000E+00 +0.000000E+00
 +0.110366E+01 -0.101790E+03 +0.137071E+03 -0.572289E+02 +0.263480E+02 +0.212880E+02 +0.000000E+00 +0.000000E+00 +0.210374E-02 -0.158796E-02 +0.000000E+00 +0.808944E-03 +0.000000E+00 +0.000000E+00
 +0.110366E+01 -0.101800E+03 +0.137165E+03 -0.572634E+02 +0.263676E+02 +0.211990E+02 +0.000000E+00 +0.000000E+00 +0.210515E-02 -0.158899E-02 +0.000000E+00 +0.805562E-03 +0.000000E+00 +0.000000E+00
 +0.110366E+01 -0.101810E+03 +0.137269E+03 -0.572990E+02 +0.263899E+02 +0.211105E+02 +0.000000E+00 +0.000000E+00 +0.210669E-02 -0.159009E-02 +0.000000E+00 +0.802198E-03 +0.000000E+00 +0.000000E+00
 +0.110366E+01 -0.101820E+03 +0.137383E+03 -0.572869E+02 +0.264316E+02 +0.210250E+02 +0.000000E+00 +0.000000E+00 +0.210807E-02 -0.159065E-02 +0.000000E+00 +0.798951E-03 +0.000000E+00 +0.000000E+00
 +0.110366E+01 -0.101830E+03 +0.137497E+03 -0.572747E+02 +0.264733E+02 +0.209396E+02 +0.000000E+00 +0.000000E+00 +0.210945E-02 -0.159121E-02 +0.000000E+00 +0.795704E-03 +0.000000E+00 +0.000000E+00
 +0.110366E+01 -0.101840E+03 +0.137596E+03 -0.572743E+02 +0.265061E+02 +0.208565E+02 +0.000000E+00 +0.000000E+00 +0.211070E-02 -0.159183E-02 +0.000000E+00 +0.792548E-03 +0.000000E+00 +0.000000E+00
 +0.110366E+01 -0.101850E+03 +0.137690E+03 -0.572772E+02 +0.265363E+02 +0.207742E+02 +0.000000E+00 +0.000000E+00 +0.211193E-02 -0.159246E-02 +0.000000E+00 +0.789418E-03 +0.000000E+00 +0.000000E+00
 +0.110366E+01 -0.101860E+03 +0.137801E+03 -0.572889E+02 +0.265690E+02 +0.206868E+02 +0.000000E+00 +0.000000E+00 +0.211341E-02 -0.159330E-02 +0.000000E+00 +0.786099E-03 +0.000000E+00 +0.000000E+00
 +0.110366E+01 -0.101870E+03 +0.137924E+03 -0.573073E+02 +0.266036E+02 +0.205957E+02 +0.000000E+00 +0.000000E+00 +0.211509E-02 -0.159431E-02 +0.000000E+00 +0.782635E-03 +0.000000E+00 +0.000000E+00
 +0.110366E+01 -0.101880E+03 +0.138035E+03 -0.573241E+02 +0.266345E+02 +0.205036E+02 +0.000000E+00 +0.000000E+00 +0.211660E-02 -0.159521E-02 +0.000000E+00 +0.779136E-03 +0.000000E+00 +0.000000E+00
 +0.110366E+01 -0.101890E+03 +0.138118E+03 -0.573374E+02 +0.266575E+02 +0.204096E+02 +0.000000E+00 +0.000000E+00 +0.211774E-02 -0.159590E-02 +0.000000E+00 +0.775563E-03 +0.000000E+00 +0.000000E+00
 +0.110366E+01 -0.101900E+03 +0.138201E+03 -0.573507E+02 +0.266805E+02 +0.203155E+02 +0.000000E+00 +0.000000E+00 +0.211888E-02 -0.159659E-02 +0.000000E+00 +0.771991E-03 +0.000000E+00 +0.000000E+00
 +0.110366E+01 -0.101910E+03 +0.138284E+03 -0.573639E+02 +0.267035E+02 +0.202215E+02 +0.000000E+00 +0.000000E+00 +0.212002E-02 -0.159728E-02 +0.000000E+00 +0.768418E-03 +0.000000E+00 +0.000000E+00
 +0.110366E+01 -0.101920E+03 +0.138369E+03 -0.573817E+02 +0.267258E+02 +0.201285E+02 +0.000000E+00 +0.000000E+00 +0.212122E-02 -0.159804E-02 +0.000000E+00 +0.764883E-03 +0.000000E+00 +0.000000E+00
 +0.110366E+01 -0.101930E+03 +0.138457E+03 -0.573678E+02 +0.267594E+02 +0.200425E+02 +0.000000E+00 +0.000000E+00 +0.212225E-02 -0.159842E-02 +0.000000E+00 +0.761616E-03 +0.000000E+00 +0.000000E+00
 +0.110366E+01 -0.101940E+03 +0.138541E+03 -0.573346E+02 +0.267980E+02 +0.199489E+02 +0.000000E+00 +0.000000E+00 +0.212311E-02 -0.159852E-02 +0.000000E+00 +0.758059E-03 +0.000000E+00 +0.000000E+00
 +0.110366E+01 -0.101950E+03 +0.138624E+03 -0.573014E+02 +0.268366E+02 +0.198553E+02 +0.000000E+00 +0.000000E+00 +0.212397E-02 -0.159862E-02 +0.000000E+00 +0.754502E-03 +0.000000E+00 +0.000000E+00
 +0.110366E+01 -0.101960E+03 +0.138708E+03 -0.572682E+02 +0.268752E+02 +0.197617E+02 +0.000000E+00 +0.000000E+00 +0.212483E-02 -0.159872E-02 +0.000000E+00 +0.750945E-03 +0.000000E+00 +0.000000E+00
 +0.110366E+01 -0.101970E+03 +0.138793E+03 -0.572360E+02 +0.269138E+02 +0.196677E+02 +0.000000E+00 +0.000000E+00 +0.212570E-02 -0.159885E-02 +0.000000E+00 +0.747374E-03 +0.000000E+00 +0.000000E+00
 +0.110366E+01 -0.101980E+03 +0.138900E+03 -0.572254E+02 +0.269525E+02 +0.195665E+02 +0.000000E+00 +0.000000E+00 +0.212700E-02 -0.159938E-02 +0.000000E+00 +0.743528E-03 +0.000000E+00 +0.000000E+00
 +0.110366E+01 -0.101990E+03 +0.139006E+03 -0.572148E+02 +0.269913E+02 +0.194653E+02 +0.000000E+00 +0.000000E+00 +0.212829E-02 -0.159991E-02 +0.000000E+00 +0.739682E-03 +0.000000E+00 +0.000000E+00
 +0.110366E+01 -0.102000E+03 +0.139113E+03 -0.572041E+02 +0.270300E+02 +0.193641E+02 +0.000000E+00 +0.000000E+00 +0.212958E-02 -0.160045E-02 +0.000000E+00 +0.735835E-03 +0.000000E+00 +0.000000E+00
 +0.110366E+01 -0.102010E+03 +0.139220E+03 -0.571935E+02 +0.270687E+02 +0.192629E+02 +0.000000E+00 +0.000000E+00 +0.213087E-02 -0.160098E-02 +0.000000E+00 +0.731989E-03 +0.000000E+00 +0.000000E+00
 +0.110366E+01 -0.102020E+03 +0.139322E+03 -0.571909E+02 +0.271032E+02 +0.191590E+02 +0.000000E+00 +0.000000E+00 +0.213215E-02 -0.160159E-02 +0.000000E+00 +0.728040E-03 +0.000000E+00 +0.000000E+00
 +0.110366E+01 -0.102030E+03 +0.139407E+03 -0.572090E+02 +0.271255E+02 +0.190676E+02 +0.000000E+00 +0.000000E+00 +0.213336E-02 -0.160236E-02 +0.000000E+00 +0.724568E-03 +0.000000E+00 +0.000000E+00
 +0.110366E+01 -0.102040E+03 +0.139479E+03 -0.572385E+02 +0.271393E+02 +0.189756E+02 +0.000000E+00 +0.000000E+00 +0.213445E-02 -0.160318E-02 +0.000000E+00 +0.721073E-03 +0.000000E+00 +0.000000E+00
 +0.110366E+01 -0.102050E+03 +0.139549E+03 -0.572691E+02 +0.271523E+02 +0.188814E+02 +0.000000E+00 +0.000000E+00 +0.213553E-02 -0.160401E-02 +0.000000E+00 +0.717494E-03 +0.000000E+00 +0.000000E+00
 +0.110366E+01 -0.102060E+03 +0.139618E+03 -0.572997E+02 +0.271652E+02 +0.187872E+02 +0.000000E+00 +0.000000E+00 +0.213661E-02 -0.160483E-02 +0.000000E+00 +0.713915E-03 +0.000000E+00 +0.000000E+00
 +0.110366E+01 -0.102070E+03 +0.139688E+03 -0.573303E+02 +0.271781E+02 +0.186930E+02 +0.000000E+00 +0.000000E+00 +0.213769E-02 -0.160566E-02 +0.000000E+00 +0.710336E-03 +0.000000E+00 +0.000000E+00
 +0.110366E+01 -0.102080E+03 +0.139760E+03 -0.572979E+02 +0.272125E+02 +0.186053E+02 +0.000000E+00 +0.000000E+00 +0.213840E-02 -0.160570E-02 +0.000000E+00 +0.707001E-03 +0.000000E+00 +0.000000E+00
 +0.110366E+01 -0.102090E+03 +0.139834E+03 -0.572165E+02 +0.272636E+02 +0.185226E+02 +0.000000E+00 +0.000000E+00 +0.213883E-02 -0.160512E-02 +0.000000E+00 +0.703857E-03 +0.000000E+00 +0.000000E+00
 +0.110366E+01 -0.102100E+03 +0.139907E+03 -0.571351E+02 +0.273148E+02 +0.184398E+02 +0.000000E+00 +0.000000E+00 +0.213925E-02 -0.160455E-02 +0.000000E+00 +0.700713E-03 +0.000000E+00 +0.000000E+00
 +0.110366E+01 -0.102110E+03 +0.139983E+03 -0.570615E+02 +0.273640E+02 +0.183545E+02 +0.000000E+00 +0.000000E+00 +0.213976E-02 -0.160408E-02 +0.000000E+00 +0.697472E-03 +0.000000E+00 +0.000000E+00
 +0.110366E+01 -0.102120E+03 +0.140065E+03 -0.570117E+02 +0.274077E+02 +0.182614E+02 +0.000000E+00 +0.000000E+00 +0.214050E-02 -0.160397E-02 +0.000000E+00 +0.693933E-03 +0.000000E+00 +0.000000E+00
 +0.110366E+01 -0.102130E+03 +0.140148E+03 -0.569619E+02 +0.274514E+02 +0.181683E+02 +0.000000E+00 +0.000000E+00 +0.214124E-02 -0.160385E-02 +0.000000E+00 +0.690395E-03 +0.000000E+00 +0.000000E+00
 +0.110366E+01 -0.102140E+03 +0.140231E+03 -0.569122E+02 +0.274951E+02 +0.180752E+02 +0.000000E+00 +0.000000E+00 +0.214198E-02 -0.160374E-02 +0.000000E+00 +0.686856E-03 +0.000000E+00 +0.000000E+00
 +0.110366E+01 -0.102150E+03 +0.140303E+03 -0.569211E+02 +0.275162E+02 +0.179807E+02 +0.000000E+00 +0.000000E+00 +0.214296E-02 -0.160431E-02 +0.000000E+00 +0.683266E-03 +0.000000E+00 +0.000000E+00
 +0.110366E+01 -0.102160E+03 +0.140376E+03 -0.569299E+02 +0.275373E+02 +0.178862E+02 +0.000000E+00 +0.000000E+00 +0.214394E-02 -0.160488E-02 +0.000000E+00 +0.679675E-03 +0.000000E+00 +0.000000E+00
 +0.110366E+01 -0.102170E+03 +0.140449E+03 -0.569388E+02 +0.275584E+02 +0.177917E+02 +0.000000E+00 +0.000000E+00 +0.214492E-02 -0.160545E-02 +0.000000E+00 +0.676084E-03 +0.000000E+00 +0.000000E+00
 +0.110366E+01 -0.102180E+03 +0.140522E+03 -0.569459E+02 +0.275800E+02 +0.176965E+02 +0.000000E+00 +0.000000E+00 +0.214589E-02 -0.160599E-02 +0.000000E+00 +0.672467E-03 +0.000000E+00 +0.000000E+00
 +0.110366E+01 -0.102190E+03 +0.140592E+03 -0.569396E+02 +0.276054E+02 +0.175959E+02 +0.000000E+00 +0.000000E+00 +0.214675E-02 -0.160635E-02 +0.000000E+00 +0.668645E-03 +0.000000E+00 +0.000000E+00
 +0.110366E+01 -0.102200E+03 +0.140663E+03 -0.569332E+02 +0.276308E+02 +0.174953E+02 +0.000000E+00 +0.000000E+00 +0.214761E-02 -0.160672E-02 +0.000000E+00 +0.664823E-03 +0.000000E+00 +0.000000E+00
 +0.110366E+01 -0.102210E+03 +0.140733E+03 -0.569268E+02 +0.276562E+02 +0.173947E+02 +0.000000E+00 +0.000000E+00 +0.214847E-02 -0.160708E-02 +0.000000E+00 +0.661000E-03 +0.000000E+00 +0.000000E+00
 +0.110366E+01 -0.102220E+03 +0.140804E+03 -0.569204E+02 +0.276816E+02 +0.172942E+02 +0.000000E+00 +0.000000E+00 +0.214933E-02 -0.160744E-02 +0.000000E+00 +0.657178E-03 +0.000000E+00 +0.000000E+00
 +0.110366E+01 -0.102230E+03 +0.140872E+03 -0.569094E+02 +0.277076E+02 +0.171976E+02 +0.000000E+00 +0.000000E+00 +0.215012E-02 -0.160772E-02 +0.000000E+00 +0.653510E-03 +0.000000E+00 +0.000000E+00
 +0.110366E+01 -0.102240E+03 +0.140934E+03 -0.568887E+02 +0.277348E+02 +0.171096E+02 +0.000000E+00 +0.000000E+00 +0.215078E-02 -0.160785E-02 +0.000000E+00 +0.650164E-03 +0.000000E+00 +0.000000E+00
 +0.110366E+01 -0.102250E+03 +0.140995E+03 -0.568680E+02 +0.277620E+02 +0.170215E+02 +0.000000E+00 +0.000000E+00 +0.215143E-02 -0.160797E-02 +0.000000E+00 +0.646818E-03 +0.000000E+00 +0.000000E+00
 +0.110366E+01 -0.102260E+03 +0.141057E+03 -0.568473E+02 +0.277892E+02 +0.169335E+02 +0.000000E+00 +0.000000E+00 +0.215209E-02 -0.160809E-02 +0.000000E+00 +0.643472E-03 +0.000000E+00 +0.000000E+00
 +0.110366E+01 -0.102270E+03 +0.141119E+03 -0.568266E+02 +0.278164E+02 +0.168454E+02 +0.000000E+00 +0.000000E+00 +0.215275E-02 -0.160822E-02 +0.000000E+00 +0.640126E-03 +0.000000E+00 +0.000000E+00
 +0.110366E+01 -0.102280E+03 +0.141181E+03 -0.568059E+02 +0.278436E+02 +0.167574E+02 +0.000000E+00 +0.000000E+00 +0.215340E-02 -0.160834E-02 +0.000000E+00 +0.636779E-03 +0.000000E+00 +0.000000E+00
 +0.110366E+01 -0.102290E+03 +0.141242E+03 -0.567853E+02 +0.278708E+02 +0.166693E+02 +0.000000E+00 +0.000000E+00 +0.215406E-02 -0.160847E-02 +0.000000E+00 +0.633433E-03 +0.000000E+00 +0.000000E+00
 +0.110366E+01 -0.102300E+03 +0.141304E+03 -0.567646E+02 +0.278981E+02 +0.165812E+02 +0.000000E+00 +0.000000E+00 +0.215472E-02 -0.160859E-02 +0.000000E+00 +0.630087E-03 +0.000000E+00 +0.000000E+00
 +0.110366E+01 -0.102310E+03 +0.141366E+03 -0.567439E+02 +0.279253E+02 +0.164932E+02 +0.000000E+00 +0.000000E+00 +0.215537E-02 -0.160871E-02 +0.000000E+00 +0.626741E-03 +0.000000E+00 +0.000000E+00
 +0.110366E+01 -0.102320E+03 +0.141433E+03 -0.567053E+02 +0.279602E+02 +0.164016E+02 +0.000000E+00 +0.000000E+00 +0.215599E-02 -0.160865E-02 +0.000000E+00 +0.623262E-03 +0.000000E+00 +0.000000E+00
 +0.110366E+01 -0.102330E+03 +0.141502E+03 -0.566527E+02 +0.280003E+02 +0.163082E+02 +0.000000E+00 +0.000000E+00 +0.215653E-02 -0.160841E-02 +0.000000E+00 +0.619711E-03 +0.000000E+00 +0.000000E+00
 +0.110366E+01 -0.102340E+03 +0.141571E+03 -0.566001E+02 +0.280404E+02 +0.162147E+02 +0.000000E+00 +0.000000E+00 +0.215708E-02 -0.160817E-02 +0.000000E+00 +0.616160E-03 +0.000000E+00 +0.000000E+00
 +0.110366E+01 -0.102350E+03 +0.141640E+03 -0.565475E+02 +0.280805E+02 +0.161213E+02 +0.000000E+00 +0.000000E+00 +0.215763E-02 -0.160793E-02 +0.000000E+00 +0.612609E-03 +0.000000E+00 +0.000000E+00
 +0.110366E+01 -0.102360E+03 +0.141709E+03 -0.564949E+02 +0.281206E+02 +0.160278E+02 +0.000000E+00 +0.000000E+00 +0.215818E-02 -0.160770E-02 +0.000000E+00 +0.609058E-03 +0.000000E+00 +0.000000E+00
 +0.110366E+01 -0.102370E+03 +0.141778E+03 -0.564423E+02 +0.281608E+02 +0.159344E+02 +0.000000E+00 +0.000000E+00 +0.215873E-02 -0.160746E-02 +0.000000E+00 +0.605507E-03 +0.000000E+00 +0.000000E+00
 +0.110366E+01 -0.102380E+03 +0.141847E+03 -0.563897E+02 +0.282009E+02 +0.158410E+02 +0.000000E+00 +0.000000E+00 +0.215927E-02 -0.160722E-02 +0.000000E+00 +0.601956E-03 +0.000000E+00 +0.000000E+00
 +0.110366E+01 -0.102390E+03 +0.141916E+03 -0.563371E+02 +0.282410E+02 +0.157475E+02 +0.000000E+00 +0.000000E+00 +0.215982E-02 -0.160698E-02 +0.000000E+00 +0.598405E-03 +0.000000E+00 +0.000000E+00
 +0.110366E+01 -0.102400E+03 +0.141985E+03 -0.562845E+02 +0.282811E+02 +0.156541E+02 +0.000000E+00 +0.000000E+00 +0.216037E-02 -0.160675E-02 +0.000000E+00 +0.594854E-03 +0.000000E+00 +0.000000E+00
 +0.110366E+01 -0.102410E+03 +0.142046E+03 -0.562515E+02 +0.283123E+02 +0.155689E+02 +0.000000E+00 +0.000000E+00 +0.216095E-02 -0.160671E-02 +0.000000E+00 +0.591618E-03 +0.000000E+00 +0.000000E+00
 +0.110366E+01 -0.102420E+03 +0.142106E+03 -0.562240E+02 +0.283409E+02 +0.154860E+02 +0.000000E+00 +0.000000E+00 +0.216153E-02 -0.160673E-02 +0.000000E+00 +0.588470E-03 +0.000000E+00 +0.000000E+00
 +0.110366E+01 -0.102430E+03 +0.142165E+03 -0.561966E+02 +0.283696E+02 +0.154032E+02 +0.000000E+00 +0.000000E+00 +0.216211E-02 -0.160676E-02 +0.000000E+00 +0.585321E-03 +0.000000E+00 +0.000000E+00
 +0.110366E+01 -0.102440E+03 +0.142232E+03 -0.561360E+02 +0.284117E+02 +0.153134E+02 +0.000000E+00 +0.000000E+00 +0.216259E-02 -0.160641E-02 +0.000000E+00 +0.581911E-03 +0.000000E+00 +0.000000E+00
 +0.110366E+01 -0.102450E+03 +0.142300E+03 -0.560735E+02 +0.284547E+02 +0.152233E+02 +0.000000E+00 +0.000000E+00 +0.216306E-02 -0.160603E-02 +0.000000E+00 +0.578485E-03 +0.000000E+00 +0.000000E+00
 +0.110366E+01 -0.102460E+03 +0.142367E+03 -0.560110E+02 +0.284976E+02 +0.151331E+02 +0.000000E+00 +0.000000E+00 +0.216353E-02 -0.160566E-02 +0.000000E+00 +0.575059E-03 +0.000000E+00 +0.000000E+00
 +0.110366E+01 -0.102470E+03 +0.142435E+03 -0.559485E+02 +0.285405E+02 +0.150430E+02 +0.000000E+00 +0.000000E+00 +0.216399E-02 -0.160529E-02 +0.000000E+00 +0.571632E-03 +0.000000E+00 +0.000000E+00
 +0.110366E+01 -0.102480E+03 +0.142503E+03 -0.558860E+02 +0.285835E+02 +0.149528E+02 +0.000000E+00 +0.000000E+00 +0.216446E-02 -0.160492E-02 +0.000000E+00 +0.568206E-03 +0.000000E+00 +0.000000E+00
 +0.110366E+01 -0.102490E+03 +0.142570E+03 -0.558235E+02 +0.286264E+02 +0.148626E+02 +0.000000E+00 +0.000000E+00 +0.216493E-02 -0.160455E-02 +0.000000E+00 +0.564780E-03 +0.000000E+00 +0.000000E+00
 +0.110366E+01 -0.102500E+03 +0.142638E+03 -0.557610E+02 +0.286693E+02 +0.147725E+02 +0.000000E+00 +0.000000E+00 +0.216540E-02 -0.160418E-02 +0.000000E+00 +0.561354E-03 +0.000000E+00 +0.000000E+00
 +0.110366E+01 -0.102510E+03 +0.142695E+03 -0.557167E+02 +0.287030E+02 +0.146882E+02 +0.000000E+00 +0.000000E+00 +0.216586E-02 -0.160397E-02 +0.000000E+00 +0.558153E-03 +0.000000E+00 +0.000000E+00
 +0.110366E+01 -0.102520E+03 +0.142741E+03 -0.556937E+02 +0.287257E+02 +0.146110E+02 +0.000000E+00 +0.000000E+00 +0.216630E-02 -0.160397E-02 +0.000000E+00 +0.555217E-03 +0.000000E+00 +0.000000E+00
 +0.110366E+01 -0.102530E+03 +0.142787E+03 -0.556707E+02 +0.287484E+02 +0.145337E+02 +0.000000E+00 +0.000000E+00 +0.216674E-02 -0.160396E-02 +0.000000E+00 +0.552281E-03 +0.000000E+00 +0.000000E+00
 +0.110366E+01 -0.102540E+03 +0.142833E+03 -0.556478E+02 +0.287711E+02 +0.144564E+02 +0.000000E+00 +0.000000E+00 +0.216718E-02 -0.160396E-02 +0.000000E+00 +0.549345E-03 +0.000000E+00 +0.000000E+00
 +0.110366E+01 -0.102550E+03 +0.142879E+03 -0.556248E+02 +0.287938E+02 +0.143792E+02 +0.000000E+00 +0.000000E+00 +0.216762E-02 -0.160395E-02 +0.000000E+00 +0.546409E-03 +0.000000E+00 +0.000000E+00
 +0.110366E+01 -0.102560E+03 +0.142925E+03 -0.556018E+02 +0.288166E+02 +0.143019E+02 +0.000000E+00 +0.000000E+00 +0.216805E-02 -0.160395E-02 +0.000000E+00 +0.543473E-03 +0.000000E+00 +0.000000E+00
 +0.110366E+01 -0.102570E+03 +0.142978E+03 -0.555622E+02 +0.288471E+02 +0.142237E+02 +0.000000E+00 +0.000000E+00 +0.216848E-02 -0.160378E-02 +0.000000E+00 +0.540500E-03 +0.000000E+00 +0.000000E+00
 +0.110366E+01 -0.102580E+03 +0.143032E+03 -0.555190E+02 +0.288793E+02 +0.141452E+02 +0.000000E+00 +0.000000E+00 +0.216890E-02 -0.160357E-02 +0.000000E+00 +0.537519E-03 +0.000000E+00 +0.000000E+00
 +0.110366E+01 -0.102590E+03 +0.143087E+03 -0.554758E+02 +0.289116E+02 +0.140668E+02 +0.000000E+00 +0.000000E+00 +0.216933E-02 -0.160336E-02 +0.000000E+00 +0.534538E-03 +0.000000E+00 +0.000000E+00
 +0.110366E+01 -0.102600E+03 +0.143141E+03 -0.554326E+02 +0.289438E+02 +0.139884E+02 +0.000000E+00 +0.000000E+00 +0.216975E-02 -0.160315E-02 +0.000000E+00 +0.531557E-03 +0.000000E+00 +0.000000E+00
 +0.110366E+01 -0.102610E+03 +0.143196E+03 -0.553894E+02 +0.289761E+02 +0.139099E+02 +0.000000E+00 +0.000000E+00 +0.217017E-02 -0.160294E-02 +0.000000E+00 +0.528576E-03 +0.000000E+00 +0.000000E+00
 +0.110366E+01 -0.102620E+03 +0.143250E+03 -0.553462E+02 +0.290083E+02 +0.138315E+02 +0.000000E+00 +0.000000E+00 +0.217060E-02 -0.160274E-02 +0.000000E+00 +0.525596E-03 +0.000000E+00 +0.000000E+00
 +0.110366E+01 -0.102630E+03 +0.143305E+03 -0.553030E+02 +0.290406E+02 +0.137530E+02 +0.000000E+00 +0.000000E+00 +0.217102E-02 -0.160253E-02 +0.000000E+00 +0.522615E-03 +0.000000E+00 +0.000000E+00
 +0.110366E+01 -0.102640E+03 +0.143359E+03 -0.552598E+02 +0.290728E+02 +0.136746E+02 +0.000000E+00 +0.000000E+00 +0.217144E-02 -0.160232E-02 +0.000000E+00 +0.519634E-03 +0.000000E+00 +0.000000E+00
 +0.110366E+01 -0.102650E+03 +0.143409E+03 -0.552182E+02 +0.291030E+02 +0.136021E+02 +0.000000E+00 +0.000000E+00 +0.217182E-02 -0.160210E-02 +0.000000E+00 +0.516879E-03 +0.000000E+00 +0.000000E+00
 +0.110366E+01 -0.102660E+03 +0.143458E+03 -0.551769E+02 +0.291328E+02 +0.135309E+02 +0.000000E+00 +0.000000E+00 +0.217218E-02 -0.160188E-02 +0.000000E+00 +0.514175E-03 +0.000000E+00 +0.000000E+00
 +0.110366E+01 -0.102670E+03 +0.143507E+03 -0.551356E+02 +0.291625E+02 +0.134598E+02 +0.000000E+00 +0.000000E+00 +0.217254E-02 -0.160166E-02 +0.000000E+00 +0.511471E-03 +0.000000E+00 +0.000000E+00
 +0.110366E+01 -0.102680E+03 +0.143556E+03 -0.550943E+02 +0.291923E+02 +0.133886E+02 +0.000000E+00 +0.000000E+00 +0.217290E-02 -0.160144E-02 +0.000000E+00 +0.508767E-03 +0.000000E+00 +0.000000E+00
 +0.110366E+01 -0.102690E+03 +0.143605E+03 -0.550530E+02 +0.292220E+02 +0.133174E+02 +0.000000E+00 +0.000000E+00 +0.217327E-02 -0.160122E-02 +0.000000E+00 +0.506062E-03 +0.000000E+00 +0.000000E+00
 +0.110366E+01 -0.102700E+03 +0.143653E+03 -0.550116E+02 +0.292518E+02 +0.132463E+02 +0.000000E+00 +0.000000E+00 +0.217363E-02 -0.160100E-02 +0.000000E+00 +0.503358E-03 +0.000000E+00 +0.000000E+00
 +0.110366E+01 -0.102710E+03 +0.143702E+03 -0.549703E+02 +0.292815E+02 +0.131751E+02 +0.000000E+00 +0.000000E+00 +0.217399E-02 -0.160079E-02 +0.000000E+00 +0.500654E-03 +0.000000E+00 +0.000000E+00
 +0.110366E+01 -0.102720E+03 +0.143749E+03 -0.549248E+02 +0.293120E+02 +0.131038E+02 +0.000000E+00 +0.000000E+00 +0.217430E-02 -0.160050E-02 +0.000000E+00 +0.497943E-03 +0.000000E+00 +0.000000E+00
 +0.110366E+01 -0.102730E+03 +0.143789E+03 -0.548644E+02 +0.293452E+02 +0.130318E+02 +0.000000E+00 +0.000000E+00 +0.217444E-02 -0.159998E-02 +0.000000E+00 +0.495207E-03 +0.000000E+00 +0.000000E+00
 +0.110366E+01 -0.102740E+03 +0.143829E+03 -0.548041E+02 +0.293783E+02 +0.129598E+02 +0.000000E+00 +0.000000E+00 +0.217457E-02 -0.159946E-02 +0.000000E+00 +0.492471E-03 +0.000000E+00 +0.000000E+00
 +0.110366E+01 -0.102750E+03 +0.143869E+03 -0.547437E+02 +0.294114E+02 +0.128878E+02 +0.000000E+00 +0.000000E+00 +0.217470E-02 -0.159895E-02 +0.000000E+00 +0.489735E-03 +0.000000E+00 +0.000000E+00
 +0.110366E+01 -0.102760E+03 +0.143909E+03 -0.546833E+02 +0.294446E+02 +0.128158E+02 +0.000000E+00 +0.000000E+00 +0.217483E-02 -0.159843E-02 +0.000000E+00 +0.486999E-03 +0.000000E+00 +0.000000E+00
 +0.110366E+01 -0.102770E+03 +0.143949E+03 -0.546229E+02 +0.294777E+02 +0.127438E+02 +0.000000E+00 +0.000000E+00 +0.217496E-02 -0.159791E-02 +0.000000E+00 +0.484263E-03 +0.000000E+00 +0.000000E+00
 +0.110366E+01 -0.102780E+03 +0.143989E+03 -0.545625E+02 +0.295109E+02 +0.126718E+02 +0.000000E+00 +0.000000E+00 +0.217509E-02 -0.159739E-02 +0.000000E+00 +0.481527E-03 +0.000000E+00 +0.000000E+00
 +0.110366E+01 -0.102790E+03 +0.144029E+03 -0.545021E+02 +0.295440E+02 +0.125998E+02 +0.000000E+00 +0.000000E+00 +0.217522E-02 -0.159688E-02 +0.000000E+00 +0.478791E-03 +0.000000E+00 +0.000000E+00
 +0.110366E+01 -0.102800E+03 +0.144071E+03 -0.544463E+02 +0.295760E+02 +0.125280E+02 +0.000000E+00 +0.000000E+00 +0.217540E-02 -0.159642E-02 +0.000000E+00 +0.476065E-03 +0.000000E+00 +0.000000E+00
 +0.110366E+01 -0.102810E+03 +0.144118E+03 -0.544141E+02 +0.296023E+02 +0.124576E+02 +0.000000E+00 +0.000000E+00 +0.217580E-02 -0.159631E-02 +0.000000E+00 +0.473388E-03 +0.000000E+00 +0.000000E+00
 +0.110366E+01 -0.102820E+03 +0.144165E+03 -0.543818E+02 +0.296286E+02 +0.123872E+02 +0.000000E+00 +0.000000E+00 +0.217620E-02 -0.159620E-02 +0.000000E+00 +0.470712E-03 +0.000000E+00 +0.000000E+00
 +0.110366E+01 -0.102830E+03 +0.144213E+03 -0.543495E+02 +0.296548E+02 +0.123167E+02 +0.000000E+00 +0.000000E+00 +0.217660E-02 -0.159608E-02 +0.000000E+00 +0.468036E-03 +0.000000E+00 +0.000000E+00
 +0.110366E+01 -0.102840E+03 +0.144260E+03 -0.543173E+02 +0.296811E+02 +0.122463E+02 +0.000000E+00 +0.000000E+00 +0.217700E-02 -0.159597E-02 +0.000000E+00 +0.465360E-03 +0.000000E+00 +0.000000E+00
 +0.110366E+01 -0.102850E+03 +0.144307E+03 -0.542850E+02 +0.297074E+02 +0.121759E+02 +0.000000E+00 +0.000000E+00 +0.217740E-02 -0.159585E-02 +0.000000E+00 +0.462684E-03 +0.000000E+00 +0.000000E+00
 +0.110366E+01 -0.102860E+03 +0.144355E+03 -0.542527E+02 +0.297336E+02 +0.121055E+02 +0.000000E+00 +0.000000E+00 +0.217780E-02 -0.159574E-02 +0.000000E+00 +0.460007E-03 +0.000000E+00 +0.000000E+00
 +0.110366E+01 -0.102870E+03 +0.144402E+03 -0.542205E+02 +0.297599E+02 +0.120350E+02 +0.000000E+00 +0.000000E+00 +0.217820E-02 -0.159563E-02 +0.000000E+00 +0.457331E-03 +0.000000E+00 +0.000000E+00
 +0.110366E+01 -0.102880E+03 +0.144449E+03 -0.541882E+02 +0.297862E+02 +0.119646E+02 +0.000000E+00 +0.000000E+00 +0.217860E-02 -0.159551E-02 +0.000000E+00 +0.454655E-03 +0.000000E+00 +0.000000E+00
 +0.110366E+01 -0.102890E+03 +0.144501E+03 -0.541160E+02 +0.298270E+02 +0.118985E+02 +0.000000E+00 +0.000000E+00 +0.217880E-02 -0.159492E-02 +0.000000E+00 +0.452142E-03 +0.000000E+00 +0.000000E+00
 +0.110366E+01 -0.102900E+03 +0.144554E+03 -0.540245E+02 +0.298748E+02 +0.118344E+02 +0.000000E+00 +0.000000E+00 +0.217891E-02 -0.159409E-02 +0.000000E+00 +0.449708E-03 +0.000000E+00 +0.000000E+00
 +0.110366E+01 -0.102910E+03 +0.144608E+03 -0.539329E+02 +0.299227E+02 +0.117704E+02 +0.000000E+00 +0.000000E+00 +0.217901E-02 -0.159326E-02 +0.000000E+00 +0.447274E-03 +0.000000E+00 +0.000000E+00
 +0.110366E+01 -0.102920E+03 +0.144661E+03 -0.538414E+02 +0.299705E+02 +0.117063E+02 +0.000000E+00 +0.000000E+00 +0.217912E-02 -0.159243E-02 +0.000000E+00 +0.444840E-03 +0.000000E+00 +0.000000E+00
 +0.110366E+01 -0.102930E+03 +0.144715E+03 -0.537498E+02 +0.300184E+02 +0.116423E+02 +0.000000E+00 +0.000000E+00 +0.217923E-02 -0.159160E-02 +0.000000E+00 +0.442406E-03 +0.000000E+00 +0.000000E+00
 +0.110366E+01 -0.102940E+03 +0.144768E+03 -0.536583E+02 +0.300662E+02 +0.115782E+02 +0.000000E+00 +0.000000E+00 +0.217933E-02 -0.159077E-02 +0.000000E+00 +0.439972E-03 +0.000000E+00 +0.000000E+00
 +0.110366E+01 -0.102950E+03 +0.144821E+03 -0.535667E+02 +0.301141E+02 +0.115142E+02 +0.000000E+00 +0.000000E+00 +0.217944E-02 -0.158993E-02 +0.000000E+00 +0.437538E-03 +0.000000E+00 +0.000000E+00
 +0.110366E+01 -0.102960E+03 +0.144873E+03 -0.534805E+02 +0.301596E+02 +0.114484E+02 +0.000000E+00 +0.000000E+00 +0.217956E-02 -0.158916E-02 +0.000000E+00 +0.435041E-03 +0.000000E+00 +0.000000E+00
 +0.110366E+01 -0.102970E+03 +0.144916E+03 -0.534243E+02 +0.301922E+02 +0.113735E+02 +0.000000E+00 +0.000000E+00 +0.217975E-02 -0.158871E-02 +0.000000E+00 +0.432191E-03 +0.000000E+00 +0.000000E+00
 +0.110366E+01 -0.102980E+03 +0.144958E+03 -0.533680E+02 +0.302247E+02 +0.112985E+02 +0.000000E+00 +0.000000E+00 +0.217993E-02 -0.158826E-02 +0.000000E+00 +0.429342E-03 +0.000000E+00 +0.000000E+00
 +0.110366E+01 -0.102990E+03 +0.145000E+03 -0.533118E+02 +0.302573E+02 +0.112235E+02 +0.000000E+00 +0.000000E+00 +0.218012E-02 -0.158781E-02 +0.000000E+00 +0.426492E-03 +0.000000E+00 +0.000000E+00
 +0.110366E+01 -0.103000E+03 +0.145043E+03 -0.532555E+02 +0.302898E+02 +0.111485E+02 +0.000000E+00 +0.000000E+00 +0.218031E-02 -0.158736E-02 +0.000000E+00 +0.423642E-03 +0.000000E+00 +0.000000E+00
 +0.110366E+01 -0.103010E+03 +0.145085E+03 -0.531992E+02 +0.303224E+02 +0.110735E+02 +0.000000E+00 +0.000000E+00 +0.218049E-02 -0.158691E-02 +0.000000E+00 +0.420793E-03 +0.000000E+00 +0.000000E+00
 +0.110366E+01 -0.103020E+03 +0.145128E+03 -0.531430E+02 +0.303549E+02 +0.109985E+02 +0.000000E+00 +0.000000E+00 +0.218068E-02 -0.158646E-02 +0.000000E+00 +0.417943E-03 +0.000000E+00 +0.000000E+00
 +0.110366E+01 -0.103030E+03 +0.145170E+03 -0.530867E+02 +0.303875E+02 +0.109235E+02 +0.000000E+00 +0.000000E+00 +0.218087E-02 -0.158601E-02 +0.000000E+00 +0.415093E-03 +0.000000E+00 +0.000000E+00
 +0.110366E+01 -0.103040E+03 +0.145212E+03 -0.530305E+02 +0.304200E+02 +0.108485E+02 +0.000000E+00 +0.000000E+00 +0.218105E-02 -0.158556E-02 +0.000000E+00 +0.412244E-03 +0.000000E+00 +0.000000E+00
 +0.110366E+01 -0.103050E+03 +0.145255E+03 -0.529742E+02 +0.304526E+02 +0.107735E+02 +0.000000E+00 +0.000000E+00 +0.218124E-02 -0.158511E-02 +0.000000E+00 +0.409394E-03 +0.000000E+00 +0.000000E+00
 +0.110366E+01 -0.103060E+03 +0.145288E+03 -0.529117E+02 +0.304840E+02 +0.106990E+02 +0.000000E+00 +0.000000E+00 +0.218127E-02 -0.158452E-02 +0.000000E+00 +0.406560E-03 +0.000000E+00 +0.000000E+00
 +0.110366E+01 -0.103070E+03 +0.145316E+03 -0.528466E+02 +0.305150E+02 +0.106246E+02 +0.000000E+00 +0.000000E+00 +0.218122E-02 -0.158387E-02 +0.000000E+00 +0.403733E-03 +0.000000E+00 +0.000000E+00
 +0.110366E+01 -0.103080E+03 +0.145345E+03 -0.527814E+02 +0.305460E+02 +0.105501E+02 +0.000000E+00 +0.000000E+00 +0.218118E-02 -0.158322E-02 +0.000000E+00 +0.400906E-03 +0.000000E+00 +0.000000E+00
 +0.110366E+01 -0.103090E+03 +0.145374E+03 -0.527163E+02 +0.305770E+02 +0.104757E+02 +0.000000E+00 +0.000000E+00 +0.218114E-02 -0.158257E-02 +0.000000E+00 +0.398078E-03 +0.000000E+00 +0.000000E+00
 +0.110366E+01 -0.103100E+03 +0.145403E+03 -0.526511E+02 +0.306080E+02 +0.104013E+02 +0.000000E+00 +0.000000E+00 +0.218110E-02 -0.158192E-02 +0.000000E+00 +0.395251E-03 +0.000000E+00 +0.000000E+00
 +0.110366E+01 -0.103110E+03 +0.145431E+03 -0.525860E+02 +0.306390E+02 +0.103269E+02 +0.000000E+00 +0.000000E+00 +0.218106E-02 -0.158127E-02 +0.000000E+00 +0.392424E-03 +0.000000E+00 +0.000000E+00
 +0.110366E+01 -0.103120E+03 +0.145460E+03 -0.525209E+02 +0.306699E+02 +0.102525E+02 +0.000000E+00 +0.000000E+00 +0.218101E-02 -0.158063E-02 +0.000000E+00 +0.389597E-03 +0.000000E+00 +0.000000E+00
 +0.110366E+01 -0.103130E+03 +0.145503E+03 -0.524618E+02 +0.307036E+02 +0.101959E+02 +0.000000E+00 +0.000000E+00 +0.218119E-02 -0.158014E-02 +0.000000E+00 +0.387444E-03 +0.000000E+00 +0.000000E+00
 +0.110366E+01 -0.103140E+03 +0.145547E+03 -0.524029E+02 +0.307374E+02 +0.101400E+02 +0.000000E+00 +0.000000E+00 +0.218138E-02 -0.157967E-02 +0.000000E+00 +0.385320E-03 +0.000000E+00 +0.000000E+00
 +0.110366E+01 -0.103150E+03 +0.145590E+03 -0.523441E+02 +0.307712E+02 +0.100841E+02 +0.000000E+00 +0.000000E+00 +0.218156E-02 -0.157919E-02 +0.000000E+00 +0.383197E-03 +0.000000E+00 +0.000000E+00
 +0.110366E+01 -0.103160E+03 +0.145634E+03 -0.522853E+02 +0.308050E+02 +0.100282E+02 +0.000000E+00 +0.000000E+00 +0.218175E-02 -0.157872E-02 +0.000000E+00 +0.381073E-03 +0.000000E+00 +0.000000E+00
 +0.110366E+01 -0.103170E+03 +0.145678E+03 -0.522265E+02 +0.308388E+02 +0.997237E+01 +0.000000E+00 +0.000000E+00 +0.218193E-02 -0.157824E-02 +0.000000E+00 +0.378950E-03 +0.000000E+00 +0.000000E+00
 +0.110366E+01 -0.103180E+03 +0.145721E+03 -0.521676E+02 +0.308727E+02 +0.991649E+01 +0.000000E+00 +0.000000E+00 +0.218212E-02 -0.157777E-02 +0.000000E+00 +0.376827E-03 +0.000000E+00 +0.000000E+00
 +0.110366E+01 -0.103190E+03 +0.145765E+03 -0.521088E+02 +0.309065E+02 +0.986061E+01 +0.000000E+00 +0.000000E+00 +0.218231E-02 -0.157729E-02 +0.000000E+00 +0.374703E-03 +0.000000E+00 +0.000000E+00
 +0.110366E+01 -0.103200E+03 +0.145808E+03 -0.520500E+02 +0.309403E+02 +0.980473E+01 +0.000000E+00 +0.000000E+00 +0.218249E-02 -0.157681E-02 +0.000000E+00 +0.372580E-03 +0.000000E+00 +0.000000E+00
 +0.110366E+01 -0.103210E+03 +0.145852E+03 -0.519911E+02 +0.309741E+02 +0.974886E+01 +0.000000E+00 +0.000000E+00 +0.218268E-02 -0.157634E-02 +0.000000E+00 +0.370457E-03 +0.000000E+00 +0.000000E+00
 +0.110366E+01 -0.103220E+03 +0.145896E+03 -0.519323E+02 +0.310079E+02 +0.969298E+01 +0.000000E+00 +0.000000E+00 +0.218287E-02 -0.157586E-02 +0.000000E+00 +0.368333E-03 +0.000000E+00 +0.000000E+00
 +0.110366E+01 -0.103230E+03 +0.145939E+03 -0.518735E+02 +0.310417E+02 +0.963710E+01 +0.000000E+00 +0.000000E+00 +0.218305E-02 -0.157539E-02 +0.000000E+00 +0.366210E-03 +0.000000E+00 +0.000000E+00
 +0.110366E+01 -0.103240E+03 +0.145983E+03 -0.518146E+02 +0.310755E+02 +0.958122E+01 +0.000000E+00 +0.000000E+00 +0.218324E-02 -0.157491E-02 +0.000000E+00 +0.364086E-03 +0.000000E+00 +0.000000E+00
 +0.110366E+01 -0.103250E+03 +0.146026E+03 -0.517558E+02 +0.311093E+02 +0.952534E+01 +0.000000E+00 +0.000000E+00 +0.218342E-02 -0.157444E-02 +0.000000E+00 +0.361963E-03 +0.000000E+00 +0.000000E+00
 +0.110366E+01 -0.103260E+03 +0.146070E+03 -0.516970E+02 +0.311431E+02 +0.946946E+01 +0.000000E+00 +0.000000E+00 +0.218361E-02 -0.157396E-02 +0.000000E+00 +0.359840E-03 +0.000000E+00 +0.000000E+00
 +0.110366E+01 -0.103270E+03 +0.146114E+03 -0.516382E+02 +0.311769E+02 +0.941358E+01 +0.000000E+00 +0.000000E+00 +0.218380E-02 -0.157349E-02 +0.000000E+00 +0.357716E-03 +0.000000E+00 +0.000000E+00
 +0.110366E+01 -0.103280E+03 +0.146157E+03 -0.515793E+02 +0.312107E+02 +0.935771E+01 +0.000000E+00 +0.000000E+00 +0.218398E-02 -0.157301E-02 +0.000000E+00 +0.355593E-03 +0.000000E+00 +0.000000E+00
 +0.110366E+01 -0.103290E+03 +0.146201E+03 -0.515205E+02 +0.312445E+02 +0.930183E+01 +0.000000E+00 +0.000000E+00 +0.218417E-02 -0.157253E-02 +0.000000E+00 +0.353469E-03 +0.000000E+00 +0.000000E+00
 +0.110366E+01 -0.103300E+03 +0.146244E+03 -0.514617E+02 +0.312783E+02 +0.924595E+01 +0.000000E+00 +0.000000E+00 +0.218436E-02 -0.157206E-02 +0.000000E+00 +0.351346E-03 +0.000000E+00 +0.000000E+00
 +0.110366E+01 -0.103310E+03 +0.146288E+03 -0.514028E+02 +0.313121E+02 +0.919007E+01 +0.000000E+00 +0.000000E+00 +0.218454E-02 -0.157158E-02 +0.000000E+00 +0.349223E-03 +0.000000E+00 +0.000000E+00
 +0.110366E+01 -0.103320E+03 +0.146327E+03 -0.513335E+02 +0.313478E+02 +0.911933E+01 +0.000000E+00 +0.000000E+00 +0.218460E-02 -0.157094E-02 +0.000000E+00 +0.346535E-03 +0.000000E+00 +0.000000E+00
 +0.110366E+01 -0.103330E+03 +0.146365E+03 -0.512630E+02 +0.313837E+02 +0.904699E+01 +0.000000E+00 +0.000000E+00 +0.218464E-02 -0.157029E-02 +0.000000E+00 +0.343786E-03 +0.000000E+00 +0.000000E+00
 +0.110366E+01 -0.103340E+03 +0.146403E+03 -0.511925E+02 +0.314195E+02 +0.897466E+01 +0.000000E+00 +0.000000E+00 +0.218469E-02 -0.156963E-02 +0.000000E+00 +0.341037E-03 +0.000000E+00 +0.000000E+00
 +0.110366E+01 -0.103350E+03 +0.146441E+03 -0.511220E+02 +0.314554E+02 +0.890232E+01 +0.000000E+00 +0.000000E+00 +0.218473E-02 -0.156897E-02 +0.000000E+00 +0.338288E-03 +0.000000E+00 +0.000000E+00
 +0.110366E+01 -0.103360E+03 +0.146480E+03 -0.510515E+02 +0.314913E+02 +0.882999E+01 +0.000000E+00 +0.000000E+00 +0.218478E-02 -0.156831E-02 +0.000000E+00 +0.335539E-03 +0.000000E+00 +0.000000E+00
 +0.110366E+01 -0.103370E+03 +0.146518E+03 -0.509810E+02 +0.315272E+02 +0.875765E+01 +0.000000E+00 +0.000000E+00 +0.218482E-02 -0.156765E-02 +0.000000E+00 +0.332791E-03 +0.000000E+00 +0.000000E+00
 +0.110366E+01 -0.103380E+03 +0.146556E+03 -0.509104E+02 +0.315631E+02 +0.868531E+01 +0.000000E+00 +0.000000E+00 +0.218487E-02 -0.156700E-02 +0.000000E+00 +0.330042E-03 +0.000000E+00 +0.000000E+00
 +0.110366E+01 -0.103390E+03 +0.146594E+03 -0.508399E+02 +0.315989E+02 +0.861298E+01 +0.000000E+00 +0.000000E+00 +0.218491E-02 -0.156634E-02 +0.000000E+00 +0.327293E-03 +0.000000E+00 +0.000000E+00
 +0.110366E+01 -0.103400E+03 +0.146633E+03 -0.507694E+02 +0.316348E+02 +0.854064E+01 +0.000000E+00 +0.000000E+00 +0.218496E-02 -0.156568E-02 +0.000000E+00 +0.324544E-03 +0.000000E+00 +0.000000E+00
 +0.110366E+01 -0.103410E+03 +0.146671E+03 -0.506989E+02 +0.316707E+02 +0.846831E+01 +0.000000E+00 +0.000000E+00 +0.218500E-02 -0.156502E-02 +0.000000E+00 +0.321796E-03 +0.000000E+00 +0.000000E+00
 +0.110366E+01 -0.103420E+03 +0.146709E+03 -0.506284E+02 +0.317066E+02 +0.839597E+01 +0.000000E+00 +0.000000E+00 +0.218505E-02 -0.156437E-02 +0.000000E+00 +0.319047E-03 +0.000000E+00 +0.000000E+00
 +0.110366E+01 -0.103430E+03 +0.146747E+03 -0.505579E+02 +0.317425E+02 +0.832363E+01 +0.000000E+00 +0.000000E+00 +0.218509E-02 -0.156371E-02 +0.000000E+00 +0.316298E-03 +0.000000E+00 +0.000000E+00
 +0.110366E+01 -0.103440E+03 +0.146785E+03 -0.504874E+02 +0.317783E+02 +0.825130E+01 +0.000000E+00 +0.000000E+00 +0.218513E-02 -0.156305E-02 +0.000000E+00 +0.313549E-03 +0.000000E+00 +0.000000E+00
 +0.110366E+01 -0.103450E+03 +0.146824E+03 -0.504169E+02 +0.318142E+02 +0.817896E+01 +0.000000E+00 +0.000000E+00 +0.218518E-02 -0.156239E-02 +0.000000E+00 +0.310801E-03 +0.000000E+00 +0.000000E+00
 +0.110366E+01 -0.103460E+03 +0.146862E+03 -0.503464E+02 +0.318501E+02 +0.810662E+01 +0.000000E+00 +0.000000E+00 +0.218522E-02 -0.156173E-02 +0.000000E+00 +0.308052E-03 +0.000000E+00 +0.000000E+00
 +0.110366E+01 -0.103470E+03 +0.146900E+03 -0.502759E+02 +0.318860E+02 +0.803429E+01 +0.000000E+00 +0.000000E+00 +0.218527E-02 -0.156108E-02 +0.000000E+00 +0.305303E-03 +0.000000E+00 +0.000000E+00
 +0.110366E+01 -0.103480E+03 +0.146938E+03 -0.502054E+02 +0.319219E+02 +0.796195E+01 +0.000000E+00 +0.000000E+00 +0.218531E-02 -0.156042E-02 +0.000000E+00 +0.302554E-03 +0.000000E+00 +0.000000E+00
 +0.110366E+01 -0.103490E+03 +0.146977E+03 -0.501349E+02 +0.319577E+02 +0.788962E+01 +0.000000E+00 +0.000000E+00 +0.218536E-02 -0.155976E-02 +0.000000E+00 +0.299805E-03 +0.000000E+00 +0.000000E+00
 +0.110366E+01 -0.103500E+03 +0.147015E+03 -0.500644E+02 +0.319936E+02 +0.781728E+01 +0.000000E+00 +0.000000E+00 +0.218540E-02 -0.155910E-02 +0.000000E+00 +0.297057E-03 +0.000000E+00 +0.000000E+00
 +0.110366E+01 -0.103510E+03 +0.147053E+03 -0.499939E+02 +0.320295E+02 +0.774494E+01 +0.000000E+00 +0.000000E+00 +0.218545E-02 -0.155844E-02 +0.000000E+00 +0.294308E-03 +0.000000E+00 +0.000000E+00
 +0.110366E+01 -0.103520E+03 +0.147091E+03 -0.499234E+02 +0.320654E+02 +0.767261E+01 +0.000000E+00 +0.000000E+00 +0.218549E-02 -0.155779E-02 +0.000000E+00 +0.291559E-03 +0.000000E+00 +0.000000E+00
 +0.110366E+01 -0.103530E+03 +0.147128E+03 -0.498572E+02 +0.320994E+02 +0.760211E+01 +0.000000E+00 +0.000000E+00 +0.218555E-02 -0.155718E-02 +0.000000E+00 +0.288880E-03 +0.000000E+00 +0.000000E+00
 +0.110366E+01 -0.103540E+03 +0.147151E+03 -0.498408E+02 +0.321124E+02 +0.755297E+01 +0.000000E+00 +0.000000E+00 +0.218574E-02 -0.155711E-02 +0.000000E+00 +0.287013E-03 +0.000000E+00 +0.000000E+00
 +0.110366E+01 -0.103550E+03 +0.147174E+03 -0.498244E+02 +0.321254E+02 +0.750382E+01 +0.000000E+00 +0.000000E+00 +0.218592E-02 -0.155704E-02 +0.000000E+00 +0.285145E-03 +0.000000E+00 +0.000000E+00
 +0.110366E+01 -0.103560E+03 +0.147197E+03 -0.498079E+02 +0.321383E+02 +0.745468E+01 +0.000000E+00 +0.000000E+00 +0.218611E-02 -0.155698E-02 +0.000000E+00 +0.283278E-03 +0.000000E+00 +0.000000E+00
 +0.110366E+01 -0.103570E+03 +0.147220E+03 -0.497915E+02 +0.321513E+02 +0.740553E+01 +0.000000E+00 +0.000000E+00 +0.218630E-02 -0.155691E-02 +0.000000E+00 +0.281410E-03 +0.000000E+00 +0.000000E+00
 +0.110366E+01 -0.103580E+03 +0.147243E+03 -0.497751E+02 +0.321643E+02 +0.735638E+01 +0.000000E+00 +0.000000E+00 +0.218649E-02 -0.155685E-02 +0.000000E+00 +0.279543E-03 +0.000000E+00 +0.000000E+00
 +0.110366E+01 -0.103590E+03 +0.147265E+03 -0.497587E+02 +0.321773E+02 +0.730724E+01 +0.000000E+00 +0.000000E+00 +0.218668E-02 -0.155678E-02 +0.000000E+00 +0.277675E-03 +0.000000E+00 +0.000000E+00
 +0.110366E+01 -0.103600E+03 +0.147288E+03 -0.497422E+02 +0.321902E+02 +0.725809E+01 +0.000000E+00 +0.000000E+00 +0.218686E-02 -0.155672E-02 +0.000000E+00 +0.275807E-03 +0.000000E+00 +0.000000E+00
 +0.110366E+01 -0.103610E+03 +0.147311E+03 -0.497258E+02 +0.322032E+02 +0.720895E+01 +0.000000E+00 +0.000000E+00 +0.218705E-02 -0.155665E-02 +0.000000E+00 +0.273940E-03 +0.000000E+00 +0.000000E+00
 +0.110366E+01 -0.103620E+03 +0.147334E+03 -0.497094E+02 +0.322162E+02 +0.715980E+01 +0.000000E+00 +0.000000E+00 +0.218724E-02 -0.155659E-02 +0.000000E+00 +0.272072E-03 +0.000000E+00 +0.000000E+00
 +0.110366E+01 -0.103630E+03 +0.147357E+03 -0.496930E+02 +0.322291E+02 +0.711065E+01 +0.000000E+00 +0.000000E+00 +0.218743E-02 -0.155652E-02 +0.000000E+00 +0.270205E-03 +0.000000E+00 +0.000000E+00
 +0.110366E+01 -0.103640E+03 +0.147380E+03 -0.496766E+02 +0.322421E+02 +0.706151E+01 +0.000000E+00 +0.000000E+00 +0.218762E-02 -0.155645E-02 +0.000000E+00 +0.268337E-03 +0.000000E+00 +0.000000E+00
 +0.110366E+01 -0.103650E+03 +0.147403E+03 -0.496601E+02 +0.322551E+02 +0.701236E+01 +0.000000E+00 +0.000000E+00 +0.218781E-02 -0.155639E-02 +0.000000E+00 +0.266470E-03 +0.000000E+00 +0.000000E+00
 +0.110366E+01 -0.103660E+03 +0.147426E+03 -0.496437E+02 +0.322680E+02 +0.696322E+01 +0.000000E+00 +0.000000E+00 +0.218799E-02 -0.155632E-02 +0.000000E+00 +0.264602E-03 +0.000000E+00 +0.000000E+00
 +0.110366E+01 -0.103670E+03 +0.147449E+03 -0.496273E+02 +0.322810E+02 +0.691407E+01 +0.000000E+00 +0.000000E+00 +0.218818E-02 -0.155626E-02 +0.000000E+00 +0.262735E-03 +0.000000E+00 +0.000000E+00
 +0.110366E+01 -0.103680E+03 +0.147471E+03 -0.496109E+02 +0.322940E+02 +0.686492E+01 +0.000000E+00 +0.000000E+00 +0.218837E-02 -0.155619E-02 +0.000000E+00 +0.260867E-03 +0.000000E+00 +0.000000E+00
 +0.110366E+01 -0.103690E+03 +0.147494E+03 -0.495944E+02 +0.323069E+02 +0.681578E+01 +0.000000E+00 +0.000000E+00 +0.218856E-02 -0.155613E-02 +0.000000E+00 +0.259000E-03 +0.000000E+00 +0.000000E+00
 +0.110366E+01 -0.103700E+03 +0.147517E+03 -0.495780E+02 +0.323199E+02 +0.676663E+01 +0.000000E+00 +0.000000E+00 +0.218875E-02 -0.155606E-02 +0.000000E+00 +0.257132E-03 +0.000000E+00 +0.000000E+00
 +0.110366E+01 -0.103710E+03 +0.147537E+03 -0.495551E+02 +0.323342E+02 +0.671701E+01 +0.000000E+00 +0.000000E+00 +0.218886E-02 -0.155590E-02 +0.000000E+00 +0.255246E-03 +0.000000E+00 +0.000000E+00
 +0.110366E+01 -0.103720E+03 +0.147545E+03 -0.495004E+02 +0.323546E+02 +0.666505E+01 +0.000000E+00 +0.000000E+00 +0.218861E-02 -0.155524E-02 +0.000000E+00 +0.253272E-03 +0.000000E+00 +0.000000E+00
 +0.110366E+01 -0.103730E+03 +0.147552E+03 -0.494456E+02 +0.323751E+02 +0.661309E+01 +0.000000E+00 +0.000000E+00 +0.218836E-02 -0.155459E-02 +0.000000E+00 +0.251297E-03 +0.000000E+00 +0.000000E+00
 +0.110366E+01 -0.103740E+03 +0.147559E+03 -0.493909E+02 +0.323955E+02 +0.656112E+01 +0.000000E+00 +0.000000E+00 +0.218811E-02 -0.155394E-02 +0.000000E+00 +0.249323E-03 +0.000000E+00 +0.000000E+00
 +0.110366E+01 -0.103750E+03 +0.147566E+03 -0.493361E+02 +0.324160E+02 +0.650916E+01 +0.000000E+00 +0.000000E+00 +0.218786E-02 -0.155329E-02 +0.000000E+00 +0.247348E-03 +0.000000E+00 +0.000000E+00
 +0.110366E+01 -0.103760E+03 +0.147574E+03 -0.492813E+02 +0.324365E+02 +0.645720E+01 +0.000000E+00 +0.000000E+00 +0.218761E-02 -0.155264E-02 +0.000000E+00 +0.245374E-03 +0.000000E+00 +0.000000E+00
 +0.110366E+01 -0.103770E+03 +0.147581E+03 -0.492266E+02 +0.324569E+02 +0.640524E+01 +0.000000E+00 +0.000000E+00 +0.218736E-02 -0.155199E-02 +0.000000E+00 +0.243399E-03 +0.000000E+00 +0.000000E+00
 +0.110366E+01 -0.103780E+03 +0.147588E+03 -0.491718E+02 +0.324774E+02 +0.635328E+01 +0.000000E+00 +0.000000E+00 +0.218710E-02 -0.155133E-02 +0.000000E+00 +0.241424E-03 +0.000000E+00 +0.000000E+00
 +0.110366E+01 -0.103790E+03 +0.147595E+03 -0.491171E+02 +0.324979E+02 +0.630131E+01 +0.000000E+00 +0.000000E+00 +0.218685E-02 -0.155068E-02 +0.000000E+00 +0.239450E-03 +0.000000E+00 +0.000000E+00
 +0.110366E+01 -0.103800E+03 +0.147603E+03 -0.490623E+02 +0.325183E+02 +0.624935E+01 +0.000000E+00 +0.000000E+00 +0.218660E-02 -0.155003E-02 +0.000000E+00 +0.237475E-03 +0.000000E+00 +0.000000E+00
 +0.110366E+01 -0.103810E+03 +0.147610E+03 -0.490075E+02 +0.325388E+02 +0.619739E+01 +0.000000E+00 +0.000000E+00 +0.218635E-02 -0.154938E-02 +0.000000E+00 +0.235501E-03 +0.000000E+00 +0.000000E+00
 +0.110366E+01 -0.103820E+03 +0.147617E+03 -0.489528E+02 +0.325592E+02 +0.614543E+01 +0.000000E+00 +0.000000E+00 +0.218610E-02 -0.154873E-02 +0.000000E+00 +0.233526E-03 +0.000000E+00 +0.000000E+00
 +0.110366E+01 -0.103830E+03 +0.147624E+03 -0.488980E+02 +0.325797E+02 +0.609346E+01 +0.000000E+00 +0.000000E+00 +0.218585E-02 -0.154808E-02 +0.000000E+00 +0.231552E-03 +0.000000E+00 +0.000000E+00
 +0.110366E+01 -0.103840E+03 +0.147632E+03 -0.488432E+02 +0.326002E+02 +0.604150E+01 +0.000000E+00 +0.000000E+00 +0.218560E-02 -0.154742E-02 +0.000000E+00 +0.229577E-03 +0.000000E+00 +0.000000E+00
 +0.110366E+01 -0.103850E+03 +0.147639E+03 -0.487885E+02 +0.326206E+02 +0.598954E+01 +0.000000E+00 +0.000000E+00 +0.218535E-02 -0.154677E-02 +0.000000E+00 +0.227602E-03 +0.000000E+00 +0.000000E+00
 +0.110366E+01 -0.103860E+03 +0.147646E+03 -0.487337E+02 +0.326411E+02 +0.593758E+01 +0.000000E+00 +0.000000E+00 +0.218510E-02 -0.154612E-02 +0.000000E+00 +0.225628E-03 +0.000000E+00 +0.000000E+00
 +0.110366E+01 -0.103870E+03 +0.147665E+03 -0.486769E+02 +0.326662E+02 +0.590023E+01 +0.000000E+00 +0.000000E+00 +0.218499E-02 -0.154552E-02 +0.000000E+00 +0.224209E-03 +0.000000E+00 +0.000000E+00
 +0.110366E+01 -0.103880E+03 +0.147692E+03 -0.486189E+02 +0.326940E+02 +0.587111E+01 +0.000000E+00 +0.000000E+00 +0.218495E-02 -0.154495E-02 +0.000000E+00 +0.223102E-03 +0.000000E+00 +0.000000E+00
 +0.110366E+01 -0.103890E+03 +0.147718E+03 -0.485610E+02 +0.327217E+02 +0.584200E+01 +0.000000E+00 +0.000000E+00 +0.218492E-02 -0.154437E-02 +0.000000E+00 +0.221996E-03 +0.000000E+00 +0.000000E+00
 +0.110366E+01 -0.103900E+03 +0.147744E+03 -0.485030E+02 +0.327494E+02 +0.581288E+01 +0.000000E+00 +0.000000E+00 +0.218489E-02 -0.154380E-02 +0.000000E+00 +0.220890E-03 +0.000000E+00 +0.000000E+00
 +0.110366E+01 -0.103910E+03 +0.147770E+03 -0.484450E+02 +0.327772E+02 +0.578377E+01 +0.000000E+00 +0.000000E+00 +0.218486E-02 -0.154322E-02 +0.000000E+00 +0.219783E-03 +0.000000E+00 +0.000000E+00
 +0.110366E+01 -0.103920E+03 +0.147796E+03 -0.483871E+02 +0.328049E+02 +0.575465E+01 +0.000000E+00 +0.000000E+00 +0.218483E-02 -0.154265E-02 +0.000000E+00 +0.218677E-03 +0.000000E+00 +0.000000E+00
 +0.110366E+01 -0.103930E+03 +0.147822E+03 -0.483291E+02 +0.328327E+02 +0.572553E+01 +0.000000E+00 +0.000000E+00 +0.218480E-02 -0.154207E-02 +0.000000E+00 +0.217570E-03 +0.000000E+00 +0.000000E+00
 +0.110366E+01 -0.103940E+03 +0.147848E+03 -0.482711E+02 +0.328604E+02 +0.569642E+01 +0.000000E+00 +0.000000E+00 +0.218477E-02 -0.154150E-02 +0.000000E+00 +0.216464E-03 +0.000000E+00 +0.000000E+00
 +0.110366E+01 -0.103950E+03 +0.147874E+03 -0.482132E+02 +0.328881E+02 +0.566730E+01 +0.000000E+00 +0.000000E+00 +0.218473E-02 -0.154092E-02 +0.000000E+00 +0.215357E-03 +0.000000E+00 +0.000000E+00
 +0.110366E+01 -0.103960E+03 +0.147900E+03 -0.481552E+02 +0.329159E+02 +0.563819E+01 +0.000000E+00 +0.000000E+00 +0.218470E-02 -0.154035E-02 +0.000000E+00 +0.214251E-03 +0.000000E+00 +0.000000E+00
 +0.110366E+01 -0.103970E+03 +0.147926E+03 -0.480972E+02 +0.329436E+02 +0.560907E+01 +0.000000E+00 +0.000000E+00 +0.218467E-02 -0.153978E-02 +0.000000E+00 +0.213145E-03 +0.000000E+00 +0.000000E+00
 +0.110366E+01 -0.103980E+03 +0.147952E+03 -0.480393E+02 +0.329713E+02 +0.557995E+01 +0.000000E+00 +0.000000E+00 +0.218464E-02 -0.153920E-02 +0.000000E+00 +0.212038E-03 +0.000000E+00 +0.000000E+00
 +0.110366E+01 -0.103990E+03 +0.147979E+03 -0.479813E+02 +0.329991E+02 +0.555084E+01 +0.000000E+00 +0.000000E+00 +0.218461E-02 -0.153863E-02 +0.000000E+00 +0.210932E-03 +0.000000E+00 +0.000000E+00
 +0.110366E+01 -0.104000E+03 +0.148005E+03 -0.479233E+02 +0.330268E+02 +0.552172E+01 +0.000000E+00 +0.000000E+00 +0.218458E-02 -0.153805E-02 +0.000000E+00 +0.209825E-03 +0.000000E+00 +0.000000E+00
 +0.110366E+01 -0.104010E+03 +0.148031E+03 -0.478654E+02 +0.330546E+02 +0.549261E+01 +0.000000E+00 +0.000000E+00 +0.218455E-02 -0.153748E-02 +0.000000E+00 +0.208719E-03 +0.000000E+00 +0.000000E+00
 +0.110366E+01 -0.104020E+03 +0.148057E+03 -0.478074E+02 +0.330823E+02 +0.546349E+01 +0.000000E+00 +0.000000E+00 +0.218452E-02 -0.153690E-02 +0.000000E+00 +0.207613E-03 +0.000000E+00 +0.000000E+00
 +0.110366E+01 -0.104030E+03 +0.148083E+03 -0.477494E+02 +0.331100E+02 +0.543437E+01 +0.000000E+00 +0.000000E+00 +0.218448E-02 -0.153633E-02 +0.000000E+00 +0.206506E-03 +0.000000E+00 +0.000000E+00
 +0.110366E+01 -0.104040E+03 +0.148109E+03 -0.476914E+02 +0.331378E+02 +0.540526E+01 +0.000000E+00 +0.000000E+00 +0.218445E-02 -0.153576E-02 +0.000000E+00 +0.205400E-03 +0.000000E+00 +0.000000E+00
 +0.110366E+01 -0.104050E+03 +0.148135E+03 -0.476335E+02 +0.331655E+02 +0.537614E+01 +0.000000E+00 +0.000000E+00 +0.218442E-02 -0.153518E-02 +0.000000E+00 +0.204293E-03 +0.000000E+00 +0.000000E+00
 +0.110366E+01 -0.104060E+03 +0.148161E+03 -0.475755E+02 +0.331933E+02 +0.534702E+01 +0.000000E+00 +0.000000E+00 +0.218439E-02 -0.153461E-02 +0.000000E+00 +0.203187E-03 +0.000000E+00 +0.000000E+00
 +0.110366E+01 -0.104070E+03 +0.148187E+03 -0.475175E+02 +0.332210E+02 +0.531791E+01 +0.000000E+00 +0.000000E+00 +0.218436E-02 -0.153403E-02 +0.000000E+00 +0.202081E-03 +0.000000E+00 +0.000000E+00
 +0.110366E+01 -0.104080E+03 +0.148213E+03 -0.474596E+02 +0.332487E+02 +0.528879E+01 +0.000000E+00 +0.000000E+00 +0.218433E-02 -0.153346E-02 +0.000000E+00 +0.200974E-03 +0.000000E+00 +0.000000E+00
 +0.110366E+01 -0.104090E+03 +0.148239E+03 -0.474016E+02 +0.332765E+02 +0.525968E+01 +0.000000E+00 +0.000000E+00 +0.218430E-02 -0.153288E-02 +0.000000E+00 +0.199868E-03 +0.000000E+00 +0.000000E+00
 +0.110366E+01 -0.104100E+03 +0.148266E+03 -0.473436E+02 +0.333042E+02 +0.523056E+01 +0.000000E+00 +0.000000E+00 +0.218426E-02 -0.153231E-02 +0.000000E+00 +0.198761E-03 +0.000000E+00 +0.000000E+00
 +0.110366E+01 -0.104110E+03 +0.148292E+03 -0.472857E+02 +0.333320E+02 +0.520144E+01 +0.000000E+00 +0.000000E+00 +0.218423E-02 -0.153174E-02 +0.000000E+00 +0.197655E-03 +0.000000E+00 +0.000000E+00
 +0.110366E+01 -0.104120E+03 +0.148318E+03 -0.472277E+02 +0.333597E+02 +0.517233E+01 +0.000000E+00 +0.000000E+00 +0.218420E-02 -0.153116E-02 +0.000000E+00 +0.196548E-03 +0.000000E+00 +0.000000E+00
 +0.110366E+01 -0.104130E+03 +0.148344E+03 -0.471697E+02 +0.333874E+02 +0.514321E+01 +0.000000E+00 +0.000000E+00 +0.218417E-02 -0.153059E-02 +0.000000E+00 +0.195442E-03 +0.000000E+00 +0.000000E+00
 +0.110366E+01 -0.104140E+03 +0.148370E+03 -0.471118E+02 +0.334152E+02 +0.511410E+01 +0.000000E+00 +0.000000E+00 +0.218414E-02 -0.153001E-02 +0.000000E+00 +0.194336E-03 +0.000000E+00 +0.000000E+00
 +0.110366E+01 -0.104150E+03 +0.148396E+03 -0.470538E+02 +0.334429E+02 +0.508498E+01 +0.000000E+00 +0.000000E+00 +0.218411E-02 -0.152944E-02 +0.000000E+00 +0.193229E-03 +0.000000E+00 +0.000000E+00
 +0.110366E+01 -0.104160E+03 +0.148422E+03 -0.469958E+02 +0.334707E+02 +0.505586E+01 +0.000000E+00 +0.000000E+00 +0.218408E-02 -0.152886E-02 +0.000000E+00 +0.192123E-03 +0.000000E+00 +0.000000E+00
 +0.110366E+01 -0.104170E+03 +0.148448E+03 -0.469379E+02 +0.334984E+02 +0.502675E+01 +0.000000E+00 +0.000000E+00 +0.218405E-02 -0.152829E-02 +0.000000E+00 +0.191016E-03 +0.000000E+00 +0.000000E+00
 +0.110366E+01 -0.104180E+03 +0.148474E+03 -0.468799E+02 +0.335261E+02 +0.499763E+01 +0.000000E+00 +0.000000E+00 +0.218401E-02 -0.152771E-02 +0.000000E+00 +0.189910E-03 +0.000000E+00 +0.000000E+00
 +0.110366E+01 -0.104190E+03 +0.148500E+03 -0.468219E+02 +0.335539E+02 +0.496852E+01 +0.000000E+00 +0.000000E+00 +0.218398E-02 -0.152714E-02 +0.000000E+00 +0.188804E-03 +0.000000E+00 +0.000000E+00
 +0.110366E+01 -0.104200E+03 +0.148526E+03 -0.467640E+02 +0.335816E+02 +0.493940E+01 +0.000000E+00 +0.000000E+00 +0.218395E-02 -0.152657E-02 +0.000000E+00 +0.187697E-03 +0.000000E+00 +0.000000E+00
 +0.110366E+01 -0.104210E+03 +0.148553E+03 -0.467060E+02 +0.336094E+02 +0.491028E+01 +0.000000E+00 +0.000000E+00 +0.218392E-02 -0.152599E-02 +0.000000E+00 +0.186591E-03 +0.000000E+00 +0.000000E+00
 +0.110366E+01 -0.104220E+03 +0.148579E+03 -0.466480E+02 +0.336371E+02 +0.488117E+01 +0.000000E+00 +0.000000E+00 +0.218389E-02 -0.152542E-02 +0.000000E+00 +0.185484E-03 +0.000000E+00 +0.000000E+00
 +0.110366E+01 -0.104230E+03 +0.148605E+03 -0.465900E+02 +0.336648E+02 +0.485205E+01 +0.000000E+00 +0.000000E+00 +0.218386E-02 -0.152484E-02 +0.000000E+00 +0.184378E-03 +0.000000E+00 +0.000000E+00
 +0.110366E+01 -0.104240E+03 +0.148631E+03 -0.465321E+02 +0.336926E+02 +0.482293E+01 +0.000000E+00 +0.000000E+00 +0.218383E-02 -0.152427E-02 +0.000000E+00 +0.183272E-03 +0.000000E+00 +0.000000E+00
 +0.110366E+01 -0.104250E+03 +0.148657E+03 -0.464741E+02 +0.337203E+02 +0.479382E+01 +0.000000E+00 +0.000000E+00 +0.218380E-02 -0.152369E-02 +0.000000E+00 +0.182165E-03 +0.000000E+00 +0.000000E+00
 +0.110366E+01 -0.104260E+03 +0.148679E+03 -0.464132E+02 +0.337476E+02 +0.476775E+01 +0.000000E+00 +0.000000E+00 +0.218369E-02 -0.152306E-02 +0.000000E+00 +0.181175E-03 +0.000000E+00 +0.000000E+00
 +0.110366E+01 -0.104270E+03 +0.148693E+03 -0.463571E+02 +0.337707E+02 +0.474231E+01 +0.000000E+00 +0.000000E+00 +0.218352E-02 -0.152243E-02 +0.000000E+00 +0.180208E-03 +0.000000E+00 +0.000000E+00
 +0.110366E+01 -0.104280E+03 +0.148706E+03 -0.463010E+02 +0.337937E+02 +0.471687E+01 +0.000000E+00 +0.000000E+00 +0.218334E-02 -0.152180E-02 +0.000000E+00 +0.179241E-03 +0.000000E+00 +0.000000E+00
 +0.110366E+01 -0.104290E+03 +0.148720E+03 -0.462449E+02 +0.338168E+02 +0.469142E+01 +0.000000E+00 +0.000000E+00 +0.218316E-02 -0.152117E-02 +0.000000E+00 +0.178274E-03 +0.000000E+00 +0.000000E+00
 +0.110366E+01 -0.104300E+03 +0.148734E+03 -0.461888E+02 +0.338398E+02 +0.466598E+01 +0.000000E+00 +0.000000E+00 +0.218298E-02 -0.152054E-02 +0.000000E+00 +0.177307E-03 +0.000000E+00 +0.000000E+00
 +0.110366E+01 -0.104310E+03 +0.148748E+03 -0.461327E+02 +0.338629E+02 +0.464054E+01 +0.000000E+00 +0.000000E+00 +0.218281E-02 -0.151992E-02 +0.000000E+00 +0.176341E-03 +0.000000E+00 +0.000000E+00
 +0.110366E+01 -0.104320E+03 +0.148761E+03 -0.460766E+02 +0.338859E+02 +0.461510E+01 +0.000000E+00 +0.000000E+00 +0.218263E-02 -0.151929E-02 +0.000000E+00 +0.175374E-03 +0.000000E+00 +0.000000E+00
 +0.110366E+01 -0.104330E+03 +0.148775E+03 -0.460205E+02 +0.339090E+02 +0.458966E+01 +0.000000E+00 +0.000000E+00 +0.218245E-02 -0.151866E-02 +0.000000E+00 +0.174407E-03 +0.000000E+00 +0.000000E+00
 +0.110366E+01 -0.104340E+03 +0.148789E+03 -0.459644E+02 +0.339320E+02 +0.456421E+01 +0.000000E+00 +0.000000E+00 +0.218228E-02 -0.151803E-02 +0.000000E+00 +0.173440E-03 +0.000000E+00 +0.000000E+00
 +0.110366E+01 -0.104350E+03 +0.148802E+03 -0.459083E+02 +0.339551E+02 +0.453877E+01 +0.000000E+00 +0.000000E+00 +0.218210E-02 -0.151740E-02 +0.000000E+00 +0.172473E-03 +0.000000E+00 +0.000000E+00
 +0.110366E+01 -0.104360E+03 +0.148816E+03 -0.458522E+02 +0.339781E+02 +0.451333E+01 +0.000000E+00 +0.000000E+00 +0.218192E-02 -0.151678E-02 +0.000000E+00 +0.171507E-03 +0.000000E+00 +0.000000E+00
 +0.110366E+01 -0.104370E+03 +0.148830E+03 -0.457961E+02 +0.340012E+02 +0.448789E+01 +0.000000E+00 +0.000000E+00 +0.218175E-02 -0.151615E-02 +0.000000E+00 +0.170540E-03 +0.000000E+00 +0.000000E+00
 +0.110366E+01 -0.104380E+03 +0.148844E+03 -0.457400E+02 +0.340242E+02 +0.446245E+01 +0.000000E+00 +0.000000E+00 +0.218157E-02 -0.151552E-02 +0.000000E+00 +0.169573E-03 +0.000000E+00 +0.000000E+00
 +0.110366E+01 -0.104390E+03 +0.148857E+03 -0.456839E+02 +0.340473E+02 +0.443701E+01 +0.000000E+00 +0.000000E+00 +0.218139E-02 -0.151489E-02 +0.000000E+00 +0.168606E-03 +0.000000E+00 +0.000000E+00
 +0.110366E+01 -0.104400E+03 +0.148871E+03 -0.456278E+02 +0.340703E+02 +0.441156E+01 +0.000000E+00 +0.000000E+00 +0.218122E-02 -0.151426E-02 +0.000000E+00 +0.167639E-03 +0.000000E+00 +0.000000E+00
 +0.110366E+01 -0.104410E+03 +0.148885E+03 -0.455717E+02 +0.340934E+02 +0.438612E+01 +0.000000E+00 +0.000000E+00 +0.218104E-02 -0.151364E-02 +0.000000E+00 +0.166673E-03 +0.000000E+00 +0.000000E+00
 +0.110366E+01 -0.104420E+03 +0.148899E+03 -0.455156E+02 +0.341164E+02 +0.436068E+01 +0.000000E+00 +0.000000E+00 +0.218086E-02 -0.151301E-02 +0.000000E+00 +0.165706E-03 +0.000000E+00 +0.000000E+00
 +0.110366E+01 -0.104430E+03 +0.148912E+03 -0.454595E+02 +0.341395E+02 +0.433524E+01 +0.000000E+00 +0.000000E+00 +0.218069E-02 -0.151238E-02 +0.000000E+00 +0.164739E-03 +0.000000E+00 +0.000000E+00
 +0.110366E+01 -0.104440E+03 +0.148926E+03 -0.454034E+02 +0.341625E+02 +0.430980E+01 +0.000000E+00 +0.000000E+00 +0.218051E-02 -0.151175E-02 +0.000000E+00 +0.163772E-03 +0.000000E+00 +0.000000E+00
 +0.110366E+01 -0.104450E+03 +0.148940E+03 -0.453473E+02 +0.341856E+02 +0.428435E+01 +0.000000E+00 +0.000000E+00 +0.218033E-02 -0.151112E-02 +0.000000E+00 +0.162805E-03 +0.000000E+00 +0.000000E+00
 +0.110366E+01 -0.104460E+03 +0.148954E+03 -0.452912E+02 +0.342086E+02 +0.425891E+01 +0.000000E+00 +0.000000E+00 +0.218016E-02 -0.151050E-02 +0.000000E+00 +0.161839E-03 +0.000000E+00 +0.000000E+00
 +0.110366E+01 -0.104470E+03 +0.148967E+03 -0.452351E+02 +0.342317E+02 +0.423347E+01 +0.000000E+00 +0.000000E+00 +0.217998E-02 -0.150987E-02 +0.000000E+00 +0.160872E-03 +0.000000E+00 +0.000000E+00
 +0.110366E+01 -0.104480E+03 +0.148981E+03 -0.451789E+02 +0.342547E+02 +0.420803E+01 +0.000000E+00 +0.000000E+00 +0.217980E-02 -0.150924E-02 +0.000000E+00 +0.159905E-03 +0.000000E+00 +0.000000E+00
 +0.110366E+01 -0.104490E+03 +0.148995E+03 -0.451228E+02 +0.342778E+02 +0.418259E+01 +0.000000E+00 +0.000000E+00 +0.217962E-02 -0.150861E-02 +0.000000E+00 +0.158938E-03 +0.000000E+00 +0.000000E+00
 +0.110366E+01 -0.104500E+03 +0.149009E+03 -0.450667E+02 +0.343008E+02 +0.415714E+01 +0.000000E+00 +0.000000E+00 +0.217945E-02 -0.150798E-02 +0.000000E+00 +0.157971E-03 +0.000000E+00 +0.000000E+00
 +0.110366E+01 -0.104510E+03 +0.149022E+03 -0.450106E+02 +0.343239E+02 +0.413170E+01 +0.000000E+00 +0.000000E+00 +0.217927E-02 -0.150736E-02 +0.000000E+00 +0.157005E-03 +0.000000E+00 +0.000000E+00
 +0.110366E+01 -0.104520E+03 +0.149036E+03 -0.449545E+02 +0.343469E+02 +0.410626E+01 +0.000000E+00 +0.000000E+00 +0.217909E-02 -0.150673E-02 +0.000000E+00 +0.156038E-03 +0.000000E+00 +0.000000E+00
 +0.110366E+01 -0.104530E+03 +0.149050E+03 -0.448984E+02 +0.343700E+02 +0.408082E+01 +0.000000E+00 +0.000000E+00 +0.217892E-02 -0.150610E-02 +0.000000E+00 +0.155071E-03 +0.000000E+00 +0.000000E+00
 +0.110366E+01 -0.104540E+03 +0.149064E+03 -0.448423E+02 +0.343930E+02 +0.405538E+01 +0.000000E+00 +0.000000E+00 +0.217874E-02 -0.150547E-02 +0.000000E+00 +0.154104E-03 +0.000000E+00 +0.000000E+00
 +0.110366E+01 -0.104550E+03 +0.149077E+03 -0.447862E+02 +0.344161E+02 +0.402993E+01 +0.000000E+00 +0.000000E+00 +0.217856E-02 -0.150484E-02 +0.000000E+00 +0.153137E-03 +0.000000E+00 +0.000000E+00
 +0.110366E+01 -0.104560E+03 +0.149091E+03 -0.447301E+02 +0.344391E+02 +0.400449E+01 +0.000000E+00 +0.000000E+00 +0.217839E-02 -0.150422E-02 +0.000000E+00 +0.152171E-03 +0.000000E+00 +0.000000E+00
 +0.110366E+01 -0.104570E+03 +0.149105E+03 -0.446740E+02 +0.344622E+02 +0.397905E+01 +0.000000E+00 +0.000000E+00 +0.217821E-02 -0.150359E-02 +0.000000E+00 +0.151204E-03 +0.000000E+00 +0.000000E+00
 +0.110366E+01 -0.104580E+03 +0.149119E+03 -0.446179E+02 +0.344852E+02 +0.395361E+01 +0.000000E+00 +0.000000E+00 +0.217803E-02 -0.150296E-02 +0.000000E+00 +0.150237E-03 +0.000000E+00 +0.000000E+00
 +0.110366E+01 -0.104590E+03 +0.149132E+03 -0.445618E+02 +0.345082E+02 +0.392817E+01 +0.000000E+00 +0.000000E+00 +0.217786E-02 -0.150233E-02 +0.000000E+00 +0.149270E-03 +0.000000E+00 +0.000000E+00
 +0.110366E+01 -0.104600E+03 +0.149146E+03 -0.445057E+02 +0.345313E+02 +0.390272E+01 +0.000000E+00 +0.000000E+00 +0.217768E-02 -0.150170E-02 +0.000000E+00 +0.148304E-03 +0.000000E+00 +0.000000E+00
 +0.110366E+01 -0.104610E+03 +0.149160E+03 -0.444496E+02 +0.345543E+02 +0.387728E+01 +0.000000E+00 +0.000000E+00 +0.217750E-02 -0.150108E-02 +0.000000E+00 +0.147337E-03 +0.000000E+00 +0.000000E+00
 +0.110366E+01 -0.104620E+03 +0.149173E+03 -0.443935E+02 +0.345774E+02 +0.385184E+01 +0.000000E+00 +0.000000E+00 +0.217733E-02 -0.150045E-02 +0.000000E+00 +0.146370E-03 +0.000000E+00 +0.000000E+00
 +0.110366E+01 -0.104630E+03 +0.149187E+03 -0.443374E+02 +0.346004E+02 +0.382640E+01 +0.000000E+00 +0.000000E+00 +0.217715E-02 -0.149982E-02 +0.000000E+00 +0.145403E-03 +0.000000E+00 +0.000000E+00
 +0.110366E+01 -0.104640E+03 +0.149201E+03 -0.442813E+02 +0.346235E+02 +0.380096E+01 +0.000000E+00 +0.000000E+00 +0.217697E-02 -0.149919E-02 +0.000000E+00 +0.144436E-03 +0.000000E+00 +0.000000E+00
 +0.110366E+01 -0.104650E+03 +0.149215E+03 -0.442252E+02 +0.346465E+02 +0.377551E+01 +0.000000E+00 +0.000000E+00 +0.217680E-02 -0.149856E-02 +0.000000E+00 +0.143470E-03 +0.000000E+00 +0.000000E+00
 +0.110366E+01 -0.104660E+03 +0.149228E+03 -0.441691E+02 +0.346696E+02 +0.375007E+01 +0.000000E+00 +0.000000E+00 +0.217662E-02 -0.149794E-02 +0.000000E+00 +0.142503E-03 +0.000000E+00 +0.000000E+00
 +0.110366E+01 -0.104670E+03 +0.149242E+03 -0.441130E+02 +0.346926E+02 +0.372463E+01 +0.000000E+00 +0.000000E+00 +0.217644E-02 -0.149731E-02 +0.000000E+00 +0.141536E-03 +0.000000E+00 +0.000000E+00
 +0.110366E+01 -0.104680E+03 +0.149256E+03 -0.440569E+02 +0.347157E+02 +0.369919E+01 +0.000000E+00 +0.000000E+00 +0.217626E-02 -0.149668E-02 +0.000000E+00 +0.140569E-03 +0.000000E+00 +0.000000E+00
 +0.110366E+01 -0.104690E+03 +0.149270E+03 -0.440008E+02 +0.347387E+02 +0.367375E+01 +0.000000E+00 +0.000000E+00 +0.217609E-02 -0.149605E-02 +0.000000E+00 +0.139602E-03 +0.000000E+00 +0.000000E+00
 +0.110366E+01 -0.104700E+03 +0.149283E+03 -0.439447E+02 +0.347618E+02 +0.364830E+01 +0.000000E+00 +0.000000E+00 +0.217591E-02 -0.149542E-02 +0.000000E+00 +0.138636E-03 +0.000000E+00 +0.000000E+00
 +0.110366E+01 -0.104710E+03 +0.149297E+03 -0.438886E+02 +0.347848E+02 +0.362286E+01 +0.000000E+00 +0.000000E+00 +0.217573E-02 -0.149479E-02 +0.000000E+00 +0.137669E-03 +0.000000E+00 +0.000000E+00
 +0.110366E+01 -0.104720E+03 +0.149311E+03 -0.438325E+02 +0.348079E+02 +0.359742E+01 +0.000000E+00 +0.000000E+00 +0.217556E-02 -0.149417E-02 +0.000000E+00 +0.136702E-03 +0.000000E+00 +0.000000E+00
 +0.110366E+01 -0.104730E+03 +0.149325E+03 -0.437943E+02 +0.348250E+02 +0.357385E+01 +0.000000E+00 +0.000000E+00 +0.217549E-02 -0.149377E-02 +0.000000E+00 +0.135806E-03 +0.000000E+00 +0.000000E+00
 +0.110366E+01 -0.104740E+03 +0.149338E+03 -0.437735E+02 +0.348364E+02 +0.355210E+01 +0.000000E+00 +0.000000E+00 +0.217553E-02 -0.149359E-02 +0.000000E+00 +0.134980E-03 +0.000000E+00 +0.000000E+00
 +0.110366E+01 -0.104750E+03 +0.149352E+03 -0.437527E+02 +0.348477E+02 +0.353035E+01 +0.000000E+00 +0.000000E+00 +0.217558E-02 -0.149341E-02 +0.000000E+00 +0.134153E-03 +0.000000E+00 +0.000000E+00
 +0.110366E+01 -0.104760E+03 +0.149365E+03 -0.437319E+02 +0.348591E+02 +0.350860E+01 +0.000000E+00 +0.000000E+00 +0.217562E-02 -0.149323E-02 +0.000000E+00 +0.133327E-03 +0.000000E+00 +0.000000E+00
 +0.110366E+01 -0.104770E+03 +0.149379E+03 -0.437111E+02 +0.348704E+02 +0.348685E+01 +0.000000E+00 +0.000000E+00 +0.217566E-02 -0.149305E-02 +0.000000E+00 +0.132500E-03 +0.000000E+00 +0.000000E+00
 +0.110366E+01 -0.104780E+03 +0.149393E+03 -0.436903E+02 +0.348818E+02 +0.346510E+01 +0.000000E+00 +0.000000E+00 +0.217571E-02 -0.149287E-02 +0.000000E+00 +0.131674E-03 +0.000000E+00 +0.000000E+00
 +0.110366E+01 -0.104790E+03 +0.149406E+03 -0.436695E+02 +0.348932E+02 +0.344335E+01 +0.000000E+00 +0.000000E+00 +0.217575E-02 -0.149269E-02 +0.000000E+00 +0.130847E-03 +0.000000E+00 +0.000000E+00
 +0.110366E+01 -0.104800E+03 +0.149420E+03 -0.436487E+02 +0.349045E+02 +0.342160E+01 +0.000000E+00 +0.000000E+00 +0.217579E-02 -0.149251E-02 +0.000000E+00 +0.130021E-03 +0.000000E+00 +0.000000E+00
 +0.110366E+01 -0.104810E+03 +0.149434E+03 -0.436279E+02 +0.349159E+02 +0.339986E+01 +0.000000E+00 +0.000000E+00 +0.217584E-02 -0.149233E-02 +0.000000E+00 +0.129195E-03 +0.000000E+00 +0.000000E+00
 +0.110366E+01 -0.104820E+03 +0.149447E+03 -0.436071E+02 +0.349272E+02 +0.337811E+01 +0.000000E+00 +0.000000E+00 +0.217588E-02 -0.149215E-02 +0.000000E+00 +0.128368E-03 +0.000000E+00 +0.000000E+00
 +0.110366E+01 -0.104830E+03 +0.149461E+03 -0.435863E+02 +0.349386E+02 +0.335636E+01 +0.000000E+00 +0.000000E+00 +0.217592E-02 -0.149197E-02 +0.000000E+00 +0.127542E-03 +0.000000E+00 +0.000000E+00
 +0.110366E+01 -0.104840E+03 +0.149474E+03 -0.435655E+02 +0.349499E+02 +0.333461E+01 +0.000000E+00 +0.000000E+00 +0.217596E-02 -0.149179E-02 +0.000000E+00 +0.126715E-03 +0.000000E+00 +0.000000E+00
 +0.110366E+01 -0.104850E+03 +0.149488E+03 -0.435447E+02 +0.349613E+02 +0.331286E+01 +0.000000E+00 +0.000000E+00 +0.217601E-02 -0.149161E-02 +0.000000E+00 +0.125889E-03 +0.000000E+00 +0.000000E+00
 +0.110366E+01 -0.104860E+03 +0.149502E+03 -0.435239E+02 +0.349727E+02 +0.329111E+01 +0.000000E+00 +0.000000E+00 +0.217605E-02 -0.149143E-02 +0.000000E+00 +0.125062E-03 +0.000000E+00 +0.000000E+00
 +0.110366E+01 -0.104870E+03 +0.149515E+03 -0.435031E+02 +0.349840E+02 +0.326936E+01 +0.000000E+00 +0.000000E+00 +0.217609E-02 -0.149125E-02 +0.000000E+00 +0.124236E-03 +0.000000E+00 +0.000000E+00
 +0.110366E+01 -0.104880E+03 +0.149529E+03 -0.434823E+02 +0.349954E+02 +0.324761E+01 +0.000000E+00 +0.000000E+00 +0.217614E-02 -0.149108E-02 +0.000000E+00 +0.123409E-03 +0.000000E+00 +0.000000E+00
 +0.110366E+01 -0.104890E+03 +0.149543E+03 -0.434615E+02 +0.350067E+02 +0.322586E+01 +0.000000E+00 +0.000000E+00 +0.217618E-02 -0.149090E-02 +0.000000E+00 +0.122583E-03 +0.000000E+00 +0.000000E+00
 +0.110366E+01 -0.104900E+03 +0.149556E+03 -0.434407E+02 +0.350181E+02 +0.320411E+01 +0.000000E+00 +0.000000E+00 +0.217622E-02 -0.149072E-02 +0.000000E+00 +0.121756E-03 +0.000000E+00 +0.000000E+00
 +0.110366E+01 -0.104910E+03 +0.149570E+03 -0.434199E+02 +0.350295E+02 +0.318236E+01 +0.000000E+00 +0.000000E+00 +0.217627E-02 -0.149054E-02 +0.000000E+00 +0.120930E-03 +0.000000E+00 +0.000000E+00
 +0.110366E+01 -0.104920E+03 +0.149583E+03 -0.433991E+02 +0.350408E+02 +0.316061E+01 +0.000000E+00 +0.000000E+00 +0.217631E-02 -0.149036E-02 +0.000000E+00 +0.120103E-03 +0.000000E+00 +0.000000E+00
 +0.110366E+01 -0.104930E+03 +0.149597E+03 -0.433783E+02 +0.350522E+02 +0.313887E+01 +0.000000E+00 +0.000000E+00 +0.217635E-02 -0.149018E-02 +0.000000E+00 +0.119277E-03 +0.000000E+00 +0.000000E+00
 +0.110366E+01 -0.104940E+03 +0.149611E+03 -0.433575E+02 +0.350635E+02 +0.311712E+01 +0.000000E+00 +0.000000E+00 +0.217639E-02 -0.149000E-02 +0.000000E+00 +0.118450E-03 +0.000000E+00 +0.000000E+00
 +0.110366E+01 -0.104950E+03 +0.149624E+03 -0.433367E+02 +0.350749E+02 +0.309537E+01 +0.000000E+00 +0.000000E+00 +0.217644E-02 -0.148982E-02 +0.000000E+00 +0.117624E-03 +0.000000E+00 +0.000000E+00
 +0.110366E+01 -0.104960E+03 +0.149637E+03 -0.433147E+02 +0.350865E+02 +0.307360E+01 +0.000000E+00 +0.000000E+00 +0.217647E-02 -0.148962E-02 +0.000000E+00 +0.116797E-03 +0.000000E+00 +0.000000E+00
 +0.110366E+01 -0.104970E+03 +0.149642E+03 -0.432666E+02 +0.351038E+02 +0.305145E+01 +0.000000E+00 +0.000000E+00 +0.217622E-02 -0.148904E-02 +0.000000E+00 +0.115955E-03 +0.000000E+00 +0.000000E+00
 +0.110366E+01 -0.104980E+03 +0.149646E+03 -0.432184E+02 +0.351211E+02 +0.302931E+01 +0.000000E+00 +0.000000E+00 +0.217597E-02 -0.148845E-02 +0.000000E+00 +0.115114E-03 +0.000000E+00 +0.000000E+00
 +0.110366E+01 -0.104990E+03 +0.149650E+03 -0.431703E+02 +0.351383E+02 +0.300716E+01 +0.000000E+00 +0.000000E+00 +0.217572E-02 -0.148786E-02 +0.000000E+00 +0.114272E-03 +0.000000E+00 +0.000000E+00
