%X Y s_xx s_yy s_zz s_xy s_xz s_yz e_xx e_yy e_zz e_xy e_xz e_yz
 +0.130720E+01 -0.100000E+03 -0.479813E+03 -0.317444E+02 -0.168814E+03 +0.403928E+02 +0.000000E+00 +0.000000E+00 -0.590898E-02 +0.260432E-02 +0.000000E+00 +0.153493E-02 +0.000000E+00 +0.000000E+00
 +0.130720E+01 -0.100010E+03 -0.469681E+03 -0.382251E+02 -0.167609E+03 +0.442012E+02 +0.000000E+00 +0.000000E+00 -0.573937E-02 +0.245829E-02 +0.000000E+00 +0.167965E-02 +0.000000E+00 +0.000000E+00
 +0.130720E+01 -0.100020E+03 -0.459580E+03 -0.446417E+02 -0.166393E+03 +0.480876E+02 +0.000000E+00 +0.000000E+00 -0.557055E-02 +0.231328E-02 +0.000000E+00 +0.182733E-02 +0.000000E+00 +0.000000E+00
 +0.130720E+01 -0.100030E+03 -0.451024E+03 -0.478181E+02 -0.164618E+03 +0.559106E+02 +0.000000E+00 +0.000000E+00 -0.544172E-02 +0.221920E-02 +0.000000E+00 +0.212460E-02 +0.000000E+00 +0.000000E+00
 +0.130720E+01 -0.100040E+03 -0.442558E+03 -0.509918E+02 -0.162871E+03 +0.636220E+02 +0.000000E+00 +0.000000E+00 -0.531404E-02 +0.212571E-02 +0.000000E+00 +0.241764E-02 +0.000000E+00 +0.000000E+00
 +0.130720E+01 -0.100050E+03 -0.436288E+03 -0.541004E+02 -0.161828E+03 +0.685689E+02 +0.000000E+00 +0.000000E+00 -0.521474E-02 +0.204683E-02 +0.000000E+00 +0.260562E-02 +0.000000E+00 +0.000000E+00
 +0.130720E+01 -0.100060E+03 -0.430068E+03 -0.571883E+02 -0.160795E+03 +0.734360E+02 +0.000000E+00 +0.000000E+00 -0.511620E-02 +0.196852E-02 +0.000000E+00 +0.279057E-02 +0.000000E+00 +0.000000E+00
 +0.130720E+01 -0.100070E+03 -0.424651E+03 -0.599418E+02 -0.159916E+03 +0.770133E+02 +0.000000E+00 +0.000000E+00 -0.502997E-02 +0.189950E-02 +0.000000E+00 +0.292651E-02 +0.000000E+00 +0.000000E+00
 +0.130720E+01 -0.100080E+03 -0.419278E+03 -0.626734E+02 -0.159044E+03 +0.805280E+02 +0.000000E+00 +0.000000E+00 -0.494445E-02 +0.183104E-02 +0.000000E+00 +0.306006E-02 +0.000000E+00 +0.000000E+00
 +0.130720E+01 -0.100090E+03 -0.414437E+03 -0.651441E+02 -0.158262E+03 +0.832971E+02 +0.000000E+00 +0.000000E+00 -0.486732E-02 +0.176923E-02 +0.000000E+00 +0.316529E-02 +0.000000E+00 +0.000000E+00
 +0.130720E+01 -0.100100E+03 -0.409634E+03 -0.675916E+02 -0.157484E+03 +0.860100E+02 +0.000000E+00 +0.000000E+00 -0.479084E-02 +0.170796E-02 +0.000000E+00 +0.326838E-02 +0.000000E+00 +0.000000E+00
 +0.130720E+01 -0.100110E+03 -0.405187E+03 -0.698225E+02 -0.156753E+03 +0.881989E+02 +0.000000E+00 +0.000000E+00 -0.472025E-02 +0.165168E-02 +0.000000E+00 +0.335156E-02 +0.000000E+00 +0.000000E+00
 +0.130720E+01 -0.100120E+03 -0.400778E+03 -0.720297E+02 -0.156026E+03 +0.903385E+02 +0.000000E+00 +0.000000E+00 -0.465027E-02 +0.159594E-02 +0.000000E+00 +0.343286E-02 +0.000000E+00 +0.000000E+00
 +0.130720E+01 -0.100130E+03 -0.396645E+03 -0.740563E+02 -0.155331E+03 +0.921029E+02 +0.000000E+00 +0.000000E+00 -0.458495E-02 +0.154423E-02 +0.000000E+00 +0.349991E-02 +0.000000E+00 +0.000000E+00
 +0.130720E+01 -0.100140E+03 -0.392547E+03 -0.760588E+02 -0.154640E+03 +0.938220E+02 +0.000000E+00 +0.000000E+00 -0.452023E-02 +0.149304E-02 +0.000000E+00 +0.356524E-02 +0.000000E+00 +0.000000E+00
 +0.130720E+01 -0.100150E+03 -0.388671E+03 -0.779082E+02 -0.153971E+03 +0.952534E+02 +0.000000E+00 +0.000000E+00 -0.445930E-02 +0.144520E-02 +0.000000E+00 +0.361963E-02 +0.000000E+00 +0.000000E+00
 +0.130720E+01 -0.100160E+03 -0.384829E+03 -0.797334E+02 -0.153306E+03 +0.966435E+02 +0.000000E+00 +0.000000E+00 -0.439895E-02 +0.139787E-02 +0.000000E+00 +0.367245E-02 +0.000000E+00 +0.000000E+00
 +0.130720E+01 -0.100170E+03 -0.381174E+03 -0.814272E+02 -0.152659E+03 +0.978093E+02 +0.000000E+00 +0.000000E+00 -0.434180E-02 +0.135340E-02 +0.000000E+00 +0.371675E-02 +0.000000E+00 +0.000000E+00
 +0.130720E+01 -0.100180E+03 -0.377553E+03 -0.830968E+02 -0.152015E+03 +0.989371E+02 +0.000000E+00 +0.000000E+00 -0.428524E-02 +0.130944E-02 +0.000000E+00 +0.375961E-02 +0.000000E+00 +0.000000E+00
 +0.130720E+01 -0.100190E+03 -0.374092E+03 -0.846525E+02 -0.151386E+03 +0.998852E+02 +0.000000E+00 +0.000000E+00 -0.423142E-02 +0.126793E-02 +0.000000E+00 +0.379564E-02 +0.000000E+00 +0.000000E+00
 +0.130720E+01 -0.100200E+03 -0.370665E+03 -0.861842E+02 -0.150760E+03 +0.100798E+03 +0.000000E+00 +0.000000E+00 -0.417819E-02 +0.122694E-02 +0.000000E+00 +0.383033E-02 +0.000000E+00 +0.000000E+00
 +0.130720E+01 -0.100210E+03 -0.367377E+03 -0.876163E+02 -0.150148E+03 +0.101566E+03 +0.000000E+00 +0.000000E+00 -0.412735E-02 +0.118810E-02 +0.000000E+00 +0.385949E-02 +0.000000E+00 +0.000000E+00
 +0.130720E+01 -0.100220E+03 -0.364123E+03 -0.890246E+02 -0.149539E+03 +0.102300E+03 +0.000000E+00 +0.000000E+00 -0.407710E-02 +0.114977E-02 +0.000000E+00 +0.388741E-02 +0.000000E+00 +0.000000E+00
 +0.130720E+01 -0.100230E+03 -0.360992E+03 -0.903453E+02 -0.148941E+03 +0.102916E+03 +0.000000E+00 +0.000000E+00 -0.402897E-02 +0.111333E-02 +0.000000E+00 +0.391079E-02 +0.000000E+00 +0.000000E+00
 +0.130720E+01 -0.100240E+03 -0.357895E+03 -0.916425E+02 -0.148347E+03 +0.103501E+03 +0.000000E+00 +0.000000E+00 -0.398141E-02 +0.107739E-02 +0.000000E+00 +0.393302E-02 +0.000000E+00 +0.000000E+00
 +0.130720E+01 -0.100250E+03 -0.354908E+03 -0.928622E+02 -0.147764E+03 +0.103987E+03 +0.000000E+00 +0.000000E+00 -0.393574E-02 +0.104314E-02 +0.000000E+00 +0.395149E-02 +0.000000E+00 +0.000000E+00
 +0.130720E+01 -0.100260E+03 -0.351955E+03 -0.940586E+02 -0.147184E+03 +0.104445E+03 +0.000000E+00 +0.000000E+00 -0.389064E-02 +0.100939E-02 +0.000000E+00 +0.396890E-02 +0.000000E+00 +0.000000E+00
 +0.130720E+01 -0.100270E+03 -0.349101E+03 -0.951863E+02 -0.146615E+03 +0.104820E+03 +0.000000E+00 +0.000000E+00 -0.384723E-02 +0.977139E-03 +0.000000E+00 +0.398317E-02 +0.000000E+00 +0.000000E+00
 +0.130720E+01 -0.100280E+03 -0.346279E+03 -0.962911E+02 -0.146048E+03 +0.105170E+03 +0.000000E+00 +0.000000E+00 -0.380439E-02 +0.945386E-03 +0.000000E+00 +0.399645E-02 +0.000000E+00 +0.000000E+00
 +0.130720E+01 -0.100290E+03 -0.343548E+03 -0.973346E+02 -0.145491E+03 +0.105450E+03 +0.000000E+00 +0.000000E+00 -0.376307E-02 +0.914975E-03 +0.000000E+00 +0.400710E-02 +0.000000E+00 +0.000000E+00
 +0.130720E+01 -0.100300E+03 -0.340849E+03 -0.983557E+02 -0.144938E+03 +0.105706E+03 +0.000000E+00 +0.000000E+00 -0.372232E-02 +0.885057E-03 +0.000000E+00 +0.401684E-02 +0.000000E+00 +0.000000E+00
 +0.130720E+01 -0.100310E+03 -0.338232E+03 -0.993220E+02 -0.144393E+03 +0.105904E+03 +0.000000E+00 +0.000000E+00 -0.368294E-02 +0.856344E-03 +0.000000E+00 +0.402436E-02 +0.000000E+00 +0.000000E+00
 +0.130720E+01 -0.100320E+03 -0.335647E+03 -0.100266E+03 -0.143851E+03 +0.106080E+03 +0.000000E+00 +0.000000E+00 -0.364412E-02 +0.828119E-03 +0.000000E+00 +0.403104E-02 +0.000000E+00 +0.000000E+00
 +0.130720E+01 -0.100330E+03 -0.333136E+03 -0.101162E+03 -0.143318E+03 +0.106206E+03 +0.000000E+00 +0.000000E+00 -0.360654E-02 +0.800978E-03 +0.000000E+00 +0.403585E-02 +0.000000E+00 +0.000000E+00
 +0.130720E+01 -0.100340E+03 -0.330658E+03 -0.102035E+03 -0.142789E+03 +0.106312E+03 +0.000000E+00 +0.000000E+00 -0.356952E-02 +0.774318E-03 +0.000000E+00 +0.403987E-02 +0.000000E+00 +0.000000E+00
 +0.130720E+01 -0.100350E+03 -0.328247E+03 -0.102865E+03 -0.142267E+03 +0.106377E+03 +0.000000E+00 +0.000000E+00 -0.353362E-02 +0.748636E-03 +0.000000E+00 +0.404231E-02 +0.000000E+00 +0.000000E+00
 +0.130720E+01 -0.100360E+03 -0.325869E+03 -0.103674E+03 -0.141749E+03 +0.106422E+03 +0.000000E+00 +0.000000E+00 -0.349827E-02 +0.723429E-03 +0.000000E+00 +0.404403E-02 +0.000000E+00 +0.000000E+00
 +0.130720E+01 -0.100370E+03 -0.323551E+03 -0.104443E+03 -0.141238E+03 +0.106432E+03 +0.000000E+00 +0.000000E+00 -0.346395E-02 +0.699104E-03 +0.000000E+00 +0.404441E-02 +0.000000E+00 +0.000000E+00
 +0.130720E+01 -0.100380E+03 -0.321266E+03 -0.105192E+03 -0.140731E+03 +0.106424E+03 +0.000000E+00 +0.000000E+00 -0.343016E-02 +0.675246E-03 +0.000000E+00 +0.404412E-02 +0.000000E+00 +0.000000E+00
 +0.130720E+01 -0.100390E+03 -0.319037E+03 -0.105905E+03 -0.140231E+03 +0.106386E+03 +0.000000E+00 +0.000000E+00 -0.339731E-02 +0.652186E-03 +0.000000E+00 +0.404268E-02 +0.000000E+00 +0.000000E+00
 +0.130720E+01 -0.100400E+03 -0.316839E+03 -0.106598E+03 -0.139734E+03 +0.106333E+03 +0.000000E+00 +0.000000E+00 -0.336499E-02 +0.629584E-03 +0.000000E+00 +0.404064E-02 +0.000000E+00 +0.000000E+00
 +0.130720E+01 -0.100410E+03 -0.314693E+03 -0.107260E+03 -0.139244E+03 +0.106253E+03 +0.000000E+00 +0.000000E+00 -0.333352E-02 +0.607704E-03 +0.000000E+00 +0.403762E-02 +0.000000E+00 +0.000000E+00
 +0.130720E+01 -0.100420E+03 -0.312578E+03 -0.107902E+03 -0.138758E+03 +0.106159E+03 +0.000000E+00 +0.000000E+00 -0.330257E-02 +0.586274E-03 +0.000000E+00 +0.403403E-02 +0.000000E+00 +0.000000E+00
 +0.130720E+01 -0.100430E+03 -0.310510E+03 -0.108515E+03 -0.138278E+03 +0.106043E+03 +0.000000E+00 +0.000000E+00 -0.327240E-02 +0.565497E-03 +0.000000E+00 +0.402962E-02 +0.000000E+00 +0.000000E+00
 +0.130720E+01 -0.100440E+03 -0.308473E+03 -0.109109E+03 -0.137802E+03 +0.105913E+03 +0.000000E+00 +0.000000E+00 -0.324274E-02 +0.545161E-03 +0.000000E+00 +0.402469E-02 +0.000000E+00 +0.000000E+00
 +0.130720E+01 -0.100450E+03 -0.306478E+03 -0.109678E+03 -0.137331E+03 +0.105765E+03 +0.000000E+00 +0.000000E+00 -0.321378E-02 +0.525416E-03 +0.000000E+00 +0.401905E-02 +0.000000E+00 +0.000000E+00
 +0.130720E+01 -0.100460E+03 -0.304515E+03 -0.110228E+03 -0.136865E+03 +0.105604E+03 +0.000000E+00 +0.000000E+00 -0.318534E-02 +0.506103E-03 +0.000000E+00 +0.401294E-02 +0.000000E+00 +0.000000E+00
 +0.130720E+01 -0.100470E+03 -0.302590E+03 -0.110755E+03 -0.136404E+03 +0.105427E+03 +0.000000E+00 +0.000000E+00 -0.315753E-02 +0.487325E-03 +0.000000E+00 +0.400623E-02 +0.000000E+00 +0.000000E+00
 +0.130720E+01 -0.100480E+03 -0.300696E+03 -0.111264E+03 -0.135947E+03 +0.105239E+03 +0.000000E+00 +0.000000E+00 -0.313023E-02 +0.468970E-03 +0.000000E+00 +0.399908E-02 +0.000000E+00 +0.000000E+00
 +0.130720E+01 -0.100490E+03 -0.298837E+03 -0.111752E+03 -0.135494E+03 +0.105037E+03 +0.000000E+00 +0.000000E+00 -0.310350E-02 +0.451099E-03 +0.000000E+00 +0.399142E-02 +0.000000E+00 +0.000000E+00
 +0.130720E+01 -0.100500E+03 -0.297008E+03 -0.112223E+03 -0.135046E+03 +0.104825E+03 +0.000000E+00 +0.000000E+00 -0.307728E-02 +0.433642E-03 +0.000000E+00 +0.398335E-02 +0.000000E+00 +0.000000E+00
 +0.130720E+01 -0.100510E+03 -0.295212E+03 -0.112675E+03 -0.134603E+03 +0.104602E+03 +0.000000E+00 +0.000000E+00 -0.305157E-02 +0.416623E-03 +0.000000E+00 +0.397486E-02 +0.000000E+00 +0.000000E+00
 +0.130720E+01 -0.100520E+03 -0.293446E+03 -0.113110E+03 -0.134163E+03 +0.104368E+03 +0.000000E+00 +0.000000E+00 -0.302636E-02 +0.400007E-03 +0.000000E+00 +0.396599E-02 +0.000000E+00 +0.000000E+00
 +0.130720E+01 -0.100530E+03 -0.291708E+03 -0.113529E+03 -0.133728E+03 +0.104125E+03 +0.000000E+00 +0.000000E+00 -0.300162E-02 +0.383788E-03 +0.000000E+00 +0.395676E-02 +0.000000E+00 +0.000000E+00
 +0.130720E+01 -0.100540E+03 -0.290001E+03 -0.113931E+03 -0.133298E+03 +0.103873E+03 +0.000000E+00 +0.000000E+00 -0.297736E-02 +0.367964E-03 +0.000000E+00 +0.394719E-02 +0.000000E+00 +0.000000E+00
 +0.130720E+01 -0.100550E+03 -0.288320E+03 -0.114318E+03 -0.132871E+03 +0.103613E+03 +0.000000E+00 +0.000000E+00 -0.295354E-02 +0.352499E-03 +0.000000E+00 +0.393731E-02 +0.000000E+00 +0.000000E+00
 +0.130720E+01 -0.100560E+03 -0.286668E+03 -0.114689E+03 -0.132448E+03 +0.103345E+03 +0.000000E+00 +0.000000E+00 -0.293019E-02 +0.337418E-03 +0.000000E+00 +0.392711E-02 +0.000000E+00 +0.000000E+00
 +0.130720E+01 -0.100570E+03 -0.285041E+03 -0.115047E+03 -0.132029E+03 +0.103070E+03 +0.000000E+00 +0.000000E+00 -0.290723E-02 +0.322662E-03 +0.000000E+00 +0.391666E-02 +0.000000E+00 +0.000000E+00
 +0.130720E+01 -0.100580E+03 -0.283442E+03 -0.115389E+03 -0.131614E+03 +0.102787E+03 +0.000000E+00 +0.000000E+00 -0.288473E-02 +0.308282E-03 +0.000000E+00 +0.390592E-02 +0.000000E+00 +0.000000E+00
 +0.130720E+01 -0.100590E+03 -0.281866E+03 -0.115719E+03 -0.131203E+03 +0.102499E+03 +0.000000E+00 +0.000000E+00 -0.286259E-02 +0.294194E-03 +0.000000E+00 +0.389496E-02 +0.000000E+00 +0.000000E+00
 +0.130720E+01 -0.100600E+03 -0.280317E+03 -0.116034E+03 -0.130796E+03 +0.102204E+03 +0.000000E+00 +0.000000E+00 -0.284090E-02 +0.280474E-03 +0.000000E+00 +0.388375E-02 +0.000000E+00 +0.000000E+00
 +0.130720E+01 -0.100610E+03 -0.278789E+03 -0.116339E+03 -0.130392E+03 +0.101904E+03 +0.000000E+00 +0.000000E+00 -0.281954E-02 +0.267017E-03 +0.000000E+00 +0.387234E-02 +0.000000E+00 +0.000000E+00
 +0.130720E+01 -0.100620E+03 -0.277288E+03 -0.116628E+03 -0.129993E+03 +0.101597E+03 +0.000000E+00 +0.000000E+00 -0.279862E-02 +0.253919E-03 +0.000000E+00 +0.386070E-02 +0.000000E+00 +0.000000E+00
 +0.130720E+01 -0.100630E+03 -0.275806E+03 -0.116909E+03 -0.129596E+03 +0.101287E+03 +0.000000E+00 +0.000000E+00 -0.277800E-02 +0.241059E-03 +0.000000E+00 +0.384891E-02 +0.000000E+00 +0.000000E+00
 +0.130720E+01 -0.100640E+03 -0.274351E+03 -0.117175E+03 -0.129204E+03 +0.100971E+03 +0.000000E+00 +0.000000E+00 -0.275781E-02 +0.228548E-03 +0.000000E+00 +0.383690E-02 +0.000000E+00 +0.000000E+00
 +0.130720E+01 -0.100650E+03 -0.272913E+03 -0.117432E+03 -0.128814E+03 +0.100651E+03 +0.000000E+00 +0.000000E+00 -0.273788E-02 +0.216252E-03 +0.000000E+00 +0.382475E-02 +0.000000E+00 +0.000000E+00
 +0.130720E+01 -0.100660E+03 -0.271501E+03 -0.117676E+03 -0.128429E+03 +0.100327E+03 +0.000000E+00 +0.000000E+00 -0.271838E-02 +0.204297E-03 +0.000000E+00 +0.381242E-02 +0.000000E+00 +0.000000E+00
 +0.130720E+01 -0.100670E+03 -0.270105E+03 -0.117912E+03 -0.128046E+03 +0.999993E+02 +0.000000E+00 +0.000000E+00 -0.269912E-02 +0.192534E-03 +0.000000E+00 +0.379997E-02 +0.000000E+00 +0.000000E+00
 +0.130720E+01 -0.100680E+03 -0.268735E+03 -0.118135E+03 -0.127667E+03 +0.996672E+02 +0.000000E+00 +0.000000E+00 -0.268029E-02 +0.181105E-03 +0.000000E+00 +0.378735E-02 +0.000000E+00 +0.000000E+00
 +0.130720E+01 -0.100690E+03 -0.267378E+03 -0.118351E+03 -0.127291E+03 +0.993327E+02 +0.000000E+00 +0.000000E+00 -0.266166E-02 +0.169848E-03 +0.000000E+00 +0.377464E-02 +0.000000E+00 +0.000000E+00
 +0.130720E+01 -0.100700E+03 -0.266048E+03 -0.118555E+03 -0.126919E+03 +0.989940E+02 +0.000000E+00 +0.000000E+00 -0.264345E-02 +0.158917E-03 +0.000000E+00 +0.376177E-02 +0.000000E+00 +0.000000E+00
 +0.130720E+01 -0.100710E+03 -0.264730E+03 -0.118752E+03 -0.126549E+03 +0.986533E+02 +0.000000E+00 +0.000000E+00 -0.262543E-02 +0.148140E-03 +0.000000E+00 +0.374883E-02 +0.000000E+00 +0.000000E+00
 +0.130720E+01 -0.100720E+03 -0.263437E+03 -0.118937E+03 -0.126183E+03 +0.983089E+02 +0.000000E+00 +0.000000E+00 -0.260782E-02 +0.137681E-03 +0.000000E+00 +0.373574E-02 +0.000000E+00 +0.000000E+00
 +0.130720E+01 -0.100730E+03 -0.262155E+03 -0.119117E+03 -0.125820E+03 +0.979629E+02 +0.000000E+00 +0.000000E+00 -0.259038E-02 +0.127360E-03 +0.000000E+00 +0.372259E-02 +0.000000E+00 +0.000000E+00
 +0.130720E+01 -0.100740E+03 -0.260899E+03 -0.119284E+03 -0.125460E+03 +0.976135E+02 +0.000000E+00 +0.000000E+00 -0.257333E-02 +0.117349E-03 +0.000000E+00 +0.370931E-02 +0.000000E+00 +0.000000E+00
 +0.130720E+01 -0.100750E+03 -0.259652E+03 -0.119447E+03 -0.125103E+03 +0.972628E+02 +0.000000E+00 +0.000000E+00 -0.255644E-02 +0.107461E-03 +0.000000E+00 +0.369599E-02 +0.000000E+00 +0.000000E+00
 +0.130720E+01 -0.100760E+03 -0.258430E+03 -0.119598E+03 -0.124749E+03 +0.969091E+02 +0.000000E+00 +0.000000E+00 -0.253994E-02 +0.978767E-04 +0.000000E+00 +0.368255E-02 +0.000000E+00 +0.000000E+00
 +0.130720E+01 -0.100770E+03 -0.257217E+03 -0.119745E+03 -0.124397E+03 +0.965543E+02 +0.000000E+00 +0.000000E+00 -0.252357E-02 +0.884007E-04 +0.000000E+00 +0.366906E-02 +0.000000E+00 +0.000000E+00
 +0.130720E+01 -0.100780E+03 -0.256029E+03 -0.119880E+03 -0.124050E+03 +0.961969E+02 +0.000000E+00 +0.000000E+00 -0.250759E-02 +0.792217E-04 +0.000000E+00 +0.365548E-02 +0.000000E+00 +0.000000E+00
 +0.130720E+01 -0.100790E+03 -0.254848E+03 -0.120012E+03 -0.123704E+03 +0.958386E+02 +0.000000E+00 +0.000000E+00 -0.249173E-02 +0.701385E-04 +0.000000E+00 +0.364187E-02 +0.000000E+00 +0.000000E+00
 +0.130720E+01 -0.100800E+03 -0.253691E+03 -0.120133E+03 -0.123362E+03 +0.954780E+02 +0.000000E+00 +0.000000E+00 -0.247625E-02 +0.613457E-04 +0.000000E+00 +0.362816E-02 +0.000000E+00 +0.000000E+00
 +0.130720E+01 -0.100810E+03 -0.252541E+03 -0.120251E+03 -0.123021E+03 +0.951167E+02 +0.000000E+00 +0.000000E+00 -0.246087E-02 +0.526369E-04 +0.000000E+00 +0.361444E-02 +0.000000E+00 +0.000000E+00
 +0.130720E+01 -0.100820E+03 -0.251415E+03 -0.120358E+03 -0.122685E+03 +0.947534E+02 +0.000000E+00 +0.000000E+00 -0.244587E-02 +0.442123E-04 +0.000000E+00 +0.360063E-02 +0.000000E+00 +0.000000E+00
 +0.130720E+01 -0.100830E+03 -0.250295E+03 -0.120462E+03 -0.122350E+03 +0.943896E+02 +0.000000E+00 +0.000000E+00 -0.243095E-02 +0.358609E-04 +0.000000E+00 +0.358680E-02 +0.000000E+00 +0.000000E+00
 +0.130720E+01 -0.100840E+03 -0.249198E+03 -0.120556E+03 -0.122019E+03 +0.940240E+02 +0.000000E+00 +0.000000E+00 -0.241640E-02 +0.277877E-04 +0.000000E+00 +0.357291E-02 +0.000000E+00 +0.000000E+00
 +0.130720E+01 -0.100850E+03 -0.248106E+03 -0.120648E+03 -0.121689E+03 +0.936580E+02 +0.000000E+00 +0.000000E+00 -0.240193E-02 +0.197778E-04 +0.000000E+00 +0.355901E-02 +0.000000E+00 +0.000000E+00
 +0.130720E+01 -0.100860E+03 -0.247038E+03 -0.120729E+03 -0.121363E+03 +0.932906E+02 +0.000000E+00 +0.000000E+00 -0.238782E-02 +0.120403E-04 +0.000000E+00 +0.354504E-02 +0.000000E+00 +0.000000E+00
 +0.130720E+01 -0.100870E+03 -0.245974E+03 -0.120809E+03 -0.121038E+03 +0.929228E+02 +0.000000E+00 +0.000000E+00 -0.237377E-02 +0.435701E-05 +0.000000E+00 +0.353107E-02 +0.000000E+00 +0.000000E+00
 +0.130720E+01 -0.100880E+03 -0.244932E+03 -0.120879E+03 -0.120718E+03 +0.925538E+02 +0.000000E+00 +0.000000E+00 -0.236008E-02 -0.305941E-05 +0.000000E+00 +0.351704E-02 +0.000000E+00 +0.000000E+00
 +0.130720E+01 -0.100890E+03 -0.243895E+03 -0.120947E+03 -0.120398E+03 +0.921846E+02 +0.000000E+00 +0.000000E+00 -0.234645E-02 -0.104300E-04 +0.000000E+00 +0.350301E-02 +0.000000E+00 +0.000000E+00
 +0.130720E+01 -0.100900E+03 -0.242880E+03 -0.121005E+03 -0.120082E+03 +0.918143E+02 +0.000000E+00 +0.000000E+00 -0.233316E-02 -0.175391E-04 +0.000000E+00 +0.348894E-02 +0.000000E+00 +0.000000E+00
 +0.130720E+01 -0.100910E+03 -0.241868E+03 -0.121062E+03 -0.119767E+03 +0.914440E+02 +0.000000E+00 +0.000000E+00 -0.231992E-02 -0.246101E-04 +0.000000E+00 +0.347487E-02 +0.000000E+00 +0.000000E+00
 +0.130720E+01 -0.100920E+03 -0.240878E+03 -0.121110E+03 -0.119456E+03 +0.910728E+02 +0.000000E+00 +0.000000E+00 -0.230702E-02 -0.314248E-04 +0.000000E+00 +0.346077E-02 +0.000000E+00 +0.000000E+00
 +0.130720E+01 -0.100930E+03 -0.239891E+03 -0.121157E+03 -0.119146E+03 +0.907016E+02 +0.000000E+00 +0.000000E+00 -0.229416E-02 -0.382085E-04 +0.000000E+00 +0.344666E-02 +0.000000E+00 +0.000000E+00
 +0.130720E+01 -0.100940E+03 -0.238926E+03 -0.121194E+03 -0.118840E+03 +0.903298E+02 +0.000000E+00 +0.000000E+00 -0.228164E-02 -0.447408E-04 +0.000000E+00 +0.343253E-02 +0.000000E+00 +0.000000E+00
 +0.130720E+01 -0.100950E+03 -0.237962E+03 -0.121231E+03 -0.118534E+03 +0.899579E+02 +0.000000E+00 +0.000000E+00 -0.226914E-02 -0.512487E-04 +0.000000E+00 +0.341840E-02 +0.000000E+00 +0.000000E+00
 +0.130720E+01 -0.100960E+03 -0.237021E+03 -0.121259E+03 -0.118232E+03 +0.895857E+02 +0.000000E+00 +0.000000E+00 -0.225698E-02 -0.575100E-04 +0.000000E+00 +0.340426E-02 +0.000000E+00 +0.000000E+00
 +0.130720E+01 -0.100970E+03 -0.236080E+03 -0.121286E+03 -0.117931E+03 +0.892134E+02 +0.000000E+00 +0.000000E+00 -0.224484E-02 -0.637530E-04 +0.000000E+00 +0.339011E-02 +0.000000E+00 +0.000000E+00
 +0.130720E+01 -0.100980E+03 -0.235161E+03 -0.121305E+03 -0.117634E+03 +0.888410E+02 +0.000000E+00 +0.000000E+00 -0.223302E-02 -0.697538E-04 +0.000000E+00 +0.337596E-02 +0.000000E+00 +0.000000E+00
 +0.130720E+01 -0.100990E+03 -0.234243E+03 -0.121324E+03 -0.117337E+03 +0.884686E+02 +0.000000E+00 +0.000000E+00 -0.222122E-02 -0.757421E-04 +0.000000E+00 +0.336181E-02 +0.000000E+00 +0.000000E+00
 +0.130720E+01 -0.101000E+03 -0.233346E+03 -0.121333E+03 -0.117044E+03 +0.880961E+02 +0.000000E+00 +0.000000E+00 -0.220974E-02 -0.814927E-04 +0.000000E+00 +0.334765E-02 +0.000000E+00 +0.000000E+00
 +0.130720E+01 -0.101010E+03 -0.232450E+03 -0.121343E+03 -0.116752E+03 +0.877237E+02 +0.000000E+00 +0.000000E+00 -0.219827E-02 -0.872359E-04 +0.000000E+00 +0.333350E-02 +0.000000E+00 +0.000000E+00
 +0.130720E+01 -0.101020E+03 -0.231574E+03 -0.121345E+03 -0.116463E+03 +0.873515E+02 +0.000000E+00 +0.000000E+00 -0.218711E-02 -0.927457E-04 +0.000000E+00 +0.331936E-02 +0.000000E+00 +0.000000E+00
 +0.130720E+01 -0.101030E+03 -0.230699E+03 -0.121346E+03 -0.116175E+03 +0.869793E+02 +0.000000E+00 +0.000000E+00 -0.217596E-02 -0.982510E-04 +0.000000E+00 +0.330521E-02 +0.000000E+00 +0.000000E+00
 +0.130720E+01 -0.101040E+03 -0.229844E+03 -0.121340E+03 -0.115891E+03 +0.866074E+02 +0.000000E+00 +0.000000E+00 -0.216511E-02 -0.103531E-03 +0.000000E+00 +0.329108E-02 +0.000000E+00 +0.000000E+00
 +0.130720E+01 -0.101050E+03 -0.228989E+03 -0.121333E+03 -0.115606E+03 +0.862355E+02 +0.000000E+00 +0.000000E+00 -0.215428E-02 -0.108805E-03 +0.000000E+00 +0.327695E-02 +0.000000E+00 +0.000000E+00
 +0.130720E+01 -0.101060E+03 -0.228154E+03 -0.121319E+03 -0.115326E+03 +0.858642E+02 +0.000000E+00 +0.000000E+00 -0.214373E-02 -0.113865E-03 +0.000000E+00 +0.326284E-02 +0.000000E+00 +0.000000E+00
 +0.130720E+01 -0.101070E+03 -0.227319E+03 -0.121305E+03 -0.115046E+03 +0.854928E+02 +0.000000E+00 +0.000000E+00 -0.213319E-02 -0.118916E-03 +0.000000E+00 +0.324873E-02 +0.000000E+00 +0.000000E+00
 +0.130720E+01 -0.101080E+03 -0.226503E+03 -0.121283E+03 -0.114769E+03 +0.851221E+02 +0.000000E+00 +0.000000E+00 -0.212293E-02 -0.123765E-03 +0.000000E+00 +0.323464E-02 +0.000000E+00 +0.000000E+00
 +0.130720E+01 -0.101090E+03 -0.225687E+03 -0.121262E+03 -0.114493E+03 +0.847515E+02 +0.000000E+00 +0.000000E+00 -0.211269E-02 -0.128601E-03 +0.000000E+00 +0.322056E-02 +0.000000E+00 +0.000000E+00
 +0.130720E+01 -0.101100E+03 -0.224890E+03 -0.121234E+03 -0.114221E+03 +0.843815E+02 +0.000000E+00 +0.000000E+00 -0.210271E-02 -0.133246E-03 +0.000000E+00 +0.320650E-02 +0.000000E+00 +0.000000E+00
 +0.130720E+01 -0.101110E+03 -0.224093E+03 -0.121205E+03 -0.113948E+03 +0.840117E+02 +0.000000E+00 +0.000000E+00 -0.209275E-02 -0.137874E-03 +0.000000E+00 +0.319244E-02 +0.000000E+00 +0.000000E+00
 +0.130720E+01 -0.101120E+03 -0.223313E+03 -0.121170E+03 -0.113679E+03 +0.836427E+02 +0.000000E+00 +0.000000E+00 -0.208304E-02 -0.142321E-03 +0.000000E+00 +0.317842E-02 +0.000000E+00 +0.000000E+00
 +0.130720E+01 -0.101130E+03 -0.222535E+03 -0.121135E+03 -0.113411E+03 +0.832738E+02 +0.000000E+00 +0.000000E+00 -0.207336E-02 -0.146749E-03 +0.000000E+00 +0.316440E-02 +0.000000E+00 +0.000000E+00
 +0.130720E+01 -0.101140E+03 -0.221773E+03 -0.121093E+03 -0.113146E+03 +0.829058E+02 +0.000000E+00 +0.000000E+00 -0.206391E-02 -0.151006E-03 +0.000000E+00 +0.315042E-02 +0.000000E+00 +0.000000E+00
 +0.130720E+01 -0.101150E+03 -0.221012E+03 -0.121052E+03 -0.112881E+03 +0.825379E+02 +0.000000E+00 +0.000000E+00 -0.205449E-02 -0.155240E-03 +0.000000E+00 +0.313644E-02 +0.000000E+00 +0.000000E+00
 +0.130720E+01 -0.101160E+03 -0.220267E+03 -0.121004E+03 -0.112619E+03 +0.821711E+02 +0.000000E+00 +0.000000E+00 -0.204530E-02 -0.159313E-03 +0.000000E+00 +0.312250E-02 +0.000000E+00 +0.000000E+00
 +0.130720E+01 -0.101170E+03 -0.219524E+03 -0.120956E+03 -0.112358E+03 +0.818044E+02 +0.000000E+00 +0.000000E+00 -0.203614E-02 -0.163361E-03 +0.000000E+00 +0.310857E-02 +0.000000E+00 +0.000000E+00
 +0.130720E+01 -0.101180E+03 -0.218795E+03 -0.120903E+03 -0.112100E+03 +0.814388E+02 +0.000000E+00 +0.000000E+00 -0.202719E-02 -0.167255E-03 +0.000000E+00 +0.309467E-02 +0.000000E+00 +0.000000E+00
 +0.130720E+01 -0.101190E+03 -0.218068E+03 -0.120849E+03 -0.111843E+03 +0.810734E+02 +0.000000E+00 +0.000000E+00 -0.201828E-02 -0.171122E-03 +0.000000E+00 +0.308079E-02 +0.000000E+00 +0.000000E+00
 +0.130720E+01 -0.101200E+03 -0.217355E+03 -0.120790E+03 -0.111588E+03 +0.807091E+02 +0.000000E+00 +0.000000E+00 -0.200958E-02 -0.174844E-03 +0.000000E+00 +0.306694E-02 +0.000000E+00 +0.000000E+00
 +0.130720E+01 -0.101210E+03 -0.216645E+03 -0.120731E+03 -0.111334E+03 +0.803450E+02 +0.000000E+00 +0.000000E+00 -0.200091E-02 -0.178535E-03 +0.000000E+00 +0.305311E-02 +0.000000E+00 +0.000000E+00
 +0.130720E+01 -0.101220E+03 -0.215948E+03 -0.120666E+03 -0.111083E+03 +0.799821E+02 +0.000000E+00 +0.000000E+00 -0.199244E-02 -0.182091E-03 +0.000000E+00 +0.303932E-02 +0.000000E+00 +0.000000E+00
 +0.130720E+01 -0.101230E+03 -0.215254E+03 -0.120601E+03 -0.110832E+03 +0.796196E+02 +0.000000E+00 +0.000000E+00 -0.198401E-02 -0.185613E-03 +0.000000E+00 +0.302554E-02 +0.000000E+00 +0.000000E+00
 +0.130720E+01 -0.101240E+03 -0.214572E+03 -0.120532E+03 -0.110584E+03 +0.792582E+02 +0.000000E+00 +0.000000E+00 -0.197576E-02 -0.189006E-03 +0.000000E+00 +0.301181E-02 +0.000000E+00 +0.000000E+00
 +0.130720E+01 -0.101250E+03 -0.213893E+03 -0.120461E+03 -0.110337E+03 +0.788972E+02 +0.000000E+00 +0.000000E+00 -0.196756E-02 -0.192365E-03 +0.000000E+00 +0.299809E-02 +0.000000E+00 +0.000000E+00
 +0.130720E+01 -0.101260E+03 -0.213226E+03 -0.120387E+03 -0.110092E+03 +0.785374E+02 +0.000000E+00 +0.000000E+00 -0.195954E-02 -0.195602E-03 +0.000000E+00 +0.298442E-02 +0.000000E+00 +0.000000E+00
 +0.130720E+01 -0.101270E+03 -0.212562E+03 -0.120312E+03 -0.109848E+03 +0.781780E+02 +0.000000E+00 +0.000000E+00 -0.195156E-02 -0.198802E-03 +0.000000E+00 +0.297076E-02 +0.000000E+00 +0.000000E+00
 +0.130720E+01 -0.101280E+03 -0.211910E+03 -0.120232E+03 -0.109607E+03 +0.778198E+02 +0.000000E+00 +0.000000E+00 -0.194375E-02 -0.201887E-03 +0.000000E+00 +0.295715E-02 +0.000000E+00 +0.000000E+00
 +0.130720E+01 -0.101290E+03 -0.211260E+03 -0.120152E+03 -0.109366E+03 +0.774621E+02 +0.000000E+00 +0.000000E+00 -0.193599E-02 -0.204933E-03 +0.000000E+00 +0.294356E-02 +0.000000E+00 +0.000000E+00
 +0.130720E+01 -0.101300E+03 -0.210622E+03 -0.120068E+03 -0.109128E+03 +0.771057E+02 +0.000000E+00 +0.000000E+00 -0.192839E-02 -0.207871E-03 +0.000000E+00 +0.293002E-02 +0.000000E+00 +0.000000E+00
 +0.130720E+01 -0.101310E+03 -0.209987E+03 -0.119983E+03 -0.108890E+03 +0.767497E+02 +0.000000E+00 +0.000000E+00 -0.192084E-02 -0.210768E-03 +0.000000E+00 +0.291649E-02 +0.000000E+00 +0.000000E+00
 +0.130720E+01 -0.101320E+03 -0.209362E+03 -0.119895E+03 -0.108655E+03 +0.763951E+02 +0.000000E+00 +0.000000E+00 -0.191344E-02 -0.213563E-03 +0.000000E+00 +0.290301E-02 +0.000000E+00 +0.000000E+00
 +0.130720E+01 -0.101330E+03 -0.208742E+03 -0.119806E+03 -0.108421E+03 +0.760410E+02 +0.000000E+00 +0.000000E+00 -0.190610E-02 -0.216316E-03 +0.000000E+00 +0.288956E-02 +0.000000E+00 +0.000000E+00
 +0.130720E+01 -0.101340E+03 -0.208130E+03 -0.119713E+03 -0.108188E+03 +0.756882E+02 +0.000000E+00 +0.000000E+00 -0.189890E-02 -0.218973E-03 +0.000000E+00 +0.287615E-02 +0.000000E+00 +0.000000E+00
 +0.130720E+01 -0.101350E+03 -0.207523E+03 -0.119619E+03 -0.107957E+03 +0.753360E+02 +0.000000E+00 +0.000000E+00 -0.189175E-02 -0.221586E-03 +0.000000E+00 +0.286277E-02 +0.000000E+00 +0.000000E+00
 +0.130720E+01 -0.101360E+03 -0.206925E+03 -0.119523E+03 -0.107728E+03 +0.749852E+02 +0.000000E+00 +0.000000E+00 -0.188474E-02 -0.224108E-03 +0.000000E+00 +0.284944E-02 +0.000000E+00 +0.000000E+00
 +0.130720E+01 -0.101370E+03 -0.206331E+03 -0.119425E+03 -0.107499E+03 +0.746349E+02 +0.000000E+00 +0.000000E+00 -0.187780E-02 -0.226586E-03 +0.000000E+00 +0.283613E-02 +0.000000E+00 +0.000000E+00
 +0.130720E+01 -0.101380E+03 -0.205745E+03 -0.119324E+03 -0.107273E+03 +0.742860E+02 +0.000000E+00 +0.000000E+00 -0.187097E-02 -0.228978E-03 +0.000000E+00 +0.282287E-02 +0.000000E+00 +0.000000E+00
 +0.130720E+01 -0.101390E+03 -0.205164E+03 -0.119223E+03 -0.107048E+03 +0.739378E+02 +0.000000E+00 +0.000000E+00 -0.186421E-02 -0.231324E-03 +0.000000E+00 +0.280964E-02 +0.000000E+00 +0.000000E+00
 +0.130720E+01 -0.101400E+03 -0.204591E+03 -0.119118E+03 -0.106824E+03 +0.735909E+02 +0.000000E+00 +0.000000E+00 -0.185757E-02 -0.233589E-03 +0.000000E+00 +0.279645E-02 +0.000000E+00 +0.000000E+00
 +0.130720E+01 -0.101410E+03 -0.204023E+03 -0.119013E+03 -0.106602E+03 +0.732447E+02 +0.000000E+00 +0.000000E+00 -0.185100E-02 -0.235808E-03 +0.000000E+00 +0.278330E-02 +0.000000E+00 +0.000000E+00
 +0.130720E+01 -0.101420E+03 -0.203462E+03 -0.118905E+03 -0.106381E+03 +0.728999E+02 +0.000000E+00 +0.000000E+00 -0.184454E-02 -0.237950E-03 +0.000000E+00 +0.277020E-02 +0.000000E+00 +0.000000E+00
 +0.130720E+01 -0.101430E+03 -0.202906E+03 -0.118795E+03 -0.106161E+03 +0.725559E+02 +0.000000E+00 +0.000000E+00 -0.183814E-02 -0.240046E-03 +0.000000E+00 +0.275712E-02 +0.000000E+00 +0.000000E+00
 +0.130720E+01 -0.101440E+03 -0.202357E+03 -0.118684E+03 -0.105943E+03 +0.722131E+02 +0.000000E+00 +0.000000E+00 -0.183186E-02 -0.242069E-03 +0.000000E+00 +0.274410E-02 +0.000000E+00 +0.000000E+00
 +0.130720E+01 -0.101450E+03 -0.201813E+03 -0.118571E+03 -0.105727E+03 +0.718713E+02 +0.000000E+00 +0.000000E+00 -0.182564E-02 -0.244044E-03 +0.000000E+00 +0.273111E-02 +0.000000E+00 +0.000000E+00
 +0.130720E+01 -0.101460E+03 -0.201276E+03 -0.118456E+03 -0.105512E+03 +0.715307E+02 +0.000000E+00 +0.000000E+00 -0.181952E-02 -0.245951E-03 +0.000000E+00 +0.271817E-02 +0.000000E+00 +0.000000E+00
 +0.130720E+01 -0.101470E+03 -0.200743E+03 -0.118340E+03 -0.105297E+03 +0.711910E+02 +0.000000E+00 +0.000000E+00 -0.181347E-02 -0.247810E-03 +0.000000E+00 +0.270526E-02 +0.000000E+00 +0.000000E+00
 +0.130720E+01 -0.101480E+03 -0.200217E+03 -0.118222E+03 -0.105085E+03 +0.708526E+02 +0.000000E+00 +0.000000E+00 -0.180751E-02 -0.249605E-03 +0.000000E+00 +0.269240E-02 +0.000000E+00 +0.000000E+00
 +0.130720E+01 -0.101490E+03 -0.199696E+03 -0.118103E+03 -0.104874E+03 +0.705152E+02 +0.000000E+00 +0.000000E+00 -0.180163E-02 -0.251350E-03 +0.000000E+00 +0.267958E-02 +0.000000E+00 +0.000000E+00
 +0.130720E+01 -0.101500E+03 -0.199181E+03 -0.117981E+03 -0.104664E+03 +0.701791E+02 +0.000000E+00 +0.000000E+00 -0.179584E-02 -0.253036E-03 +0.000000E+00 +0.266680E-02 +0.000000E+00 +0.000000E+00
 +0.130720E+01 -0.101510E+03 -0.198672E+03 -0.117859E+03 -0.104455E+03 +0.698440E+02 +0.000000E+00 +0.000000E+00 -0.179012E-02 -0.254672E-03 +0.000000E+00 +0.265407E-02 +0.000000E+00 +0.000000E+00
 +0.130720E+01 -0.101520E+03 -0.198168E+03 -0.117735E+03 -0.104248E+03 +0.695100E+02 +0.000000E+00 +0.000000E+00 -0.178448E-02 -0.256252E-03 +0.000000E+00 +0.264138E-02 +0.000000E+00 +0.000000E+00
 +0.130720E+01 -0.101530E+03 -0.197669E+03 -0.117609E+03 -0.104042E+03 +0.691773E+02 +0.000000E+00 +0.000000E+00 -0.177892E-02 -0.257781E-03 +0.000000E+00 +0.262874E-02 +0.000000E+00 +0.000000E+00
 +0.130720E+01 -0.101540E+03 -0.197176E+03 -0.117482E+03 -0.103837E+03 +0.688456E+02 +0.000000E+00 +0.000000E+00 -0.177343E-02 -0.259259E-03 +0.000000E+00 +0.261613E-02 +0.000000E+00 +0.000000E+00
 +0.130720E+01 -0.101550E+03 -0.196688E+03 -0.117354E+03 -0.103634E+03 +0.685152E+02 +0.000000E+00 +0.000000E+00 -0.176802E-02 -0.260684E-03 +0.000000E+00 +0.260358E-02 +0.000000E+00 +0.000000E+00
 +0.130720E+01 -0.101560E+03 -0.196204E+03 -0.117224E+03 -0.103431E+03 +0.681859E+02 +0.000000E+00 +0.000000E+00 -0.176269E-02 -0.262062E-03 +0.000000E+00 +0.259106E-02 +0.000000E+00 +0.000000E+00
 +0.130720E+01 -0.101570E+03 -0.195727E+03 -0.117093E+03 -0.103231E+03 +0.678579E+02 +0.000000E+00 +0.000000E+00 -0.175743E-02 -0.263387E-03 +0.000000E+00 +0.257860E-02 +0.000000E+00 +0.000000E+00
 +0.130720E+01 -0.101580E+03 -0.195254E+03 -0.116961E+03 -0.103031E+03 +0.675309E+02 +0.000000E+00 +0.000000E+00 -0.175224E-02 -0.264667E-03 +0.000000E+00 +0.256617E-02 +0.000000E+00 +0.000000E+00
 +0.130720E+01 -0.101590E+03 -0.194787E+03 -0.116827E+03 -0.102832E+03 +0.672053E+02 +0.000000E+00 +0.000000E+00 -0.174713E-02 -0.265896E-03 +0.000000E+00 +0.255380E-02 +0.000000E+00 +0.000000E+00
 +0.130720E+01 -0.101600E+03 -0.194324E+03 -0.116692E+03 -0.102635E+03 +0.668807E+02 +0.000000E+00 +0.000000E+00 -0.174208E-02 -0.267081E-03 +0.000000E+00 +0.254147E-02 +0.000000E+00 +0.000000E+00
 +0.130720E+01 -0.101610E+03 -0.193866E+03 -0.116556E+03 -0.102439E+03 +0.665575E+02 +0.000000E+00 +0.000000E+00 -0.173711E-02 -0.268215E-03 +0.000000E+00 +0.252919E-02 +0.000000E+00 +0.000000E+00
 +0.130720E+01 -0.101620E+03 -0.193413E+03 -0.116419E+03 -0.102244E+03 +0.662354E+02 +0.000000E+00 +0.000000E+00 -0.173220E-02 -0.269310E-03 +0.000000E+00 +0.251694E-02 +0.000000E+00 +0.000000E+00
 +0.130720E+01 -0.101630E+03 -0.192965E+03 -0.116280E+03 -0.102051E+03 +0.659146E+02 +0.000000E+00 +0.000000E+00 -0.172737E-02 -0.270351E-03 +0.000000E+00 +0.250476E-02 +0.000000E+00 +0.000000E+00
 +0.130720E+01 -0.101640E+03 -0.192521E+03 -0.116140E+03 -0.101858E+03 +0.655949E+02 +0.000000E+00 +0.000000E+00 -0.172260E-02 -0.271357E-03 +0.000000E+00 +0.249261E-02 +0.000000E+00 +0.000000E+00
 +0.130720E+01 -0.101650E+03 -0.192083E+03 -0.115999E+03 -0.101667E+03 +0.652767E+02 +0.000000E+00 +0.000000E+00 -0.171790E-02 -0.272310E-03 +0.000000E+00 +0.248051E-02 +0.000000E+00 +0.000000E+00
 +0.130720E+01 -0.101660E+03 -0.191649E+03 -0.115857E+03 -0.101477E+03 +0.649594E+02 +0.000000E+00 +0.000000E+00 -0.171326E-02 -0.273229E-03 +0.000000E+00 +0.246846E-02 +0.000000E+00 +0.000000E+00
 +0.130720E+01 -0.101670E+03 -0.191220E+03 -0.115714E+03 -0.101288E+03 +0.646436E+02 +0.000000E+00 +0.000000E+00 -0.170870E-02 -0.274095E-03 +0.000000E+00 +0.245646E-02 +0.000000E+00 +0.000000E+00
 +0.130720E+01 -0.101680E+03 -0.190794E+03 -0.115570E+03 -0.101100E+03 +0.643288E+02 +0.000000E+00 +0.000000E+00 -0.170419E-02 -0.274930E-03 +0.000000E+00 +0.244450E-02 +0.000000E+00 +0.000000E+00
 +0.130720E+01 -0.101690E+03 -0.190375E+03 -0.115425E+03 -0.100914E+03 +0.640156E+02 +0.000000E+00 +0.000000E+00 -0.169975E-02 -0.275713E-03 +0.000000E+00 +0.243259E-02 +0.000000E+00 +0.000000E+00
 +0.130720E+01 -0.101700E+03 -0.189958E+03 -0.115279E+03 -0.100728E+03 +0.637033E+02 +0.000000E+00 +0.000000E+00 -0.169536E-02 -0.276467E-03 +0.000000E+00 +0.242072E-02 +0.000000E+00 +0.000000E+00
 +0.130720E+01 -0.101710E+03 -0.189547E+03 -0.115132E+03 -0.100544E+03 +0.633926E+02 +0.000000E+00 +0.000000E+00 -0.169106E-02 -0.277168E-03 +0.000000E+00 +0.240892E-02 +0.000000E+00 +0.000000E+00
 +0.130720E+01 -0.101720E+03 -0.189139E+03 -0.114984E+03 -0.100361E+03 +0.630828E+02 +0.000000E+00 +0.000000E+00 -0.168679E-02 -0.277843E-03 +0.000000E+00 +0.239714E-02 +0.000000E+00 +0.000000E+00
 +0.130720E+01 -0.101730E+03 -0.188737E+03 -0.114835E+03 -0.100179E+03 +0.627746E+02 +0.000000E+00 +0.000000E+00 -0.168261E-02 -0.278465E-03 +0.000000E+00 +0.238544E-02 +0.000000E+00 +0.000000E+00
 +0.130720E+01 -0.101740E+03 -0.188338E+03 -0.114685E+03 -0.999975E+02 +0.624673E+02 +0.000000E+00 +0.000000E+00 -0.167846E-02 -0.279063E-03 +0.000000E+00 +0.237376E-02 +0.000000E+00 +0.000000E+00
 +0.130720E+01 -0.101750E+03 -0.187944E+03 -0.114534E+03 -0.998178E+02 +0.621618E+02 +0.000000E+00 +0.000000E+00 -0.167440E-02 -0.279608E-03 +0.000000E+00 +0.236215E-02 +0.000000E+00 +0.000000E+00
 +0.130720E+01 -0.101760E+03 -0.187553E+03 -0.114382E+03 -0.996387E+02 +0.618569E+02 +0.000000E+00 +0.000000E+00 -0.167037E-02 -0.280131E-03 +0.000000E+00 +0.235056E-02 +0.000000E+00 +0.000000E+00
 +0.130720E+01 -0.101770E+03 -0.187168E+03 -0.114230E+03 -0.994612E+02 +0.615540E+02 +0.000000E+00 +0.000000E+00 -0.166643E-02 -0.280602E-03 +0.000000E+00 +0.233905E-02 +0.000000E+00 +0.000000E+00
 +0.130720E+01 -0.101780E+03 -0.186785E+03 -0.114077E+03 -0.992843E+02 +0.612517E+02 +0.000000E+00 +0.000000E+00 -0.166251E-02 -0.281053E-03 +0.000000E+00 +0.232756E-02 +0.000000E+00 +0.000000E+00
 +0.130720E+01 -0.101790E+03 -0.186408E+03 -0.113922E+03 -0.991089E+02 +0.609513E+02 +0.000000E+00 +0.000000E+00 -0.165868E-02 -0.281451E-03 +0.000000E+00 +0.231615E-02 +0.000000E+00 +0.000000E+00
 +0.130720E+01 -0.101800E+03 -0.186033E+03 -0.113767E+03 -0.989341E+02 +0.606515E+02 +0.000000E+00 +0.000000E+00 -0.165488E-02 -0.281832E-03 +0.000000E+00 +0.230476E-02 +0.000000E+00 +0.000000E+00
 +0.130720E+01 -0.101810E+03 -0.185664E+03 -0.113611E+03 -0.987608E+02 +0.603536E+02 +0.000000E+00 +0.000000E+00 -0.165116E-02 -0.282160E-03 +0.000000E+00 +0.229344E-02 +0.000000E+00 +0.000000E+00
 +0.130720E+01 -0.101820E+03 -0.185297E+03 -0.113455E+03 -0.985881E+02 +0.600564E+02 +0.000000E+00 +0.000000E+00 -0.164746E-02 -0.282472E-03 +0.000000E+00 +0.228214E-02 +0.000000E+00 +0.000000E+00
 +0.130720E+01 -0.101830E+03 -0.184935E+03 -0.113298E+03 -0.984169E+02 +0.597611E+02 +0.000000E+00 +0.000000E+00 -0.164385E-02 -0.282732E-03 +0.000000E+00 +0.227092E-02 +0.000000E+00 +0.000000E+00
 +0.130720E+01 -0.101840E+03 -0.184576E+03 -0.113140E+03 -0.982461E+02 +0.594664E+02 +0.000000E+00 +0.000000E+00 -0.164027E-02 -0.282977E-03 +0.000000E+00 +0.225972E-02 +0.000000E+00 +0.000000E+00
 +0.130720E+01 -0.101850E+03 -0.184222E+03 -0.112981E+03 -0.980770E+02 +0.591736E+02 +0.000000E+00 +0.000000E+00 -0.163676E-02 -0.283171E-03 +0.000000E+00 +0.224860E-02 +0.000000E+00 +0.000000E+00
 +0.130720E+01 -0.101860E+03 -0.183870E+03 -0.112822E+03 -0.979083E+02 +0.588813E+02 +0.000000E+00 +0.000000E+00 -0.163328E-02 -0.283351E-03 +0.000000E+00 +0.223749E-02 +0.000000E+00 +0.000000E+00
 +0.130720E+01 -0.101870E+03 -0.183524E+03 -0.112661E+03 -0.977412E+02 +0.585910E+02 +0.000000E+00 +0.000000E+00 -0.162988E-02 -0.283479E-03 +0.000000E+00 +0.222646E-02 +0.000000E+00 +0.000000E+00
 +0.130720E+01 -0.101880E+03 -0.183179E+03 -0.112500E+03 -0.975744E+02 +0.583011E+02 +0.000000E+00 +0.000000E+00 -0.162650E-02 -0.283596E-03 +0.000000E+00 +0.221544E-02 +0.000000E+00 +0.000000E+00
 +0.130720E+01 -0.101890E+03 -0.182841E+03 -0.112339E+03 -0.974092E+02 +0.580131E+02 +0.000000E+00 +0.000000E+00 -0.162320E-02 -0.283660E-03 +0.000000E+00 +0.220450E-02 +0.000000E+00 +0.000000E+00
 +0.130720E+01 -0.101900E+03 -0.182503E+03 -0.112177E+03 -0.972443E+02 +0.577253E+02 +0.000000E+00 +0.000000E+00 -0.161992E-02 -0.283714E-03 +0.000000E+00 +0.219356E-02 +0.000000E+00 +0.000000E+00
 +0.130720E+01 -0.101910E+03 -0.182172E+03 -0.112013E+03 -0.970810E+02 +0.574396E+02 +0.000000E+00 +0.000000E+00 -0.161672E-02 -0.283712E-03 +0.000000E+00 +0.218271E-02 +0.000000E+00 +0.000000E+00
 +0.130720E+01 -0.101920E+03 -0.181841E+03 -0.111849E+03 -0.969179E+02 +0.571542E+02 +0.000000E+00 +0.000000E+00 -0.161354E-02 -0.283701E-03 +0.000000E+00 +0.217186E-02 +0.000000E+00 +0.000000E+00
 +0.130720E+01 -0.101930E+03 -0.181516E+03 -0.111684E+03 -0.967560E+02 +0.568695E+02 +0.000000E+00 +0.000000E+00 -0.161043E-02 -0.283638E-03 +0.000000E+00 +0.216104E-02 +0.000000E+00 +0.000000E+00
 +0.130720E+01 -0.101940E+03 -0.181191E+03 -0.111519E+03 -0.965942E+02 +0.565849E+02 +0.000000E+00 +0.000000E+00 -0.160734E-02 -0.283568E-03 +0.000000E+00 +0.215023E-02 +0.000000E+00 +0.000000E+00
 +0.130720E+01 -0.101950E+03 -0.180843E+03 -0.111339E+03 -0.964203E+02 +0.562485E+02 +0.000000E+00 +0.000000E+00 -0.160404E-02 -0.283460E-03 +0.000000E+00 +0.213744E-02 +0.000000E+00 +0.000000E+00
 +0.130720E+01 -0.101960E+03 -0.180494E+03 -0.111158E+03 -0.962450E+02 +0.559064E+02 +0.000000E+00 +0.000000E+00 -0.160072E-02 -0.283348E-03 +0.000000E+00 +0.212444E-02 +0.000000E+00 +0.000000E+00
 +0.130720E+01 -0.101970E+03 -0.180199E+03 -0.111000E+03 -0.960958E+02 +0.556697E+02 +0.000000E+00 +0.000000E+00 -0.159796E-02 -0.283183E-03 +0.000000E+00 +0.211545E-02 +0.000000E+00 +0.000000E+00
 +0.130720E+01 -0.101980E+03 -0.179910E+03 -0.110844E+03 -0.959488E+02 +0.554422E+02 +0.000000E+00 +0.000000E+00 -0.159526E-02 -0.283015E-03 +0.000000E+00 +0.210680E-02 +0.000000E+00 +0.000000E+00
 +0.130720E+01 -0.101990E+03 -0.179584E+03 -0.110671E+03 -0.957840E+02 +0.551483E+02 +0.000000E+00 +0.000000E+00 -0.159219E-02 -0.282853E-03 +0.000000E+00 +0.209564E-02 +0.000000E+00 +0.000000E+00
 +0.130720E+01 -0.102000E+03 -0.179255E+03 -0.110496E+03 -0.956179E+02 +0.548493E+02 +0.000000E+00 +0.000000E+00 -0.158910E-02 -0.282691E-03 +0.000000E+00 +0.208427E-02 +0.000000E+00 +0.000000E+00
 +0.130720E+01 -0.102010E+03 -0.178971E+03 -0.110340E+03 -0.954728E+02 +0.545745E+02 +0.000000E+00 +0.000000E+00 -0.158647E-02 -0.282478E-03 +0.000000E+00 +0.207383E-02 +0.000000E+00 +0.000000E+00
 +0.130720E+01 -0.102020E+03 -0.178688E+03 -0.110186E+03 -0.953284E+02 +0.543020E+02 +0.000000E+00 +0.000000E+00 -0.158384E-02 -0.282285E-03 +0.000000E+00 +0.206348E-02 +0.000000E+00 +0.000000E+00
 +0.130720E+01 -0.102030E+03 -0.178377E+03 -0.110009E+03 -0.951675E+02 +0.540397E+02 +0.000000E+00 +0.000000E+00 -0.158098E-02 -0.281997E-03 +0.000000E+00 +0.205351E-02 +0.000000E+00 +0.000000E+00
 +0.130720E+01 -0.102040E+03 -0.178115E+03 -0.109857E+03 -0.950310E+02 +0.537731E+02 +0.000000E+00 +0.000000E+00 -0.157860E-02 -0.281700E-03 +0.000000E+00 +0.204338E-02 +0.000000E+00 +0.000000E+00
 +0.130720E+01 -0.102050E+03 -0.177858E+03 -0.109705E+03 -0.948960E+02 +0.535082E+02 +0.000000E+00 +0.000000E+00 -0.157628E-02 -0.281378E-03 +0.000000E+00 +0.203331E-02 +0.000000E+00 +0.000000E+00
 +0.130720E+01 -0.102060E+03 -0.177591E+03 -0.109539E+03 -0.947528E+02 +0.532542E+02 +0.000000E+00 +0.000000E+00 -0.157392E-02 -0.280936E-03 +0.000000E+00 +0.202366E-02 +0.000000E+00 +0.000000E+00
 +0.130720E+01 -0.102070E+03 -0.177326E+03 -0.109379E+03 -0.946128E+02 +0.529989E+02 +0.000000E+00 +0.000000E+00 -0.157156E-02 -0.280559E-03 +0.000000E+00 +0.201396E-02 +0.000000E+00 +0.000000E+00
 +0.130720E+01 -0.102080E+03 -0.177067E+03 -0.109230E+03 -0.944779E+02 +0.527418E+02 +0.000000E+00 +0.000000E+00 -0.156919E-02 -0.280284E-03 +0.000000E+00 +0.200419E-02 +0.000000E+00 +0.000000E+00
 +0.130720E+01 -0.102090E+03 -0.176807E+03 -0.109080E+03 -0.943429E+02 +0.524847E+02 +0.000000E+00 +0.000000E+00 -0.156683E-02 -0.280008E-03 +0.000000E+00 +0.199442E-02 +0.000000E+00 +0.000000E+00
 +0.130720E+01 -0.102100E+03 -0.176542E+03 -0.108901E+03 -0.941961E+02 +0.522242E+02 +0.000000E+00 +0.000000E+00 -0.156457E-02 -0.279386E-03 +0.000000E+00 +0.198452E-02 +0.000000E+00 +0.000000E+00
 +0.130720E+01 -0.102110E+03 -0.176282E+03 -0.108722E+03 -0.940512E+02 +0.519648E+02 +0.000000E+00 +0.000000E+00 -0.156238E-02 -0.278747E-03 +0.000000E+00 +0.197466E-02 +0.000000E+00 +0.000000E+00
 +0.130720E+01 -0.102120E+03 -0.176025E+03 -0.108545E+03 -0.939081E+02 +0.517063E+02 +0.000000E+00 +0.000000E+00 -0.156023E-02 -0.278096E-03 +0.000000E+00 +0.196484E-02 +0.000000E+00 +0.000000E+00
 +0.130720E+01 -0.102130E+03 -0.175769E+03 -0.108367E+03 -0.937650E+02 +0.514478E+02 +0.000000E+00 +0.000000E+00 -0.155807E-02 -0.277446E-03 +0.000000E+00 +0.195502E-02 +0.000000E+00 +0.000000E+00
 +0.130720E+01 -0.102140E+03 -0.175506E+03 -0.108181E+03 -0.936167E+02 +0.511845E+02 +0.000000E+00 +0.000000E+00 -0.155590E-02 -0.276718E-03 +0.000000E+00 +0.194501E-02 +0.000000E+00 +0.000000E+00
 +0.130720E+01 -0.102150E+03 -0.175226E+03 -0.107965E+03 -0.934530E+02 +0.509151E+02 +0.000000E+00 +0.000000E+00 -0.155369E-02 -0.275724E-03 +0.000000E+00 +0.193478E-02 +0.000000E+00 +0.000000E+00
 +0.130720E+01 -0.102160E+03 -0.174943E+03 -0.107742E+03 -0.932861E+02 +0.506466E+02 +0.000000E+00 +0.000000E+00 -0.155148E-02 -0.274667E-03 +0.000000E+00 +0.192457E-02 +0.000000E+00 +0.000000E+00
 +0.130720E+01 -0.102170E+03 -0.174653E+03 -0.107519E+03 -0.931168E+02 +0.503727E+02 +0.000000E+00 +0.000000E+00 -0.154920E-02 -0.273635E-03 +0.000000E+00 +0.191416E-02 +0.000000E+00 +0.000000E+00
 +0.130720E+01 -0.102180E+03 -0.174368E+03 -0.107300E+03 -0.929501E+02 +0.501027E+02 +0.000000E+00 +0.000000E+00 -0.154693E-02 -0.272638E-03 +0.000000E+00 +0.190390E-02 +0.000000E+00 +0.000000E+00
 +0.130720E+01 -0.102190E+03 -0.174127E+03 -0.107132E+03 -0.928154E+02 +0.498624E+02 +0.000000E+00 +0.000000E+00 -0.154491E-02 -0.272018E-03 +0.000000E+00 +0.189477E-02 +0.000000E+00 +0.000000E+00
 +0.130720E+01 -0.102200E+03 -0.173897E+03 -0.106983E+03 -0.926904E+02 +0.496171E+02 +0.000000E+00 +0.000000E+00 -0.154292E-02 -0.271564E-03 +0.000000E+00 +0.188545E-02 +0.000000E+00 +0.000000E+00
 +0.130720E+01 -0.102210E+03 -0.173667E+03 -0.106834E+03 -0.925653E+02 +0.493717E+02 +0.000000E+00 +0.000000E+00 -0.154093E-02 -0.271111E-03 +0.000000E+00 +0.187612E-02 +0.000000E+00 +0.000000E+00
 +0.130720E+01 -0.102220E+03 -0.173437E+03 -0.106685E+03 -0.924403E+02 +0.491263E+02 +0.000000E+00 +0.000000E+00 -0.153893E-02 -0.270658E-03 +0.000000E+00 +0.186680E-02 +0.000000E+00 +0.000000E+00
 +0.130720E+01 -0.102230E+03 -0.173206E+03 -0.106539E+03 -0.923156E+02 +0.488849E+02 +0.000000E+00 +0.000000E+00 -0.153691E-02 -0.270240E-03 +0.000000E+00 +0.185763E-02 +0.000000E+00 +0.000000E+00
 +0.130720E+01 -0.102240E+03 -0.172974E+03 -0.106392E+03 -0.921909E+02 +0.486435E+02 +0.000000E+00 +0.000000E+00 -0.153489E-02 -0.269822E-03 +0.000000E+00 +0.184845E-02 +0.000000E+00 +0.000000E+00
 +0.130720E+01 -0.102250E+03 -0.172760E+03 -0.106222E+03 -0.920639E+02 +0.484024E+02 +0.000000E+00 +0.000000E+00 -0.153322E-02 -0.268999E-03 +0.000000E+00 +0.183929E-02 +0.000000E+00 +0.000000E+00
 +0.130720E+01 -0.102260E+03 -0.172551E+03 -0.106043E+03 -0.919361E+02 +0.481613E+02 +0.000000E+00 +0.000000E+00 -0.153169E-02 -0.268031E-03 +0.000000E+00 +0.183013E-02 +0.000000E+00 +0.000000E+00
 +0.130720E+01 -0.102270E+03 -0.172324E+03 -0.105867E+03 -0.918033E+02 +0.479188E+02 +0.000000E+00 +0.000000E+00 -0.152990E-02 -0.267216E-03 +0.000000E+00 +0.182092E-02 +0.000000E+00 +0.000000E+00
 +0.130720E+01 -0.102280E+03 -0.172083E+03 -0.105694E+03 -0.916665E+02 +0.476752E+02 +0.000000E+00 +0.000000E+00 -0.152792E-02 -0.266523E-03 +0.000000E+00 +0.181166E-02 +0.000000E+00 +0.000000E+00
 +0.130720E+01 -0.102290E+03 -0.171842E+03 -0.105521E+03 -0.915297E+02 +0.474315E+02 +0.000000E+00 +0.000000E+00 -0.152593E-02 -0.265830E-03 +0.000000E+00 +0.180240E-02 +0.000000E+00 +0.000000E+00
 +0.130720E+01 -0.102300E+03 -0.171601E+03 -0.105348E+03 -0.913929E+02 +0.471878E+02 +0.000000E+00 +0.000000E+00 -0.152395E-02 -0.265137E-03 +0.000000E+00 +0.179314E-02 +0.000000E+00 +0.000000E+00
 +0.130720E+01 -0.102310E+03 -0.171366E+03 -0.105145E+03 -0.912486E+02 +0.469467E+02 +0.000000E+00 +0.000000E+00 -0.152223E-02 -0.264036E-03 +0.000000E+00 +0.178398E-02 +0.000000E+00 +0.000000E+00
 +0.130720E+01 -0.102320E+03 -0.171138E+03 -0.104937E+03 -0.911048E+02 +0.467158E+02 +0.000000E+00 +0.000000E+00 -0.152063E-02 -0.262814E-03 +0.000000E+00 +0.177520E-02 +0.000000E+00 +0.000000E+00
 +0.130720E+01 -0.102330E+03 -0.170912E+03 -0.104737E+03 -0.909641E+02 +0.464890E+02 +0.000000E+00 +0.000000E+00 -0.151901E-02 -0.261684E-03 +0.000000E+00 +0.176658E-02 +0.000000E+00 +0.000000E+00
 +0.130720E+01 -0.102340E+03 -0.170685E+03 -0.104537E+03 -0.908233E+02 +0.462623E+02 +0.000000E+00 +0.000000E+00 -0.151738E-02 -0.260555E-03 +0.000000E+00 +0.175797E-02 +0.000000E+00 +0.000000E+00
 +0.130720E+01 -0.102350E+03 -0.170459E+03 -0.104337E+03 -0.906826E+02 +0.460355E+02 +0.000000E+00 +0.000000E+00 -0.151576E-02 -0.259425E-03 +0.000000E+00 +0.174935E-02 +0.000000E+00 +0.000000E+00
 +0.130720E+01 -0.102360E+03 -0.170233E+03 -0.104136E+03 -0.905419E+02 +0.458087E+02 +0.000000E+00 +0.000000E+00 -0.151413E-02 -0.258296E-03 +0.000000E+00 +0.174073E-02 +0.000000E+00 +0.000000E+00
 +0.130720E+01 -0.102370E+03 -0.170011E+03 -0.103942E+03 -0.904045E+02 +0.455844E+02 +0.000000E+00 +0.000000E+00 -0.151252E-02 -0.257221E-03 +0.000000E+00 +0.173221E-02 +0.000000E+00 +0.000000E+00
 +0.130720E+01 -0.102380E+03 -0.169827E+03 -0.103789E+03 -0.902933E+02 +0.453748E+02 +0.000000E+00 +0.000000E+00 -0.151115E-02 -0.256410E-03 +0.000000E+00 +0.172424E-02 +0.000000E+00 +0.000000E+00
 +0.130720E+01 -0.102390E+03 -0.169644E+03 -0.103635E+03 -0.901820E+02 +0.451651E+02 +0.000000E+00 +0.000000E+00 -0.150978E-02 -0.255599E-03 +0.000000E+00 +0.171627E-02 +0.000000E+00 +0.000000E+00
 +0.130720E+01 -0.102400E+03 -0.169461E+03 -0.103481E+03 -0.900708E+02 +0.449555E+02 +0.000000E+00 +0.000000E+00 -0.150842E-02 -0.254788E-03 +0.000000E+00 +0.170831E-02 +0.000000E+00 +0.000000E+00
 +0.130720E+01 -0.102410E+03 -0.169278E+03 -0.103327E+03 -0.899596E+02 +0.447458E+02 +0.000000E+00 +0.000000E+00 -0.150705E-02 -0.253977E-03 +0.000000E+00 +0.170034E-02 +0.000000E+00 +0.000000E+00
 +0.130720E+01 -0.102420E+03 -0.169095E+03 -0.103173E+03 -0.898483E+02 +0.445361E+02 +0.000000E+00 +0.000000E+00 -0.150568E-02 -0.253166E-03 +0.000000E+00 +0.169237E-02 +0.000000E+00 +0.000000E+00
 +0.130720E+01 -0.102430E+03 -0.168912E+03 -0.103019E+03 -0.897371E+02 +0.443265E+02 +0.000000E+00 +0.000000E+00 -0.150432E-02 -0.252356E-03 +0.000000E+00 +0.168441E-02 +0.000000E+00 +0.000000E+00
 +0.130720E+01 -0.102440E+03 -0.168728E+03 -0.102865E+03 -0.896258E+02 +0.441168E+02 +0.000000E+00 +0.000000E+00 -0.150295E-02 -0.251545E-03 +0.000000E+00 +0.167644E-02 +0.000000E+00 +0.000000E+00
 +0.130720E+01 -0.102450E+03 -0.168549E+03 -0.102694E+03 -0.895102E+02 +0.438939E+02 +0.000000E+00 +0.000000E+00 -0.150173E-02 -0.250501E-03 +0.000000E+00 +0.166797E-02 +0.000000E+00 +0.000000E+00
 +0.130720E+01 -0.102460E+03 -0.168375E+03 -0.102551E+03 -0.894056E+02 +0.436698E+02 +0.000000E+00 +0.000000E+00 -0.150041E-02 -0.249767E-03 +0.000000E+00 +0.165945E-02 +0.000000E+00 +0.000000E+00
 +0.130720E+01 -0.102470E+03 -0.168195E+03 -0.102372E+03 -0.892870E+02 +0.434429E+02 +0.000000E+00 +0.000000E+00 -0.149925E-02 -0.248614E-03 +0.000000E+00 +0.165083E-02 +0.000000E+00 +0.000000E+00
 +0.130720E+01 -0.102480E+03 -0.168015E+03 -0.102193E+03 -0.891685E+02 +0.432160E+02 +0.000000E+00 +0.000000E+00 -0.149808E-02 -0.247460E-03 +0.000000E+00 +0.164221E-02 +0.000000E+00 +0.000000E+00
 +0.130720E+01 -0.102490E+03 -0.167835E+03 -0.102013E+03 -0.890499E+02 +0.429891E+02 +0.000000E+00 +0.000000E+00 -0.149691E-02 -0.246306E-03 +0.000000E+00 +0.163359E-02 +0.000000E+00 +0.000000E+00
 +0.130720E+01 -0.102500E+03 -0.167655E+03 -0.101834E+03 -0.889314E+02 +0.427622E+02 +0.000000E+00 +0.000000E+00 -0.149575E-02 -0.245153E-03 +0.000000E+00 +0.162496E-02 +0.000000E+00 +0.000000E+00
 +0.130720E+01 -0.102510E+03 -0.167475E+03 -0.101655E+03 -0.888129E+02 +0.425353E+02 +0.000000E+00 +0.000000E+00 -0.149458E-02 -0.243999E-03 +0.000000E+00 +0.161634E-02 +0.000000E+00 +0.000000E+00
 +0.130720E+01 -0.102520E+03 -0.167295E+03 -0.101476E+03 -0.886943E+02 +0.423084E+02 +0.000000E+00 +0.000000E+00 -0.149341E-02 -0.242845E-03 +0.000000E+00 +0.160772E-02 +0.000000E+00 +0.000000E+00
 +0.130720E+01 -0.102530E+03 -0.167115E+03 -0.101296E+03 -0.885758E+02 +0.420815E+02 +0.000000E+00 +0.000000E+00 -0.149225E-02 -0.241692E-03 +0.000000E+00 +0.159910E-02 +0.000000E+00 +0.000000E+00
 +0.130720E+01 -0.102540E+03 -0.166940E+03 -0.101122E+03 -0.884604E+02 +0.418634E+02 +0.000000E+00 +0.000000E+00 -0.149112E-02 -0.240563E-03 +0.000000E+00 +0.159081E-02 +0.000000E+00 +0.000000E+00
 +0.130720E+01 -0.102550E+03 -0.166772E+03 -0.100953E+03 -0.883495E+02 +0.416580E+02 +0.000000E+00 +0.000000E+00 -0.149004E-02 -0.239471E-03 +0.000000E+00 +0.158300E-02 +0.000000E+00 +0.000000E+00
 +0.130720E+01 -0.102560E+03 -0.166605E+03 -0.100785E+03 -0.882386E+02 +0.414526E+02 +0.000000E+00 +0.000000E+00 -0.148896E-02 -0.238378E-03 +0.000000E+00 +0.157520E-02 +0.000000E+00 +0.000000E+00
 +0.130720E+01 -0.102570E+03 -0.166437E+03 -0.100616E+03 -0.881277E+02 +0.412472E+02 +0.000000E+00 +0.000000E+00 -0.148788E-02 -0.237286E-03 +0.000000E+00 +0.156739E-02 +0.000000E+00 +0.000000E+00
 +0.130720E+01 -0.102580E+03 -0.166270E+03 -0.100448E+03 -0.880168E+02 +0.410419E+02 +0.000000E+00 +0.000000E+00 -0.148680E-02 -0.236194E-03 +0.000000E+00 +0.155959E-02 +0.000000E+00 +0.000000E+00
 +0.130720E+01 -0.102590E+03 -0.166102E+03 -0.100280E+03 -0.879059E+02 +0.408365E+02 +0.000000E+00 +0.000000E+00 -0.148572E-02 -0.235101E-03 +0.000000E+00 +0.155179E-02 +0.000000E+00 +0.000000E+00
 +0.130720E+01 -0.102600E+03 -0.165934E+03 -0.100111E+03 -0.877950E+02 +0.406311E+02 +0.000000E+00 +0.000000E+00 -0.148465E-02 -0.234009E-03 +0.000000E+00 +0.154398E-02 +0.000000E+00 +0.000000E+00
 +0.130720E+01 -0.102610E+03 -0.165767E+03 -0.999429E+02 -0.876842E+02 +0.404257E+02 +0.000000E+00 +0.000000E+00 -0.148357E-02 -0.232917E-03 +0.000000E+00 +0.153618E-02 +0.000000E+00 +0.000000E+00
 +0.130720E+01 -0.102620E+03 -0.165600E+03 -0.997738E+02 -0.875734E+02 +0.402204E+02 +0.000000E+00 +0.000000E+00 -0.148251E-02 -0.231807E-03 +0.000000E+00 +0.152838E-02 +0.000000E+00 +0.000000E+00
 +0.130720E+01 -0.102630E+03 -0.165462E+03 -0.996049E+02 -0.874720E+02 +0.400218E+02 +0.000000E+00 +0.000000E+00 -0.148181E-02 -0.230524E-03 +0.000000E+00 +0.152083E-02 +0.000000E+00 +0.000000E+00
 +0.130720E+01 -0.102640E+03 -0.165313E+03 -0.994304E+02 -0.873652E+02 +0.398216E+02 +0.000000E+00 +0.000000E+00 -0.148100E-02 -0.229239E-03 +0.000000E+00 +0.151322E-02 +0.000000E+00 +0.000000E+00
 +0.130720E+01 -0.102650E+03 -0.165163E+03 -0.992560E+02 -0.872583E+02 +0.396214E+02 +0.000000E+00 +0.000000E+00 -0.148019E-02 -0.227955E-03 +0.000000E+00 +0.150561E-02 +0.000000E+00 +0.000000E+00
 +0.130720E+01 -0.102660E+03 -0.165014E+03 -0.990815E+02 -0.871515E+02 +0.394211E+02 +0.000000E+00 +0.000000E+00 -0.147939E-02 -0.226670E-03 +0.000000E+00 +0.149800E-02 +0.000000E+00 +0.000000E+00
 +0.130720E+01 -0.102670E+03 -0.164865E+03 -0.989070E+02 -0.870446E+02 +0.392209E+02 +0.000000E+00 +0.000000E+00 -0.147858E-02 -0.225386E-03 +0.000000E+00 +0.149039E-02 +0.000000E+00 +0.000000E+00
 +0.130720E+01 -0.102680E+03 -0.164715E+03 -0.987326E+02 -0.869378E+02 +0.390207E+02 +0.000000E+00 +0.000000E+00 -0.147777E-02 -0.224101E-03 +0.000000E+00 +0.148279E-02 +0.000000E+00 +0.000000E+00
 +0.130720E+01 -0.102690E+03 -0.164566E+03 -0.985581E+02 -0.868309E+02 +0.388205E+02 +0.000000E+00 +0.000000E+00 -0.147696E-02 -0.222817E-03 +0.000000E+00 +0.147518E-02 +0.000000E+00 +0.000000E+00
 +0.130720E+01 -0.102700E+03 -0.164417E+03 -0.983837E+02 -0.867241E+02 +0.386202E+02 +0.000000E+00 +0.000000E+00 -0.147616E-02 -0.221532E-03 +0.000000E+00 +0.146757E-02 +0.000000E+00 +0.000000E+00
 +0.130720E+01 -0.102710E+03 -0.164267E+03 -0.982092E+02 -0.866172E+02 +0.384200E+02 +0.000000E+00 +0.000000E+00 -0.147535E-02 -0.220248E-03 +0.000000E+00 +0.145996E-02 +0.000000E+00 +0.000000E+00
 +0.130720E+01 -0.102720E+03 -0.164121E+03 -0.980490E+02 -0.865160E+02 +0.382053E+02 +0.000000E+00 +0.000000E+00 -0.147449E-02 -0.219128E-03 +0.000000E+00 +0.145180E-02 +0.000000E+00 +0.000000E+00
 +0.130720E+01 -0.102730E+03 -0.163974E+03 -0.978900E+02 -0.864151E+02 +0.379896E+02 +0.000000E+00 +0.000000E+00 -0.147362E-02 -0.218022E-03 +0.000000E+00 +0.144360E-02 +0.000000E+00 +0.000000E+00
 +0.130720E+01 -0.102740E+03 -0.163828E+03 -0.977309E+02 -0.863143E+02 +0.377738E+02 +0.000000E+00 +0.000000E+00 -0.147275E-02 -0.216915E-03 +0.000000E+00 +0.143540E-02 +0.000000E+00 +0.000000E+00
 +0.130720E+01 -0.102750E+03 -0.163681E+03 -0.975719E+02 -0.862135E+02 +0.375580E+02 +0.000000E+00 +0.000000E+00 -0.147189E-02 -0.215809E-03 +0.000000E+00 +0.142721E-02 +0.000000E+00 +0.000000E+00
 +0.130720E+01 -0.102760E+03 -0.163535E+03 -0.974128E+02 -0.861127E+02 +0.373423E+02 +0.000000E+00 +0.000000E+00 -0.147102E-02 -0.214702E-03 +0.000000E+00 +0.141901E-02 +0.000000E+00 +0.000000E+00
 +0.130720E+01 -0.102770E+03 -0.163386E+03 -0.972465E+02 -0.860086E+02 +0.371301E+02 +0.000000E+00 +0.000000E+00 -0.147016E-02 -0.213521E-03 +0.000000E+00 +0.141094E-02 +0.000000E+00 +0.000000E+00
 +0.130720E+01 -0.102780E+03 -0.163224E+03 -0.970466E+02 -0.858893E+02 +0.369346E+02 +0.000000E+00 +0.000000E+00 -0.146936E-02 -0.211989E-03 +0.000000E+00 +0.140351E-02 +0.000000E+00 +0.000000E+00
 +0.130720E+01 -0.102790E+03 -0.163071E+03 -0.968526E+02 -0.857748E+02 +0.367480E+02 +0.000000E+00 +0.000000E+00 -0.146863E-02 -0.210477E-03 +0.000000E+00 +0.139642E-02 +0.000000E+00 +0.000000E+00
 +0.130720E+01 -0.102800E+03 -0.162950E+03 -0.966798E+02 -0.856777E+02 +0.365930E+02 +0.000000E+00 +0.000000E+00 -0.146817E-02 -0.209040E-03 +0.000000E+00 +0.139053E-02 +0.000000E+00 +0.000000E+00
 +0.130720E+01 -0.102810E+03 -0.162828E+03 -0.965071E+02 -0.855806E+02 +0.364380E+02 +0.000000E+00 +0.000000E+00 -0.146770E-02 -0.207602E-03 +0.000000E+00 +0.138464E-02 +0.000000E+00 +0.000000E+00
 +0.130720E+01 -0.102820E+03 -0.162707E+03 -0.963343E+02 -0.854836E+02 +0.362830E+02 +0.000000E+00 +0.000000E+00 -0.146724E-02 -0.206165E-03 +0.000000E+00 +0.137875E-02 +0.000000E+00 +0.000000E+00
 +0.130720E+01 -0.102830E+03 -0.162585E+03 -0.961616E+02 -0.853865E+02 +0.361280E+02 +0.000000E+00 +0.000000E+00 -0.146678E-02 -0.204727E-03 +0.000000E+00 +0.137286E-02 +0.000000E+00 +0.000000E+00
 +0.130720E+01 -0.102840E+03 -0.162464E+03 -0.959889E+02 -0.852894E+02 +0.359729E+02 +0.000000E+00 +0.000000E+00 -0.146631E-02 -0.203290E-03 +0.000000E+00 +0.136697E-02 +0.000000E+00 +0.000000E+00
 +0.130720E+01 -0.102850E+03 -0.162342E+03 -0.958161E+02 -0.851923E+02 +0.358179E+02 +0.000000E+00 +0.000000E+00 -0.146585E-02 -0.201853E-03 +0.000000E+00 +0.136108E-02 +0.000000E+00 +0.000000E+00
 +0.130720E+01 -0.102860E+03 -0.162221E+03 -0.956434E+02 -0.850952E+02 +0.356629E+02 +0.000000E+00 +0.000000E+00 -0.146539E-02 -0.200415E-03 +0.000000E+00 +0.135519E-02 +0.000000E+00 +0.000000E+00
 +0.130720E+01 -0.102870E+03 -0.162099E+03 -0.954707E+02 -0.849981E+02 +0.355079E+02 +0.000000E+00 +0.000000E+00 -0.146493E-02 -0.198978E-03 +0.000000E+00 +0.134930E-02 +0.000000E+00 +0.000000E+00
 +0.130720E+01 -0.102880E+03 -0.161978E+03 -0.952979E+02 -0.849011E+02 +0.353529E+02 +0.000000E+00 +0.000000E+00 -0.146446E-02 -0.197540E-03 +0.000000E+00 +0.134341E-02 +0.000000E+00 +0.000000E+00
 +0.130720E+01 -0.102890E+03 -0.161857E+03 -0.951252E+02 -0.848040E+02 +0.351979E+02 +0.000000E+00 +0.000000E+00 -0.146400E-02 -0.196103E-03 +0.000000E+00 +0.133752E-02 +0.000000E+00 +0.000000E+00
 +0.130720E+01 -0.102900E+03 -0.161735E+03 -0.949524E+02 -0.847069E+02 +0.350429E+02 +0.000000E+00 +0.000000E+00 -0.146354E-02 -0.194665E-03 +0.000000E+00 +0.133163E-02 +0.000000E+00 +0.000000E+00
 +0.130720E+01 -0.102910E+03 -0.161614E+03 -0.947797E+02 -0.846098E+02 +0.348879E+02 +0.000000E+00 +0.000000E+00 -0.146307E-02 -0.193228E-03 +0.000000E+00 +0.132574E-02 +0.000000E+00 +0.000000E+00
 +0.130720E+01 -0.102920E+03 -0.161492E+03 -0.946070E+02 -0.845127E+02 +0.347329E+02 +0.000000E+00 +0.000000E+00 -0.146261E-02 -0.191790E-03 +0.000000E+00 +0.131985E-02 +0.000000E+00 +0.000000E+00
 +0.130720E+01 -0.102930E+03 -0.161375E+03 -0.944403E+02 -0.844190E+02 +0.345771E+02 +0.000000E+00 +0.000000E+00 -0.146216E-02 -0.190405E-03 +0.000000E+00 +0.131393E-02 +0.000000E+00 +0.000000E+00
 +0.130720E+01 -0.102940E+03 -0.161279E+03 -0.942830E+02 -0.843355E+02 +0.344094E+02 +0.000000E+00 +0.000000E+00 -0.146193E-02 -0.189002E-03 +0.000000E+00 +0.130756E-02 +0.000000E+00 +0.000000E+00
 +0.130720E+01 -0.102950E+03 -0.161183E+03 -0.941257E+02 -0.842520E+02 +0.342416E+02 +0.000000E+00 +0.000000E+00 -0.146170E-02 -0.187600E-03 +0.000000E+00 +0.130118E-02 +0.000000E+00 +0.000000E+00
 +0.130720E+01 -0.102960E+03 -0.161088E+03 -0.939684E+02 -0.841686E+02 +0.340739E+02 +0.000000E+00 +0.000000E+00 -0.146147E-02 -0.186197E-03 +0.000000E+00 +0.129481E-02 +0.000000E+00 +0.000000E+00
 +0.130720E+01 -0.102970E+03 -0.160992E+03 -0.938111E+02 -0.840851E+02 +0.339062E+02 +0.000000E+00 +0.000000E+00 -0.146123E-02 -0.184794E-03 +0.000000E+00 +0.128844E-02 +0.000000E+00 +0.000000E+00
 +0.130720E+01 -0.102980E+03 -0.160897E+03 -0.936538E+02 -0.840016E+02 +0.337385E+02 +0.000000E+00 +0.000000E+00 -0.146100E-02 -0.183392E-03 +0.000000E+00 +0.128206E-02 +0.000000E+00 +0.000000E+00
 +0.130720E+01 -0.102990E+03 -0.160801E+03 -0.934965E+02 -0.839181E+02 +0.335708E+02 +0.000000E+00 +0.000000E+00 -0.146077E-02 -0.181989E-03 +0.000000E+00 +0.127569E-02 +0.000000E+00 +0.000000E+00
 +0.130720E+01 -0.103000E+03 -0.160705E+03 -0.933392E+02 -0.838347E+02 +0.334031E+02 +0.000000E+00 +0.000000E+00 -0.146054E-02 -0.180586E-03 +0.000000E+00 +0.126932E-02 +0.000000E+00 +0.000000E+00
 +0.130720E+01 -0.103010E+03 -0.160610E+03 -0.931819E+02 -0.837512E+02 +0.332354E+02 +0.000000E+00 +0.000000E+00 -0.146031E-02 -0.179184E-03 +0.000000E+00 +0.126295E-02 +0.000000E+00 +0.000000E+00
 +0.130720E+01 -0.103020E+03 -0.160514E+03 -0.930246E+02 -0.836677E+02 +0.330677E+02 +0.000000E+00 +0.000000E+00 -0.146008E-02 -0.177781E-03 +0.000000E+00 +0.125657E-02 +0.000000E+00 +0.000000E+00
 +0.130720E+01 -0.103030E+03 -0.160418E+03 -0.928673E+02 -0.835842E+02 +0.329000E+02 +0.000000E+00 +0.000000E+00 -0.145985E-02 -0.176378E-03 +0.000000E+00 +0.125020E-02 +0.000000E+00 +0.000000E+00
 +0.130720E+01 -0.103040E+03 -0.160323E+03 -0.927100E+02 -0.835008E+02 +0.327323E+02 +0.000000E+00 +0.000000E+00 -0.145962E-02 -0.174976E-03 +0.000000E+00 +0.124383E-02 +0.000000E+00 +0.000000E+00
 +0.130720E+01 -0.103050E+03 -0.160227E+03 -0.925527E+02 -0.834173E+02 +0.325646E+02 +0.000000E+00 +0.000000E+00 -0.145938E-02 -0.173573E-03 +0.000000E+00 +0.123745E-02 +0.000000E+00 +0.000000E+00
 +0.130720E+01 -0.103060E+03 -0.160131E+03 -0.923954E+02 -0.833338E+02 +0.323969E+02 +0.000000E+00 +0.000000E+00 -0.145915E-02 -0.172170E-03 +0.000000E+00 +0.123108E-02 +0.000000E+00 +0.000000E+00
 +0.130720E+01 -0.103070E+03 -0.160036E+03 -0.922381E+02 -0.832503E+02 +0.322292E+02 +0.000000E+00 +0.000000E+00 -0.145892E-02 -0.170767E-03 +0.000000E+00 +0.122471E-02 +0.000000E+00 +0.000000E+00
 +0.130720E+01 -0.103080E+03 -0.159940E+03 -0.920808E+02 -0.831669E+02 +0.320615E+02 +0.000000E+00 +0.000000E+00 -0.145869E-02 -0.169365E-03 +0.000000E+00 +0.121834E-02 +0.000000E+00 +0.000000E+00
 +0.130720E+01 -0.103090E+03 -0.159844E+03 -0.919235E+02 -0.830834E+02 +0.318938E+02 +0.000000E+00 +0.000000E+00 -0.145846E-02 -0.167962E-03 +0.000000E+00 +0.121196E-02 +0.000000E+00 +0.000000E+00
 +0.130720E+01 -0.103100E+03 -0.159749E+03 -0.917665E+02 -0.830003E+02 +0.317268E+02 +0.000000E+00 +0.000000E+00 -0.145823E-02 -0.166559E-03 +0.000000E+00 +0.120562E-02 +0.000000E+00 +0.000000E+00
 +0.130720E+01 -0.103110E+03 -0.159680E+03 -0.916209E+02 -0.829292E+02 +0.315861E+02 +0.000000E+00 +0.000000E+00 -0.145826E-02 -0.165144E-03 +0.000000E+00 +0.120027E-02 +0.000000E+00 +0.000000E+00
 +0.130720E+01 -0.103120E+03 -0.159610E+03 -0.914754E+02 -0.828581E+02 +0.314455E+02 +0.000000E+00 +0.000000E+00 -0.145828E-02 -0.163728E-03 +0.000000E+00 +0.119493E-02 +0.000000E+00 +0.000000E+00
 +0.130720E+01 -0.103130E+03 -0.159540E+03 -0.913298E+02 -0.827870E+02 +0.313048E+02 +0.000000E+00 +0.000000E+00 -0.145831E-02 -0.162312E-03 +0.000000E+00 +0.118958E-02 +0.000000E+00 +0.000000E+00
 +0.130720E+01 -0.103140E+03 -0.159470E+03 -0.911842E+02 -0.827160E+02 +0.311642E+02 +0.000000E+00 +0.000000E+00 -0.145833E-02 -0.160897E-03 +0.000000E+00 +0.118424E-02 +0.000000E+00 +0.000000E+00
 +0.130720E+01 -0.103150E+03 -0.159400E+03 -0.910386E+02 -0.826449E+02 +0.310235E+02 +0.000000E+00 +0.000000E+00 -0.145835E-02 -0.159481E-03 +0.000000E+00 +0.117889E-02 +0.000000E+00 +0.000000E+00
 +0.130720E+01 -0.103160E+03 -0.159331E+03 -0.908931E+02 -0.825738E+02 +0.308828E+02 +0.000000E+00 +0.000000E+00 -0.145838E-02 -0.158066E-03 +0.000000E+00 +0.117355E-02 +0.000000E+00 +0.000000E+00
 +0.130720E+01 -0.103170E+03 -0.159261E+03 -0.907475E+02 -0.825027E+02 +0.307422E+02 +0.000000E+00 +0.000000E+00 -0.145840E-02 -0.156650E-03 +0.000000E+00 +0.116820E-02 +0.000000E+00 +0.000000E+00
 +0.130720E+01 -0.103180E+03 -0.159191E+03 -0.906019E+02 -0.824317E+02 +0.306015E+02 +0.000000E+00 +0.000000E+00 -0.145843E-02 -0.155235E-03 +0.000000E+00 +0.116286E-02 +0.000000E+00 +0.000000E+00
 +0.130720E+01 -0.103190E+03 -0.159121E+03 -0.904564E+02 -0.823606E+02 +0.304609E+02 +0.000000E+00 +0.000000E+00 -0.145845E-02 -0.153819E-03 +0.000000E+00 +0.115751E-02 +0.000000E+00 +0.000000E+00
 +0.130720E+01 -0.103200E+03 -0.159051E+03 -0.903108E+02 -0.822895E+02 +0.303202E+02 +0.000000E+00 +0.000000E+00 -0.145848E-02 -0.152404E-03 +0.000000E+00 +0.115217E-02 +0.000000E+00 +0.000000E+00
 +0.130720E+01 -0.103210E+03 -0.158981E+03 -0.901651E+02 -0.822182E+02 +0.301793E+02 +0.000000E+00 +0.000000E+00 -0.145849E-02 -0.150990E-03 +0.000000E+00 +0.114681E-02 +0.000000E+00 +0.000000E+00
 +0.130720E+01 -0.103220E+03 -0.158878E+03 -0.900118E+02 -0.821337E+02 +0.300237E+02 +0.000000E+00 +0.000000E+00 -0.145814E-02 -0.149684E-03 +0.000000E+00 +0.114090E-02 +0.000000E+00 +0.000000E+00
 +0.130720E+01 -0.103230E+03 -0.158775E+03 -0.898585E+02 -0.820491E+02 +0.298681E+02 +0.000000E+00 +0.000000E+00 -0.145780E-02 -0.148378E-03 +0.000000E+00 +0.113499E-02 +0.000000E+00 +0.000000E+00
 +0.130720E+01 -0.103240E+03 -0.158672E+03 -0.897052E+02 -0.819646E+02 +0.297125E+02 +0.000000E+00 +0.000000E+00 -0.145745E-02 -0.147072E-03 +0.000000E+00 +0.112908E-02 +0.000000E+00 +0.000000E+00
 +0.130720E+01 -0.103250E+03 -0.158569E+03 -0.895519E+02 -0.818800E+02 +0.295569E+02 +0.000000E+00 +0.000000E+00 -0.145710E-02 -0.145766E-03 +0.000000E+00 +0.112316E-02 +0.000000E+00 +0.000000E+00
 +0.130720E+01 -0.103260E+03 -0.158466E+03 -0.893986E+02 -0.817955E+02 +0.294013E+02 +0.000000E+00 +0.000000E+00 -0.145675E-02 -0.144460E-03 +0.000000E+00 +0.111725E-02 +0.000000E+00 +0.000000E+00
 +0.130720E+01 -0.103270E+03 -0.158371E+03 -0.892476E+02 -0.817140E+02 +0.292553E+02 +0.000000E+00 +0.000000E+00 -0.145647E-02 -0.143139E-03 +0.000000E+00 +0.111170E-02 +0.000000E+00 +0.000000E+00
 +0.130720E+01 -0.103280E+03 -0.158278E+03 -0.890977E+02 -0.816340E+02 +0.291141E+02 +0.000000E+00 +0.000000E+00 -0.145624E-02 -0.141810E-03 +0.000000E+00 +0.110634E-02 +0.000000E+00 +0.000000E+00
 +0.130720E+01 -0.103290E+03 -0.158186E+03 -0.889478E+02 -0.815540E+02 +0.289729E+02 +0.000000E+00 +0.000000E+00 -0.145600E-02 -0.140481E-03 +0.000000E+00 +0.110097E-02 +0.000000E+00 +0.000000E+00
 +0.130720E+01 -0.103300E+03 -0.158093E+03 -0.887978E+02 -0.814740E+02 +0.288317E+02 +0.000000E+00 +0.000000E+00 -0.145576E-02 -0.139152E-03 +0.000000E+00 +0.109561E-02 +0.000000E+00 +0.000000E+00
 +0.130720E+01 -0.103310E+03 -0.158001E+03 -0.886479E+02 -0.813941E+02 +0.286905E+02 +0.000000E+00 +0.000000E+00 -0.145553E-02 -0.137823E-03 +0.000000E+00 +0.109024E-02 +0.000000E+00 +0.000000E+00
 +0.130720E+01 -0.103320E+03 -0.157908E+03 -0.884980E+02 -0.813141E+02 +0.285493E+02 +0.000000E+00 +0.000000E+00 -0.145529E-02 -0.136495E-03 +0.000000E+00 +0.108487E-02 +0.000000E+00 +0.000000E+00
 +0.130720E+01 -0.103330E+03 -0.157816E+03 -0.883481E+02 -0.812341E+02 +0.284081E+02 +0.000000E+00 +0.000000E+00 -0.145505E-02 -0.135166E-03 +0.000000E+00 +0.107951E-02 +0.000000E+00 +0.000000E+00
 +0.130720E+01 -0.103340E+03 -0.157728E+03 -0.881788E+02 -0.811494E+02 +0.282655E+02 +0.000000E+00 +0.000000E+00 -0.145500E-02 -0.133558E-03 +0.000000E+00 +0.107409E-02 +0.000000E+00 +0.000000E+00
 +0.130720E+01 -0.103350E+03 -0.157644E+03 -0.879984E+02 -0.810620E+02 +0.281219E+02 +0.000000E+00 +0.000000E+00 -0.145506E-02 -0.131792E-03 +0.000000E+00 +0.106863E-02 +0.000000E+00 +0.000000E+00
 +0.130720E+01 -0.103360E+03 -0.157559E+03 -0.878180E+02 -0.809745E+02 +0.279784E+02 +0.000000E+00 +0.000000E+00 -0.145511E-02 -0.130026E-03 +0.000000E+00 +0.106318E-02 +0.000000E+00 +0.000000E+00
 +0.130720E+01 -0.103370E+03 -0.157475E+03 -0.876376E+02 -0.808871E+02 +0.278348E+02 +0.000000E+00 +0.000000E+00 -0.145517E-02 -0.128259E-03 +0.000000E+00 +0.105772E-02 +0.000000E+00 +0.000000E+00
 +0.130720E+01 -0.103380E+03 -0.157390E+03 -0.874572E+02 -0.807997E+02 +0.276913E+02 +0.000000E+00 +0.000000E+00 -0.145522E-02 -0.126493E-03 +0.000000E+00 +0.105227E-02 +0.000000E+00 +0.000000E+00
 +0.130720E+01 -0.103390E+03 -0.157306E+03 -0.872768E+02 -0.807123E+02 +0.275477E+02 +0.000000E+00 +0.000000E+00 -0.145528E-02 -0.124726E-03 +0.000000E+00 +0.104681E-02 +0.000000E+00 +0.000000E+00
 +0.130720E+01 -0.103400E+03 -0.157221E+03 -0.870964E+02 -0.806248E+02 +0.274042E+02 +0.000000E+00 +0.000000E+00 -0.145533E-02 -0.122960E-03 +0.000000E+00 +0.104136E-02 +0.000000E+00 +0.000000E+00
 +0.130720E+01 -0.103410E+03 -0.157137E+03 -0.869160E+02 -0.805374E+02 +0.272607E+02 +0.000000E+00 +0.000000E+00 -0.145539E-02 -0.121194E-03 +0.000000E+00 +0.103591E-02 +0.000000E+00 +0.000000E+00
 +0.130720E+01 -0.103420E+03 -0.157076E+03 -0.867790E+02 -0.804720E+02 +0.271353E+02 +0.000000E+00 +0.000000E+00 -0.145547E-02 -0.119832E-03 +0.000000E+00 +0.103114E-02 +0.000000E+00 +0.000000E+00
 +0.130720E+01 -0.103430E+03 -0.157020E+03 -0.866523E+02 -0.804119E+02 +0.270143E+02 +0.000000E+00 +0.000000E+00 -0.145556E-02 -0.118567E-03 +0.000000E+00 +0.102654E-02 +0.000000E+00 +0.000000E+00
 +0.130720E+01 -0.103440E+03 -0.156965E+03 -0.865256E+02 -0.803518E+02 +0.268934E+02 +0.000000E+00 +0.000000E+00 -0.145565E-02 -0.117302E-03 +0.000000E+00 +0.102195E-02 +0.000000E+00 +0.000000E+00
 +0.130720E+01 -0.103450E+03 -0.156909E+03 -0.863990E+02 -0.802918E+02 +0.267724E+02 +0.000000E+00 +0.000000E+00 -0.145573E-02 -0.116037E-03 +0.000000E+00 +0.101735E-02 +0.000000E+00 +0.000000E+00
 +0.130720E+01 -0.103460E+03 -0.156854E+03 -0.862723E+02 -0.802317E+02 +0.266514E+02 +0.000000E+00 +0.000000E+00 -0.145582E-02 -0.114773E-03 +0.000000E+00 +0.101275E-02 +0.000000E+00 +0.000000E+00
 +0.130720E+01 -0.103470E+03 -0.156799E+03 -0.861457E+02 -0.801716E+02 +0.265304E+02 +0.000000E+00 +0.000000E+00 -0.145591E-02 -0.113508E-03 +0.000000E+00 +0.100816E-02 +0.000000E+00 +0.000000E+00
 +0.130720E+01 -0.103480E+03 -0.156743E+03 -0.860190E+02 -0.801115E+02 +0.264095E+02 +0.000000E+00 +0.000000E+00 -0.145600E-02 -0.112243E-03 +0.000000E+00 +0.100356E-02 +0.000000E+00 +0.000000E+00
 +0.130720E+01 -0.103490E+03 -0.156688E+03 -0.858924E+02 -0.800514E+02 +0.262885E+02 +0.000000E+00 +0.000000E+00 -0.145609E-02 -0.110978E-03 +0.000000E+00 +0.998963E-03 +0.000000E+00 +0.000000E+00
 +0.130720E+01 -0.103500E+03 -0.156632E+03 -0.857657E+02 -0.799913E+02 +0.261675E+02 +0.000000E+00 +0.000000E+00 -0.145618E-02 -0.109713E-03 +0.000000E+00 +0.994365E-03 +0.000000E+00 +0.000000E+00
 +0.130720E+01 -0.103510E+03 -0.156577E+03 -0.856391E+02 -0.799312E+02 +0.260465E+02 +0.000000E+00 +0.000000E+00 -0.145627E-02 -0.108449E-03 +0.000000E+00 +0.989768E-03 +0.000000E+00 +0.000000E+00
 +0.130720E+01 -0.103520E+03 -0.156521E+03 -0.855124E+02 -0.798711E+02 +0.259256E+02 +0.000000E+00 +0.000000E+00 -0.145635E-02 -0.107184E-03 +0.000000E+00 +0.985171E-03 +0.000000E+00 +0.000000E+00
 +0.130720E+01 -0.103530E+03 -0.156466E+03 -0.853857E+02 -0.798111E+02 +0.258046E+02 +0.000000E+00 +0.000000E+00 -0.145644E-02 -0.105919E-03 +0.000000E+00 +0.980574E-03 +0.000000E+00 +0.000000E+00
 +0.130720E+01 -0.103540E+03 -0.156410E+03 -0.852591E+02 -0.797510E+02 +0.256836E+02 +0.000000E+00 +0.000000E+00 -0.145653E-02 -0.104654E-03 +0.000000E+00 +0.975977E-03 +0.000000E+00 +0.000000E+00
 +0.130720E+01 -0.103550E+03 -0.156355E+03 -0.851324E+02 -0.796909E+02 +0.255626E+02 +0.000000E+00 +0.000000E+00 -0.145662E-02 -0.103390E-03 +0.000000E+00 +0.971380E-03 +0.000000E+00 +0.000000E+00
 +0.130720E+01 -0.103560E+03 -0.156300E+03 -0.850058E+02 -0.796308E+02 +0.254417E+02 +0.000000E+00 +0.000000E+00 -0.145671E-02 -0.102125E-03 +0.000000E+00 +0.966783E-03 +0.000000E+00 +0.000000E+00
 +0.130720E+01 -0.103570E+03 -0.156244E+03 -0.848791E+02 -0.795707E+02 +0.253207E+02 +0.000000E+00 +0.000000E+00 -0.145680E-02 -0.100860E-03 +0.000000E+00 +0.962186E-03 +0.000000E+00 +0.000000E+00
 +0.130720E+01 -0.103580E+03 -0.156189E+03 -0.847518E+02 -0.795104E+02 +0.251998E+02 +0.000000E+00 +0.000000E+00 -0.145689E-02 -0.995871E-04 +0.000000E+00 +0.957594E-03 +0.000000E+00 +0.000000E+00
 +0.130720E+01 -0.103590E+03 -0.156131E+03 -0.845777E+02 -0.794338E+02 +0.250877E+02 +0.000000E+00 +0.000000E+00 -0.145724E-02 -0.977331E-04 +0.000000E+00 +0.953334E-03 +0.000000E+00 +0.000000E+00
 +0.130720E+01 -0.103600E+03 -0.156073E+03 -0.844035E+02 -0.793573E+02 +0.249756E+02 +0.000000E+00 +0.000000E+00 -0.145760E-02 -0.958791E-04 +0.000000E+00 +0.949073E-03 +0.000000E+00 +0.000000E+00
 +0.130720E+01 -0.103610E+03 -0.156025E+03 -0.842438E+02 -0.792889E+02 +0.248747E+02 +0.000000E+00 +0.000000E+00 -0.145800E-02 -0.941435E-04 +0.000000E+00 +0.945237E-03 +0.000000E+00 +0.000000E+00
 +0.130720E+01 -0.103620E+03 -0.155987E+03 -0.840972E+02 -0.792279E+02 +0.247839E+02 +0.000000E+00 +0.000000E+00 -0.145843E-02 -0.925159E-04 +0.000000E+00 +0.941788E-03 +0.000000E+00 +0.000000E+00
 +0.130720E+01 -0.103630E+03 -0.155949E+03 -0.839506E+02 -0.791670E+02 +0.246931E+02 +0.000000E+00 +0.000000E+00 -0.145887E-02 -0.908883E-04 +0.000000E+00 +0.938339E-03 +0.000000E+00 +0.000000E+00
 +0.130720E+01 -0.103640E+03 -0.155911E+03 -0.838040E+02 -0.791061E+02 +0.246024E+02 +0.000000E+00 +0.000000E+00 -0.145930E-02 -0.892607E-04 +0.000000E+00 +0.934890E-03 +0.000000E+00 +0.000000E+00
 +0.130720E+01 -0.103650E+03 -0.155873E+03 -0.836574E+02 -0.790452E+02 +0.245116E+02 +0.000000E+00 +0.000000E+00 -0.145974E-02 -0.876331E-04 +0.000000E+00 +0.931441E-03 +0.000000E+00 +0.000000E+00
 +0.130720E+01 -0.103660E+03 -0.155835E+03 -0.835108E+02 -0.789842E+02 +0.244208E+02 +0.000000E+00 +0.000000E+00 -0.146017E-02 -0.860055E-04 +0.000000E+00 +0.927992E-03 +0.000000E+00 +0.000000E+00
 +0.130720E+01 -0.103670E+03 -0.155797E+03 -0.833642E+02 -0.789233E+02 +0.243301E+02 +0.000000E+00 +0.000000E+00 -0.146061E-02 -0.843779E-04 +0.000000E+00 +0.924543E-03 +0.000000E+00 +0.000000E+00
 +0.130720E+01 -0.103680E+03 -0.155759E+03 -0.832177E+02 -0.788624E+02 +0.242393E+02 +0.000000E+00 +0.000000E+00 -0.146104E-02 -0.827503E-04 +0.000000E+00 +0.921094E-03 +0.000000E+00 +0.000000E+00
 +0.130720E+01 -0.103690E+03 -0.155721E+03 -0.830711E+02 -0.788014E+02 +0.241486E+02 +0.000000E+00 +0.000000E+00 -0.146148E-02 -0.811227E-04 +0.000000E+00 +0.917645E-03 +0.000000E+00 +0.000000E+00
 +0.130720E+01 -0.103700E+03 -0.155683E+03 -0.829245E+02 -0.787405E+02 +0.240578E+02 +0.000000E+00 +0.000000E+00 -0.146191E-02 -0.794951E-04 +0.000000E+00 +0.914196E-03 +0.000000E+00 +0.000000E+00
 +0.130720E+01 -0.103710E+03 -0.155645E+03 -0.827779E+02 -0.786796E+02 +0.239670E+02 +0.000000E+00 +0.000000E+00 -0.146235E-02 -0.778675E-04 +0.000000E+00 +0.910747E-03 +0.000000E+00 +0.000000E+00
 +0.130720E+01 -0.103720E+03 -0.155607E+03 -0.826313E+02 -0.786187E+02 +0.238763E+02 +0.000000E+00 +0.000000E+00 -0.146278E-02 -0.762399E-04 +0.000000E+00 +0.907298E-03 +0.000000E+00 +0.000000E+00
 +0.130720E+01 -0.103730E+03 -0.155569E+03 -0.824847E+02 -0.785577E+02 +0.237855E+02 +0.000000E+00 +0.000000E+00 -0.146321E-02 -0.746124E-04 +0.000000E+00 +0.903849E-03 +0.000000E+00 +0.000000E+00
 +0.130720E+01 -0.103740E+03 -0.155531E+03 -0.823381E+02 -0.784968E+02 +0.236947E+02 +0.000000E+00 +0.000000E+00 -0.146365E-02 -0.729848E-04 +0.000000E+00 +0.900400E-03 +0.000000E+00 +0.000000E+00
 +0.130720E+01 -0.103750E+03 -0.155493E+03 -0.821915E+02 -0.784359E+02 +0.236040E+02 +0.000000E+00 +0.000000E+00 -0.146408E-02 -0.713572E-04 +0.000000E+00 +0.896951E-03 +0.000000E+00 +0.000000E+00
 +0.130720E+01 -0.103760E+03 -0.155455E+03 -0.820449E+02 -0.783750E+02 +0.235132E+02 +0.000000E+00 +0.000000E+00 -0.146452E-02 -0.697296E-04 +0.000000E+00 +0.893502E-03 +0.000000E+00 +0.000000E+00
 +0.130720E+01 -0.103770E+03 -0.155417E+03 -0.818983E+02 -0.783140E+02 +0.234224E+02 +0.000000E+00 +0.000000E+00 -0.146495E-02 -0.681020E-04 +0.000000E+00 +0.890053E-03 +0.000000E+00 +0.000000E+00
 +0.130720E+01 -0.103780E+03 -0.155379E+03 -0.817518E+02 -0.782531E+02 +0.233317E+02 +0.000000E+00 +0.000000E+00 -0.146539E-02 -0.664744E-04 +0.000000E+00 +0.886604E-03 +0.000000E+00 +0.000000E+00
 +0.130720E+01 -0.103790E+03 -0.155341E+03 -0.816052E+02 -0.781922E+02 +0.232409E+02 +0.000000E+00 +0.000000E+00 -0.146582E-02 -0.648468E-04 +0.000000E+00 +0.883155E-03 +0.000000E+00 +0.000000E+00
 +0.130720E+01 -0.103800E+03 -0.155303E+03 -0.814586E+02 -0.781313E+02 +0.231501E+02 +0.000000E+00 +0.000000E+00 -0.146626E-02 -0.632192E-04 +0.000000E+00 +0.879705E-03 +0.000000E+00 +0.000000E+00
 +0.130720E+01 -0.103810E+03 -0.155265E+03 -0.813120E+02 -0.780703E+02 +0.230594E+02 +0.000000E+00 +0.000000E+00 -0.146669E-02 -0.615916E-04 +0.000000E+00 +0.876256E-03 +0.000000E+00 +0.000000E+00
 +0.130720E+01 -0.103820E+03 -0.155227E+03 -0.811654E+02 -0.780094E+02 +0.229686E+02 +0.000000E+00 +0.000000E+00 -0.146713E-02 -0.599640E-04 +0.000000E+00 +0.872807E-03 +0.000000E+00 +0.000000E+00
 +0.130720E+01 -0.103830E+03 -0.155189E+03 -0.810188E+02 -0.779485E+02 +0.228779E+02 +0.000000E+00 +0.000000E+00 -0.146756E-02 -0.583364E-04 +0.000000E+00 +0.869358E-03 +0.000000E+00 +0.000000E+00
 +0.130720E+01 -0.103840E+03 -0.155151E+03 -0.808722E+02 -0.778875E+02 +0.227871E+02 +0.000000E+00 +0.000000E+00 -0.146800E-02 -0.567088E-04 +0.000000E+00 +0.865909E-03 +0.000000E+00 +0.000000E+00
 +0.130720E+01 -0.103850E+03 -0.155113E+03 -0.807256E+02 -0.778266E+02 +0.226963E+02 +0.000000E+00 +0.000000E+00 -0.146843E-02 -0.550812E-04 +0.000000E+00 +0.862460E-03 +0.000000E+00 +0.000000E+00
 +0.130720E+01 -0.103860E+03 -0.155075E+03 -0.805790E+02 -0.777657E+02 +0.226056E+02 +0.000000E+00 +0.000000E+00 -0.146887E-02 -0.534537E-04 +0.000000E+00 +0.859011E-03 +0.000000E+00 +0.000000E+00
 +0.130720E+01 -0.103870E+03 -0.155037E+03 -0.804324E+02 -0.777048E+02 +0.225148E+02 +0.000000E+00 +0.000000E+00 -0.146930E-02 -0.518261E-04 +0.000000E+00 +0.855562E-03 +0.000000E+00 +0.000000E+00
 +0.130720E+01 -0.103880E+03 -0.154998E+03 -0.802859E+02 -0.776438E+02 +0.224240E+02 +0.000000E+00 +0.000000E+00 -0.146974E-02 -0.501985E-04 +0.000000E+00 +0.852113E-03 +0.000000E+00 +0.000000E+00
 +0.130720E+01 -0.103890E+03 -0.154960E+03 -0.801393E+02 -0.775829E+02 +0.223333E+02 +0.000000E+00 +0.000000E+00 -0.147017E-02 -0.485709E-04 +0.000000E+00 +0.848664E-03 +0.000000E+00 +0.000000E+00
 +0.130720E+01 -0.103900E+03 -0.154922E+03 -0.799927E+02 -0.775220E+02 +0.222425E+02 +0.000000E+00 +0.000000E+00 -0.147061E-02 -0.469433E-04 +0.000000E+00 +0.845215E-03 +0.000000E+00 +0.000000E+00
 +0.130720E+01 -0.103910E+03 -0.154884E+03 -0.798461E+02 -0.774611E+02 +0.221517E+02 +0.000000E+00 +0.000000E+00 -0.147104E-02 -0.453157E-04 +0.000000E+00 +0.841766E-03 +0.000000E+00 +0.000000E+00
 +0.130720E+01 -0.103920E+03 -0.154846E+03 -0.796995E+02 -0.774001E+02 +0.220610E+02 +0.000000E+00 +0.000000E+00 -0.147148E-02 -0.436881E-04 +0.000000E+00 +0.838317E-03 +0.000000E+00 +0.000000E+00
 +0.130720E+01 -0.103930E+03 -0.154794E+03 -0.795405E+02 -0.773305E+02 +0.219433E+02 +0.000000E+00 +0.000000E+00 -0.147181E-02 -0.419894E-04 +0.000000E+00 +0.833845E-03 +0.000000E+00 +0.000000E+00
 +0.130720E+01 -0.103940E+03 -0.154740E+03 -0.793791E+02 -0.772592E+02 +0.218205E+02 +0.000000E+00 +0.000000E+00 -0.147213E-02 -0.402773E-04 +0.000000E+00 +0.829178E-03 +0.000000E+00 +0.000000E+00
 +0.130720E+01 -0.103950E+03 -0.154685E+03 -0.792177E+02 -0.771880E+02 +0.216977E+02 +0.000000E+00 +0.000000E+00 -0.147245E-02 -0.385651E-04 +0.000000E+00 +0.824512E-03 +0.000000E+00 +0.000000E+00
 +0.130720E+01 -0.103960E+03 -0.154631E+03 -0.790563E+02 -0.771167E+02 +0.215749E+02 +0.000000E+00 +0.000000E+00 -0.147277E-02 -0.368529E-04 +0.000000E+00 +0.819846E-03 +0.000000E+00 +0.000000E+00
 +0.130720E+01 -0.103970E+03 -0.154576E+03 -0.788950E+02 -0.770454E+02 +0.214521E+02 +0.000000E+00 +0.000000E+00 -0.147308E-02 -0.351408E-04 +0.000000E+00 +0.815179E-03 +0.000000E+00 +0.000000E+00
 +0.130720E+01 -0.103980E+03 -0.154522E+03 -0.787336E+02 -0.769742E+02 +0.213293E+02 +0.000000E+00 +0.000000E+00 -0.147340E-02 -0.334286E-04 +0.000000E+00 +0.810513E-03 +0.000000E+00 +0.000000E+00
 +0.130720E+01 -0.103990E+03 -0.154467E+03 -0.785722E+02 -0.769029E+02 +0.212065E+02 +0.000000E+00 +0.000000E+00 -0.147372E-02 -0.317165E-04 +0.000000E+00 +0.805847E-03 +0.000000E+00 +0.000000E+00
 +0.130720E+01 -0.104000E+03 -0.154412E+03 -0.784108E+02 -0.768316E+02 +0.210837E+02 +0.000000E+00 +0.000000E+00 -0.147403E-02 -0.300043E-04 +0.000000E+00 +0.801181E-03 +0.000000E+00 +0.000000E+00
 +0.130720E+01 -0.104010E+03 -0.154358E+03 -0.782494E+02 -0.767604E+02 +0.209609E+02 +0.000000E+00 +0.000000E+00 -0.147435E-02 -0.282922E-04 +0.000000E+00 +0.796514E-03 +0.000000E+00 +0.000000E+00
 +0.130720E+01 -0.104020E+03 -0.154303E+03 -0.780881E+02 -0.766891E+02 +0.208381E+02 +0.000000E+00 +0.000000E+00 -0.147467E-02 -0.265800E-04 +0.000000E+00 +0.791848E-03 +0.000000E+00 +0.000000E+00
 +0.130720E+01 -0.104030E+03 -0.154249E+03 -0.779267E+02 -0.766178E+02 +0.207153E+02 +0.000000E+00 +0.000000E+00 -0.147498E-02 -0.248678E-04 +0.000000E+00 +0.787182E-03 +0.000000E+00 +0.000000E+00
 +0.130720E+01 -0.104040E+03 -0.154194E+03 -0.777653E+02 -0.765466E+02 +0.205925E+02 +0.000000E+00 +0.000000E+00 -0.147530E-02 -0.231557E-04 +0.000000E+00 +0.782516E-03 +0.000000E+00 +0.000000E+00
 +0.130720E+01 -0.104050E+03 -0.154139E+03 -0.776039E+02 -0.764753E+02 +0.204697E+02 +0.000000E+00 +0.000000E+00 -0.147562E-02 -0.214435E-04 +0.000000E+00 +0.777849E-03 +0.000000E+00 +0.000000E+00
 +0.130720E+01 -0.104060E+03 -0.154085E+03 -0.774425E+02 -0.764040E+02 +0.203469E+02 +0.000000E+00 +0.000000E+00 -0.147594E-02 -0.197314E-04 +0.000000E+00 +0.773183E-03 +0.000000E+00 +0.000000E+00
 +0.130720E+01 -0.104070E+03 -0.154030E+03 -0.772812E+02 -0.763328E+02 +0.202241E+02 +0.000000E+00 +0.000000E+00 -0.147625E-02 -0.180192E-04 +0.000000E+00 +0.768517E-03 +0.000000E+00 +0.000000E+00
 +0.130720E+01 -0.104080E+03 -0.153976E+03 -0.771198E+02 -0.762615E+02 +0.201013E+02 +0.000000E+00 +0.000000E+00 -0.147657E-02 -0.163071E-04 +0.000000E+00 +0.763850E-03 +0.000000E+00 +0.000000E+00
 +0.130720E+01 -0.104090E+03 -0.153921E+03 -0.769584E+02 -0.761902E+02 +0.199785E+02 +0.000000E+00 +0.000000E+00 -0.147689E-02 -0.145949E-04 +0.000000E+00 +0.759184E-03 +0.000000E+00 +0.000000E+00
 +0.130720E+01 -0.104100E+03 -0.153867E+03 -0.767970E+02 -0.761190E+02 +0.198557E+02 +0.000000E+00 +0.000000E+00 -0.147720E-02 -0.128828E-04 +0.000000E+00 +0.754518E-03 +0.000000E+00 +0.000000E+00
 +0.130720E+01 -0.104110E+03 -0.153812E+03 -0.766356E+02 -0.760477E+02 +0.197329E+02 +0.000000E+00 +0.000000E+00 -0.147752E-02 -0.111706E-04 +0.000000E+00 +0.749852E-03 +0.000000E+00 +0.000000E+00
 +0.130720E+01 -0.104120E+03 -0.153757E+03 -0.764743E+02 -0.759764E+02 +0.196101E+02 +0.000000E+00 +0.000000E+00 -0.147784E-02 -0.945844E-05 +0.000000E+00 +0.745185E-03 +0.000000E+00 +0.000000E+00
 +0.130720E+01 -0.104130E+03 -0.153703E+03 -0.763129E+02 -0.759052E+02 +0.194873E+02 +0.000000E+00 +0.000000E+00 -0.147816E-02 -0.774628E-05 +0.000000E+00 +0.740519E-03 +0.000000E+00 +0.000000E+00
 +0.130720E+01 -0.104140E+03 -0.153648E+03 -0.761515E+02 -0.758339E+02 +0.193645E+02 +0.000000E+00 +0.000000E+00 -0.147847E-02 -0.603413E-05 +0.000000E+00 +0.735853E-03 +0.000000E+00 +0.000000E+00
 +0.130720E+01 -0.104150E+03 -0.153594E+03 -0.759901E+02 -0.757626E+02 +0.192417E+02 +0.000000E+00 +0.000000E+00 -0.147879E-02 -0.432197E-05 +0.000000E+00 +0.731186E-03 +0.000000E+00 +0.000000E+00
 +0.130720E+01 -0.104160E+03 -0.153539E+03 -0.758287E+02 -0.756914E+02 +0.191190E+02 +0.000000E+00 +0.000000E+00 -0.147911E-02 -0.260981E-05 +0.000000E+00 +0.726520E-03 +0.000000E+00 +0.000000E+00
 +0.130720E+01 -0.104170E+03 -0.153485E+03 -0.756674E+02 -0.756201E+02 +0.189962E+02 +0.000000E+00 +0.000000E+00 -0.147942E-02 -0.897658E-06 +0.000000E+00 +0.721854E-03 +0.000000E+00 +0.000000E+00
 +0.130720E+01 -0.104180E+03 -0.153430E+03 -0.755060E+02 -0.755488E+02 +0.188734E+02 +0.000000E+00 +0.000000E+00 -0.147974E-02 +0.814499E-06 +0.000000E+00 +0.717188E-03 +0.000000E+00 +0.000000E+00
 +0.130720E+01 -0.104190E+03 -0.153400E+03 -0.754349E+02 -0.755154E+02 +0.187857E+02 +0.000000E+00 +0.000000E+00 -0.147980E-02 +0.152954E-05 +0.000000E+00 +0.713858E-03 +0.000000E+00 +0.000000E+00
 +0.130720E+01 -0.104200E+03 -0.153370E+03 -0.753646E+02 -0.754823E+02 +0.186984E+02 +0.000000E+00 +0.000000E+00 -0.147986E-02 +0.223684E-05 +0.000000E+00 +0.710539E-03 +0.000000E+00 +0.000000E+00
 +0.130720E+01 -0.104210E+03 -0.153340E+03 -0.752942E+02 -0.754492E+02 +0.186110E+02 +0.000000E+00 +0.000000E+00 -0.147992E-02 +0.294414E-05 +0.000000E+00 +0.707219E-03 +0.000000E+00 +0.000000E+00
 +0.130720E+01 -0.104220E+03 -0.153310E+03 -0.752239E+02 -0.754160E+02 +0.185237E+02 +0.000000E+00 +0.000000E+00 -0.147998E-02 +0.365144E-05 +0.000000E+00 +0.703900E-03 +0.000000E+00 +0.000000E+00
 +0.130720E+01 -0.104230E+03 -0.153280E+03 -0.751535E+02 -0.753829E+02 +0.184363E+02 +0.000000E+00 +0.000000E+00 -0.148004E-02 +0.435874E-05 +0.000000E+00 +0.700581E-03 +0.000000E+00 +0.000000E+00
 +0.130720E+01 -0.104240E+03 -0.153250E+03 -0.750831E+02 -0.753498E+02 +0.183490E+02 +0.000000E+00 +0.000000E+00 -0.148009E-02 +0.506604E-05 +0.000000E+00 +0.697262E-03 +0.000000E+00 +0.000000E+00
 +0.130720E+01 -0.104250E+03 -0.153219E+03 -0.750128E+02 -0.753166E+02 +0.182616E+02 +0.000000E+00 +0.000000E+00 -0.148015E-02 +0.577334E-05 +0.000000E+00 +0.693942E-03 +0.000000E+00 +0.000000E+00
 +0.130720E+01 -0.104260E+03 -0.153189E+03 -0.749424E+02 -0.752835E+02 +0.181743E+02 +0.000000E+00 +0.000000E+00 -0.148021E-02 +0.648064E-05 +0.000000E+00 +0.690623E-03 +0.000000E+00 +0.000000E+00
 +0.130720E+01 -0.104270E+03 -0.153159E+03 -0.748721E+02 -0.752504E+02 +0.180869E+02 +0.000000E+00 +0.000000E+00 -0.148027E-02 +0.718794E-05 +0.000000E+00 +0.687304E-03 +0.000000E+00 +0.000000E+00
 +0.130720E+01 -0.104280E+03 -0.153129E+03 -0.748017E+02 -0.752173E+02 +0.179996E+02 +0.000000E+00 +0.000000E+00 -0.148033E-02 +0.789524E-05 +0.000000E+00 +0.683984E-03 +0.000000E+00 +0.000000E+00
 +0.130720E+01 -0.104290E+03 -0.153099E+03 -0.747314E+02 -0.751841E+02 +0.179122E+02 +0.000000E+00 +0.000000E+00 -0.148039E-02 +0.860253E-05 +0.000000E+00 +0.680665E-03 +0.000000E+00 +0.000000E+00
 +0.130720E+01 -0.104300E+03 -0.153069E+03 -0.746610E+02 -0.751510E+02 +0.178249E+02 +0.000000E+00 +0.000000E+00 -0.148045E-02 +0.930983E-05 +0.000000E+00 +0.677346E-03 +0.000000E+00 +0.000000E+00
 +0.130720E+01 -0.104310E+03 -0.153039E+03 -0.745906E+02 -0.751179E+02 +0.177375E+02 +0.000000E+00 +0.000000E+00 -0.148051E-02 +0.100171E-04 +0.000000E+00 +0.674027E-03 +0.000000E+00 +0.000000E+00
 +0.130720E+01 -0.104320E+03 -0.153009E+03 -0.745203E+02 -0.750847E+02 +0.176502E+02 +0.000000E+00 +0.000000E+00 -0.148056E-02 +0.107244E-04 +0.000000E+00 +0.670707E-03 +0.000000E+00 +0.000000E+00
 +0.130720E+01 -0.104330E+03 -0.152979E+03 -0.744499E+02 -0.750516E+02 +0.175628E+02 +0.000000E+00 +0.000000E+00 -0.148062E-02 +0.114317E-04 +0.000000E+00 +0.667388E-03 +0.000000E+00 +0.000000E+00
 +0.130720E+01 -0.104340E+03 -0.152949E+03 -0.743796E+02 -0.750185E+02 +0.174755E+02 +0.000000E+00 +0.000000E+00 -0.148068E-02 +0.121390E-04 +0.000000E+00 +0.664069E-03 +0.000000E+00 +0.000000E+00
 +0.130720E+01 -0.104350E+03 -0.152919E+03 -0.743092E+02 -0.749853E+02 +0.173881E+02 +0.000000E+00 +0.000000E+00 -0.148074E-02 +0.128463E-04 +0.000000E+00 +0.660750E-03 +0.000000E+00 +0.000000E+00
 +0.130720E+01 -0.104360E+03 -0.152889E+03 -0.742389E+02 -0.749522E+02 +0.173008E+02 +0.000000E+00 +0.000000E+00 -0.148080E-02 +0.135536E-04 +0.000000E+00 +0.657430E-03 +0.000000E+00 +0.000000E+00
 +0.130720E+01 -0.104370E+03 -0.152859E+03 -0.741685E+02 -0.749191E+02 +0.172134E+02 +0.000000E+00 +0.000000E+00 -0.148086E-02 +0.142609E-04 +0.000000E+00 +0.654111E-03 +0.000000E+00 +0.000000E+00
 +0.130720E+01 -0.104380E+03 -0.152829E+03 -0.740982E+02 -0.748860E+02 +0.171261E+02 +0.000000E+00 +0.000000E+00 -0.148092E-02 +0.149682E-04 +0.000000E+00 +0.650792E-03 +0.000000E+00 +0.000000E+00
 +0.130720E+01 -0.104390E+03 -0.152799E+03 -0.740278E+02 -0.748528E+02 +0.170388E+02 +0.000000E+00 +0.000000E+00 -0.148098E-02 +0.156755E-04 +0.000000E+00 +0.647473E-03 +0.000000E+00 +0.000000E+00
 +0.130720E+01 -0.104400E+03 -0.152792E+03 -0.739281E+02 -0.748176E+02 +0.169616E+02 +0.000000E+00 +0.000000E+00 -0.148151E-02 +0.168999E-04 +0.000000E+00 +0.644542E-03 +0.000000E+00 +0.000000E+00
 +0.130720E+01 -0.104410E+03 -0.152791E+03 -0.738201E+02 -0.747818E+02 +0.168874E+02 +0.000000E+00 +0.000000E+00 -0.148218E-02 +0.182718E-04 +0.000000E+00 +0.641722E-03 +0.000000E+00 +0.000000E+00
 +0.130720E+01 -0.104420E+03 -0.152791E+03 -0.737121E+02 -0.747459E+02 +0.168132E+02 +0.000000E+00 +0.000000E+00 -0.148285E-02 +0.196437E-04 +0.000000E+00 +0.638903E-03 +0.000000E+00 +0.000000E+00
 +0.130720E+01 -0.104430E+03 -0.152790E+03 -0.736040E+02 -0.747101E+02 +0.167390E+02 +0.000000E+00 +0.000000E+00 -0.148352E-02 +0.210156E-04 +0.000000E+00 +0.636083E-03 +0.000000E+00 +0.000000E+00
 +0.130720E+01 -0.104440E+03 -0.152790E+03 -0.734960E+02 -0.746743E+02 +0.166648E+02 +0.000000E+00 +0.000000E+00 -0.148419E-02 +0.223875E-04 +0.000000E+00 +0.633263E-03 +0.000000E+00 +0.000000E+00
 +0.130720E+01 -0.104450E+03 -0.152789E+03 -0.733879E+02 -0.746384E+02 +0.165906E+02 +0.000000E+00 +0.000000E+00 -0.148486E-02 +0.237594E-04 +0.000000E+00 +0.630444E-03 +0.000000E+00 +0.000000E+00
 +0.130720E+01 -0.104460E+03 -0.152789E+03 -0.732799E+02 -0.746026E+02 +0.165164E+02 +0.000000E+00 +0.000000E+00 -0.148553E-02 +0.251313E-04 +0.000000E+00 +0.627624E-03 +0.000000E+00 +0.000000E+00
 +0.130720E+01 -0.104470E+03 -0.152788E+03 -0.731719E+02 -0.745668E+02 +0.164422E+02 +0.000000E+00 +0.000000E+00 -0.148620E-02 +0.265032E-04 +0.000000E+00 +0.624805E-03 +0.000000E+00 +0.000000E+00
 +0.130720E+01 -0.104480E+03 -0.152787E+03 -0.730638E+02 -0.745309E+02 +0.163680E+02 +0.000000E+00 +0.000000E+00 -0.148687E-02 +0.278751E-04 +0.000000E+00 +0.621985E-03 +0.000000E+00 +0.000000E+00
 +0.130720E+01 -0.104490E+03 -0.152787E+03 -0.729558E+02 -0.744951E+02 +0.162938E+02 +0.000000E+00 +0.000000E+00 -0.148755E-02 +0.292470E-04 +0.000000E+00 +0.619165E-03 +0.000000E+00 +0.000000E+00
 +0.130720E+01 -0.104500E+03 -0.152786E+03 -0.728478E+02 -0.744593E+02 +0.162196E+02 +0.000000E+00 +0.000000E+00 -0.148822E-02 +0.306189E-04 +0.000000E+00 +0.616346E-03 +0.000000E+00 +0.000000E+00
 +0.130720E+01 -0.104510E+03 -0.152786E+03 -0.727397E+02 -0.744234E+02 +0.161454E+02 +0.000000E+00 +0.000000E+00 -0.148889E-02 +0.319908E-04 +0.000000E+00 +0.613526E-03 +0.000000E+00 +0.000000E+00
 +0.130720E+01 -0.104520E+03 -0.152785E+03 -0.726317E+02 -0.743876E+02 +0.160712E+02 +0.000000E+00 +0.000000E+00 -0.148956E-02 +0.333627E-04 +0.000000E+00 +0.610707E-03 +0.000000E+00 +0.000000E+00
 +0.130720E+01 -0.104530E+03 -0.152785E+03 -0.725236E+02 -0.743518E+02 +0.159970E+02 +0.000000E+00 +0.000000E+00 -0.149023E-02 +0.347346E-04 +0.000000E+00 +0.607887E-03 +0.000000E+00 +0.000000E+00
 +0.130720E+01 -0.104540E+03 -0.152784E+03 -0.724156E+02 -0.743159E+02 +0.159228E+02 +0.000000E+00 +0.000000E+00 -0.149090E-02 +0.361065E-04 +0.000000E+00 +0.605067E-03 +0.000000E+00 +0.000000E+00
 +0.130720E+01 -0.104550E+03 -0.152784E+03 -0.723076E+02 -0.742801E+02 +0.158486E+02 +0.000000E+00 +0.000000E+00 -0.149157E-02 +0.374784E-04 +0.000000E+00 +0.602248E-03 +0.000000E+00 +0.000000E+00
 +0.130720E+01 -0.104560E+03 -0.152783E+03 -0.721995E+02 -0.742443E+02 +0.157744E+02 +0.000000E+00 +0.000000E+00 -0.149224E-02 +0.388503E-04 +0.000000E+00 +0.599428E-03 +0.000000E+00 +0.000000E+00
 +0.130720E+01 -0.104570E+03 -0.152783E+03 -0.720915E+02 -0.742085E+02 +0.157002E+02 +0.000000E+00 +0.000000E+00 -0.149291E-02 +0.402222E-04 +0.000000E+00 +0.596608E-03 +0.000000E+00 +0.000000E+00
 +0.130720E+01 -0.104580E+03 -0.152772E+03 -0.719888E+02 -0.741711E+02 +0.156325E+02 +0.000000E+00 +0.000000E+00 -0.149342E-02 +0.414645E-04 +0.000000E+00 +0.594036E-03 +0.000000E+00 +0.000000E+00
 +0.130720E+01 -0.104590E+03 -0.152746E+03 -0.718945E+02 -0.741314E+02 +0.155752E+02 +0.000000E+00 +0.000000E+00 -0.149368E-02 +0.425002E-04 +0.000000E+00 +0.591857E-03 +0.000000E+00 +0.000000E+00
 +0.130720E+01 -0.104600E+03 -0.152720E+03 -0.718003E+02 -0.740917E+02 +0.155178E+02 +0.000000E+00 +0.000000E+00 -0.149394E-02 +0.435360E-04 +0.000000E+00 +0.589677E-03 +0.000000E+00 +0.000000E+00
 +0.130720E+01 -0.104610E+03 -0.152694E+03 -0.717061E+02 -0.740519E+02 +0.154605E+02 +0.000000E+00 +0.000000E+00 -0.149419E-02 +0.445717E-04 +0.000000E+00 +0.587498E-03 +0.000000E+00 +0.000000E+00
 +0.130720E+01 -0.104620E+03 -0.152668E+03 -0.716118E+02 -0.740122E+02 +0.154031E+02 +0.000000E+00 +0.000000E+00 -0.149445E-02 +0.456075E-04 +0.000000E+00 +0.585319E-03 +0.000000E+00 +0.000000E+00
 +0.130720E+01 -0.104630E+03 -0.152641E+03 -0.715176E+02 -0.739725E+02 +0.153458E+02 +0.000000E+00 +0.000000E+00 -0.149471E-02 +0.466432E-04 +0.000000E+00 +0.583140E-03 +0.000000E+00 +0.000000E+00
 +0.130720E+01 -0.104640E+03 -0.152615E+03 -0.714234E+02 -0.739328E+02 +0.152884E+02 +0.000000E+00 +0.000000E+00 -0.149497E-02 +0.476789E-04 +0.000000E+00 +0.580961E-03 +0.000000E+00 +0.000000E+00
 +0.130720E+01 -0.104650E+03 -0.152589E+03 -0.713291E+02 -0.738930E+02 +0.152311E+02 +0.000000E+00 +0.000000E+00 -0.149523E-02 +0.487147E-04 +0.000000E+00 +0.578781E-03 +0.000000E+00 +0.000000E+00
 +0.130720E+01 -0.104660E+03 -0.152563E+03 -0.712349E+02 -0.738533E+02 +0.151737E+02 +0.000000E+00 +0.000000E+00 -0.149549E-02 +0.497504E-04 +0.000000E+00 +0.576602E-03 +0.000000E+00 +0.000000E+00
 +0.130720E+01 -0.104670E+03 -0.152537E+03 -0.711406E+02 -0.738136E+02 +0.151164E+02 +0.000000E+00 +0.000000E+00 -0.149574E-02 +0.507862E-04 +0.000000E+00 +0.574423E-03 +0.000000E+00 +0.000000E+00
 +0.130720E+01 -0.104680E+03 -0.152511E+03 -0.710464E+02 -0.737739E+02 +0.150590E+02 +0.000000E+00 +0.000000E+00 -0.149600E-02 +0.518219E-04 +0.000000E+00 +0.572244E-03 +0.000000E+00 +0.000000E+00
 +0.130720E+01 -0.104690E+03 -0.152485E+03 -0.709522E+02 -0.737342E+02 +0.150017E+02 +0.000000E+00 +0.000000E+00 -0.149626E-02 +0.528577E-04 +0.000000E+00 +0.570065E-03 +0.000000E+00 +0.000000E+00
 +0.130720E+01 -0.104700E+03 -0.152459E+03 -0.708579E+02 -0.736944E+02 +0.149444E+02 +0.000000E+00 +0.000000E+00 -0.149652E-02 +0.538934E-04 +0.000000E+00 +0.567885E-03 +0.000000E+00 +0.000000E+00
 +0.130720E+01 -0.104710E+03 -0.152432E+03 -0.707637E+02 -0.736547E+02 +0.148870E+02 +0.000000E+00 +0.000000E+00 -0.149678E-02 +0.549292E-04 +0.000000E+00 +0.565706E-03 +0.000000E+00 +0.000000E+00
 +0.130720E+01 -0.104720E+03 -0.152406E+03 -0.706695E+02 -0.736150E+02 +0.148297E+02 +0.000000E+00 +0.000000E+00 -0.149703E-02 +0.559649E-04 +0.000000E+00 +0.563527E-03 +0.000000E+00 +0.000000E+00
 +0.130720E+01 -0.104730E+03 -0.152380E+03 -0.705752E+02 -0.735753E+02 +0.147723E+02 +0.000000E+00 +0.000000E+00 -0.149729E-02 +0.570006E-04 +0.000000E+00 +0.561348E-03 +0.000000E+00 +0.000000E+00
 +0.130720E+01 -0.104740E+03 -0.152354E+03 -0.704810E+02 -0.735355E+02 +0.147150E+02 +0.000000E+00 +0.000000E+00 -0.149755E-02 +0.580364E-04 +0.000000E+00 +0.559169E-03 +0.000000E+00 +0.000000E+00
 +0.130720E+01 -0.104750E+03 -0.152328E+03 -0.703867E+02 -0.734958E+02 +0.146576E+02 +0.000000E+00 +0.000000E+00 -0.149781E-02 +0.590721E-04 +0.000000E+00 +0.556990E-03 +0.000000E+00 +0.000000E+00
 +0.130720E+01 -0.104760E+03 -0.152302E+03 -0.702925E+02 -0.734561E+02 +0.146003E+02 +0.000000E+00 +0.000000E+00 -0.149807E-02 +0.601079E-04 +0.000000E+00 +0.554810E-03 +0.000000E+00 +0.000000E+00
 +0.130720E+01 -0.104770E+03 -0.152276E+03 -0.701983E+02 -0.734164E+02 +0.145429E+02 +0.000000E+00 +0.000000E+00 -0.149832E-02 +0.611436E-04 +0.000000E+00 +0.552631E-03 +0.000000E+00 +0.000000E+00
 +0.130720E+01 -0.104780E+03 -0.152249E+03 -0.701040E+02 -0.733766E+02 +0.144856E+02 +0.000000E+00 +0.000000E+00 -0.149858E-02 +0.621794E-04 +0.000000E+00 +0.550452E-03 +0.000000E+00 +0.000000E+00
 +0.130720E+01 -0.104790E+03 -0.152223E+03 -0.700098E+02 -0.733369E+02 +0.144282E+02 +0.000000E+00 +0.000000E+00 -0.149884E-02 +0.632151E-04 +0.000000E+00 +0.548273E-03 +0.000000E+00 +0.000000E+00
 +0.130720E+01 -0.104800E+03 -0.152197E+03 -0.699156E+02 -0.732972E+02 +0.143709E+02 +0.000000E+00 +0.000000E+00 -0.149910E-02 +0.642509E-04 +0.000000E+00 +0.546094E-03 +0.000000E+00 +0.000000E+00
 +0.130720E+01 -0.104810E+03 -0.152171E+03 -0.698213E+02 -0.732575E+02 +0.143135E+02 +0.000000E+00 +0.000000E+00 -0.149936E-02 +0.652866E-04 +0.000000E+00 +0.543914E-03 +0.000000E+00 +0.000000E+00
 +0.130720E+01 -0.104820E+03 -0.152145E+03 -0.697271E+02 -0.732177E+02 +0.142562E+02 +0.000000E+00 +0.000000E+00 -0.149961E-02 +0.663223E-04 +0.000000E+00 +0.541735E-03 +0.000000E+00 +0.000000E+00
 +0.130720E+01 -0.104830E+03 -0.152119E+03 -0.696328E+02 -0.731780E+02 +0.141988E+02 +0.000000E+00 +0.000000E+00 -0.149987E-02 +0.673581E-04 +0.000000E+00 +0.539556E-03 +0.000000E+00 +0.000000E+00
 +0.130720E+01 -0.104840E+03 -0.152093E+03 -0.695386E+02 -0.731383E+02 +0.141415E+02 +0.000000E+00 +0.000000E+00 -0.150013E-02 +0.683938E-04 +0.000000E+00 +0.537377E-03 +0.000000E+00 +0.000000E+00
 +0.130720E+01 -0.104850E+03 -0.152066E+03 -0.694444E+02 -0.730986E+02 +0.140841E+02 +0.000000E+00 +0.000000E+00 -0.150039E-02 +0.694296E-04 +0.000000E+00 +0.535198E-03 +0.000000E+00 +0.000000E+00
 +0.130720E+01 -0.104860E+03 -0.152040E+03 -0.693501E+02 -0.730588E+02 +0.140268E+02 +0.000000E+00 +0.000000E+00 -0.150065E-02 +0.704653E-04 +0.000000E+00 +0.533018E-03 +0.000000E+00 +0.000000E+00
 +0.130720E+01 -0.104870E+03 -0.152014E+03 -0.692559E+02 -0.730191E+02 +0.139695E+02 +0.000000E+00 +0.000000E+00 -0.150091E-02 +0.715011E-04 +0.000000E+00 +0.530839E-03 +0.000000E+00 +0.000000E+00
 +0.130720E+01 -0.104880E+03 -0.151988E+03 -0.691617E+02 -0.729794E+02 +0.139121E+02 +0.000000E+00 +0.000000E+00 -0.150116E-02 +0.725368E-04 +0.000000E+00 +0.528660E-03 +0.000000E+00 +0.000000E+00
 +0.130720E+01 -0.104890E+03 -0.151962E+03 -0.690674E+02 -0.729397E+02 +0.138548E+02 +0.000000E+00 +0.000000E+00 -0.150142E-02 +0.735726E-04 +0.000000E+00 +0.526481E-03 +0.000000E+00 +0.000000E+00
 +0.130720E+01 -0.104900E+03 -0.151936E+03 -0.689732E+02 -0.728999E+02 +0.137974E+02 +0.000000E+00 +0.000000E+00 -0.150168E-02 +0.746083E-04 +0.000000E+00 +0.524302E-03 +0.000000E+00 +0.000000E+00
 +0.130720E+01 -0.104910E+03 -0.151910E+03 -0.688789E+02 -0.728602E+02 +0.137401E+02 +0.000000E+00 +0.000000E+00 -0.150194E-02 +0.756440E-04 +0.000000E+00 +0.522122E-03 +0.000000E+00 +0.000000E+00
 +0.130720E+01 -0.104920E+03 -0.151883E+03 -0.687847E+02 -0.728205E+02 +0.136827E+02 +0.000000E+00 +0.000000E+00 -0.150220E-02 +0.766798E-04 +0.000000E+00 +0.519943E-03 +0.000000E+00 +0.000000E+00
 +0.130720E+01 -0.104930E+03 -0.151857E+03 -0.686905E+02 -0.727808E+02 +0.136254E+02 +0.000000E+00 +0.000000E+00 -0.150245E-02 +0.777155E-04 +0.000000E+00 +0.517764E-03 +0.000000E+00 +0.000000E+00
 +0.130720E+01 -0.104940E+03 -0.151831E+03 -0.685962E+02 -0.727410E+02 +0.135680E+02 +0.000000E+00 +0.000000E+00 -0.150271E-02 +0.787513E-04 +0.000000E+00 +0.515585E-03 +0.000000E+00 +0.000000E+00
 +0.130720E+01 -0.104950E+03 -0.151805E+03 -0.685020E+02 -0.727013E+02 +0.135107E+02 +0.000000E+00 +0.000000E+00 -0.150297E-02 +0.797870E-04 +0.000000E+00 +0.513406E-03 +0.000000E+00 +0.000000E+00
 +0.130720E+01 -0.104960E+03 -0.151779E+03 -0.684078E+02 -0.726616E+02 +0.134533E+02 +0.000000E+00 +0.000000E+00 -0.150323E-02 +0.808228E-04 +0.000000E+00 +0.511227E-03 +0.000000E+00 +0.000000E+00
 +0.130720E+01 -0.104970E+03 -0.151753E+03 -0.683135E+02 -0.726219E+02 +0.133960E+02 +0.000000E+00 +0.000000E+00 -0.150349E-02 +0.818585E-04 +0.000000E+00 +0.509047E-03 +0.000000E+00 +0.000000E+00
 +0.130720E+01 -0.104980E+03 -0.151727E+03 -0.682193E+02 -0.725821E+02 +0.133386E+02 +0.000000E+00 +0.000000E+00 -0.150374E-02 +0.828943E-04 +0.000000E+00 +0.506868E-03 +0.000000E+00 +0.000000E+00
 +0.130720E+01 -0.104990E+03 -0.151700E+03 -0.681250E+02 -0.725424E+02 +0.132813E+02 +0.000000E+00 +0.000000E+00 -0.150400E-02 +0.839300E-04 +0.000000E+00 +0.504689E-03 +0.000000E+00 +0.000000E+00
