%X Y s_xx s_yy s_zz s_xy s_xz s_yz e_xx e_yy e_zz e_xy e_xz e_yz
 +0.130720E+01 -0.100000E+03 -0.451745E+03 -0.311815E+02 -0.159366E+03 +0.398590E+02 +0.000000E+00 +0.000000E+00 -0.555520E-02 +0.243550E-02 +0.000000E+00 +0.151464E-02 +0.000000E+00 +0.000000E+00
 +0.130720E+01 -0.100010E+03 -0.441868E+03 -0.375829E+02 -0.158219E+03 +0.437104E+02 +0.000000E+00 +0.000000E+00 -0.538934E-02 +0.229208E-02 +0.000000E+00 +0.166099E-02 +0.000000E+00 +0.000000E+00
 +0.130720E+01 -0.100020E+03 -0.432021E+03 -0.439233E+02 -0.157062E+03 +0.476395E+02 +0.000000E+00 +0.000000E+00 -0.522423E-02 +0.214963E-02 +0.000000E+00 +0.181030E-02 +0.000000E+00 +0.000000E+00
 +0.130720E+01 -0.100030E+03 -0.423650E+03 -0.471787E+02 -0.155374E+03 +0.554991E+02 +0.000000E+00 +0.000000E+00 -0.509726E-02 +0.205570E-02 +0.000000E+00 +0.210897E-02 +0.000000E+00 +0.000000E+00
 +0.130720E+01 -0.100040E+03 -0.415364E+03 -0.504304E+02 -0.153712E+03 +0.632462E+02 +0.000000E+00 +0.000000E+00 -0.497138E-02 +0.196235E-02 +0.000000E+00 +0.240335E-02 +0.000000E+00 +0.000000E+00
 +0.130720E+01 -0.100050E+03 -0.409175E+03 -0.535927E+02 -0.152713E+03 +0.682042E+02 +0.000000E+00 +0.000000E+00 -0.487278E-02 +0.188329E-02 +0.000000E+00 +0.259176E-02 +0.000000E+00 +0.000000E+00
 +0.130720E+01 -0.100060E+03 -0.403034E+03 -0.567336E+02 -0.151723E+03 +0.730819E+02 +0.000000E+00 +0.000000E+00 -0.477490E-02 +0.180480E-02 +0.000000E+00 +0.277711E-02 +0.000000E+00 +0.000000E+00
 +0.130720E+01 -0.100070E+03 -0.397652E+03 -0.595279E+02 -0.150869E+03 +0.766590E+02 +0.000000E+00 +0.000000E+00 -0.468887E-02 +0.173549E-02 +0.000000E+00 +0.291304E-02 +0.000000E+00 +0.000000E+00
 +0.130720E+01 -0.100080E+03 -0.392314E+03 -0.622990E+02 -0.150022E+03 +0.801722E+02 +0.000000E+00 +0.000000E+00 -0.460354E-02 +0.166674E-02 +0.000000E+00 +0.304655E-02 +0.000000E+00 +0.000000E+00
 +0.130720E+01 -0.100090E+03 -0.387496E+03 -0.647947E+02 -0.149256E+03 +0.829266E+02 +0.000000E+00 +0.000000E+00 -0.452656E-02 +0.160476E-02 +0.000000E+00 +0.315121E-02 +0.000000E+00 +0.000000E+00
 +0.130720E+01 -0.100100E+03 -0.382716E+03 -0.672662E+02 -0.148494E+03 +0.856242E+02 +0.000000E+00 +0.000000E+00 -0.445022E-02 +0.154333E-02 +0.000000E+00 +0.325372E-02 +0.000000E+00 +0.000000E+00
 +0.130720E+01 -0.100110E+03 -0.378292E+03 -0.695115E+02 -0.147775E+03 +0.877931E+02 +0.000000E+00 +0.000000E+00 -0.437982E-02 +0.148701E-02 +0.000000E+00 +0.333614E-02 +0.000000E+00 +0.000000E+00
 +0.130720E+01 -0.100120E+03 -0.373903E+03 -0.717321E+02 -0.147060E+03 +0.899123E+02 +0.000000E+00 +0.000000E+00 -0.431003E-02 +0.143123E-02 +0.000000E+00 +0.341667E-02 +0.000000E+00 +0.000000E+00
 +0.130720E+01 -0.100130E+03 -0.369793E+03 -0.737654E+02 -0.146374E+03 +0.916539E+02 +0.000000E+00 +0.000000E+00 -0.424496E-02 +0.137957E-02 +0.000000E+00 +0.348285E-02 +0.000000E+00 +0.000000E+00
 +0.130720E+01 -0.100140E+03 -0.365718E+03 -0.757739E+02 -0.145692E+03 +0.933502E+02 +0.000000E+00 +0.000000E+00 -0.418048E-02 +0.132845E-02 +0.000000E+00 +0.354731E-02 +0.000000E+00 +0.000000E+00
 +0.130720E+01 -0.100150E+03 -0.361866E+03 -0.776244E+02 -0.145032E+03 +0.947582E+02 +0.000000E+00 +0.000000E+00 -0.411985E-02 +0.128074E-02 +0.000000E+00 +0.360081E-02 +0.000000E+00 +0.000000E+00
 +0.130720E+01 -0.100160E+03 -0.358050E+03 -0.794501E+02 -0.144375E+03 +0.961251E+02 +0.000000E+00 +0.000000E+00 -0.405982E-02 +0.123357E-02 +0.000000E+00 +0.365276E-02 +0.000000E+00 +0.000000E+00
 +0.130720E+01 -0.100170E+03 -0.354422E+03 -0.811410E+02 -0.143736E+03 +0.972682E+02 +0.000000E+00 +0.000000E+00 -0.400304E-02 +0.118930E-02 +0.000000E+00 +0.369619E-02 +0.000000E+00 +0.000000E+00
 +0.130720E+01 -0.100180E+03 -0.350828E+03 -0.828072E+02 -0.143100E+03 +0.983734E+02 +0.000000E+00 +0.000000E+00 -0.394684E-02 +0.114556E-02 +0.000000E+00 +0.373819E-02 +0.000000E+00 +0.000000E+00
 +0.130720E+01 -0.100190E+03 -0.347396E+03 -0.843569E+02 -0.142479E+03 +0.993000E+02 +0.000000E+00 +0.000000E+00 -0.389343E-02 +0.110431E-02 +0.000000E+00 +0.377340E-02 +0.000000E+00 +0.000000E+00
 +0.130720E+01 -0.100200E+03 -0.343998E+03 -0.858823E+02 -0.141861E+03 +0.100192E+03 +0.000000E+00 +0.000000E+00 -0.384061E-02 +0.106359E-02 +0.000000E+00 +0.380729E-02 +0.000000E+00 +0.000000E+00
 +0.130720E+01 -0.100210E+03 -0.340742E+03 -0.873062E+02 -0.141256E+03 +0.100939E+03 +0.000000E+00 +0.000000E+00 -0.379023E-02 +0.102504E-02 +0.000000E+00 +0.383569E-02 +0.000000E+00 +0.000000E+00
 +0.130720E+01 -0.100220E+03 -0.337519E+03 -0.887060E+02 -0.140654E+03 +0.101655E+03 +0.000000E+00 +0.000000E+00 -0.374043E-02 +0.987017E-03 +0.000000E+00 +0.386287E-02 +0.000000E+00 +0.000000E+00
 +0.130720E+01 -0.100230E+03 -0.334421E+03 -0.900169E+02 -0.140065E+03 +0.102252E+03 +0.000000E+00 +0.000000E+00 -0.369278E-02 +0.950908E-03 +0.000000E+00 +0.388557E-02 +0.000000E+00 +0.000000E+00
 +0.130720E+01 -0.100240E+03 -0.331358E+03 -0.913040E+02 -0.139478E+03 +0.102819E+03 +0.000000E+00 +0.000000E+00 -0.364571E-02 +0.915313E-03 +0.000000E+00 +0.390713E-02 +0.000000E+00 +0.000000E+00
 +0.130720E+01 -0.100250E+03 -0.328405E+03 -0.925126E+02 -0.138903E+03 +0.103289E+03 +0.000000E+00 +0.000000E+00 -0.360054E-02 +0.881415E-03 +0.000000E+00 +0.392499E-02 +0.000000E+00 +0.000000E+00
 +0.130720E+01 -0.100260E+03 -0.325486E+03 -0.936979E+02 -0.138331E+03 +0.103732E+03 +0.000000E+00 +0.000000E+00 -0.355596E-02 +0.848026E-03 +0.000000E+00 +0.394181E-02 +0.000000E+00 +0.000000E+00
 +0.130720E+01 -0.100270E+03 -0.322667E+03 -0.948137E+02 -0.137769E+03 +0.104093E+03 +0.000000E+00 +0.000000E+00 -0.351307E-02 +0.816146E-03 +0.000000E+00 +0.395554E-02 +0.000000E+00 +0.000000E+00
 +0.130720E+01 -0.100280E+03 -0.319882E+03 -0.959065E+02 -0.137210E+03 +0.104429E+03 +0.000000E+00 +0.000000E+00 -0.347076E-02 +0.784770E-03 +0.000000E+00 +0.396832E-02 +0.000000E+00 +0.000000E+00
 +0.130720E+01 -0.100290E+03 -0.317187E+03 -0.969377E+02 -0.136661E+03 +0.104698E+03 +0.000000E+00 +0.000000E+00 -0.342999E-02 +0.754744E-03 +0.000000E+00 +0.397851E-02 +0.000000E+00 +0.000000E+00
 +0.130720E+01 -0.100300E+03 -0.314525E+03 -0.979463E+02 -0.136115E+03 +0.104943E+03 +0.000000E+00 +0.000000E+00 -0.338978E-02 +0.725213E-03 +0.000000E+00 +0.398782E-02 +0.000000E+00 +0.000000E+00
 +0.130720E+01 -0.100310E+03 -0.311944E+03 -0.989000E+02 -0.135579E+03 +0.105131E+03 +0.000000E+00 +0.000000E+00 -0.335094E-02 +0.696892E-03 +0.000000E+00 +0.399497E-02 +0.000000E+00 +0.000000E+00
 +0.130720E+01 -0.100320E+03 -0.309397E+03 -0.998316E+02 -0.135045E+03 +0.105297E+03 +0.000000E+00 +0.000000E+00 -0.331267E-02 +0.669060E-03 +0.000000E+00 +0.400130E-02 +0.000000E+00 +0.000000E+00
 +0.130720E+01 -0.100330E+03 -0.306923E+03 -0.100714E+03 -0.134520E+03 +0.105416E+03 +0.000000E+00 +0.000000E+00 -0.327565E-02 +0.642315E-03 +0.000000E+00 +0.400581E-02 +0.000000E+00 +0.000000E+00
 +0.130720E+01 -0.100340E+03 -0.304482E+03 -0.101575E+03 -0.133999E+03 +0.105515E+03 +0.000000E+00 +0.000000E+00 -0.323918E-02 +0.616050E-03 +0.000000E+00 +0.400956E-02 +0.000000E+00 +0.000000E+00
 +0.130720E+01 -0.100350E+03 -0.302108E+03 -0.102392E+03 -0.133485E+03 +0.105573E+03 +0.000000E+00 +0.000000E+00 -0.320384E-02 +0.590763E-03 +0.000000E+00 +0.401178E-02 +0.000000E+00 +0.000000E+00
 +0.130720E+01 -0.100360E+03 -0.299767E+03 -0.103189E+03 -0.132975E+03 +0.105613E+03 +0.000000E+00 +0.000000E+00 -0.316904E-02 +0.565948E-03 +0.000000E+00 +0.401330E-02 +0.000000E+00 +0.000000E+00
 +0.130720E+01 -0.100370E+03 -0.297487E+03 -0.103946E+03 -0.132473E+03 +0.105619E+03 +0.000000E+00 +0.000000E+00 -0.313527E-02 +0.542014E-03 +0.000000E+00 +0.401352E-02 +0.000000E+00 +0.000000E+00
 +0.130720E+01 -0.100380E+03 -0.295239E+03 -0.104682E+03 -0.131974E+03 +0.105608E+03 +0.000000E+00 +0.000000E+00 -0.310203E-02 +0.518544E-03 +0.000000E+00 +0.401310E-02 +0.000000E+00 +0.000000E+00
 +0.130720E+01 -0.100390E+03 -0.293046E+03 -0.105384E+03 -0.131482E+03 +0.105568E+03 +0.000000E+00 +0.000000E+00 -0.306973E-02 +0.495867E-03 +0.000000E+00 +0.401158E-02 +0.000000E+00 +0.000000E+00
 +0.130720E+01 -0.100400E+03 -0.290886E+03 -0.106065E+03 -0.130994E+03 +0.105512E+03 +0.000000E+00 +0.000000E+00 -0.303795E-02 +0.473646E-03 +0.000000E+00 +0.400947E-02 +0.000000E+00 +0.000000E+00
 +0.130720E+01 -0.100410E+03 -0.288776E+03 -0.106715E+03 -0.130512E+03 +0.105432E+03 +0.000000E+00 +0.000000E+00 -0.300701E-02 +0.452140E-03 +0.000000E+00 +0.400643E-02 +0.000000E+00 +0.000000E+00
 +0.130720E+01 -0.100420E+03 -0.286697E+03 -0.107346E+03 -0.130034E+03 +0.105338E+03 +0.000000E+00 +0.000000E+00 -0.297660E-02 +0.431080E-03 +0.000000E+00 +0.400284E-02 +0.000000E+00 +0.000000E+00
 +0.130720E+01 -0.100430E+03 -0.284665E+03 -0.107948E+03 -0.129562E+03 +0.105223E+03 +0.000000E+00 +0.000000E+00 -0.294695E-02 +0.410666E-03 +0.000000E+00 +0.399847E-02 +0.000000E+00 +0.000000E+00
 +0.130720E+01 -0.100440E+03 -0.282663E+03 -0.108532E+03 -0.129094E+03 +0.105095E+03 +0.000000E+00 +0.000000E+00 -0.291781E-02 +0.390688E-03 +0.000000E+00 +0.399359E-02 +0.000000E+00 +0.000000E+00
 +0.130720E+01 -0.100450E+03 -0.280704E+03 -0.109090E+03 -0.128632E+03 +0.104949E+03 +0.000000E+00 +0.000000E+00 -0.288936E-02 +0.371293E-03 +0.000000E+00 +0.398805E-02 +0.000000E+00 +0.000000E+00
 +0.130720E+01 -0.100460E+03 -0.278775E+03 -0.109631E+03 -0.128174E+03 +0.104791E+03 +0.000000E+00 +0.000000E+00 -0.286142E-02 +0.352324E-03 +0.000000E+00 +0.398205E-02 +0.000000E+00 +0.000000E+00
 +0.130720E+01 -0.100470E+03 -0.276885E+03 -0.110148E+03 -0.127721E+03 +0.104618E+03 +0.000000E+00 +0.000000E+00 -0.283411E-02 +0.333882E-03 +0.000000E+00 +0.397548E-02 +0.000000E+00 +0.000000E+00
 +0.130720E+01 -0.100480E+03 -0.275024E+03 -0.110648E+03 -0.127272E+03 +0.104434E+03 +0.000000E+00 +0.000000E+00 -0.280730E-02 +0.315855E-03 +0.000000E+00 +0.396849E-02 +0.000000E+00 +0.000000E+00
 +0.130720E+01 -0.100490E+03 -0.273199E+03 -0.111127E+03 -0.126828E+03 +0.104237E+03 +0.000000E+00 +0.000000E+00 -0.278105E-02 +0.298305E-03 +0.000000E+00 +0.396102E-02 +0.000000E+00 +0.000000E+00
 +0.130720E+01 -0.100500E+03 -0.271403E+03 -0.111590E+03 -0.126388E+03 +0.104031E+03 +0.000000E+00 +0.000000E+00 -0.275529E-02 +0.281159E-03 +0.000000E+00 +0.395317E-02 +0.000000E+00 +0.000000E+00
 +0.130720E+01 -0.100510E+03 -0.269639E+03 -0.112034E+03 -0.125952E+03 +0.103813E+03 +0.000000E+00 +0.000000E+00 -0.273005E-02 +0.264444E-03 +0.000000E+00 +0.394490E-02 +0.000000E+00 +0.000000E+00
 +0.130720E+01 -0.100520E+03 -0.267904E+03 -0.112462E+03 -0.125521E+03 +0.103586E+03 +0.000000E+00 +0.000000E+00 -0.270529E-02 +0.248124E-03 +0.000000E+00 +0.393628E-02 +0.000000E+00 +0.000000E+00
 +0.130720E+01 -0.100530E+03 -0.266199E+03 -0.112873E+03 -0.125094E+03 +0.103351E+03 +0.000000E+00 +0.000000E+00 -0.268099E-02 +0.232193E-03 +0.000000E+00 +0.392732E-02 +0.000000E+00 +0.000000E+00
 +0.130720E+01 -0.100540E+03 -0.264522E+03 -0.113268E+03 -0.124671E+03 +0.103106E+03 +0.000000E+00 +0.000000E+00 -0.265717E-02 +0.216646E-03 +0.000000E+00 +0.391803E-02 +0.000000E+00 +0.000000E+00
 +0.130720E+01 -0.100550E+03 -0.262871E+03 -0.113649E+03 -0.124251E+03 +0.102854E+03 +0.000000E+00 +0.000000E+00 -0.263377E-02 +0.201450E-03 +0.000000E+00 +0.390845E-02 +0.000000E+00 +0.000000E+00
 +0.130720E+01 -0.100560E+03 -0.261248E+03 -0.114014E+03 -0.123837E+03 +0.102594E+03 +0.000000E+00 +0.000000E+00 -0.261083E-02 +0.186630E-03 +0.000000E+00 +0.389858E-02 +0.000000E+00 +0.000000E+00
 +0.130720E+01 -0.100570E+03 -0.259650E+03 -0.114366E+03 -0.123425E+03 +0.102328E+03 +0.000000E+00 +0.000000E+00 -0.258827E-02 +0.172125E-03 +0.000000E+00 +0.388845E-02 +0.000000E+00 +0.000000E+00
 +0.130720E+01 -0.100580E+03 -0.258079E+03 -0.114703E+03 -0.123018E+03 +0.102054E+03 +0.000000E+00 +0.000000E+00 -0.256616E-02 +0.157987E-03 +0.000000E+00 +0.387806E-02 +0.000000E+00 +0.000000E+00
 +0.130720E+01 -0.100590E+03 -0.256531E+03 -0.115028E+03 -0.122614E+03 +0.101775E+03 +0.000000E+00 +0.000000E+00 -0.254440E-02 +0.144134E-03 +0.000000E+00 +0.386746E-02 +0.000000E+00 +0.000000E+00
 +0.130720E+01 -0.100600E+03 -0.255009E+03 -0.115339E+03 -0.122215E+03 +0.101490E+03 +0.000000E+00 +0.000000E+00 -0.252309E-02 +0.130638E-03 +0.000000E+00 +0.385661E-02 +0.000000E+00 +0.000000E+00
 +0.130720E+01 -0.100610E+03 -0.253507E+03 -0.115640E+03 -0.121818E+03 +0.101200E+03 +0.000000E+00 +0.000000E+00 -0.250209E-02 +0.117398E-03 +0.000000E+00 +0.384558E-02 +0.000000E+00 +0.000000E+00
 +0.130720E+01 -0.100620E+03 -0.252032E+03 -0.115926E+03 -0.121426E+03 +0.100904E+03 +0.000000E+00 +0.000000E+00 -0.248152E-02 +0.104506E-03 +0.000000E+00 +0.383433E-02 +0.000000E+00 +0.000000E+00
 +0.130720E+01 -0.100630E+03 -0.250575E+03 -0.116203E+03 -0.121037E+03 +0.100604E+03 +0.000000E+00 +0.000000E+00 -0.246123E-02 +0.918452E-04 +0.000000E+00 +0.382293E-02 +0.000000E+00 +0.000000E+00
 +0.130720E+01 -0.100640E+03 -0.249145E+03 -0.116466E+03 -0.120652E+03 +0.100298E+03 +0.000000E+00 +0.000000E+00 -0.244137E-02 +0.795237E-04 +0.000000E+00 +0.381133E-02 +0.000000E+00 +0.000000E+00
 +0.130720E+01 -0.100650E+03 -0.247731E+03 -0.116721E+03 -0.120269E+03 +0.999895E+02 +0.000000E+00 +0.000000E+00 -0.242177E-02 +0.674095E-04 +0.000000E+00 +0.379960E-02 +0.000000E+00 +0.000000E+00
 +0.130720E+01 -0.100660E+03 -0.246342E+03 -0.116963E+03 -0.119891E+03 +0.996760E+02 +0.000000E+00 +0.000000E+00 -0.240258E-02 +0.556263E-04 +0.000000E+00 +0.378769E-02 +0.000000E+00 +0.000000E+00
 +0.130720E+01 -0.100670E+03 -0.244969E+03 -0.117198E+03 -0.119515E+03 +0.993596E+02 +0.000000E+00 +0.000000E+00 -0.238362E-02 +0.440293E-04 +0.000000E+00 +0.377567E-02 +0.000000E+00 +0.000000E+00
 +0.130720E+01 -0.100680E+03 -0.243621E+03 -0.117419E+03 -0.119143E+03 +0.990389E+02 +0.000000E+00 +0.000000E+00 -0.236507E-02 +0.327551E-04 +0.000000E+00 +0.376348E-02 +0.000000E+00 +0.000000E+00
 +0.130720E+01 -0.100690E+03 -0.242286E+03 -0.117634E+03 -0.118774E+03 +0.987158E+02 +0.000000E+00 +0.000000E+00 -0.234673E-02 +0.216477E-04 +0.000000E+00 +0.375120E-02 +0.000000E+00 +0.000000E+00
 +0.130720E+01 -0.100700E+03 -0.240976E+03 -0.117837E+03 -0.118408E+03 +0.983887E+02 +0.000000E+00 +0.000000E+00 -0.232879E-02 +0.108554E-04 +0.000000E+00 +0.373877E-02 +0.000000E+00 +0.000000E+00
 +0.130720E+01 -0.100710E+03 -0.239679E+03 -0.118034E+03 -0.118045E+03 +0.980597E+02 +0.000000E+00 +0.000000E+00 -0.231103E-02 +0.212231E-06 +0.000000E+00 +0.372627E-02 +0.000000E+00 +0.000000E+00
 +0.130720E+01 -0.100720E+03 -0.238406E+03 -0.118219E+03 -0.117686E+03 +0.977270E+02 +0.000000E+00 +0.000000E+00 -0.229367E-02 -0.101233E-04 +0.000000E+00 +0.371363E-02 +0.000000E+00 +0.000000E+00
 +0.130720E+01 -0.100730E+03 -0.237143E+03 -0.118399E+03 -0.117329E+03 +0.973928E+02 +0.000000E+00 +0.000000E+00 -0.227647E-02 -0.203259E-04 +0.000000E+00 +0.370093E-02 +0.000000E+00 +0.000000E+00
 +0.130720E+01 -0.100740E+03 -0.235905E+03 -0.118567E+03 -0.116976E+03 +0.970552E+02 +0.000000E+00 +0.000000E+00 -0.225966E-02 -0.302279E-04 +0.000000E+00 +0.368810E-02 +0.000000E+00 +0.000000E+00
 +0.130720E+01 -0.100750E+03 -0.234677E+03 -0.118730E+03 -0.116624E+03 +0.967164E+02 +0.000000E+00 +0.000000E+00 -0.224300E-02 -0.400118E-04 +0.000000E+00 +0.367522E-02 +0.000000E+00 +0.000000E+00
 +0.130720E+01 -0.100760E+03 -0.233472E+03 -0.118882E+03 -0.116277E+03 +0.963746E+02 +0.000000E+00 +0.000000E+00 -0.222671E-02 -0.495020E-04 +0.000000E+00 +0.366223E-02 +0.000000E+00 +0.000000E+00
 +0.130720E+01 -0.100770E+03 -0.232276E+03 -0.119031E+03 -0.115931E+03 +0.960317E+02 +0.000000E+00 +0.000000E+00 -0.221056E-02 -0.588874E-04 +0.000000E+00 +0.364921E-02 +0.000000E+00 +0.000000E+00
 +0.130720E+01 -0.100780E+03 -0.231104E+03 -0.119168E+03 -0.115590E+03 +0.956862E+02 +0.000000E+00 +0.000000E+00 -0.219477E-02 -0.679858E-04 +0.000000E+00 +0.363608E-02 +0.000000E+00 +0.000000E+00
 +0.130720E+01 -0.100790E+03 -0.229939E+03 -0.119302E+03 -0.115250E+03 +0.953398E+02 +0.000000E+00 +0.000000E+00 -0.217911E-02 -0.769917E-04 +0.000000E+00 +0.362291E-02 +0.000000E+00 +0.000000E+00
 +0.130720E+01 -0.100800E+03 -0.228798E+03 -0.119425E+03 -0.114914E+03 +0.949910E+02 +0.000000E+00 +0.000000E+00 -0.216380E-02 -0.857167E-04 +0.000000E+00 +0.360966E-02 +0.000000E+00 +0.000000E+00
 +0.130720E+01 -0.100810E+03 -0.227663E+03 -0.119545E+03 -0.114579E+03 +0.946416E+02 +0.000000E+00 +0.000000E+00 -0.214860E-02 -0.943607E-04 +0.000000E+00 +0.359638E-02 +0.000000E+00 +0.000000E+00
 +0.130720E+01 -0.100820E+03 -0.226551E+03 -0.119655E+03 -0.114248E+03 +0.942901E+02 +0.000000E+00 +0.000000E+00 -0.213376E-02 -0.102730E-03 +0.000000E+00 +0.358302E-02 +0.000000E+00 +0.000000E+00
 +0.130720E+01 -0.100830E+03 -0.225445E+03 -0.119762E+03 -0.113918E+03 +0.939380E+02 +0.000000E+00 +0.000000E+00 -0.211901E-02 -0.111028E-03 +0.000000E+00 +0.356964E-02 +0.000000E+00 +0.000000E+00
 +0.130720E+01 -0.100840E+03 -0.224362E+03 -0.119859E+03 -0.113593E+03 +0.935840E+02 +0.000000E+00 +0.000000E+00 -0.210461E-02 -0.119057E-03 +0.000000E+00 +0.355619E-02 +0.000000E+00 +0.000000E+00
 +0.130720E+01 -0.100850E+03 -0.223283E+03 -0.119954E+03 -0.113268E+03 +0.932297E+02 +0.000000E+00 +0.000000E+00 -0.209028E-02 -0.127026E-03 +0.000000E+00 +0.354273E-02 +0.000000E+00 +0.000000E+00
 +0.130720E+01 -0.100860E+03 -0.222227E+03 -0.120039E+03 -0.112948E+03 +0.928737E+02 +0.000000E+00 +0.000000E+00 -0.207631E-02 -0.134730E-03 +0.000000E+00 +0.352920E-02 +0.000000E+00 +0.000000E+00
 +0.130720E+01 -0.100870E+03 -0.221175E+03 -0.120122E+03 -0.112628E+03 +0.925174E+02 +0.000000E+00 +0.000000E+00 -0.206240E-02 -0.142382E-03 +0.000000E+00 +0.351566E-02 +0.000000E+00 +0.000000E+00
 +0.130720E+01 -0.100880E+03 -0.220145E+03 -0.120195E+03 -0.112312E+03 +0.921597E+02 +0.000000E+00 +0.000000E+00 -0.204883E-02 -0.149776E-03 +0.000000E+00 +0.350207E-02 +0.000000E+00 +0.000000E+00
 +0.130720E+01 -0.100890E+03 -0.219119E+03 -0.120267E+03 -0.111998E+03 +0.918018E+02 +0.000000E+00 +0.000000E+00 -0.203531E-02 -0.157125E-03 +0.000000E+00 +0.348847E-02 +0.000000E+00 +0.000000E+00
 +0.130720E+01 -0.100900E+03 -0.218115E+03 -0.120330E+03 -0.111687E+03 +0.914427E+02 +0.000000E+00 +0.000000E+00 -0.202213E-02 -0.164221E-03 +0.000000E+00 +0.347482E-02 +0.000000E+00 +0.000000E+00
 +0.130720E+01 -0.100910E+03 -0.217114E+03 -0.120391E+03 -0.111377E+03 +0.910835E+02 +0.000000E+00 +0.000000E+00 -0.200900E-02 -0.171279E-03 +0.000000E+00 +0.346117E-02 +0.000000E+00 +0.000000E+00
 +0.130720E+01 -0.100920E+03 -0.216134E+03 -0.120444E+03 -0.111071E+03 +0.907233E+02 +0.000000E+00 +0.000000E+00 -0.199620E-02 -0.178090E-03 +0.000000E+00 +0.344748E-02 +0.000000E+00 +0.000000E+00
 +0.130720E+01 -0.100930E+03 -0.215156E+03 -0.120495E+03 -0.110765E+03 +0.903629E+02 +0.000000E+00 +0.000000E+00 -0.198344E-02 -0.184870E-03 +0.000000E+00 +0.343379E-02 +0.000000E+00 +0.000000E+00
 +0.130720E+01 -0.100940E+03 -0.214200E+03 -0.120537E+03 -0.110463E+03 +0.900018E+02 +0.000000E+00 +0.000000E+00 -0.197100E-02 -0.191406E-03 +0.000000E+00 +0.342007E-02 +0.000000E+00 +0.000000E+00
 +0.130720E+01 -0.100950E+03 -0.213246E+03 -0.120579E+03 -0.110162E+03 +0.896406E+02 +0.000000E+00 +0.000000E+00 -0.195859E-02 -0.197919E-03 +0.000000E+00 +0.340634E-02 +0.000000E+00 +0.000000E+00
 +0.130720E+01 -0.100960E+03 -0.212312E+03 -0.120612E+03 -0.109865E+03 +0.892789E+02 +0.000000E+00 +0.000000E+00 -0.194650E-02 -0.204192E-03 +0.000000E+00 +0.339260E-02 +0.000000E+00 +0.000000E+00
 +0.130720E+01 -0.100970E+03 -0.211380E+03 -0.120644E+03 -0.109568E+03 +0.889170E+02 +0.000000E+00 +0.000000E+00 -0.193443E-02 -0.210447E-03 +0.000000E+00 +0.337885E-02 +0.000000E+00 +0.000000E+00
 +0.130720E+01 -0.100980E+03 -0.210469E+03 -0.120668E+03 -0.109275E+03 +0.885548E+02 +0.000000E+00 +0.000000E+00 -0.192268E-02 -0.216467E-03 +0.000000E+00 +0.336508E-02 +0.000000E+00 +0.000000E+00
 +0.130720E+01 -0.100990E+03 -0.209558E+03 -0.120692E+03 -0.108983E+03 +0.881926E+02 +0.000000E+00 +0.000000E+00 -0.191094E-02 -0.222474E-03 +0.000000E+00 +0.335132E-02 +0.000000E+00 +0.000000E+00
 +0.130720E+01 -0.101000E+03 -0.208668E+03 -0.120707E+03 -0.108694E+03 +0.878301E+02 +0.000000E+00 +0.000000E+00 -0.189952E-02 -0.228250E-03 +0.000000E+00 +0.333754E-02 +0.000000E+00 +0.000000E+00
 +0.130720E+01 -0.101010E+03 -0.207779E+03 -0.120722E+03 -0.108405E+03 +0.874676E+02 +0.000000E+00 +0.000000E+00 -0.188810E-02 -0.234019E-03 +0.000000E+00 +0.332377E-02 +0.000000E+00 +0.000000E+00
 +0.130720E+01 -0.101020E+03 -0.206910E+03 -0.120729E+03 -0.108121E+03 +0.871050E+02 +0.000000E+00 +0.000000E+00 -0.187699E-02 -0.239560E-03 +0.000000E+00 +0.330999E-02 +0.000000E+00 +0.000000E+00
 +0.130720E+01 -0.101030E+03 -0.206041E+03 -0.120736E+03 -0.107836E+03 +0.867425E+02 +0.000000E+00 +0.000000E+00 -0.186588E-02 -0.245097E-03 +0.000000E+00 +0.329621E-02 +0.000000E+00 +0.000000E+00
 +0.130720E+01 -0.101040E+03 -0.205191E+03 -0.120736E+03 -0.107556E+03 +0.863800E+02 +0.000000E+00 +0.000000E+00 -0.185507E-02 -0.250414E-03 +0.000000E+00 +0.328244E-02 +0.000000E+00 +0.000000E+00
 +0.130720E+01 -0.101050E+03 -0.204343E+03 -0.120735E+03 -0.107275E+03 +0.860175E+02 +0.000000E+00 +0.000000E+00 -0.184427E-02 -0.255725E-03 +0.000000E+00 +0.326867E-02 +0.000000E+00 +0.000000E+00
 +0.130720E+01 -0.101060E+03 -0.203512E+03 -0.120727E+03 -0.106999E+03 +0.856553E+02 +0.000000E+00 +0.000000E+00 -0.183375E-02 -0.260828E-03 +0.000000E+00 +0.325490E-02 +0.000000E+00 +0.000000E+00
 +0.130720E+01 -0.101070E+03 -0.202683E+03 -0.120718E+03 -0.106722E+03 +0.852930E+02 +0.000000E+00 +0.000000E+00 -0.182325E-02 -0.265921E-03 +0.000000E+00 +0.324114E-02 +0.000000E+00 +0.000000E+00
 +0.130720E+01 -0.101080E+03 -0.201871E+03 -0.120703E+03 -0.106449E+03 +0.849312E+02 +0.000000E+00 +0.000000E+00 -0.181301E-02 -0.270817E-03 +0.000000E+00 +0.322738E-02 +0.000000E+00 +0.000000E+00
 +0.130720E+01 -0.101090E+03 -0.201060E+03 -0.120687E+03 -0.106177E+03 +0.845693E+02 +0.000000E+00 +0.000000E+00 -0.180279E-02 -0.275699E-03 +0.000000E+00 +0.321363E-02 +0.000000E+00 +0.000000E+00
 +0.130720E+01 -0.101100E+03 -0.200267E+03 -0.120665E+03 -0.105907E+03 +0.842080E+02 +0.000000E+00 +0.000000E+00 -0.179282E-02 -0.280395E-03 +0.000000E+00 +0.319990E-02 +0.000000E+00 +0.000000E+00
 +0.130720E+01 -0.101110E+03 -0.199474E+03 -0.120642E+03 -0.105639E+03 +0.838467E+02 +0.000000E+00 +0.000000E+00 -0.178288E-02 -0.285074E-03 +0.000000E+00 +0.318617E-02 +0.000000E+00 +0.000000E+00
 +0.130720E+01 -0.101120E+03 -0.198698E+03 -0.120614E+03 -0.105373E+03 +0.834860E+02 +0.000000E+00 +0.000000E+00 -0.177318E-02 -0.289577E-03 +0.000000E+00 +0.317247E-02 +0.000000E+00 +0.000000E+00
 +0.130720E+01 -0.101130E+03 -0.197924E+03 -0.120585E+03 -0.105108E+03 +0.831253E+02 +0.000000E+00 +0.000000E+00 -0.176350E-02 -0.294060E-03 +0.000000E+00 +0.315876E-02 +0.000000E+00 +0.000000E+00
 +0.130720E+01 -0.101140E+03 -0.197164E+03 -0.120550E+03 -0.104846E+03 +0.827653E+02 +0.000000E+00 +0.000000E+00 -0.175406E-02 -0.298375E-03 +0.000000E+00 +0.314508E-02 +0.000000E+00 +0.000000E+00
 +0.130720E+01 -0.101150E+03 -0.196407E+03 -0.120514E+03 -0.104584E+03 +0.824055E+02 +0.000000E+00 +0.000000E+00 -0.174464E-02 -0.302668E-03 +0.000000E+00 +0.313141E-02 +0.000000E+00 +0.000000E+00
 +0.130720E+01 -0.101160E+03 -0.195665E+03 -0.120473E+03 -0.104325E+03 +0.820463E+02 +0.000000E+00 +0.000000E+00 -0.173545E-02 -0.306802E-03 +0.000000E+00 +0.311776E-02 +0.000000E+00 +0.000000E+00
 +0.130720E+01 -0.101170E+03 -0.194924E+03 -0.120431E+03 -0.104067E+03 +0.816874E+02 +0.000000E+00 +0.000000E+00 -0.172628E-02 -0.310911E-03 +0.000000E+00 +0.310412E-02 +0.000000E+00 +0.000000E+00
 +0.130720E+01 -0.101180E+03 -0.194198E+03 -0.120384E+03 -0.103812E+03 +0.813292E+02 +0.000000E+00 +0.000000E+00 -0.171733E-02 -0.314870E-03 +0.000000E+00 +0.309051E-02 +0.000000E+00 +0.000000E+00
 +0.130720E+01 -0.101190E+03 -0.193474E+03 -0.120336E+03 -0.103557E+03 +0.809712E+02 +0.000000E+00 +0.000000E+00 -0.170841E-02 -0.318801E-03 +0.000000E+00 +0.307691E-02 +0.000000E+00 +0.000000E+00
 +0.130720E+01 -0.101200E+03 -0.192763E+03 -0.120284E+03 -0.103306E+03 +0.806141E+02 +0.000000E+00 +0.000000E+00 -0.169969E-02 -0.322589E-03 +0.000000E+00 +0.306334E-02 +0.000000E+00 +0.000000E+00
 +0.130720E+01 -0.101210E+03 -0.192055E+03 -0.120230E+03 -0.103054E+03 +0.802572E+02 +0.000000E+00 +0.000000E+00 -0.169102E-02 -0.326348E-03 +0.000000E+00 +0.304977E-02 +0.000000E+00 +0.000000E+00
 +0.130720E+01 -0.101220E+03 -0.191360E+03 -0.120173E+03 -0.102806E+03 +0.799013E+02 +0.000000E+00 +0.000000E+00 -0.168253E-02 -0.329972E-03 +0.000000E+00 +0.303625E-02 +0.000000E+00 +0.000000E+00
 +0.130720E+01 -0.101230E+03 -0.190667E+03 -0.120114E+03 -0.102558E+03 +0.795456E+02 +0.000000E+00 +0.000000E+00 -0.167408E-02 -0.333564E-03 +0.000000E+00 +0.302273E-02 +0.000000E+00 +0.000000E+00
 +0.130720E+01 -0.101240E+03 -0.189987E+03 -0.120051E+03 -0.102312E+03 +0.791909E+02 +0.000000E+00 +0.000000E+00 -0.166581E-02 -0.337028E-03 +0.000000E+00 +0.300925E-02 +0.000000E+00 +0.000000E+00
 +0.130720E+01 -0.101250E+03 -0.189309E+03 -0.119986E+03 -0.102068E+03 +0.788364E+02 +0.000000E+00 +0.000000E+00 -0.165759E-02 -0.340457E-03 +0.000000E+00 +0.299578E-02 +0.000000E+00 +0.000000E+00
 +0.130720E+01 -0.101260E+03 -0.188643E+03 -0.119918E+03 -0.101825E+03 +0.784830E+02 +0.000000E+00 +0.000000E+00 -0.164954E-02 -0.343767E-03 +0.000000E+00 +0.298236E-02 +0.000000E+00 +0.000000E+00
 +0.130720E+01 -0.101270E+03 -0.187981E+03 -0.119849E+03 -0.101584E+03 +0.781300E+02 +0.000000E+00 +0.000000E+00 -0.164154E-02 -0.347039E-03 +0.000000E+00 +0.296894E-02 +0.000000E+00 +0.000000E+00
 +0.130720E+01 -0.101280E+03 -0.187329E+03 -0.119776E+03 -0.101345E+03 +0.777780E+02 +0.000000E+00 +0.000000E+00 -0.163370E-02 -0.350198E-03 +0.000000E+00 +0.295556E-02 +0.000000E+00 +0.000000E+00
 +0.130720E+01 -0.101290E+03 -0.186681E+03 -0.119702E+03 -0.101106E+03 +0.774264E+02 +0.000000E+00 +0.000000E+00 -0.162591E-02 -0.353319E-03 +0.000000E+00 +0.294220E-02 +0.000000E+00 +0.000000E+00
 +0.130720E+01 -0.101300E+03 -0.186043E+03 -0.119624E+03 -0.100870E+03 +0.770759E+02 +0.000000E+00 +0.000000E+00 -0.161828E-02 -0.356331E-03 +0.000000E+00 +0.292888E-02 +0.000000E+00 +0.000000E+00
 +0.130720E+01 -0.101310E+03 -0.185409E+03 -0.119546E+03 -0.100635E+03 +0.767258E+02 +0.000000E+00 +0.000000E+00 -0.161070E-02 -0.359304E-03 +0.000000E+00 +0.291558E-02 +0.000000E+00 +0.000000E+00
 +0.130720E+01 -0.101320E+03 -0.184784E+03 -0.119464E+03 -0.100402E+03 +0.763768E+02 +0.000000E+00 +0.000000E+00 -0.160327E-02 -0.362175E-03 +0.000000E+00 +0.290232E-02 +0.000000E+00 +0.000000E+00
 +0.130720E+01 -0.101330E+03 -0.184164E+03 -0.119380E+03 -0.100169E+03 +0.760283E+02 +0.000000E+00 +0.000000E+00 -0.159589E-02 -0.365005E-03 +0.000000E+00 +0.288908E-02 +0.000000E+00 +0.000000E+00
 +0.130720E+01 -0.101340E+03 -0.183552E+03 -0.119294E+03 -0.999393E+02 +0.756809E+02 +0.000000E+00 +0.000000E+00 -0.158865E-02 -0.367738E-03 +0.000000E+00 +0.287588E-02 +0.000000E+00 +0.000000E+00
 +0.130720E+01 -0.101350E+03 -0.182945E+03 -0.119206E+03 -0.997100E+02 +0.753341E+02 +0.000000E+00 +0.000000E+00 -0.158147E-02 -0.370429E-03 +0.000000E+00 +0.286270E-02 +0.000000E+00 +0.000000E+00
 +0.130720E+01 -0.101360E+03 -0.182347E+03 -0.119116E+03 -0.994827E+02 +0.749884E+02 +0.000000E+00 +0.000000E+00 -0.157442E-02 -0.373028E-03 +0.000000E+00 +0.284956E-02 +0.000000E+00 +0.000000E+00
 +0.130720E+01 -0.101370E+03 -0.181753E+03 -0.119024E+03 -0.992563E+02 +0.746433E+02 +0.000000E+00 +0.000000E+00 -0.156743E-02 -0.375584E-03 +0.000000E+00 +0.283645E-02 +0.000000E+00 +0.000000E+00
 +0.130720E+01 -0.101380E+03 -0.181167E+03 -0.118929E+03 -0.990318E+02 +0.742994E+02 +0.000000E+00 +0.000000E+00 -0.156057E-02 -0.378054E-03 +0.000000E+00 +0.282338E-02 +0.000000E+00 +0.000000E+00
 +0.130720E+01 -0.101390E+03 -0.180586E+03 -0.118834E+03 -0.988083E+02 +0.739561E+02 +0.000000E+00 +0.000000E+00 -0.155377E-02 -0.380478E-03 +0.000000E+00 +0.281033E-02 +0.000000E+00 +0.000000E+00
 +0.130720E+01 -0.101400E+03 -0.180012E+03 -0.118735E+03 -0.985866E+02 +0.736139E+02 +0.000000E+00 +0.000000E+00 -0.154709E-02 -0.382822E-03 +0.000000E+00 +0.279733E-02 +0.000000E+00 +0.000000E+00
 +0.130720E+01 -0.101410E+03 -0.179443E+03 -0.118635E+03 -0.983659E+02 +0.732725E+02 +0.000000E+00 +0.000000E+00 -0.154047E-02 -0.385119E-03 +0.000000E+00 +0.278435E-02 +0.000000E+00 +0.000000E+00
 +0.130720E+01 -0.101420E+03 -0.178882E+03 -0.118533E+03 -0.981470E+02 +0.729322E+02 +0.000000E+00 +0.000000E+00 -0.153396E-02 -0.387340E-03 +0.000000E+00 +0.277142E-02 +0.000000E+00 +0.000000E+00
 +0.130720E+01 -0.101430E+03 -0.178325E+03 -0.118430E+03 -0.979291E+02 +0.725926E+02 +0.000000E+00 +0.000000E+00 -0.152752E-02 -0.389514E-03 +0.000000E+00 +0.275852E-02 +0.000000E+00 +0.000000E+00
 +0.130720E+01 -0.101440E+03 -0.177775E+03 -0.118324E+03 -0.977128E+02 +0.722542E+02 +0.000000E+00 +0.000000E+00 -0.152119E-02 -0.391616E-03 +0.000000E+00 +0.274566E-02 +0.000000E+00 +0.000000E+00
 +0.130720E+01 -0.101450E+03 -0.177230E+03 -0.118217E+03 -0.974976E+02 +0.719166E+02 +0.000000E+00 +0.000000E+00 -0.151492E-02 -0.393670E-03 +0.000000E+00 +0.273283E-02 +0.000000E+00 +0.000000E+00
 +0.130720E+01 -0.101460E+03 -0.176692E+03 -0.118108E+03 -0.972840E+02 +0.715801E+02 +0.000000E+00 +0.000000E+00 -0.150875E-02 -0.395656E-03 +0.000000E+00 +0.272005E-02 +0.000000E+00 +0.000000E+00
 +0.130720E+01 -0.101470E+03 -0.176159E+03 -0.117997E+03 -0.970715E+02 +0.712445E+02 +0.000000E+00 +0.000000E+00 -0.150266E-02 -0.397593E-03 +0.000000E+00 +0.270729E-02 +0.000000E+00 +0.000000E+00
 +0.130720E+01 -0.101480E+03 -0.175632E+03 -0.117885E+03 -0.968605E+02 +0.709101E+02 +0.000000E+00 +0.000000E+00 -0.149665E-02 -0.399467E-03 +0.000000E+00 +0.269458E-02 +0.000000E+00 +0.000000E+00
 +0.130720E+01 -0.101490E+03 -0.175110E+03 -0.117771E+03 -0.966507E+02 +0.705765E+02 +0.000000E+00 +0.000000E+00 -0.149072E-02 -0.401291E-03 +0.000000E+00 +0.268191E-02 +0.000000E+00 +0.000000E+00
 +0.130720E+01 -0.101500E+03 -0.174594E+03 -0.117656E+03 -0.964422E+02 +0.702441E+02 +0.000000E+00 +0.000000E+00 -0.148488E-02 -0.403055E-03 +0.000000E+00 +0.266928E-02 +0.000000E+00 +0.000000E+00
 +0.130720E+01 -0.101510E+03 -0.174083E+03 -0.117539E+03 -0.962350E+02 +0.699127E+02 +0.000000E+00 +0.000000E+00 -0.147910E-02 -0.404769E-03 +0.000000E+00 +0.265668E-02 +0.000000E+00 +0.000000E+00
 +0.130720E+01 -0.101520E+03 -0.173577E+03 -0.117420E+03 -0.960291E+02 +0.695823E+02 +0.000000E+00 +0.000000E+00 -0.147342E-02 -0.406427E-03 +0.000000E+00 +0.264413E-02 +0.000000E+00 +0.000000E+00
 +0.130720E+01 -0.101530E+03 -0.173077E+03 -0.117300E+03 -0.958244E+02 +0.692530E+02 +0.000000E+00 +0.000000E+00 -0.146780E-02 -0.408034E-03 +0.000000E+00 +0.263161E-02 +0.000000E+00 +0.000000E+00
 +0.130720E+01 -0.101540E+03 -0.172582E+03 -0.117178E+03 -0.956210E+02 +0.689248E+02 +0.000000E+00 +0.000000E+00 -0.146227E-02 -0.409588E-03 +0.000000E+00 +0.261914E-02 +0.000000E+00 +0.000000E+00
 +0.130720E+01 -0.101550E+03 -0.172093E+03 -0.117055E+03 -0.954189E+02 +0.685977E+02 +0.000000E+00 +0.000000E+00 -0.145681E-02 -0.411091E-03 +0.000000E+00 +0.260671E-02 +0.000000E+00 +0.000000E+00
 +0.130720E+01 -0.101560E+03 -0.171608E+03 -0.116931E+03 -0.952179E+02 +0.682716E+02 +0.000000E+00 +0.000000E+00 -0.145142E-02 -0.412545E-03 +0.000000E+00 +0.259432E-02 +0.000000E+00 +0.000000E+00
 +0.130720E+01 -0.101570E+03 -0.171129E+03 -0.116805E+03 -0.950182E+02 +0.679467E+02 +0.000000E+00 +0.000000E+00 -0.144611E-02 -0.413947E-03 +0.000000E+00 +0.258197E-02 +0.000000E+00 +0.000000E+00
 +0.130720E+01 -0.101580E+03 -0.170655E+03 -0.116678E+03 -0.948197E+02 +0.676228E+02 +0.000000E+00 +0.000000E+00 -0.144086E-02 -0.415304E-03 +0.000000E+00 +0.256967E-02 +0.000000E+00 +0.000000E+00
 +0.130720E+01 -0.101590E+03 -0.170185E+03 -0.116549E+03 -0.946224E+02 +0.673001E+02 +0.000000E+00 +0.000000E+00 -0.143570E-02 -0.416608E-03 +0.000000E+00 +0.255740E-02 +0.000000E+00 +0.000000E+00
 +0.130720E+01 -0.101600E+03 -0.169721E+03 -0.116419E+03 -0.944263E+02 +0.669784E+02 +0.000000E+00 +0.000000E+00 -0.143060E-02 -0.417870E-03 +0.000000E+00 +0.254518E-02 +0.000000E+00 +0.000000E+00
 +0.130720E+01 -0.101610E+03 -0.169262E+03 -0.116288E+03 -0.942314E+02 +0.666580E+02 +0.000000E+00 +0.000000E+00 -0.142557E-02 -0.419079E-03 +0.000000E+00 +0.253301E-02 +0.000000E+00 +0.000000E+00
 +0.130720E+01 -0.101620E+03 -0.168807E+03 -0.116156E+03 -0.940376E+02 +0.663386E+02 +0.000000E+00 +0.000000E+00 -0.142061E-02 -0.420248E-03 +0.000000E+00 +0.252087E-02 +0.000000E+00 +0.000000E+00
 +0.130720E+01 -0.101630E+03 -0.168357E+03 -0.116022E+03 -0.938452E+02 +0.660206E+02 +0.000000E+00 +0.000000E+00 -0.141573E-02 -0.421364E-03 +0.000000E+00 +0.250878E-02 +0.000000E+00 +0.000000E+00
 +0.130720E+01 -0.101640E+03 -0.167911E+03 -0.115888E+03 -0.936537E+02 +0.657034E+02 +0.000000E+00 +0.000000E+00 -0.141090E-02 -0.422444E-03 +0.000000E+00 +0.249673E-02 +0.000000E+00 +0.000000E+00
 +0.130720E+01 -0.101650E+03 -0.167471E+03 -0.115751E+03 -0.934635E+02 +0.653877E+02 +0.000000E+00 +0.000000E+00 -0.140615E-02 -0.423471E-03 +0.000000E+00 +0.248473E-02 +0.000000E+00 +0.000000E+00
 +0.130720E+01 -0.101660E+03 -0.167035E+03 -0.115614E+03 -0.932743E+02 +0.650728E+02 +0.000000E+00 +0.000000E+00 -0.140145E-02 -0.424463E-03 +0.000000E+00 +0.247277E-02 +0.000000E+00 +0.000000E+00
 +0.130720E+01 -0.101670E+03 -0.166604E+03 -0.115476E+03 -0.930865E+02 +0.647595E+02 +0.000000E+00 +0.000000E+00 -0.139684E-02 -0.425402E-03 +0.000000E+00 +0.246086E-02 +0.000000E+00 +0.000000E+00
 +0.130720E+01 -0.101680E+03 -0.166177E+03 -0.115337E+03 -0.928995E+02 +0.644469E+02 +0.000000E+00 +0.000000E+00 -0.139227E-02 -0.426310E-03 +0.000000E+00 +0.244898E-02 +0.000000E+00 +0.000000E+00
 +0.130720E+01 -0.101690E+03 -0.165755E+03 -0.115196E+03 -0.927140E+02 +0.641359E+02 +0.000000E+00 +0.000000E+00 -0.138778E-02 -0.427164E-03 +0.000000E+00 +0.243717E-02 +0.000000E+00 +0.000000E+00
 +0.130720E+01 -0.101700E+03 -0.165337E+03 -0.115055E+03 -0.925292E+02 +0.638258E+02 +0.000000E+00 +0.000000E+00 -0.138334E-02 -0.427990E-03 +0.000000E+00 +0.242538E-02 +0.000000E+00 +0.000000E+00
 +0.130720E+01 -0.101710E+03 -0.164924E+03 -0.114912E+03 -0.923459E+02 +0.635172E+02 +0.000000E+00 +0.000000E+00 -0.137898E-02 -0.428762E-03 +0.000000E+00 +0.241365E-02 +0.000000E+00 +0.000000E+00
 +0.130720E+01 -0.101720E+03 -0.164514E+03 -0.114769E+03 -0.921633E+02 +0.632094E+02 +0.000000E+00 +0.000000E+00 -0.137466E-02 -0.429507E-03 +0.000000E+00 +0.240196E-02 +0.000000E+00 +0.000000E+00
 +0.130720E+01 -0.101730E+03 -0.164110E+03 -0.114624E+03 -0.919822E+02 +0.629032E+02 +0.000000E+00 +0.000000E+00 -0.137042E-02 -0.430199E-03 +0.000000E+00 +0.239032E-02 +0.000000E+00 +0.000000E+00
 +0.130720E+01 -0.101740E+03 -0.163708E+03 -0.114479E+03 -0.918017E+02 +0.625978E+02 +0.000000E+00 +0.000000E+00 -0.136622E-02 -0.430867E-03 +0.000000E+00 +0.237872E-02 +0.000000E+00 +0.000000E+00
 +0.130720E+01 -0.101750E+03 -0.163313E+03 -0.114332E+03 -0.916228E+02 +0.622941E+02 +0.000000E+00 +0.000000E+00 -0.136210E-02 -0.431481E-03 +0.000000E+00 +0.236718E-02 +0.000000E+00 +0.000000E+00
 +0.130720E+01 -0.101760E+03 -0.162919E+03 -0.114185E+03 -0.914445E+02 +0.619911E+02 +0.000000E+00 +0.000000E+00 -0.135802E-02 -0.432074E-03 +0.000000E+00 +0.235566E-02 +0.000000E+00 +0.000000E+00
 +0.130720E+01 -0.101770E+03 -0.162532E+03 -0.114037E+03 -0.912677E+02 +0.616898E+02 +0.000000E+00 +0.000000E+00 -0.135402E-02 -0.432612E-03 +0.000000E+00 +0.234421E-02 +0.000000E+00 +0.000000E+00
 +0.130720E+01 -0.101780E+03 -0.162147E+03 -0.113888E+03 -0.910915E+02 +0.613892E+02 +0.000000E+00 +0.000000E+00 -0.135005E-02 -0.433131E-03 +0.000000E+00 +0.233279E-02 +0.000000E+00 +0.000000E+00
 +0.130720E+01 -0.101790E+03 -0.161768E+03 -0.113738E+03 -0.909168E+02 +0.610904E+02 +0.000000E+00 +0.000000E+00 -0.134617E-02 -0.433596E-03 +0.000000E+00 +0.232144E-02 +0.000000E+00 +0.000000E+00
 +0.130720E+01 -0.101800E+03 -0.161391E+03 -0.113587E+03 -0.907426E+02 +0.607922E+02 +0.000000E+00 +0.000000E+00 -0.134231E-02 -0.434044E-03 +0.000000E+00 +0.231010E-02 +0.000000E+00 +0.000000E+00
 +0.130720E+01 -0.101810E+03 -0.161019E+03 -0.113435E+03 -0.905700E+02 +0.604959E+02 +0.000000E+00 +0.000000E+00 -0.133854E-02 -0.434438E-03 +0.000000E+00 +0.229884E-02 +0.000000E+00 +0.000000E+00
 +0.130720E+01 -0.101820E+03 -0.160650E+03 -0.113283E+03 -0.903978E+02 +0.602001E+02 +0.000000E+00 +0.000000E+00 -0.133479E-02 -0.434816E-03 +0.000000E+00 +0.228760E-02 +0.000000E+00 +0.000000E+00
 +0.130720E+01 -0.101830E+03 -0.160287E+03 -0.113129E+03 -0.902273E+02 +0.599062E+02 +0.000000E+00 +0.000000E+00 -0.133113E-02 -0.435140E-03 +0.000000E+00 +0.227644E-02 +0.000000E+00 +0.000000E+00
 +0.130720E+01 -0.101840E+03 -0.159925E+03 -0.112976E+03 -0.900571E+02 +0.596128E+02 +0.000000E+00 +0.000000E+00 -0.132749E-02 -0.435450E-03 +0.000000E+00 +0.226529E-02 +0.000000E+00 +0.000000E+00
 +0.130720E+01 -0.101850E+03 -0.159569E+03 -0.112821E+03 -0.898886E+02 +0.593213E+02 +0.000000E+00 +0.000000E+00 -0.132393E-02 -0.435707E-03 +0.000000E+00 +0.225421E-02 +0.000000E+00 +0.000000E+00
 +0.130720E+01 -0.101860E+03 -0.159215E+03 -0.112665E+03 -0.897204E+02 +0.590303E+02 +0.000000E+00 +0.000000E+00 -0.132039E-02 -0.435951E-03 +0.000000E+00 +0.224315E-02 +0.000000E+00 +0.000000E+00
 +0.130720E+01 -0.101870E+03 -0.158866E+03 -0.112509E+03 -0.895538E+02 +0.587412E+02 +0.000000E+00 +0.000000E+00 -0.131694E-02 -0.436142E-03 +0.000000E+00 +0.223217E-02 +0.000000E+00 +0.000000E+00
 +0.130720E+01 -0.101880E+03 -0.158520E+03 -0.112352E+03 -0.893875E+02 +0.584525E+02 +0.000000E+00 +0.000000E+00 -0.131351E-02 -0.436322E-03 +0.000000E+00 +0.222119E-02 +0.000000E+00 +0.000000E+00
 +0.130720E+01 -0.101890E+03 -0.158179E+03 -0.112194E+03 -0.892229E+02 +0.581655E+02 +0.000000E+00 +0.000000E+00 -0.131016E-02 -0.436447E-03 +0.000000E+00 +0.221029E-02 +0.000000E+00 +0.000000E+00
 +0.130720E+01 -0.101900E+03 -0.157839E+03 -0.112035E+03 -0.890585E+02 +0.578789E+02 +0.000000E+00 +0.000000E+00 -0.130682E-02 -0.436562E-03 +0.000000E+00 +0.219940E-02 +0.000000E+00 +0.000000E+00
 +0.130720E+01 -0.101910E+03 -0.157505E+03 -0.111876E+03 -0.888956E+02 +0.575942E+02 +0.000000E+00 +0.000000E+00 -0.130358E-02 -0.436621E-03 +0.000000E+00 +0.218858E-02 +0.000000E+00 +0.000000E+00
 +0.130720E+01 -0.101920E+03 -0.157172E+03 -0.111716E+03 -0.887329E+02 +0.573098E+02 +0.000000E+00 +0.000000E+00 -0.130034E-02 -0.436671E-03 +0.000000E+00 +0.217777E-02 +0.000000E+00 +0.000000E+00
 +0.130720E+01 -0.101930E+03 -0.156844E+03 -0.111554E+03 -0.885715E+02 +0.570260E+02 +0.000000E+00 +0.000000E+00 -0.129719E-02 -0.436668E-03 +0.000000E+00 +0.216699E-02 +0.000000E+00 +0.000000E+00
 +0.130720E+01 -0.101940E+03 -0.156517E+03 -0.111392E+03 -0.884102E+02 +0.567424E+02 +0.000000E+00 +0.000000E+00 -0.129404E-02 -0.436658E-03 +0.000000E+00 +0.215621E-02 +0.000000E+00 +0.000000E+00
 +0.130720E+01 -0.101950E+03 -0.156168E+03 -0.111217E+03 -0.882371E+02 +0.564068E+02 +0.000000E+00 +0.000000E+00 -0.129069E-02 -0.436621E-03 +0.000000E+00 +0.214346E-02 +0.000000E+00 +0.000000E+00
 +0.130720E+01 -0.101960E+03 -0.155816E+03 -0.111041E+03 -0.880626E+02 +0.560654E+02 +0.000000E+00 +0.000000E+00 -0.128731E-02 -0.436581E-03 +0.000000E+00 +0.213049E-02 +0.000000E+00 +0.000000E+00
 +0.130720E+01 -0.101970E+03 -0.155519E+03 -0.110885E+03 -0.879135E+02 +0.558296E+02 +0.000000E+00 +0.000000E+00 -0.128451E-02 -0.436464E-03 +0.000000E+00 +0.212152E-02 +0.000000E+00 +0.000000E+00
 +0.130720E+01 -0.101980E+03 -0.155227E+03 -0.110732E+03 -0.877665E+02 +0.556029E+02 +0.000000E+00 +0.000000E+00 -0.128176E-02 -0.436340E-03 +0.000000E+00 +0.211291E-02 +0.000000E+00 +0.000000E+00
 +0.130720E+01 -0.101990E+03 -0.154899E+03 -0.110562E+03 -0.876023E+02 +0.553098E+02 +0.000000E+00 +0.000000E+00 -0.127865E-02 -0.436236E-03 +0.000000E+00 +0.210177E-02 +0.000000E+00 +0.000000E+00
 +0.130720E+01 -0.102000E+03 -0.154569E+03 -0.110391E+03 -0.874367E+02 +0.550116E+02 +0.000000E+00 +0.000000E+00 -0.127551E-02 -0.436133E-03 +0.000000E+00 +0.209044E-02 +0.000000E+00 +0.000000E+00
 +0.130720E+01 -0.102010E+03 -0.154283E+03 -0.110238E+03 -0.872920E+02 +0.547374E+02 +0.000000E+00 +0.000000E+00 -0.127284E-02 -0.435971E-03 +0.000000E+00 +0.208002E-02 +0.000000E+00 +0.000000E+00
 +0.130720E+01 -0.102020E+03 -0.153998E+03 -0.110086E+03 -0.871479E+02 +0.544655E+02 +0.000000E+00 +0.000000E+00 -0.127016E-02 -0.435828E-03 +0.000000E+00 +0.206969E-02 +0.000000E+00 +0.000000E+00
 +0.130720E+01 -0.102030E+03 -0.153685E+03 -0.109913E+03 -0.869872E+02 +0.542038E+02 +0.000000E+00 +0.000000E+00 -0.126725E-02 -0.435592E-03 +0.000000E+00 +0.205975E-02 +0.000000E+00 +0.000000E+00
 +0.130720E+01 -0.102040E+03 -0.153421E+03 -0.109764E+03 -0.868511E+02 +0.539380E+02 +0.000000E+00 +0.000000E+00 -0.126483E-02 -0.435348E-03 +0.000000E+00 +0.204964E-02 +0.000000E+00 +0.000000E+00
 +0.130720E+01 -0.102050E+03 -0.153161E+03 -0.109615E+03 -0.867163E+02 +0.536737E+02 +0.000000E+00 +0.000000E+00 -0.126246E-02 -0.435079E-03 +0.000000E+00 +0.203960E-02 +0.000000E+00 +0.000000E+00
 +0.130720E+01 -0.102060E+03 -0.152892E+03 -0.109452E+03 -0.865734E+02 +0.534200E+02 +0.000000E+00 +0.000000E+00 -0.126005E-02 -0.434693E-03 +0.000000E+00 +0.202996E-02 +0.000000E+00 +0.000000E+00
 +0.130720E+01 -0.102070E+03 -0.152625E+03 -0.109295E+03 -0.864336E+02 +0.531651E+02 +0.000000E+00 +0.000000E+00 -0.125763E-02 -0.434369E-03 +0.000000E+00 +0.202028E-02 +0.000000E+00 +0.000000E+00
 +0.130720E+01 -0.102080E+03 -0.152363E+03 -0.109149E+03 -0.862989E+02 +0.529083E+02 +0.000000E+00 +0.000000E+00 -0.125522E-02 -0.434144E-03 +0.000000E+00 +0.201052E-02 +0.000000E+00 +0.000000E+00
 +0.130720E+01 -0.102090E+03 -0.152102E+03 -0.109002E+03 -0.861642E+02 +0.526516E+02 +0.000000E+00 +0.000000E+00 -0.125281E-02 -0.433918E-03 +0.000000E+00 +0.200076E-02 +0.000000E+00 +0.000000E+00
 +0.130720E+01 -0.102100E+03 -0.151834E+03 -0.108825E+03 -0.860175E+02 +0.523912E+02 +0.000000E+00 +0.000000E+00 -0.125051E-02 -0.433347E-03 +0.000000E+00 +0.199086E-02 +0.000000E+00 +0.000000E+00
 +0.130720E+01 -0.102110E+03 -0.151571E+03 -0.108649E+03 -0.858729E+02 +0.521320E+02 +0.000000E+00 +0.000000E+00 -0.124827E-02 -0.432756E-03 +0.000000E+00 +0.198102E-02 +0.000000E+00 +0.000000E+00
 +0.130720E+01 -0.102120E+03 -0.151313E+03 -0.108475E+03 -0.857300E+02 +0.518739E+02 +0.000000E+00 +0.000000E+00 -0.124608E-02 -0.432153E-03 +0.000000E+00 +0.197121E-02 +0.000000E+00 +0.000000E+00
 +0.130720E+01 -0.102130E+03 -0.151055E+03 -0.108300E+03 -0.855871E+02 +0.516159E+02 +0.000000E+00 +0.000000E+00 -0.124388E-02 -0.431549E-03 +0.000000E+00 +0.196140E-02 +0.000000E+00 +0.000000E+00
 +0.130720E+01 -0.102140E+03 -0.150790E+03 -0.108117E+03 -0.854391E+02 +0.513529E+02 +0.000000E+00 +0.000000E+00 -0.124167E-02 -0.430871E-03 +0.000000E+00 +0.195141E-02 +0.000000E+00 +0.000000E+00
 +0.130720E+01 -0.102150E+03 -0.150508E+03 -0.107903E+03 -0.852756E+02 +0.510838E+02 +0.000000E+00 +0.000000E+00 -0.123941E-02 -0.429925E-03 +0.000000E+00 +0.194118E-02 +0.000000E+00 +0.000000E+00
 +0.130720E+01 -0.102160E+03 -0.150222E+03 -0.107683E+03 -0.851088E+02 +0.508155E+02 +0.000000E+00 +0.000000E+00 -0.123715E-02 -0.428915E-03 +0.000000E+00 +0.193099E-02 +0.000000E+00 +0.000000E+00
 +0.130720E+01 -0.102170E+03 -0.149930E+03 -0.107462E+03 -0.849396E+02 +0.505418E+02 +0.000000E+00 +0.000000E+00 -0.123483E-02 -0.427932E-03 +0.000000E+00 +0.192059E-02 +0.000000E+00 +0.000000E+00
 +0.130720E+01 -0.102180E+03 -0.149642E+03 -0.107246E+03 -0.847731E+02 +0.502720E+02 +0.000000E+00 +0.000000E+00 -0.123252E-02 -0.426983E-03 +0.000000E+00 +0.191034E-02 +0.000000E+00 +0.000000E+00
 +0.130720E+01 -0.102190E+03 -0.149400E+03 -0.107081E+03 -0.846387E+02 +0.500319E+02 +0.000000E+00 +0.000000E+00 -0.123046E-02 -0.426409E-03 +0.000000E+00 +0.190121E-02 +0.000000E+00 +0.000000E+00
 +0.130720E+01 -0.102200E+03 -0.149168E+03 -0.106935E+03 -0.845138E+02 +0.497864E+02 +0.000000E+00 +0.000000E+00 -0.122842E-02 -0.426002E-03 +0.000000E+00 +0.189188E-02 +0.000000E+00 +0.000000E+00
 +0.130720E+01 -0.102210E+03 -0.148936E+03 -0.106789E+03 -0.843890E+02 +0.495410E+02 +0.000000E+00 +0.000000E+00 -0.122638E-02 -0.425595E-03 +0.000000E+00 +0.188256E-02 +0.000000E+00 +0.000000E+00
 +0.130720E+01 -0.102220E+03 -0.148704E+03 -0.106642E+03 -0.842642E+02 +0.492956E+02 +0.000000E+00 +0.000000E+00 -0.122435E-02 -0.425187E-03 +0.000000E+00 +0.187323E-02 +0.000000E+00 +0.000000E+00
 +0.130720E+01 -0.102230E+03 -0.148471E+03 -0.106498E+03 -0.841397E+02 +0.490541E+02 +0.000000E+00 +0.000000E+00 -0.122229E-02 -0.424812E-03 +0.000000E+00 +0.186406E-02 +0.000000E+00 +0.000000E+00
 +0.130720E+01 -0.102240E+03 -0.148238E+03 -0.106354E+03 -0.840152E+02 +0.488126E+02 +0.000000E+00 +0.000000E+00 -0.122022E-02 -0.424437E-03 +0.000000E+00 +0.185488E-02 +0.000000E+00 +0.000000E+00
 +0.130720E+01 -0.102250E+03 -0.148021E+03 -0.106186E+03 -0.838884E+02 +0.485713E+02 +0.000000E+00 +0.000000E+00 -0.121852E-02 -0.423657E-03 +0.000000E+00 +0.184571E-02 +0.000000E+00 +0.000000E+00
 +0.130720E+01 -0.102260E+03 -0.147811E+03 -0.106010E+03 -0.837607E+02 +0.483302E+02 +0.000000E+00 +0.000000E+00 -0.121695E-02 -0.422732E-03 +0.000000E+00 +0.183655E-02 +0.000000E+00 +0.000000E+00
 +0.130720E+01 -0.102270E+03 -0.147582E+03 -0.105836E+03 -0.836279E+02 +0.480875E+02 +0.000000E+00 +0.000000E+00 -0.121512E-02 -0.421956E-03 +0.000000E+00 +0.182733E-02 +0.000000E+00 +0.000000E+00
 +0.130720E+01 -0.102280E+03 -0.147338E+03 -0.105665E+03 -0.834910E+02 +0.478437E+02 +0.000000E+00 +0.000000E+00 -0.121310E-02 -0.421299E-03 +0.000000E+00 +0.181806E-02 +0.000000E+00 +0.000000E+00
 +0.130720E+01 -0.102290E+03 -0.147095E+03 -0.105493E+03 -0.833541E+02 +0.475999E+02 +0.000000E+00 +0.000000E+00 -0.121108E-02 -0.420642E-03 +0.000000E+00 +0.180880E-02 +0.000000E+00 +0.000000E+00
 +0.130720E+01 -0.102300E+03 -0.146852E+03 -0.105322E+03 -0.832172E+02 +0.473561E+02 +0.000000E+00 +0.000000E+00 -0.120905E-02 -0.419985E-03 +0.000000E+00 +0.179953E-02 +0.000000E+00 +0.000000E+00
 +0.130720E+01 -0.102310E+03 -0.146615E+03 -0.105121E+03 -0.830728E+02 +0.471148E+02 +0.000000E+00 +0.000000E+00 -0.120729E-02 -0.418920E-03 +0.000000E+00 +0.179036E-02 +0.000000E+00 +0.000000E+00
 +0.130720E+01 -0.102320E+03 -0.146385E+03 -0.104915E+03 -0.829291E+02 +0.468836E+02 +0.000000E+00 +0.000000E+00 -0.120566E-02 -0.417737E-03 +0.000000E+00 +0.178158E-02 +0.000000E+00 +0.000000E+00
 +0.130720E+01 -0.102330E+03 -0.146157E+03 -0.104718E+03 -0.827886E+02 +0.466568E+02 +0.000000E+00 +0.000000E+00 -0.120400E-02 -0.416648E-03 +0.000000E+00 +0.177296E-02 +0.000000E+00 +0.000000E+00
 +0.130720E+01 -0.102340E+03 -0.145929E+03 -0.104520E+03 -0.826482E+02 +0.464299E+02 +0.000000E+00 +0.000000E+00 -0.120234E-02 -0.415560E-03 +0.000000E+00 +0.176434E-02 +0.000000E+00 +0.000000E+00
 +0.130720E+01 -0.102350E+03 -0.145701E+03 -0.104322E+03 -0.825077E+02 +0.462031E+02 +0.000000E+00 +0.000000E+00 -0.120068E-02 -0.414472E-03 +0.000000E+00 +0.175572E-02 +0.000000E+00 +0.000000E+00
 +0.130720E+01 -0.102360E+03 -0.145474E+03 -0.104124E+03 -0.823673E+02 +0.459762E+02 +0.000000E+00 +0.000000E+00 -0.119902E-02 -0.413383E-03 +0.000000E+00 +0.174710E-02 +0.000000E+00 +0.000000E+00
 +0.130720E+01 -0.102370E+03 -0.145249E+03 -0.103933E+03 -0.822301E+02 +0.457518E+02 +0.000000E+00 +0.000000E+00 -0.119737E-02 -0.412350E-03 +0.000000E+00 +0.173857E-02 +0.000000E+00 +0.000000E+00
 +0.130720E+01 -0.102380E+03 -0.145064E+03 -0.103781E+03 -0.821188E+02 +0.455419E+02 +0.000000E+00 +0.000000E+00 -0.119596E-02 -0.411575E-03 +0.000000E+00 +0.173059E-02 +0.000000E+00 +0.000000E+00
 +0.130720E+01 -0.102390E+03 -0.144879E+03 -0.103629E+03 -0.820075E+02 +0.453320E+02 +0.000000E+00 +0.000000E+00 -0.119456E-02 -0.410800E-03 +0.000000E+00 +0.172261E-02 +0.000000E+00 +0.000000E+00
 +0.130720E+01 -0.102400E+03 -0.144694E+03 -0.103477E+03 -0.818962E+02 +0.451220E+02 +0.000000E+00 +0.000000E+00 -0.119316E-02 -0.410026E-03 +0.000000E+00 +0.171464E-02 +0.000000E+00 +0.000000E+00
 +0.130720E+01 -0.102410E+03 -0.144509E+03 -0.103324E+03 -0.817850E+02 +0.449121E+02 +0.000000E+00 +0.000000E+00 -0.119175E-02 -0.409251E-03 +0.000000E+00 +0.170666E-02 +0.000000E+00 +0.000000E+00
 +0.130720E+01 -0.102420E+03 -0.144324E+03 -0.103172E+03 -0.816737E+02 +0.447021E+02 +0.000000E+00 +0.000000E+00 -0.119035E-02 -0.408477E-03 +0.000000E+00 +0.169868E-02 +0.000000E+00 +0.000000E+00
 +0.130720E+01 -0.102430E+03 -0.144138E+03 -0.103020E+03 -0.815624E+02 +0.444922E+02 +0.000000E+00 +0.000000E+00 -0.118894E-02 -0.407702E-03 +0.000000E+00 +0.169070E-02 +0.000000E+00 +0.000000E+00
 +0.130720E+01 -0.102440E+03 -0.143953E+03 -0.102868E+03 -0.814511E+02 +0.442823E+02 +0.000000E+00 +0.000000E+00 -0.118754E-02 -0.406927E-03 +0.000000E+00 +0.168273E-02 +0.000000E+00 +0.000000E+00
 +0.130720E+01 -0.102450E+03 -0.143772E+03 -0.102700E+03 -0.813355E+02 +0.440592E+02 +0.000000E+00 +0.000000E+00 -0.118629E-02 -0.405918E-03 +0.000000E+00 +0.167425E-02 +0.000000E+00 +0.000000E+00
 +0.130720E+01 -0.102460E+03 -0.143596E+03 -0.102558E+03 -0.812308E+02 +0.438349E+02 +0.000000E+00 +0.000000E+00 -0.118494E-02 -0.405215E-03 +0.000000E+00 +0.166572E-02 +0.000000E+00 +0.000000E+00
 +0.130720E+01 -0.102470E+03 -0.143414E+03 -0.102380E+03 -0.811121E+02 +0.436075E+02 +0.000000E+00 +0.000000E+00 -0.118374E-02 -0.404093E-03 +0.000000E+00 +0.165709E-02 +0.000000E+00 +0.000000E+00
 +0.130720E+01 -0.102480E+03 -0.143232E+03 -0.102203E+03 -0.809935E+02 +0.433802E+02 +0.000000E+00 +0.000000E+00 -0.118254E-02 -0.402972E-03 +0.000000E+00 +0.164845E-02 +0.000000E+00 +0.000000E+00
 +0.130720E+01 -0.102490E+03 -0.143050E+03 -0.102025E+03 -0.808748E+02 +0.431529E+02 +0.000000E+00 +0.000000E+00 -0.118134E-02 -0.401850E-03 +0.000000E+00 +0.163981E-02 +0.000000E+00 +0.000000E+00
 +0.130720E+01 -0.102500E+03 -0.142869E+03 -0.101847E+03 -0.807562E+02 +0.429256E+02 +0.000000E+00 +0.000000E+00 -0.118014E-02 -0.400728E-03 +0.000000E+00 +0.163117E-02 +0.000000E+00 +0.000000E+00
 +0.130720E+01 -0.102510E+03 -0.142687E+03 -0.101669E+03 -0.806376E+02 +0.426983E+02 +0.000000E+00 +0.000000E+00 -0.117893E-02 -0.399606E-03 +0.000000E+00 +0.162253E-02 +0.000000E+00 +0.000000E+00
 +0.130720E+01 -0.102520E+03 -0.142505E+03 -0.101492E+03 -0.805189E+02 +0.424709E+02 +0.000000E+00 +0.000000E+00 -0.117773E-02 -0.398484E-03 +0.000000E+00 +0.161390E-02 +0.000000E+00 +0.000000E+00
 +0.130720E+01 -0.102530E+03 -0.142323E+03 -0.101314E+03 -0.804003E+02 +0.422436E+02 +0.000000E+00 +0.000000E+00 -0.117653E-02 -0.397363E-03 +0.000000E+00 +0.160526E-02 +0.000000E+00 +0.000000E+00
 +0.130720E+01 -0.102540E+03 -0.142146E+03 -0.101141E+03 -0.802848E+02 +0.420251E+02 +0.000000E+00 +0.000000E+00 -0.117537E-02 -0.396264E-03 +0.000000E+00 +0.159695E-02 +0.000000E+00 +0.000000E+00
 +0.130720E+01 -0.102550E+03 -0.141977E+03 -0.100974E+03 -0.801739E+02 +0.418193E+02 +0.000000E+00 +0.000000E+00 -0.117426E-02 -0.395200E-03 +0.000000E+00 +0.158913E-02 +0.000000E+00 +0.000000E+00
 +0.130720E+01 -0.102560E+03 -0.141808E+03 -0.100807E+03 -0.800629E+02 +0.416135E+02 +0.000000E+00 +0.000000E+00 -0.117316E-02 -0.394136E-03 +0.000000E+00 +0.158131E-02 +0.000000E+00 +0.000000E+00
 +0.130720E+01 -0.102570E+03 -0.141639E+03 -0.100640E+03 -0.799520E+02 +0.414078E+02 +0.000000E+00 +0.000000E+00 -0.117205E-02 -0.393071E-03 +0.000000E+00 +0.157349E-02 +0.000000E+00 +0.000000E+00
 +0.130720E+01 -0.102580E+03 -0.141470E+03 -0.100473E+03 -0.798411E+02 +0.412020E+02 +0.000000E+00 +0.000000E+00 -0.117094E-02 -0.392007E-03 +0.000000E+00 +0.156567E-02 +0.000000E+00 +0.000000E+00
 +0.130720E+01 -0.102590E+03 -0.141301E+03 -0.100306E+03 -0.797302E+02 +0.409962E+02 +0.000000E+00 +0.000000E+00 -0.116984E-02 -0.390943E-03 +0.000000E+00 +0.155785E-02 +0.000000E+00 +0.000000E+00
 +0.130720E+01 -0.102600E+03 -0.141131E+03 -0.100139E+03 -0.796193E+02 +0.407904E+02 +0.000000E+00 +0.000000E+00 -0.116873E-02 -0.389878E-03 +0.000000E+00 +0.155003E-02 +0.000000E+00 +0.000000E+00
 +0.130720E+01 -0.102610E+03 -0.140962E+03 -0.999723E+02 -0.795084E+02 +0.405846E+02 +0.000000E+00 +0.000000E+00 -0.116762E-02 -0.388814E-03 +0.000000E+00 +0.154221E-02 +0.000000E+00 +0.000000E+00
 +0.130720E+01 -0.102620E+03 -0.140794E+03 -0.998045E+02 -0.793976E+02 +0.403789E+02 +0.000000E+00 +0.000000E+00 -0.116653E-02 -0.387732E-03 +0.000000E+00 +0.153440E-02 +0.000000E+00 +0.000000E+00
 +0.130720E+01 -0.102630E+03 -0.140654E+03 -0.996369E+02 -0.792961E+02 +0.401797E+02 +0.000000E+00 +0.000000E+00 -0.116581E-02 -0.386474E-03 +0.000000E+00 +0.152683E-02 +0.000000E+00 +0.000000E+00
 +0.130720E+01 -0.102640E+03 -0.140504E+03 -0.994637E+02 -0.791892E+02 +0.399790E+02 +0.000000E+00 +0.000000E+00 -0.116497E-02 -0.385216E-03 +0.000000E+00 +0.151920E-02 +0.000000E+00 +0.000000E+00
 +0.130720E+01 -0.102650E+03 -0.140353E+03 -0.992905E+02 -0.790823E+02 +0.397782E+02 +0.000000E+00 +0.000000E+00 -0.116414E-02 -0.383957E-03 +0.000000E+00 +0.151157E-02 +0.000000E+00 +0.000000E+00
 +0.130720E+01 -0.102660E+03 -0.140202E+03 -0.991173E+02 -0.789753E+02 +0.395774E+02 +0.000000E+00 +0.000000E+00 -0.116330E-02 -0.382698E-03 +0.000000E+00 +0.150394E-02 +0.000000E+00 +0.000000E+00
 +0.130720E+01 -0.102670E+03 -0.140051E+03 -0.989441E+02 -0.788684E+02 +0.393766E+02 +0.000000E+00 +0.000000E+00 -0.116247E-02 -0.381439E-03 +0.000000E+00 +0.149631E-02 +0.000000E+00 +0.000000E+00
 +0.130720E+01 -0.102680E+03 -0.139900E+03 -0.987710E+02 -0.787615E+02 +0.391759E+02 +0.000000E+00 +0.000000E+00 -0.116164E-02 -0.380180E-03 +0.000000E+00 +0.148868E-02 +0.000000E+00 +0.000000E+00
 +0.130720E+01 -0.102690E+03 -0.139749E+03 -0.985978E+02 -0.786545E+02 +0.389751E+02 +0.000000E+00 +0.000000E+00 -0.116080E-02 -0.378921E-03 +0.000000E+00 +0.148105E-02 +0.000000E+00 +0.000000E+00
 +0.130720E+01 -0.102700E+03 -0.139598E+03 -0.984246E+02 -0.785476E+02 +0.387743E+02 +0.000000E+00 +0.000000E+00 -0.115997E-02 -0.377662E-03 +0.000000E+00 +0.147343E-02 +0.000000E+00 +0.000000E+00
 +0.130720E+01 -0.102710E+03 -0.139448E+03 -0.982514E+02 -0.784407E+02 +0.385736E+02 +0.000000E+00 +0.000000E+00 -0.115913E-02 -0.376403E-03 +0.000000E+00 +0.146580E-02 +0.000000E+00 +0.000000E+00
 +0.130720E+01 -0.102720E+03 -0.139300E+03 -0.980927E+02 -0.783395E+02 +0.383585E+02 +0.000000E+00 +0.000000E+00 -0.115824E-02 -0.375311E-03 +0.000000E+00 +0.145762E-02 +0.000000E+00 +0.000000E+00
 +0.130720E+01 -0.102730E+03 -0.139152E+03 -0.979352E+02 -0.782388E+02 +0.381423E+02 +0.000000E+00 +0.000000E+00 -0.115735E-02 -0.374232E-03 +0.000000E+00 +0.144941E-02 +0.000000E+00 +0.000000E+00
 +0.130720E+01 -0.102740E+03 -0.139004E+03 -0.977777E+02 -0.781381E+02 +0.379261E+02 +0.000000E+00 +0.000000E+00 -0.115646E-02 -0.373153E-03 +0.000000E+00 +0.144119E-02 +0.000000E+00 +0.000000E+00
 +0.130720E+01 -0.102750E+03 -0.138857E+03 -0.976202E+02 -0.780374E+02 +0.377099E+02 +0.000000E+00 +0.000000E+00 -0.115557E-02 -0.372073E-03 +0.000000E+00 +0.143298E-02 +0.000000E+00 +0.000000E+00
 +0.130720E+01 -0.102760E+03 -0.138709E+03 -0.974626E+02 -0.779366E+02 +0.374938E+02 +0.000000E+00 +0.000000E+00 -0.115467E-02 -0.370994E-03 +0.000000E+00 +0.142476E-02 +0.000000E+00 +0.000000E+00
 +0.130720E+01 -0.102770E+03 -0.138559E+03 -0.972979E+02 -0.778326E+02 +0.372811E+02 +0.000000E+00 +0.000000E+00 -0.115379E-02 -0.369840E-03 +0.000000E+00 +0.141668E-02 +0.000000E+00 +0.000000E+00
 +0.130720E+01 -0.102780E+03 -0.138395E+03 -0.970990E+02 -0.777132E+02 +0.370850E+02 +0.000000E+00 +0.000000E+00 -0.115296E-02 -0.368332E-03 +0.000000E+00 +0.140923E-02 +0.000000E+00 +0.000000E+00
 +0.130720E+01 -0.102790E+03 -0.138241E+03 -0.969061E+02 -0.775986E+02 +0.368978E+02 +0.000000E+00 +0.000000E+00 -0.115221E-02 -0.366844E-03 +0.000000E+00 +0.140211E-02 +0.000000E+00 +0.000000E+00
 +0.130720E+01 -0.102800E+03 -0.138118E+03 -0.967342E+02 -0.775013E+02 +0.367422E+02 +0.000000E+00 +0.000000E+00 -0.115172E-02 -0.365425E-03 +0.000000E+00 +0.139620E-02 +0.000000E+00 +0.000000E+00
 +0.130720E+01 -0.102810E+03 -0.137996E+03 -0.965623E+02 -0.774041E+02 +0.365866E+02 +0.000000E+00 +0.000000E+00 -0.115124E-02 -0.364006E-03 +0.000000E+00 +0.139029E-02 +0.000000E+00 +0.000000E+00
 +0.130720E+01 -0.102820E+03 -0.137873E+03 -0.963904E+02 -0.773069E+02 +0.364311E+02 +0.000000E+00 +0.000000E+00 -0.115075E-02 -0.362587E-03 +0.000000E+00 +0.138438E-02 +0.000000E+00 +0.000000E+00
 +0.130720E+01 -0.102830E+03 -0.137750E+03 -0.962185E+02 -0.772097E+02 +0.362755E+02 +0.000000E+00 +0.000000E+00 -0.115027E-02 -0.361168E-03 +0.000000E+00 +0.137847E-02 +0.000000E+00 +0.000000E+00
 +0.130720E+01 -0.102840E+03 -0.137627E+03 -0.960466E+02 -0.771124E+02 +0.361199E+02 +0.000000E+00 +0.000000E+00 -0.114979E-02 -0.359749E-03 +0.000000E+00 +0.137256E-02 +0.000000E+00 +0.000000E+00
 +0.130720E+01 -0.102850E+03 -0.137505E+03 -0.958747E+02 -0.770152E+02 +0.359644E+02 +0.000000E+00 +0.000000E+00 -0.114930E-02 -0.358330E-03 +0.000000E+00 +0.136665E-02 +0.000000E+00 +0.000000E+00
 +0.130720E+01 -0.102860E+03 -0.137382E+03 -0.957027E+02 -0.769180E+02 +0.358088E+02 +0.000000E+00 +0.000000E+00 -0.114882E-02 -0.356911E-03 +0.000000E+00 +0.136073E-02 +0.000000E+00 +0.000000E+00
 +0.130720E+01 -0.102870E+03 -0.137259E+03 -0.955308E+02 -0.768207E+02 +0.356532E+02 +0.000000E+00 +0.000000E+00 -0.114833E-02 -0.355492E-03 +0.000000E+00 +0.135482E-02 +0.000000E+00 +0.000000E+00
 +0.130720E+01 -0.102880E+03 -0.137137E+03 -0.953589E+02 -0.767235E+02 +0.354977E+02 +0.000000E+00 +0.000000E+00 -0.114785E-02 -0.354073E-03 +0.000000E+00 +0.134891E-02 +0.000000E+00 +0.000000E+00
 +0.130720E+01 -0.102890E+03 -0.137014E+03 -0.951870E+02 -0.766263E+02 +0.353421E+02 +0.000000E+00 +0.000000E+00 -0.114736E-02 -0.352654E-03 +0.000000E+00 +0.134300E-02 +0.000000E+00 +0.000000E+00
 +0.130720E+01 -0.102900E+03 -0.136891E+03 -0.950151E+02 -0.765291E+02 +0.351865E+02 +0.000000E+00 +0.000000E+00 -0.114688E-02 -0.351235E-03 +0.000000E+00 +0.133709E-02 +0.000000E+00 +0.000000E+00
 +0.130720E+01 -0.102910E+03 -0.136768E+03 -0.948432E+02 -0.764318E+02 +0.350310E+02 +0.000000E+00 +0.000000E+00 -0.114640E-02 -0.349816E-03 +0.000000E+00 +0.133118E-02 +0.000000E+00 +0.000000E+00
 +0.130720E+01 -0.102920E+03 -0.136646E+03 -0.946713E+02 -0.763346E+02 +0.348754E+02 +0.000000E+00 +0.000000E+00 -0.114591E-02 -0.348397E-03 +0.000000E+00 +0.132527E-02 +0.000000E+00 +0.000000E+00
 +0.130720E+01 -0.102930E+03 -0.136527E+03 -0.945054E+02 -0.762407E+02 +0.347191E+02 +0.000000E+00 +0.000000E+00 -0.114544E-02 -0.347030E-03 +0.000000E+00 +0.131932E-02 +0.000000E+00 +0.000000E+00
 +0.130720E+01 -0.102940E+03 -0.136430E+03 -0.943487E+02 -0.761570E+02 +0.345507E+02 +0.000000E+00 +0.000000E+00 -0.114519E-02 -0.345643E-03 +0.000000E+00 +0.131293E-02 +0.000000E+00 +0.000000E+00
 +0.130720E+01 -0.102950E+03 -0.136333E+03 -0.941921E+02 -0.760734E+02 +0.343824E+02 +0.000000E+00 +0.000000E+00 -0.114494E-02 -0.344256E-03 +0.000000E+00 +0.130653E-02 +0.000000E+00 +0.000000E+00
 +0.130720E+01 -0.102960E+03 -0.136236E+03 -0.940354E+02 -0.759897E+02 +0.342140E+02 +0.000000E+00 +0.000000E+00 -0.114469E-02 -0.342869E-03 +0.000000E+00 +0.130013E-02 +0.000000E+00 +0.000000E+00
 +0.130720E+01 -0.102970E+03 -0.136140E+03 -0.938788E+02 -0.759061E+02 +0.340457E+02 +0.000000E+00 +0.000000E+00 -0.114444E-02 -0.341482E-03 +0.000000E+00 +0.129374E-02 +0.000000E+00 +0.000000E+00
 +0.130720E+01 -0.102980E+03 -0.136043E+03 -0.937221E+02 -0.758224E+02 +0.338774E+02 +0.000000E+00 +0.000000E+00 -0.114419E-02 -0.340095E-03 +0.000000E+00 +0.128734E-02 +0.000000E+00 +0.000000E+00
 +0.130720E+01 -0.102990E+03 -0.135946E+03 -0.935655E+02 -0.757387E+02 +0.337090E+02 +0.000000E+00 +0.000000E+00 -0.114394E-02 -0.338708E-03 +0.000000E+00 +0.128094E-02 +0.000000E+00 +0.000000E+00
 +0.130720E+01 -0.103000E+03 -0.135849E+03 -0.934088E+02 -0.756551E+02 +0.335407E+02 +0.000000E+00 +0.000000E+00 -0.114368E-02 -0.337321E-03 +0.000000E+00 +0.127455E-02 +0.000000E+00 +0.000000E+00
 +0.130720E+01 -0.103010E+03 -0.135752E+03 -0.932522E+02 -0.755714E+02 +0.333723E+02 +0.000000E+00 +0.000000E+00 -0.114343E-02 -0.335934E-03 +0.000000E+00 +0.126815E-02 +0.000000E+00 +0.000000E+00
 +0.130720E+01 -0.103020E+03 -0.135655E+03 -0.930955E+02 -0.754878E+02 +0.332040E+02 +0.000000E+00 +0.000000E+00 -0.114318E-02 -0.334547E-03 +0.000000E+00 +0.126175E-02 +0.000000E+00 +0.000000E+00
 +0.130720E+01 -0.103030E+03 -0.135558E+03 -0.929389E+02 -0.754041E+02 +0.330356E+02 +0.000000E+00 +0.000000E+00 -0.114293E-02 -0.333160E-03 +0.000000E+00 +0.125535E-02 +0.000000E+00 +0.000000E+00
 +0.130720E+01 -0.103040E+03 -0.135462E+03 -0.927822E+02 -0.753204E+02 +0.328673E+02 +0.000000E+00 +0.000000E+00 -0.114268E-02 -0.331773E-03 +0.000000E+00 +0.124896E-02 +0.000000E+00 +0.000000E+00
 +0.130720E+01 -0.103050E+03 -0.135365E+03 -0.926255E+02 -0.752368E+02 +0.326990E+02 +0.000000E+00 +0.000000E+00 -0.114243E-02 -0.330386E-03 +0.000000E+00 +0.124256E-02 +0.000000E+00 +0.000000E+00
 +0.130720E+01 -0.103060E+03 -0.135268E+03 -0.924689E+02 -0.751531E+02 +0.325306E+02 +0.000000E+00 +0.000000E+00 -0.114218E-02 -0.328999E-03 +0.000000E+00 +0.123616E-02 +0.000000E+00 +0.000000E+00
 +0.130720E+01 -0.103070E+03 -0.135171E+03 -0.923122E+02 -0.750695E+02 +0.323623E+02 +0.000000E+00 +0.000000E+00 -0.114193E-02 -0.327613E-03 +0.000000E+00 +0.122977E-02 +0.000000E+00 +0.000000E+00
 +0.130720E+01 -0.103080E+03 -0.135074E+03 -0.921556E+02 -0.749858E+02 +0.321939E+02 +0.000000E+00 +0.000000E+00 -0.114168E-02 -0.326226E-03 +0.000000E+00 +0.122337E-02 +0.000000E+00 +0.000000E+00
 +0.130720E+01 -0.103090E+03 -0.134977E+03 -0.919989E+02 -0.749022E+02 +0.320256E+02 +0.000000E+00 +0.000000E+00 -0.114143E-02 -0.324839E-03 +0.000000E+00 +0.121697E-02 +0.000000E+00 +0.000000E+00
 +0.130720E+01 -0.103100E+03 -0.134881E+03 -0.918426E+02 -0.748188E+02 +0.318580E+02 +0.000000E+00 +0.000000E+00 -0.114118E-02 -0.323451E-03 +0.000000E+00 +0.121060E-02 +0.000000E+00 +0.000000E+00
 +0.130720E+01 -0.103110E+03 -0.134811E+03 -0.916975E+02 -0.747477E+02 +0.317168E+02 +0.000000E+00 +0.000000E+00 -0.114119E-02 -0.322048E-03 +0.000000E+00 +0.120524E-02 +0.000000E+00 +0.000000E+00
 +0.130720E+01 -0.103120E+03 -0.134740E+03 -0.915525E+02 -0.746765E+02 +0.315755E+02 +0.000000E+00 +0.000000E+00 -0.114120E-02 -0.320644E-03 +0.000000E+00 +0.119987E-02 +0.000000E+00 +0.000000E+00
 +0.130720E+01 -0.103130E+03 -0.134669E+03 -0.914074E+02 -0.746053E+02 +0.314343E+02 +0.000000E+00 +0.000000E+00 -0.114121E-02 -0.319240E-03 +0.000000E+00 +0.119450E-02 +0.000000E+00 +0.000000E+00
 +0.130720E+01 -0.103140E+03 -0.134599E+03 -0.912624E+02 -0.745341E+02 +0.312931E+02 +0.000000E+00 +0.000000E+00 -0.114122E-02 -0.317837E-03 +0.000000E+00 +0.118914E-02 +0.000000E+00 +0.000000E+00
 +0.130720E+01 -0.103150E+03 -0.134528E+03 -0.911173E+02 -0.744629E+02 +0.311518E+02 +0.000000E+00 +0.000000E+00 -0.114124E-02 -0.316433E-03 +0.000000E+00 +0.118377E-02 +0.000000E+00 +0.000000E+00
 +0.130720E+01 -0.103160E+03 -0.134457E+03 -0.909722E+02 -0.743917E+02 +0.310106E+02 +0.000000E+00 +0.000000E+00 -0.114125E-02 -0.315029E-03 +0.000000E+00 +0.117840E-02 +0.000000E+00 +0.000000E+00
 +0.130720E+01 -0.103170E+03 -0.134387E+03 -0.908272E+02 -0.743206E+02 +0.308694E+02 +0.000000E+00 +0.000000E+00 -0.114126E-02 -0.313626E-03 +0.000000E+00 +0.117304E-02 +0.000000E+00 +0.000000E+00
 +0.130720E+01 -0.103180E+03 -0.134316E+03 -0.906821E+02 -0.742494E+02 +0.307282E+02 +0.000000E+00 +0.000000E+00 -0.114127E-02 -0.312222E-03 +0.000000E+00 +0.116767E-02 +0.000000E+00 +0.000000E+00
 +0.130720E+01 -0.103190E+03 -0.134245E+03 -0.905371E+02 -0.741782E+02 +0.305869E+02 +0.000000E+00 +0.000000E+00 -0.114128E-02 -0.310818E-03 +0.000000E+00 +0.116230E-02 +0.000000E+00 +0.000000E+00
 +0.130720E+01 -0.103200E+03 -0.134175E+03 -0.903920E+02 -0.741070E+02 +0.304457E+02 +0.000000E+00 +0.000000E+00 -0.114129E-02 -0.309415E-03 +0.000000E+00 +0.115694E-02 +0.000000E+00 +0.000000E+00
 +0.130720E+01 -0.103210E+03 -0.134104E+03 -0.902468E+02 -0.740356E+02 +0.303042E+02 +0.000000E+00 +0.000000E+00 -0.114129E-02 -0.308013E-03 +0.000000E+00 +0.115156E-02 +0.000000E+00 +0.000000E+00
 +0.130720E+01 -0.103220E+03 -0.134000E+03 -0.900942E+02 -0.739509E+02 +0.301481E+02 +0.000000E+00 +0.000000E+00 -0.114092E-02 -0.306721E-03 +0.000000E+00 +0.114563E-02 +0.000000E+00 +0.000000E+00
 +0.130720E+01 -0.103230E+03 -0.133896E+03 -0.899415E+02 -0.738663E+02 +0.299920E+02 +0.000000E+00 +0.000000E+00 -0.114056E-02 -0.305429E-03 +0.000000E+00 +0.113970E-02 +0.000000E+00 +0.000000E+00
 +0.130720E+01 -0.103240E+03 -0.133792E+03 -0.897889E+02 -0.737816E+02 +0.298359E+02 +0.000000E+00 +0.000000E+00 -0.114019E-02 -0.304138E-03 +0.000000E+00 +0.113376E-02 +0.000000E+00 +0.000000E+00
 +0.130720E+01 -0.103250E+03 -0.133688E+03 -0.896362E+02 -0.736969E+02 +0.296798E+02 +0.000000E+00 +0.000000E+00 -0.113983E-02 -0.302846E-03 +0.000000E+00 +0.112783E-02 +0.000000E+00 +0.000000E+00
 +0.130720E+01 -0.103260E+03 -0.133584E+03 -0.894836E+02 -0.736123E+02 +0.295236E+02 +0.000000E+00 +0.000000E+00 -0.113946E-02 -0.301554E-03 +0.000000E+00 +0.112190E-02 +0.000000E+00 +0.000000E+00
 +0.130720E+01 -0.103270E+03 -0.133487E+03 -0.893329E+02 -0.735306E+02 +0.293771E+02 +0.000000E+00 +0.000000E+00 -0.113917E-02 -0.300244E-03 +0.000000E+00 +0.111633E-02 +0.000000E+00 +0.000000E+00
 +0.130720E+01 -0.103280E+03 -0.133394E+03 -0.891833E+02 -0.734505E+02 +0.292353E+02 +0.000000E+00 +0.000000E+00 -0.113892E-02 -0.298924E-03 +0.000000E+00 +0.111094E-02 +0.000000E+00 +0.000000E+00
 +0.130720E+01 -0.103290E+03 -0.133301E+03 -0.890336E+02 -0.733703E+02 +0.290936E+02 +0.000000E+00 +0.000000E+00 -0.113868E-02 -0.297603E-03 +0.000000E+00 +0.110556E-02 +0.000000E+00 +0.000000E+00
 +0.130720E+01 -0.103300E+03 -0.133207E+03 -0.888840E+02 -0.732901E+02 +0.289519E+02 +0.000000E+00 +0.000000E+00 -0.113843E-02 -0.296283E-03 +0.000000E+00 +0.110017E-02 +0.000000E+00 +0.000000E+00
 +0.130720E+01 -0.103310E+03 -0.133114E+03 -0.887344E+02 -0.732100E+02 +0.288101E+02 +0.000000E+00 +0.000000E+00 -0.113818E-02 -0.294963E-03 +0.000000E+00 +0.109479E-02 +0.000000E+00 +0.000000E+00
 +0.130720E+01 -0.103320E+03 -0.133021E+03 -0.885847E+02 -0.731298E+02 +0.286684E+02 +0.000000E+00 +0.000000E+00 -0.113793E-02 -0.293643E-03 +0.000000E+00 +0.108940E-02 +0.000000E+00 +0.000000E+00
 +0.130720E+01 -0.103330E+03 -0.132928E+03 -0.884351E+02 -0.730497E+02 +0.285267E+02 +0.000000E+00 +0.000000E+00 -0.113768E-02 -0.292323E-03 +0.000000E+00 +0.108401E-02 +0.000000E+00 +0.000000E+00
 +0.130720E+01 -0.103340E+03 -0.132839E+03 -0.882660E+02 -0.729647E+02 +0.283834E+02 +0.000000E+00 +0.000000E+00 -0.113762E-02 -0.290724E-03 +0.000000E+00 +0.107857E-02 +0.000000E+00 +0.000000E+00
 +0.130720E+01 -0.103350E+03 -0.132754E+03 -0.880857E+02 -0.728771E+02 +0.282392E+02 +0.000000E+00 +0.000000E+00 -0.113766E-02 -0.288965E-03 +0.000000E+00 +0.107309E-02 +0.000000E+00 +0.000000E+00
 +0.130720E+01 -0.103360E+03 -0.132668E+03 -0.879055E+02 -0.727894E+02 +0.280950E+02 +0.000000E+00 +0.000000E+00 -0.113770E-02 -0.287206E-03 +0.000000E+00 +0.106761E-02 +0.000000E+00 +0.000000E+00
 +0.130720E+01 -0.103370E+03 -0.132583E+03 -0.877252E+02 -0.727017E+02 +0.279508E+02 +0.000000E+00 +0.000000E+00 -0.113774E-02 -0.285447E-03 +0.000000E+00 +0.106213E-02 +0.000000E+00 +0.000000E+00
 +0.130720E+01 -0.103380E+03 -0.132498E+03 -0.875450E+02 -0.726140E+02 +0.278066E+02 +0.000000E+00 +0.000000E+00 -0.113779E-02 -0.283688E-03 +0.000000E+00 +0.105665E-02 +0.000000E+00 +0.000000E+00
 +0.130720E+01 -0.103390E+03 -0.132412E+03 -0.873648E+02 -0.725264E+02 +0.276624E+02 +0.000000E+00 +0.000000E+00 -0.113783E-02 -0.281929E-03 +0.000000E+00 +0.105117E-02 +0.000000E+00 +0.000000E+00
 +0.130720E+01 -0.103400E+03 -0.132327E+03 -0.871845E+02 -0.724387E+02 +0.275182E+02 +0.000000E+00 +0.000000E+00 -0.113787E-02 -0.280171E-03 +0.000000E+00 +0.104569E-02 +0.000000E+00 +0.000000E+00
 +0.130720E+01 -0.103410E+03 -0.132241E+03 -0.870043E+02 -0.723510E+02 +0.273740E+02 +0.000000E+00 +0.000000E+00 -0.113791E-02 -0.278412E-03 +0.000000E+00 +0.104021E-02 +0.000000E+00 +0.000000E+00
 +0.130720E+01 -0.103420E+03 -0.132179E+03 -0.868675E+02 -0.722855E+02 +0.272481E+02 +0.000000E+00 +0.000000E+00 -0.113799E-02 -0.277058E-03 +0.000000E+00 +0.103543E-02 +0.000000E+00 +0.000000E+00
 +0.130720E+01 -0.103430E+03 -0.132123E+03 -0.867413E+02 -0.722253E+02 +0.271266E+02 +0.000000E+00 +0.000000E+00 -0.113806E-02 -0.275803E-03 +0.000000E+00 +0.103081E-02 +0.000000E+00 +0.000000E+00
 +0.130720E+01 -0.103440E+03 -0.132067E+03 -0.866150E+02 -0.721651E+02 +0.270051E+02 +0.000000E+00 +0.000000E+00 -0.113814E-02 -0.274547E-03 +0.000000E+00 +0.102619E-02 +0.000000E+00 +0.000000E+00
 +0.130720E+01 -0.103450E+03 -0.132011E+03 -0.864887E+02 -0.721050E+02 +0.268836E+02 +0.000000E+00 +0.000000E+00 -0.113822E-02 -0.273291E-03 +0.000000E+00 +0.102158E-02 +0.000000E+00 +0.000000E+00
 +0.130720E+01 -0.103460E+03 -0.131955E+03 -0.863624E+02 -0.720448E+02 +0.267621E+02 +0.000000E+00 +0.000000E+00 -0.113830E-02 -0.272035E-03 +0.000000E+00 +0.101696E-02 +0.000000E+00 +0.000000E+00
 +0.130720E+01 -0.103470E+03 -0.131899E+03 -0.862361E+02 -0.719846E+02 +0.266406E+02 +0.000000E+00 +0.000000E+00 -0.113837E-02 -0.270779E-03 +0.000000E+00 +0.101234E-02 +0.000000E+00 +0.000000E+00
 +0.130720E+01 -0.103480E+03 -0.131843E+03 -0.861098E+02 -0.719244E+02 +0.265191E+02 +0.000000E+00 +0.000000E+00 -0.113845E-02 -0.269524E-03 +0.000000E+00 +0.100772E-02 +0.000000E+00 +0.000000E+00
 +0.130720E+01 -0.103490E+03 -0.131787E+03 -0.859836E+02 -0.718642E+02 +0.263976E+02 +0.000000E+00 +0.000000E+00 -0.113853E-02 -0.268268E-03 +0.000000E+00 +0.100311E-02 +0.000000E+00 +0.000000E+00
 +0.130720E+01 -0.103500E+03 -0.131731E+03 -0.858573E+02 -0.718040E+02 +0.262761E+02 +0.000000E+00 +0.000000E+00 -0.113861E-02 -0.267012E-03 +0.000000E+00 +0.998490E-03 +0.000000E+00 +0.000000E+00
 +0.130720E+01 -0.103510E+03 -0.131675E+03 -0.857310E+02 -0.717438E+02 +0.261546E+02 +0.000000E+00 +0.000000E+00 -0.113868E-02 -0.265756E-03 +0.000000E+00 +0.993873E-03 +0.000000E+00 +0.000000E+00
 +0.130720E+01 -0.103520E+03 -0.131618E+03 -0.856047E+02 -0.716836E+02 +0.260331E+02 +0.000000E+00 +0.000000E+00 -0.113876E-02 -0.264500E-03 +0.000000E+00 +0.989256E-03 +0.000000E+00 +0.000000E+00
 +0.130720E+01 -0.103530E+03 -0.131562E+03 -0.854784E+02 -0.716235E+02 +0.259116E+02 +0.000000E+00 +0.000000E+00 -0.113884E-02 -0.263245E-03 +0.000000E+00 +0.984639E-03 +0.000000E+00 +0.000000E+00
 +0.130720E+01 -0.103540E+03 -0.131506E+03 -0.853522E+02 -0.715633E+02 +0.257901E+02 +0.000000E+00 +0.000000E+00 -0.113892E-02 -0.261989E-03 +0.000000E+00 +0.980022E-03 +0.000000E+00 +0.000000E+00
 +0.130720E+01 -0.103550E+03 -0.131450E+03 -0.852259E+02 -0.715031E+02 +0.256686E+02 +0.000000E+00 +0.000000E+00 -0.113899E-02 -0.260733E-03 +0.000000E+00 +0.975405E-03 +0.000000E+00 +0.000000E+00
 +0.130720E+01 -0.103560E+03 -0.131394E+03 -0.850996E+02 -0.714429E+02 +0.255470E+02 +0.000000E+00 +0.000000E+00 -0.113907E-02 -0.259477E-03 +0.000000E+00 +0.970788E-03 +0.000000E+00 +0.000000E+00
 +0.130720E+01 -0.103570E+03 -0.131338E+03 -0.849733E+02 -0.713827E+02 +0.254255E+02 +0.000000E+00 +0.000000E+00 -0.113915E-02 -0.258221E-03 +0.000000E+00 +0.966171E-03 +0.000000E+00 +0.000000E+00
 +0.130720E+01 -0.103580E+03 -0.131282E+03 -0.848464E+02 -0.713223E+02 +0.253042E+02 +0.000000E+00 +0.000000E+00 -0.113923E-02 -0.256957E-03 +0.000000E+00 +0.961558E-03 +0.000000E+00 +0.000000E+00
 +0.130720E+01 -0.103590E+03 -0.131223E+03 -0.846722E+02 -0.712455E+02 +0.251914E+02 +0.000000E+00 +0.000000E+00 -0.113958E-02 -0.255108E-03 +0.000000E+00 +0.957273E-03 +0.000000E+00 +0.000000E+00
 +0.130720E+01 -0.103600E+03 -0.131164E+03 -0.844981E+02 -0.711687E+02 +0.250786E+02 +0.000000E+00 +0.000000E+00 -0.113992E-02 -0.253260E-03 +0.000000E+00 +0.952989E-03 +0.000000E+00 +0.000000E+00
 +0.130720E+01 -0.103610E+03 -0.131116E+03 -0.843383E+02 -0.711000E+02 +0.249771E+02 +0.000000E+00 +0.000000E+00 -0.114031E-02 -0.251528E-03 +0.000000E+00 +0.949131E-03 +0.000000E+00 +0.000000E+00
 +0.130720E+01 -0.103620E+03 -0.131078E+03 -0.841917E+02 -0.710389E+02 +0.248859E+02 +0.000000E+00 +0.000000E+00 -0.114074E-02 -0.249904E-03 +0.000000E+00 +0.945665E-03 +0.000000E+00 +0.000000E+00
 +0.130720E+01 -0.103630E+03 -0.131039E+03 -0.840451E+02 -0.709777E+02 +0.247947E+02 +0.000000E+00 +0.000000E+00 -0.114116E-02 -0.248279E-03 +0.000000E+00 +0.942199E-03 +0.000000E+00 +0.000000E+00
 +0.130720E+01 -0.103640E+03 -0.131000E+03 -0.838984E+02 -0.709166E+02 +0.247035E+02 +0.000000E+00 +0.000000E+00 -0.114159E-02 -0.246655E-03 +0.000000E+00 +0.938732E-03 +0.000000E+00 +0.000000E+00
 +0.130720E+01 -0.103650E+03 -0.130962E+03 -0.837518E+02 -0.708555E+02 +0.246123E+02 +0.000000E+00 +0.000000E+00 -0.114202E-02 -0.245030E-03 +0.000000E+00 +0.935266E-03 +0.000000E+00 +0.000000E+00
 +0.130720E+01 -0.103660E+03 -0.130923E+03 -0.836052E+02 -0.707943E+02 +0.245210E+02 +0.000000E+00 +0.000000E+00 -0.114245E-02 -0.243406E-03 +0.000000E+00 +0.931799E-03 +0.000000E+00 +0.000000E+00
 +0.130720E+01 -0.103670E+03 -0.130884E+03 -0.834585E+02 -0.707332E+02 +0.244298E+02 +0.000000E+00 +0.000000E+00 -0.114287E-02 -0.241782E-03 +0.000000E+00 +0.928333E-03 +0.000000E+00 +0.000000E+00
 +0.130720E+01 -0.103680E+03 -0.130846E+03 -0.833119E+02 -0.706720E+02 +0.243386E+02 +0.000000E+00 +0.000000E+00 -0.114330E-02 -0.240157E-03 +0.000000E+00 +0.924866E-03 +0.000000E+00 +0.000000E+00
 +0.130720E+01 -0.103690E+03 -0.130807E+03 -0.831653E+02 -0.706109E+02 +0.242474E+02 +0.000000E+00 +0.000000E+00 -0.114373E-02 -0.238533E-03 +0.000000E+00 +0.921400E-03 +0.000000E+00 +0.000000E+00
 +0.130720E+01 -0.103700E+03 -0.130768E+03 -0.830186E+02 -0.705497E+02 +0.241561E+02 +0.000000E+00 +0.000000E+00 -0.114416E-02 -0.236909E-03 +0.000000E+00 +0.917933E-03 +0.000000E+00 +0.000000E+00
 +0.130720E+01 -0.103710E+03 -0.130730E+03 -0.828720E+02 -0.704886E+02 +0.240649E+02 +0.000000E+00 +0.000000E+00 -0.114458E-02 -0.235284E-03 +0.000000E+00 +0.914467E-03 +0.000000E+00 +0.000000E+00
 +0.130720E+01 -0.103720E+03 -0.130691E+03 -0.827253E+02 -0.704275E+02 +0.239737E+02 +0.000000E+00 +0.000000E+00 -0.114501E-02 -0.233660E-03 +0.000000E+00 +0.911001E-03 +0.000000E+00 +0.000000E+00
 +0.130720E+01 -0.103730E+03 -0.130653E+03 -0.825787E+02 -0.703663E+02 +0.238825E+02 +0.000000E+00 +0.000000E+00 -0.114544E-02 -0.232035E-03 +0.000000E+00 +0.907534E-03 +0.000000E+00 +0.000000E+00
 +0.130720E+01 -0.103740E+03 -0.130614E+03 -0.824321E+02 -0.703052E+02 +0.237913E+02 +0.000000E+00 +0.000000E+00 -0.114587E-02 -0.230411E-03 +0.000000E+00 +0.904068E-03 +0.000000E+00 +0.000000E+00
 +0.130720E+01 -0.103750E+03 -0.130575E+03 -0.822854E+02 -0.702440E+02 +0.237000E+02 +0.000000E+00 +0.000000E+00 -0.114629E-02 -0.228787E-03 +0.000000E+00 +0.900601E-03 +0.000000E+00 +0.000000E+00
 +0.130720E+01 -0.103760E+03 -0.130537E+03 -0.821388E+02 -0.701829E+02 +0.236088E+02 +0.000000E+00 +0.000000E+00 -0.114672E-02 -0.227162E-03 +0.000000E+00 +0.897135E-03 +0.000000E+00 +0.000000E+00
 +0.130720E+01 -0.103770E+03 -0.130498E+03 -0.819922E+02 -0.701218E+02 +0.235176E+02 +0.000000E+00 +0.000000E+00 -0.114715E-02 -0.225538E-03 +0.000000E+00 +0.893668E-03 +0.000000E+00 +0.000000E+00
 +0.130720E+01 -0.103780E+03 -0.130459E+03 -0.818455E+02 -0.700606E+02 +0.234264E+02 +0.000000E+00 +0.000000E+00 -0.114758E-02 -0.223913E-03 +0.000000E+00 +0.890202E-03 +0.000000E+00 +0.000000E+00
 +0.130720E+01 -0.103790E+03 -0.130421E+03 -0.816989E+02 -0.699995E+02 +0.233351E+02 +0.000000E+00 +0.000000E+00 -0.114800E-02 -0.222289E-03 +0.000000E+00 +0.886735E-03 +0.000000E+00 +0.000000E+00
 +0.130720E+01 -0.103800E+03 -0.130382E+03 -0.815523E+02 -0.699383E+02 +0.232439E+02 +0.000000E+00 +0.000000E+00 -0.114843E-02 -0.220665E-03 +0.000000E+00 +0.883269E-03 +0.000000E+00 +0.000000E+00
 +0.130720E+01 -0.103810E+03 -0.130343E+03 -0.814056E+02 -0.698772E+02 +0.231527E+02 +0.000000E+00 +0.000000E+00 -0.114886E-02 -0.219040E-03 +0.000000E+00 +0.879803E-03 +0.000000E+00 +0.000000E+00
 +0.130720E+01 -0.103820E+03 -0.130305E+03 -0.812590E+02 -0.698160E+02 +0.230615E+02 +0.000000E+00 +0.000000E+00 -0.114929E-02 -0.217416E-03 +0.000000E+00 +0.876336E-03 +0.000000E+00 +0.000000E+00
 +0.130720E+01 -0.103830E+03 -0.130266E+03 -0.811124E+02 -0.697549E+02 +0.229703E+02 +0.000000E+00 +0.000000E+00 -0.114971E-02 -0.215792E-03 +0.000000E+00 +0.872870E-03 +0.000000E+00 +0.000000E+00
 +0.130720E+01 -0.103840E+03 -0.130227E+03 -0.809657E+02 -0.696938E+02 +0.228790E+02 +0.000000E+00 +0.000000E+00 -0.115014E-02 -0.214167E-03 +0.000000E+00 +0.869403E-03 +0.000000E+00 +0.000000E+00
 +0.130720E+01 -0.103850E+03 -0.130189E+03 -0.808191E+02 -0.696326E+02 +0.227878E+02 +0.000000E+00 +0.000000E+00 -0.115057E-02 -0.212543E-03 +0.000000E+00 +0.865937E-03 +0.000000E+00 +0.000000E+00
 +0.130720E+01 -0.103860E+03 -0.130150E+03 -0.806724E+02 -0.695715E+02 +0.226966E+02 +0.000000E+00 +0.000000E+00 -0.115100E-02 -0.210918E-03 +0.000000E+00 +0.862470E-03 +0.000000E+00 +0.000000E+00
 +0.130720E+01 -0.103870E+03 -0.130112E+03 -0.805258E+02 -0.695103E+02 +0.226054E+02 +0.000000E+00 +0.000000E+00 -0.115142E-02 -0.209294E-03 +0.000000E+00 +0.859004E-03 +0.000000E+00 +0.000000E+00
 +0.130720E+01 -0.103880E+03 -0.130073E+03 -0.803792E+02 -0.694492E+02 +0.225141E+02 +0.000000E+00 +0.000000E+00 -0.115185E-02 -0.207670E-03 +0.000000E+00 +0.855537E-03 +0.000000E+00 +0.000000E+00
 +0.130720E+01 -0.103890E+03 -0.130034E+03 -0.802325E+02 -0.693881E+02 +0.224229E+02 +0.000000E+00 +0.000000E+00 -0.115228E-02 -0.206045E-03 +0.000000E+00 +0.852071E-03 +0.000000E+00 +0.000000E+00
 +0.130720E+01 -0.103900E+03 -0.129996E+03 -0.800859E+02 -0.693269E+02 +0.223317E+02 +0.000000E+00 +0.000000E+00 -0.115271E-02 -0.204421E-03 +0.000000E+00 +0.848605E-03 +0.000000E+00 +0.000000E+00
 +0.130720E+01 -0.103910E+03 -0.129957E+03 -0.799393E+02 -0.692658E+02 +0.222405E+02 +0.000000E+00 +0.000000E+00 -0.115313E-02 -0.202796E-03 +0.000000E+00 +0.845138E-03 +0.000000E+00 +0.000000E+00
 +0.130720E+01 -0.103920E+03 -0.129918E+03 -0.797926E+02 -0.692046E+02 +0.221493E+02 +0.000000E+00 +0.000000E+00 -0.115356E-02 -0.201172E-03 +0.000000E+00 +0.841672E-03 +0.000000E+00 +0.000000E+00
 +0.130720E+01 -0.103930E+03 -0.129866E+03 -0.796338E+02 -0.691349E+02 +0.220310E+02 +0.000000E+00 +0.000000E+00 -0.115389E-02 -0.199479E-03 +0.000000E+00 +0.837177E-03 +0.000000E+00 +0.000000E+00
 +0.130720E+01 -0.103940E+03 -0.129811E+03 -0.794726E+02 -0.690635E+02 +0.219076E+02 +0.000000E+00 +0.000000E+00 -0.115420E-02 -0.197773E-03 +0.000000E+00 +0.832487E-03 +0.000000E+00 +0.000000E+00
 +0.130720E+01 -0.103950E+03 -0.129755E+03 -0.793114E+02 -0.689921E+02 +0.217842E+02 +0.000000E+00 +0.000000E+00 -0.115450E-02 -0.196067E-03 +0.000000E+00 +0.827798E-03 +0.000000E+00 +0.000000E+00
 +0.130720E+01 -0.103960E+03 -0.129700E+03 -0.791502E+02 -0.689207E+02 +0.216607E+02 +0.000000E+00 +0.000000E+00 -0.115481E-02 -0.194361E-03 +0.000000E+00 +0.823108E-03 +0.000000E+00 +0.000000E+00
 +0.130720E+01 -0.103970E+03 -0.129645E+03 -0.789890E+02 -0.688493E+02 +0.215373E+02 +0.000000E+00 +0.000000E+00 -0.115512E-02 -0.192655E-03 +0.000000E+00 +0.818419E-03 +0.000000E+00 +0.000000E+00
 +0.130720E+01 -0.103980E+03 -0.129590E+03 -0.788278E+02 -0.687779E+02 +0.214139E+02 +0.000000E+00 +0.000000E+00 -0.115543E-02 -0.190949E-03 +0.000000E+00 +0.813729E-03 +0.000000E+00 +0.000000E+00
 +0.130720E+01 -0.103990E+03 -0.129535E+03 -0.786666E+02 -0.687065E+02 +0.212905E+02 +0.000000E+00 +0.000000E+00 -0.115574E-02 -0.189243E-03 +0.000000E+00 +0.809039E-03 +0.000000E+00 +0.000000E+00
 +0.130720E+01 -0.104000E+03 -0.129480E+03 -0.785054E+02 -0.686351E+02 +0.211671E+02 +0.000000E+00 +0.000000E+00 -0.115605E-02 -0.187537E-03 +0.000000E+00 +0.804350E-03 +0.000000E+00 +0.000000E+00
 +0.130720E+01 -0.104010E+03 -0.129424E+03 -0.783442E+02 -0.685637E+02 +0.210437E+02 +0.000000E+00 +0.000000E+00 -0.115636E-02 -0.185831E-03 +0.000000E+00 +0.799660E-03 +0.000000E+00 +0.000000E+00
 +0.130720E+01 -0.104020E+03 -0.129369E+03 -0.781830E+02 -0.684923E+02 +0.209203E+02 +0.000000E+00 +0.000000E+00 -0.115666E-02 -0.184124E-03 +0.000000E+00 +0.794971E-03 +0.000000E+00 +0.000000E+00
 +0.130720E+01 -0.104030E+03 -0.129314E+03 -0.780218E+02 -0.684209E+02 +0.207969E+02 +0.000000E+00 +0.000000E+00 -0.115697E-02 -0.182418E-03 +0.000000E+00 +0.790281E-03 +0.000000E+00 +0.000000E+00
 +0.130720E+01 -0.104040E+03 -0.129259E+03 -0.778606E+02 -0.683495E+02 +0.206735E+02 +0.000000E+00 +0.000000E+00 -0.115728E-02 -0.180712E-03 +0.000000E+00 +0.785591E-03 +0.000000E+00 +0.000000E+00
 +0.130720E+01 -0.104050E+03 -0.129204E+03 -0.776995E+02 -0.682781E+02 +0.205501E+02 +0.000000E+00 +0.000000E+00 -0.115759E-02 -0.179006E-03 +0.000000E+00 +0.780902E-03 +0.000000E+00 +0.000000E+00
 +0.130720E+01 -0.104060E+03 -0.129149E+03 -0.775383E+02 -0.682067E+02 +0.204266E+02 +0.000000E+00 +0.000000E+00 -0.115790E-02 -0.177300E-03 +0.000000E+00 +0.776212E-03 +0.000000E+00 +0.000000E+00
 +0.130720E+01 -0.104070E+03 -0.129093E+03 -0.773771E+02 -0.681353E+02 +0.203032E+02 +0.000000E+00 +0.000000E+00 -0.115821E-02 -0.175594E-03 +0.000000E+00 +0.771523E-03 +0.000000E+00 +0.000000E+00
 +0.130720E+01 -0.104080E+03 -0.129038E+03 -0.772159E+02 -0.680639E+02 +0.201798E+02 +0.000000E+00 +0.000000E+00 -0.115851E-02 -0.173888E-03 +0.000000E+00 +0.766833E-03 +0.000000E+00 +0.000000E+00
 +0.130720E+01 -0.104090E+03 -0.128983E+03 -0.770547E+02 -0.679925E+02 +0.200564E+02 +0.000000E+00 +0.000000E+00 -0.115882E-02 -0.172182E-03 +0.000000E+00 +0.762144E-03 +0.000000E+00 +0.000000E+00
 +0.130720E+01 -0.104100E+03 -0.128928E+03 -0.768935E+02 -0.679211E+02 +0.199330E+02 +0.000000E+00 +0.000000E+00 -0.115913E-02 -0.170476E-03 +0.000000E+00 +0.757454E-03 +0.000000E+00 +0.000000E+00
 +0.130720E+01 -0.104110E+03 -0.128873E+03 -0.767323E+02 -0.678497E+02 +0.198096E+02 +0.000000E+00 +0.000000E+00 -0.115944E-02 -0.168770E-03 +0.000000E+00 +0.752764E-03 +0.000000E+00 +0.000000E+00
 +0.130720E+01 -0.104120E+03 -0.128818E+03 -0.765711E+02 -0.677783E+02 +0.196862E+02 +0.000000E+00 +0.000000E+00 -0.115975E-02 -0.167064E-03 +0.000000E+00 +0.748075E-03 +0.000000E+00 +0.000000E+00
 +0.130720E+01 -0.104130E+03 -0.128762E+03 -0.764099E+02 -0.677069E+02 +0.195628E+02 +0.000000E+00 +0.000000E+00 -0.116006E-02 -0.165358E-03 +0.000000E+00 +0.743385E-03 +0.000000E+00 +0.000000E+00
 +0.130720E+01 -0.104140E+03 -0.128707E+03 -0.762487E+02 -0.676355E+02 +0.194394E+02 +0.000000E+00 +0.000000E+00 -0.116036E-02 -0.163652E-03 +0.000000E+00 +0.738696E-03 +0.000000E+00 +0.000000E+00
 +0.130720E+01 -0.104150E+03 -0.128652E+03 -0.760875E+02 -0.675641E+02 +0.193160E+02 +0.000000E+00 +0.000000E+00 -0.116067E-02 -0.161946E-03 +0.000000E+00 +0.734006E-03 +0.000000E+00 +0.000000E+00
 +0.130720E+01 -0.104160E+03 -0.128597E+03 -0.759263E+02 -0.674927E+02 +0.191925E+02 +0.000000E+00 +0.000000E+00 -0.116098E-02 -0.160240E-03 +0.000000E+00 +0.729317E-03 +0.000000E+00 +0.000000E+00
 +0.130720E+01 -0.104170E+03 -0.128542E+03 -0.757652E+02 -0.674213E+02 +0.190691E+02 +0.000000E+00 +0.000000E+00 -0.116129E-02 -0.158533E-03 +0.000000E+00 +0.724627E-03 +0.000000E+00 +0.000000E+00
 +0.130720E+01 -0.104180E+03 -0.128487E+03 -0.756040E+02 -0.673499E+02 +0.189457E+02 +0.000000E+00 +0.000000E+00 -0.116160E-02 -0.156827E-03 +0.000000E+00 +0.719937E-03 +0.000000E+00 +0.000000E+00
 +0.130720E+01 -0.104190E+03 -0.128456E+03 -0.755330E+02 -0.673164E+02 +0.188578E+02 +0.000000E+00 +0.000000E+00 -0.116165E-02 -0.156116E-03 +0.000000E+00 +0.716595E-03 +0.000000E+00 +0.000000E+00
 +0.130720E+01 -0.104200E+03 -0.128426E+03 -0.754627E+02 -0.672831E+02 +0.187701E+02 +0.000000E+00 +0.000000E+00 -0.116171E-02 -0.155412E-03 +0.000000E+00 +0.713263E-03 +0.000000E+00 +0.000000E+00
 +0.130720E+01 -0.104210E+03 -0.128395E+03 -0.753925E+02 -0.672499E+02 +0.186824E+02 +0.000000E+00 +0.000000E+00 -0.116176E-02 -0.154709E-03 +0.000000E+00 +0.709932E-03 +0.000000E+00 +0.000000E+00
 +0.130720E+01 -0.104220E+03 -0.128365E+03 -0.753222E+02 -0.672167E+02 +0.185947E+02 +0.000000E+00 +0.000000E+00 -0.116181E-02 -0.154005E-03 +0.000000E+00 +0.706600E-03 +0.000000E+00 +0.000000E+00
 +0.130720E+01 -0.104230E+03 -0.128334E+03 -0.752520E+02 -0.671835E+02 +0.185071E+02 +0.000000E+00 +0.000000E+00 -0.116187E-02 -0.153302E-03 +0.000000E+00 +0.703268E-03 +0.000000E+00 +0.000000E+00
 +0.130720E+01 -0.104240E+03 -0.128304E+03 -0.751817E+02 -0.671502E+02 +0.184194E+02 +0.000000E+00 +0.000000E+00 -0.116192E-02 -0.152598E-03 +0.000000E+00 +0.699936E-03 +0.000000E+00 +0.000000E+00
 +0.130720E+01 -0.104250E+03 -0.128273E+03 -0.751115E+02 -0.671170E+02 +0.183317E+02 +0.000000E+00 +0.000000E+00 -0.116197E-02 -0.151894E-03 +0.000000E+00 +0.696605E-03 +0.000000E+00 +0.000000E+00
 +0.130720E+01 -0.104260E+03 -0.128243E+03 -0.750412E+02 -0.670838E+02 +0.182440E+02 +0.000000E+00 +0.000000E+00 -0.116203E-02 -0.151191E-03 +0.000000E+00 +0.693273E-03 +0.000000E+00 +0.000000E+00
 +0.130720E+01 -0.104270E+03 -0.128213E+03 -0.749709E+02 -0.670506E+02 +0.181563E+02 +0.000000E+00 +0.000000E+00 -0.116208E-02 -0.150487E-03 +0.000000E+00 +0.689941E-03 +0.000000E+00 +0.000000E+00
 +0.130720E+01 -0.104280E+03 -0.128182E+03 -0.749007E+02 -0.670174E+02 +0.180687E+02 +0.000000E+00 +0.000000E+00 -0.116213E-02 -0.149783E-03 +0.000000E+00 +0.686609E-03 +0.000000E+00 +0.000000E+00
 +0.130720E+01 -0.104290E+03 -0.128152E+03 -0.748304E+02 -0.669841E+02 +0.179810E+02 +0.000000E+00 +0.000000E+00 -0.116219E-02 -0.149080E-03 +0.000000E+00 +0.683278E-03 +0.000000E+00 +0.000000E+00
 +0.130720E+01 -0.104300E+03 -0.128121E+03 -0.747602E+02 -0.669509E+02 +0.178933E+02 +0.000000E+00 +0.000000E+00 -0.116224E-02 -0.148376E-03 +0.000000E+00 +0.679946E-03 +0.000000E+00 +0.000000E+00
 +0.130720E+01 -0.104310E+03 -0.128091E+03 -0.746899E+02 -0.669177E+02 +0.178056E+02 +0.000000E+00 +0.000000E+00 -0.116229E-02 -0.147673E-03 +0.000000E+00 +0.676614E-03 +0.000000E+00 +0.000000E+00
 +0.130720E+01 -0.104320E+03 -0.128061E+03 -0.746197E+02 -0.668845E+02 +0.177180E+02 +0.000000E+00 +0.000000E+00 -0.116234E-02 -0.146969E-03 +0.000000E+00 +0.673282E-03 +0.000000E+00 +0.000000E+00
 +0.130720E+01 -0.104330E+03 -0.128030E+03 -0.745494E+02 -0.668512E+02 +0.176303E+02 +0.000000E+00 +0.000000E+00 -0.116240E-02 -0.146265E-03 +0.000000E+00 +0.669951E-03 +0.000000E+00 +0.000000E+00
 +0.130720E+01 -0.104340E+03 -0.128000E+03 -0.744791E+02 -0.668180E+02 +0.175426E+02 +0.000000E+00 +0.000000E+00 -0.116245E-02 -0.145562E-03 +0.000000E+00 +0.666619E-03 +0.000000E+00 +0.000000E+00
 +0.130720E+01 -0.104350E+03 -0.127969E+03 -0.744089E+02 -0.667848E+02 +0.174549E+02 +0.000000E+00 +0.000000E+00 -0.116250E-02 -0.144858E-03 +0.000000E+00 +0.663287E-03 +0.000000E+00 +0.000000E+00
 +0.130720E+01 -0.104360E+03 -0.127939E+03 -0.743386E+02 -0.667516E+02 +0.173672E+02 +0.000000E+00 +0.000000E+00 -0.116256E-02 -0.144154E-03 +0.000000E+00 +0.659955E-03 +0.000000E+00 +0.000000E+00
 +0.130720E+01 -0.104370E+03 -0.127908E+03 -0.742684E+02 -0.667183E+02 +0.172796E+02 +0.000000E+00 +0.000000E+00 -0.116261E-02 -0.143451E-03 +0.000000E+00 +0.656624E-03 +0.000000E+00 +0.000000E+00
 +0.130720E+01 -0.104380E+03 -0.127878E+03 -0.741981E+02 -0.666851E+02 +0.171919E+02 +0.000000E+00 +0.000000E+00 -0.116266E-02 -0.142747E-03 +0.000000E+00 +0.653292E-03 +0.000000E+00 +0.000000E+00
 +0.130720E+01 -0.104390E+03 -0.127848E+03 -0.741279E+02 -0.666519E+02 +0.171042E+02 +0.000000E+00 +0.000000E+00 -0.116272E-02 -0.142044E-03 +0.000000E+00 +0.649960E-03 +0.000000E+00 +0.000000E+00
 +0.130720E+01 -0.104400E+03 -0.127840E+03 -0.740281E+02 -0.666165E+02 +0.170267E+02 +0.000000E+00 +0.000000E+00 -0.116325E-02 -0.140820E-03 +0.000000E+00 +0.647013E-03 +0.000000E+00 +0.000000E+00
 +0.130720E+01 -0.104410E+03 -0.127839E+03 -0.739199E+02 -0.665806E+02 +0.169520E+02 +0.000000E+00 +0.000000E+00 -0.116392E-02 -0.139448E-03 +0.000000E+00 +0.644177E-03 +0.000000E+00 +0.000000E+00
 +0.130720E+01 -0.104420E+03 -0.127839E+03 -0.738118E+02 -0.665446E+02 +0.168774E+02 +0.000000E+00 +0.000000E+00 -0.116458E-02 -0.138076E-03 +0.000000E+00 +0.641340E-03 +0.000000E+00 +0.000000E+00
 +0.130720E+01 -0.104430E+03 -0.127838E+03 -0.737036E+02 -0.665086E+02 +0.168027E+02 +0.000000E+00 +0.000000E+00 -0.116525E-02 -0.136704E-03 +0.000000E+00 +0.638503E-03 +0.000000E+00 +0.000000E+00
 +0.130720E+01 -0.104440E+03 -0.127837E+03 -0.735954E+02 -0.664727E+02 +0.167281E+02 +0.000000E+00 +0.000000E+00 -0.116592E-02 -0.135332E-03 +0.000000E+00 +0.635666E-03 +0.000000E+00 +0.000000E+00
 +0.130720E+01 -0.104450E+03 -0.127836E+03 -0.734872E+02 -0.664367E+02 +0.166534E+02 +0.000000E+00 +0.000000E+00 -0.116659E-02 -0.133961E-03 +0.000000E+00 +0.632830E-03 +0.000000E+00 +0.000000E+00
 +0.130720E+01 -0.104460E+03 -0.127835E+03 -0.733791E+02 -0.664007E+02 +0.165788E+02 +0.000000E+00 +0.000000E+00 -0.116726E-02 -0.132589E-03 +0.000000E+00 +0.629993E-03 +0.000000E+00 +0.000000E+00
 +0.130720E+01 -0.104470E+03 -0.127834E+03 -0.732709E+02 -0.663648E+02 +0.165041E+02 +0.000000E+00 +0.000000E+00 -0.116792E-02 -0.131217E-03 +0.000000E+00 +0.627156E-03 +0.000000E+00 +0.000000E+00
 +0.130720E+01 -0.104480E+03 -0.127834E+03 -0.731627E+02 -0.663288E+02 +0.164295E+02 +0.000000E+00 +0.000000E+00 -0.116859E-02 -0.129845E-03 +0.000000E+00 +0.624320E-03 +0.000000E+00 +0.000000E+00
 +0.130720E+01 -0.104490E+03 -0.127833E+03 -0.730545E+02 -0.662928E+02 +0.163548E+02 +0.000000E+00 +0.000000E+00 -0.116926E-02 -0.128473E-03 +0.000000E+00 +0.621483E-03 +0.000000E+00 +0.000000E+00
 +0.130720E+01 -0.104500E+03 -0.127832E+03 -0.729464E+02 -0.662568E+02 +0.162802E+02 +0.000000E+00 +0.000000E+00 -0.116993E-02 -0.127101E-03 +0.000000E+00 +0.618646E-03 +0.000000E+00 +0.000000E+00
 +0.130720E+01 -0.104510E+03 -0.127831E+03 -0.728382E+02 -0.662209E+02 +0.162055E+02 +0.000000E+00 +0.000000E+00 -0.117059E-02 -0.125729E-03 +0.000000E+00 +0.615809E-03 +0.000000E+00 +0.000000E+00
 +0.130720E+01 -0.104520E+03 -0.127830E+03 -0.727300E+02 -0.661849E+02 +0.161309E+02 +0.000000E+00 +0.000000E+00 -0.117126E-02 -0.124357E-03 +0.000000E+00 +0.612973E-03 +0.000000E+00 +0.000000E+00
 +0.130720E+01 -0.104530E+03 -0.127830E+03 -0.726219E+02 -0.661489E+02 +0.160562E+02 +0.000000E+00 +0.000000E+00 -0.117193E-02 -0.122985E-03 +0.000000E+00 +0.610136E-03 +0.000000E+00 +0.000000E+00
 +0.130720E+01 -0.104540E+03 -0.127829E+03 -0.725137E+02 -0.661130E+02 +0.159816E+02 +0.000000E+00 +0.000000E+00 -0.117260E-02 -0.121613E-03 +0.000000E+00 +0.607299E-03 +0.000000E+00 +0.000000E+00
 +0.130720E+01 -0.104550E+03 -0.127828E+03 -0.724055E+02 -0.660770E+02 +0.159069E+02 +0.000000E+00 +0.000000E+00 -0.117327E-02 -0.120241E-03 +0.000000E+00 +0.604463E-03 +0.000000E+00 +0.000000E+00
 +0.130720E+01 -0.104560E+03 -0.127827E+03 -0.722973E+02 -0.660410E+02 +0.158323E+02 +0.000000E+00 +0.000000E+00 -0.117393E-02 -0.118870E-03 +0.000000E+00 +0.601626E-03 +0.000000E+00 +0.000000E+00
 +0.130720E+01 -0.104570E+03 -0.127826E+03 -0.721892E+02 -0.660051E+02 +0.157576E+02 +0.000000E+00 +0.000000E+00 -0.117460E-02 -0.117498E-03 +0.000000E+00 +0.598789E-03 +0.000000E+00 +0.000000E+00
 +0.130720E+01 -0.104580E+03 -0.127816E+03 -0.720863E+02 -0.659676E+02 +0.156895E+02 +0.000000E+00 +0.000000E+00 -0.117511E-02 -0.116255E-03 +0.000000E+00 +0.596202E-03 +0.000000E+00 +0.000000E+00
 +0.130720E+01 -0.104590E+03 -0.127789E+03 -0.719919E+02 -0.659277E+02 +0.156319E+02 +0.000000E+00 +0.000000E+00 -0.117537E-02 -0.115219E-03 +0.000000E+00 +0.594014E-03 +0.000000E+00 +0.000000E+00
 +0.130720E+01 -0.104600E+03 -0.127763E+03 -0.718975E+02 -0.658879E+02 +0.155744E+02 +0.000000E+00 +0.000000E+00 -0.117562E-02 -0.114183E-03 +0.000000E+00 +0.591826E-03 +0.000000E+00 +0.000000E+00
 +0.130720E+01 -0.104610E+03 -0.127736E+03 -0.718031E+02 -0.658480E+02 +0.155168E+02 +0.000000E+00 +0.000000E+00 -0.117588E-02 -0.113147E-03 +0.000000E+00 +0.589637E-03 +0.000000E+00 +0.000000E+00
 +0.130720E+01 -0.104620E+03 -0.127710E+03 -0.717087E+02 -0.658081E+02 +0.154592E+02 +0.000000E+00 +0.000000E+00 -0.117613E-02 -0.112111E-03 +0.000000E+00 +0.587449E-03 +0.000000E+00 +0.000000E+00
 +0.130720E+01 -0.104630E+03 -0.127683E+03 -0.716143E+02 -0.657683E+02 +0.154016E+02 +0.000000E+00 +0.000000E+00 -0.117639E-02 -0.111075E-03 +0.000000E+00 +0.585260E-03 +0.000000E+00 +0.000000E+00
 +0.130720E+01 -0.104640E+03 -0.127657E+03 -0.715200E+02 -0.657284E+02 +0.153440E+02 +0.000000E+00 +0.000000E+00 -0.117664E-02 -0.110039E-03 +0.000000E+00 +0.583072E-03 +0.000000E+00 +0.000000E+00
 +0.130720E+01 -0.104650E+03 -0.127631E+03 -0.714256E+02 -0.656886E+02 +0.152864E+02 +0.000000E+00 +0.000000E+00 -0.117690E-02 -0.109003E-03 +0.000000E+00 +0.580884E-03 +0.000000E+00 +0.000000E+00
 +0.130720E+01 -0.104660E+03 -0.127604E+03 -0.713312E+02 -0.656487E+02 +0.152288E+02 +0.000000E+00 +0.000000E+00 -0.117716E-02 -0.107967E-03 +0.000000E+00 +0.578695E-03 +0.000000E+00 +0.000000E+00
 +0.130720E+01 -0.104670E+03 -0.127578E+03 -0.712368E+02 -0.656088E+02 +0.151712E+02 +0.000000E+00 +0.000000E+00 -0.117741E-02 -0.106931E-03 +0.000000E+00 +0.576507E-03 +0.000000E+00 +0.000000E+00
 +0.130720E+01 -0.104680E+03 -0.127551E+03 -0.711424E+02 -0.655690E+02 +0.151136E+02 +0.000000E+00 +0.000000E+00 -0.117767E-02 -0.105895E-03 +0.000000E+00 +0.574318E-03 +0.000000E+00 +0.000000E+00
 +0.130720E+01 -0.104690E+03 -0.127525E+03 -0.710480E+02 -0.655291E+02 +0.150561E+02 +0.000000E+00 +0.000000E+00 -0.117792E-02 -0.104859E-03 +0.000000E+00 +0.572130E-03 +0.000000E+00 +0.000000E+00
 +0.130720E+01 -0.104700E+03 -0.127499E+03 -0.709536E+02 -0.654892E+02 +0.149985E+02 +0.000000E+00 +0.000000E+00 -0.117818E-02 -0.103823E-03 +0.000000E+00 +0.569942E-03 +0.000000E+00 +0.000000E+00
 +0.130720E+01 -0.104710E+03 -0.127472E+03 -0.708592E+02 -0.654494E+02 +0.149409E+02 +0.000000E+00 +0.000000E+00 -0.117843E-02 -0.102787E-03 +0.000000E+00 +0.567753E-03 +0.000000E+00 +0.000000E+00
 +0.130720E+01 -0.104720E+03 -0.127446E+03 -0.707648E+02 -0.654095E+02 +0.148833E+02 +0.000000E+00 +0.000000E+00 -0.117869E-02 -0.101751E-03 +0.000000E+00 +0.565565E-03 +0.000000E+00 +0.000000E+00
 +0.130720E+01 -0.104730E+03 -0.127419E+03 -0.706704E+02 -0.653696E+02 +0.148257E+02 +0.000000E+00 +0.000000E+00 -0.117894E-02 -0.100715E-03 +0.000000E+00 +0.563376E-03 +0.000000E+00 +0.000000E+00
 +0.130720E+01 -0.104740E+03 -0.127393E+03 -0.705760E+02 -0.653298E+02 +0.147681E+02 +0.000000E+00 +0.000000E+00 -0.117920E-02 -0.996792E-04 +0.000000E+00 +0.561188E-03 +0.000000E+00 +0.000000E+00
 +0.130720E+01 -0.104750E+03 -0.127367E+03 -0.704817E+02 -0.652899E+02 +0.147105E+02 +0.000000E+00 +0.000000E+00 -0.117946E-02 -0.986432E-04 +0.000000E+00 +0.558999E-03 +0.000000E+00 +0.000000E+00
 +0.130720E+01 -0.104760E+03 -0.127340E+03 -0.703873E+02 -0.652500E+02 +0.146529E+02 +0.000000E+00 +0.000000E+00 -0.117971E-02 -0.976072E-04 +0.000000E+00 +0.556811E-03 +0.000000E+00 +0.000000E+00
 +0.130720E+01 -0.104770E+03 -0.127314E+03 -0.702929E+02 -0.652102E+02 +0.145953E+02 +0.000000E+00 +0.000000E+00 -0.117997E-02 -0.965712E-04 +0.000000E+00 +0.554623E-03 +0.000000E+00 +0.000000E+00
 +0.130720E+01 -0.104780E+03 -0.127287E+03 -0.701985E+02 -0.651703E+02 +0.145377E+02 +0.000000E+00 +0.000000E+00 -0.118022E-02 -0.955352E-04 +0.000000E+00 +0.552434E-03 +0.000000E+00 +0.000000E+00
 +0.130720E+01 -0.104790E+03 -0.127261E+03 -0.701041E+02 -0.651304E+02 +0.144802E+02 +0.000000E+00 +0.000000E+00 -0.118048E-02 -0.944992E-04 +0.000000E+00 +0.550246E-03 +0.000000E+00 +0.000000E+00
 +0.130720E+01 -0.104800E+03 -0.127234E+03 -0.700097E+02 -0.650906E+02 +0.144226E+02 +0.000000E+00 +0.000000E+00 -0.118073E-02 -0.934632E-04 +0.000000E+00 +0.548057E-03 +0.000000E+00 +0.000000E+00
 +0.130720E+01 -0.104810E+03 -0.127208E+03 -0.699153E+02 -0.650507E+02 +0.143650E+02 +0.000000E+00 +0.000000E+00 -0.118099E-02 -0.924272E-04 +0.000000E+00 +0.545869E-03 +0.000000E+00 +0.000000E+00
 +0.130720E+01 -0.104820E+03 -0.127182E+03 -0.698209E+02 -0.650109E+02 +0.143074E+02 +0.000000E+00 +0.000000E+00 -0.118125E-02 -0.913912E-04 +0.000000E+00 +0.543681E-03 +0.000000E+00 +0.000000E+00
 +0.130720E+01 -0.104830E+03 -0.127155E+03 -0.697265E+02 -0.649710E+02 +0.142498E+02 +0.000000E+00 +0.000000E+00 -0.118150E-02 -0.903552E-04 +0.000000E+00 +0.541492E-03 +0.000000E+00 +0.000000E+00
 +0.130720E+01 -0.104840E+03 -0.127129E+03 -0.696321E+02 -0.649311E+02 +0.141922E+02 +0.000000E+00 +0.000000E+00 -0.118176E-02 -0.893192E-04 +0.000000E+00 +0.539304E-03 +0.000000E+00 +0.000000E+00
 +0.130720E+01 -0.104850E+03 -0.127102E+03 -0.695377E+02 -0.648913E+02 +0.141346E+02 +0.000000E+00 +0.000000E+00 -0.118201E-02 -0.882832E-04 +0.000000E+00 +0.537115E-03 +0.000000E+00 +0.000000E+00
 +0.130720E+01 -0.104860E+03 -0.127076E+03 -0.694434E+02 -0.648514E+02 +0.140770E+02 +0.000000E+00 +0.000000E+00 -0.118227E-02 -0.872472E-04 +0.000000E+00 +0.534927E-03 +0.000000E+00 +0.000000E+00
 +0.130720E+01 -0.104870E+03 -0.127050E+03 -0.693490E+02 -0.648115E+02 +0.140194E+02 +0.000000E+00 +0.000000E+00 -0.118252E-02 -0.862112E-04 +0.000000E+00 +0.532739E-03 +0.000000E+00 +0.000000E+00
 +0.130720E+01 -0.104880E+03 -0.127023E+03 -0.692546E+02 -0.647717E+02 +0.139618E+02 +0.000000E+00 +0.000000E+00 -0.118278E-02 -0.851752E-04 +0.000000E+00 +0.530550E-03 +0.000000E+00 +0.000000E+00
 +0.130720E+01 -0.104890E+03 -0.126997E+03 -0.691602E+02 -0.647318E+02 +0.139043E+02 +0.000000E+00 +0.000000E+00 -0.118303E-02 -0.841392E-04 +0.000000E+00 +0.528362E-03 +0.000000E+00 +0.000000E+00
 +0.130720E+01 -0.104900E+03 -0.126970E+03 -0.690658E+02 -0.646919E+02 +0.138467E+02 +0.000000E+00 +0.000000E+00 -0.118329E-02 -0.831032E-04 +0.000000E+00 +0.526173E-03 +0.000000E+00 +0.000000E+00
 +0.130720E+01 -0.104910E+03 -0.126944E+03 -0.689714E+02 -0.646521E+02 +0.137891E+02 +0.000000E+00 +0.000000E+00 -0.118355E-02 -0.820672E-04 +0.000000E+00 +0.523985E-03 +0.000000E+00 +0.000000E+00
 +0.130720E+01 -0.104920E+03 -0.126918E+03 -0.688770E+02 -0.646122E+02 +0.137315E+02 +0.000000E+00 +0.000000E+00 -0.118380E-02 -0.810312E-04 +0.000000E+00 +0.521797E-03 +0.000000E+00 +0.000000E+00
 +0.130720E+01 -0.104930E+03 -0.126891E+03 -0.687826E+02 -0.645723E+02 +0.136739E+02 +0.000000E+00 +0.000000E+00 -0.118406E-02 -0.799952E-04 +0.000000E+00 +0.519608E-03 +0.000000E+00 +0.000000E+00
 +0.130720E+01 -0.104940E+03 -0.126865E+03 -0.686882E+02 -0.645325E+02 +0.136163E+02 +0.000000E+00 +0.000000E+00 -0.118431E-02 -0.789591E-04 +0.000000E+00 +0.517420E-03 +0.000000E+00 +0.000000E+00
 +0.130720E+01 -0.104950E+03 -0.126838E+03 -0.685938E+02 -0.644926E+02 +0.135587E+02 +0.000000E+00 +0.000000E+00 -0.118457E-02 -0.779231E-04 +0.000000E+00 +0.515231E-03 +0.000000E+00 +0.000000E+00
 +0.130720E+01 -0.104960E+03 -0.126812E+03 -0.684994E+02 -0.644527E+02 +0.135011E+02 +0.000000E+00 +0.000000E+00 -0.118482E-02 -0.768871E-04 +0.000000E+00 +0.513043E-03 +0.000000E+00 +0.000000E+00
 +0.130720E+01 -0.104970E+03 -0.126786E+03 -0.684050E+02 -0.644129E+02 +0.134435E+02 +0.000000E+00 +0.000000E+00 -0.118508E-02 -0.758511E-04 +0.000000E+00 +0.510855E-03 +0.000000E+00 +0.000000E+00
 +0.130720E+01 -0.104980E+03 -0.126759E+03 -0.683107E+02 -0.643730E+02 +0.133860E+02 +0.000000E+00 +0.000000E+00 -0.118534E-02 -0.748151E-04 +0.000000E+00 +0.508666E-03 +0.000000E+00 +0.000000E+00
 +0.130720E+01 -0.104990E+03 -0.126733E+03 -0.682163E+02 -0.643332E+02 +0.133284E+02 +0.000000E+00 +0.000000E+00 -0.118559E-02 -0.737791E-04 +0.000000E+00 +0.506478E-03 +0.000000E+00 +0.000000E+00
