%X Y s_xx s_yy s_zz s_xy s_xz s_yz e_xx e_yy e_zz e_xy e_xz e_yz
 +0.148320E+01 -0.100000E+03 -0.484767E+03 -0.321773E+02 -0.170583E+03 +0.406750E+02 +0.000000E+00 +0.000000E+00 -0.596870E-02 +0.262928E-02 +0.000000E+00 +0.154563E-02 +0.000000E+00 +0.000000E+00
 +0.148320E+01 -0.100010E+03 -0.475853E+03 -0.382140E+02 -0.169638E+03 +0.453073E+02 +0.000000E+00 +0.000000E+00 -0.581769E-02 +0.249684E-02 +0.000000E+00 +0.172167E-02 +0.000000E+00 +0.000000E+00
 +0.148320E+01 -0.100020E+03 -0.466938E+03 -0.442279E+02 -0.168685E+03 +0.499890E+02 +0.000000E+00 +0.000000E+00 -0.566682E-02 +0.236468E-02 +0.000000E+00 +0.189958E-02 +0.000000E+00 +0.000000E+00
 +0.148320E+01 -0.100030E+03 -0.458069E+03 -0.485851E+02 -0.167196E+03 +0.582647E+02 +0.000000E+00 +0.000000E+00 -0.552659E-02 +0.225361E-02 +0.000000E+00 +0.221406E-02 +0.000000E+00 +0.000000E+00
 +0.148320E+01 -0.100040E+03 -0.449267E+03 -0.529178E+02 -0.165721E+03 +0.664574E+02 +0.000000E+00 +0.000000E+00 -0.538737E-02 +0.214326E-02 +0.000000E+00 +0.252538E-02 +0.000000E+00 +0.000000E+00
 +0.148320E+01 -0.100050E+03 -0.442858E+03 -0.563709E+02 -0.164745E+03 +0.716730E+02 +0.000000E+00 +0.000000E+00 -0.528413E-02 +0.205912E-02 +0.000000E+00 +0.272357E-02 +0.000000E+00 +0.000000E+00
 +0.148320E+01 -0.100060E+03 -0.436487E+03 -0.598055E+02 -0.163776E+03 +0.768301E+02 +0.000000E+00 +0.000000E+00 -0.518149E-02 +0.197545E-02 +0.000000E+00 +0.291954E-02 +0.000000E+00 +0.000000E+00
 +0.148320E+01 -0.100070E+03 -0.431015E+03 -0.628071E+02 -0.162961E+03 +0.806099E+02 +0.000000E+00 +0.000000E+00 -0.509302E-02 +0.190293E-02 +0.000000E+00 +0.306318E-02 +0.000000E+00 +0.000000E+00
 +0.148320E+01 -0.100080E+03 -0.425575E+03 -0.657903E+02 -0.162151E+03 +0.843415E+02 +0.000000E+00 +0.000000E+00 -0.500507E-02 +0.183085E-02 +0.000000E+00 +0.320498E-02 +0.000000E+00 +0.000000E+00
 +0.148320E+01 -0.100090E+03 -0.420696E+03 -0.684544E+02 -0.161420E+03 +0.872336E+02 +0.000000E+00 +0.000000E+00 -0.492626E-02 +0.176634E-02 +0.000000E+00 +0.331488E-02 +0.000000E+00 +0.000000E+00
 +0.148320E+01 -0.100100E+03 -0.415846E+03 -0.711002E+02 -0.160692E+03 +0.900840E+02 +0.000000E+00 +0.000000E+00 -0.484792E-02 +0.170225E-02 +0.000000E+00 +0.342319E-02 +0.000000E+00 +0.000000E+00
 +0.148320E+01 -0.100110E+03 -0.411384E+03 -0.734932E+02 -0.160010E+03 +0.923625E+02 +0.000000E+00 +0.000000E+00 -0.477612E-02 +0.164381E-02 +0.000000E+00 +0.350978E-02 +0.000000E+00 +0.000000E+00
 +0.148320E+01 -0.100120E+03 -0.406949E+03 -0.758677E+02 -0.159330E+03 +0.946040E+02 +0.000000E+00 +0.000000E+00 -0.470477E-02 +0.158578E-02 +0.000000E+00 +0.359495E-02 +0.000000E+00 +0.000000E+00
 +0.148320E+01 -0.100130E+03 -0.402815E+03 -0.780333E+02 -0.158680E+03 +0.964279E+02 +0.000000E+00 +0.000000E+00 -0.463857E-02 +0.153229E-02 +0.000000E+00 +0.366426E-02 +0.000000E+00 +0.000000E+00
 +0.148320E+01 -0.100140E+03 -0.398707E+03 -0.801803E+02 -0.158033E+03 +0.982184E+02 +0.000000E+00 +0.000000E+00 -0.457281E-02 +0.147920E-02 +0.000000E+00 +0.373230E-02 +0.000000E+00 +0.000000E+00
 +0.148320E+01 -0.100150E+03 -0.394844E+03 -0.821504E+02 -0.157408E+03 +0.996907E+02 +0.000000E+00 +0.000000E+00 -0.451129E-02 +0.142990E-02 +0.000000E+00 +0.378825E-02 +0.000000E+00 +0.000000E+00
 +0.148320E+01 -0.100160E+03 -0.391007E+03 -0.841020E+02 -0.156786E+03 +0.101133E+03 +0.000000E+00 +0.000000E+00 -0.445020E-02 +0.138100E-02 +0.000000E+00 +0.384304E-02 +0.000000E+00 +0.000000E+00
 +0.148320E+01 -0.100170E+03 -0.387377E+03 -0.859013E+02 -0.156182E+03 +0.102325E+03 +0.000000E+00 +0.000000E+00 -0.439271E-02 +0.133533E-02 +0.000000E+00 +0.388836E-02 +0.000000E+00 +0.000000E+00
 +0.148320E+01 -0.100180E+03 -0.383773E+03 -0.876822E+02 -0.155580E+03 +0.103490E+03 +0.000000E+00 +0.000000E+00 -0.433566E-02 +0.129006E-02 +0.000000E+00 +0.393262E-02 +0.000000E+00 +0.000000E+00
 +0.148320E+01 -0.100190E+03 -0.380348E+03 -0.893304E+02 -0.154994E+03 +0.104455E+03 +0.000000E+00 +0.000000E+00 -0.428173E-02 +0.124761E-02 +0.000000E+00 +0.396929E-02 +0.000000E+00 +0.000000E+00
 +0.148320E+01 -0.100200E+03 -0.376948E+03 -0.909603E+02 -0.154410E+03 +0.105395E+03 +0.000000E+00 +0.000000E+00 -0.422823E-02 +0.120554E-02 +0.000000E+00 +0.400499E-02 +0.000000E+00 +0.000000E+00
 +0.148320E+01 -0.100210E+03 -0.373708E+03 -0.924736E+02 -0.153840E+03 +0.106172E+03 +0.000000E+00 +0.000000E+00 -0.417749E-02 +0.116596E-02 +0.000000E+00 +0.403454E-02 +0.000000E+00 +0.000000E+00
 +0.148320E+01 -0.100220E+03 -0.370492E+03 -0.939688E+02 -0.153272E+03 +0.106926E+03 +0.000000E+00 +0.000000E+00 -0.412718E-02 +0.112676E-02 +0.000000E+00 +0.406319E-02 +0.000000E+00 +0.000000E+00
 +0.148320E+01 -0.100230E+03 -0.367418E+03 -0.953608E+02 -0.152717E+03 +0.107547E+03 +0.000000E+00 +0.000000E+00 -0.407931E-02 +0.108977E-02 +0.000000E+00 +0.408678E-02 +0.000000E+00 +0.000000E+00
 +0.148320E+01 -0.100240E+03 -0.364368E+03 -0.967349E+02 -0.152164E+03 +0.108146E+03 +0.000000E+00 +0.000000E+00 -0.403188E-02 +0.105315E-02 +0.000000E+00 +0.410956E-02 +0.000000E+00 +0.000000E+00
 +0.148320E+01 -0.100250E+03 -0.361446E+03 -0.980173E+02 -0.151623E+03 +0.108635E+03 +0.000000E+00 +0.000000E+00 -0.398664E-02 +0.101851E-02 +0.000000E+00 +0.412814E-02 +0.000000E+00 +0.000000E+00
 +0.148320E+01 -0.100260E+03 -0.358549E+03 -0.992821E+02 -0.151084E+03 +0.109105E+03 +0.000000E+00 +0.000000E+00 -0.394182E-02 +0.984239E-03 +0.000000E+00 +0.414598E-02 +0.000000E+00 +0.000000E+00
 +0.148320E+01 -0.100270E+03 -0.355766E+03 -0.100465E+03 -0.150556E+03 +0.109482E+03 +0.000000E+00 +0.000000E+00 -0.389899E-02 +0.951738E-03 +0.000000E+00 +0.416033E-02 +0.000000E+00 +0.000000E+00
 +0.148320E+01 -0.100280E+03 -0.353009E+03 -0.101631E+03 -0.150031E+03 +0.109842E+03 +0.000000E+00 +0.000000E+00 -0.385658E-02 +0.919610E-03 +0.000000E+00 +0.417398E-02 +0.000000E+00 +0.000000E+00
 +0.148320E+01 -0.100290E+03 -0.350356E+03 -0.102723E+03 -0.149516E+03 +0.110124E+03 +0.000000E+00 +0.000000E+00 -0.381596E-02 +0.889073E-03 +0.000000E+00 +0.418471E-02 +0.000000E+00 +0.000000E+00
 +0.148320E+01 -0.100300E+03 -0.347728E+03 -0.103798E+03 -0.149004E+03 +0.110390E+03 +0.000000E+00 +0.000000E+00 -0.377576E-02 +0.858903E-03 +0.000000E+00 +0.419482E-02 +0.000000E+00 +0.000000E+00
 +0.148320E+01 -0.100310E+03 -0.345195E+03 -0.104808E+03 -0.148501E+03 +0.110591E+03 +0.000000E+00 +0.000000E+00 -0.373719E-02 +0.830171E-03 +0.000000E+00 +0.420246E-02 +0.000000E+00 +0.000000E+00
 +0.148320E+01 -0.100320E+03 -0.342686E+03 -0.105801E+03 -0.148001E+03 +0.110777E+03 +0.000000E+00 +0.000000E+00 -0.369902E-02 +0.801800E-03 +0.000000E+00 +0.420952E-02 +0.000000E+00 +0.000000E+00
 +0.148320E+01 -0.100330E+03 -0.340264E+03 -0.106734E+03 -0.147510E+03 +0.110908E+03 +0.000000E+00 +0.000000E+00 -0.366234E-02 +0.774730E-03 +0.000000E+00 +0.421452E-02 +0.000000E+00 +0.000000E+00
 +0.148320E+01 -0.100340E+03 -0.337867E+03 -0.107652E+03 -0.147021E+03 +0.111026E+03 +0.000000E+00 +0.000000E+00 -0.362607E-02 +0.748014E-03 +0.000000E+00 +0.421898E-02 +0.000000E+00 +0.000000E+00
 +0.148320E+01 -0.100350E+03 -0.335549E+03 -0.108516E+03 -0.146542E+03 +0.111097E+03 +0.000000E+00 +0.000000E+00 -0.359114E-02 +0.722478E-03 +0.000000E+00 +0.422169E-02 +0.000000E+00 +0.000000E+00
 +0.148320E+01 -0.100360E+03 -0.333255E+03 -0.109365E+03 -0.146065E+03 +0.111156E+03 +0.000000E+00 +0.000000E+00 -0.355661E-02 +0.697288E-03 +0.000000E+00 +0.422393E-02 +0.000000E+00 +0.000000E+00
 +0.148320E+01 -0.100370E+03 -0.331034E+03 -0.110166E+03 -0.145596E+03 +0.111176E+03 +0.000000E+00 +0.000000E+00 -0.352332E-02 +0.673170E-03 +0.000000E+00 +0.422467E-02 +0.000000E+00 +0.000000E+00
 +0.148320E+01 -0.100380E+03 -0.328836E+03 -0.110952E+03 -0.145130E+03 +0.111184E+03 +0.000000E+00 +0.000000E+00 -0.349042E-02 +0.649389E-03 +0.000000E+00 +0.422498E-02 +0.000000E+00 +0.000000E+00
 +0.148320E+01 -0.100390E+03 -0.326705E+03 -0.111694E+03 -0.144672E+03 +0.111159E+03 +0.000000E+00 +0.000000E+00 -0.345864E-02 +0.626583E-03 +0.000000E+00 +0.422403E-02 +0.000000E+00 +0.000000E+00
 +0.148320E+01 -0.100400E+03 -0.324598E+03 -0.112421E+03 -0.144216E+03 +0.111123E+03 +0.000000E+00 +0.000000E+00 -0.342725E-02 +0.604106E-03 +0.000000E+00 +0.422268E-02 +0.000000E+00 +0.000000E+00
 +0.148320E+01 -0.100410E+03 -0.322552E+03 -0.113110E+03 -0.143768E+03 +0.111060E+03 +0.000000E+00 +0.000000E+00 -0.339689E-02 +0.582515E-03 +0.000000E+00 +0.422026E-02 +0.000000E+00 +0.000000E+00
 +0.148320E+01 -0.100420E+03 -0.320528E+03 -0.113784E+03 -0.143323E+03 +0.110986E+03 +0.000000E+00 +0.000000E+00 -0.336690E-02 +0.561245E-03 +0.000000E+00 +0.421748E-02 +0.000000E+00 +0.000000E+00
 +0.148320E+01 -0.100430E+03 -0.318561E+03 -0.114422E+03 -0.142885E+03 +0.110889E+03 +0.000000E+00 +0.000000E+00 -0.333786E-02 +0.540781E-03 +0.000000E+00 +0.421379E-02 +0.000000E+00 +0.000000E+00
 +0.148320E+01 -0.100440E+03 -0.316616E+03 -0.115047E+03 -0.142449E+03 +0.110783E+03 +0.000000E+00 +0.000000E+00 -0.330918E-02 +0.520630E-03 +0.000000E+00 +0.420977E-02 +0.000000E+00 +0.000000E+00
 +0.148320E+01 -0.100450E+03 -0.314724E+03 -0.115640E+03 -0.142020E+03 +0.110657E+03 +0.000000E+00 +0.000000E+00 -0.328137E-02 +0.501214E-03 +0.000000E+00 +0.420497E-02 +0.000000E+00 +0.000000E+00
 +0.148320E+01 -0.100460E+03 -0.312853E+03 -0.116220E+03 -0.141594E+03 +0.110523E+03 +0.000000E+00 +0.000000E+00 -0.325391E-02 +0.482102E-03 +0.000000E+00 +0.419988E-02 +0.000000E+00 +0.000000E+00
 +0.148320E+01 -0.100470E+03 -0.311029E+03 -0.116771E+03 -0.141174E+03 +0.110372E+03 +0.000000E+00 +0.000000E+00 -0.322725E-02 +0.463659E-03 +0.000000E+00 +0.419413E-02 +0.000000E+00 +0.000000E+00
 +0.148320E+01 -0.100480E+03 -0.309227E+03 -0.117309E+03 -0.140757E+03 +0.110213E+03 +0.000000E+00 +0.000000E+00 -0.320094E-02 +0.445511E-03 +0.000000E+00 +0.418810E-02 +0.000000E+00 +0.000000E+00
 +0.148320E+01 -0.100490E+03 -0.307469E+03 -0.117821E+03 -0.140346E+03 +0.110040E+03 +0.000000E+00 +0.000000E+00 -0.317535E-02 +0.427974E-03 +0.000000E+00 +0.418152E-02 +0.000000E+00 +0.000000E+00
 +0.148320E+01 -0.100500E+03 -0.305732E+03 -0.118320E+03 -0.139937E+03 +0.109860E+03 +0.000000E+00 +0.000000E+00 -0.315010E-02 +0.410723E-03 +0.000000E+00 +0.417468E-02 +0.000000E+00 +0.000000E+00
 +0.148320E+01 -0.100510E+03 -0.304036E+03 -0.118796E+03 -0.139535E+03 +0.109668E+03 +0.000000E+00 +0.000000E+00 -0.312552E-02 +0.394030E-03 +0.000000E+00 +0.416737E-02 +0.000000E+00 +0.000000E+00
 +0.148320E+01 -0.100520E+03 -0.302360E+03 -0.119260E+03 -0.139134E+03 +0.109469E+03 +0.000000E+00 +0.000000E+00 -0.310128E-02 +0.377614E-03 +0.000000E+00 +0.415984E-02 +0.000000E+00 +0.000000E+00
 +0.148320E+01 -0.100530E+03 -0.300721E+03 -0.119702E+03 -0.138740E+03 +0.109260E+03 +0.000000E+00 +0.000000E+00 -0.307764E-02 +0.361708E-03 +0.000000E+00 +0.415189E-02 +0.000000E+00 +0.000000E+00
 +0.148320E+01 -0.100540E+03 -0.299102E+03 -0.120133E+03 -0.138348E+03 +0.109046E+03 +0.000000E+00 +0.000000E+00 -0.305433E-02 +0.346071E-03 +0.000000E+00 +0.414375E-02 +0.000000E+00 +0.000000E+00
 +0.148320E+01 -0.100550E+03 -0.297517E+03 -0.120545E+03 -0.137961E+03 +0.108822E+03 +0.000000E+00 +0.000000E+00 -0.303158E-02 +0.330900E-03 +0.000000E+00 +0.413525E-02 +0.000000E+00 +0.000000E+00
 +0.148320E+01 -0.100560E+03 -0.295952E+03 -0.120945E+03 -0.137576E+03 +0.108594E+03 +0.000000E+00 +0.000000E+00 -0.300915E-02 +0.315989E-03 +0.000000E+00 +0.412657E-02 +0.000000E+00 +0.000000E+00
 +0.148320E+01 -0.100570E+03 -0.294419E+03 -0.121328E+03 -0.137197E+03 +0.108358E+03 +0.000000E+00 +0.000000E+00 -0.298723E-02 +0.301504E-03 +0.000000E+00 +0.411760E-02 +0.000000E+00 +0.000000E+00
 +0.148320E+01 -0.100580E+03 -0.292905E+03 -0.121700E+03 -0.136820E+03 +0.108117E+03 +0.000000E+00 +0.000000E+00 -0.296562E-02 +0.287273E-03 +0.000000E+00 +0.410846E-02 +0.000000E+00 +0.000000E+00
 +0.148320E+01 -0.100590E+03 -0.291420E+03 -0.122056E+03 -0.136447E+03 +0.107870E+03 +0.000000E+00 +0.000000E+00 -0.294449E-02 +0.273430E-03 +0.000000E+00 +0.409906E-02 +0.000000E+00 +0.000000E+00
 +0.148320E+01 -0.100600E+03 -0.289954E+03 -0.122402E+03 -0.136077E+03 +0.107619E+03 +0.000000E+00 +0.000000E+00 -0.292365E-02 +0.259833E-03 +0.000000E+00 +0.408951E-02 +0.000000E+00 +0.000000E+00
 +0.148320E+01 -0.100610E+03 -0.288514E+03 -0.122733E+03 -0.135712E+03 +0.107362E+03 +0.000000E+00 +0.000000E+00 -0.290325E-02 +0.246594E-03 +0.000000E+00 +0.407975E-02 +0.000000E+00 +0.000000E+00
 +0.148320E+01 -0.100620E+03 -0.287093E+03 -0.123055E+03 -0.135349E+03 +0.107101E+03 +0.000000E+00 +0.000000E+00 -0.288315E-02 +0.233591E-03 +0.000000E+00 +0.406985E-02 +0.000000E+00 +0.000000E+00
 +0.148320E+01 -0.100630E+03 -0.285697E+03 -0.123363E+03 -0.134990E+03 +0.106836E+03 +0.000000E+00 +0.000000E+00 -0.286344E-02 +0.220916E-03 +0.000000E+00 +0.405976E-02 +0.000000E+00 +0.000000E+00
 +0.148320E+01 -0.100640E+03 -0.284319E+03 -0.123661E+03 -0.134633E+03 +0.106567E+03 +0.000000E+00 +0.000000E+00 -0.284402E-02 +0.208472E-03 +0.000000E+00 +0.404955E-02 +0.000000E+00 +0.000000E+00
 +0.148320E+01 -0.100650E+03 -0.282964E+03 -0.123948E+03 -0.134281E+03 +0.106294E+03 +0.000000E+00 +0.000000E+00 -0.282498E-02 +0.196328E-03 +0.000000E+00 +0.403917E-02 +0.000000E+00 +0.000000E+00
 +0.148320E+01 -0.100660E+03 -0.281626E+03 -0.124225E+03 -0.133931E+03 +0.106018E+03 +0.000000E+00 +0.000000E+00 -0.280620E-02 +0.184407E-03 +0.000000E+00 +0.402869E-02 +0.000000E+00 +0.000000E+00
 +0.148320E+01 -0.100670E+03 -0.280309E+03 -0.124491E+03 -0.133584E+03 +0.105739E+03 +0.000000E+00 +0.000000E+00 -0.278777E-02 +0.172762E-03 +0.000000E+00 +0.401807E-02 +0.000000E+00 +0.000000E+00
 +0.148320E+01 -0.100680E+03 -0.279010E+03 -0.124749E+03 -0.133240E+03 +0.105457E+03 +0.000000E+00 +0.000000E+00 -0.276962E-02 +0.161334E-03 +0.000000E+00 +0.400735E-02 +0.000000E+00 +0.000000E+00
 +0.148320E+01 -0.100690E+03 -0.277730E+03 -0.124997E+03 -0.132900E+03 +0.105171E+03 +0.000000E+00 +0.000000E+00 -0.275177E-02 +0.150160E-03 +0.000000E+00 +0.399651E-02 +0.000000E+00 +0.000000E+00
 +0.148320E+01 -0.100700E+03 -0.276467E+03 -0.125236E+03 -0.132562E+03 +0.104884E+03 +0.000000E+00 +0.000000E+00 -0.273419E-02 +0.139196E-03 +0.000000E+00 +0.398558E-02 +0.000000E+00 +0.000000E+00
 +0.148320E+01 -0.100710E+03 -0.275222E+03 -0.125465E+03 -0.132227E+03 +0.104593E+03 +0.000000E+00 +0.000000E+00 -0.271690E-02 +0.128465E-03 +0.000000E+00 +0.397455E-02 +0.000000E+00 +0.000000E+00
 +0.148320E+01 -0.100720E+03 -0.273993E+03 -0.125687E+03 -0.131894E+03 +0.104301E+03 +0.000000E+00 +0.000000E+00 -0.269987E-02 +0.117939E-03 +0.000000E+00 +0.396344E-02 +0.000000E+00 +0.000000E+00
 +0.148320E+01 -0.100730E+03 -0.272781E+03 -0.125900E+03 -0.131565E+03 +0.104006E+03 +0.000000E+00 +0.000000E+00 -0.268311E-02 +0.107628E-03 +0.000000E+00 +0.395223E-02 +0.000000E+00 +0.000000E+00
 +0.148320E+01 -0.100740E+03 -0.271586E+03 -0.126106E+03 -0.131238E+03 +0.103709E+03 +0.000000E+00 +0.000000E+00 -0.266660E-02 +0.975152E-04 +0.000000E+00 +0.394096E-02 +0.000000E+00 +0.000000E+00
 +0.148320E+01 -0.100750E+03 -0.270405E+03 -0.126303E+03 -0.130914E+03 +0.103411E+03 +0.000000E+00 +0.000000E+00 -0.265034E-02 +0.876001E-04 +0.000000E+00 +0.392961E-02 +0.000000E+00 +0.000000E+00
 +0.148320E+01 -0.100760E+03 -0.269241E+03 -0.126493E+03 -0.130592E+03 +0.103110E+03 +0.000000E+00 +0.000000E+00 -0.263432E-02 +0.778789E-04 +0.000000E+00 +0.391819E-02 +0.000000E+00 +0.000000E+00
 +0.148320E+01 -0.100770E+03 -0.268091E+03 -0.126676E+03 -0.130273E+03 +0.102808E+03 +0.000000E+00 +0.000000E+00 -0.261854E-02 +0.683396E-04 +0.000000E+00 +0.390671E-02 +0.000000E+00 +0.000000E+00
 +0.148320E+01 -0.100780E+03 -0.266956E+03 -0.126852E+03 -0.129957E+03 +0.102504E+03 +0.000000E+00 +0.000000E+00 -0.260299E-02 +0.589890E-04 +0.000000E+00 +0.389516E-02 +0.000000E+00 +0.000000E+00
 +0.148320E+01 -0.100790E+03 -0.265835E+03 -0.127021E+03 -0.129643E+03 +0.102199E+03 +0.000000E+00 +0.000000E+00 -0.258766E-02 +0.498062E-04 +0.000000E+00 +0.388357E-02 +0.000000E+00 +0.000000E+00
 +0.148320E+01 -0.100800E+03 -0.264729E+03 -0.127183E+03 -0.129331E+03 +0.101892E+03 +0.000000E+00 +0.000000E+00 -0.257256E-02 +0.408073E-04 +0.000000E+00 +0.387191E-02 +0.000000E+00 +0.000000E+00
 +0.148320E+01 -0.100810E+03 -0.263635E+03 -0.127339E+03 -0.129022E+03 +0.101585E+03 +0.000000E+00 +0.000000E+00 -0.255766E-02 +0.319632E-04 +0.000000E+00 +0.386021E-02 +0.000000E+00 +0.000000E+00
 +0.148320E+01 -0.100820E+03 -0.262556E+03 -0.127489E+03 -0.128715E+03 +0.101275E+03 +0.000000E+00 +0.000000E+00 -0.254299E-02 +0.232985E-04 +0.000000E+00 +0.384846E-02 +0.000000E+00 +0.000000E+00
 +0.148320E+01 -0.100830E+03 -0.261489E+03 -0.127632E+03 -0.128410E+03 +0.100965E+03 +0.000000E+00 +0.000000E+00 -0.252850E-02 +0.147767E-04 +0.000000E+00 +0.383667E-02 +0.000000E+00 +0.000000E+00
 +0.148320E+01 -0.100840E+03 -0.260436E+03 -0.127769E+03 -0.128108E+03 +0.100654E+03 +0.000000E+00 +0.000000E+00 -0.251424E-02 +0.643004E-05 +0.000000E+00 +0.382483E-02 +0.000000E+00 +0.000000E+00
 +0.148320E+01 -0.100850E+03 -0.259394E+03 -0.127901E+03 -0.127807E+03 +0.100341E+03 +0.000000E+00 +0.000000E+00 -0.250014E-02 -0.178461E-05 +0.000000E+00 +0.381296E-02 +0.000000E+00 +0.000000E+00
 +0.148320E+01 -0.100860E+03 -0.258366E+03 -0.128027E+03 -0.127510E+03 +0.100028E+03 +0.000000E+00 +0.000000E+00 -0.248627E-02 -0.982823E-05 +0.000000E+00 +0.380105E-02 +0.000000E+00 +0.000000E+00
 +0.148320E+01 -0.100870E+03 -0.257348E+03 -0.128148E+03 -0.127214E+03 +0.997135E+02 +0.000000E+00 +0.000000E+00 -0.247255E-02 -0.177499E-04 +0.000000E+00 +0.378911E-02 +0.000000E+00 +0.000000E+00
 +0.148320E+01 -0.100880E+03 -0.256344E+03 -0.128262E+03 -0.126920E+03 +0.993983E+02 +0.000000E+00 +0.000000E+00 -0.245905E-02 -0.255043E-04 +0.000000E+00 +0.377714E-02 +0.000000E+00 +0.000000E+00
 +0.148320E+01 -0.100890E+03 -0.255349E+03 -0.128373E+03 -0.126628E+03 +0.990825E+02 +0.000000E+00 +0.000000E+00 -0.244570E-02 -0.331459E-04 +0.000000E+00 +0.376514E-02 +0.000000E+00 +0.000000E+00
 +0.148320E+01 -0.100900E+03 -0.254368E+03 -0.128477E+03 -0.126339E+03 +0.987658E+02 +0.000000E+00 +0.000000E+00 -0.243255E-02 -0.406240E-04 +0.000000E+00 +0.375310E-02 +0.000000E+00 +0.000000E+00
 +0.148320E+01 -0.100910E+03 -0.253396E+03 -0.128577E+03 -0.126051E+03 +0.984486E+02 +0.000000E+00 +0.000000E+00 -0.241955E-02 -0.479978E-04 +0.000000E+00 +0.374105E-02 +0.000000E+00 +0.000000E+00
 +0.148320E+01 -0.100920E+03 -0.252437E+03 -0.128672E+03 -0.125766E+03 +0.981306E+02 +0.000000E+00 +0.000000E+00 -0.240675E-02 -0.552114E-04 +0.000000E+00 +0.372896E-02 +0.000000E+00 +0.000000E+00
 +0.148320E+01 -0.100930E+03 -0.251486E+03 -0.128762E+03 -0.125482E+03 +0.978122E+02 +0.000000E+00 +0.000000E+00 -0.239408E-02 -0.623286E-04 +0.000000E+00 +0.371686E-02 +0.000000E+00 +0.000000E+00
 +0.148320E+01 -0.100940E+03 -0.250548E+03 -0.128847E+03 -0.125201E+03 +0.974931E+02 +0.000000E+00 +0.000000E+00 -0.238161E-02 -0.692888E-04 +0.000000E+00 +0.370474E-02 +0.000000E+00 +0.000000E+00
 +0.148320E+01 -0.100950E+03 -0.249618E+03 -0.128929E+03 -0.124921E+03 +0.971736E+02 +0.000000E+00 +0.000000E+00 -0.236925E-02 -0.761599E-04 +0.000000E+00 +0.369260E-02 +0.000000E+00 +0.000000E+00
 +0.148320E+01 -0.100960E+03 -0.248701E+03 -0.129005E+03 -0.124643E+03 +0.968535E+02 +0.000000E+00 +0.000000E+00 -0.235710E-02 -0.828771E-04 +0.000000E+00 +0.368043E-02 +0.000000E+00 +0.000000E+00
 +0.148320E+01 -0.100970E+03 -0.247791E+03 -0.129078E+03 -0.124367E+03 +0.965331E+02 +0.000000E+00 +0.000000E+00 -0.234506E-02 -0.895119E-04 +0.000000E+00 +0.366826E-02 +0.000000E+00 +0.000000E+00
 +0.148320E+01 -0.100980E+03 -0.246894E+03 -0.129145E+03 -0.124093E+03 +0.962122E+02 +0.000000E+00 +0.000000E+00 -0.233321E-02 -0.959956E-04 +0.000000E+00 +0.365606E-02 +0.000000E+00 +0.000000E+00
 +0.148320E+01 -0.100990E+03 -0.246003E+03 -0.129210E+03 -0.123820E+03 +0.958910E+02 +0.000000E+00 +0.000000E+00 -0.232147E-02 -0.102403E-03 +0.000000E+00 +0.364386E-02 +0.000000E+00 +0.000000E+00
 +0.148320E+01 -0.101000E+03 -0.245124E+03 -0.129269E+03 -0.123550E+03 +0.955695E+02 +0.000000E+00 +0.000000E+00 -0.230992E-02 -0.108663E-03 +0.000000E+00 +0.363164E-02 +0.000000E+00 +0.000000E+00
 +0.148320E+01 -0.101010E+03 -0.244252E+03 -0.129325E+03 -0.123281E+03 +0.952477E+02 +0.000000E+00 +0.000000E+00 -0.229846E-02 -0.114852E-03 +0.000000E+00 +0.361941E-02 +0.000000E+00 +0.000000E+00
 +0.148320E+01 -0.101020E+03 -0.243393E+03 -0.129377E+03 -0.123014E+03 +0.949255E+02 +0.000000E+00 +0.000000E+00 -0.228719E-02 -0.120895E-03 +0.000000E+00 +0.360717E-02 +0.000000E+00 +0.000000E+00
 +0.148320E+01 -0.101030E+03 -0.242538E+03 -0.129426E+03 -0.122748E+03 +0.946033E+02 +0.000000E+00 +0.000000E+00 -0.227601E-02 -0.126873E-03 +0.000000E+00 +0.359492E-02 +0.000000E+00 +0.000000E+00
 +0.148320E+01 -0.101040E+03 -0.241697E+03 -0.129469E+03 -0.122485E+03 +0.942807E+02 +0.000000E+00 +0.000000E+00 -0.226502E-02 -0.132708E-03 +0.000000E+00 +0.358267E-02 +0.000000E+00 +0.000000E+00
 +0.148320E+01 -0.101050E+03 -0.240860E+03 -0.129511E+03 -0.122222E+03 +0.939580E+02 +0.000000E+00 +0.000000E+00 -0.225411E-02 -0.138483E-03 +0.000000E+00 +0.357040E-02 +0.000000E+00 +0.000000E+00
 +0.148320E+01 -0.101060E+03 -0.240035E+03 -0.129547E+03 -0.121962E+03 +0.936351E+02 +0.000000E+00 +0.000000E+00 -0.224339E-02 -0.144117E-03 +0.000000E+00 +0.355813E-02 +0.000000E+00 +0.000000E+00
 +0.148320E+01 -0.101070E+03 -0.239216E+03 -0.129582E+03 -0.121703E+03 +0.933121E+02 +0.000000E+00 +0.000000E+00 -0.223273E-02 -0.149696E-03 +0.000000E+00 +0.354586E-02 +0.000000E+00 +0.000000E+00
 +0.148320E+01 -0.101080E+03 -0.238408E+03 -0.129611E+03 -0.121446E+03 +0.929890E+02 +0.000000E+00 +0.000000E+00 -0.222227E-02 -0.155136E-03 +0.000000E+00 +0.353358E-02 +0.000000E+00 +0.000000E+00
 +0.148320E+01 -0.101090E+03 -0.237604E+03 -0.129639E+03 -0.121190E+03 +0.926658E+02 +0.000000E+00 +0.000000E+00 -0.221187E-02 -0.160526E-03 +0.000000E+00 +0.352130E-02 +0.000000E+00 +0.000000E+00
 +0.148320E+01 -0.101100E+03 -0.236813E+03 -0.129662E+03 -0.120937E+03 +0.923426E+02 +0.000000E+00 +0.000000E+00 -0.220165E-02 -0.165779E-03 +0.000000E+00 +0.350902E-02 +0.000000E+00 +0.000000E+00
 +0.148320E+01 -0.101110E+03 -0.236026E+03 -0.129683E+03 -0.120684E+03 +0.920193E+02 +0.000000E+00 +0.000000E+00 -0.219149E-02 -0.170985E-03 +0.000000E+00 +0.349673E-02 +0.000000E+00 +0.000000E+00
 +0.148320E+01 -0.101120E+03 -0.235250E+03 -0.129699E+03 -0.120433E+03 +0.916960E+02 +0.000000E+00 +0.000000E+00 -0.218152E-02 -0.176057E-03 +0.000000E+00 +0.348445E-02 +0.000000E+00 +0.000000E+00
 +0.148320E+01 -0.101130E+03 -0.234478E+03 -0.129714E+03 -0.120183E+03 +0.913727E+02 +0.000000E+00 +0.000000E+00 -0.217160E-02 -0.181085E-03 +0.000000E+00 +0.347216E-02 +0.000000E+00 +0.000000E+00
 +0.148320E+01 -0.101140E+03 -0.233718E+03 -0.129724E+03 -0.119936E+03 +0.910495E+02 +0.000000E+00 +0.000000E+00 -0.216185E-02 -0.185981E-03 +0.000000E+00 +0.345988E-02 +0.000000E+00 +0.000000E+00
 +0.148320E+01 -0.101150E+03 -0.232961E+03 -0.129733E+03 -0.119689E+03 +0.907263E+02 +0.000000E+00 +0.000000E+00 -0.215216E-02 -0.190838E-03 +0.000000E+00 +0.344760E-02 +0.000000E+00 +0.000000E+00
 +0.148320E+01 -0.101160E+03 -0.232215E+03 -0.129737E+03 -0.119444E+03 +0.904032E+02 +0.000000E+00 +0.000000E+00 -0.214265E-02 -0.195564E-03 +0.000000E+00 +0.343532E-02 +0.000000E+00 +0.000000E+00
 +0.148320E+01 -0.101170E+03 -0.231473E+03 -0.129740E+03 -0.119200E+03 +0.900801E+02 +0.000000E+00 +0.000000E+00 -0.213318E-02 -0.200255E-03 +0.000000E+00 +0.342304E-02 +0.000000E+00 +0.000000E+00
 +0.148320E+01 -0.101180E+03 -0.230742E+03 -0.129738E+03 -0.118959E+03 +0.897572E+02 +0.000000E+00 +0.000000E+00 -0.212389E-02 -0.204816E-03 +0.000000E+00 +0.341077E-02 +0.000000E+00 +0.000000E+00
 +0.148320E+01 -0.101190E+03 -0.230014E+03 -0.129736E+03 -0.118718E+03 +0.894344E+02 +0.000000E+00 +0.000000E+00 -0.211464E-02 -0.209345E-03 +0.000000E+00 +0.339851E-02 +0.000000E+00 +0.000000E+00
 +0.148320E+01 -0.101200E+03 -0.229298E+03 -0.129728E+03 -0.118479E+03 +0.891117E+02 +0.000000E+00 +0.000000E+00 -0.210556E-02 -0.213746E-03 +0.000000E+00 +0.338625E-02 +0.000000E+00 +0.000000E+00
 +0.148320E+01 -0.101210E+03 -0.228584E+03 -0.129720E+03 -0.118240E+03 +0.887892E+02 +0.000000E+00 +0.000000E+00 -0.209652E-02 -0.218118E-03 +0.000000E+00 +0.337399E-02 +0.000000E+00 +0.000000E+00
 +0.148320E+01 -0.101220E+03 -0.227881E+03 -0.129708E+03 -0.118004E+03 +0.884669E+02 +0.000000E+00 +0.000000E+00 -0.208766E-02 -0.222365E-03 +0.000000E+00 +0.336174E-02 +0.000000E+00 +0.000000E+00
 +0.148320E+01 -0.101230E+03 -0.227180E+03 -0.129694E+03 -0.117768E+03 +0.881447E+02 +0.000000E+00 +0.000000E+00 -0.207882E-02 -0.226584E-03 +0.000000E+00 +0.334950E-02 +0.000000E+00 +0.000000E+00
 +0.148320E+01 -0.101240E+03 -0.226491E+03 -0.129676E+03 -0.117535E+03 +0.878229E+02 +0.000000E+00 +0.000000E+00 -0.207016E-02 -0.230680E-03 +0.000000E+00 +0.333727E-02 +0.000000E+00 +0.000000E+00
 +0.148320E+01 -0.101250E+03 -0.225803E+03 -0.129657E+03 -0.117302E+03 +0.875012E+02 +0.000000E+00 +0.000000E+00 -0.206152E-02 -0.234752E-03 +0.000000E+00 +0.332504E-02 +0.000000E+00 +0.000000E+00
 +0.148320E+01 -0.101260E+03 -0.225127E+03 -0.129634E+03 -0.117071E+03 +0.871798E+02 +0.000000E+00 +0.000000E+00 -0.205306E-02 -0.238700E-03 +0.000000E+00 +0.331283E-02 +0.000000E+00 +0.000000E+00
 +0.148320E+01 -0.101270E+03 -0.224452E+03 -0.129611E+03 -0.116841E+03 +0.868585E+02 +0.000000E+00 +0.000000E+00 -0.204462E-02 -0.242628E-03 +0.000000E+00 +0.330062E-02 +0.000000E+00 +0.000000E+00
 +0.148320E+01 -0.101280E+03 -0.223789E+03 -0.129583E+03 -0.116613E+03 +0.865378E+02 +0.000000E+00 +0.000000E+00 -0.203635E-02 -0.246435E-03 +0.000000E+00 +0.328843E-02 +0.000000E+00 +0.000000E+00
 +0.148320E+01 -0.101290E+03 -0.223127E+03 -0.129555E+03 -0.116385E+03 +0.862170E+02 +0.000000E+00 +0.000000E+00 -0.202810E-02 -0.250223E-03 +0.000000E+00 +0.327625E-02 +0.000000E+00 +0.000000E+00
 +0.148320E+01 -0.101300E+03 -0.222476E+03 -0.129522E+03 -0.116159E+03 +0.858969E+02 +0.000000E+00 +0.000000E+00 -0.202002E-02 -0.253891E-03 +0.000000E+00 +0.326408E-02 +0.000000E+00 +0.000000E+00
 +0.148320E+01 -0.101310E+03 -0.221826E+03 -0.129489E+03 -0.115934E+03 +0.855768E+02 +0.000000E+00 +0.000000E+00 -0.201195E-02 -0.257543E-03 +0.000000E+00 +0.325192E-02 +0.000000E+00 +0.000000E+00
 +0.148320E+01 -0.101320E+03 -0.221187E+03 -0.129452E+03 -0.115711E+03 +0.852573E+02 +0.000000E+00 +0.000000E+00 -0.200405E-02 -0.261076E-03 +0.000000E+00 +0.323978E-02 +0.000000E+00 +0.000000E+00
 +0.148320E+01 -0.101330E+03 -0.220550E+03 -0.129414E+03 -0.115488E+03 +0.849379E+02 +0.000000E+00 +0.000000E+00 -0.199617E-02 -0.264595E-03 +0.000000E+00 +0.322764E-02 +0.000000E+00 +0.000000E+00
 +0.148320E+01 -0.101340E+03 -0.219923E+03 -0.129372E+03 -0.115267E+03 +0.846191E+02 +0.000000E+00 +0.000000E+00 -0.198845E-02 -0.267997E-03 +0.000000E+00 +0.321553E-02 +0.000000E+00 +0.000000E+00
 +0.148320E+01 -0.101350E+03 -0.219297E+03 -0.129330E+03 -0.115047E+03 +0.843004E+02 +0.000000E+00 +0.000000E+00 -0.198074E-02 -0.271387E-03 +0.000000E+00 +0.320342E-02 +0.000000E+00 +0.000000E+00
 +0.148320E+01 -0.101360E+03 -0.218681E+03 -0.129285E+03 -0.114829E+03 +0.839825E+02 +0.000000E+00 +0.000000E+00 -0.197320E-02 -0.274661E-03 +0.000000E+00 +0.319133E-02 +0.000000E+00 +0.000000E+00
 +0.148320E+01 -0.101370E+03 -0.218067E+03 -0.129238E+03 -0.114611E+03 +0.836646E+02 +0.000000E+00 +0.000000E+00 -0.196567E-02 -0.277925E-03 +0.000000E+00 +0.317925E-02 +0.000000E+00 +0.000000E+00
 +0.148320E+01 -0.101380E+03 -0.217463E+03 -0.129188E+03 -0.114395E+03 +0.833475E+02 +0.000000E+00 +0.000000E+00 -0.195829E-02 -0.281075E-03 +0.000000E+00 +0.316720E-02 +0.000000E+00 +0.000000E+00
 +0.148320E+01 -0.101390E+03 -0.216860E+03 -0.129138E+03 -0.114179E+03 +0.830304E+02 +0.000000E+00 +0.000000E+00 -0.195093E-02 -0.284216E-03 +0.000000E+00 +0.315515E-02 +0.000000E+00 +0.000000E+00
 +0.148320E+01 -0.101400E+03 -0.216267E+03 -0.129084E+03 -0.113966E+03 +0.827142E+02 +0.000000E+00 +0.000000E+00 -0.194372E-02 -0.287244E-03 +0.000000E+00 +0.314314E-02 +0.000000E+00 +0.000000E+00
 +0.148320E+01 -0.101410E+03 -0.215674E+03 -0.129029E+03 -0.113752E+03 +0.823980E+02 +0.000000E+00 +0.000000E+00 -0.193652E-02 -0.290266E-03 +0.000000E+00 +0.313112E-02 +0.000000E+00 +0.000000E+00
 +0.148320E+01 -0.101420E+03 -0.215092E+03 -0.128971E+03 -0.113541E+03 +0.820827E+02 +0.000000E+00 +0.000000E+00 -0.192948E-02 -0.293176E-03 +0.000000E+00 +0.311914E-02 +0.000000E+00 +0.000000E+00
 +0.148320E+01 -0.101430E+03 -0.214511E+03 -0.128913E+03 -0.113330E+03 +0.817675E+02 +0.000000E+00 +0.000000E+00 -0.192244E-02 -0.296082E-03 +0.000000E+00 +0.310716E-02 +0.000000E+00 +0.000000E+00
 +0.148320E+01 -0.101440E+03 -0.213940E+03 -0.128851E+03 -0.113121E+03 +0.814532E+02 +0.000000E+00 +0.000000E+00 -0.191555E-02 -0.298876E-03 +0.000000E+00 +0.309522E-02 +0.000000E+00 +0.000000E+00
 +0.148320E+01 -0.101450E+03 -0.213369E+03 -0.128789E+03 -0.112912E+03 +0.811390E+02 +0.000000E+00 +0.000000E+00 -0.190867E-02 -0.301668E-03 +0.000000E+00 +0.308328E-02 +0.000000E+00 +0.000000E+00
 +0.148320E+01 -0.101460E+03 -0.212808E+03 -0.128724E+03 -0.112705E+03 +0.808257E+02 +0.000000E+00 +0.000000E+00 -0.190194E-02 -0.304350E-03 +0.000000E+00 +0.307138E-02 +0.000000E+00 +0.000000E+00
 +0.148320E+01 -0.101470E+03 -0.212247E+03 -0.128658E+03 -0.112499E+03 +0.805125E+02 +0.000000E+00 +0.000000E+00 -0.189522E-02 -0.307031E-03 +0.000000E+00 +0.305948E-02 +0.000000E+00 +0.000000E+00
 +0.148320E+01 -0.101480E+03 -0.211696E+03 -0.128589E+03 -0.112294E+03 +0.802004E+02 +0.000000E+00 +0.000000E+00 -0.188864E-02 -0.309604E-03 +0.000000E+00 +0.304761E-02 +0.000000E+00 +0.000000E+00
 +0.148320E+01 -0.101490E+03 -0.211146E+03 -0.128520E+03 -0.112090E+03 +0.798883E+02 +0.000000E+00 +0.000000E+00 -0.188207E-02 -0.312175E-03 +0.000000E+00 +0.303575E-02 +0.000000E+00 +0.000000E+00
 +0.148320E+01 -0.101500E+03 -0.210605E+03 -0.128447E+03 -0.111887E+03 +0.795772E+02 +0.000000E+00 +0.000000E+00 -0.187564E-02 -0.314642E-03 +0.000000E+00 +0.302394E-02 +0.000000E+00 +0.000000E+00
 +0.148320E+01 -0.101510E+03 -0.210065E+03 -0.128375E+03 -0.111685E+03 +0.792663E+02 +0.000000E+00 +0.000000E+00 -0.186921E-02 -0.317106E-03 +0.000000E+00 +0.301212E-02 +0.000000E+00 +0.000000E+00
 +0.148320E+01 -0.101520E+03 -0.209534E+03 -0.128299E+03 -0.111485E+03 +0.789564E+02 +0.000000E+00 +0.000000E+00 -0.186293E-02 -0.319470E-03 +0.000000E+00 +0.300034E-02 +0.000000E+00 +0.000000E+00
 +0.148320E+01 -0.101530E+03 -0.209003E+03 -0.128223E+03 -0.111284E+03 +0.786466E+02 +0.000000E+00 +0.000000E+00 -0.185665E-02 -0.321830E-03 +0.000000E+00 +0.298857E-02 +0.000000E+00 +0.000000E+00
 +0.148320E+01 -0.101540E+03 -0.208481E+03 -0.128144E+03 -0.111086E+03 +0.783380E+02 +0.000000E+00 +0.000000E+00 -0.185050E-02 -0.324093E-03 +0.000000E+00 +0.297684E-02 +0.000000E+00 +0.000000E+00
 +0.148320E+01 -0.101550E+03 -0.207960E+03 -0.128065E+03 -0.110888E+03 +0.780294E+02 +0.000000E+00 +0.000000E+00 -0.184437E-02 -0.326351E-03 +0.000000E+00 +0.296512E-02 +0.000000E+00 +0.000000E+00
 +0.148320E+01 -0.101560E+03 -0.207448E+03 -0.127982E+03 -0.110692E+03 +0.777220E+02 +0.000000E+00 +0.000000E+00 -0.183836E-02 -0.328516E-03 +0.000000E+00 +0.295344E-02 +0.000000E+00 +0.000000E+00
 +0.148320E+01 -0.101570E+03 -0.206936E+03 -0.127900E+03 -0.110496E+03 +0.774147E+02 +0.000000E+00 +0.000000E+00 -0.183237E-02 -0.330675E-03 +0.000000E+00 +0.294176E-02 +0.000000E+00 +0.000000E+00
 +0.148320E+01 -0.101580E+03 -0.206433E+03 -0.127815E+03 -0.110302E+03 +0.771085E+02 +0.000000E+00 +0.000000E+00 -0.182650E-02 -0.332744E-03 +0.000000E+00 +0.293012E-02 +0.000000E+00 +0.000000E+00
 +0.148320E+01 -0.101590E+03 -0.205931E+03 -0.127729E+03 -0.110108E+03 +0.768025E+02 +0.000000E+00 +0.000000E+00 -0.182064E-02 -0.334806E-03 +0.000000E+00 +0.291850E-02 +0.000000E+00 +0.000000E+00
 +0.148320E+01 -0.101600E+03 -0.205436E+03 -0.127641E+03 -0.109916E+03 +0.764977E+02 +0.000000E+00 +0.000000E+00 -0.181490E-02 -0.336782E-03 +0.000000E+00 +0.290691E-02 +0.000000E+00 +0.000000E+00
 +0.148320E+01 -0.101610E+03 -0.204943E+03 -0.127552E+03 -0.109724E+03 +0.761931E+02 +0.000000E+00 +0.000000E+00 -0.180917E-02 -0.338748E-03 +0.000000E+00 +0.289534E-02 +0.000000E+00 +0.000000E+00
 +0.148320E+01 -0.101620E+03 -0.204458E+03 -0.127461E+03 -0.109533E+03 +0.758896E+02 +0.000000E+00 +0.000000E+00 -0.180356E-02 -0.340633E-03 +0.000000E+00 +0.288381E-02 +0.000000E+00 +0.000000E+00
 +0.148320E+01 -0.101630E+03 -0.203973E+03 -0.127370E+03 -0.109343E+03 +0.755863E+02 +0.000000E+00 +0.000000E+00 -0.179797E-02 -0.342507E-03 +0.000000E+00 +0.287228E-02 +0.000000E+00 +0.000000E+00
 +0.148320E+01 -0.101640E+03 -0.203496E+03 -0.127276E+03 -0.109155E+03 +0.752842E+02 +0.000000E+00 +0.000000E+00 -0.179249E-02 -0.344302E-03 +0.000000E+00 +0.286080E-02 +0.000000E+00 +0.000000E+00
 +0.148320E+01 -0.101650E+03 -0.203021E+03 -0.127182E+03 -0.108967E+03 +0.749824E+02 +0.000000E+00 +0.000000E+00 -0.178702E-02 -0.346086E-03 +0.000000E+00 +0.284933E-02 +0.000000E+00 +0.000000E+00
 +0.148320E+01 -0.101660E+03 -0.202552E+03 -0.127085E+03 -0.108780E+03 +0.746817E+02 +0.000000E+00 +0.000000E+00 -0.178167E-02 -0.347794E-03 +0.000000E+00 +0.283791E-02 +0.000000E+00 +0.000000E+00
 +0.148320E+01 -0.101670E+03 -0.202085E+03 -0.126989E+03 -0.108594E+03 +0.743813E+02 +0.000000E+00 +0.000000E+00 -0.177633E-02 -0.349490E-03 +0.000000E+00 +0.282649E-02 +0.000000E+00 +0.000000E+00
 +0.148320E+01 -0.101680E+03 -0.201625E+03 -0.126889E+03 -0.108410E+03 +0.740821E+02 +0.000000E+00 +0.000000E+00 -0.177109E-02 -0.351113E-03 +0.000000E+00 +0.281512E-02 +0.000000E+00 +0.000000E+00
 +0.148320E+01 -0.101690E+03 -0.201166E+03 -0.126790E+03 -0.108226E+03 +0.737831E+02 +0.000000E+00 +0.000000E+00 -0.176587E-02 -0.352723E-03 +0.000000E+00 +0.280376E-02 +0.000000E+00 +0.000000E+00
 +0.148320E+01 -0.101700E+03 -0.200714E+03 -0.126688E+03 -0.108043E+03 +0.734854E+02 +0.000000E+00 +0.000000E+00 -0.176076E-02 -0.354263E-03 +0.000000E+00 +0.279245E-02 +0.000000E+00 +0.000000E+00
 +0.148320E+01 -0.101710E+03 -0.200264E+03 -0.126586E+03 -0.107861E+03 +0.731880E+02 +0.000000E+00 +0.000000E+00 -0.175566E-02 -0.355789E-03 +0.000000E+00 +0.278114E-02 +0.000000E+00 +0.000000E+00
 +0.148320E+01 -0.101720E+03 -0.199820E+03 -0.126482E+03 -0.107680E+03 +0.728918E+02 +0.000000E+00 +0.000000E+00 -0.175066E-02 -0.357247E-03 +0.000000E+00 +0.276989E-02 +0.000000E+00 +0.000000E+00
 +0.148320E+01 -0.101730E+03 -0.199377E+03 -0.126378E+03 -0.107499E+03 +0.725959E+02 +0.000000E+00 +0.000000E+00 -0.174569E-02 -0.358691E-03 +0.000000E+00 +0.275864E-02 +0.000000E+00 +0.000000E+00
 +0.148320E+01 -0.101740E+03 -0.198941E+03 -0.126271E+03 -0.107320E+03 +0.723012E+02 +0.000000E+00 +0.000000E+00 -0.174080E-02 -0.360071E-03 +0.000000E+00 +0.274745E-02 +0.000000E+00 +0.000000E+00
 +0.148320E+01 -0.101750E+03 -0.198507E+03 -0.126164E+03 -0.107141E+03 +0.720069E+02 +0.000000E+00 +0.000000E+00 -0.173594E-02 -0.361435E-03 +0.000000E+00 +0.273626E-02 +0.000000E+00 +0.000000E+00
 +0.148320E+01 -0.101760E+03 -0.198078E+03 -0.126056E+03 -0.106964E+03 +0.717138E+02 +0.000000E+00 +0.000000E+00 -0.173117E-02 -0.362736E-03 +0.000000E+00 +0.272512E-02 +0.000000E+00 +0.000000E+00
 +0.148320E+01 -0.101770E+03 -0.197652E+03 -0.125946E+03 -0.106787E+03 +0.714210E+02 +0.000000E+00 +0.000000E+00 -0.172642E-02 -0.364022E-03 +0.000000E+00 +0.271400E-02 +0.000000E+00 +0.000000E+00
 +0.148320E+01 -0.101780E+03 -0.197231E+03 -0.125835E+03 -0.106612E+03 +0.711295E+02 +0.000000E+00 +0.000000E+00 -0.172176E-02 -0.365248E-03 +0.000000E+00 +0.270292E-02 +0.000000E+00 +0.000000E+00
 +0.148320E+01 -0.101790E+03 -0.196812E+03 -0.125724E+03 -0.106437E+03 +0.708384E+02 +0.000000E+00 +0.000000E+00 -0.171712E-02 -0.366458E-03 +0.000000E+00 +0.269186E-02 +0.000000E+00 +0.000000E+00
 +0.148320E+01 -0.101800E+03 -0.196398E+03 -0.125611E+03 -0.106263E+03 +0.705485E+02 +0.000000E+00 +0.000000E+00 -0.171257E-02 -0.367610E-03 +0.000000E+00 +0.268084E-02 +0.000000E+00 +0.000000E+00
 +0.148320E+01 -0.101810E+03 -0.195987E+03 -0.125497E+03 -0.106090E+03 +0.702590E+02 +0.000000E+00 +0.000000E+00 -0.170804E-02 -0.368746E-03 +0.000000E+00 +0.266984E-02 +0.000000E+00 +0.000000E+00
 +0.148320E+01 -0.101820E+03 -0.195581E+03 -0.125382E+03 -0.105918E+03 +0.699708E+02 +0.000000E+00 +0.000000E+00 -0.170359E-02 -0.369826E-03 +0.000000E+00 +0.265889E-02 +0.000000E+00 +0.000000E+00
 +0.148320E+01 -0.101830E+03 -0.195176E+03 -0.125267E+03 -0.105746E+03 +0.696829E+02 +0.000000E+00 +0.000000E+00 -0.169917E-02 -0.370888E-03 +0.000000E+00 +0.264795E-02 +0.000000E+00 +0.000000E+00
 +0.148320E+01 -0.101840E+03 -0.194777E+03 -0.125149E+03 -0.105576E+03 +0.693964E+02 +0.000000E+00 +0.000000E+00 -0.169483E-02 -0.371898E-03 +0.000000E+00 +0.263706E-02 +0.000000E+00 +0.000000E+00
 +0.148320E+01 -0.101850E+03 -0.194380E+03 -0.125032E+03 -0.105406E+03 +0.691102E+02 +0.000000E+00 +0.000000E+00 -0.169051E-02 -0.372890E-03 +0.000000E+00 +0.262619E-02 +0.000000E+00 +0.000000E+00
 +0.148320E+01 -0.101860E+03 -0.193988E+03 -0.124913E+03 -0.105237E+03 +0.688253E+02 +0.000000E+00 +0.000000E+00 -0.168627E-02 -0.373831E-03 +0.000000E+00 +0.261536E-02 +0.000000E+00 +0.000000E+00
 +0.148320E+01 -0.101870E+03 -0.193598E+03 -0.124793E+03 -0.105069E+03 +0.685409E+02 +0.000000E+00 +0.000000E+00 -0.168206E-02 -0.374753E-03 +0.000000E+00 +0.260455E-02 +0.000000E+00 +0.000000E+00
 +0.148320E+01 -0.101880E+03 -0.193213E+03 -0.124672E+03 -0.104902E+03 +0.682577E+02 +0.000000E+00 +0.000000E+00 -0.167791E-02 -0.375627E-03 +0.000000E+00 +0.259379E-02 +0.000000E+00 +0.000000E+00
 +0.148320E+01 -0.101890E+03 -0.192830E+03 -0.124551E+03 -0.104736E+03 +0.679750E+02 +0.000000E+00 +0.000000E+00 -0.167380E-02 -0.376482E-03 +0.000000E+00 +0.258305E-02 +0.000000E+00 +0.000000E+00
 +0.148320E+01 -0.101900E+03 -0.192452E+03 -0.124428E+03 -0.104570E+03 +0.676936E+02 +0.000000E+00 +0.000000E+00 -0.166975E-02 -0.377290E-03 +0.000000E+00 +0.257236E-02 +0.000000E+00 +0.000000E+00
 +0.148320E+01 -0.101910E+03 -0.192076E+03 -0.124305E+03 -0.104406E+03 +0.674126E+02 +0.000000E+00 +0.000000E+00 -0.166574E-02 -0.378079E-03 +0.000000E+00 +0.256168E-02 +0.000000E+00 +0.000000E+00
 +0.148320E+01 -0.101920E+03 -0.191705E+03 -0.124180E+03 -0.104242E+03 +0.671329E+02 +0.000000E+00 +0.000000E+00 -0.166179E-02 -0.378824E-03 +0.000000E+00 +0.255105E-02 +0.000000E+00 +0.000000E+00
 +0.148320E+01 -0.101930E+03 -0.191335E+03 -0.124055E+03 -0.104079E+03 +0.668537E+02 +0.000000E+00 +0.000000E+00 -0.165787E-02 -0.379549E-03 +0.000000E+00 +0.254044E-02 +0.000000E+00 +0.000000E+00
 +0.148320E+01 -0.101940E+03 -0.190970E+03 -0.123929E+03 -0.103917E+03 +0.665757E+02 +0.000000E+00 +0.000000E+00 -0.165402E-02 -0.380231E-03 +0.000000E+00 +0.252988E-02 +0.000000E+00 +0.000000E+00
 +0.148320E+01 -0.101950E+03 -0.190607E+03 -0.123802E+03 -0.103755E+03 +0.662983E+02 +0.000000E+00 +0.000000E+00 -0.165019E-02 -0.380892E-03 +0.000000E+00 +0.251934E-02 +0.000000E+00 +0.000000E+00
 +0.148320E+01 -0.101960E+03 -0.190249E+03 -0.123674E+03 -0.103595E+03 +0.660221E+02 +0.000000E+00 +0.000000E+00 -0.164643E-02 -0.381513E-03 +0.000000E+00 +0.250884E-02 +0.000000E+00 +0.000000E+00
 +0.148320E+01 -0.101970E+03 -0.189892E+03 -0.123546E+03 -0.103435E+03 +0.657465E+02 +0.000000E+00 +0.000000E+00 -0.164270E-02 -0.382114E-03 +0.000000E+00 +0.249837E-02 +0.000000E+00 +0.000000E+00
 +0.148320E+01 -0.101980E+03 -0.189540E+03 -0.123417E+03 -0.103276E+03 +0.654721E+02 +0.000000E+00 +0.000000E+00 -0.163902E-02 -0.382676E-03 +0.000000E+00 +0.248794E-02 +0.000000E+00 +0.000000E+00
 +0.148320E+01 -0.101990E+03 -0.189190E+03 -0.123287E+03 -0.103117E+03 +0.651983E+02 +0.000000E+00 +0.000000E+00 -0.163538E-02 -0.383217E-03 +0.000000E+00 +0.247754E-02 +0.000000E+00 +0.000000E+00
 +0.148320E+01 -0.102000E+03 -0.188844E+03 -0.123156E+03 -0.102960E+03 +0.649257E+02 +0.000000E+00 +0.000000E+00 -0.163180E-02 -0.383720E-03 +0.000000E+00 +0.246718E-02 +0.000000E+00 +0.000000E+00
 +0.148320E+01 -0.102010E+03 -0.188500E+03 -0.123024E+03 -0.102803E+03 +0.646537E+02 +0.000000E+00 +0.000000E+00 -0.162825E-02 -0.384203E-03 +0.000000E+00 +0.245684E-02 +0.000000E+00 +0.000000E+00
 +0.148320E+01 -0.102020E+03 -0.188160E+03 -0.122892E+03 -0.102647E+03 +0.643829E+02 +0.000000E+00 +0.000000E+00 -0.162475E-02 -0.384649E-03 +0.000000E+00 +0.244655E-02 +0.000000E+00 +0.000000E+00
 +0.148320E+01 -0.102030E+03 -0.187823E+03 -0.122759E+03 -0.102492E+03 +0.641127E+02 +0.000000E+00 +0.000000E+00 -0.162128E-02 -0.385075E-03 +0.000000E+00 +0.243628E-02 +0.000000E+00 +0.000000E+00
 +0.148320E+01 -0.102040E+03 -0.187489E+03 -0.122625E+03 -0.102338E+03 +0.638437E+02 +0.000000E+00 +0.000000E+00 -0.161787E-02 -0.385466E-03 +0.000000E+00 +0.242606E-02 +0.000000E+00 +0.000000E+00
 +0.148320E+01 -0.102050E+03 -0.187157E+03 -0.122491E+03 -0.102184E+03 +0.635754E+02 +0.000000E+00 +0.000000E+00 -0.161449E-02 -0.385836E-03 +0.000000E+00 +0.241586E-02 +0.000000E+00 +0.000000E+00
 +0.148320E+01 -0.102060E+03 -0.186829E+03 -0.122356E+03 -0.102031E+03 +0.633081E+02 +0.000000E+00 +0.000000E+00 -0.161116E-02 -0.386173E-03 +0.000000E+00 +0.240571E-02 +0.000000E+00 +0.000000E+00
 +0.148320E+01 -0.102070E+03 -0.186504E+03 -0.122220E+03 -0.101879E+03 +0.630417E+02 +0.000000E+00 +0.000000E+00 -0.160787E-02 -0.386489E-03 +0.000000E+00 +0.239558E-02 +0.000000E+00 +0.000000E+00
 +0.148320E+01 -0.102080E+03 -0.186181E+03 -0.122084E+03 -0.101728E+03 +0.627762E+02 +0.000000E+00 +0.000000E+00 -0.160462E-02 -0.386773E-03 +0.000000E+00 +0.238550E-02 +0.000000E+00 +0.000000E+00
 +0.148320E+01 -0.102090E+03 -0.185862E+03 -0.121947E+03 -0.101577E+03 +0.625115E+02 +0.000000E+00 +0.000000E+00 -0.160141E-02 -0.387034E-03 +0.000000E+00 +0.237544E-02 +0.000000E+00 +0.000000E+00
 +0.148320E+01 -0.102100E+03 -0.185545E+03 -0.121809E+03 -0.101427E+03 +0.622478E+02 +0.000000E+00 +0.000000E+00 -0.159824E-02 -0.387266E-03 +0.000000E+00 +0.236542E-02 +0.000000E+00 +0.000000E+00
 +0.148320E+01 -0.102110E+03 -0.185231E+03 -0.121671E+03 -0.101278E+03 +0.619849E+02 +0.000000E+00 +0.000000E+00 -0.159511E-02 -0.387475E-03 +0.000000E+00 +0.235543E-02 +0.000000E+00 +0.000000E+00
 +0.148320E+01 -0.102120E+03 -0.184920E+03 -0.121532E+03 -0.101129E+03 +0.617229E+02 +0.000000E+00 +0.000000E+00 -0.159203E-02 -0.387656E-03 +0.000000E+00 +0.234547E-02 +0.000000E+00 +0.000000E+00
 +0.148320E+01 -0.102130E+03 -0.184612E+03 -0.121393E+03 -0.100981E+03 +0.614617E+02 +0.000000E+00 +0.000000E+00 -0.158898E-02 -0.387813E-03 +0.000000E+00 +0.233554E-02 +0.000000E+00 +0.000000E+00
 +0.148320E+01 -0.102140E+03 -0.184306E+03 -0.121252E+03 -0.100834E+03 +0.612014E+02 +0.000000E+00 +0.000000E+00 -0.158597E-02 -0.387942E-03 +0.000000E+00 +0.232565E-02 +0.000000E+00 +0.000000E+00
 +0.148320E+01 -0.102150E+03 -0.184004E+03 -0.121112E+03 -0.100688E+03 +0.609417E+02 +0.000000E+00 +0.000000E+00 -0.158300E-02 -0.388048E-03 +0.000000E+00 +0.231578E-02 +0.000000E+00 +0.000000E+00
 +0.148320E+01 -0.102160E+03 -0.183704E+03 -0.120970E+03 -0.100542E+03 +0.606829E+02 +0.000000E+00 +0.000000E+00 -0.158007E-02 -0.388126E-03 +0.000000E+00 +0.230595E-02 +0.000000E+00 +0.000000E+00
 +0.148320E+01 -0.102170E+03 -0.183406E+03 -0.120828E+03 -0.100397E+03 +0.604246E+02 +0.000000E+00 +0.000000E+00 -0.157717E-02 -0.388181E-03 +0.000000E+00 +0.229614E-02 +0.000000E+00 +0.000000E+00
 +0.148320E+01 -0.102180E+03 -0.183112E+03 -0.120685E+03 -0.100253E+03 +0.601670E+02 +0.000000E+00 +0.000000E+00 -0.157432E-02 -0.388210E-03 +0.000000E+00 +0.228634E-02 +0.000000E+00 +0.000000E+00
 +0.148320E+01 -0.102190E+03 -0.182820E+03 -0.120542E+03 -0.100109E+03 +0.599102E+02 +0.000000E+00 +0.000000E+00 -0.157150E-02 -0.388217E-03 +0.000000E+00 +0.227659E-02 +0.000000E+00 +0.000000E+00
 +0.148320E+01 -0.102200E+03 -0.182530E+03 -0.120398E+03 -0.999660E+02 +0.596542E+02 +0.000000E+00 +0.000000E+00 -0.156871E-02 -0.388202E-03 +0.000000E+00 +0.226686E-02 +0.000000E+00 +0.000000E+00
 +0.148320E+01 -0.102210E+03 -0.182229E+03 -0.120248E+03 -0.998173E+02 +0.593726E+02 +0.000000E+00 +0.000000E+00 -0.156583E-02 -0.388175E-03 +0.000000E+00 +0.225616E-02 +0.000000E+00 +0.000000E+00
 +0.148320E+01 -0.102220E+03 -0.181918E+03 -0.120091E+03 -0.996632E+02 +0.590660E+02 +0.000000E+00 +0.000000E+00 -0.156285E-02 -0.388137E-03 +0.000000E+00 +0.224451E-02 +0.000000E+00 +0.000000E+00
 +0.148320E+01 -0.102230E+03 -0.181634E+03 -0.119945E+03 -0.995211E+02 +0.588167E+02 +0.000000E+00 +0.000000E+00 -0.156015E-02 -0.388051E-03 +0.000000E+00 +0.223504E-02 +0.000000E+00 +0.000000E+00
 +0.148320E+01 -0.102240E+03 -0.181376E+03 -0.119808E+03 -0.993907E+02 +0.586190E+02 +0.000000E+00 +0.000000E+00 -0.155772E-02 -0.387931E-03 +0.000000E+00 +0.222752E-02 +0.000000E+00 +0.000000E+00
 +0.148320E+01 -0.102250E+03 -0.181126E+03 -0.119696E+03 -0.992712E+02 +0.583833E+02 +0.000000E+00 +0.000000E+00 -0.155524E-02 -0.388073E-03 +0.000000E+00 +0.221857E-02 +0.000000E+00 +0.000000E+00
 +0.148320E+01 -0.102260E+03 -0.180858E+03 -0.119559E+03 -0.991376E+02 +0.581209E+02 +0.000000E+00 +0.000000E+00 -0.155269E-02 -0.388001E-03 +0.000000E+00 +0.220860E-02 +0.000000E+00 +0.000000E+00
 +0.148320E+01 -0.102270E+03 -0.180608E+03 -0.119412E+03 -0.990065E+02 +0.578846E+02 +0.000000E+00 +0.000000E+00 -0.155042E-02 -0.387704E-03 +0.000000E+00 +0.219961E-02 +0.000000E+00 +0.000000E+00
 +0.148320E+01 -0.102280E+03 -0.180360E+03 -0.119250E+03 -0.988714E+02 +0.576556E+02 +0.000000E+00 +0.000000E+00 -0.154829E-02 -0.387198E-03 +0.000000E+00 +0.219091E-02 +0.000000E+00 +0.000000E+00
 +0.148320E+01 -0.102290E+03 -0.180071E+03 -0.119078E+03 -0.987192E+02 +0.574059E+02 +0.000000E+00 +0.000000E+00 -0.154569E-02 -0.386813E-03 +0.000000E+00 +0.218143E-02 +0.000000E+00 +0.000000E+00
 +0.148320E+01 -0.102300E+03 -0.179768E+03 -0.118900E+03 -0.985603E+02 +0.571274E+02 +0.000000E+00 +0.000000E+00 -0.154294E-02 -0.386449E-03 +0.000000E+00 +0.217084E-02 +0.000000E+00 +0.000000E+00
 +0.148320E+01 -0.102310E+03 -0.179503E+03 -0.118756E+03 -0.984255E+02 +0.568727E+02 +0.000000E+00 +0.000000E+00 -0.154048E-02 -0.386275E-03 +0.000000E+00 +0.216116E-02 +0.000000E+00 +0.000000E+00
 +0.148320E+01 -0.102320E+03 -0.179268E+03 -0.118637E+03 -0.983085E+02 +0.566357E+02 +0.000000E+00 +0.000000E+00 -0.153822E-02 -0.386240E-03 +0.000000E+00 +0.215216E-02 +0.000000E+00 +0.000000E+00
 +0.148320E+01 -0.102330E+03 -0.179030E+03 -0.118516E+03 -0.981901E+02 +0.563928E+02 +0.000000E+00 +0.000000E+00 -0.153596E-02 -0.386183E-03 +0.000000E+00 +0.214293E-02 +0.000000E+00 +0.000000E+00
 +0.148320E+01 -0.102340E+03 -0.178784E+03 -0.118389E+03 -0.980672E+02 +0.561530E+02 +0.000000E+00 +0.000000E+00 -0.153362E-02 -0.386119E-03 +0.000000E+00 +0.213381E-02 +0.000000E+00 +0.000000E+00
 +0.148320E+01 -0.102350E+03 -0.178531E+03 -0.118260E+03 -0.979410E+02 +0.559205E+02 +0.000000E+00 +0.000000E+00 -0.153120E-02 -0.386065E-03 +0.000000E+00 +0.212498E-02 +0.000000E+00 +0.000000E+00
 +0.148320E+01 -0.102360E+03 -0.178277E+03 -0.118131E+03 -0.978148E+02 +0.556879E+02 +0.000000E+00 +0.000000E+00 -0.152879E-02 -0.386011E-03 +0.000000E+00 +0.211614E-02 +0.000000E+00 +0.000000E+00
 +0.148320E+01 -0.102370E+03 -0.178022E+03 -0.117987E+03 -0.976830E+02 +0.554547E+02 +0.000000E+00 +0.000000E+00 -0.152645E-02 -0.385769E-03 +0.000000E+00 +0.210728E-02 +0.000000E+00 +0.000000E+00
 +0.148320E+01 -0.102380E+03 -0.177779E+03 -0.117815E+03 -0.975461E+02 +0.552209E+02 +0.000000E+00 +0.000000E+00 -0.152443E-02 -0.385112E-03 +0.000000E+00 +0.209839E-02 +0.000000E+00 +0.000000E+00
 +0.148320E+01 -0.102390E+03 -0.177540E+03 -0.117645E+03 -0.974110E+02 +0.549874E+02 +0.000000E+00 +0.000000E+00 -0.152244E-02 -0.384451E-03 +0.000000E+00 +0.208952E-02 +0.000000E+00 +0.000000E+00
 +0.148320E+01 -0.102400E+03 -0.177292E+03 -0.117467E+03 -0.972706E+02 +0.547525E+02 +0.000000E+00 +0.000000E+00 -0.152041E-02 -0.383736E-03 +0.000000E+00 +0.208060E-02 +0.000000E+00 +0.000000E+00
 +0.148320E+01 -0.102410E+03 -0.177039E+03 -0.117303E+03 -0.971328E+02 +0.545161E+02 +0.000000E+00 +0.000000E+00 -0.151821E-02 -0.383238E-03 +0.000000E+00 +0.207161E-02 +0.000000E+00 +0.000000E+00
 +0.148320E+01 -0.102420E+03 -0.176791E+03 -0.117148E+03 -0.969996E+02 +0.542694E+02 +0.000000E+00 +0.000000E+00 -0.151603E-02 -0.382811E-03 +0.000000E+00 +0.206224E-02 +0.000000E+00 +0.000000E+00
 +0.148320E+01 -0.102430E+03 -0.176543E+03 -0.116992E+03 -0.968665E+02 +0.540226E+02 +0.000000E+00 +0.000000E+00 -0.151385E-02 -0.382384E-03 +0.000000E+00 +0.205286E-02 +0.000000E+00 +0.000000E+00
 +0.148320E+01 -0.102440E+03 -0.176295E+03 -0.116836E+03 -0.967333E+02 +0.537758E+02 +0.000000E+00 +0.000000E+00 -0.151167E-02 -0.381957E-03 +0.000000E+00 +0.204348E-02 +0.000000E+00 +0.000000E+00
 +0.148320E+01 -0.102450E+03 -0.176074E+03 -0.116686E+03 -0.966108E+02 +0.535435E+02 +0.000000E+00 +0.000000E+00 -0.150981E-02 -0.381421E-03 +0.000000E+00 +0.203465E-02 +0.000000E+00 +0.000000E+00
 +0.148320E+01 -0.102460E+03 -0.175840E+03 -0.116505E+03 -0.964740E+02 +0.533204E+02 +0.000000E+00 +0.000000E+00 -0.150796E-02 -0.380593E-03 +0.000000E+00 +0.202617E-02 +0.000000E+00 +0.000000E+00
 +0.148320E+01 -0.102470E+03 -0.175599E+03 -0.116313E+03 -0.963308E+02 +0.530997E+02 +0.000000E+00 +0.000000E+00 -0.150609E-02 -0.379658E-03 +0.000000E+00 +0.201779E-02 +0.000000E+00 +0.000000E+00
 +0.148320E+01 -0.102480E+03 -0.175357E+03 -0.116120E+03 -0.961877E+02 +0.528790E+02 +0.000000E+00 +0.000000E+00 -0.150422E-02 -0.378723E-03 +0.000000E+00 +0.200940E-02 +0.000000E+00 +0.000000E+00
 +0.148320E+01 -0.102490E+03 -0.175115E+03 -0.115950E+03 -0.960516E+02 +0.526621E+02 +0.000000E+00 +0.000000E+00 -0.150221E-02 -0.378071E-03 +0.000000E+00 +0.200116E-02 +0.000000E+00 +0.000000E+00
 +0.148320E+01 -0.102500E+03 -0.174873E+03 -0.115799E+03 -0.959216E+02 +0.524485E+02 +0.000000E+00 +0.000000E+00 -0.150007E-02 -0.377667E-03 +0.000000E+00 +0.199304E-02 +0.000000E+00 +0.000000E+00
 +0.148320E+01 -0.102510E+03 -0.174630E+03 -0.115648E+03 -0.957917E+02 +0.522349E+02 +0.000000E+00 +0.000000E+00 -0.149793E-02 -0.377262E-03 +0.000000E+00 +0.198493E-02 +0.000000E+00 +0.000000E+00
 +0.148320E+01 -0.102520E+03 -0.174401E+03 -0.115504E+03 -0.956685E+02 +0.520158E+02 +0.000000E+00 +0.000000E+00 -0.149592E-02 -0.376865E-03 +0.000000E+00 +0.197660E-02 +0.000000E+00 +0.000000E+00
 +0.148320E+01 -0.102530E+03 -0.174183E+03 -0.115365E+03 -0.955511E+02 +0.517921E+02 +0.000000E+00 +0.000000E+00 -0.149401E-02 -0.376474E-03 +0.000000E+00 +0.196810E-02 +0.000000E+00 +0.000000E+00
 +0.148320E+01 -0.102540E+03 -0.173952E+03 -0.115218E+03 -0.954260E+02 +0.515729E+02 +0.000000E+00 +0.000000E+00 -0.149200E-02 -0.376040E-03 +0.000000E+00 +0.195977E-02 +0.000000E+00 +0.000000E+00
 +0.148320E+01 -0.102550E+03 -0.173718E+03 -0.115068E+03 -0.952993E+02 +0.513547E+02 +0.000000E+00 +0.000000E+00 -0.148996E-02 -0.375598E-03 +0.000000E+00 +0.195148E-02 +0.000000E+00 +0.000000E+00
 +0.148320E+01 -0.102560E+03 -0.173484E+03 -0.114918E+03 -0.951726E+02 +0.511364E+02 +0.000000E+00 +0.000000E+00 -0.148792E-02 -0.375155E-03 +0.000000E+00 +0.194319E-02 +0.000000E+00 +0.000000E+00
 +0.148320E+01 -0.102570E+03 -0.173285E+03 -0.114794E+03 -0.950660E+02 +0.509150E+02 +0.000000E+00 +0.000000E+00 -0.148617E-02 -0.374824E-03 +0.000000E+00 +0.193477E-02 +0.000000E+00 +0.000000E+00
 +0.148320E+01 -0.102580E+03 -0.173083E+03 -0.114641E+03 -0.949489E+02 +0.506952E+02 +0.000000E+00 +0.000000E+00 -0.148455E-02 -0.374145E-03 +0.000000E+00 +0.192642E-02 +0.000000E+00 +0.000000E+00
 +0.148320E+01 -0.102590E+03 -0.172878E+03 -0.114476E+03 -0.948269E+02 +0.504761E+02 +0.000000E+00 +0.000000E+00 -0.148298E-02 -0.373327E-03 +0.000000E+00 +0.191809E-02 +0.000000E+00 +0.000000E+00
 +0.148320E+01 -0.102600E+03 -0.172676E+03 -0.114311E+03 -0.947056E+02 +0.502566E+02 +0.000000E+00 +0.000000E+00 -0.148143E-02 -0.372507E-03 +0.000000E+00 +0.190975E-02 +0.000000E+00 +0.000000E+00
 +0.148320E+01 -0.102610E+03 -0.172487E+03 -0.114152E+03 -0.945908E+02 +0.500335E+02 +0.000000E+00 +0.000000E+00 -0.148002E-02 -0.371669E-03 +0.000000E+00 +0.190127E-02 +0.000000E+00 +0.000000E+00
 +0.148320E+01 -0.102620E+03 -0.172298E+03 -0.113993E+03 -0.944760E+02 +0.498104E+02 +0.000000E+00 +0.000000E+00 -0.147861E-02 -0.370831E-03 +0.000000E+00 +0.189279E-02 +0.000000E+00 +0.000000E+00
 +0.148320E+01 -0.102630E+03 -0.172105E+03 -0.113821E+03 -0.943555E+02 +0.496038E+02 +0.000000E+00 +0.000000E+00 -0.147724E-02 -0.369837E-03 +0.000000E+00 +0.188495E-02 +0.000000E+00 +0.000000E+00
 +0.148320E+01 -0.102640E+03 -0.171929E+03 -0.113680E+03 -0.942510E+02 +0.494262E+02 +0.000000E+00 +0.000000E+00 -0.147589E-02 -0.369146E-03 +0.000000E+00 +0.187819E-02 +0.000000E+00 +0.000000E+00
 +0.148320E+01 -0.102650E+03 -0.171767E+03 -0.113542E+03 -0.941521E+02 +0.492298E+02 +0.000000E+00 +0.000000E+00 -0.147469E-02 -0.368409E-03 +0.000000E+00 +0.187073E-02 +0.000000E+00 +0.000000E+00
 +0.148320E+01 -0.102660E+03 -0.171605E+03 -0.113404E+03 -0.940532E+02 +0.490334E+02 +0.000000E+00 +0.000000E+00 -0.147349E-02 -0.367672E-03 +0.000000E+00 +0.186327E-02 +0.000000E+00 +0.000000E+00
 +0.148320E+01 -0.102670E+03 -0.171443E+03 -0.113267E+03 -0.939543E+02 +0.488369E+02 +0.000000E+00 +0.000000E+00 -0.147229E-02 -0.366935E-03 +0.000000E+00 +0.185580E-02 +0.000000E+00 +0.000000E+00
 +0.148320E+01 -0.102680E+03 -0.171281E+03 -0.113129E+03 -0.938554E+02 +0.486405E+02 +0.000000E+00 +0.000000E+00 -0.147109E-02 -0.366197E-03 +0.000000E+00 +0.184834E-02 +0.000000E+00 +0.000000E+00
 +0.148320E+01 -0.102690E+03 -0.171102E+03 -0.112974E+03 -0.937451E+02 +0.484423E+02 +0.000000E+00 +0.000000E+00 -0.146978E-02 -0.365351E-03 +0.000000E+00 +0.184081E-02 +0.000000E+00 +0.000000E+00
 +0.148320E+01 -0.102700E+03 -0.170905E+03 -0.112802E+03 -0.936236E+02 +0.482424E+02 +0.000000E+00 +0.000000E+00 -0.146835E-02 -0.364398E-03 +0.000000E+00 +0.183321E-02 +0.000000E+00 +0.000000E+00
 +0.148320E+01 -0.102710E+03 -0.170709E+03 -0.112631E+03 -0.935020E+02 +0.480425E+02 +0.000000E+00 +0.000000E+00 -0.146693E-02 -0.363445E-03 +0.000000E+00 +0.182561E-02 +0.000000E+00 +0.000000E+00
 +0.148320E+01 -0.102720E+03 -0.170513E+03 -0.112459E+03 -0.933807E+02 +0.478421E+02 +0.000000E+00 +0.000000E+00 -0.146551E-02 -0.362491E-03 +0.000000E+00 +0.181800E-02 +0.000000E+00 +0.000000E+00
 +0.148320E+01 -0.102730E+03 -0.170343E+03 -0.112299E+03 -0.932719E+02 +0.476226E+02 +0.000000E+00 +0.000000E+00 -0.146436E-02 -0.361511E-03 +0.000000E+00 +0.180966E-02 +0.000000E+00 +0.000000E+00
 +0.148320E+01 -0.102740E+03 -0.170174E+03 -0.112138E+03 -0.931631E+02 +0.474030E+02 +0.000000E+00 +0.000000E+00 -0.146321E-02 -0.360530E-03 +0.000000E+00 +0.180131E-02 +0.000000E+00 +0.000000E+00
 +0.148320E+01 -0.102750E+03 -0.170006E+03 -0.111980E+03 -0.930555E+02 +0.471879E+02 +0.000000E+00 +0.000000E+00 -0.146206E-02 -0.359571E-03 +0.000000E+00 +0.179314E-02 +0.000000E+00 +0.000000E+00
 +0.148320E+01 -0.102760E+03 -0.169840E+03 -0.111826E+03 -0.929499E+02 +0.469802E+02 +0.000000E+00 +0.000000E+00 -0.146092E-02 -0.358648E-03 +0.000000E+00 +0.178525E-02 +0.000000E+00 +0.000000E+00
 +0.148320E+01 -0.102770E+03 -0.169675E+03 -0.111672E+03 -0.928444E+02 +0.467725E+02 +0.000000E+00 +0.000000E+00 -0.145977E-02 -0.357725E-03 +0.000000E+00 +0.177736E-02 +0.000000E+00 +0.000000E+00
 +0.148320E+01 -0.102780E+03 -0.169508E+03 -0.111528E+03 -0.927420E+02 +0.465535E+02 +0.000000E+00 +0.000000E+00 -0.145856E-02 -0.356934E-03 +0.000000E+00 +0.176903E-02 +0.000000E+00 +0.000000E+00
 +0.148320E+01 -0.102790E+03 -0.169342E+03 -0.111388E+03 -0.926409E+02 +0.463300E+02 +0.000000E+00 +0.000000E+00 -0.145732E-02 -0.356194E-03 +0.000000E+00 +0.176054E-02 +0.000000E+00 +0.000000E+00
 +0.148320E+01 -0.102800E+03 -0.169176E+03 -0.111248E+03 -0.925399E+02 +0.461066E+02 +0.000000E+00 +0.000000E+00 -0.145608E-02 -0.355454E-03 +0.000000E+00 +0.175205E-02 +0.000000E+00 +0.000000E+00
 +0.148320E+01 -0.102810E+03 -0.169010E+03 -0.111108E+03 -0.924388E+02 +0.458831E+02 +0.000000E+00 +0.000000E+00 -0.145485E-02 -0.354714E-03 +0.000000E+00 +0.174356E-02 +0.000000E+00 +0.000000E+00
 +0.148320E+01 -0.102820E+03 -0.168843E+03 -0.110968E+03 -0.923377E+02 +0.456596E+02 +0.000000E+00 +0.000000E+00 -0.145361E-02 -0.353974E-03 +0.000000E+00 +0.173507E-02 +0.000000E+00 +0.000000E+00
 +0.148320E+01 -0.102830E+03 -0.168682E+03 -0.110824E+03 -0.922373E+02 +0.454484E+02 +0.000000E+00 +0.000000E+00 -0.145246E-02 -0.353156E-03 +0.000000E+00 +0.172704E-02 +0.000000E+00 +0.000000E+00
 +0.148320E+01 -0.102840E+03 -0.168531E+03 -0.110675E+03 -0.921380E+02 +0.452573E+02 +0.000000E+00 +0.000000E+00 -0.145146E-02 -0.352209E-03 +0.000000E+00 +0.171978E-02 +0.000000E+00 +0.000000E+00
 +0.148320E+01 -0.102850E+03 -0.168379E+03 -0.110526E+03 -0.920386E+02 +0.450661E+02 +0.000000E+00 +0.000000E+00 -0.145046E-02 -0.351262E-03 +0.000000E+00 +0.171251E-02 +0.000000E+00 +0.000000E+00
 +0.148320E+01 -0.102860E+03 -0.168227E+03 -0.110377E+03 -0.919393E+02 +0.448750E+02 +0.000000E+00 +0.000000E+00 -0.144947E-02 -0.350315E-03 +0.000000E+00 +0.170525E-02 +0.000000E+00 +0.000000E+00
 +0.148320E+01 -0.102870E+03 -0.168075E+03 -0.110228E+03 -0.918400E+02 +0.446839E+02 +0.000000E+00 +0.000000E+00 -0.144847E-02 -0.349369E-03 +0.000000E+00 +0.169799E-02 +0.000000E+00 +0.000000E+00
 +0.148320E+01 -0.102880E+03 -0.167923E+03 -0.110079E+03 -0.917406E+02 +0.444927E+02 +0.000000E+00 +0.000000E+00 -0.144747E-02 -0.348422E-03 +0.000000E+00 +0.169072E-02 +0.000000E+00 +0.000000E+00
 +0.148320E+01 -0.102890E+03 -0.167771E+03 -0.109926E+03 -0.916400E+02 +0.443005E+02 +0.000000E+00 +0.000000E+00 -0.144649E-02 -0.347435E-03 +0.000000E+00 +0.168342E-02 +0.000000E+00 +0.000000E+00
 +0.148320E+01 -0.102900E+03 -0.167615E+03 -0.109756E+03 -0.915325E+02 +0.441028E+02 +0.000000E+00 +0.000000E+00 -0.144558E-02 -0.346242E-03 +0.000000E+00 +0.167591E-02 +0.000000E+00 +0.000000E+00
 +0.148320E+01 -0.102910E+03 -0.167460E+03 -0.109585E+03 -0.914249E+02 +0.439050E+02 +0.000000E+00 +0.000000E+00 -0.144466E-02 -0.345049E-03 +0.000000E+00 +0.166839E-02 +0.000000E+00 +0.000000E+00
 +0.148320E+01 -0.102920E+03 -0.167331E+03 -0.109434E+03 -0.913326E+02 +0.437127E+02 +0.000000E+00 +0.000000E+00 -0.144397E-02 -0.343936E-03 +0.000000E+00 +0.166108E-02 +0.000000E+00 +0.000000E+00
 +0.148320E+01 -0.102930E+03 -0.167208E+03 -0.109288E+03 -0.912439E+02 +0.435217E+02 +0.000000E+00 +0.000000E+00 -0.144333E-02 -0.342842E-03 +0.000000E+00 +0.165383E-02 +0.000000E+00 +0.000000E+00
 +0.148320E+01 -0.102940E+03 -0.167071E+03 -0.109135E+03 -0.911479E+02 +0.433312E+02 +0.000000E+00 +0.000000E+00 -0.144254E-02 -0.341752E-03 +0.000000E+00 +0.164659E-02 +0.000000E+00 +0.000000E+00
 +0.148320E+01 -0.102950E+03 -0.166923E+03 -0.108977E+03 -0.910470E+02 +0.431412E+02 +0.000000E+00 +0.000000E+00 -0.144165E-02 -0.340664E-03 +0.000000E+00 +0.163936E-02 +0.000000E+00 +0.000000E+00
 +0.148320E+01 -0.102960E+03 -0.166776E+03 -0.108819E+03 -0.909460E+02 +0.429511E+02 +0.000000E+00 +0.000000E+00 -0.144076E-02 -0.339577E-03 +0.000000E+00 +0.163214E-02 +0.000000E+00 +0.000000E+00
 +0.148320E+01 -0.102970E+03 -0.166628E+03 -0.108660E+03 -0.908451E+02 +0.427610E+02 +0.000000E+00 +0.000000E+00 -0.143987E-02 -0.338490E-03 +0.000000E+00 +0.162492E-02 +0.000000E+00 +0.000000E+00
 +0.148320E+01 -0.102980E+03 -0.166480E+03 -0.108502E+03 -0.907442E+02 +0.425709E+02 +0.000000E+00 +0.000000E+00 -0.143898E-02 -0.337403E-03 +0.000000E+00 +0.161769E-02 +0.000000E+00 +0.000000E+00
 +0.148320E+01 -0.102990E+03 -0.166332E+03 -0.108344E+03 -0.906432E+02 +0.423808E+02 +0.000000E+00 +0.000000E+00 -0.143809E-02 -0.336315E-03 +0.000000E+00 +0.161047E-02 +0.000000E+00 +0.000000E+00
 +0.148320E+01 -0.103000E+03 -0.166183E+03 -0.108184E+03 -0.905411E+02 +0.421909E+02 +0.000000E+00 +0.000000E+00 -0.143720E-02 -0.335208E-03 +0.000000E+00 +0.160326E-02 +0.000000E+00 +0.000000E+00
 +0.148320E+01 -0.103010E+03 -0.166028E+03 -0.108013E+03 -0.904334E+02 +0.420025E+02 +0.000000E+00 +0.000000E+00 -0.143630E-02 -0.334005E-03 +0.000000E+00 +0.159609E-02 +0.000000E+00 +0.000000E+00
 +0.148320E+01 -0.103020E+03 -0.165873E+03 -0.107842E+03 -0.903257E+02 +0.418140E+02 +0.000000E+00 +0.000000E+00 -0.143539E-02 -0.332802E-03 +0.000000E+00 +0.158893E-02 +0.000000E+00 +0.000000E+00
 +0.148320E+01 -0.103030E+03 -0.165717E+03 -0.107671E+03 -0.902180E+02 +0.416255E+02 +0.000000E+00 +0.000000E+00 -0.143449E-02 -0.331598E-03 +0.000000E+00 +0.158177E-02 +0.000000E+00 +0.000000E+00
 +0.148320E+01 -0.103040E+03 -0.165562E+03 -0.107500E+03 -0.901103E+02 +0.414371E+02 +0.000000E+00 +0.000000E+00 -0.143358E-02 -0.330395E-03 +0.000000E+00 +0.157461E-02 +0.000000E+00 +0.000000E+00
 +0.148320E+01 -0.103050E+03 -0.165407E+03 -0.107328E+03 -0.900026E+02 +0.412486E+02 +0.000000E+00 +0.000000E+00 -0.143268E-02 -0.329192E-03 +0.000000E+00 +0.156745E-02 +0.000000E+00 +0.000000E+00
 +0.148320E+01 -0.103060E+03 -0.165274E+03 -0.107139E+03 -0.898963E+02 +0.410830E+02 +0.000000E+00 +0.000000E+00 -0.143217E-02 -0.327614E-03 +0.000000E+00 +0.156115E-02 +0.000000E+00 +0.000000E+00
 +0.148320E+01 -0.103070E+03 -0.165145E+03 -0.106947E+03 -0.897902E+02 +0.409213E+02 +0.000000E+00 +0.000000E+00 -0.143174E-02 -0.325974E-03 +0.000000E+00 +0.155501E-02 +0.000000E+00 +0.000000E+00
 +0.148320E+01 -0.103080E+03 -0.165016E+03 -0.106754E+03 -0.896842E+02 +0.407595E+02 +0.000000E+00 +0.000000E+00 -0.143130E-02 -0.324334E-03 +0.000000E+00 +0.154886E-02 +0.000000E+00 +0.000000E+00
 +0.148320E+01 -0.103090E+03 -0.164900E+03 -0.106598E+03 -0.895944E+02 +0.405963E+02 +0.000000E+00 +0.000000E+00 -0.143081E-02 -0.323063E-03 +0.000000E+00 +0.154266E-02 +0.000000E+00 +0.000000E+00
 +0.148320E+01 -0.103100E+03 -0.164788E+03 -0.106448E+03 -0.895076E+02 +0.404329E+02 +0.000000E+00 +0.000000E+00 -0.143032E-02 -0.321863E-03 +0.000000E+00 +0.153645E-02 +0.000000E+00 +0.000000E+00
 +0.148320E+01 -0.103110E+03 -0.164675E+03 -0.106298E+03 -0.894209E+02 +0.402694E+02 +0.000000E+00 +0.000000E+00 -0.142982E-02 -0.320663E-03 +0.000000E+00 +0.153024E-02 +0.000000E+00 +0.000000E+00
 +0.148320E+01 -0.103120E+03 -0.164562E+03 -0.106148E+03 -0.893342E+02 +0.401060E+02 +0.000000E+00 +0.000000E+00 -0.142932E-02 -0.319462E-03 +0.000000E+00 +0.152403E-02 +0.000000E+00 +0.000000E+00
 +0.148320E+01 -0.103130E+03 -0.164449E+03 -0.105998E+03 -0.892475E+02 +0.399425E+02 +0.000000E+00 +0.000000E+00 -0.142882E-02 -0.318262E-03 +0.000000E+00 +0.151782E-02 +0.000000E+00 +0.000000E+00
 +0.148320E+01 -0.103140E+03 -0.164336E+03 -0.105848E+03 -0.891608E+02 +0.397791E+02 +0.000000E+00 +0.000000E+00 -0.142833E-02 -0.317062E-03 +0.000000E+00 +0.151160E-02 +0.000000E+00 +0.000000E+00
 +0.148320E+01 -0.103150E+03 -0.164223E+03 -0.105698E+03 -0.890741E+02 +0.396156E+02 +0.000000E+00 +0.000000E+00 -0.142783E-02 -0.315862E-03 +0.000000E+00 +0.150539E-02 +0.000000E+00 +0.000000E+00
 +0.148320E+01 -0.103160E+03 -0.164110E+03 -0.105549E+03 -0.889874E+02 +0.394522E+02 +0.000000E+00 +0.000000E+00 -0.142733E-02 -0.314662E-03 +0.000000E+00 +0.149918E-02 +0.000000E+00 +0.000000E+00
 +0.148320E+01 -0.103170E+03 -0.163973E+03 -0.105378E+03 -0.888859E+02 +0.392701E+02 +0.000000E+00 +0.000000E+00 -0.142666E-02 -0.313348E-03 +0.000000E+00 +0.149226E-02 +0.000000E+00 +0.000000E+00
 +0.148320E+01 -0.103180E+03 -0.163803E+03 -0.105178E+03 -0.887638E+02 +0.390619E+02 +0.000000E+00 +0.000000E+00 -0.142574E-02 -0.311874E-03 +0.000000E+00 +0.148435E-02 +0.000000E+00 +0.000000E+00
 +0.148320E+01 -0.103190E+03 -0.163633E+03 -0.104979E+03 -0.886417E+02 +0.388537E+02 +0.000000E+00 +0.000000E+00 -0.142483E-02 -0.310400E-03 +0.000000E+00 +0.147644E-02 +0.000000E+00 +0.000000E+00
 +0.148320E+01 -0.103200E+03 -0.163501E+03 -0.104817E+03 -0.885448E+02 +0.386782E+02 +0.000000E+00 +0.000000E+00 -0.142416E-02 -0.309171E-03 +0.000000E+00 +0.146977E-02 +0.000000E+00 +0.000000E+00
 +0.148320E+01 -0.103210E+03 -0.163391E+03 -0.104677E+03 -0.884624E+02 +0.385217E+02 +0.000000E+00 +0.000000E+00 -0.142364E-02 -0.308082E-03 +0.000000E+00 +0.146383E-02 +0.000000E+00 +0.000000E+00
 +0.148320E+01 -0.103220E+03 -0.163281E+03 -0.104538E+03 -0.883801E+02 +0.383652E+02 +0.000000E+00 +0.000000E+00 -0.142311E-02 -0.306994E-03 +0.000000E+00 +0.145788E-02 +0.000000E+00 +0.000000E+00
 +0.148320E+01 -0.103230E+03 -0.163171E+03 -0.104398E+03 -0.882977E+02 +0.382087E+02 +0.000000E+00 +0.000000E+00 -0.142259E-02 -0.305905E-03 +0.000000E+00 +0.145193E-02 +0.000000E+00 +0.000000E+00
 +0.148320E+01 -0.103240E+03 -0.163061E+03 -0.104258E+03 -0.882153E+02 +0.380522E+02 +0.000000E+00 +0.000000E+00 -0.142207E-02 -0.304817E-03 +0.000000E+00 +0.144598E-02 +0.000000E+00 +0.000000E+00
 +0.148320E+01 -0.103250E+03 -0.162951E+03 -0.104119E+03 -0.881330E+02 +0.378957E+02 +0.000000E+00 +0.000000E+00 -0.142154E-02 -0.303728E-03 +0.000000E+00 +0.144004E-02 +0.000000E+00 +0.000000E+00
 +0.148320E+01 -0.103260E+03 -0.162841E+03 -0.103979E+03 -0.880506E+02 +0.377392E+02 +0.000000E+00 +0.000000E+00 -0.142102E-02 -0.302640E-03 +0.000000E+00 +0.143409E-02 +0.000000E+00 +0.000000E+00
 +0.148320E+01 -0.103270E+03 -0.162731E+03 -0.103839E+03 -0.879683E+02 +0.375826E+02 +0.000000E+00 +0.000000E+00 -0.142049E-02 -0.301552E-03 +0.000000E+00 +0.142814E-02 +0.000000E+00 +0.000000E+00
 +0.148320E+01 -0.103280E+03 -0.162621E+03 -0.103700E+03 -0.878859E+02 +0.374261E+02 +0.000000E+00 +0.000000E+00 -0.141997E-02 -0.300463E-03 +0.000000E+00 +0.142219E-02 +0.000000E+00 +0.000000E+00
 +0.148320E+01 -0.103290E+03 -0.162511E+03 -0.103561E+03 -0.878037E+02 +0.372686E+02 +0.000000E+00 +0.000000E+00 -0.141944E-02 -0.299380E-03 +0.000000E+00 +0.141621E-02 +0.000000E+00 +0.000000E+00
 +0.148320E+01 -0.103300E+03 -0.162401E+03 -0.103424E+03 -0.877223E+02 +0.371046E+02 +0.000000E+00 +0.000000E+00 -0.141890E-02 -0.298330E-03 +0.000000E+00 +0.140997E-02 +0.000000E+00 +0.000000E+00
 +0.148320E+01 -0.103310E+03 -0.162291E+03 -0.103287E+03 -0.876409E+02 +0.369405E+02 +0.000000E+00 +0.000000E+00 -0.141836E-02 -0.297279E-03 +0.000000E+00 +0.140374E-02 +0.000000E+00 +0.000000E+00
 +0.148320E+01 -0.103320E+03 -0.162181E+03 -0.103151E+03 -0.875595E+02 +0.367765E+02 +0.000000E+00 +0.000000E+00 -0.141781E-02 -0.296229E-03 +0.000000E+00 +0.139751E-02 +0.000000E+00 +0.000000E+00
 +0.148320E+01 -0.103330E+03 -0.162071E+03 -0.103014E+03 -0.874781E+02 +0.366125E+02 +0.000000E+00 +0.000000E+00 -0.141727E-02 -0.295179E-03 +0.000000E+00 +0.139127E-02 +0.000000E+00 +0.000000E+00
 +0.148320E+01 -0.103340E+03 -0.161961E+03 -0.102877E+03 -0.873968E+02 +0.364485E+02 +0.000000E+00 +0.000000E+00 -0.141673E-02 -0.294129E-03 +0.000000E+00 +0.138504E-02 +0.000000E+00 +0.000000E+00
 +0.148320E+01 -0.103350E+03 -0.161857E+03 -0.102745E+03 -0.873187E+02 +0.362932E+02 +0.000000E+00 +0.000000E+00 -0.141622E-02 -0.293105E-03 +0.000000E+00 +0.137914E-02 +0.000000E+00 +0.000000E+00
 +0.148320E+01 -0.103360E+03 -0.161757E+03 -0.102617E+03 -0.872434E+02 +0.361452E+02 +0.000000E+00 +0.000000E+00 -0.141575E-02 -0.292104E-03 +0.000000E+00 +0.137352E-02 +0.000000E+00 +0.000000E+00
 +0.148320E+01 -0.103370E+03 -0.161657E+03 -0.102489E+03 -0.871682E+02 +0.359973E+02 +0.000000E+00 +0.000000E+00 -0.141528E-02 -0.291103E-03 +0.000000E+00 +0.136790E-02 +0.000000E+00 +0.000000E+00
 +0.148320E+01 -0.103380E+03 -0.161567E+03 -0.102346E+03 -0.870911E+02 +0.358450E+02 +0.000000E+00 +0.000000E+00 -0.141504E-02 -0.289836E-03 +0.000000E+00 +0.136211E-02 +0.000000E+00 +0.000000E+00
 +0.148320E+01 -0.103390E+03 -0.161482E+03 -0.102194E+03 -0.870133E+02 +0.356906E+02 +0.000000E+00 +0.000000E+00 -0.141491E-02 -0.288442E-03 +0.000000E+00 +0.135624E-02 +0.000000E+00 +0.000000E+00
 +0.148320E+01 -0.103400E+03 -0.161397E+03 -0.102043E+03 -0.869354E+02 +0.355363E+02 +0.000000E+00 +0.000000E+00 -0.141478E-02 -0.287049E-03 +0.000000E+00 +0.135038E-02 +0.000000E+00 +0.000000E+00
 +0.148320E+01 -0.103410E+03 -0.161313E+03 -0.101892E+03 -0.868575E+02 +0.353819E+02 +0.000000E+00 +0.000000E+00 -0.141465E-02 -0.285655E-03 +0.000000E+00 +0.134451E-02 +0.000000E+00 +0.000000E+00
 +0.148320E+01 -0.103420E+03 -0.161228E+03 -0.101741E+03 -0.867797E+02 +0.352276E+02 +0.000000E+00 +0.000000E+00 -0.141452E-02 -0.284261E-03 +0.000000E+00 +0.133865E-02 +0.000000E+00 +0.000000E+00
 +0.148320E+01 -0.103430E+03 -0.161143E+03 -0.101590E+03 -0.867018E+02 +0.350732E+02 +0.000000E+00 +0.000000E+00 -0.141439E-02 -0.282868E-03 +0.000000E+00 +0.133278E-02 +0.000000E+00 +0.000000E+00
 +0.148320E+01 -0.103440E+03 -0.161058E+03 -0.101438E+03 -0.866239E+02 +0.349189E+02 +0.000000E+00 +0.000000E+00 -0.141426E-02 -0.281474E-03 +0.000000E+00 +0.132692E-02 +0.000000E+00 +0.000000E+00
 +0.148320E+01 -0.103450E+03 -0.160974E+03 -0.101287E+03 -0.865461E+02 +0.347645E+02 +0.000000E+00 +0.000000E+00 -0.141412E-02 -0.280080E-03 +0.000000E+00 +0.132105E-02 +0.000000E+00 +0.000000E+00
 +0.148320E+01 -0.103460E+03 -0.160889E+03 -0.101136E+03 -0.864682E+02 +0.346102E+02 +0.000000E+00 +0.000000E+00 -0.141399E-02 -0.278686E-03 +0.000000E+00 +0.131519E-02 +0.000000E+00 +0.000000E+00
 +0.148320E+01 -0.103470E+03 -0.160804E+03 -0.100985E+03 -0.863903E+02 +0.344558E+02 +0.000000E+00 +0.000000E+00 -0.141386E-02 -0.277293E-03 +0.000000E+00 +0.130932E-02 +0.000000E+00 +0.000000E+00
 +0.148320E+01 -0.103480E+03 -0.160719E+03 -0.100833E+03 -0.863125E+02 +0.343015E+02 +0.000000E+00 +0.000000E+00 -0.141373E-02 -0.275899E-03 +0.000000E+00 +0.130346E-02 +0.000000E+00 +0.000000E+00
 +0.148320E+01 -0.103490E+03 -0.160635E+03 -0.100682E+03 -0.862346E+02 +0.341471E+02 +0.000000E+00 +0.000000E+00 -0.141360E-02 -0.274505E-03 +0.000000E+00 +0.129759E-02 +0.000000E+00 +0.000000E+00
 +0.148320E+01 -0.103500E+03 -0.160550E+03 -0.100531E+03 -0.861568E+02 +0.339938E+02 +0.000000E+00 +0.000000E+00 -0.141347E-02 -0.273111E-03 +0.000000E+00 +0.129176E-02 +0.000000E+00 +0.000000E+00
 +0.148320E+01 -0.103510E+03 -0.160469E+03 -0.100380E+03 -0.860803E+02 +0.338567E+02 +0.000000E+00 +0.000000E+00 -0.141338E-02 -0.271704E-03 +0.000000E+00 +0.128655E-02 +0.000000E+00 +0.000000E+00
 +0.148320E+01 -0.103520E+03 -0.160387E+03 -0.100230E+03 -0.860037E+02 +0.337196E+02 +0.000000E+00 +0.000000E+00 -0.141329E-02 -0.270297E-03 +0.000000E+00 +0.128134E-02 +0.000000E+00 +0.000000E+00
 +0.148320E+01 -0.103530E+03 -0.160306E+03 -0.100079E+03 -0.859272E+02 +0.335825E+02 +0.000000E+00 +0.000000E+00 -0.141320E-02 -0.268890E-03 +0.000000E+00 +0.127614E-02 +0.000000E+00 +0.000000E+00
 +0.148320E+01 -0.103540E+03 -0.160225E+03 -0.999287E+02 -0.858506E+02 +0.334454E+02 +0.000000E+00 +0.000000E+00 -0.141311E-02 -0.267483E-03 +0.000000E+00 +0.127093E-02 +0.000000E+00 +0.000000E+00
 +0.148320E+01 -0.103550E+03 -0.160143E+03 -0.997781E+02 -0.857741E+02 +0.333083E+02 +0.000000E+00 +0.000000E+00 -0.141302E-02 -0.266076E-03 +0.000000E+00 +0.126572E-02 +0.000000E+00 +0.000000E+00
 +0.148320E+01 -0.103560E+03 -0.160062E+03 -0.996275E+02 -0.856976E+02 +0.331713E+02 +0.000000E+00 +0.000000E+00 -0.141293E-02 -0.264669E-03 +0.000000E+00 +0.126051E-02 +0.000000E+00 +0.000000E+00
 +0.148320E+01 -0.103570E+03 -0.159981E+03 -0.994769E+02 -0.856210E+02 +0.330342E+02 +0.000000E+00 +0.000000E+00 -0.141283E-02 -0.263262E-03 +0.000000E+00 +0.125530E-02 +0.000000E+00 +0.000000E+00
 +0.148320E+01 -0.103580E+03 -0.159899E+03 -0.993263E+02 -0.855445E+02 +0.328971E+02 +0.000000E+00 +0.000000E+00 -0.141274E-02 -0.261855E-03 +0.000000E+00 +0.125009E-02 +0.000000E+00 +0.000000E+00
 +0.148320E+01 -0.103590E+03 -0.159818E+03 -0.991757E+02 -0.854679E+02 +0.327600E+02 +0.000000E+00 +0.000000E+00 -0.141265E-02 -0.260448E-03 +0.000000E+00 +0.124488E-02 +0.000000E+00 +0.000000E+00
 +0.148320E+01 -0.103600E+03 -0.159737E+03 -0.990251E+02 -0.853914E+02 +0.326229E+02 +0.000000E+00 +0.000000E+00 -0.141256E-02 -0.259041E-03 +0.000000E+00 +0.123967E-02 +0.000000E+00 +0.000000E+00
 +0.148320E+01 -0.103610E+03 -0.159655E+03 -0.988745E+02 -0.853148E+02 +0.324858E+02 +0.000000E+00 +0.000000E+00 -0.141247E-02 -0.257634E-03 +0.000000E+00 +0.123446E-02 +0.000000E+00 +0.000000E+00
 +0.148320E+01 -0.103620E+03 -0.159574E+03 -0.987239E+02 -0.852383E+02 +0.323487E+02 +0.000000E+00 +0.000000E+00 -0.141238E-02 -0.256227E-03 +0.000000E+00 +0.122925E-02 +0.000000E+00 +0.000000E+00
 +0.148320E+01 -0.103630E+03 -0.159493E+03 -0.985733E+02 -0.851618E+02 +0.322117E+02 +0.000000E+00 +0.000000E+00 -0.141229E-02 -0.254820E-03 +0.000000E+00 +0.122404E-02 +0.000000E+00 +0.000000E+00
 +0.148320E+01 -0.103640E+03 -0.159411E+03 -0.984227E+02 -0.850852E+02 +0.320746E+02 +0.000000E+00 +0.000000E+00 -0.141219E-02 -0.253413E-03 +0.000000E+00 +0.121883E-02 +0.000000E+00 +0.000000E+00
 +0.148320E+01 -0.103650E+03 -0.159336E+03 -0.982632E+02 -0.850077E+02 +0.319359E+02 +0.000000E+00 +0.000000E+00 -0.141223E-02 -0.251855E-03 +0.000000E+00 +0.121356E-02 +0.000000E+00 +0.000000E+00
 +0.148320E+01 -0.103660E+03 -0.159266E+03 -0.980949E+02 -0.849291E+02 +0.317956E+02 +0.000000E+00 +0.000000E+00 -0.141240E-02 -0.250150E-03 +0.000000E+00 +0.120823E-02 +0.000000E+00 +0.000000E+00
 +0.148320E+01 -0.103670E+03 -0.159199E+03 -0.979356E+02 -0.848543E+02 +0.316698E+02 +0.000000E+00 +0.000000E+00 -0.141254E-02 -0.248545E-03 +0.000000E+00 +0.120345E-02 +0.000000E+00 +0.000000E+00
 +0.148320E+01 -0.103680E+03 -0.159132E+03 -0.977790E+02 -0.847805E+02 +0.315468E+02 +0.000000E+00 +0.000000E+00 -0.141267E-02 -0.246972E-03 +0.000000E+00 +0.119878E-02 +0.000000E+00 +0.000000E+00
 +0.148320E+01 -0.103690E+03 -0.159058E+03 -0.976284E+02 -0.847064E+02 +0.314135E+02 +0.000000E+00 +0.000000E+00 -0.141267E-02 -0.245518E-03 +0.000000E+00 +0.119371E-02 +0.000000E+00 +0.000000E+00
 +0.148320E+01 -0.103700E+03 -0.158984E+03 -0.974779E+02 -0.846324E+02 +0.312802E+02 +0.000000E+00 +0.000000E+00 -0.141268E-02 -0.244064E-03 +0.000000E+00 +0.118865E-02 +0.000000E+00 +0.000000E+00
 +0.148320E+01 -0.103710E+03 -0.158910E+03 -0.973273E+02 -0.845584E+02 +0.311469E+02 +0.000000E+00 +0.000000E+00 -0.141268E-02 -0.242610E-03 +0.000000E+00 +0.118358E-02 +0.000000E+00 +0.000000E+00
 +0.148320E+01 -0.103720E+03 -0.158836E+03 -0.971768E+02 -0.844844E+02 +0.310136E+02 +0.000000E+00 +0.000000E+00 -0.141269E-02 -0.241156E-03 +0.000000E+00 +0.117852E-02 +0.000000E+00 +0.000000E+00
 +0.148320E+01 -0.103730E+03 -0.158763E+03 -0.970262E+02 -0.844104E+02 +0.308803E+02 +0.000000E+00 +0.000000E+00 -0.141269E-02 -0.239702E-03 +0.000000E+00 +0.117345E-02 +0.000000E+00 +0.000000E+00
 +0.148320E+01 -0.103740E+03 -0.158689E+03 -0.968757E+02 -0.843363E+02 +0.307470E+02 +0.000000E+00 +0.000000E+00 -0.141270E-02 -0.238248E-03 +0.000000E+00 +0.116839E-02 +0.000000E+00 +0.000000E+00
 +0.148320E+01 -0.103750E+03 -0.158615E+03 -0.967251E+02 -0.842623E+02 +0.306137E+02 +0.000000E+00 +0.000000E+00 -0.141270E-02 -0.236794E-03 +0.000000E+00 +0.116332E-02 +0.000000E+00 +0.000000E+00
 +0.148320E+01 -0.103760E+03 -0.158541E+03 -0.965746E+02 -0.841883E+02 +0.304804E+02 +0.000000E+00 +0.000000E+00 -0.141271E-02 -0.235340E-03 +0.000000E+00 +0.115826E-02 +0.000000E+00 +0.000000E+00
 +0.148320E+01 -0.103770E+03 -0.158468E+03 -0.964240E+02 -0.841143E+02 +0.303472E+02 +0.000000E+00 +0.000000E+00 -0.141271E-02 -0.233886E-03 +0.000000E+00 +0.115319E-02 +0.000000E+00 +0.000000E+00
 +0.148320E+01 -0.103780E+03 -0.158394E+03 -0.962735E+02 -0.840402E+02 +0.302139E+02 +0.000000E+00 +0.000000E+00 -0.141272E-02 -0.232432E-03 +0.000000E+00 +0.114813E-02 +0.000000E+00 +0.000000E+00
 +0.148320E+01 -0.103790E+03 -0.158320E+03 -0.961229E+02 -0.839662E+02 +0.300806E+02 +0.000000E+00 +0.000000E+00 -0.141272E-02 -0.230978E-03 +0.000000E+00 +0.114306E-02 +0.000000E+00 +0.000000E+00
 +0.148320E+01 -0.103800E+03 -0.158246E+03 -0.959724E+02 -0.838922E+02 +0.299473E+02 +0.000000E+00 +0.000000E+00 -0.141273E-02 -0.229524E-03 +0.000000E+00 +0.113800E-02 +0.000000E+00 +0.000000E+00
 +0.148320E+01 -0.103810E+03 -0.158173E+03 -0.958218E+02 -0.838182E+02 +0.298140E+02 +0.000000E+00 +0.000000E+00 -0.141273E-02 -0.228070E-03 +0.000000E+00 +0.113293E-02 +0.000000E+00 +0.000000E+00
 +0.148320E+01 -0.103820E+03 -0.158099E+03 -0.956713E+02 -0.837441E+02 +0.296807E+02 +0.000000E+00 +0.000000E+00 -0.141274E-02 -0.226616E-03 +0.000000E+00 +0.112787E-02 +0.000000E+00 +0.000000E+00
 +0.148320E+01 -0.103830E+03 -0.158025E+03 -0.955207E+02 -0.836701E+02 +0.295474E+02 +0.000000E+00 +0.000000E+00 -0.141274E-02 -0.225162E-03 +0.000000E+00 +0.112280E-02 +0.000000E+00 +0.000000E+00
 +0.148320E+01 -0.103840E+03 -0.157953E+03 -0.953774E+02 -0.835989E+02 +0.294235E+02 +0.000000E+00 +0.000000E+00 -0.141272E-02 -0.223791E-03 +0.000000E+00 +0.111809E-02 +0.000000E+00 +0.000000E+00
 +0.148320E+01 -0.103850E+03 -0.157882E+03 -0.952434E+02 -0.835313E+02 +0.293119E+02 +0.000000E+00 +0.000000E+00 -0.141266E-02 -0.222528E-03 +0.000000E+00 +0.111385E-02 +0.000000E+00 +0.000000E+00
 +0.148320E+01 -0.103860E+03 -0.157811E+03 -0.951093E+02 -0.834638E+02 +0.292003E+02 +0.000000E+00 +0.000000E+00 -0.141260E-02 -0.221265E-03 +0.000000E+00 +0.110961E-02 +0.000000E+00 +0.000000E+00
 +0.148320E+01 -0.103870E+03 -0.157741E+03 -0.949753E+02 -0.833962E+02 +0.290887E+02 +0.000000E+00 +0.000000E+00 -0.141254E-02 -0.220003E-03 +0.000000E+00 +0.110537E-02 +0.000000E+00 +0.000000E+00
 +0.148320E+01 -0.103880E+03 -0.157670E+03 -0.948413E+02 -0.833287E+02 +0.289771E+02 +0.000000E+00 +0.000000E+00 -0.141248E-02 -0.218740E-03 +0.000000E+00 +0.110113E-02 +0.000000E+00 +0.000000E+00
 +0.148320E+01 -0.103890E+03 -0.157599E+03 -0.947073E+02 -0.832611E+02 +0.288655E+02 +0.000000E+00 +0.000000E+00 -0.141242E-02 -0.217477E-03 +0.000000E+00 +0.109689E-02 +0.000000E+00 +0.000000E+00
 +0.148320E+01 -0.103900E+03 -0.157528E+03 -0.945732E+02 -0.831935E+02 +0.287539E+02 +0.000000E+00 +0.000000E+00 -0.141236E-02 -0.216214E-03 +0.000000E+00 +0.109265E-02 +0.000000E+00 +0.000000E+00
 +0.148320E+01 -0.103910E+03 -0.157458E+03 -0.944392E+02 -0.831260E+02 +0.286422E+02 +0.000000E+00 +0.000000E+00 -0.141230E-02 -0.214951E-03 +0.000000E+00 +0.108841E-02 +0.000000E+00 +0.000000E+00
 +0.148320E+01 -0.103920E+03 -0.157387E+03 -0.943052E+02 -0.830584E+02 +0.285306E+02 +0.000000E+00 +0.000000E+00 -0.141224E-02 -0.213689E-03 +0.000000E+00 +0.108416E-02 +0.000000E+00 +0.000000E+00
 +0.148320E+01 -0.103930E+03 -0.157316E+03 -0.941711E+02 -0.829908E+02 +0.284190E+02 +0.000000E+00 +0.000000E+00 -0.141218E-02 -0.212426E-03 +0.000000E+00 +0.107992E-02 +0.000000E+00 +0.000000E+00
 +0.148320E+01 -0.103940E+03 -0.157246E+03 -0.940371E+02 -0.829233E+02 +0.283074E+02 +0.000000E+00 +0.000000E+00 -0.141212E-02 -0.211163E-03 +0.000000E+00 +0.107568E-02 +0.000000E+00 +0.000000E+00
 +0.148320E+01 -0.103950E+03 -0.157175E+03 -0.939031E+02 -0.828557E+02 +0.281958E+02 +0.000000E+00 +0.000000E+00 -0.141206E-02 -0.209900E-03 +0.000000E+00 +0.107144E-02 +0.000000E+00 +0.000000E+00
 +0.148320E+01 -0.103960E+03 -0.157104E+03 -0.937691E+02 -0.827882E+02 +0.280842E+02 +0.000000E+00 +0.000000E+00 -0.141200E-02 -0.208637E-03 +0.000000E+00 +0.106720E-02 +0.000000E+00 +0.000000E+00
 +0.148320E+01 -0.103970E+03 -0.157033E+03 -0.936350E+02 -0.827206E+02 +0.279726E+02 +0.000000E+00 +0.000000E+00 -0.141194E-02 -0.207375E-03 +0.000000E+00 +0.106296E-02 +0.000000E+00 +0.000000E+00
 +0.148320E+01 -0.103980E+03 -0.156963E+03 -0.935010E+02 -0.826530E+02 +0.278610E+02 +0.000000E+00 +0.000000E+00 -0.141188E-02 -0.206112E-03 +0.000000E+00 +0.105872E-02 +0.000000E+00 +0.000000E+00
 +0.148320E+01 -0.103990E+03 -0.156892E+03 -0.933670E+02 -0.825855E+02 +0.277494E+02 +0.000000E+00 +0.000000E+00 -0.141182E-02 -0.204849E-03 +0.000000E+00 +0.105448E-02 +0.000000E+00 +0.000000E+00
 +0.148320E+01 -0.104000E+03 -0.156821E+03 -0.932330E+02 -0.825179E+02 +0.276378E+02 +0.000000E+00 +0.000000E+00 -0.141176E-02 -0.203586E-03 +0.000000E+00 +0.105024E-02 +0.000000E+00 +0.000000E+00
 +0.148320E+01 -0.104010E+03 -0.156751E+03 -0.930989E+02 -0.824503E+02 +0.275262E+02 +0.000000E+00 +0.000000E+00 -0.141170E-02 -0.202323E-03 +0.000000E+00 +0.104599E-02 +0.000000E+00 +0.000000E+00
 +0.148320E+01 -0.104020E+03 -0.156689E+03 -0.929552E+02 -0.823825E+02 +0.274138E+02 +0.000000E+00 +0.000000E+00 -0.141182E-02 -0.200882E-03 +0.000000E+00 +0.104172E-02 +0.000000E+00 +0.000000E+00
 +0.148320E+01 -0.104030E+03 -0.156636E+03 -0.928032E+02 -0.823151E+02 +0.273027E+02 +0.000000E+00 +0.000000E+00 -0.141210E-02 -0.199275E-03 +0.000000E+00 +0.103750E-02 +0.000000E+00 +0.000000E+00
 +0.148320E+01 -0.104040E+03 -0.156588E+03 -0.926692E+02 -0.822547E+02 +0.272112E+02 +0.000000E+00 +0.000000E+00 -0.141232E-02 -0.197875E-03 +0.000000E+00 +0.103403E-02 +0.000000E+00 +0.000000E+00
 +0.148320E+01 -0.104050E+03 -0.156545E+03 -0.925406E+02 -0.821984E+02 +0.271021E+02 +0.000000E+00 +0.000000E+00 -0.141259E-02 -0.196502E-03 +0.000000E+00 +0.102988E-02 +0.000000E+00 +0.000000E+00
 +0.148320E+01 -0.104060E+03 -0.156504E+03 -0.924125E+02 -0.821424E+02 +0.269915E+02 +0.000000E+00 +0.000000E+00 -0.141287E-02 -0.195132E-03 +0.000000E+00 +0.102568E-02 +0.000000E+00 +0.000000E+00
 +0.148320E+01 -0.104070E+03 -0.156462E+03 -0.922843E+02 -0.820863E+02 +0.268808E+02 +0.000000E+00 +0.000000E+00 -0.141314E-02 -0.193762E-03 +0.000000E+00 +0.102147E-02 +0.000000E+00 +0.000000E+00
 +0.148320E+01 -0.104080E+03 -0.156421E+03 -0.921562E+02 -0.820303E+02 +0.267702E+02 +0.000000E+00 +0.000000E+00 -0.141341E-02 -0.192392E-03 +0.000000E+00 +0.101727E-02 +0.000000E+00 +0.000000E+00
 +0.148320E+01 -0.104090E+03 -0.156379E+03 -0.920280E+02 -0.819743E+02 +0.266596E+02 +0.000000E+00 +0.000000E+00 -0.141369E-02 -0.191021E-03 +0.000000E+00 +0.101306E-02 +0.000000E+00 +0.000000E+00
 +0.148320E+01 -0.104100E+03 -0.156337E+03 -0.918999E+02 -0.819183E+02 +0.265489E+02 +0.000000E+00 +0.000000E+00 -0.141396E-02 -0.189651E-03 +0.000000E+00 +0.100886E-02 +0.000000E+00 +0.000000E+00
 +0.148320E+01 -0.104110E+03 -0.156296E+03 -0.917718E+02 -0.818622E+02 +0.264383E+02 +0.000000E+00 +0.000000E+00 -0.141423E-02 -0.188281E-03 +0.000000E+00 +0.100466E-02 +0.000000E+00 +0.000000E+00
 +0.148320E+01 -0.104120E+03 -0.156254E+03 -0.916436E+02 -0.818062E+02 +0.263277E+02 +0.000000E+00 +0.000000E+00 -0.141451E-02 -0.186911E-03 +0.000000E+00 +0.100045E-02 +0.000000E+00 +0.000000E+00
 +0.148320E+01 -0.104130E+03 -0.156212E+03 -0.915155E+02 -0.817502E+02 +0.262171E+02 +0.000000E+00 +0.000000E+00 -0.141478E-02 -0.185540E-03 +0.000000E+00 +0.996248E-03 +0.000000E+00 +0.000000E+00
 +0.148320E+01 -0.104140E+03 -0.156171E+03 -0.913874E+02 -0.816942E+02 +0.261064E+02 +0.000000E+00 +0.000000E+00 -0.141506E-02 -0.184170E-03 +0.000000E+00 +0.992044E-03 +0.000000E+00 +0.000000E+00
 +0.148320E+01 -0.104150E+03 -0.156129E+03 -0.912592E+02 -0.816382E+02 +0.259958E+02 +0.000000E+00 +0.000000E+00 -0.141533E-02 -0.182800E-03 +0.000000E+00 +0.987840E-03 +0.000000E+00 +0.000000E+00
 +0.148320E+01 -0.104160E+03 -0.156088E+03 -0.911311E+02 -0.815821E+02 +0.258852E+02 +0.000000E+00 +0.000000E+00 -0.141560E-02 -0.181430E-03 +0.000000E+00 +0.983636E-03 +0.000000E+00 +0.000000E+00
 +0.148320E+01 -0.104170E+03 -0.156046E+03 -0.910029E+02 -0.815261E+02 +0.257745E+02 +0.000000E+00 +0.000000E+00 -0.141588E-02 -0.180060E-03 +0.000000E+00 +0.979432E-03 +0.000000E+00 +0.000000E+00
 +0.148320E+01 -0.104180E+03 -0.156004E+03 -0.908748E+02 -0.814701E+02 +0.256639E+02 +0.000000E+00 +0.000000E+00 -0.141615E-02 -0.178689E-03 +0.000000E+00 +0.975228E-03 +0.000000E+00 +0.000000E+00
 +0.148320E+01 -0.104190E+03 -0.155963E+03 -0.907467E+02 -0.814141E+02 +0.255533E+02 +0.000000E+00 +0.000000E+00 -0.141642E-02 -0.177319E-03 +0.000000E+00 +0.971024E-03 +0.000000E+00 +0.000000E+00
 +0.148320E+01 -0.104200E+03 -0.155921E+03 -0.906185E+02 -0.813580E+02 +0.254426E+02 +0.000000E+00 +0.000000E+00 -0.141670E-02 -0.175949E-03 +0.000000E+00 +0.966820E-03 +0.000000E+00 +0.000000E+00
 +0.148320E+01 -0.104210E+03 -0.155879E+03 -0.904904E+02 -0.813020E+02 +0.253320E+02 +0.000000E+00 +0.000000E+00 -0.141697E-02 -0.174579E-03 +0.000000E+00 +0.962616E-03 +0.000000E+00 +0.000000E+00
 +0.148320E+01 -0.104220E+03 -0.155838E+03 -0.903622E+02 -0.812460E+02 +0.252214E+02 +0.000000E+00 +0.000000E+00 -0.141724E-02 -0.173208E-03 +0.000000E+00 +0.958412E-03 +0.000000E+00 +0.000000E+00
 +0.148320E+01 -0.104230E+03 -0.155796E+03 -0.902341E+02 -0.811900E+02 +0.251107E+02 +0.000000E+00 +0.000000E+00 -0.141752E-02 -0.171838E-03 +0.000000E+00 +0.954208E-03 +0.000000E+00 +0.000000E+00
 +0.148320E+01 -0.104240E+03 -0.155757E+03 -0.901066E+02 -0.811349E+02 +0.250107E+02 +0.000000E+00 +0.000000E+00 -0.141781E-02 -0.170463E-03 +0.000000E+00 +0.950408E-03 +0.000000E+00 +0.000000E+00
 +0.148320E+01 -0.104250E+03 -0.155718E+03 -0.899793E+02 -0.810800E+02 +0.249137E+02 +0.000000E+00 +0.000000E+00 -0.141812E-02 -0.169087E-03 +0.000000E+00 +0.946720E-03 +0.000000E+00 +0.000000E+00
 +0.148320E+01 -0.104260E+03 -0.155679E+03 -0.898520E+02 -0.810251E+02 +0.248166E+02 +0.000000E+00 +0.000000E+00 -0.141842E-02 -0.167710E-03 +0.000000E+00 +0.943032E-03 +0.000000E+00 +0.000000E+00
 +0.148320E+01 -0.104270E+03 -0.155640E+03 -0.897247E+02 -0.809703E+02 +0.247196E+02 +0.000000E+00 +0.000000E+00 -0.141872E-02 -0.166334E-03 +0.000000E+00 +0.939345E-03 +0.000000E+00 +0.000000E+00
 +0.148320E+01 -0.104280E+03 -0.155601E+03 -0.895974E+02 -0.809154E+02 +0.246226E+02 +0.000000E+00 +0.000000E+00 -0.141902E-02 -0.164958E-03 +0.000000E+00 +0.935657E-03 +0.000000E+00 +0.000000E+00
 +0.148320E+01 -0.104290E+03 -0.155562E+03 -0.894701E+02 -0.808605E+02 +0.245255E+02 +0.000000E+00 +0.000000E+00 -0.141932E-02 -0.163581E-03 +0.000000E+00 +0.931969E-03 +0.000000E+00 +0.000000E+00
 +0.148320E+01 -0.104300E+03 -0.155523E+03 -0.893427E+02 -0.808056E+02 +0.244285E+02 +0.000000E+00 +0.000000E+00 -0.141963E-02 -0.162205E-03 +0.000000E+00 +0.928282E-03 +0.000000E+00 +0.000000E+00
 +0.148320E+01 -0.104310E+03 -0.155484E+03 -0.892154E+02 -0.807508E+02 +0.243314E+02 +0.000000E+00 +0.000000E+00 -0.141993E-02 -0.160829E-03 +0.000000E+00 +0.924594E-03 +0.000000E+00 +0.000000E+00
 +0.148320E+01 -0.104320E+03 -0.155445E+03 -0.890881E+02 -0.806959E+02 +0.242344E+02 +0.000000E+00 +0.000000E+00 -0.142023E-02 -0.159452E-03 +0.000000E+00 +0.920907E-03 +0.000000E+00 +0.000000E+00
 +0.148320E+01 -0.104330E+03 -0.155406E+03 -0.889608E+02 -0.806410E+02 +0.241373E+02 +0.000000E+00 +0.000000E+00 -0.142053E-02 -0.158076E-03 +0.000000E+00 +0.917219E-03 +0.000000E+00 +0.000000E+00
 +0.148320E+01 -0.104340E+03 -0.155367E+03 -0.888335E+02 -0.805862E+02 +0.240403E+02 +0.000000E+00 +0.000000E+00 -0.142084E-02 -0.156699E-03 +0.000000E+00 +0.913531E-03 +0.000000E+00 +0.000000E+00
 +0.148320E+01 -0.104350E+03 -0.155328E+03 -0.887062E+02 -0.805313E+02 +0.239433E+02 +0.000000E+00 +0.000000E+00 -0.142114E-02 -0.155323E-03 +0.000000E+00 +0.909844E-03 +0.000000E+00 +0.000000E+00
 +0.148320E+01 -0.104360E+03 -0.155289E+03 -0.885789E+02 -0.804764E+02 +0.238462E+02 +0.000000E+00 +0.000000E+00 -0.142144E-02 -0.153947E-03 +0.000000E+00 +0.906156E-03 +0.000000E+00 +0.000000E+00
 +0.148320E+01 -0.104370E+03 -0.155250E+03 -0.884516E+02 -0.804216E+02 +0.237492E+02 +0.000000E+00 +0.000000E+00 -0.142174E-02 -0.152570E-03 +0.000000E+00 +0.902468E-03 +0.000000E+00 +0.000000E+00
 +0.148320E+01 -0.104380E+03 -0.155211E+03 -0.883243E+02 -0.803667E+02 +0.236521E+02 +0.000000E+00 +0.000000E+00 -0.142204E-02 -0.151194E-03 +0.000000E+00 +0.898781E-03 +0.000000E+00 +0.000000E+00
 +0.148320E+01 -0.104390E+03 -0.155172E+03 -0.881970E+02 -0.803118E+02 +0.235551E+02 +0.000000E+00 +0.000000E+00 -0.142235E-02 -0.149818E-03 +0.000000E+00 +0.895093E-03 +0.000000E+00 +0.000000E+00
 +0.148320E+01 -0.104400E+03 -0.155133E+03 -0.880696E+02 -0.802570E+02 +0.234580E+02 +0.000000E+00 +0.000000E+00 -0.142265E-02 -0.148441E-03 +0.000000E+00 +0.891405E-03 +0.000000E+00 +0.000000E+00
 +0.148320E+01 -0.104410E+03 -0.155094E+03 -0.879423E+02 -0.802021E+02 +0.233610E+02 +0.000000E+00 +0.000000E+00 -0.142295E-02 -0.147065E-03 +0.000000E+00 +0.887718E-03 +0.000000E+00 +0.000000E+00
 +0.148320E+01 -0.104420E+03 -0.155055E+03 -0.878150E+02 -0.801472E+02 +0.232640E+02 +0.000000E+00 +0.000000E+00 -0.142325E-02 -0.145688E-03 +0.000000E+00 +0.884030E-03 +0.000000E+00 +0.000000E+00
 +0.148320E+01 -0.104430E+03 -0.155016E+03 -0.876877E+02 -0.800923E+02 +0.231669E+02 +0.000000E+00 +0.000000E+00 -0.142356E-02 -0.144312E-03 +0.000000E+00 +0.880343E-03 +0.000000E+00 +0.000000E+00
 +0.148320E+01 -0.104440E+03 -0.154977E+03 -0.875604E+02 -0.800375E+02 +0.230699E+02 +0.000000E+00 +0.000000E+00 -0.142386E-02 -0.142936E-03 +0.000000E+00 +0.876655E-03 +0.000000E+00 +0.000000E+00
 +0.148320E+01 -0.104450E+03 -0.154938E+03 -0.874323E+02 -0.799822E+02 +0.229726E+02 +0.000000E+00 +0.000000E+00 -0.142416E-02 -0.141552E-03 +0.000000E+00 +0.872958E-03 +0.000000E+00 +0.000000E+00
 +0.148320E+01 -0.104460E+03 -0.154890E+03 -0.872860E+02 -0.799181E+02 +0.228697E+02 +0.000000E+00 +0.000000E+00 -0.142447E-02 -0.139989E-03 +0.000000E+00 +0.869049E-03 +0.000000E+00 +0.000000E+00
 +0.148320E+01 -0.104470E+03 -0.154842E+03 -0.871396E+02 -0.798540E+02 +0.227668E+02 +0.000000E+00 +0.000000E+00 -0.142477E-02 -0.138427E-03 +0.000000E+00 +0.865139E-03 +0.000000E+00 +0.000000E+00
 +0.148320E+01 -0.104480E+03 -0.154794E+03 -0.869932E+02 -0.797898E+02 +0.226639E+02 +0.000000E+00 +0.000000E+00 -0.142508E-02 -0.136865E-03 +0.000000E+00 +0.861229E-03 +0.000000E+00 +0.000000E+00
 +0.148320E+01 -0.104490E+03 -0.154746E+03 -0.868468E+02 -0.797257E+02 +0.225610E+02 +0.000000E+00 +0.000000E+00 -0.142539E-02 -0.135302E-03 +0.000000E+00 +0.857320E-03 +0.000000E+00 +0.000000E+00
 +0.148320E+01 -0.104500E+03 -0.154698E+03 -0.867005E+02 -0.796615E+02 +0.224582E+02 +0.000000E+00 +0.000000E+00 -0.142570E-02 -0.133740E-03 +0.000000E+00 +0.853410E-03 +0.000000E+00 +0.000000E+00
 +0.148320E+01 -0.104510E+03 -0.154650E+03 -0.865541E+02 -0.795974E+02 +0.223553E+02 +0.000000E+00 +0.000000E+00 -0.142600E-02 -0.132177E-03 +0.000000E+00 +0.849501E-03 +0.000000E+00 +0.000000E+00
 +0.148320E+01 -0.104520E+03 -0.154602E+03 -0.864077E+02 -0.795333E+02 +0.222524E+02 +0.000000E+00 +0.000000E+00 -0.142631E-02 -0.130615E-03 +0.000000E+00 +0.845591E-03 +0.000000E+00 +0.000000E+00
 +0.148320E+01 -0.104530E+03 -0.154554E+03 -0.862614E+02 -0.794691E+02 +0.221495E+02 +0.000000E+00 +0.000000E+00 -0.142662E-02 -0.129053E-03 +0.000000E+00 +0.841681E-03 +0.000000E+00 +0.000000E+00
 +0.148320E+01 -0.104540E+03 -0.154506E+03 -0.861150E+02 -0.794050E+02 +0.220466E+02 +0.000000E+00 +0.000000E+00 -0.142692E-02 -0.127490E-03 +0.000000E+00 +0.837772E-03 +0.000000E+00 +0.000000E+00
 +0.148320E+01 -0.104550E+03 -0.154458E+03 -0.859686E+02 -0.793408E+02 +0.219437E+02 +0.000000E+00 +0.000000E+00 -0.142723E-02 -0.125928E-03 +0.000000E+00 +0.833862E-03 +0.000000E+00 +0.000000E+00
 +0.148320E+01 -0.104560E+03 -0.154410E+03 -0.858222E+02 -0.792767E+02 +0.218409E+02 +0.000000E+00 +0.000000E+00 -0.142754E-02 -0.124365E-03 +0.000000E+00 +0.829952E-03 +0.000000E+00 +0.000000E+00
 +0.148320E+01 -0.104570E+03 -0.154362E+03 -0.856759E+02 -0.792126E+02 +0.217380E+02 +0.000000E+00 +0.000000E+00 -0.142784E-02 -0.122803E-03 +0.000000E+00 +0.826043E-03 +0.000000E+00 +0.000000E+00
 +0.148320E+01 -0.104580E+03 -0.154314E+03 -0.855295E+02 -0.791484E+02 +0.216351E+02 +0.000000E+00 +0.000000E+00 -0.142815E-02 -0.121241E-03 +0.000000E+00 +0.822133E-03 +0.000000E+00 +0.000000E+00
 +0.148320E+01 -0.104590E+03 -0.154266E+03 -0.853831E+02 -0.790843E+02 +0.215322E+02 +0.000000E+00 +0.000000E+00 -0.142846E-02 -0.119678E-03 +0.000000E+00 +0.818223E-03 +0.000000E+00 +0.000000E+00
 +0.148320E+01 -0.104600E+03 -0.154218E+03 -0.852367E+02 -0.790201E+02 +0.214293E+02 +0.000000E+00 +0.000000E+00 -0.142876E-02 -0.118116E-03 +0.000000E+00 +0.814314E-03 +0.000000E+00 +0.000000E+00
 +0.148320E+01 -0.104610E+03 -0.154170E+03 -0.850904E+02 -0.789560E+02 +0.213264E+02 +0.000000E+00 +0.000000E+00 -0.142907E-02 -0.116553E-03 +0.000000E+00 +0.810404E-03 +0.000000E+00 +0.000000E+00
 +0.148320E+01 -0.104620E+03 -0.154122E+03 -0.849440E+02 -0.788918E+02 +0.212235E+02 +0.000000E+00 +0.000000E+00 -0.142938E-02 -0.114991E-03 +0.000000E+00 +0.806495E-03 +0.000000E+00 +0.000000E+00
 +0.148320E+01 -0.104630E+03 -0.154074E+03 -0.847976E+02 -0.788277E+02 +0.211207E+02 +0.000000E+00 +0.000000E+00 -0.142968E-02 -0.113429E-03 +0.000000E+00 +0.802585E-03 +0.000000E+00 +0.000000E+00
 +0.148320E+01 -0.104640E+03 -0.154026E+03 -0.846513E+02 -0.787636E+02 +0.210178E+02 +0.000000E+00 +0.000000E+00 -0.142999E-02 -0.111866E-03 +0.000000E+00 +0.798675E-03 +0.000000E+00 +0.000000E+00
 +0.148320E+01 -0.104650E+03 -0.153978E+03 -0.845049E+02 -0.786994E+02 +0.209149E+02 +0.000000E+00 +0.000000E+00 -0.143030E-02 -0.110304E-03 +0.000000E+00 +0.794766E-03 +0.000000E+00 +0.000000E+00
 +0.148320E+01 -0.104660E+03 -0.153930E+03 -0.843585E+02 -0.786353E+02 +0.208120E+02 +0.000000E+00 +0.000000E+00 -0.143060E-02 -0.108741E-03 +0.000000E+00 +0.790856E-03 +0.000000E+00 +0.000000E+00
 +0.148320E+01 -0.104670E+03 -0.153882E+03 -0.842121E+02 -0.785711E+02 +0.207091E+02 +0.000000E+00 +0.000000E+00 -0.143091E-02 -0.107179E-03 +0.000000E+00 +0.786946E-03 +0.000000E+00 +0.000000E+00
 +0.148320E+01 -0.104680E+03 -0.153834E+03 -0.840658E+02 -0.785070E+02 +0.206062E+02 +0.000000E+00 +0.000000E+00 -0.143122E-02 -0.105617E-03 +0.000000E+00 +0.783037E-03 +0.000000E+00 +0.000000E+00
 +0.148320E+01 -0.104690E+03 -0.153786E+03 -0.839194E+02 -0.784429E+02 +0.205033E+02 +0.000000E+00 +0.000000E+00 -0.143152E-02 -0.104054E-03 +0.000000E+00 +0.779127E-03 +0.000000E+00 +0.000000E+00
 +0.148320E+01 -0.104700E+03 -0.153738E+03 -0.837730E+02 -0.783787E+02 +0.204005E+02 +0.000000E+00 +0.000000E+00 -0.143183E-02 -0.102492E-03 +0.000000E+00 +0.775217E-03 +0.000000E+00 +0.000000E+00
 +0.148320E+01 -0.104710E+03 -0.153690E+03 -0.836267E+02 -0.783146E+02 +0.202976E+02 +0.000000E+00 +0.000000E+00 -0.143214E-02 -0.100929E-03 +0.000000E+00 +0.771308E-03 +0.000000E+00 +0.000000E+00
 +0.148320E+01 -0.104720E+03 -0.153642E+03 -0.834803E+02 -0.782504E+02 +0.201947E+02 +0.000000E+00 +0.000000E+00 -0.143244E-02 -0.993670E-04 +0.000000E+00 +0.767398E-03 +0.000000E+00 +0.000000E+00
 +0.148320E+01 -0.104730E+03 -0.153594E+03 -0.833339E+02 -0.781863E+02 +0.200918E+02 +0.000000E+00 +0.000000E+00 -0.143275E-02 -0.978046E-04 +0.000000E+00 +0.763489E-03 +0.000000E+00 +0.000000E+00
 +0.148320E+01 -0.104740E+03 -0.153546E+03 -0.831875E+02 -0.781222E+02 +0.199889E+02 +0.000000E+00 +0.000000E+00 -0.143306E-02 -0.962422E-04 +0.000000E+00 +0.759579E-03 +0.000000E+00 +0.000000E+00
 +0.148320E+01 -0.104750E+03 -0.153513E+03 -0.830995E+02 -0.780820E+02 +0.199011E+02 +0.000000E+00 +0.000000E+00 -0.143318E-02 -0.953323E-04 +0.000000E+00 +0.756243E-03 +0.000000E+00 +0.000000E+00
 +0.148320E+01 -0.104760E+03 -0.153485E+03 -0.830351E+02 -0.780516E+02 +0.198194E+02 +0.000000E+00 +0.000000E+00 -0.143323E-02 -0.946868E-04 +0.000000E+00 +0.753139E-03 +0.000000E+00 +0.000000E+00
 +0.148320E+01 -0.104770E+03 -0.153457E+03 -0.829707E+02 -0.780211E+02 +0.197378E+02 +0.000000E+00 +0.000000E+00 -0.143328E-02 -0.940412E-04 +0.000000E+00 +0.750035E-03 +0.000000E+00 +0.000000E+00
 +0.148320E+01 -0.104780E+03 -0.153429E+03 -0.829062E+02 -0.779907E+02 +0.196561E+02 +0.000000E+00 +0.000000E+00 -0.143333E-02 -0.933957E-04 +0.000000E+00 +0.746931E-03 +0.000000E+00 +0.000000E+00
 +0.148320E+01 -0.104790E+03 -0.153401E+03 -0.828418E+02 -0.779602E+02 +0.195744E+02 +0.000000E+00 +0.000000E+00 -0.143338E-02 -0.927501E-04 +0.000000E+00 +0.743827E-03 +0.000000E+00 +0.000000E+00
 +0.148320E+01 -0.104800E+03 -0.153374E+03 -0.827774E+02 -0.779298E+02 +0.194927E+02 +0.000000E+00 +0.000000E+00 -0.143343E-02 -0.921045E-04 +0.000000E+00 +0.740723E-03 +0.000000E+00 +0.000000E+00
 +0.148320E+01 -0.104810E+03 -0.153346E+03 -0.827130E+02 -0.778994E+02 +0.194110E+02 +0.000000E+00 +0.000000E+00 -0.143348E-02 -0.914590E-04 +0.000000E+00 +0.737620E-03 +0.000000E+00 +0.000000E+00
 +0.148320E+01 -0.104820E+03 -0.153318E+03 -0.826486E+02 -0.778689E+02 +0.193294E+02 +0.000000E+00 +0.000000E+00 -0.143353E-02 -0.908134E-04 +0.000000E+00 +0.734516E-03 +0.000000E+00 +0.000000E+00
 +0.148320E+01 -0.104830E+03 -0.153290E+03 -0.825842E+02 -0.778385E+02 +0.192477E+02 +0.000000E+00 +0.000000E+00 -0.143358E-02 -0.901679E-04 +0.000000E+00 +0.731412E-03 +0.000000E+00 +0.000000E+00
 +0.148320E+01 -0.104840E+03 -0.153262E+03 -0.825197E+02 -0.778080E+02 +0.191660E+02 +0.000000E+00 +0.000000E+00 -0.143363E-02 -0.895223E-04 +0.000000E+00 +0.728308E-03 +0.000000E+00 +0.000000E+00
 +0.148320E+01 -0.104850E+03 -0.153234E+03 -0.824553E+02 -0.777776E+02 +0.190843E+02 +0.000000E+00 +0.000000E+00 -0.143368E-02 -0.888767E-04 +0.000000E+00 +0.725204E-03 +0.000000E+00 +0.000000E+00
 +0.148320E+01 -0.104860E+03 -0.153207E+03 -0.823909E+02 -0.777472E+02 +0.190026E+02 +0.000000E+00 +0.000000E+00 -0.143373E-02 -0.882312E-04 +0.000000E+00 +0.722100E-03 +0.000000E+00 +0.000000E+00
 +0.148320E+01 -0.104870E+03 -0.153179E+03 -0.823265E+02 -0.777167E+02 +0.189210E+02 +0.000000E+00 +0.000000E+00 -0.143378E-02 -0.875856E-04 +0.000000E+00 +0.718996E-03 +0.000000E+00 +0.000000E+00
 +0.148320E+01 -0.104880E+03 -0.153151E+03 -0.822621E+02 -0.776863E+02 +0.188393E+02 +0.000000E+00 +0.000000E+00 -0.143383E-02 -0.869400E-04 +0.000000E+00 +0.715892E-03 +0.000000E+00 +0.000000E+00
 +0.148320E+01 -0.104890E+03 -0.153123E+03 -0.821977E+02 -0.776558E+02 +0.187576E+02 +0.000000E+00 +0.000000E+00 -0.143388E-02 -0.862945E-04 +0.000000E+00 +0.712789E-03 +0.000000E+00 +0.000000E+00
 +0.148320E+01 -0.104900E+03 -0.153095E+03 -0.821332E+02 -0.776254E+02 +0.186759E+02 +0.000000E+00 +0.000000E+00 -0.143393E-02 -0.856489E-04 +0.000000E+00 +0.709685E-03 +0.000000E+00 +0.000000E+00
 +0.148320E+01 -0.104910E+03 -0.153067E+03 -0.820688E+02 -0.775950E+02 +0.185942E+02 +0.000000E+00 +0.000000E+00 -0.143398E-02 -0.850034E-04 +0.000000E+00 +0.706581E-03 +0.000000E+00 +0.000000E+00
 +0.148320E+01 -0.104920E+03 -0.153040E+03 -0.820044E+02 -0.775645E+02 +0.185126E+02 +0.000000E+00 +0.000000E+00 -0.143403E-02 -0.843578E-04 +0.000000E+00 +0.703477E-03 +0.000000E+00 +0.000000E+00
 +0.148320E+01 -0.104930E+03 -0.153012E+03 -0.819400E+02 -0.775341E+02 +0.184309E+02 +0.000000E+00 +0.000000E+00 -0.143408E-02 -0.837122E-04 +0.000000E+00 +0.700373E-03 +0.000000E+00 +0.000000E+00
 +0.148320E+01 -0.104940E+03 -0.152984E+03 -0.818756E+02 -0.775036E+02 +0.183492E+02 +0.000000E+00 +0.000000E+00 -0.143413E-02 -0.830667E-04 +0.000000E+00 +0.697269E-03 +0.000000E+00 +0.000000E+00
 +0.148320E+01 -0.104950E+03 -0.152956E+03 -0.818111E+02 -0.774732E+02 +0.182675E+02 +0.000000E+00 +0.000000E+00 -0.143418E-02 -0.824211E-04 +0.000000E+00 +0.694165E-03 +0.000000E+00 +0.000000E+00
 +0.148320E+01 -0.104960E+03 -0.152928E+03 -0.817467E+02 -0.774428E+02 +0.181858E+02 +0.000000E+00 +0.000000E+00 -0.143422E-02 -0.817756E-04 +0.000000E+00 +0.691061E-03 +0.000000E+00 +0.000000E+00
 +0.148320E+01 -0.104970E+03 -0.152900E+03 -0.816823E+02 -0.774123E+02 +0.181041E+02 +0.000000E+00 +0.000000E+00 -0.143427E-02 -0.811300E-04 +0.000000E+00 +0.687958E-03 +0.000000E+00 +0.000000E+00
 +0.148320E+01 -0.104980E+03 -0.152873E+03 -0.816179E+02 -0.773819E+02 +0.180225E+02 +0.000000E+00 +0.000000E+00 -0.143432E-02 -0.804844E-04 +0.000000E+00 +0.684854E-03 +0.000000E+00 +0.000000E+00
 +0.148320E+01 -0.104990E+03 -0.152862E+03 -0.815304E+02 -0.773493E+02 +0.179485E+02 +0.000000E+00 +0.000000E+00 -0.143473E-02 -0.794396E-04 +0.000000E+00 +0.682043E-03 +0.000000E+00 +0.000000E+00
