%X Y s_xx s_yy s_zz s_xy s_xz s_yz e_xx e_yy e_zz e_xy e_xz e_yz
 +0.110366E+01 -0.100000E+03 +0.432995E+03 -0.676799E+01 +0.140655E+03 -0.554298E+01 +0.000000E+00 +0.000000E+00 +0.555447E-02 -0.280104E-02 +0.000000E+00 -0.210633E-03 +0.000000E+00 +0.000000E+00
 +0.110366E+01 -0.100010E+03 +0.419385E+03 -0.219566E+01 +0.137673E+03 -0.911214E+01 +0.000000E+00 +0.000000E+00 +0.535254E-02 -0.265750E-02 +0.000000E+00 -0.346261E-03 +0.000000E+00 +0.000000E+00
 +0.110366E+01 -0.100020E+03 +0.405764E+03 +0.235023E+01 +0.134678E+03 -0.126767E+02 +0.000000E+00 +0.000000E+00 +0.515064E-02 -0.251422E-02 +0.000000E+00 -0.481716E-03 +0.000000E+00 +0.000000E+00
 +0.110366E+01 -0.100030E+03 +0.390184E+03 +0.206197E+01 +0.129441E+03 -0.154090E+02 +0.000000E+00 +0.000000E+00 +0.495411E-02 -0.242020E-02 +0.000000E+00 -0.585543E-03 +0.000000E+00 +0.000000E+00
 +0.110366E+01 -0.100040E+03 +0.374645E+03 +0.177063E+01 +0.124217E+03 -0.181197E+02 +0.000000E+00 +0.000000E+00 +0.475812E-02 -0.232648E-02 +0.000000E+00 -0.688549E-03 +0.000000E+00 +0.000000E+00
 +0.110366E+01 -0.100050E+03 +0.362896E+03 +0.119917E+01 +0.120151E+03 -0.188652E+02 +0.000000E+00 +0.000000E+00 +0.461215E-02 -0.226009E-02 +0.000000E+00 -0.716877E-03 +0.000000E+00 +0.000000E+00
 +0.110366E+01 -0.100060E+03 +0.351185E+03 +0.626827E+00 +0.116098E+03 -0.196019E+02 +0.000000E+00 +0.000000E+00 +0.446665E-02 -0.219395E-02 +0.000000E+00 -0.744872E-03 +0.000000E+00 +0.000000E+00
 +0.110366E+01 -0.100070E+03 +0.341709E+03 +0.196990E-02 +0.112765E+03 -0.198085E+02 +0.000000E+00 +0.000000E+00 +0.434995E-02 -0.214249E-02 +0.000000E+00 -0.752723E-03 +0.000000E+00 +0.000000E+00
 +0.110366E+01 -0.100080E+03 +0.332267E+03 -0.622837E+00 +0.109442E+03 -0.200087E+02 +0.000000E+00 +0.000000E+00 +0.423366E-02 -0.209124E-02 +0.000000E+00 -0.760331E-03 +0.000000E+00 +0.000000E+00
 +0.110366E+01 -0.100090E+03 +0.324303E+03 -0.124539E+01 +0.106609E+03 -0.199211E+02 +0.000000E+00 +0.000000E+00 +0.413619E-02 -0.204923E-02 +0.000000E+00 -0.757002E-03 +0.000000E+00 +0.000000E+00
 +0.110366E+01 -0.100100E+03 +0.316370E+03 -0.186752E+01 +0.103786E+03 -0.198290E+02 +0.000000E+00 +0.000000E+00 +0.403909E-02 -0.200741E-02 +0.000000E+00 -0.753500E-03 +0.000000E+00 +0.000000E+00
 +0.110366E+01 -0.100110E+03 +0.309510E+03 -0.247448E+01 +0.101322E+03 -0.195736E+02 +0.000000E+00 +0.000000E+00 +0.395558E-02 -0.197213E-02 +0.000000E+00 -0.743798E-03 +0.000000E+00 +0.000000E+00
 +0.110366E+01 -0.100120E+03 +0.302678E+03 -0.308088E+01 +0.988672E+02 -0.193147E+02 +0.000000E+00 +0.000000E+00 +0.387241E-02 -0.193701E-02 +0.000000E+00 -0.733960E-03 +0.000000E+00 +0.000000E+00
 +0.110366E+01 -0.100130E+03 +0.296667E+03 -0.367021E+01 +0.966891E+02 -0.189504E+02 +0.000000E+00 +0.000000E+00 +0.379959E-02 -0.190683E-02 +0.000000E+00 -0.720114E-03 +0.000000E+00 +0.000000E+00
 +0.110366E+01 -0.100140E+03 +0.290682E+03 -0.425891E+01 +0.945197E+02 -0.185832E+02 +0.000000E+00 +0.000000E+00 +0.372709E-02 -0.187679E-02 +0.000000E+00 -0.706162E-03 +0.000000E+00 +0.000000E+00
 +0.110366E+01 -0.100150E+03 +0.285349E+03 -0.483173E+01 +0.925708E+02 -0.181460E+02 +0.000000E+00 +0.000000E+00 +0.366279E-02 -0.185065E-02 +0.000000E+00 -0.689548E-03 +0.000000E+00 +0.000000E+00
 +0.110366E+01 -0.100160E+03 +0.280041E+03 -0.540392E+01 +0.906302E+02 -0.177066E+02 +0.000000E+00 +0.000000E+00 +0.359880E-02 -0.182465E-02 +0.000000E+00 -0.672852E-03 +0.000000E+00 +0.000000E+00
 +0.110366E+01 -0.100170E+03 +0.275265E+03 -0.596216E+01 +0.888700E+02 -0.172195E+02 +0.000000E+00 +0.000000E+00 +0.354151E-02 -0.180181E-02 +0.000000E+00 -0.654339E-03 +0.000000E+00 +0.000000E+00
 +0.110366E+01 -0.100180E+03 +0.270513E+03 -0.651978E+01 +0.871177E+02 -0.167306E+02 +0.000000E+00 +0.000000E+00 +0.348451E-02 -0.177911E-02 +0.000000E+00 -0.635763E-03 +0.000000E+00 +0.000000E+00
 +0.110366E+01 -0.100190E+03 +0.266205E+03 -0.706533E+01 +0.855162E+02 -0.162093E+02 +0.000000E+00 +0.000000E+00 +0.343309E-02 -0.175905E-02 +0.000000E+00 -0.615953E-03 +0.000000E+00 +0.000000E+00
 +0.110366E+01 -0.100200E+03 +0.261920E+03 -0.761027E+01 +0.839221E+02 -0.156868E+02 +0.000000E+00 +0.000000E+00 +0.338195E-02 -0.173912E-02 +0.000000E+00 -0.596097E-03 +0.000000E+00 +0.000000E+00
 +0.110366E+01 -0.100210E+03 +0.258012E+03 -0.814473E+01 +0.824563E+02 -0.151426E+02 +0.000000E+00 +0.000000E+00 +0.333556E-02 -0.172142E-02 +0.000000E+00 -0.575420E-03 +0.000000E+00 +0.000000E+00
 +0.110366E+01 -0.100220E+03 +0.254125E+03 -0.867861E+01 +0.809974E+02 -0.145977E+02 +0.000000E+00 +0.000000E+00 +0.328943E-02 -0.170384E-02 +0.000000E+00 -0.554711E-03 +0.000000E+00 +0.000000E+00
 +0.110366E+01 -0.100230E+03 +0.250564E+03 -0.920330E+01 +0.796491E+02 -0.140392E+02 +0.000000E+00 +0.000000E+00 +0.324739E-02 -0.168820E-02 +0.000000E+00 -0.533488E-03 +0.000000E+00 +0.000000E+00
 +0.110366E+01 -0.100240E+03 +0.247023E+03 -0.972741E+01 +0.783075E+02 -0.134802E+02 +0.000000E+00 +0.000000E+00 +0.320559E-02 -0.167266E-02 +0.000000E+00 -0.512246E-03 +0.000000E+00 +0.000000E+00
 +0.110366E+01 -0.100250E+03 +0.243765E+03 -0.102433E+02 +0.770621E+02 -0.129137E+02 +0.000000E+00 +0.000000E+00 +0.316735E-02 -0.165880E-02 +0.000000E+00 -0.490721E-03 +0.000000E+00 +0.000000E+00
 +0.110366E+01 -0.100260E+03 +0.240526E+03 -0.107587E+02 +0.758231E+02 -0.123471E+02 +0.000000E+00 +0.000000E+00 +0.312935E-02 -0.164505E-02 +0.000000E+00 -0.469188E-03 +0.000000E+00 +0.000000E+00
 +0.110366E+01 -0.100270E+03 +0.237536E+03 -0.112666E+02 +0.746689E+02 -0.117776E+02 +0.000000E+00 +0.000000E+00 +0.309447E-02 -0.163277E-02 +0.000000E+00 -0.447550E-03 +0.000000E+00 +0.000000E+00
 +0.110366E+01 -0.100280E+03 +0.234564E+03 -0.117740E+02 +0.735208E+02 -0.112083E+02 +0.000000E+00 +0.000000E+00 +0.305983E-02 -0.162060E-02 +0.000000E+00 -0.425914E-03 +0.000000E+00 +0.000000E+00
 +0.110366E+01 -0.100290E+03 +0.231813E+03 -0.122745E+02 +0.724477E+02 -0.106398E+02 +0.000000E+00 +0.000000E+00 +0.302794E-02 -0.160972E-02 +0.000000E+00 -0.404311E-03 +0.000000E+00 +0.000000E+00
 +0.110366E+01 -0.100300E+03 +0.229080E+03 -0.127745E+02 +0.713807E+02 -0.100716E+02 +0.000000E+00 +0.000000E+00 +0.299628E-02 -0.159895E-02 +0.000000E+00 -0.382721E-03 +0.000000E+00 +0.000000E+00
 +0.110366E+01 -0.100310E+03 +0.226543E+03 -0.132680E+02 +0.703806E+02 -0.950716E+01 +0.000000E+00 +0.000000E+00 +0.296708E-02 -0.158932E-02 +0.000000E+00 -0.361272E-03 +0.000000E+00 +0.000000E+00
 +0.110366E+01 -0.100320E+03 +0.224022E+03 -0.137610E+02 +0.693863E+02 -0.894328E+01 +0.000000E+00 +0.000000E+00 +0.293809E-02 -0.157980E-02 +0.000000E+00 -0.339845E-03 +0.000000E+00 +0.000000E+00
 +0.110366E+01 -0.100330E+03 +0.221679E+03 -0.142478E+02 +0.684522E+02 -0.838538E+01 +0.000000E+00 +0.000000E+00 +0.291130E-02 -0.157130E-02 +0.000000E+00 -0.318645E-03 +0.000000E+00 +0.000000E+00
 +0.110366E+01 -0.100340E+03 +0.219351E+03 -0.147340E+02 +0.675236E+02 -0.782827E+01 +0.000000E+00 +0.000000E+00 +0.288472E-02 -0.156289E-02 +0.000000E+00 -0.297474E-03 +0.000000E+00 +0.000000E+00
 +0.110366E+01 -0.100350E+03 +0.217182E+03 -0.152143E+02 +0.666493E+02 -0.727891E+01 +0.000000E+00 +0.000000E+00 +0.286012E-02 -0.155541E-02 +0.000000E+00 -0.276599E-03 +0.000000E+00 +0.000000E+00
 +0.110366E+01 -0.100360E+03 +0.215029E+03 -0.156940E+02 +0.657804E+02 -0.673055E+01 +0.000000E+00 +0.000000E+00 +0.283572E-02 -0.154801E-02 +0.000000E+00 -0.255761E-03 +0.000000E+00 +0.000000E+00
 +0.110366E+01 -0.100370E+03 +0.213019E+03 -0.161679E+02 +0.649609E+02 -0.619134E+01 +0.000000E+00 +0.000000E+00 +0.281310E-02 -0.154145E-02 +0.000000E+00 -0.235271E-03 +0.000000E+00 +0.000000E+00
 +0.110366E+01 -0.100380E+03 +0.211024E+03 -0.166412E+02 +0.641465E+02 -0.565331E+01 +0.000000E+00 +0.000000E+00 +0.279068E-02 -0.153496E-02 +0.000000E+00 -0.214826E-03 +0.000000E+00 +0.000000E+00
 +0.110366E+01 -0.100390E+03 +0.209160E+03 -0.171087E+02 +0.633770E+02 -0.512554E+01 +0.000000E+00 +0.000000E+00 +0.276988E-02 -0.152923E-02 +0.000000E+00 -0.194771E-03 +0.000000E+00 +0.000000E+00
 +0.110366E+01 -0.100400E+03 +0.207310E+03 -0.175755E+02 +0.626125E+02 -0.459913E+01 +0.000000E+00 +0.000000E+00 +0.274926E-02 -0.152357E-02 +0.000000E+00 -0.174767E-03 +0.000000E+00 +0.000000E+00
 +0.110366E+01 -0.100410E+03 +0.205579E+03 -0.180367E+02 +0.618890E+02 -0.408384E+01 +0.000000E+00 +0.000000E+00 +0.273011E-02 -0.151859E-02 +0.000000E+00 -0.155186E-03 +0.000000E+00 +0.000000E+00
 +0.110366E+01 -0.100420E+03 +0.203862E+03 -0.184971E+02 +0.611705E+02 -0.357005E+01 +0.000000E+00 +0.000000E+00 +0.271114E-02 -0.151368E-02 +0.000000E+00 -0.135662E-03 +0.000000E+00 +0.000000E+00
 +0.110366E+01 -0.100430E+03 +0.202253E+03 -0.189519E+02 +0.604895E+02 -0.306803E+01 +0.000000E+00 +0.000000E+00 +0.269352E-02 -0.150939E-02 +0.000000E+00 -0.116585E-03 +0.000000E+00 +0.000000E+00
 +0.110366E+01 -0.100440E+03 +0.200658E+03 -0.194059E+02 +0.598133E+02 -0.256768E+01 +0.000000E+00 +0.000000E+00 +0.267606E-02 -0.150516E-02 +0.000000E+00 -0.975718E-04 +0.000000E+00 +0.000000E+00
 +0.110366E+01 -0.100450E+03 +0.199162E+03 -0.198541E+02 +0.591717E+02 -0.207957E+01 +0.000000E+00 +0.000000E+00 +0.265982E-02 -0.150149E-02 +0.000000E+00 -0.790236E-04 +0.000000E+00 +0.000000E+00
 +0.110366E+01 -0.100460E+03 +0.197679E+03 -0.203016E+02 +0.585347E+02 -0.159326E+01 +0.000000E+00 +0.000000E+00 +0.264375E-02 -0.149789E-02 +0.000000E+00 -0.605437E-04 +0.000000E+00 +0.000000E+00
 +0.110366E+01 -0.100470E+03 +0.196287E+03 -0.207433E+02 +0.579296E+02 -0.111953E+01 +0.000000E+00 +0.000000E+00 +0.262880E-02 -0.149478E-02 +0.000000E+00 -0.425421E-04 +0.000000E+00 +0.000000E+00
 +0.110366E+01 -0.100480E+03 +0.194908E+03 -0.211842E+02 +0.573289E+02 -0.647725E+00 +0.000000E+00 +0.000000E+00 +0.261401E-02 -0.149175E-02 +0.000000E+00 -0.246136E-04 +0.000000E+00 +0.000000E+00
 +0.110366E+01 -0.100490E+03 +0.193612E+03 -0.216192E+02 +0.567577E+02 -0.188730E+00 +0.000000E+00 +0.000000E+00 +0.260024E-02 -0.148916E-02 +0.000000E+00 -0.717173E-05 +0.000000E+00 +0.000000E+00
 +0.110366E+01 -0.100500E+03 +0.192329E+03 -0.220534E+02 +0.561909E+02 +0.268230E+00 +0.000000E+00 +0.000000E+00 +0.258662E-02 -0.148664E-02 +0.000000E+00 +0.101927E-04 +0.000000E+00 +0.000000E+00
 +0.110366E+01 -0.100510E+03 +0.191122E+03 -0.224817E+02 +0.556514E+02 +0.712258E+00 +0.000000E+00 +0.000000E+00 +0.257395E-02 -0.148453E-02 +0.000000E+00 +0.270658E-04 +0.000000E+00 +0.000000E+00
 +0.110366E+01 -0.100520E+03 +0.189927E+03 -0.229091E+02 +0.551160E+02 +0.115415E+01 +0.000000E+00 +0.000000E+00 +0.256141E-02 -0.148248E-02 +0.000000E+00 +0.438576E-04 +0.000000E+00 +0.000000E+00
 +0.110366E+01 -0.100530E+03 +0.188803E+03 -0.233305E+02 +0.546060E+02 +0.158307E+01 +0.000000E+00 +0.000000E+00 +0.254975E-02 -0.148079E-02 +0.000000E+00 +0.601565E-04 +0.000000E+00 +0.000000E+00
 +0.110366E+01 -0.100540E+03 +0.187691E+03 -0.237510E+02 +0.541001E+02 +0.200975E+01 +0.000000E+00 +0.000000E+00 +0.253822E-02 -0.147917E-02 +0.000000E+00 +0.763706E-04 +0.000000E+00 +0.000000E+00
 +0.110366E+01 -0.100550E+03 +0.186644E+03 -0.241655E+02 +0.536178E+02 +0.242350E+01 +0.000000E+00 +0.000000E+00 +0.252749E-02 -0.147788E-02 +0.000000E+00 +0.920929E-04 +0.000000E+00 +0.000000E+00
 +0.110366E+01 -0.100560E+03 +0.185607E+03 -0.245789E+02 +0.531394E+02 +0.283493E+01 +0.000000E+00 +0.000000E+00 +0.251689E-02 -0.147665E-02 +0.000000E+00 +0.107727E-03 +0.000000E+00 +0.000000E+00
 +0.110366E+01 -0.100570E+03 +0.184632E+03 -0.249863E+02 +0.526829E+02 +0.323351E+01 +0.000000E+00 +0.000000E+00 +0.250702E-02 -0.147572E-02 +0.000000E+00 +0.122873E-03 +0.000000E+00 +0.000000E+00
 +0.110366E+01 -0.100580E+03 +0.183666E+03 -0.253926E+02 +0.522303E+02 +0.362970E+01 +0.000000E+00 +0.000000E+00 +0.249728E-02 -0.147484E-02 +0.000000E+00 +0.137929E-03 +0.000000E+00 +0.000000E+00
 +0.110366E+01 -0.100590E+03 +0.182757E+03 -0.257929E+02 +0.517982E+02 +0.401318E+01 +0.000000E+00 +0.000000E+00 +0.248822E-02 -0.147423E-02 +0.000000E+00 +0.152501E-03 +0.000000E+00 +0.000000E+00
 +0.110366E+01 -0.100600E+03 +0.181858E+03 -0.261919E+02 +0.513698E+02 +0.439421E+01 +0.000000E+00 +0.000000E+00 +0.247928E-02 -0.147367E-02 +0.000000E+00 +0.166980E-03 +0.000000E+00 +0.000000E+00
 +0.110366E+01 -0.100610E+03 +0.181011E+03 -0.265850E+02 +0.509605E+02 +0.476269E+01 +0.000000E+00 +0.000000E+00 +0.247096E-02 -0.147336E-02 +0.000000E+00 +0.180982E-03 +0.000000E+00 +0.000000E+00
 +0.110366E+01 -0.100620E+03 +0.180173E+03 -0.269767E+02 +0.505549E+02 +0.512868E+01 +0.000000E+00 +0.000000E+00 +0.246275E-02 -0.147310E-02 +0.000000E+00 +0.194890E-03 +0.000000E+00 +0.000000E+00
 +0.110366E+01 -0.100630E+03 +0.179384E+03 -0.273624E+02 +0.501671E+02 +0.548234E+01 +0.000000E+00 +0.000000E+00 +0.245512E-02 -0.147306E-02 +0.000000E+00 +0.208329E-03 +0.000000E+00 +0.000000E+00
 +0.110366E+01 -0.100640E+03 +0.178604E+03 -0.277468E+02 +0.497829E+02 +0.583345E+01 +0.000000E+00 +0.000000E+00 +0.244760E-02 -0.147306E-02 +0.000000E+00 +0.221671E-03 +0.000000E+00 +0.000000E+00
 +0.110366E+01 -0.100650E+03 +0.177869E+03 -0.281251E+02 +0.494153E+02 +0.617248E+01 +0.000000E+00 +0.000000E+00 +0.244061E-02 -0.147327E-02 +0.000000E+00 +0.234554E-03 +0.000000E+00 +0.000000E+00
 +0.110366E+01 -0.100660E+03 +0.177142E+03 -0.285020E+02 +0.490512E+02 +0.650892E+01 +0.000000E+00 +0.000000E+00 +0.243373E-02 -0.147351E-02 +0.000000E+00 +0.247339E-03 +0.000000E+00 +0.000000E+00
 +0.110366E+01 -0.100670E+03 +0.176457E+03 -0.288728E+02 +0.487028E+02 +0.683353E+01 +0.000000E+00 +0.000000E+00 +0.242733E-02 -0.147394E-02 +0.000000E+00 +0.259674E-03 +0.000000E+00 +0.000000E+00
 +0.110366E+01 -0.100680E+03 +0.175781E+03 -0.292422E+02 +0.483577E+02 +0.715553E+01 +0.000000E+00 +0.000000E+00 +0.242104E-02 -0.147440E-02 +0.000000E+00 +0.271910E-03 +0.000000E+00 +0.000000E+00
 +0.110366E+01 -0.100690E+03 +0.175143E+03 -0.296055E+02 +0.480273E+02 +0.746599E+01 +0.000000E+00 +0.000000E+00 +0.241519E-02 -0.147502E-02 +0.000000E+00 +0.283708E-03 +0.000000E+00 +0.000000E+00
 +0.110366E+01 -0.100700E+03 +0.174513E+03 -0.299673E+02 +0.477002E+02 +0.777381E+01 +0.000000E+00 +0.000000E+00 +0.240945E-02 -0.147568E-02 +0.000000E+00 +0.295405E-03 +0.000000E+00 +0.000000E+00
 +0.110366E+01 -0.100710E+03 +0.173919E+03 -0.303230E+02 +0.473868E+02 +0.807038E+01 +0.000000E+00 +0.000000E+00 +0.240412E-02 -0.147649E-02 +0.000000E+00 +0.306675E-03 +0.000000E+00 +0.000000E+00
 +0.110366E+01 -0.100720E+03 +0.173334E+03 -0.306773E+02 +0.470766E+02 +0.836430E+01 +0.000000E+00 +0.000000E+00 +0.239888E-02 -0.147732E-02 +0.000000E+00 +0.317843E-03 +0.000000E+00 +0.000000E+00
 +0.110366E+01 -0.100730E+03 +0.172781E+03 -0.310254E+02 +0.467794E+02 +0.864728E+01 +0.000000E+00 +0.000000E+00 +0.239403E-02 -0.147829E-02 +0.000000E+00 +0.328597E-03 +0.000000E+00 +0.000000E+00
 +0.110366E+01 -0.100740E+03 +0.172236E+03 -0.313720E+02 +0.464852E+02 +0.892758E+01 +0.000000E+00 +0.000000E+00 +0.238927E-02 -0.147929E-02 +0.000000E+00 +0.339248E-03 +0.000000E+00 +0.000000E+00
 +0.110366E+01 -0.100750E+03 +0.171722E+03 -0.317125E+02 +0.462032E+02 +0.919728E+01 +0.000000E+00 +0.000000E+00 +0.238486E-02 -0.148040E-02 +0.000000E+00 +0.349496E-03 +0.000000E+00 +0.000000E+00
 +0.110366E+01 -0.100760E+03 +0.171216E+03 -0.320514E+02 +0.459242E+02 +0.946429E+01 +0.000000E+00 +0.000000E+00 +0.238054E-02 -0.148154E-02 +0.000000E+00 +0.359643E-03 +0.000000E+00 +0.000000E+00
 +0.110366E+01 -0.100770E+03 +0.170738E+03 -0.323843E+02 +0.456567E+02 +0.972101E+01 +0.000000E+00 +0.000000E+00 +0.237654E-02 -0.148278E-02 +0.000000E+00 +0.369398E-03 +0.000000E+00 +0.000000E+00
 +0.110366E+01 -0.100780E+03 +0.170267E+03 -0.327156E+02 +0.453920E+02 +0.997504E+01 +0.000000E+00 +0.000000E+00 +0.237263E-02 -0.148404E-02 +0.000000E+00 +0.379052E-03 +0.000000E+00 +0.000000E+00
 +0.110366E+01 -0.100790E+03 +0.169823E+03 -0.330408E+02 +0.451382E+02 +0.102191E+02 +0.000000E+00 +0.000000E+00 +0.236902E-02 -0.148540E-02 +0.000000E+00 +0.388326E-03 +0.000000E+00 +0.000000E+00
 +0.110366E+01 -0.100800E+03 +0.169386E+03 -0.333644E+02 +0.448872E+02 +0.104605E+02 +0.000000E+00 +0.000000E+00 +0.236548E-02 -0.148678E-02 +0.000000E+00 +0.397499E-03 +0.000000E+00 +0.000000E+00
 +0.110366E+01 -0.100810E+03 +0.168974E+03 -0.336821E+02 +0.446463E+02 +0.106923E+02 +0.000000E+00 +0.000000E+00 +0.236222E-02 -0.148824E-02 +0.000000E+00 +0.406306E-03 +0.000000E+00 +0.000000E+00
 +0.110366E+01 -0.100820E+03 +0.168568E+03 -0.339980E+02 +0.444082E+02 +0.109214E+02 +0.000000E+00 +0.000000E+00 +0.235904E-02 -0.148972E-02 +0.000000E+00 +0.415011E-03 +0.000000E+00 +0.000000E+00
 +0.110366E+01 -0.100830E+03 +0.168186E+03 -0.343081E+02 +0.441796E+02 +0.111411E+02 +0.000000E+00 +0.000000E+00 +0.235612E-02 -0.149127E-02 +0.000000E+00 +0.423363E-03 +0.000000E+00 +0.000000E+00
 +0.110366E+01 -0.100840E+03 +0.167810E+03 -0.346164E+02 +0.439538E+02 +0.113583E+02 +0.000000E+00 +0.000000E+00 +0.235326E-02 -0.149283E-02 +0.000000E+00 +0.431614E-03 +0.000000E+00 +0.000000E+00
 +0.110366E+01 -0.100850E+03 +0.167455E+03 -0.349189E+02 +0.437369E+02 +0.115664E+02 +0.000000E+00 +0.000000E+00 +0.235064E-02 -0.149446E-02 +0.000000E+00 +0.439523E-03 +0.000000E+00 +0.000000E+00
 +0.110366E+01 -0.100860E+03 +0.167107E+03 -0.352196E+02 +0.435227E+02 +0.117719E+02 +0.000000E+00 +0.000000E+00 +0.234809E-02 -0.149610E-02 +0.000000E+00 +0.447332E-03 +0.000000E+00 +0.000000E+00
 +0.110366E+01 -0.100870E+03 +0.166778E+03 -0.355145E+02 +0.433170E+02 +0.119687E+02 +0.000000E+00 +0.000000E+00 +0.234576E-02 -0.149780E-02 +0.000000E+00 +0.454812E-03 +0.000000E+00 +0.000000E+00
 +0.110366E+01 -0.100880E+03 +0.166455E+03 -0.358077E+02 +0.431138E+02 +0.121629E+02 +0.000000E+00 +0.000000E+00 +0.234349E-02 -0.149951E-02 +0.000000E+00 +0.462192E-03 +0.000000E+00 +0.000000E+00
 +0.110366E+01 -0.100890E+03 +0.166152E+03 -0.360951E+02 +0.429186E+02 +0.123488E+02 +0.000000E+00 +0.000000E+00 +0.234143E-02 -0.150126E-02 +0.000000E+00 +0.469256E-03 +0.000000E+00 +0.000000E+00
 +0.110366E+01 -0.100900E+03 +0.165853E+03 -0.363808E+02 +0.427259E+02 +0.125321E+02 +0.000000E+00 +0.000000E+00 +0.233942E-02 -0.150303E-02 +0.000000E+00 +0.476220E-03 +0.000000E+00 +0.000000E+00
 +0.110366E+01 -0.100910E+03 +0.165572E+03 -0.366608E+02 +0.425408E+02 +0.127074E+02 +0.000000E+00 +0.000000E+00 +0.233760E-02 -0.150483E-02 +0.000000E+00 +0.482880E-03 +0.000000E+00 +0.000000E+00
 +0.110366E+01 -0.100920E+03 +0.165297E+03 -0.369390E+02 +0.423581E+02 +0.128801E+02 +0.000000E+00 +0.000000E+00 +0.233584E-02 -0.150665E-02 +0.000000E+00 +0.489443E-03 +0.000000E+00 +0.000000E+00
 +0.110366E+01 -0.100930E+03 +0.165038E+03 -0.372116E+02 +0.421826E+02 +0.130450E+02 +0.000000E+00 +0.000000E+00 +0.233425E-02 -0.150849E-02 +0.000000E+00 +0.495712E-03 +0.000000E+00 +0.000000E+00
 +0.110366E+01 -0.100940E+03 +0.164784E+03 -0.374824E+02 +0.420094E+02 +0.132075E+02 +0.000000E+00 +0.000000E+00 +0.233271E-02 -0.151034E-02 +0.000000E+00 +0.501884E-03 +0.000000E+00 +0.000000E+00
 +0.110366E+01 -0.100950E+03 +0.164545E+03 -0.377477E+02 +0.418429E+02 +0.133625E+02 +0.000000E+00 +0.000000E+00 +0.233133E-02 -0.151222E-02 +0.000000E+00 +0.507775E-03 +0.000000E+00 +0.000000E+00
 +0.110366E+01 -0.100960E+03 +0.164311E+03 -0.380112E+02 +0.416788E+02 +0.135150E+02 +0.000000E+00 +0.000000E+00 +0.233000E-02 -0.151411E-02 +0.000000E+00 +0.513571E-03 +0.000000E+00 +0.000000E+00
 +0.110366E+01 -0.100970E+03 +0.164091E+03 -0.382693E+02 +0.415210E+02 +0.136604E+02 +0.000000E+00 +0.000000E+00 +0.232882E-02 -0.151602E-02 +0.000000E+00 +0.519097E-03 +0.000000E+00 +0.000000E+00
 +0.110366E+01 -0.100980E+03 +0.163875E+03 -0.385255E+02 +0.413654E+02 +0.138034E+02 +0.000000E+00 +0.000000E+00 +0.232769E-02 -0.151793E-02 +0.000000E+00 +0.524528E-03 +0.000000E+00 +0.000000E+00
 +0.110366E+01 -0.100990E+03 +0.163673E+03 -0.387764E+02 +0.412159E+02 +0.139395E+02 +0.000000E+00 +0.000000E+00 +0.232669E-02 -0.151985E-02 +0.000000E+00 +0.529700E-03 +0.000000E+00 +0.000000E+00
 +0.110366E+01 -0.101000E+03 +0.163476E+03 -0.390254E+02 +0.410686E+02 +0.140732E+02 +0.000000E+00 +0.000000E+00 +0.232573E-02 -0.152179E-02 +0.000000E+00 +0.534780E-03 +0.000000E+00 +0.000000E+00
 +0.110366E+01 -0.101010E+03 +0.163290E+03 -0.392692E+02 +0.409269E+02 +0.142003E+02 +0.000000E+00 +0.000000E+00 +0.232490E-02 -0.152373E-02 +0.000000E+00 +0.539611E-03 +0.000000E+00 +0.000000E+00
 +0.110366E+01 -0.101020E+03 +0.163109E+03 -0.395111E+02 +0.407874E+02 +0.143250E+02 +0.000000E+00 +0.000000E+00 +0.232412E-02 -0.152567E-02 +0.000000E+00 +0.544351E-03 +0.000000E+00 +0.000000E+00
 +0.110366E+01 -0.101030E+03 +0.162940E+03 -0.397480E+02 +0.406532E+02 +0.144435E+02 +0.000000E+00 +0.000000E+00 +0.232344E-02 -0.152762E-02 +0.000000E+00 +0.548853E-03 +0.000000E+00 +0.000000E+00
 +0.110366E+01 -0.101040E+03 +0.162774E+03 -0.399829E+02 +0.405211E+02 +0.145596E+02 +0.000000E+00 +0.000000E+00 +0.232281E-02 -0.152958E-02 +0.000000E+00 +0.553265E-03 +0.000000E+00 +0.000000E+00
 +0.110366E+01 -0.101050E+03 +0.162619E+03 -0.402128E+02 +0.403941E+02 +0.146697E+02 +0.000000E+00 +0.000000E+00 +0.232228E-02 -0.153153E-02 +0.000000E+00 +0.557450E-03 +0.000000E+00 +0.000000E+00
 +0.110366E+01 -0.101060E+03 +0.162468E+03 -0.404408E+02 +0.402691E+02 +0.147775E+02 +0.000000E+00 +0.000000E+00 +0.232179E-02 -0.153349E-02 +0.000000E+00 +0.561546E-03 +0.000000E+00 +0.000000E+00
 +0.110366E+01 -0.101070E+03 +0.162327E+03 -0.406639E+02 +0.401489E+02 +0.148796E+02 +0.000000E+00 +0.000000E+00 +0.232139E-02 -0.153544E-02 +0.000000E+00 +0.565425E-03 +0.000000E+00 +0.000000E+00
 +0.110366E+01 -0.101080E+03 +0.162190E+03 -0.408851E+02 +0.400307E+02 +0.149794E+02 +0.000000E+00 +0.000000E+00 +0.232103E-02 -0.153740E-02 +0.000000E+00 +0.569217E-03 +0.000000E+00 +0.000000E+00
 +0.110366E+01 -0.101090E+03 +0.162062E+03 -0.411015E+02 +0.399170E+02 +0.150737E+02 +0.000000E+00 +0.000000E+00 +0.232076E-02 -0.153935E-02 +0.000000E+00 +0.572801E-03 +0.000000E+00 +0.000000E+00
 +0.110366E+01 -0.101100E+03 +0.161938E+03 -0.413159E+02 +0.398052E+02 +0.151658E+02 +0.000000E+00 +0.000000E+00 +0.232052E-02 -0.154130E-02 +0.000000E+00 +0.576299E-03 +0.000000E+00 +0.000000E+00
 +0.110366E+01 -0.101110E+03 +0.161822E+03 -0.415257E+02 +0.396978E+02 +0.152526E+02 +0.000000E+00 +0.000000E+00 +0.232036E-02 -0.154325E-02 +0.000000E+00 +0.579599E-03 +0.000000E+00 +0.000000E+00
 +0.110366E+01 -0.101120E+03 +0.161710E+03 -0.417335E+02 +0.395921E+02 +0.153373E+02 +0.000000E+00 +0.000000E+00 +0.232023E-02 -0.154519E-02 +0.000000E+00 +0.582816E-03 +0.000000E+00 +0.000000E+00
 +0.110366E+01 -0.101130E+03 +0.161605E+03 -0.419368E+02 +0.394906E+02 +0.154169E+02 +0.000000E+00 +0.000000E+00 +0.232018E-02 -0.154712E-02 +0.000000E+00 +0.585843E-03 +0.000000E+00 +0.000000E+00
 +0.110366E+01 -0.101140E+03 +0.161504E+03 -0.421381E+02 +0.393908E+02 +0.154944E+02 +0.000000E+00 +0.000000E+00 +0.232015E-02 -0.154905E-02 +0.000000E+00 +0.588788E-03 +0.000000E+00 +0.000000E+00
 +0.110366E+01 -0.101150E+03 +0.161411E+03 -0.423349E+02 +0.392950E+02 +0.155672E+02 +0.000000E+00 +0.000000E+00 +0.232020E-02 -0.155097E-02 +0.000000E+00 +0.591552E-03 +0.000000E+00 +0.000000E+00
 +0.110366E+01 -0.101160E+03 +0.161320E+03 -0.425298E+02 +0.392008E+02 +0.156378E+02 +0.000000E+00 +0.000000E+00 +0.232027E-02 -0.155288E-02 +0.000000E+00 +0.594236E-03 +0.000000E+00 +0.000000E+00
 +0.110366E+01 -0.101170E+03 +0.161237E+03 -0.427204E+02 +0.391104E+02 +0.157039E+02 +0.000000E+00 +0.000000E+00 +0.232040E-02 -0.155478E-02 +0.000000E+00 +0.596748E-03 +0.000000E+00 +0.000000E+00
 +0.110366E+01 -0.101180E+03 +0.161156E+03 -0.429089E+02 +0.390216E+02 +0.157679E+02 +0.000000E+00 +0.000000E+00 +0.232056E-02 -0.155668E-02 +0.000000E+00 +0.599181E-03 +0.000000E+00 +0.000000E+00
 +0.110366E+01 -0.101190E+03 +0.161082E+03 -0.430933E+02 +0.389363E+02 +0.158276E+02 +0.000000E+00 +0.000000E+00 +0.232077E-02 -0.155856E-02 +0.000000E+00 +0.601450E-03 +0.000000E+00 +0.000000E+00
 +0.110366E+01 -0.101200E+03 +0.161011E+03 -0.432757E+02 +0.388526E+02 +0.158853E+02 +0.000000E+00 +0.000000E+00 +0.232101E-02 -0.156044E-02 +0.000000E+00 +0.603642E-03 +0.000000E+00 +0.000000E+00
 +0.110366E+01 -0.101210E+03 +0.160946E+03 -0.434540E+02 +0.387722E+02 +0.159389E+02 +0.000000E+00 +0.000000E+00 +0.232129E-02 -0.156230E-02 +0.000000E+00 +0.605677E-03 +0.000000E+00 +0.000000E+00
 +0.110366E+01 -0.101220E+03 +0.160883E+03 -0.436303E+02 +0.386934E+02 +0.159905E+02 +0.000000E+00 +0.000000E+00 +0.232160E-02 -0.156415E-02 +0.000000E+00 +0.607639E-03 +0.000000E+00 +0.000000E+00
 +0.110366E+01 -0.101230E+03 +0.160826E+03 -0.438026E+02 +0.386178E+02 +0.160382E+02 +0.000000E+00 +0.000000E+00 +0.232196E-02 -0.156599E-02 +0.000000E+00 +0.609450E-03 +0.000000E+00 +0.000000E+00
 +0.110366E+01 -0.101240E+03 +0.160772E+03 -0.439729E+02 +0.385437E+02 +0.160839E+02 +0.000000E+00 +0.000000E+00 +0.232234E-02 -0.156781E-02 +0.000000E+00 +0.611189E-03 +0.000000E+00 +0.000000E+00
 +0.110366E+01 -0.101250E+03 +0.160723E+03 -0.441393E+02 +0.384725E+02 +0.161259E+02 +0.000000E+00 +0.000000E+00 +0.232275E-02 -0.156963E-02 +0.000000E+00 +0.612786E-03 +0.000000E+00 +0.000000E+00
 +0.110366E+01 -0.101260E+03 +0.160676E+03 -0.443038E+02 +0.384029E+02 +0.161661E+02 +0.000000E+00 +0.000000E+00 +0.232319E-02 -0.157143E-02 +0.000000E+00 +0.614312E-03 +0.000000E+00 +0.000000E+00
 +0.110366E+01 -0.101270E+03 +0.160634E+03 -0.444645E+02 +0.383360E+02 +0.162027E+02 +0.000000E+00 +0.000000E+00 +0.232367E-02 -0.157321E-02 +0.000000E+00 +0.615703E-03 +0.000000E+00 +0.000000E+00
 +0.110366E+01 -0.101280E+03 +0.160595E+03 -0.446232E+02 +0.382707E+02 +0.162375E+02 +0.000000E+00 +0.000000E+00 +0.232416E-02 -0.157498E-02 +0.000000E+00 +0.617025E-03 +0.000000E+00 +0.000000E+00
 +0.110366E+01 -0.101290E+03 +0.160560E+03 -0.447783E+02 +0.382079E+02 +0.162689E+02 +0.000000E+00 +0.000000E+00 +0.232469E-02 -0.157674E-02 +0.000000E+00 +0.618218E-03 +0.000000E+00 +0.000000E+00
 +0.110366E+01 -0.101300E+03 +0.160527E+03 -0.449314E+02 +0.381466E+02 +0.162985E+02 +0.000000E+00 +0.000000E+00 +0.232523E-02 -0.157848E-02 +0.000000E+00 +0.619344E-03 +0.000000E+00 +0.000000E+00
 +0.110366E+01 -0.101310E+03 +0.160499E+03 -0.450809E+02 +0.380879E+02 +0.163250E+02 +0.000000E+00 +0.000000E+00 +0.232580E-02 -0.158021E-02 +0.000000E+00 +0.620348E-03 +0.000000E+00 +0.000000E+00
 +0.110366E+01 -0.101320E+03 +0.160472E+03 -0.452285E+02 +0.380304E+02 +0.163497E+02 +0.000000E+00 +0.000000E+00 +0.232639E-02 -0.158192E-02 +0.000000E+00 +0.621287E-03 +0.000000E+00 +0.000000E+00
 +0.110366E+01 -0.101330E+03 +0.160450E+03 -0.453726E+02 +0.379754E+02 +0.163713E+02 +0.000000E+00 +0.000000E+00 +0.232701E-02 -0.158361E-02 +0.000000E+00 +0.622110E-03 +0.000000E+00 +0.000000E+00
 +0.110366E+01 -0.101340E+03 +0.160429E+03 -0.455147E+02 +0.379217E+02 +0.163913E+02 +0.000000E+00 +0.000000E+00 +0.232764E-02 -0.158529E-02 +0.000000E+00 +0.622869E-03 +0.000000E+00 +0.000000E+00
 +0.110366E+01 -0.101350E+03 +0.160412E+03 -0.456535E+02 +0.378703E+02 +0.164084E+02 +0.000000E+00 +0.000000E+00 +0.232829E-02 -0.158695E-02 +0.000000E+00 +0.623519E-03 +0.000000E+00 +0.000000E+00
 +0.110366E+01 -0.101360E+03 +0.160397E+03 -0.457904E+02 +0.378202E+02 +0.164239E+02 +0.000000E+00 +0.000000E+00 +0.232896E-02 -0.158860E-02 +0.000000E+00 +0.624106E-03 +0.000000E+00 +0.000000E+00
 +0.110366E+01 -0.101370E+03 +0.160385E+03 -0.459240E+02 +0.377722E+02 +0.164366E+02 +0.000000E+00 +0.000000E+00 +0.232965E-02 -0.159023E-02 +0.000000E+00 +0.624590E-03 +0.000000E+00 +0.000000E+00
 +0.110366E+01 -0.101380E+03 +0.160375E+03 -0.460557E+02 +0.377255E+02 +0.164477E+02 +0.000000E+00 +0.000000E+00 +0.233035E-02 -0.159184E-02 +0.000000E+00 +0.625013E-03 +0.000000E+00 +0.000000E+00
 +0.110366E+01 -0.101390E+03 +0.160369E+03 -0.461843E+02 +0.376809E+02 +0.164563E+02 +0.000000E+00 +0.000000E+00 +0.233107E-02 -0.159344E-02 +0.000000E+00 +0.625338E-03 +0.000000E+00 +0.000000E+00
 +0.110366E+01 -0.101400E+03 +0.160364E+03 -0.463109E+02 +0.376374E+02 +0.164633E+02 +0.000000E+00 +0.000000E+00 +0.233180E-02 -0.159502E-02 +0.000000E+00 +0.625604E-03 +0.000000E+00 +0.000000E+00
 +0.110366E+01 -0.101410E+03 +0.160361E+03 -0.464344E+02 +0.375959E+02 +0.164678E+02 +0.000000E+00 +0.000000E+00 +0.233254E-02 -0.159658E-02 +0.000000E+00 +0.625777E-03 +0.000000E+00 +0.000000E+00
 +0.110366E+01 -0.101420E+03 +0.160361E+03 -0.465561E+02 +0.375556E+02 +0.164709E+02 +0.000000E+00 +0.000000E+00 +0.233330E-02 -0.159812E-02 +0.000000E+00 +0.625894E-03 +0.000000E+00 +0.000000E+00
 +0.110366E+01 -0.101430E+03 +0.160363E+03 -0.466748E+02 +0.375171E+02 +0.164716E+02 +0.000000E+00 +0.000000E+00 +0.233407E-02 -0.159965E-02 +0.000000E+00 +0.625922E-03 +0.000000E+00 +0.000000E+00
 +0.110366E+01 -0.101440E+03 +0.160367E+03 -0.467916E+02 +0.374797E+02 +0.164709E+02 +0.000000E+00 +0.000000E+00 +0.233485E-02 -0.160116E-02 +0.000000E+00 +0.625895E-03 +0.000000E+00 +0.000000E+00
 +0.110366E+01 -0.101450E+03 +0.160373E+03 -0.469056E+02 +0.374441E+02 +0.164680E+02 +0.000000E+00 +0.000000E+00 +0.233564E-02 -0.160264E-02 +0.000000E+00 +0.625785E-03 +0.000000E+00 +0.000000E+00
 +0.110366E+01 -0.101460E+03 +0.160380E+03 -0.470177E+02 +0.374096E+02 +0.164637E+02 +0.000000E+00 +0.000000E+00 +0.233644E-02 -0.160412E-02 +0.000000E+00 +0.625621E-03 +0.000000E+00 +0.000000E+00
 +0.110366E+01 -0.101470E+03 +0.160390E+03 -0.471269E+02 +0.373768E+02 +0.164573E+02 +0.000000E+00 +0.000000E+00 +0.233725E-02 -0.160557E-02 +0.000000E+00 +0.625379E-03 +0.000000E+00 +0.000000E+00
 +0.110366E+01 -0.101480E+03 +0.160401E+03 -0.472344E+02 +0.373450E+02 +0.164496E+02 +0.000000E+00 +0.000000E+00 +0.233807E-02 -0.160701E-02 +0.000000E+00 +0.625085E-03 +0.000000E+00 +0.000000E+00
 +0.110366E+01 -0.101490E+03 +0.160414E+03 -0.473391E+02 +0.373148E+02 +0.164399E+02 +0.000000E+00 +0.000000E+00 +0.233889E-02 -0.160843E-02 +0.000000E+00 +0.624716E-03 +0.000000E+00 +0.000000E+00
 +0.110366E+01 -0.101500E+03 +0.160429E+03 -0.474420E+02 +0.372857E+02 +0.164289E+02 +0.000000E+00 +0.000000E+00 +0.233972E-02 -0.160983E-02 +0.000000E+00 +0.624298E-03 +0.000000E+00 +0.000000E+00
 +0.110366E+01 -0.101510E+03 +0.160445E+03 -0.475423E+02 +0.372580E+02 +0.164160E+02 +0.000000E+00 +0.000000E+00 +0.234056E-02 -0.161121E-02 +0.000000E+00 +0.623809E-03 +0.000000E+00 +0.000000E+00
 +0.110366E+01 -0.101520E+03 +0.160463E+03 -0.476408E+02 +0.372314E+02 +0.164019E+02 +0.000000E+00 +0.000000E+00 +0.234140E-02 -0.161257E-02 +0.000000E+00 +0.623273E-03 +0.000000E+00 +0.000000E+00
 +0.110366E+01 -0.101530E+03 +0.160483E+03 -0.477367E+02 +0.372062E+02 +0.163860E+02 +0.000000E+00 +0.000000E+00 +0.234225E-02 -0.161391E-02 +0.000000E+00 +0.622669E-03 +0.000000E+00 +0.000000E+00
 +0.110366E+01 -0.101540E+03 +0.160503E+03 -0.478308E+02 +0.371819E+02 +0.163689E+02 +0.000000E+00 +0.000000E+00 +0.234311E-02 -0.161524E-02 +0.000000E+00 +0.622019E-03 +0.000000E+00 +0.000000E+00
 +0.110366E+01 -0.101550E+03 +0.160526E+03 -0.479224E+02 +0.371591E+02 +0.163501E+02 +0.000000E+00 +0.000000E+00 +0.234396E-02 -0.161655E-02 +0.000000E+00 +0.621305E-03 +0.000000E+00 +0.000000E+00
 +0.110366E+01 -0.101560E+03 +0.160549E+03 -0.480122E+02 +0.371371E+02 +0.163302E+02 +0.000000E+00 +0.000000E+00 +0.234482E-02 -0.161784E-02 +0.000000E+00 +0.620547E-03 +0.000000E+00 +0.000000E+00
 +0.110366E+01 -0.101570E+03 +0.160574E+03 -0.480996E+02 +0.371165E+02 +0.163086E+02 +0.000000E+00 +0.000000E+00 +0.234569E-02 -0.161910E-02 +0.000000E+00 +0.619727E-03 +0.000000E+00 +0.000000E+00
 +0.110366E+01 -0.101580E+03 +0.160600E+03 -0.481851E+02 +0.370968E+02 +0.162859E+02 +0.000000E+00 +0.000000E+00 +0.234655E-02 -0.162036E-02 +0.000000E+00 +0.618865E-03 +0.000000E+00 +0.000000E+00
 +0.110366E+01 -0.101590E+03 +0.160627E+03 -0.482682E+02 +0.370783E+02 +0.162617E+02 +0.000000E+00 +0.000000E+00 +0.234742E-02 -0.162158E-02 +0.000000E+00 +0.617944E-03 +0.000000E+00 +0.000000E+00
 +0.110366E+01 -0.101600E+03 +0.160655E+03 -0.483495E+02 +0.370608E+02 +0.162363E+02 +0.000000E+00 +0.000000E+00 +0.234829E-02 -0.162280E-02 +0.000000E+00 +0.616979E-03 +0.000000E+00 +0.000000E+00
 +0.110366E+01 -0.101610E+03 +0.160684E+03 -0.484283E+02 +0.370445E+02 +0.162093E+02 +0.000000E+00 +0.000000E+00 +0.234916E-02 -0.162398E-02 +0.000000E+00 +0.615955E-03 +0.000000E+00 +0.000000E+00
 +0.110366E+01 -0.101620E+03 +0.160715E+03 -0.485051E+02 +0.370292E+02 +0.161810E+02 +0.000000E+00 +0.000000E+00 +0.235003E-02 -0.162515E-02 +0.000000E+00 +0.614878E-03 +0.000000E+00 +0.000000E+00
 +0.110366E+01 -0.101630E+03 +0.160746E+03 -0.485794E+02 +0.370150E+02 +0.161509E+02 +0.000000E+00 +0.000000E+00 +0.235089E-02 -0.162629E-02 +0.000000E+00 +0.613735E-03 +0.000000E+00 +0.000000E+00
 +0.110366E+01 -0.101640E+03 +0.160779E+03 -0.486577E+02 +0.369999E+02 +0.161059E+02 +0.000000E+00 +0.000000E+00 +0.235180E-02 -0.162750E-02 +0.000000E+00 +0.612025E-03 +0.000000E+00 +0.000000E+00
 +0.110366E+01 -0.101650E+03 +0.160813E+03 -0.487413E+02 +0.369836E+02 +0.160424E+02 +0.000000E+00 +0.000000E+00 +0.235275E-02 -0.162877E-02 +0.000000E+00 +0.609611E-03 +0.000000E+00 +0.000000E+00
 +0.110366E+01 -0.101660E+03 +0.160850E+03 -0.488112E+02 +0.369728E+02 +0.160072E+02 +0.000000E+00 +0.000000E+00 +0.235367E-02 -0.162990E-02 +0.000000E+00 +0.608272E-03 +0.000000E+00 +0.000000E+00
 +0.110366E+01 -0.101670E+03 +0.160892E+03 -0.488638E+02 +0.369693E+02 +0.160056E+02 +0.000000E+00 +0.000000E+00 +0.235453E-02 -0.163083E-02 +0.000000E+00 +0.608212E-03 +0.000000E+00 +0.000000E+00
 +0.110366E+01 -0.101680E+03 +0.160940E+03 -0.489139E+02 +0.369686E+02 +0.159875E+02 +0.000000E+00 +0.000000E+00 +0.235545E-02 -0.163177E-02 +0.000000E+00 +0.607527E-03 +0.000000E+00 +0.000000E+00
 +0.110366E+01 -0.101690E+03 +0.160988E+03 -0.489721E+02 +0.369653E+02 +0.159491E+02 +0.000000E+00 +0.000000E+00 +0.235644E-02 -0.163281E-02 +0.000000E+00 +0.606065E-03 +0.000000E+00 +0.000000E+00
 +0.110366E+01 -0.101700E+03 +0.161030E+03 -0.490362E+02 +0.369581E+02 +0.159103E+02 +0.000000E+00 +0.000000E+00 +0.235737E-02 -0.163389E-02 +0.000000E+00 +0.604592E-03 +0.000000E+00 +0.000000E+00
 +0.110366E+01 -0.101710E+03 +0.161068E+03 -0.490997E+02 +0.369494E+02 +0.158773E+02 +0.000000E+00 +0.000000E+00 +0.235825E-02 -0.163493E-02 +0.000000E+00 +0.603336E-03 +0.000000E+00 +0.000000E+00
 +0.110366E+01 -0.101720E+03 +0.161106E+03 -0.491698E+02 +0.369388E+02 +0.158352E+02 +0.000000E+00 +0.000000E+00 +0.235917E-02 -0.163606E-02 +0.000000E+00 +0.601738E-03 +0.000000E+00 +0.000000E+00
 +0.110366E+01 -0.101730E+03 +0.161131E+03 -0.492305E+02 +0.369271E+02 +0.157885E+02 +0.000000E+00 +0.000000E+00 +0.235987E-02 -0.163700E-02 +0.000000E+00 +0.599961E-03 +0.000000E+00 +0.000000E+00
 +0.110366E+01 -0.101740E+03 +0.161156E+03 -0.492847E+02 +0.369176E+02 +0.157413E+02 +0.000000E+00 +0.000000E+00 +0.236054E-02 -0.163784E-02 +0.000000E+00 +0.598168E-03 +0.000000E+00 +0.000000E+00
 +0.110366E+01 -0.101750E+03 +0.161190E+03 -0.493333E+02 +0.369128E+02 +0.156959E+02 +0.000000E+00 +0.000000E+00 +0.236127E-02 -0.163868E-02 +0.000000E+00 +0.596445E-03 +0.000000E+00 +0.000000E+00
 +0.110366E+01 -0.101760E+03 +0.161225E+03 -0.494051E+02 +0.369005E+02 +0.156517E+02 +0.000000E+00 +0.000000E+00 +0.236216E-02 -0.163981E-02 +0.000000E+00 +0.594764E-03 +0.000000E+00 +0.000000E+00
 +0.110366E+01 -0.101770E+03 +0.161256E+03 -0.494762E+02 +0.368873E+02 +0.156069E+02 +0.000000E+00 +0.000000E+00 +0.236300E-02 -0.164091E-02 +0.000000E+00 +0.593064E-03 +0.000000E+00 +0.000000E+00
 +0.110366E+01 -0.101780E+03 +0.161283E+03 -0.495298E+02 +0.368785E+02 +0.155609E+02 +0.000000E+00 +0.000000E+00 +0.236368E-02 -0.164176E-02 +0.000000E+00 +0.591313E-03 +0.000000E+00 +0.000000E+00
 +0.110366E+01 -0.101790E+03 +0.161310E+03 -0.495835E+02 +0.368697E+02 +0.155148E+02 +0.000000E+00 +0.000000E+00 +0.236436E-02 -0.164261E-02 +0.000000E+00 +0.589562E-03 +0.000000E+00 +0.000000E+00
 +0.110366E+01 -0.101800E+03 +0.161351E+03 -0.496459E+02 +0.368628E+02 +0.154693E+02 +0.000000E+00 +0.000000E+00 +0.236528E-02 -0.164367E-02 +0.000000E+00 +0.587832E-03 +0.000000E+00 +0.000000E+00
 +0.110366E+01 -0.101810E+03 +0.161402E+03 -0.497096E+02 +0.368584E+02 +0.154242E+02 +0.000000E+00 +0.000000E+00 +0.236632E-02 -0.164479E-02 +0.000000E+00 +0.586120E-03 +0.000000E+00 +0.000000E+00
 +0.110366E+01 -0.101820E+03 +0.161466E+03 -0.497305E+02 +0.368728E+02 +0.153817E+02 +0.000000E+00 +0.000000E+00 +0.236727E-02 -0.164546E-02 +0.000000E+00 +0.584506E-03 +0.000000E+00 +0.000000E+00
 +0.110366E+01 -0.101830E+03 +0.161530E+03 -0.497513E+02 +0.368871E+02 +0.153393E+02 +0.000000E+00 +0.000000E+00 +0.236822E-02 -0.164613E-02 +0.000000E+00 +0.582892E-03 +0.000000E+00 +0.000000E+00
 +0.110366E+01 -0.101840E+03 +0.161581E+03 -0.497823E+02 +0.368937E+02 +0.152984E+02 +0.000000E+00 +0.000000E+00 +0.236907E-02 -0.164684E-02 +0.000000E+00 +0.581339E-03 +0.000000E+00 +0.000000E+00
 +0.110366E+01 -0.101850E+03 +0.161629E+03 -0.498162E+02 +0.368981E+02 +0.152580E+02 +0.000000E+00 +0.000000E+00 +0.236988E-02 -0.164757E-02 +0.000000E+00 +0.579803E-03 +0.000000E+00 +0.000000E+00
 +0.110366E+01 -0.101860E+03 +0.161691E+03 -0.498590E+02 +0.369046E+02 +0.152124E+02 +0.000000E+00 +0.000000E+00 +0.237094E-02 -0.164851E-02 +0.000000E+00 +0.578072E-03 +0.000000E+00 +0.000000E+00
 +0.110366E+01 -0.101870E+03 +0.161765E+03 -0.499085E+02 +0.369127E+02 +0.151629E+02 +0.000000E+00 +0.000000E+00 +0.237220E-02 -0.164960E-02 +0.000000E+00 +0.576189E-03 +0.000000E+00 +0.000000E+00
 +0.110366E+01 -0.101880E+03 +0.161829E+03 -0.499550E+02 +0.369182E+02 +0.151115E+02 +0.000000E+00 +0.000000E+00 +0.237329E-02 -0.165059E-02 +0.000000E+00 +0.574238E-03 +0.000000E+00 +0.000000E+00
 +0.110366E+01 -0.101890E+03 +0.161869E+03 -0.499952E+02 +0.369183E+02 +0.150564E+02 +0.000000E+00 +0.000000E+00 +0.237406E-02 -0.165136E-02 +0.000000E+00 +0.572143E-03 +0.000000E+00 +0.000000E+00
 +0.110366E+01 -0.101900E+03 +0.161909E+03 -0.500353E+02 +0.369183E+02 +0.150012E+02 +0.000000E+00 +0.000000E+00 +0.237482E-02 -0.165212E-02 +0.000000E+00 +0.570047E-03 +0.000000E+00 +0.000000E+00
 +0.110366E+01 -0.101910E+03 +0.161949E+03 -0.500755E+02 +0.369184E+02 +0.149461E+02 +0.000000E+00 +0.000000E+00 +0.237559E-02 -0.165288E-02 +0.000000E+00 +0.567952E-03 +0.000000E+00 +0.000000E+00
 +0.110366E+01 -0.101920E+03 +0.161991E+03 -0.501212E+02 +0.369171E+02 +0.148925E+02 +0.000000E+00 +0.000000E+00 +0.237641E-02 -0.165373E-02 +0.000000E+00 +0.565917E-03 +0.000000E+00 +0.000000E+00
 +0.110366E+01 -0.101930E+03 +0.162038E+03 -0.501387E+02 +0.369266E+02 +0.148455E+02 +0.000000E+00 +0.000000E+00 +0.237711E-02 -0.165424E-02 +0.000000E+00 +0.564129E-03 +0.000000E+00 +0.000000E+00
 +0.110366E+01 -0.101940E+03 +0.162082E+03 -0.501402E+02 +0.369407E+02 +0.147920E+02 +0.000000E+00 +0.000000E+00 +0.237768E-02 -0.165454E-02 +0.000000E+00 +0.562095E-03 +0.000000E+00 +0.000000E+00
 +0.110366E+01 -0.101950E+03 +0.162126E+03 -0.501416E+02 +0.369548E+02 +0.147385E+02 +0.000000E+00 +0.000000E+00 +0.237825E-02 -0.165483E-02 +0.000000E+00 +0.560062E-03 +0.000000E+00 +0.000000E+00
 +0.110366E+01 -0.101960E+03 +0.162170E+03 -0.501431E+02 +0.369688E+02 +0.146849E+02 +0.000000E+00 +0.000000E+00 +0.237882E-02 -0.165513E-02 +0.000000E+00 +0.558028E-03 +0.000000E+00 +0.000000E+00
 +0.110366E+01 -0.101970E+03 +0.162215E+03 -0.501453E+02 +0.369830E+02 +0.146309E+02 +0.000000E+00 +0.000000E+00 +0.237941E-02 -0.165544E-02 +0.000000E+00 +0.555974E-03 +0.000000E+00 +0.000000E+00
 +0.110366E+01 -0.101980E+03 +0.162283E+03 -0.501630E+02 +0.369996E+02 +0.145658E+02 +0.000000E+00 +0.000000E+00 +0.238038E-02 -0.165609E-02 +0.000000E+00 +0.553501E-03 +0.000000E+00 +0.000000E+00
 +0.110366E+01 -0.101990E+03 +0.162351E+03 -0.501807E+02 +0.370162E+02 +0.145008E+02 +0.000000E+00 +0.000000E+00 +0.238136E-02 -0.165674E-02 +0.000000E+00 +0.551029E-03 +0.000000E+00 +0.000000E+00
 +0.110366E+01 -0.102000E+03 +0.162419E+03 -0.501983E+02 +0.370328E+02 +0.144357E+02 +0.000000E+00 +0.000000E+00 +0.238234E-02 -0.165739E-02 +0.000000E+00 +0.548556E-03 +0.000000E+00 +0.000000E+00
 +0.110366E+01 -0.102010E+03 +0.162487E+03 -0.502160E+02 +0.370494E+02 +0.143706E+02 +0.000000E+00 +0.000000E+00 +0.238331E-02 -0.165804E-02 +0.000000E+00 +0.546084E-03 +0.000000E+00 +0.000000E+00
 +0.110366E+01 -0.102020E+03 +0.162551E+03 -0.502409E+02 +0.370623E+02 +0.143034E+02 +0.000000E+00 +0.000000E+00 +0.238428E-02 -0.165876E-02 +0.000000E+00 +0.543527E-03 +0.000000E+00 +0.000000E+00
 +0.110366E+01 -0.102030E+03 +0.162601E+03 -0.502851E+02 +0.370643E+02 +0.142471E+02 +0.000000E+00 +0.000000E+00 +0.238520E-02 -0.165964E-02 +0.000000E+00 +0.541389E-03 +0.000000E+00 +0.000000E+00
 +0.110366E+01 -0.102040E+03 +0.162639E+03 -0.503422E+02 +0.370579E+02 +0.141914E+02 +0.000000E+00 +0.000000E+00 +0.238604E-02 -0.166060E-02 +0.000000E+00 +0.539274E-03 +0.000000E+00 +0.000000E+00
 +0.110366E+01 -0.102050E+03 +0.162675E+03 -0.504007E+02 +0.370504E+02 +0.141341E+02 +0.000000E+00 +0.000000E+00 +0.238686E-02 -0.166157E-02 +0.000000E+00 +0.537095E-03 +0.000000E+00 +0.000000E+00
 +0.110366E+01 -0.102060E+03 +0.162710E+03 -0.504592E+02 +0.370429E+02 +0.140767E+02 +0.000000E+00 +0.000000E+00 +0.238768E-02 -0.166254E-02 +0.000000E+00 +0.534916E-03 +0.000000E+00 +0.000000E+00
 +0.110366E+01 -0.102070E+03 +0.162746E+03 -0.505176E+02 +0.370354E+02 +0.140194E+02 +0.000000E+00 +0.000000E+00 +0.238850E-02 -0.166351E-02 +0.000000E+00 +0.532736E-03 +0.000000E+00 +0.000000E+00
 +0.110366E+01 -0.102080E+03 +0.162789E+03 -0.505142E+02 +0.370506E+02 +0.139648E+02 +0.000000E+00 +0.000000E+00 +0.238902E-02 -0.166373E-02 +0.000000E+00 +0.530664E-03 +0.000000E+00 +0.000000E+00
 +0.110366E+01 -0.102090E+03 +0.162836E+03 -0.504626E+02 +0.370834E+02 +0.139125E+02 +0.000000E+00 +0.000000E+00 +0.238931E-02 -0.166337E-02 +0.000000E+00 +0.528674E-03 +0.000000E+00 +0.000000E+00
 +0.110366E+01 -0.102100E+03 +0.162884E+03 -0.504109E+02 +0.371161E+02 +0.138601E+02 +0.000000E+00 +0.000000E+00 +0.238959E-02 -0.166301E-02 +0.000000E+00 +0.526685E-03 +0.000000E+00 +0.000000E+00
 +0.110366E+01 -0.102110E+03 +0.162932E+03 -0.503682E+02 +0.371462E+02 +0.138065E+02 +0.000000E+00 +0.000000E+00 +0.238994E-02 -0.166277E-02 +0.000000E+00 +0.524648E-03 +0.000000E+00 +0.000000E+00
 +0.110366E+01 -0.102120E+03 +0.162983E+03 -0.503525E+02 +0.371680E+02 +0.137492E+02 +0.000000E+00 +0.000000E+00 +0.239048E-02 -0.166289E-02 +0.000000E+00 +0.522469E-03 +0.000000E+00 +0.000000E+00
 +0.110366E+01 -0.102130E+03 +0.163033E+03 -0.503368E+02 +0.371898E+02 +0.136918E+02 +0.000000E+00 +0.000000E+00 +0.239102E-02 -0.166301E-02 +0.000000E+00 +0.520290E-03 +0.000000E+00 +0.000000E+00
 +0.110366E+01 -0.102140E+03 +0.163083E+03 -0.503212E+02 +0.372116E+02 +0.136345E+02 +0.000000E+00 +0.000000E+00 +0.239157E-02 -0.166312E-02 +0.000000E+00 +0.518110E-03 +0.000000E+00 +0.000000E+00
 +0.110366E+01 -0.102150E+03 +0.163128E+03 -0.503546E+02 +0.372153E+02 +0.135709E+02 +0.000000E+00 +0.000000E+00 +0.239235E-02 -0.166383E-02 +0.000000E+00 +0.515693E-03 +0.000000E+00 +0.000000E+00
 +0.110366E+01 -0.102160E+03 +0.163173E+03 -0.503880E+02 +0.372190E+02 +0.135073E+02 +0.000000E+00 +0.000000E+00 +0.239312E-02 -0.166453E-02 +0.000000E+00 +0.513276E-03 +0.000000E+00 +0.000000E+00
 +0.110366E+01 -0.102170E+03 +0.163218E+03 -0.504214E+02 +0.372228E+02 +0.134437E+02 +0.000000E+00 +0.000000E+00 +0.239390E-02 -0.166524E-02 +0.000000E+00 +0.510860E-03 +0.000000E+00 +0.000000E+00
 +0.110366E+01 -0.102180E+03 +0.163262E+03 -0.504534E+02 +0.372269E+02 +0.133794E+02 +0.000000E+00 +0.000000E+00 +0.239467E-02 -0.166593E-02 +0.000000E+00 +0.508418E-03 +0.000000E+00 +0.000000E+00
 +0.110366E+01 -0.102190E+03 +0.163307E+03 -0.504750E+02 +0.372344E+02 +0.133099E+02 +0.000000E+00 +0.000000E+00 +0.239537E-02 -0.166648E-02 +0.000000E+00 +0.505776E-03 +0.000000E+00 +0.000000E+00
 +0.110366E+01 -0.102200E+03 +0.163351E+03 -0.504965E+02 +0.372419E+02 +0.132404E+02 +0.000000E+00 +0.000000E+00 +0.239607E-02 -0.166703E-02 +0.000000E+00 +0.503135E-03 +0.000000E+00 +0.000000E+00
 +0.110366E+01 -0.102210E+03 +0.163395E+03 -0.505180E+02 +0.372494E+02 +0.131709E+02 +0.000000E+00 +0.000000E+00 +0.239677E-02 -0.166758E-02 +0.000000E+00 +0.500493E-03 +0.000000E+00 +0.000000E+00
 +0.110366E+01 -0.102220E+03 +0.163439E+03 -0.505396E+02 +0.372569E+02 +0.131014E+02 +0.000000E+00 +0.000000E+00 +0.239746E-02 -0.166813E-02 +0.000000E+00 +0.497852E-03 +0.000000E+00 +0.000000E+00
 +0.110366E+01 -0.102230E+03 +0.163481E+03 -0.505559E+02 +0.372654E+02 +0.130350E+02 +0.000000E+00 +0.000000E+00 +0.239810E-02 -0.166860E-02 +0.000000E+00 +0.495329E-03 +0.000000E+00 +0.000000E+00
 +0.110366E+01 -0.102240E+03 +0.163519E+03 -0.505613E+02 +0.372761E+02 +0.129750E+02 +0.000000E+00 +0.000000E+00 +0.239862E-02 -0.166891E-02 +0.000000E+00 +0.493052E-03 +0.000000E+00 +0.000000E+00
 +0.110366E+01 -0.102250E+03 +0.163557E+03 -0.505667E+02 +0.372868E+02 +0.129151E+02 +0.000000E+00 +0.000000E+00 +0.239913E-02 -0.166922E-02 +0.000000E+00 +0.490774E-03 +0.000000E+00 +0.000000E+00
 +0.110366E+01 -0.102260E+03 +0.163595E+03 -0.505721E+02 +0.372975E+02 +0.128552E+02 +0.000000E+00 +0.000000E+00 +0.239965E-02 -0.166952E-02 +0.000000E+00 +0.488497E-03 +0.000000E+00 +0.000000E+00
 +0.110366E+01 -0.102270E+03 +0.163633E+03 -0.505776E+02 +0.373082E+02 +0.127952E+02 +0.000000E+00 +0.000000E+00 +0.240017E-02 -0.166983E-02 +0.000000E+00 +0.486219E-03 +0.000000E+00 +0.000000E+00
 +0.110366E+01 -0.102280E+03 +0.163671E+03 -0.505830E+02 +0.373189E+02 +0.127353E+02 +0.000000E+00 +0.000000E+00 +0.240068E-02 -0.167014E-02 +0.000000E+00 +0.483942E-03 +0.000000E+00 +0.000000E+00
 +0.110366E+01 -0.102290E+03 +0.163708E+03 -0.505884E+02 +0.373296E+02 +0.126754E+02 +0.000000E+00 +0.000000E+00 +0.240120E-02 -0.167044E-02 +0.000000E+00 +0.481664E-03 +0.000000E+00 +0.000000E+00
 +0.110366E+01 -0.102300E+03 +0.163746E+03 -0.505938E+02 +0.373403E+02 +0.126154E+02 +0.000000E+00 +0.000000E+00 +0.240171E-02 -0.167075E-02 +0.000000E+00 +0.479386E-03 +0.000000E+00 +0.000000E+00
 +0.110366E+01 -0.102310E+03 +0.163784E+03 -0.505993E+02 +0.373510E+02 +0.125555E+02 +0.000000E+00 +0.000000E+00 +0.240223E-02 -0.167105E-02 +0.000000E+00 +0.477109E-03 +0.000000E+00 +0.000000E+00
 +0.110366E+01 -0.102320E+03 +0.163829E+03 -0.505871E+02 +0.373697E+02 +0.124911E+02 +0.000000E+00 +0.000000E+00 +0.240272E-02 -0.167118E-02 +0.000000E+00 +0.474663E-03 +0.000000E+00 +0.000000E+00
 +0.110366E+01 -0.102330E+03 +0.163876E+03 -0.505612E+02 +0.373939E+02 +0.124242E+02 +0.000000E+00 +0.000000E+00 +0.240316E-02 -0.167115E-02 +0.000000E+00 +0.472119E-03 +0.000000E+00 +0.000000E+00
 +0.110366E+01 -0.102340E+03 +0.163923E+03 -0.505354E+02 +0.374181E+02 +0.123572E+02 +0.000000E+00 +0.000000E+00 +0.240360E-02 -0.167112E-02 +0.000000E+00 +0.469575E-03 +0.000000E+00 +0.000000E+00
 +0.110366E+01 -0.102350E+03 +0.163971E+03 -0.505095E+02 +0.374423E+02 +0.122903E+02 +0.000000E+00 +0.000000E+00 +0.240404E-02 -0.167108E-02 +0.000000E+00 +0.467031E-03 +0.000000E+00 +0.000000E+00
 +0.110366E+01 -0.102360E+03 +0.164018E+03 -0.504836E+02 +0.374665E+02 +0.122234E+02 +0.000000E+00 +0.000000E+00 +0.240449E-02 -0.167105E-02 +0.000000E+00 +0.464488E-03 +0.000000E+00 +0.000000E+00
 +0.110366E+01 -0.102370E+03 +0.164066E+03 -0.504578E+02 +0.374906E+02 +0.121564E+02 +0.000000E+00 +0.000000E+00 +0.240493E-02 -0.167102E-02 +0.000000E+00 +0.461944E-03 +0.000000E+00 +0.000000E+00
 +0.110366E+01 -0.102380E+03 +0.164113E+03 -0.504319E+02 +0.375148E+02 +0.120895E+02 +0.000000E+00 +0.000000E+00 +0.240537E-02 -0.167099E-02 +0.000000E+00 +0.459400E-03 +0.000000E+00 +0.000000E+00
 +0.110366E+01 -0.102390E+03 +0.164161E+03 -0.504060E+02 +0.375390E+02 +0.120225E+02 +0.000000E+00 +0.000000E+00 +0.240581E-02 -0.167096E-02 +0.000000E+00 +0.456856E-03 +0.000000E+00 +0.000000E+00
 +0.110366E+01 -0.102400E+03 +0.164208E+03 -0.503802E+02 +0.375632E+02 +0.119556E+02 +0.000000E+00 +0.000000E+00 +0.240625E-02 -0.167092E-02 +0.000000E+00 +0.454312E-03 +0.000000E+00 +0.000000E+00
 +0.110366E+01 -0.102410E+03 +0.164251E+03 -0.503723E+02 +0.375799E+02 +0.118962E+02 +0.000000E+00 +0.000000E+00 +0.240674E-02 -0.167109E-02 +0.000000E+00 +0.452054E-03 +0.000000E+00 +0.000000E+00
 +0.110366E+01 -0.102420E+03 +0.164292E+03 -0.503694E+02 +0.375944E+02 +0.118388E+02 +0.000000E+00 +0.000000E+00 +0.240725E-02 -0.167131E-02 +0.000000E+00 +0.449876E-03 +0.000000E+00 +0.000000E+00
 +0.110366E+01 -0.102430E+03 +0.164333E+03 -0.503665E+02 +0.376089E+02 +0.117815E+02 +0.000000E+00 +0.000000E+00 +0.240776E-02 -0.167153E-02 +0.000000E+00 +0.447697E-03 +0.000000E+00 +0.000000E+00
 +0.110366E+01 -0.102440E+03 +0.164383E+03 -0.503336E+02 +0.376362E+02 +0.117157E+02 +0.000000E+00 +0.000000E+00 +0.240818E-02 -0.167142E-02 +0.000000E+00 +0.445197E-03 +0.000000E+00 +0.000000E+00
 +0.110366E+01 -0.102450E+03 +0.164433E+03 -0.502989E+02 +0.376641E+02 +0.116494E+02 +0.000000E+00 +0.000000E+00 +0.240860E-02 -0.167130E-02 +0.000000E+00 +0.442679E-03 +0.000000E+00 +0.000000E+00
 +0.110366E+01 -0.102460E+03 +0.164483E+03 -0.502643E+02 +0.376921E+02 +0.115832E+02 +0.000000E+00 +0.000000E+00 +0.240902E-02 -0.167117E-02 +0.000000E+00 +0.440160E-03 +0.000000E+00 +0.000000E+00
 +0.110366E+01 -0.102470E+03 +0.164533E+03 -0.502296E+02 +0.377201E+02 +0.115169E+02 +0.000000E+00 +0.000000E+00 +0.240944E-02 -0.167104E-02 +0.000000E+00 +0.437642E-03 +0.000000E+00 +0.000000E+00
 +0.110366E+01 -0.102480E+03 +0.164583E+03 -0.501949E+02 +0.377481E+02 +0.114506E+02 +0.000000E+00 +0.000000E+00 +0.240986E-02 -0.167092E-02 +0.000000E+00 +0.435124E-03 +0.000000E+00 +0.000000E+00
 +0.110366E+01 -0.102490E+03 +0.164633E+03 -0.501603E+02 +0.377760E+02 +0.113843E+02 +0.000000E+00 +0.000000E+00 +0.241028E-02 -0.167079E-02 +0.000000E+00 +0.432605E-03 +0.000000E+00 +0.000000E+00
 +0.110366E+01 -0.102500E+03 +0.164683E+03 -0.501256E+02 +0.378040E+02 +0.113181E+02 +0.000000E+00 +0.000000E+00 +0.241071E-02 -0.167066E-02 +0.000000E+00 +0.430087E-03 +0.000000E+00 +0.000000E+00
 +0.110366E+01 -0.102510E+03 +0.164724E+03 -0.501075E+02 +0.378236E+02 +0.112571E+02 +0.000000E+00 +0.000000E+00 +0.241112E-02 -0.167069E-02 +0.000000E+00 +0.427769E-03 +0.000000E+00 +0.000000E+00
 +0.110366E+01 -0.102520E+03 +0.164755E+03 -0.501087E+02 +0.378334E+02 +0.112023E+02 +0.000000E+00 +0.000000E+00 +0.241152E-02 -0.167090E-02 +0.000000E+00 +0.425687E-03 +0.000000E+00 +0.000000E+00
 +0.110366E+01 -0.102530E+03 +0.164786E+03 -0.501099E+02 +0.378431E+02 +0.111475E+02 +0.000000E+00 +0.000000E+00 +0.241192E-02 -0.167111E-02 +0.000000E+00 +0.423604E-03 +0.000000E+00 +0.000000E+00
 +0.110366E+01 -0.102540E+03 +0.164817E+03 -0.501111E+02 +0.378529E+02 +0.110927E+02 +0.000000E+00 +0.000000E+00 +0.241232E-02 -0.167132E-02 +0.000000E+00 +0.421522E-03 +0.000000E+00 +0.000000E+00
 +0.110366E+01 -0.102550E+03 +0.164848E+03 -0.501124E+02 +0.378626E+02 +0.110379E+02 +0.000000E+00 +0.000000E+00 +0.241271E-02 -0.167153E-02 +0.000000E+00 +0.419440E-03 +0.000000E+00 +0.000000E+00
 +0.110366E+01 -0.102560E+03 +0.164878E+03 -0.501136E+02 +0.378724E+02 +0.109831E+02 +0.000000E+00 +0.000000E+00 +0.241311E-02 -0.167173E-02 +0.000000E+00 +0.417357E-03 +0.000000E+00 +0.000000E+00
 +0.110366E+01 -0.102570E+03 +0.164918E+03 -0.500984E+02 +0.378905E+02 +0.109250E+02 +0.000000E+00 +0.000000E+00 +0.241352E-02 -0.167179E-02 +0.000000E+00 +0.415149E-03 +0.000000E+00 +0.000000E+00
 +0.110366E+01 -0.102580E+03 +0.164960E+03 -0.500796E+02 +0.379104E+02 +0.108661E+02 +0.000000E+00 +0.000000E+00 +0.241393E-02 -0.167181E-02 +0.000000E+00 +0.412913E-03 +0.000000E+00 +0.000000E+00
 +0.110366E+01 -0.102590E+03 +0.165001E+03 -0.500608E+02 +0.379303E+02 +0.108073E+02 +0.000000E+00 +0.000000E+00 +0.241435E-02 -0.167183E-02 +0.000000E+00 +0.410677E-03 +0.000000E+00 +0.000000E+00
 +0.110366E+01 -0.102600E+03 +0.165043E+03 -0.500421E+02 +0.379502E+02 +0.107484E+02 +0.000000E+00 +0.000000E+00 +0.241476E-02 -0.167185E-02 +0.000000E+00 +0.408441E-03 +0.000000E+00 +0.000000E+00
 +0.110366E+01 -0.102610E+03 +0.165084E+03 -0.500233E+02 +0.379701E+02 +0.106896E+02 +0.000000E+00 +0.000000E+00 +0.241517E-02 -0.167187E-02 +0.000000E+00 +0.406204E-03 +0.000000E+00 +0.000000E+00
 +0.110366E+01 -0.102620E+03 +0.165126E+03 -0.500045E+02 +0.379900E+02 +0.106307E+02 +0.000000E+00 +0.000000E+00 +0.241558E-02 -0.167190E-02 +0.000000E+00 +0.403968E-03 +0.000000E+00 +0.000000E+00
 +0.110366E+01 -0.102630E+03 +0.165167E+03 -0.499857E+02 +0.380099E+02 +0.105719E+02 +0.000000E+00 +0.000000E+00 +0.241599E-02 -0.167192E-02 +0.000000E+00 +0.401732E-03 +0.000000E+00 +0.000000E+00
 +0.110366E+01 -0.102640E+03 +0.165209E+03 -0.499669E+02 +0.380299E+02 +0.105130E+02 +0.000000E+00 +0.000000E+00 +0.241640E-02 -0.167194E-02 +0.000000E+00 +0.399496E-03 +0.000000E+00 +0.000000E+00
 +0.110366E+01 -0.102650E+03 +0.165246E+03 -0.499471E+02 +0.380488E+02 +0.104601E+02 +0.000000E+00 +0.000000E+00 +0.241676E-02 -0.167192E-02 +0.000000E+00 +0.397482E-03 +0.000000E+00 +0.000000E+00
 +0.110366E+01 -0.102660E+03 +0.165283E+03 -0.499271E+02 +0.380675E+02 +0.104084E+02 +0.000000E+00 +0.000000E+00 +0.241710E-02 -0.167190E-02 +0.000000E+00 +0.395519E-03 +0.000000E+00 +0.000000E+00
 +0.110366E+01 -0.102670E+03 +0.165320E+03 -0.499070E+02 +0.380862E+02 +0.103567E+02 +0.000000E+00 +0.000000E+00 +0.241744E-02 -0.167187E-02 +0.000000E+00 +0.393556E-03 +0.000000E+00 +0.000000E+00
 +0.110366E+01 -0.102680E+03 +0.165357E+03 -0.498870E+02 +0.381049E+02 +0.103051E+02 +0.000000E+00 +0.000000E+00 +0.241778E-02 -0.167185E-02 +0.000000E+00 +0.391593E-03 +0.000000E+00 +0.000000E+00
 +0.110366E+01 -0.102690E+03 +0.165393E+03 -0.498669E+02 +0.381237E+02 +0.102534E+02 +0.000000E+00 +0.000000E+00 +0.241812E-02 -0.167182E-02 +0.000000E+00 +0.389630E-03 +0.000000E+00 +0.000000E+00
 +0.110366E+01 -0.102700E+03 +0.165430E+03 -0.498469E+02 +0.381424E+02 +0.102018E+02 +0.000000E+00 +0.000000E+00 +0.241846E-02 -0.167180E-02 +0.000000E+00 +0.387667E-03 +0.000000E+00 +0.000000E+00
 +0.110366E+01 -0.102710E+03 +0.165467E+03 -0.498269E+02 +0.381611E+02 +0.101501E+02 +0.000000E+00 +0.000000E+00 +0.241880E-02 -0.167177E-02 +0.000000E+00 +0.385704E-03 +0.000000E+00 +0.000000E+00
 +0.110366E+01 -0.102720E+03 +0.165502E+03 -0.498026E+02 +0.381808E+02 +0.100977E+02 +0.000000E+00 +0.000000E+00 +0.241910E-02 -0.167169E-02 +0.000000E+00 +0.383713E-03 +0.000000E+00 +0.000000E+00
 +0.110366E+01 -0.102730E+03 +0.165533E+03 -0.497635E+02 +0.382041E+02 +0.100427E+02 +0.000000E+00 +0.000000E+00 +0.241926E-02 -0.167138E-02 +0.000000E+00 +0.381623E-03 +0.000000E+00 +0.000000E+00
 +0.110366E+01 -0.102740E+03 +0.165565E+03 -0.497244E+02 +0.382273E+02 +0.998774E+01 +0.000000E+00 +0.000000E+00 +0.241941E-02 -0.167108E-02 +0.000000E+00 +0.379534E-03 +0.000000E+00 +0.000000E+00
 +0.110366E+01 -0.102750E+03 +0.165596E+03 -0.496853E+02 +0.382506E+02 +0.993276E+01 +0.000000E+00 +0.000000E+00 +0.241957E-02 -0.167078E-02 +0.000000E+00 +0.377445E-03 +0.000000E+00 +0.000000E+00
 +0.110366E+01 -0.102760E+03 +0.165628E+03 -0.496462E+02 +0.382739E+02 +0.987778E+01 +0.000000E+00 +0.000000E+00 +0.241972E-02 -0.167048E-02 +0.000000E+00 +0.375356E-03 +0.000000E+00 +0.000000E+00
 +0.110366E+01 -0.102770E+03 +0.165659E+03 -0.496072E+02 +0.382971E+02 +0.982280E+01 +0.000000E+00 +0.000000E+00 +0.241988E-02 -0.167018E-02 +0.000000E+00 +0.373266E-03 +0.000000E+00 +0.000000E+00
 +0.110366E+01 -0.102780E+03 +0.165690E+03 -0.495681E+02 +0.383204E+02 +0.976782E+01 +0.000000E+00 +0.000000E+00 +0.242003E-02 -0.166988E-02 +0.000000E+00 +0.371177E-03 +0.000000E+00 +0.000000E+00
 +0.110366E+01 -0.102790E+03 +0.165722E+03 -0.495290E+02 +0.383436E+02 +0.971284E+01 +0.000000E+00 +0.000000E+00 +0.242019E-02 -0.166958E-02 +0.000000E+00 +0.369088E-03 +0.000000E+00 +0.000000E+00
 +0.110366E+01 -0.102800E+03 +0.165754E+03 -0.494946E+02 +0.383657E+02 +0.965830E+01 +0.000000E+00 +0.000000E+00 +0.242038E-02 -0.166934E-02 +0.000000E+00 +0.367015E-03 +0.000000E+00 +0.000000E+00
 +0.110366E+01 -0.102810E+03 +0.165791E+03 -0.494845E+02 +0.383812E+02 +0.960605E+01 +0.000000E+00 +0.000000E+00 +0.242079E-02 -0.166945E-02 +0.000000E+00 +0.365030E-03 +0.000000E+00 +0.000000E+00
 +0.110366E+01 -0.102820E+03 +0.165828E+03 -0.494745E+02 +0.383968E+02 +0.955381E+01 +0.000000E+00 +0.000000E+00 +0.242120E-02 -0.166955E-02 +0.000000E+00 +0.363045E-03 +0.000000E+00 +0.000000E+00
 +0.110366E+01 -0.102830E+03 +0.165865E+03 -0.494645E+02 +0.384123E+02 +0.950156E+01 +0.000000E+00 +0.000000E+00 +0.242161E-02 -0.166966E-02 +0.000000E+00 +0.361059E-03 +0.000000E+00 +0.000000E+00
 +0.110366E+01 -0.102840E+03 +0.165902E+03 -0.494544E+02 +0.384279E+02 +0.944932E+01 +0.000000E+00 +0.000000E+00 +0.242202E-02 -0.166976E-02 +0.000000E+00 +0.359074E-03 +0.000000E+00 +0.000000E+00
 +0.110366E+01 -0.102850E+03 +0.165940E+03 -0.494444E+02 +0.384434E+02 +0.939707E+01 +0.000000E+00 +0.000000E+00 +0.242243E-02 -0.166987E-02 +0.000000E+00 +0.357089E-03 +0.000000E+00 +0.000000E+00
 +0.110366E+01 -0.102860E+03 +0.165977E+03 -0.494343E+02 +0.384590E+02 +0.934483E+01 +0.000000E+00 +0.000000E+00 +0.242284E-02 -0.166997E-02 +0.000000E+00 +0.355104E-03 +0.000000E+00 +0.000000E+00
 +0.110366E+01 -0.102870E+03 +0.166014E+03 -0.494243E+02 +0.384745E+02 +0.929258E+01 +0.000000E+00 +0.000000E+00 +0.242324E-02 -0.167008E-02 +0.000000E+00 +0.353118E-03 +0.000000E+00 +0.000000E+00
 +0.110366E+01 -0.102880E+03 +0.166051E+03 -0.494142E+02 +0.384901E+02 +0.924034E+01 +0.000000E+00 +0.000000E+00 +0.242365E-02 -0.167018E-02 +0.000000E+00 +0.351133E-03 +0.000000E+00 +0.000000E+00
 +0.110366E+01 -0.102890E+03 +0.166092E+03 -0.493654E+02 +0.385199E+02 +0.919191E+01 +0.000000E+00 +0.000000E+00 +0.242388E-02 -0.166982E-02 +0.000000E+00 +0.349293E-03 +0.000000E+00 +0.000000E+00
 +0.110366E+01 -0.102900E+03 +0.166136E+03 -0.492977E+02 +0.385568E+02 +0.914533E+01 +0.000000E+00 +0.000000E+00 +0.242401E-02 -0.166923E-02 +0.000000E+00 +0.347523E-03 +0.000000E+00 +0.000000E+00
 +0.110366E+01 -0.102910E+03 +0.166180E+03 -0.492300E+02 +0.385936E+02 +0.909876E+01 +0.000000E+00 +0.000000E+00 +0.242415E-02 -0.166865E-02 +0.000000E+00 +0.345753E-03 +0.000000E+00 +0.000000E+00
 +0.110366E+01 -0.102920E+03 +0.166224E+03 -0.491623E+02 +0.386305E+02 +0.905218E+01 +0.000000E+00 +0.000000E+00 +0.242428E-02 -0.166806E-02 +0.000000E+00 +0.343983E-03 +0.000000E+00 +0.000000E+00
 +0.110366E+01 -0.102930E+03 +0.166268E+03 -0.490946E+02 +0.386673E+02 +0.900560E+01 +0.000000E+00 +0.000000E+00 +0.242442E-02 -0.166748E-02 +0.000000E+00 +0.342213E-03 +0.000000E+00 +0.000000E+00
 +0.110366E+01 -0.102940E+03 +0.166312E+03 -0.490269E+02 +0.387041E+02 +0.895903E+01 +0.000000E+00 +0.000000E+00 +0.242455E-02 -0.166689E-02 +0.000000E+00 +0.340443E-03 +0.000000E+00 +0.000000E+00
 +0.110366E+01 -0.102950E+03 +0.166356E+03 -0.489592E+02 +0.387410E+02 +0.891245E+01 +0.000000E+00 +0.000000E+00 +0.242469E-02 -0.166630E-02 +0.000000E+00 +0.338673E-03 +0.000000E+00 +0.000000E+00
 +0.110366E+01 -0.102960E+03 +0.166398E+03 -0.488960E+02 +0.387758E+02 +0.886391E+01 +0.000000E+00 +0.000000E+00 +0.242483E-02 -0.166576E-02 +0.000000E+00 +0.336828E-03 +0.000000E+00 +0.000000E+00
 +0.110366E+01 -0.102970E+03 +0.166432E+03 -0.488580E+02 +0.387993E+02 +0.880444E+01 +0.000000E+00 +0.000000E+00 +0.242502E-02 -0.166549E-02 +0.000000E+00 +0.334569E-03 +0.000000E+00 +0.000000E+00
 +0.110366E+01 -0.102980E+03 +0.166465E+03 -0.488199E+02 +0.388229E+02 +0.874497E+01 +0.000000E+00 +0.000000E+00 +0.242520E-02 -0.166521E-02 +0.000000E+00 +0.332309E-03 +0.000000E+00 +0.000000E+00
 +0.110366E+01 -0.102990E+03 +0.166498E+03 -0.487818E+02 +0.388465E+02 +0.868551E+01 +0.000000E+00 +0.000000E+00 +0.242539E-02 -0.166494E-02 +0.000000E+00 +0.330049E-03 +0.000000E+00 +0.000000E+00
 +0.110366E+01 -0.103000E+03 +0.166532E+03 -0.487437E+02 +0.388700E+02 +0.862604E+01 +0.000000E+00 +0.000000E+00 +0.242557E-02 -0.166466E-02 +0.000000E+00 +0.327789E-03 +0.000000E+00 +0.000000E+00
 +0.110366E+01 -0.103010E+03 +0.166565E+03 -0.487056E+02 +0.388936E+02 +0.856657E+01 +0.000000E+00 +0.000000E+00 +0.242576E-02 -0.166438E-02 +0.000000E+00 +0.325530E-03 +0.000000E+00 +0.000000E+00
 +0.110366E+01 -0.103020E+03 +0.166598E+03 -0.486675E+02 +0.389171E+02 +0.850711E+01 +0.000000E+00 +0.000000E+00 +0.242594E-02 -0.166411E-02 +0.000000E+00 +0.323270E-03 +0.000000E+00 +0.000000E+00
 +0.110366E+01 -0.103030E+03 +0.166632E+03 -0.486295E+02 +0.389407E+02 +0.844764E+01 +0.000000E+00 +0.000000E+00 +0.242613E-02 -0.166383E-02 +0.000000E+00 +0.321010E-03 +0.000000E+00 +0.000000E+00
 +0.110366E+01 -0.103040E+03 +0.166665E+03 -0.485914E+02 +0.389642E+02 +0.838817E+01 +0.000000E+00 +0.000000E+00 +0.242631E-02 -0.166356E-02 +0.000000E+00 +0.318751E-03 +0.000000E+00 +0.000000E+00
 +0.110366E+01 -0.103050E+03 +0.166698E+03 -0.485533E+02 +0.389878E+02 +0.832871E+01 +0.000000E+00 +0.000000E+00 +0.242650E-02 -0.166328E-02 +0.000000E+00 +0.316491E-03 +0.000000E+00 +0.000000E+00
 +0.110366E+01 -0.103060E+03 +0.166726E+03 -0.485086E+02 +0.390118E+02 +0.826741E+01 +0.000000E+00 +0.000000E+00 +0.242657E-02 -0.166289E-02 +0.000000E+00 +0.314162E-03 +0.000000E+00 +0.000000E+00
 +0.110366E+01 -0.103070E+03 +0.166752E+03 -0.484610E+02 +0.390360E+02 +0.820534E+01 +0.000000E+00 +0.000000E+00 +0.242660E-02 -0.166244E-02 +0.000000E+00 +0.311803E-03 +0.000000E+00 +0.000000E+00
 +0.110366E+01 -0.103080E+03 +0.166778E+03 -0.484134E+02 +0.390602E+02 +0.814327E+01 +0.000000E+00 +0.000000E+00 +0.242663E-02 -0.166200E-02 +0.000000E+00 +0.309444E-03 +0.000000E+00 +0.000000E+00
 +0.110366E+01 -0.103090E+03 +0.166804E+03 -0.483659E+02 +0.390844E+02 +0.808120E+01 +0.000000E+00 +0.000000E+00 +0.242666E-02 -0.166156E-02 +0.000000E+00 +0.307086E-03 +0.000000E+00 +0.000000E+00
 +0.110366E+01 -0.103100E+03 +0.166829E+03 -0.483183E+02 +0.391086E+02 +0.801914E+01 +0.000000E+00 +0.000000E+00 +0.242669E-02 -0.166111E-02 +0.000000E+00 +0.304727E-03 +0.000000E+00 +0.000000E+00
 +0.110366E+01 -0.103110E+03 +0.166855E+03 -0.482708E+02 +0.391328E+02 +0.795707E+01 +0.000000E+00 +0.000000E+00 +0.242672E-02 -0.166067E-02 +0.000000E+00 +0.302369E-03 +0.000000E+00 +0.000000E+00
 +0.110366E+01 -0.103120E+03 +0.166881E+03 -0.482232E+02 +0.391570E+02 +0.789500E+01 +0.000000E+00 +0.000000E+00 +0.242675E-02 -0.166022E-02 +0.000000E+00 +0.300010E-03 +0.000000E+00 +0.000000E+00
 +0.110366E+01 -0.103130E+03 +0.166921E+03 -0.481815E+02 +0.391840E+02 +0.784998E+01 +0.000000E+00 +0.000000E+00 +0.242700E-02 -0.165994E-02 +0.000000E+00 +0.298299E-03 +0.000000E+00 +0.000000E+00
 +0.110366E+01 -0.103140E+03 +0.166961E+03 -0.481399E+02 +0.392111E+02 +0.780572E+01 +0.000000E+00 +0.000000E+00 +0.242726E-02 -0.165967E-02 +0.000000E+00 +0.296617E-03 +0.000000E+00 +0.000000E+00
 +0.110366E+01 -0.103150E+03 +0.167002E+03 -0.480984E+02 +0.392382E+02 +0.776145E+01 +0.000000E+00 +0.000000E+00 +0.242751E-02 -0.165940E-02 +0.000000E+00 +0.294935E-03 +0.000000E+00 +0.000000E+00
 +0.110366E+01 -0.103160E+03 +0.167042E+03 -0.480569E+02 +0.392652E+02 +0.771719E+01 +0.000000E+00 +0.000000E+00 +0.242777E-02 -0.165912E-02 +0.000000E+00 +0.293253E-03 +0.000000E+00 +0.000000E+00
 +0.110366E+01 -0.103170E+03 +0.167083E+03 -0.480154E+02 +0.392923E+02 +0.767292E+01 +0.000000E+00 +0.000000E+00 +0.242802E-02 -0.165885E-02 +0.000000E+00 +0.291571E-03 +0.000000E+00 +0.000000E+00
 +0.110366E+01 -0.103180E+03 +0.167124E+03 -0.479739E+02 +0.393194E+02 +0.762866E+01 +0.000000E+00 +0.000000E+00 +0.242828E-02 -0.165857E-02 +0.000000E+00 +0.289889E-03 +0.000000E+00 +0.000000E+00
 +0.110366E+01 -0.103190E+03 +0.167164E+03 -0.479324E+02 +0.393465E+02 +0.758439E+01 +0.000000E+00 +0.000000E+00 +0.242854E-02 -0.165830E-02 +0.000000E+00 +0.288207E-03 +0.000000E+00 +0.000000E+00
 +0.110366E+01 -0.103200E+03 +0.167205E+03 -0.478909E+02 +0.393735E+02 +0.754013E+01 +0.000000E+00 +0.000000E+00 +0.242879E-02 -0.165802E-02 +0.000000E+00 +0.286525E-03 +0.000000E+00 +0.000000E+00
 +0.110366E+01 -0.103210E+03 +0.167245E+03 -0.478494E+02 +0.394006E+02 +0.749586E+01 +0.000000E+00 +0.000000E+00 +0.242905E-02 -0.165775E-02 +0.000000E+00 +0.284843E-03 +0.000000E+00 +0.000000E+00
 +0.110366E+01 -0.103220E+03 +0.167286E+03 -0.478079E+02 +0.394277E+02 +0.745160E+01 +0.000000E+00 +0.000000E+00 +0.242930E-02 -0.165748E-02 +0.000000E+00 +0.283161E-03 +0.000000E+00 +0.000000E+00
 +0.110366E+01 -0.103230E+03 +0.167326E+03 -0.477664E+02 +0.394548E+02 +0.740733E+01 +0.000000E+00 +0.000000E+00 +0.242956E-02 -0.165720E-02 +0.000000E+00 +0.281479E-03 +0.000000E+00 +0.000000E+00
 +0.110366E+01 -0.103240E+03 +0.167367E+03 -0.477248E+02 +0.394818E+02 +0.736306E+01 +0.000000E+00 +0.000000E+00 +0.242981E-02 -0.165693E-02 +0.000000E+00 +0.279796E-03 +0.000000E+00 +0.000000E+00
 +0.110366E+01 -0.103250E+03 +0.167407E+03 -0.476833E+02 +0.395089E+02 +0.731880E+01 +0.000000E+00 +0.000000E+00 +0.243007E-02 -0.165665E-02 +0.000000E+00 +0.278114E-03 +0.000000E+00 +0.000000E+00
 +0.110366E+01 -0.103260E+03 +0.167448E+03 -0.476418E+02 +0.395360E+02 +0.727453E+01 +0.000000E+00 +0.000000E+00 +0.243033E-02 -0.165638E-02 +0.000000E+00 +0.276432E-03 +0.000000E+00 +0.000000E+00
 +0.110366E+01 -0.103270E+03 +0.167488E+03 -0.476003E+02 +0.395631E+02 +0.723027E+01 +0.000000E+00 +0.000000E+00 +0.243058E-02 -0.165610E-02 +0.000000E+00 +0.274750E-03 +0.000000E+00 +0.000000E+00
 +0.110366E+01 -0.103280E+03 +0.167529E+03 -0.475588E+02 +0.395902E+02 +0.718600E+01 +0.000000E+00 +0.000000E+00 +0.243084E-02 -0.165583E-02 +0.000000E+00 +0.273068E-03 +0.000000E+00 +0.000000E+00
 +0.110366E+01 -0.103290E+03 +0.167570E+03 -0.475173E+02 +0.396172E+02 +0.714174E+01 +0.000000E+00 +0.000000E+00 +0.243109E-02 -0.165556E-02 +0.000000E+00 +0.271386E-03 +0.000000E+00 +0.000000E+00
 +0.110366E+01 -0.103300E+03 +0.167610E+03 -0.474758E+02 +0.396443E+02 +0.709747E+01 +0.000000E+00 +0.000000E+00 +0.243135E-02 -0.165528E-02 +0.000000E+00 +0.269704E-03 +0.000000E+00 +0.000000E+00
 +0.110366E+01 -0.103310E+03 +0.167651E+03 -0.474343E+02 +0.396714E+02 +0.705321E+01 +0.000000E+00 +0.000000E+00 +0.243160E-02 -0.165501E-02 +0.000000E+00 +0.268022E-03 +0.000000E+00 +0.000000E+00
 +0.110366E+01 -0.103320E+03 +0.167685E+03 -0.473861E+02 +0.396987E+02 +0.699364E+01 +0.000000E+00 +0.000000E+00 +0.243174E-02 -0.165461E-02 +0.000000E+00 +0.265758E-03 +0.000000E+00 +0.000000E+00
 +0.110366E+01 -0.103330E+03 +0.167719E+03 -0.473371E+02 +0.397260E+02 +0.693242E+01 +0.000000E+00 +0.000000E+00 +0.243187E-02 -0.165420E-02 +0.000000E+00 +0.263432E-03 +0.000000E+00 +0.000000E+00
 +0.110366E+01 -0.103340E+03 +0.167753E+03 -0.472882E+02 +0.397534E+02 +0.687121E+01 +0.000000E+00 +0.000000E+00 +0.243199E-02 -0.165379E-02 +0.000000E+00 +0.261106E-03 +0.000000E+00 +0.000000E+00
 +0.110366E+01 -0.103350E+03 +0.167787E+03 -0.472393E+02 +0.397807E+02 +0.680999E+01 +0.000000E+00 +0.000000E+00 +0.243212E-02 -0.165338E-02 +0.000000E+00 +0.258780E-03 +0.000000E+00 +0.000000E+00
 +0.110366E+01 -0.103360E+03 +0.167821E+03 -0.471903E+02 +0.398080E+02 +0.674878E+01 +0.000000E+00 +0.000000E+00 +0.243224E-02 -0.165297E-02 +0.000000E+00 +0.256454E-03 +0.000000E+00 +0.000000E+00
 +0.110366E+01 -0.103370E+03 +0.167855E+03 -0.471414E+02 +0.398354E+02 +0.668756E+01 +0.000000E+00 +0.000000E+00 +0.243237E-02 -0.165256E-02 +0.000000E+00 +0.254127E-03 +0.000000E+00 +0.000000E+00
 +0.110366E+01 -0.103380E+03 +0.167889E+03 -0.470925E+02 +0.398627E+02 +0.662635E+01 +0.000000E+00 +0.000000E+00 +0.243249E-02 -0.165215E-02 +0.000000E+00 +0.251801E-03 +0.000000E+00 +0.000000E+00
 +0.110366E+01 -0.103390E+03 +0.167923E+03 -0.470436E+02 +0.398901E+02 +0.656514E+01 +0.000000E+00 +0.000000E+00 +0.243262E-02 -0.165174E-02 +0.000000E+00 +0.249475E-03 +0.000000E+00 +0.000000E+00
 +0.110366E+01 -0.103400E+03 +0.167956E+03 -0.469946E+02 +0.399174E+02 +0.650392E+01 +0.000000E+00 +0.000000E+00 +0.243274E-02 -0.165133E-02 +0.000000E+00 +0.247149E-03 +0.000000E+00 +0.000000E+00
 +0.110366E+01 -0.103410E+03 +0.167990E+03 -0.469457E+02 +0.399447E+02 +0.644271E+01 +0.000000E+00 +0.000000E+00 +0.243287E-02 -0.165092E-02 +0.000000E+00 +0.244823E-03 +0.000000E+00 +0.000000E+00
 +0.110366E+01 -0.103420E+03 +0.168024E+03 -0.468968E+02 +0.399721E+02 +0.638149E+01 +0.000000E+00 +0.000000E+00 +0.243299E-02 -0.165051E-02 +0.000000E+00 +0.242497E-03 +0.000000E+00 +0.000000E+00
 +0.110366E+01 -0.103430E+03 +0.168058E+03 -0.468478E+02 +0.399994E+02 +0.632028E+01 +0.000000E+00 +0.000000E+00 +0.243312E-02 -0.165010E-02 +0.000000E+00 +0.240171E-03 +0.000000E+00 +0.000000E+00
 +0.110366E+01 -0.103440E+03 +0.168092E+03 -0.467989E+02 +0.400267E+02 +0.625906E+01 +0.000000E+00 +0.000000E+00 +0.243324E-02 -0.164969E-02 +0.000000E+00 +0.237844E-03 +0.000000E+00 +0.000000E+00
 +0.110366E+01 -0.103450E+03 +0.168126E+03 -0.467500E+02 +0.400541E+02 +0.619785E+01 +0.000000E+00 +0.000000E+00 +0.243337E-02 -0.164928E-02 +0.000000E+00 +0.235518E-03 +0.000000E+00 +0.000000E+00
 +0.110366E+01 -0.103460E+03 +0.168160E+03 -0.467010E+02 +0.400814E+02 +0.613664E+01 +0.000000E+00 +0.000000E+00 +0.243349E-02 -0.164887E-02 +0.000000E+00 +0.233192E-03 +0.000000E+00 +0.000000E+00
 +0.110366E+01 -0.103470E+03 +0.168194E+03 -0.466521E+02 +0.401088E+02 +0.607542E+01 +0.000000E+00 +0.000000E+00 +0.243362E-02 -0.164846E-02 +0.000000E+00 +0.230866E-03 +0.000000E+00 +0.000000E+00
 +0.110366E+01 -0.103480E+03 +0.168228E+03 -0.466032E+02 +0.401361E+02 +0.601421E+01 +0.000000E+00 +0.000000E+00 +0.243374E-02 -0.164805E-02 +0.000000E+00 +0.228540E-03 +0.000000E+00 +0.000000E+00
 +0.110366E+01 -0.103490E+03 +0.168262E+03 -0.465542E+02 +0.401634E+02 +0.595299E+01 +0.000000E+00 +0.000000E+00 +0.243387E-02 -0.164764E-02 +0.000000E+00 +0.226214E-03 +0.000000E+00 +0.000000E+00
 +0.110366E+01 -0.103500E+03 +0.168296E+03 -0.465053E+02 +0.401908E+02 +0.589178E+01 +0.000000E+00 +0.000000E+00 +0.243399E-02 -0.164723E-02 +0.000000E+00 +0.223888E-03 +0.000000E+00 +0.000000E+00
 +0.110366E+01 -0.103510E+03 +0.168329E+03 -0.464564E+02 +0.402181E+02 +0.583057E+01 +0.000000E+00 +0.000000E+00 +0.243412E-02 -0.164682E-02 +0.000000E+00 +0.221561E-03 +0.000000E+00 +0.000000E+00
 +0.110366E+01 -0.103520E+03 +0.168363E+03 -0.464075E+02 +0.402454E+02 +0.576935E+01 +0.000000E+00 +0.000000E+00 +0.243424E-02 -0.164641E-02 +0.000000E+00 +0.219235E-03 +0.000000E+00 +0.000000E+00
 +0.110366E+01 -0.103530E+03 +0.168396E+03 -0.463620E+02 +0.402713E+02 +0.570986E+01 +0.000000E+00 +0.000000E+00 +0.243437E-02 -0.164603E-02 +0.000000E+00 +0.216975E-03 +0.000000E+00 +0.000000E+00
 +0.110366E+01 -0.103540E+03 +0.168416E+03 -0.463568E+02 +0.402794E+02 +0.567033E+01 +0.000000E+00 +0.000000E+00 +0.243459E-02 -0.164609E-02 +0.000000E+00 +0.215472E-03 +0.000000E+00 +0.000000E+00
 +0.110366E+01 -0.103550E+03 +0.168435E+03 -0.463516E+02 +0.402876E+02 +0.563079E+01 +0.000000E+00 +0.000000E+00 +0.243480E-02 -0.164614E-02 +0.000000E+00 +0.213970E-03 +0.000000E+00 +0.000000E+00
 +0.110366E+01 -0.103560E+03 +0.168455E+03 -0.463463E+02 +0.402957E+02 +0.559126E+01 +0.000000E+00 +0.000000E+00 +0.243502E-02 -0.164620E-02 +0.000000E+00 +0.212468E-03 +0.000000E+00 +0.000000E+00
 +0.110366E+01 -0.103570E+03 +0.168474E+03 -0.463411E+02 +0.403039E+02 +0.555172E+01 +0.000000E+00 +0.000000E+00 +0.243523E-02 -0.164626E-02 +0.000000E+00 +0.210965E-03 +0.000000E+00 +0.000000E+00
 +0.110366E+01 -0.103580E+03 +0.168494E+03 -0.463359E+02 +0.403121E+02 +0.551219E+01 +0.000000E+00 +0.000000E+00 +0.243545E-02 -0.164631E-02 +0.000000E+00 +0.209463E-03 +0.000000E+00 +0.000000E+00
 +0.110366E+01 -0.103590E+03 +0.168513E+03 -0.463307E+02 +0.403202E+02 +0.547266E+01 +0.000000E+00 +0.000000E+00 +0.243567E-02 -0.164637E-02 +0.000000E+00 +0.207961E-03 +0.000000E+00 +0.000000E+00
 +0.110366E+01 -0.103600E+03 +0.168533E+03 -0.463255E+02 +0.403284E+02 +0.543312E+01 +0.000000E+00 +0.000000E+00 +0.243588E-02 -0.164642E-02 +0.000000E+00 +0.206459E-03 +0.000000E+00 +0.000000E+00
 +0.110366E+01 -0.103610E+03 +0.168552E+03 -0.463202E+02 +0.403365E+02 +0.539359E+01 +0.000000E+00 +0.000000E+00 +0.243610E-02 -0.164648E-02 +0.000000E+00 +0.204956E-03 +0.000000E+00 +0.000000E+00
 +0.110366E+01 -0.103620E+03 +0.168572E+03 -0.463150E+02 +0.403447E+02 +0.535405E+01 +0.000000E+00 +0.000000E+00 +0.243631E-02 -0.164653E-02 +0.000000E+00 +0.203454E-03 +0.000000E+00 +0.000000E+00
 +0.110366E+01 -0.103630E+03 +0.168591E+03 -0.463098E+02 +0.403528E+02 +0.531452E+01 +0.000000E+00 +0.000000E+00 +0.243653E-02 -0.164659E-02 +0.000000E+00 +0.201952E-03 +0.000000E+00 +0.000000E+00
 +0.110366E+01 -0.103640E+03 +0.168611E+03 -0.463046E+02 +0.403610E+02 +0.527499E+01 +0.000000E+00 +0.000000E+00 +0.243674E-02 -0.164665E-02 +0.000000E+00 +0.200449E-03 +0.000000E+00 +0.000000E+00
 +0.110366E+01 -0.103650E+03 +0.168630E+03 -0.462994E+02 +0.403692E+02 +0.523545E+01 +0.000000E+00 +0.000000E+00 +0.243696E-02 -0.164670E-02 +0.000000E+00 +0.198947E-03 +0.000000E+00 +0.000000E+00
 +0.110366E+01 -0.103660E+03 +0.168650E+03 -0.462941E+02 +0.403773E+02 +0.519592E+01 +0.000000E+00 +0.000000E+00 +0.243717E-02 -0.164676E-02 +0.000000E+00 +0.197445E-03 +0.000000E+00 +0.000000E+00
 +0.110366E+01 -0.103670E+03 +0.168669E+03 -0.462889E+02 +0.403855E+02 +0.515638E+01 +0.000000E+00 +0.000000E+00 +0.243739E-02 -0.164681E-02 +0.000000E+00 +0.195943E-03 +0.000000E+00 +0.000000E+00
 +0.110366E+01 -0.103680E+03 +0.168689E+03 -0.462837E+02 +0.403936E+02 +0.511685E+01 +0.000000E+00 +0.000000E+00 +0.243761E-02 -0.164687E-02 +0.000000E+00 +0.194440E-03 +0.000000E+00 +0.000000E+00
 +0.110366E+01 -0.103690E+03 +0.168708E+03 -0.462785E+02 +0.404018E+02 +0.507732E+01 +0.000000E+00 +0.000000E+00 +0.243782E-02 -0.164693E-02 +0.000000E+00 +0.192938E-03 +0.000000E+00 +0.000000E+00
 +0.110366E+01 -0.103700E+03 +0.168728E+03 -0.462733E+02 +0.404100E+02 +0.503778E+01 +0.000000E+00 +0.000000E+00 +0.243804E-02 -0.164698E-02 +0.000000E+00 +0.191436E-03 +0.000000E+00 +0.000000E+00
 +0.110366E+01 -0.103710E+03 +0.168745E+03 -0.462619E+02 +0.404195E+02 +0.499725E+01 +0.000000E+00 +0.000000E+00 +0.243819E-02 -0.164695E-02 +0.000000E+00 +0.189896E-03 +0.000000E+00 +0.000000E+00
 +0.110366E+01 -0.103720E+03 +0.168752E+03 -0.462203E+02 +0.404356E+02 +0.495182E+01 +0.000000E+00 +0.000000E+00 +0.243802E-02 -0.164646E-02 +0.000000E+00 +0.188169E-03 +0.000000E+00 +0.000000E+00
 +0.110366E+01 -0.103730E+03 +0.168760E+03 -0.461787E+02 +0.404517E+02 +0.490639E+01 +0.000000E+00 +0.000000E+00 +0.243785E-02 -0.164598E-02 +0.000000E+00 +0.186443E-03 +0.000000E+00 +0.000000E+00
 +0.110366E+01 -0.103740E+03 +0.168767E+03 -0.461371E+02 +0.404678E+02 +0.486096E+01 +0.000000E+00 +0.000000E+00 +0.243768E-02 -0.164549E-02 +0.000000E+00 +0.184716E-03 +0.000000E+00 +0.000000E+00
 +0.110366E+01 -0.103750E+03 +0.168774E+03 -0.460955E+02 +0.404839E+02 +0.481552E+01 +0.000000E+00 +0.000000E+00 +0.243751E-02 -0.164501E-02 +0.000000E+00 +0.182990E-03 +0.000000E+00 +0.000000E+00
 +0.110366E+01 -0.103760E+03 +0.168781E+03 -0.460539E+02 +0.405000E+02 +0.477009E+01 +0.000000E+00 +0.000000E+00 +0.243734E-02 -0.164452E-02 +0.000000E+00 +0.181263E-03 +0.000000E+00 +0.000000E+00
 +0.110366E+01 -0.103770E+03 +0.168789E+03 -0.460123E+02 +0.405162E+02 +0.472466E+01 +0.000000E+00 +0.000000E+00 +0.243717E-02 -0.164404E-02 +0.000000E+00 +0.179537E-03 +0.000000E+00 +0.000000E+00
 +0.110366E+01 -0.103780E+03 +0.168796E+03 -0.459707E+02 +0.405323E+02 +0.467923E+01 +0.000000E+00 +0.000000E+00 +0.243701E-02 -0.164356E-02 +0.000000E+00 +0.177811E-03 +0.000000E+00 +0.000000E+00
 +0.110366E+01 -0.103790E+03 +0.168803E+03 -0.459290E+02 +0.405484E+02 +0.463379E+01 +0.000000E+00 +0.000000E+00 +0.243684E-02 -0.164307E-02 +0.000000E+00 +0.176084E-03 +0.000000E+00 +0.000000E+00
 +0.110366E+01 -0.103800E+03 +0.168810E+03 -0.458874E+02 +0.405645E+02 +0.458836E+01 +0.000000E+00 +0.000000E+00 +0.243667E-02 -0.164259E-02 +0.000000E+00 +0.174358E-03 +0.000000E+00 +0.000000E+00
 +0.110366E+01 -0.103810E+03 +0.168817E+03 -0.458458E+02 +0.405806E+02 +0.454293E+01 +0.000000E+00 +0.000000E+00 +0.243650E-02 -0.164210E-02 +0.000000E+00 +0.172631E-03 +0.000000E+00 +0.000000E+00
 +0.110366E+01 -0.103820E+03 +0.168825E+03 -0.458042E+02 +0.405967E+02 +0.449749E+01 +0.000000E+00 +0.000000E+00 +0.243633E-02 -0.164162E-02 +0.000000E+00 +0.170905E-03 +0.000000E+00 +0.000000E+00
 +0.110366E+01 -0.103830E+03 +0.168832E+03 -0.457626E+02 +0.406129E+02 +0.445206E+01 +0.000000E+00 +0.000000E+00 +0.243616E-02 -0.164113E-02 +0.000000E+00 +0.169178E-03 +0.000000E+00 +0.000000E+00
 +0.110366E+01 -0.103840E+03 +0.168839E+03 -0.457210E+02 +0.406290E+02 +0.440663E+01 +0.000000E+00 +0.000000E+00 +0.243599E-02 -0.164065E-02 +0.000000E+00 +0.167452E-03 +0.000000E+00 +0.000000E+00
 +0.110366E+01 -0.103850E+03 +0.168846E+03 -0.456794E+02 +0.406451E+02 +0.436120E+01 +0.000000E+00 +0.000000E+00 +0.243582E-02 -0.164017E-02 +0.000000E+00 +0.165725E-03 +0.000000E+00 +0.000000E+00
 +0.110366E+01 -0.103860E+03 +0.168854E+03 -0.456378E+02 +0.406612E+02 +0.431576E+01 +0.000000E+00 +0.000000E+00 +0.243565E-02 -0.163968E-02 +0.000000E+00 +0.163999E-03 +0.000000E+00 +0.000000E+00
 +0.110366E+01 -0.103870E+03 +0.168872E+03 -0.455917E+02 +0.406825E+02 +0.428512E+01 +0.000000E+00 +0.000000E+00 +0.243560E-02 -0.163921E-02 +0.000000E+00 +0.162835E-03 +0.000000E+00 +0.000000E+00
 +0.110366E+01 -0.103880E+03 +0.168896E+03 -0.455430E+02 +0.407066E+02 +0.426281E+01 +0.000000E+00 +0.000000E+00 +0.243561E-02 -0.163874E-02 +0.000000E+00 +0.161987E-03 +0.000000E+00 +0.000000E+00
 +0.110366E+01 -0.103890E+03 +0.168921E+03 -0.454944E+02 +0.407308E+02 +0.424050E+01 +0.000000E+00 +0.000000E+00 +0.243561E-02 -0.163828E-02 +0.000000E+00 +0.161139E-03 +0.000000E+00 +0.000000E+00
 +0.110366E+01 -0.103900E+03 +0.168946E+03 -0.454457E+02 +0.407550E+02 +0.421819E+01 +0.000000E+00 +0.000000E+00 +0.243562E-02 -0.163781E-02 +0.000000E+00 +0.160291E-03 +0.000000E+00 +0.000000E+00
 +0.110366E+01 -0.103910E+03 +0.168970E+03 -0.453970E+02 +0.407792E+02 +0.419587E+01 +0.000000E+00 +0.000000E+00 +0.243563E-02 -0.163735E-02 +0.000000E+00 +0.159443E-03 +0.000000E+00 +0.000000E+00
 +0.110366E+01 -0.103920E+03 +0.168995E+03 -0.453484E+02 +0.408033E+02 +0.417356E+01 +0.000000E+00 +0.000000E+00 +0.243564E-02 -0.163688E-02 +0.000000E+00 +0.158595E-03 +0.000000E+00 +0.000000E+00
 +0.110366E+01 -0.103930E+03 +0.169019E+03 -0.452997E+02 +0.408275E+02 +0.415125E+01 +0.000000E+00 +0.000000E+00 +0.243565E-02 -0.163642E-02 +0.000000E+00 +0.157748E-03 +0.000000E+00 +0.000000E+00
 +0.110366E+01 -0.103940E+03 +0.169044E+03 -0.452511E+02 +0.408517E+02 +0.412894E+01 +0.000000E+00 +0.000000E+00 +0.243565E-02 -0.163595E-02 +0.000000E+00 +0.156900E-03 +0.000000E+00 +0.000000E+00
 +0.110366E+01 -0.103950E+03 +0.169069E+03 -0.452024E+02 +0.408758E+02 +0.410663E+01 +0.000000E+00 +0.000000E+00 +0.243566E-02 -0.163549E-02 +0.000000E+00 +0.156052E-03 +0.000000E+00 +0.000000E+00
 +0.110366E+01 -0.103960E+03 +0.169093E+03 -0.451538E+02 +0.409000E+02 +0.408431E+01 +0.000000E+00 +0.000000E+00 +0.243567E-02 -0.163502E-02 +0.000000E+00 +0.155204E-03 +0.000000E+00 +0.000000E+00
 +0.110366E+01 -0.103970E+03 +0.169118E+03 -0.451051E+02 +0.409242E+02 +0.406200E+01 +0.000000E+00 +0.000000E+00 +0.243568E-02 -0.163456E-02 +0.000000E+00 +0.154356E-03 +0.000000E+00 +0.000000E+00
 +0.110366E+01 -0.103980E+03 +0.169142E+03 -0.450565E+02 +0.409484E+02 +0.403969E+01 +0.000000E+00 +0.000000E+00 +0.243569E-02 -0.163409E-02 +0.000000E+00 +0.153508E-03 +0.000000E+00 +0.000000E+00
 +0.110366E+01 -0.103990E+03 +0.169167E+03 -0.450078E+02 +0.409725E+02 +0.401738E+01 +0.000000E+00 +0.000000E+00 +0.243569E-02 -0.163363E-02 +0.000000E+00 +0.152660E-03 +0.000000E+00 +0.000000E+00
 +0.110366E+01 -0.104000E+03 +0.169192E+03 -0.449591E+02 +0.409967E+02 +0.399507E+01 +0.000000E+00 +0.000000E+00 +0.243570E-02 -0.163316E-02 +0.000000E+00 +0.151813E-03 +0.000000E+00 +0.000000E+00
 +0.110366E+01 -0.104010E+03 +0.169216E+03 -0.449105E+02 +0.410209E+02 +0.397275E+01 +0.000000E+00 +0.000000E+00 +0.243571E-02 -0.163270E-02 +0.000000E+00 +0.150965E-03 +0.000000E+00 +0.000000E+00
 +0.110366E+01 -0.104020E+03 +0.169241E+03 -0.448618E+02 +0.410451E+02 +0.395044E+01 +0.000000E+00 +0.000000E+00 +0.243572E-02 -0.163223E-02 +0.000000E+00 +0.150117E-03 +0.000000E+00 +0.000000E+00
 +0.110366E+01 -0.104030E+03 +0.169265E+03 -0.448132E+02 +0.410692E+02 +0.392813E+01 +0.000000E+00 +0.000000E+00 +0.243573E-02 -0.163177E-02 +0.000000E+00 +0.149269E-03 +0.000000E+00 +0.000000E+00
 +0.110366E+01 -0.104040E+03 +0.169290E+03 -0.447645E+02 +0.410934E+02 +0.390582E+01 +0.000000E+00 +0.000000E+00 +0.243573E-02 -0.163130E-02 +0.000000E+00 +0.148421E-03 +0.000000E+00 +0.000000E+00
 +0.110366E+01 -0.104050E+03 +0.169315E+03 -0.447159E+02 +0.411176E+02 +0.388351E+01 +0.000000E+00 +0.000000E+00 +0.243574E-02 -0.163084E-02 +0.000000E+00 +0.147573E-03 +0.000000E+00 +0.000000E+00
 +0.110366E+01 -0.104060E+03 +0.169339E+03 -0.446672E+02 +0.411417E+02 +0.386119E+01 +0.000000E+00 +0.000000E+00 +0.243575E-02 -0.163037E-02 +0.000000E+00 +0.146725E-03 +0.000000E+00 +0.000000E+00
 +0.110366E+01 -0.104070E+03 +0.169364E+03 -0.446186E+02 +0.411659E+02 +0.383888E+01 +0.000000E+00 +0.000000E+00 +0.243576E-02 -0.162990E-02 +0.000000E+00 +0.145878E-03 +0.000000E+00 +0.000000E+00
 +0.110366E+01 -0.104080E+03 +0.169388E+03 -0.445699E+02 +0.411901E+02 +0.381657E+01 +0.000000E+00 +0.000000E+00 +0.243577E-02 -0.162944E-02 +0.000000E+00 +0.145030E-03 +0.000000E+00 +0.000000E+00
 +0.110366E+01 -0.104090E+03 +0.169413E+03 -0.445212E+02 +0.412143E+02 +0.379426E+01 +0.000000E+00 +0.000000E+00 +0.243577E-02 -0.162897E-02 +0.000000E+00 +0.144182E-03 +0.000000E+00 +0.000000E+00
 +0.110366E+01 -0.104100E+03 +0.169438E+03 -0.444726E+02 +0.412384E+02 +0.377195E+01 +0.000000E+00 +0.000000E+00 +0.243578E-02 -0.162851E-02 +0.000000E+00 +0.143334E-03 +0.000000E+00 +0.000000E+00
 +0.110366E+01 -0.104110E+03 +0.169462E+03 -0.444239E+02 +0.412626E+02 +0.374963E+01 +0.000000E+00 +0.000000E+00 +0.243579E-02 -0.162804E-02 +0.000000E+00 +0.142486E-03 +0.000000E+00 +0.000000E+00
 +0.110366E+01 -0.104120E+03 +0.169487E+03 -0.443753E+02 +0.412868E+02 +0.372732E+01 +0.000000E+00 +0.000000E+00 +0.243580E-02 -0.162758E-02 +0.000000E+00 +0.141638E-03 +0.000000E+00 +0.000000E+00
 +0.110366E+01 -0.104130E+03 +0.169511E+03 -0.443266E+02 +0.413109E+02 +0.370501E+01 +0.000000E+00 +0.000000E+00 +0.243581E-02 -0.162711E-02 +0.000000E+00 +0.140790E-03 +0.000000E+00 +0.000000E+00
 +0.110366E+01 -0.104140E+03 +0.169536E+03 -0.442780E+02 +0.413351E+02 +0.368270E+01 +0.000000E+00 +0.000000E+00 +0.243581E-02 -0.162665E-02 +0.000000E+00 +0.139943E-03 +0.000000E+00 +0.000000E+00
 +0.110366E+01 -0.104150E+03 +0.169560E+03 -0.442293E+02 +0.413593E+02 +0.366039E+01 +0.000000E+00 +0.000000E+00 +0.243582E-02 -0.162618E-02 +0.000000E+00 +0.139095E-03 +0.000000E+00 +0.000000E+00
 +0.110366E+01 -0.104160E+03 +0.169585E+03 -0.441807E+02 +0.413835E+02 +0.363807E+01 +0.000000E+00 +0.000000E+00 +0.243583E-02 -0.162572E-02 +0.000000E+00 +0.138247E-03 +0.000000E+00 +0.000000E+00
 +0.110366E+01 -0.104170E+03 +0.169610E+03 -0.441320E+02 +0.414076E+02 +0.361576E+01 +0.000000E+00 +0.000000E+00 +0.243584E-02 -0.162525E-02 +0.000000E+00 +0.137399E-03 +0.000000E+00 +0.000000E+00
 +0.110366E+01 -0.104180E+03 +0.169634E+03 -0.440833E+02 +0.414318E+02 +0.359345E+01 +0.000000E+00 +0.000000E+00 +0.243585E-02 -0.162479E-02 +0.000000E+00 +0.136551E-03 +0.000000E+00 +0.000000E+00
 +0.110366E+01 -0.104190E+03 +0.169659E+03 -0.440347E+02 +0.414560E+02 +0.357114E+01 +0.000000E+00 +0.000000E+00 +0.243585E-02 -0.162432E-02 +0.000000E+00 +0.135703E-03 +0.000000E+00 +0.000000E+00
 +0.110366E+01 -0.104200E+03 +0.169683E+03 -0.439860E+02 +0.414801E+02 +0.354883E+01 +0.000000E+00 +0.000000E+00 +0.243586E-02 -0.162386E-02 +0.000000E+00 +0.134855E-03 +0.000000E+00 +0.000000E+00
 +0.110366E+01 -0.104210E+03 +0.169708E+03 -0.439374E+02 +0.415043E+02 +0.352651E+01 +0.000000E+00 +0.000000E+00 +0.243587E-02 -0.162339E-02 +0.000000E+00 +0.134008E-03 +0.000000E+00 +0.000000E+00
 +0.110366E+01 -0.104220E+03 +0.169733E+03 -0.438887E+02 +0.415285E+02 +0.350420E+01 +0.000000E+00 +0.000000E+00 +0.243588E-02 -0.162293E-02 +0.000000E+00 +0.133160E-03 +0.000000E+00 +0.000000E+00
 +0.110366E+01 -0.104230E+03 +0.169757E+03 -0.438401E+02 +0.415527E+02 +0.348189E+01 +0.000000E+00 +0.000000E+00 +0.243589E-02 -0.162246E-02 +0.000000E+00 +0.132312E-03 +0.000000E+00 +0.000000E+00
 +0.110366E+01 -0.104240E+03 +0.169782E+03 -0.437914E+02 +0.415768E+02 +0.345958E+01 +0.000000E+00 +0.000000E+00 +0.243589E-02 -0.162200E-02 +0.000000E+00 +0.131464E-03 +0.000000E+00 +0.000000E+00
 +0.110366E+01 -0.104250E+03 +0.169806E+03 -0.437428E+02 +0.416010E+02 +0.343727E+01 +0.000000E+00 +0.000000E+00 +0.243590E-02 -0.162153E-02 +0.000000E+00 +0.130616E-03 +0.000000E+00 +0.000000E+00
 +0.110366E+01 -0.104260E+03 +0.169828E+03 -0.436913E+02 +0.416249E+02 +0.341717E+01 +0.000000E+00 +0.000000E+00 +0.243585E-02 -0.162101E-02 +0.000000E+00 +0.129852E-03 +0.000000E+00 +0.000000E+00
 +0.110366E+01 -0.104270E+03 +0.169842E+03 -0.436463E+02 +0.416445E+02 +0.339659E+01 +0.000000E+00 +0.000000E+00 +0.243575E-02 -0.162053E-02 +0.000000E+00 +0.129071E-03 +0.000000E+00 +0.000000E+00
 +0.110366E+01 -0.104280E+03 +0.169856E+03 -0.436013E+02 +0.416641E+02 +0.337602E+01 +0.000000E+00 +0.000000E+00 +0.243565E-02 -0.162004E-02 +0.000000E+00 +0.128289E-03 +0.000000E+00 +0.000000E+00
 +0.110366E+01 -0.104290E+03 +0.169871E+03 -0.435563E+02 +0.416837E+02 +0.335545E+01 +0.000000E+00 +0.000000E+00 +0.243555E-02 -0.161956E-02 +0.000000E+00 +0.127507E-03 +0.000000E+00 +0.000000E+00
 +0.110366E+01 -0.104300E+03 +0.169885E+03 -0.435113E+02 +0.417033E+02 +0.333488E+01 +0.000000E+00 +0.000000E+00 +0.243545E-02 -0.161908E-02 +0.000000E+00 +0.126725E-03 +0.000000E+00 +0.000000E+00
 +0.110366E+01 -0.104310E+03 +0.169899E+03 -0.434664E+02 +0.417229E+02 +0.331431E+01 +0.000000E+00 +0.000000E+00 +0.243535E-02 -0.161860E-02 +0.000000E+00 +0.125944E-03 +0.000000E+00 +0.000000E+00
 +0.110366E+01 -0.104320E+03 +0.169914E+03 -0.434214E+02 +0.417425E+02 +0.329374E+01 +0.000000E+00 +0.000000E+00 +0.243525E-02 -0.161811E-02 +0.000000E+00 +0.125162E-03 +0.000000E+00 +0.000000E+00
 +0.110366E+01 -0.104330E+03 +0.169928E+03 -0.433764E+02 +0.417620E+02 +0.327317E+01 +0.000000E+00 +0.000000E+00 +0.243515E-02 -0.161763E-02 +0.000000E+00 +0.124380E-03 +0.000000E+00 +0.000000E+00
 +0.110366E+01 -0.104340E+03 +0.169942E+03 -0.433314E+02 +0.417816E+02 +0.325260E+01 +0.000000E+00 +0.000000E+00 +0.243505E-02 -0.161715E-02 +0.000000E+00 +0.123599E-03 +0.000000E+00 +0.000000E+00
 +0.110366E+01 -0.104350E+03 +0.169957E+03 -0.432864E+02 +0.418012E+02 +0.323202E+01 +0.000000E+00 +0.000000E+00 +0.243495E-02 -0.161666E-02 +0.000000E+00 +0.122817E-03 +0.000000E+00 +0.000000E+00
 +0.110366E+01 -0.104360E+03 +0.169971E+03 -0.432414E+02 +0.418208E+02 +0.321145E+01 +0.000000E+00 +0.000000E+00 +0.243486E-02 -0.161618E-02 +0.000000E+00 +0.122035E-03 +0.000000E+00 +0.000000E+00
 +0.110366E+01 -0.104370E+03 +0.169985E+03 -0.431964E+02 +0.418404E+02 +0.319088E+01 +0.000000E+00 +0.000000E+00 +0.243476E-02 -0.161570E-02 +0.000000E+00 +0.121254E-03 +0.000000E+00 +0.000000E+00
 +0.110366E+01 -0.104380E+03 +0.170000E+03 -0.431514E+02 +0.418600E+02 +0.317031E+01 +0.000000E+00 +0.000000E+00 +0.243466E-02 -0.161522E-02 +0.000000E+00 +0.120472E-03 +0.000000E+00 +0.000000E+00
 +0.110366E+01 -0.104390E+03 +0.170014E+03 -0.431064E+02 +0.418796E+02 +0.314974E+01 +0.000000E+00 +0.000000E+00 +0.243456E-02 -0.161473E-02 +0.000000E+00 +0.119690E-03 +0.000000E+00 +0.000000E+00
 +0.110366E+01 -0.104400E+03 +0.170029E+03 -0.430614E+02 +0.418992E+02 +0.312917E+01 +0.000000E+00 +0.000000E+00 +0.243446E-02 -0.161425E-02 +0.000000E+00 +0.118908E-03 +0.000000E+00 +0.000000E+00
 +0.110366E+01 -0.104410E+03 +0.170043E+03 -0.430164E+02 +0.419187E+02 +0.310860E+01 +0.000000E+00 +0.000000E+00 +0.243436E-02 -0.161377E-02 +0.000000E+00 +0.118127E-03 +0.000000E+00 +0.000000E+00
 +0.110366E+01 -0.104420E+03 +0.170057E+03 -0.429714E+02 +0.419383E+02 +0.308803E+01 +0.000000E+00 +0.000000E+00 +0.243426E-02 -0.161329E-02 +0.000000E+00 +0.117345E-03 +0.000000E+00 +0.000000E+00
 +0.110366E+01 -0.104430E+03 +0.170072E+03 -0.429264E+02 +0.419579E+02 +0.306745E+01 +0.000000E+00 +0.000000E+00 +0.243416E-02 -0.161280E-02 +0.000000E+00 +0.116563E-03 +0.000000E+00 +0.000000E+00
 +0.110366E+01 -0.104440E+03 +0.170086E+03 -0.428814E+02 +0.419775E+02 +0.304688E+01 +0.000000E+00 +0.000000E+00 +0.243406E-02 -0.161232E-02 +0.000000E+00 +0.115782E-03 +0.000000E+00 +0.000000E+00
 +0.110366E+01 -0.104450E+03 +0.170100E+03 -0.428364E+02 +0.419971E+02 +0.302631E+01 +0.000000E+00 +0.000000E+00 +0.243396E-02 -0.161184E-02 +0.000000E+00 +0.115000E-03 +0.000000E+00 +0.000000E+00
 +0.110366E+01 -0.104460E+03 +0.170115E+03 -0.427914E+02 +0.420167E+02 +0.300574E+01 +0.000000E+00 +0.000000E+00 +0.243386E-02 -0.161135E-02 +0.000000E+00 +0.114218E-03 +0.000000E+00 +0.000000E+00
 +0.110366E+01 -0.104470E+03 +0.170129E+03 -0.427464E+02 +0.420363E+02 +0.298517E+01 +0.000000E+00 +0.000000E+00 +0.243376E-02 -0.161087E-02 +0.000000E+00 +0.113436E-03 +0.000000E+00 +0.000000E+00
 +0.110366E+01 -0.104480E+03 +0.170143E+03 -0.427014E+02 +0.420559E+02 +0.296460E+01 +0.000000E+00 +0.000000E+00 +0.243366E-02 -0.161039E-02 +0.000000E+00 +0.112655E-03 +0.000000E+00 +0.000000E+00
 +0.110366E+01 -0.104490E+03 +0.170158E+03 -0.426564E+02 +0.420754E+02 +0.294403E+01 +0.000000E+00 +0.000000E+00 +0.243356E-02 -0.160991E-02 +0.000000E+00 +0.111873E-03 +0.000000E+00 +0.000000E+00
 +0.110366E+01 -0.104500E+03 +0.170172E+03 -0.426114E+02 +0.420950E+02 +0.292345E+01 +0.000000E+00 +0.000000E+00 +0.243347E-02 -0.160942E-02 +0.000000E+00 +0.111091E-03 +0.000000E+00 +0.000000E+00
 +0.110366E+01 -0.104510E+03 +0.170186E+03 -0.425665E+02 +0.421146E+02 +0.290288E+01 +0.000000E+00 +0.000000E+00 +0.243337E-02 -0.160894E-02 +0.000000E+00 +0.110310E-03 +0.000000E+00 +0.000000E+00
 +0.110366E+01 -0.104520E+03 +0.170201E+03 -0.425215E+02 +0.421342E+02 +0.288231E+01 +0.000000E+00 +0.000000E+00 +0.243327E-02 -0.160846E-02 +0.000000E+00 +0.109528E-03 +0.000000E+00 +0.000000E+00
 +0.110366E+01 -0.104530E+03 +0.170215E+03 -0.424765E+02 +0.421538E+02 +0.286174E+01 +0.000000E+00 +0.000000E+00 +0.243317E-02 -0.160797E-02 +0.000000E+00 +0.108746E-03 +0.000000E+00 +0.000000E+00
 +0.110366E+01 -0.104540E+03 +0.170230E+03 -0.424315E+02 +0.421734E+02 +0.284117E+01 +0.000000E+00 +0.000000E+00 +0.243307E-02 -0.160749E-02 +0.000000E+00 +0.107964E-03 +0.000000E+00 +0.000000E+00
 +0.110366E+01 -0.104550E+03 +0.170244E+03 -0.423865E+02 +0.421930E+02 +0.282060E+01 +0.000000E+00 +0.000000E+00 +0.243297E-02 -0.160701E-02 +0.000000E+00 +0.107183E-03 +0.000000E+00 +0.000000E+00
 +0.110366E+01 -0.104560E+03 +0.170258E+03 -0.423415E+02 +0.422125E+02 +0.280003E+01 +0.000000E+00 +0.000000E+00 +0.243287E-02 -0.160653E-02 +0.000000E+00 +0.106401E-03 +0.000000E+00 +0.000000E+00
 +0.110366E+01 -0.104570E+03 +0.170273E+03 -0.422965E+02 +0.422321E+02 +0.277946E+01 +0.000000E+00 +0.000000E+00 +0.243277E-02 -0.160604E-02 +0.000000E+00 +0.105619E-03 +0.000000E+00 +0.000000E+00
 +0.110366E+01 -0.104580E+03 +0.170287E+03 -0.422515E+02 +0.422517E+02 +0.275888E+01 +0.000000E+00 +0.000000E+00 +0.243267E-02 -0.160556E-02 +0.000000E+00 +0.104838E-03 +0.000000E+00 +0.000000E+00
 +0.110366E+01 -0.104590E+03 +0.170301E+03 -0.422065E+02 +0.422713E+02 +0.273831E+01 +0.000000E+00 +0.000000E+00 +0.243257E-02 -0.160508E-02 +0.000000E+00 +0.104056E-03 +0.000000E+00 +0.000000E+00
 +0.110366E+01 -0.104600E+03 +0.170316E+03 -0.421615E+02 +0.422909E+02 +0.271774E+01 +0.000000E+00 +0.000000E+00 +0.243247E-02 -0.160460E-02 +0.000000E+00 +0.103274E-03 +0.000000E+00 +0.000000E+00
 +0.110366E+01 -0.104610E+03 +0.170330E+03 -0.421165E+02 +0.423105E+02 +0.269717E+01 +0.000000E+00 +0.000000E+00 +0.243237E-02 -0.160411E-02 +0.000000E+00 +0.102492E-03 +0.000000E+00 +0.000000E+00
 +0.110366E+01 -0.104620E+03 +0.170344E+03 -0.420715E+02 +0.423301E+02 +0.267660E+01 +0.000000E+00 +0.000000E+00 +0.243227E-02 -0.160363E-02 +0.000000E+00 +0.101711E-03 +0.000000E+00 +0.000000E+00
 +0.110366E+01 -0.104630E+03 +0.170359E+03 -0.420265E+02 +0.423497E+02 +0.265603E+01 +0.000000E+00 +0.000000E+00 +0.243217E-02 -0.160315E-02 +0.000000E+00 +0.100929E-03 +0.000000E+00 +0.000000E+00
 +0.110366E+01 -0.104640E+03 +0.170373E+03 -0.419815E+02 +0.423692E+02 +0.263546E+01 +0.000000E+00 +0.000000E+00 +0.243207E-02 -0.160266E-02 +0.000000E+00 +0.100147E-03 +0.000000E+00 +0.000000E+00
 +0.110366E+01 -0.104650E+03 +0.170388E+03 -0.419365E+02 +0.423888E+02 +0.261488E+01 +0.000000E+00 +0.000000E+00 +0.243198E-02 -0.160218E-02 +0.000000E+00 +0.993656E-04 +0.000000E+00 +0.000000E+00
 +0.110366E+01 -0.104660E+03 +0.170402E+03 -0.418915E+02 +0.424084E+02 +0.259431E+01 +0.000000E+00 +0.000000E+00 +0.243188E-02 -0.160170E-02 +0.000000E+00 +0.985839E-04 +0.000000E+00 +0.000000E+00
 +0.110366E+01 -0.104670E+03 +0.170416E+03 -0.418465E+02 +0.424280E+02 +0.257374E+01 +0.000000E+00 +0.000000E+00 +0.243178E-02 -0.160122E-02 +0.000000E+00 +0.978022E-04 +0.000000E+00 +0.000000E+00
 +0.110366E+01 -0.104680E+03 +0.170431E+03 -0.418015E+02 +0.424476E+02 +0.255317E+01 +0.000000E+00 +0.000000E+00 +0.243168E-02 -0.160073E-02 +0.000000E+00 +0.970205E-04 +0.000000E+00 +0.000000E+00
 +0.110366E+01 -0.104690E+03 +0.170445E+03 -0.417565E+02 +0.424672E+02 +0.253260E+01 +0.000000E+00 +0.000000E+00 +0.243158E-02 -0.160025E-02 +0.000000E+00 +0.962388E-04 +0.000000E+00 +0.000000E+00
 +0.110366E+01 -0.104700E+03 +0.170459E+03 -0.417116E+02 +0.424868E+02 +0.251203E+01 +0.000000E+00 +0.000000E+00 +0.243148E-02 -0.159977E-02 +0.000000E+00 +0.954571E-04 +0.000000E+00 +0.000000E+00
 +0.110366E+01 -0.104710E+03 +0.170474E+03 -0.416666E+02 +0.425064E+02 +0.249146E+01 +0.000000E+00 +0.000000E+00 +0.243138E-02 -0.159929E-02 +0.000000E+00 +0.946754E-04 +0.000000E+00 +0.000000E+00
 +0.110366E+01 -0.104720E+03 +0.170488E+03 -0.416216E+02 +0.425259E+02 +0.247089E+01 +0.000000E+00 +0.000000E+00 +0.243128E-02 -0.159880E-02 +0.000000E+00 +0.938936E-04 +0.000000E+00 +0.000000E+00
 +0.110366E+01 -0.104730E+03 +0.170502E+03 -0.415920E+02 +0.425404E+02 +0.245236E+01 +0.000000E+00 +0.000000E+00 +0.243128E-02 -0.159851E-02 +0.000000E+00 +0.931896E-04 +0.000000E+00 +0.000000E+00
 +0.110366E+01 -0.104740E+03 +0.170516E+03 -0.415773E+02 +0.425499E+02 +0.243582E+01 +0.000000E+00 +0.000000E+00 +0.243136E-02 -0.159842E-02 +0.000000E+00 +0.925613E-04 +0.000000E+00 +0.000000E+00
 +0.110366E+01 -0.104750E+03 +0.170530E+03 -0.415627E+02 +0.425593E+02 +0.241929E+01 +0.000000E+00 +0.000000E+00 +0.243145E-02 -0.159832E-02 +0.000000E+00 +0.919329E-04 +0.000000E+00 +0.000000E+00
 +0.110366E+01 -0.104760E+03 +0.170544E+03 -0.415481E+02 +0.425688E+02 +0.240275E+01 +0.000000E+00 +0.000000E+00 +0.243154E-02 -0.159822E-02 +0.000000E+00 +0.913045E-04 +0.000000E+00 +0.000000E+00
 +0.110366E+01 -0.104770E+03 +0.170558E+03 -0.415334E+02 +0.425782E+02 +0.238622E+01 +0.000000E+00 +0.000000E+00 +0.243162E-02 -0.159812E-02 +0.000000E+00 +0.906762E-04 +0.000000E+00 +0.000000E+00
 +0.110366E+01 -0.104780E+03 +0.170572E+03 -0.415188E+02 +0.425877E+02 +0.236968E+01 +0.000000E+00 +0.000000E+00 +0.243171E-02 -0.159802E-02 +0.000000E+00 +0.900478E-04 +0.000000E+00 +0.000000E+00
 +0.110366E+01 -0.104790E+03 +0.170586E+03 -0.415042E+02 +0.425972E+02 +0.235314E+01 +0.000000E+00 +0.000000E+00 +0.243180E-02 -0.159793E-02 +0.000000E+00 +0.894194E-04 +0.000000E+00 +0.000000E+00
 +0.110366E+01 -0.104800E+03 +0.170601E+03 -0.414895E+02 +0.426066E+02 +0.233661E+01 +0.000000E+00 +0.000000E+00 +0.243188E-02 -0.159783E-02 +0.000000E+00 +0.887911E-04 +0.000000E+00 +0.000000E+00
 +0.110366E+01 -0.104810E+03 +0.170615E+03 -0.414749E+02 +0.426161E+02 +0.232007E+01 +0.000000E+00 +0.000000E+00 +0.243197E-02 -0.159773E-02 +0.000000E+00 +0.881627E-04 +0.000000E+00 +0.000000E+00
 +0.110366E+01 -0.104820E+03 +0.170629E+03 -0.414603E+02 +0.426256E+02 +0.230354E+01 +0.000000E+00 +0.000000E+00 +0.243206E-02 -0.159763E-02 +0.000000E+00 +0.875344E-04 +0.000000E+00 +0.000000E+00
 +0.110366E+01 -0.104830E+03 +0.170643E+03 -0.414456E+02 +0.426350E+02 +0.228700E+01 +0.000000E+00 +0.000000E+00 +0.243215E-02 -0.159753E-02 +0.000000E+00 +0.869060E-04 +0.000000E+00 +0.000000E+00
 +0.110366E+01 -0.104840E+03 +0.170657E+03 -0.414310E+02 +0.426445E+02 +0.227046E+01 +0.000000E+00 +0.000000E+00 +0.243223E-02 -0.159743E-02 +0.000000E+00 +0.862776E-04 +0.000000E+00 +0.000000E+00
 +0.110366E+01 -0.104850E+03 +0.170671E+03 -0.414164E+02 +0.426539E+02 +0.225393E+01 +0.000000E+00 +0.000000E+00 +0.243232E-02 -0.159734E-02 +0.000000E+00 +0.856493E-04 +0.000000E+00 +0.000000E+00
 +0.110366E+01 -0.104860E+03 +0.170685E+03 -0.414018E+02 +0.426634E+02 +0.223739E+01 +0.000000E+00 +0.000000E+00 +0.243241E-02 -0.159724E-02 +0.000000E+00 +0.850209E-04 +0.000000E+00 +0.000000E+00
 +0.110366E+01 -0.104870E+03 +0.170699E+03 -0.413871E+02 +0.426729E+02 +0.222086E+01 +0.000000E+00 +0.000000E+00 +0.243249E-02 -0.159714E-02 +0.000000E+00 +0.843925E-04 +0.000000E+00 +0.000000E+00
 +0.110366E+01 -0.104880E+03 +0.170713E+03 -0.413725E+02 +0.426823E+02 +0.220432E+01 +0.000000E+00 +0.000000E+00 +0.243258E-02 -0.159704E-02 +0.000000E+00 +0.837642E-04 +0.000000E+00 +0.000000E+00
 +0.110366E+01 -0.104890E+03 +0.170727E+03 -0.413579E+02 +0.426918E+02 +0.218778E+01 +0.000000E+00 +0.000000E+00 +0.243267E-02 -0.159694E-02 +0.000000E+00 +0.831358E-04 +0.000000E+00 +0.000000E+00
 +0.110366E+01 -0.104900E+03 +0.170741E+03 -0.413432E+02 +0.427012E+02 +0.217125E+01 +0.000000E+00 +0.000000E+00 +0.243275E-02 -0.159685E-02 +0.000000E+00 +0.825075E-04 +0.000000E+00 +0.000000E+00
 +0.110366E+01 -0.104910E+03 +0.170755E+03 -0.413286E+02 +0.427107E+02 +0.215471E+01 +0.000000E+00 +0.000000E+00 +0.243284E-02 -0.159675E-02 +0.000000E+00 +0.818791E-04 +0.000000E+00 +0.000000E+00
 +0.110366E+01 -0.104920E+03 +0.170769E+03 -0.413140E+02 +0.427202E+02 +0.213818E+01 +0.000000E+00 +0.000000E+00 +0.243293E-02 -0.159665E-02 +0.000000E+00 +0.812507E-04 +0.000000E+00 +0.000000E+00
 +0.110366E+01 -0.104930E+03 +0.170783E+03 -0.412993E+02 +0.427296E+02 +0.212164E+01 +0.000000E+00 +0.000000E+00 +0.243302E-02 -0.159655E-02 +0.000000E+00 +0.806224E-04 +0.000000E+00 +0.000000E+00
 +0.110366E+01 -0.104940E+03 +0.170797E+03 -0.412847E+02 +0.427391E+02 +0.210511E+01 +0.000000E+00 +0.000000E+00 +0.243310E-02 -0.159645E-02 +0.000000E+00 +0.799940E-04 +0.000000E+00 +0.000000E+00
 +0.110366E+01 -0.104950E+03 +0.170811E+03 -0.412701E+02 +0.427486E+02 +0.208857E+01 +0.000000E+00 +0.000000E+00 +0.243319E-02 -0.159635E-02 +0.000000E+00 +0.793656E-04 +0.000000E+00 +0.000000E+00
 +0.110366E+01 -0.104960E+03 +0.170825E+03 -0.412543E+02 +0.427583E+02 +0.207191E+01 +0.000000E+00 +0.000000E+00 +0.243326E-02 -0.159624E-02 +0.000000E+00 +0.787326E-04 +0.000000E+00 +0.000000E+00
 +0.110366E+01 -0.104970E+03 +0.170831E+03 -0.412128E+02 +0.427741E+02 +0.205259E+01 +0.000000E+00 +0.000000E+00 +0.243309E-02 -0.159575E-02 +0.000000E+00 +0.779983E-04 +0.000000E+00 +0.000000E+00
 +0.110366E+01 -0.104980E+03 +0.170838E+03 -0.411713E+02 +0.427899E+02 +0.203327E+01 +0.000000E+00 +0.000000E+00 +0.243291E-02 -0.159526E-02 +0.000000E+00 +0.772641E-04 +0.000000E+00 +0.000000E+00
 +0.110366E+01 -0.104990E+03 +0.170844E+03 -0.411298E+02 +0.428056E+02 +0.201394E+01 +0.000000E+00 +0.000000E+00 +0.243273E-02 -0.159477E-02 +0.000000E+00 +0.765298E-04 +0.000000E+00 +0.000000E+00
