%X Y s_xx s_yy s_zz s_xy s_xz s_yz e_xx e_yy e_zz e_xy e_xz e_yz
 +0.130720E+01 -0.100000E+03 +0.420101E+03 -0.851581E+01 +0.135823E+03 -0.546401E+01 +0.000000E+00 +0.000000E+00 +0.540127E-02 -0.274244E-02 +0.000000E+00 -0.207632E-03 +0.000000E+00 +0.000000E+00
 +0.130720E+01 -0.100010E+03 +0.403565E+03 -0.288484E+01 +0.132224E+03 -0.927527E+01 +0.000000E+00 +0.000000E+00 +0.515547E-02 -0.256708E-02 +0.000000E+00 -0.352460E-03 +0.000000E+00 +0.000000E+00
 +0.130720E+01 -0.100020E+03 +0.387002E+03 +0.262165E+01 +0.128576E+03 -0.130579E+02 +0.000000E+00 +0.000000E+00 +0.491010E-02 -0.239313E-02 +0.000000E+00 -0.496200E-03 +0.000000E+00 +0.000000E+00
 +0.130720E+01 -0.100030E+03 +0.369062E+03 +0.183508E+01 +0.122396E+03 -0.153922E+02 +0.000000E+00 +0.000000E+00 +0.468665E-02 -0.229066E-02 +0.000000E+00 -0.584904E-03 +0.000000E+00 +0.000000E+00
 +0.130720E+01 -0.100040E+03 +0.351305E+03 +0.104660E+01 +0.116276E+03 -0.176436E+02 +0.000000E+00 +0.000000E+00 +0.446555E-02 -0.218936E-02 +0.000000E+00 -0.670457E-03 +0.000000E+00 +0.000000E+00
 +0.130720E+01 -0.100050E+03 +0.338103E+03 +0.210789E+00 +0.111644E+03 -0.178408E+02 +0.000000E+00 +0.000000E+00 +0.430274E-02 -0.211723E-02 +0.000000E+00 -0.677951E-03 +0.000000E+00 +0.000000E+00
 +0.130720E+01 -0.100060E+03 +0.325054E+03 -0.623462E+00 +0.107062E+03 -0.180088E+02 +0.000000E+00 +0.000000E+00 +0.414185E-02 -0.204602E-02 +0.000000E+00 -0.684334E-03 +0.000000E+00 +0.000000E+00
 +0.130720E+01 -0.100070E+03 +0.314458E+03 -0.143240E+01 +0.103299E+03 -0.177032E+02 +0.000000E+00 +0.000000E+00 +0.401203E-02 -0.198989E-02 +0.000000E+00 -0.672722E-03 +0.000000E+00 +0.000000E+00
 +0.130720E+01 -0.100080E+03 +0.303997E+03 -0.223972E+01 +0.995799E+02 -0.173735E+02 +0.000000E+00 +0.000000E+00 +0.388392E-02 -0.193457E-02 +0.000000E+00 -0.660194E-03 +0.000000E+00 +0.000000E+00
 +0.130720E+01 -0.100090E+03 +0.295136E+03 -0.302787E+01 +0.963955E+02 -0.167571E+02 +0.000000E+00 +0.000000E+00 +0.377606E-02 -0.188904E-02 +0.000000E+00 -0.636770E-03 +0.000000E+00 +0.000000E+00
 +0.130720E+01 -0.100100E+03 +0.286397E+03 -0.381468E+01 +0.932522E+02 -0.161240E+02 +0.000000E+00 +0.000000E+00 +0.366975E-02 -0.184427E-02 +0.000000E+00 -0.612712E-03 +0.000000E+00 +0.000000E+00
 +0.130720E+01 -0.100110E+03 +0.278805E+03 -0.458901E+01 +0.904914E+02 -0.153357E+02 +0.000000E+00 +0.000000E+00 +0.357796E-02 -0.180653E-02 +0.000000E+00 -0.582757E-03 +0.000000E+00 +0.000000E+00
 +0.130720E+01 -0.100120E+03 +0.271328E+03 -0.536250E+01 +0.877685E+02 -0.145345E+02 +0.000000E+00 +0.000000E+00 +0.348762E-02 -0.176949E-02 +0.000000E+00 -0.552311E-03 +0.000000E+00 +0.000000E+00
 +0.130720E+01 -0.100130E+03 +0.264717E+03 -0.612961E+01 +0.853339E+02 -0.136354E+02 +0.000000E+00 +0.000000E+00 +0.340828E-02 -0.173781E-02 +0.000000E+00 -0.518145E-03 +0.000000E+00 +0.000000E+00
 +0.130720E+01 -0.100140E+03 +0.258214E+03 -0.689633E+01 +0.829349E+02 -0.127269E+02 +0.000000E+00 +0.000000E+00 +0.333031E-02 -0.170679E-02 +0.000000E+00 -0.483623E-03 +0.000000E+00 +0.000000E+00
 +0.130720E+01 -0.100150E+03 +0.252394E+03 -0.766053E+01 +0.807620E+02 -0.117589E+02 +0.000000E+00 +0.000000E+00 +0.326101E-02 -0.168003E-02 +0.000000E+00 -0.446838E-03 +0.000000E+00 +0.000000E+00
 +0.130720E+01 -0.100160E+03 +0.246675E+03 -0.842471E+01 +0.786226E+02 -0.107843E+02 +0.000000E+00 +0.000000E+00 +0.319299E-02 -0.165390E-02 +0.000000E+00 -0.409805E-03 +0.000000E+00 +0.000000E+00
 +0.130720E+01 -0.100170E+03 +0.241508E+03 -0.918874E+01 +0.766654E+02 -0.977428E+01 +0.000000E+00 +0.000000E+00 +0.313201E-02 -0.163123E-02 +0.000000E+00 -0.371423E-03 +0.000000E+00 +0.000000E+00
 +0.130720E+01 -0.100180E+03 +0.236438E+03 -0.995299E+01 +0.747400E+02 -0.876029E+01 +0.000000E+00 +0.000000E+00 +0.307226E-02 -0.160917E-02 +0.000000E+00 -0.332891E-03 +0.000000E+00 +0.000000E+00
 +0.130720E+01 -0.100190E+03 +0.231824E+03 -0.107183E+02 +0.729648E+02 -0.772770E+01 +0.000000E+00 +0.000000E+00 +0.301832E-02 -0.158998E-02 +0.000000E+00 -0.293653E-03 +0.000000E+00 +0.000000E+00
 +0.130720E+01 -0.100200E+03 +0.227301E+03 -0.114839E+02 +0.712198E+02 -0.669350E+01 +0.000000E+00 +0.000000E+00 +0.296555E-02 -0.157137E-02 +0.000000E+00 -0.254353E-03 +0.000000E+00 +0.000000E+00
 +0.130720E+01 -0.100210E+03 +0.223161E+03 -0.122510E+02 +0.696004E+02 -0.565258E+01 +0.000000E+00 +0.000000E+00 +0.291766E-02 -0.155518E-02 +0.000000E+00 -0.214798E-03 +0.000000E+00 +0.000000E+00
 +0.130720E+01 -0.100220E+03 +0.219109E+03 -0.130184E+02 +0.680100E+02 -0.461218E+01 +0.000000E+00 +0.000000E+00 +0.287089E-02 -0.153954E-02 +0.000000E+00 -0.175263E-03 +0.000000E+00 +0.000000E+00
 +0.130720E+01 -0.100230E+03 +0.215381E+03 -0.137871E+02 +0.665261E+02 -0.357368E+01 +0.000000E+00 +0.000000E+00 +0.282825E-02 -0.152595E-02 +0.000000E+00 -0.135800E-03 +0.000000E+00 +0.000000E+00
 +0.130720E+01 -0.100240E+03 +0.211738E+03 -0.145561E+02 +0.650700E+02 -0.253766E+01 +0.000000E+00 +0.000000E+00 +0.278669E-02 -0.151290E-02 +0.000000E+00 -0.964311E-04 +0.000000E+00 +0.000000E+00
 +0.130720E+01 -0.100250E+03 +0.208372E+03 -0.153258E+02 +0.637052E+02 -0.150980E+01 +0.000000E+00 +0.000000E+00 +0.274867E-02 -0.150159E-02 +0.000000E+00 -0.573723E-04 +0.000000E+00 +0.000000E+00
 +0.130720E+01 -0.100260E+03 +0.205087E+03 -0.160956E+02 +0.623672E+02 -0.486209E+00 +0.000000E+00 +0.000000E+00 +0.271168E-02 -0.149079E-02 +0.000000E+00 -0.184759E-04 +0.000000E+00 +0.000000E+00
 +0.130720E+01 -0.100270E+03 +0.202042E+03 -0.168656E+02 +0.611081E+02 +0.524703E+00 +0.000000E+00 +0.000000E+00 +0.267774E-02 -0.148150E-02 +0.000000E+00 +0.199387E-04 +0.000000E+00 +0.000000E+00
 +0.130720E+01 -0.100280E+03 +0.199073E+03 -0.176352E+02 +0.598746E+02 +0.152969E+01 +0.000000E+00 +0.000000E+00 +0.264478E-02 -0.147269E-02 +0.000000E+00 +0.581282E-04 +0.000000E+00 +0.000000E+00
 +0.130720E+01 -0.100290E+03 +0.196313E+03 -0.184042E+02 +0.587100E+02 +0.251879E+01 +0.000000E+00 +0.000000E+00 +0.261446E-02 -0.146517E-02 +0.000000E+00 +0.957140E-04 +0.000000E+00 +0.000000E+00
 +0.130720E+01 -0.100300E+03 +0.193627E+03 -0.191725E+02 +0.575700E+02 +0.350046E+01 +0.000000E+00 +0.000000E+00 +0.258509E-02 -0.145811E-02 +0.000000E+00 +0.133017E-03 +0.000000E+00 +0.000000E+00
 +0.130720E+01 -0.100310E+03 +0.191122E+03 -0.199393E+02 +0.564904E+02 +0.446403E+01 +0.000000E+00 +0.000000E+00 +0.255801E-02 -0.145216E-02 +0.000000E+00 +0.169633E-03 +0.000000E+00 +0.000000E+00
 +0.130720E+01 -0.100320E+03 +0.188689E+03 -0.207050E+02 +0.554346E+02 +0.541880E+01 +0.000000E+00 +0.000000E+00 +0.253183E-02 -0.144665E-02 +0.000000E+00 +0.205915E-03 +0.000000E+00 +0.000000E+00
 +0.130720E+01 -0.100330E+03 +0.186413E+03 -0.214684E+02 +0.544318E+02 +0.635405E+01 +0.000000E+00 +0.000000E+00 +0.250765E-02 -0.144210E-02 +0.000000E+00 +0.241454E-03 +0.000000E+00 +0.000000E+00
 +0.130720E+01 -0.100340E+03 +0.184206E+03 -0.222303E+02 +0.534520E+02 +0.727927E+01 +0.000000E+00 +0.000000E+00 +0.248433E-02 -0.143796E-02 +0.000000E+00 +0.276612E-03 +0.000000E+00 +0.000000E+00
 +0.130720E+01 -0.100350E+03 +0.182138E+03 -0.229890E+02 +0.525191E+02 +0.818413E+01 +0.000000E+00 +0.000000E+00 +0.246275E-02 -0.143465E-02 +0.000000E+00 +0.310997E-03 +0.000000E+00 +0.000000E+00
 +0.130720E+01 -0.100360E+03 +0.180135E+03 -0.237456E+02 +0.516085E+02 +0.907788E+01 +0.000000E+00 +0.000000E+00 +0.244200E-02 -0.143173E-02 +0.000000E+00 +0.344959E-03 +0.000000E+00 +0.000000E+00
 +0.130720E+01 -0.100370E+03 +0.178254E+03 -0.244984E+02 +0.507394E+02 +0.995090E+01 +0.000000E+00 +0.000000E+00 +0.242278E-02 -0.142952E-02 +0.000000E+00 +0.378134E-03 +0.000000E+00 +0.000000E+00
 +0.130720E+01 -0.100380E+03 +0.176436E+03 -0.252486E+02 +0.498918E+02 +0.108118E+02 +0.000000E+00 +0.000000E+00 +0.240434E-02 -0.142767E-02 +0.000000E+00 +0.410850E-03 +0.000000E+00 +0.000000E+00
 +0.130720E+01 -0.100390E+03 +0.174725E+03 -0.259943E+02 +0.490812E+02 +0.116521E+02 +0.000000E+00 +0.000000E+00 +0.238724E-02 -0.142643E-02 +0.000000E+00 +0.442779E-03 +0.000000E+00 +0.000000E+00
 +0.130720E+01 -0.100400E+03 +0.173074E+03 -0.267369E+02 +0.482914E+02 +0.124794E+02 +0.000000E+00 +0.000000E+00 +0.237088E-02 -0.142554E-02 +0.000000E+00 +0.474217E-03 +0.000000E+00 +0.000000E+00
 +0.130720E+01 -0.100410E+03 +0.171518E+03 -0.274745E+02 +0.475344E+02 +0.132863E+02 +0.000000E+00 +0.000000E+00 +0.235569E-02 -0.142517E-02 +0.000000E+00 +0.504879E-03 +0.000000E+00 +0.000000E+00
 +0.130720E+01 -0.100420E+03 +0.170020E+03 -0.282084E+02 +0.467977E+02 +0.140795E+02 +0.000000E+00 +0.000000E+00 +0.234122E-02 -0.142512E-02 +0.000000E+00 +0.535021E-03 +0.000000E+00 +0.000000E+00
 +0.130720E+01 -0.100430E+03 +0.168604E+03 -0.289369E+02 +0.460903E+02 +0.148528E+02 +0.000000E+00 +0.000000E+00 +0.232777E-02 -0.142552E-02 +0.000000E+00 +0.564408E-03 +0.000000E+00 +0.000000E+00
 +0.130720E+01 -0.100440E+03 +0.167244E+03 -0.296610E+02 +0.454024E+02 +0.156119E+02 +0.000000E+00 +0.000000E+00 +0.231499E-02 -0.142620E-02 +0.000000E+00 +0.593252E-03 +0.000000E+00 +0.000000E+00
 +0.130720E+01 -0.100450E+03 +0.165957E+03 -0.303795E+02 +0.447407E+02 +0.163517E+02 +0.000000E+00 +0.000000E+00 +0.230312E-02 -0.142728E-02 +0.000000E+00 +0.621365E-03 +0.000000E+00 +0.000000E+00
 +0.130720E+01 -0.100460E+03 +0.164723E+03 -0.310931E+02 +0.440979E+02 +0.170767E+02 +0.000000E+00 +0.000000E+00 +0.229188E-02 -0.142863E-02 +0.000000E+00 +0.648915E-03 +0.000000E+00 +0.000000E+00
 +0.130720E+01 -0.100470E+03 +0.163554E+03 -0.318007E+02 +0.434786E+02 +0.177833E+02 +0.000000E+00 +0.000000E+00 +0.228143E-02 -0.143031E-02 +0.000000E+00 +0.675765E-03 +0.000000E+00 +0.000000E+00
 +0.130720E+01 -0.100480E+03 +0.162435E+03 -0.325029E+02 +0.428776E+02 +0.184746E+02 +0.000000E+00 +0.000000E+00 +0.227159E-02 -0.143223E-02 +0.000000E+00 +0.702035E-03 +0.000000E+00 +0.000000E+00
 +0.130720E+01 -0.100490E+03 +0.161373E+03 -0.331989E+02 +0.422976E+02 +0.191484E+02 +0.000000E+00 +0.000000E+00 +0.226244E-02 -0.143443E-02 +0.000000E+00 +0.727638E-03 +0.000000E+00 +0.000000E+00
 +0.130720E+01 -0.100500E+03 +0.160360E+03 -0.338890E+02 +0.417353E+02 +0.198065E+02 +0.000000E+00 +0.000000E+00 +0.225386E-02 -0.143686E-02 +0.000000E+00 +0.752648E-03 +0.000000E+00 +0.000000E+00
 +0.130720E+01 -0.100510E+03 +0.159397E+03 -0.345729E+02 +0.411918E+02 +0.204481E+02 +0.000000E+00 +0.000000E+00 +0.224589E-02 -0.143953E-02 +0.000000E+00 +0.777027E-03 +0.000000E+00 +0.000000E+00
 +0.130720E+01 -0.100520E+03 +0.158479E+03 -0.352504E+02 +0.406655E+02 +0.210737E+02 +0.000000E+00 +0.000000E+00 +0.223846E-02 -0.144240E-02 +0.000000E+00 +0.800802E-03 +0.000000E+00 +0.000000E+00
 +0.130720E+01 -0.100530E+03 +0.157607E+03 -0.359216E+02 +0.401561E+02 +0.216838E+02 +0.000000E+00 +0.000000E+00 +0.223156E-02 -0.144548E-02 +0.000000E+00 +0.823984E-03 +0.000000E+00 +0.000000E+00
 +0.130720E+01 -0.100540E+03 +0.156778E+03 -0.365859E+02 +0.396632E+02 +0.222777E+02 +0.000000E+00 +0.000000E+00 +0.222517E-02 -0.144873E-02 +0.000000E+00 +0.846553E-03 +0.000000E+00 +0.000000E+00
 +0.130720E+01 -0.100550E+03 +0.155988E+03 -0.372440E+02 +0.391855E+02 +0.228570E+02 +0.000000E+00 +0.000000E+00 +0.221925E-02 -0.145216E-02 +0.000000E+00 +0.868565E-03 +0.000000E+00 +0.000000E+00
 +0.130720E+01 -0.100560E+03 +0.155240E+03 -0.378947E+02 +0.387239E+02 +0.234200E+02 +0.000000E+00 +0.000000E+00 +0.221380E-02 -0.145575E-02 +0.000000E+00 +0.889960E-03 +0.000000E+00 +0.000000E+00
 +0.130720E+01 -0.100570E+03 +0.154527E+03 -0.385393E+02 +0.382758E+02 +0.239694E+02 +0.000000E+00 +0.000000E+00 +0.220876E-02 -0.145949E-02 +0.000000E+00 +0.910836E-03 +0.000000E+00 +0.000000E+00
 +0.130720E+01 -0.100580E+03 +0.153853E+03 -0.391761E+02 +0.378433E+02 +0.245024E+02 +0.000000E+00 +0.000000E+00 +0.220418E-02 -0.146337E-02 +0.000000E+00 +0.931091E-03 +0.000000E+00 +0.000000E+00
 +0.130720E+01 -0.100590E+03 +0.153210E+03 -0.398069E+02 +0.374229E+02 +0.250227E+02 +0.000000E+00 +0.000000E+00 +0.219995E-02 -0.146737E-02 +0.000000E+00 +0.950863E-03 +0.000000E+00 +0.000000E+00
 +0.130720E+01 -0.100600E+03 +0.152604E+03 -0.404296E+02 +0.370176E+02 +0.255267E+02 +0.000000E+00 +0.000000E+00 +0.219614E-02 -0.147150E-02 +0.000000E+00 +0.970013E-03 +0.000000E+00 +0.000000E+00
 +0.130720E+01 -0.100610E+03 +0.152026E+03 -0.410464E+02 +0.366231E+02 +0.260189E+02 +0.000000E+00 +0.000000E+00 +0.219265E-02 -0.147572E-02 +0.000000E+00 +0.988717E-03 +0.000000E+00 +0.000000E+00
 +0.130720E+01 -0.100620E+03 +0.151483E+03 -0.416547E+02 +0.362433E+02 +0.264947E+02 +0.000000E+00 +0.000000E+00 +0.218955E-02 -0.148006E-02 +0.000000E+00 +0.100680E-02 +0.000000E+00 +0.000000E+00
 +0.130720E+01 -0.100630E+03 +0.150964E+03 -0.422573E+02 +0.358732E+02 +0.269597E+02 +0.000000E+00 +0.000000E+00 +0.218672E-02 -0.148448E-02 +0.000000E+00 +0.102447E-02 +0.000000E+00 +0.000000E+00
 +0.130720E+01 -0.100640E+03 +0.150479E+03 -0.428511E+02 +0.355172E+02 +0.274084E+02 +0.000000E+00 +0.000000E+00 +0.218427E-02 -0.148900E-02 +0.000000E+00 +0.104152E-02 +0.000000E+00 +0.000000E+00
 +0.130720E+01 -0.100650E+03 +0.150015E+03 -0.434395E+02 +0.351698E+02 +0.278471E+02 +0.000000E+00 +0.000000E+00 +0.218205E-02 -0.149358E-02 +0.000000E+00 +0.105819E-02 +0.000000E+00 +0.000000E+00
 +0.130720E+01 -0.100660E+03 +0.149583E+03 -0.440188E+02 +0.348362E+02 +0.282697E+02 +0.000000E+00 +0.000000E+00 +0.218019E-02 -0.149824E-02 +0.000000E+00 +0.107425E-02 +0.000000E+00 +0.000000E+00
 +0.130720E+01 -0.100670E+03 +0.149169E+03 -0.445928E+02 +0.345103E+02 +0.286831E+02 +0.000000E+00 +0.000000E+00 +0.217852E-02 -0.150296E-02 +0.000000E+00 +0.108996E-02 +0.000000E+00 +0.000000E+00
 +0.130720E+01 -0.100680E+03 +0.148787E+03 -0.451574E+02 +0.341976E+02 +0.290804E+02 +0.000000E+00 +0.000000E+00 +0.217719E-02 -0.150775E-02 +0.000000E+00 +0.110506E-02 +0.000000E+00 +0.000000E+00
 +0.130720E+01 -0.100690E+03 +0.148420E+03 -0.457172E+02 +0.338918E+02 +0.294694E+02 +0.000000E+00 +0.000000E+00 +0.217603E-02 -0.151257E-02 +0.000000E+00 +0.111984E-02 +0.000000E+00 +0.000000E+00
 +0.130720E+01 -0.100700E+03 +0.148082E+03 -0.462672E+02 +0.335989E+02 +0.298425E+02 +0.000000E+00 +0.000000E+00 +0.217518E-02 -0.151746E-02 +0.000000E+00 +0.113402E-02 +0.000000E+00 +0.000000E+00
 +0.130720E+01 -0.100710E+03 +0.147758E+03 -0.468126E+02 +0.333120E+02 +0.302081E+02 +0.000000E+00 +0.000000E+00 +0.217448E-02 -0.152237E-02 +0.000000E+00 +0.114791E-02 +0.000000E+00 +0.000000E+00
 +0.130720E+01 -0.100720E+03 +0.147462E+03 -0.473481E+02 +0.330376E+02 +0.305579E+02 +0.000000E+00 +0.000000E+00 +0.217407E-02 -0.152733E-02 +0.000000E+00 +0.116120E-02 +0.000000E+00 +0.000000E+00
 +0.130720E+01 -0.100730E+03 +0.147178E+03 -0.478793E+02 +0.327686E+02 +0.309009E+02 +0.000000E+00 +0.000000E+00 +0.217378E-02 -0.153231E-02 +0.000000E+00 +0.117423E-02 +0.000000E+00 +0.000000E+00
 +0.130720E+01 -0.100740E+03 +0.146920E+03 -0.484003E+02 +0.325116E+02 +0.312283E+02 +0.000000E+00 +0.000000E+00 +0.217377E-02 -0.153733E-02 +0.000000E+00 +0.118667E-02 +0.000000E+00 +0.000000E+00
 +0.130720E+01 -0.100750E+03 +0.146673E+03 -0.489173E+02 +0.322594E+02 +0.315496E+02 +0.000000E+00 +0.000000E+00 +0.217386E-02 -0.154236E-02 +0.000000E+00 +0.119888E-02 +0.000000E+00 +0.000000E+00
 +0.130720E+01 -0.100760E+03 +0.146451E+03 -0.494239E+02 +0.320189E+02 +0.318555E+02 +0.000000E+00 +0.000000E+00 +0.217421E-02 -0.154741E-02 +0.000000E+00 +0.121051E-02 +0.000000E+00 +0.000000E+00
 +0.130720E+01 -0.100770E+03 +0.146237E+03 -0.499269E+02 +0.317825E+02 +0.321560E+02 +0.000000E+00 +0.000000E+00 +0.217464E-02 -0.155248E-02 +0.000000E+00 +0.122193E-02 +0.000000E+00 +0.000000E+00
 +0.130720E+01 -0.100780E+03 +0.146048E+03 -0.504194E+02 +0.315574E+02 +0.324414E+02 +0.000000E+00 +0.000000E+00 +0.217532E-02 -0.155756E-02 +0.000000E+00 +0.123277E-02 +0.000000E+00 +0.000000E+00
 +0.130720E+01 -0.100790E+03 +0.145866E+03 -0.509084E+02 +0.313359E+02 +0.327219E+02 +0.000000E+00 +0.000000E+00 +0.217607E-02 -0.156264E-02 +0.000000E+00 +0.124343E-02 +0.000000E+00 +0.000000E+00
 +0.130720E+01 -0.100800E+03 +0.145706E+03 -0.513868E+02 +0.311254E+02 +0.329875E+02 +0.000000E+00 +0.000000E+00 +0.217704E-02 -0.156773E-02 +0.000000E+00 +0.125353E-02 +0.000000E+00 +0.000000E+00
 +0.130720E+01 -0.100810E+03 +0.145553E+03 -0.518621E+02 +0.309181E+02 +0.332488E+02 +0.000000E+00 +0.000000E+00 +0.217807E-02 -0.157282E-02 +0.000000E+00 +0.126346E-02 +0.000000E+00 +0.000000E+00
 +0.130720E+01 -0.100820E+03 +0.145422E+03 -0.523266E+02 +0.307214E+02 +0.334956E+02 +0.000000E+00 +0.000000E+00 +0.217931E-02 -0.157791E-02 +0.000000E+00 +0.127283E-02 +0.000000E+00 +0.000000E+00
 +0.130720E+01 -0.100830E+03 +0.145296E+03 -0.527883E+02 +0.305274E+02 +0.337385E+02 +0.000000E+00 +0.000000E+00 +0.218059E-02 -0.158300E-02 +0.000000E+00 +0.128206E-02 +0.000000E+00 +0.000000E+00
 +0.130720E+01 -0.100840E+03 +0.145190E+03 -0.532391E+02 +0.303436E+02 +0.339671E+02 +0.000000E+00 +0.000000E+00 +0.218207E-02 -0.158807E-02 +0.000000E+00 +0.129075E-02 +0.000000E+00 +0.000000E+00
 +0.130720E+01 -0.100850E+03 +0.145088E+03 -0.536875E+02 +0.301622E+02 +0.341925E+02 +0.000000E+00 +0.000000E+00 +0.218359E-02 -0.159314E-02 +0.000000E+00 +0.129931E-02 +0.000000E+00 +0.000000E+00
 +0.130720E+01 -0.100860E+03 +0.145006E+03 -0.541248E+02 +0.299907E+02 +0.344037E+02 +0.000000E+00 +0.000000E+00 +0.218529E-02 -0.159820E-02 +0.000000E+00 +0.130734E-02 +0.000000E+00 +0.000000E+00
 +0.130720E+01 -0.100870E+03 +0.144927E+03 -0.545599E+02 +0.298213E+02 +0.346122E+02 +0.000000E+00 +0.000000E+00 +0.218702E-02 -0.160324E-02 +0.000000E+00 +0.131526E-02 +0.000000E+00 +0.000000E+00
 +0.130720E+01 -0.100880E+03 +0.144867E+03 -0.549840E+02 +0.296614E+02 +0.348069E+02 +0.000000E+00 +0.000000E+00 +0.218891E-02 -0.160826E-02 +0.000000E+00 +0.132266E-02 +0.000000E+00 +0.000000E+00
 +0.130720E+01 -0.100890E+03 +0.144810E+03 -0.554062E+02 +0.295032E+02 +0.349992E+02 +0.000000E+00 +0.000000E+00 +0.219082E-02 -0.161328E-02 +0.000000E+00 +0.132997E-02 +0.000000E+00 +0.000000E+00
 +0.130720E+01 -0.100900E+03 +0.144769E+03 -0.558172E+02 +0.293543E+02 +0.351780E+02 +0.000000E+00 +0.000000E+00 +0.219289E-02 -0.161826E-02 +0.000000E+00 +0.133676E-02 +0.000000E+00 +0.000000E+00
 +0.130720E+01 -0.100910E+03 +0.144732E+03 -0.562266E+02 +0.292067E+02 +0.353549E+02 +0.000000E+00 +0.000000E+00 +0.219498E-02 -0.162323E-02 +0.000000E+00 +0.134348E-02 +0.000000E+00 +0.000000E+00
 +0.130720E+01 -0.100920E+03 +0.144710E+03 -0.566248E+02 +0.290682E+02 +0.355185E+02 +0.000000E+00 +0.000000E+00 +0.219720E-02 -0.162817E-02 +0.000000E+00 +0.134970E-02 +0.000000E+00 +0.000000E+00
 +0.130720E+01 -0.100930E+03 +0.144691E+03 -0.570216E+02 +0.289307E+02 +0.356805E+02 +0.000000E+00 +0.000000E+00 +0.219944E-02 -0.163309E-02 +0.000000E+00 +0.135586E-02 +0.000000E+00 +0.000000E+00
 +0.130720E+01 -0.100940E+03 +0.144686E+03 -0.574072E+02 +0.288020E+02 +0.358296E+02 +0.000000E+00 +0.000000E+00 +0.220180E-02 -0.163798E-02 +0.000000E+00 +0.136153E-02 +0.000000E+00 +0.000000E+00
 +0.130720E+01 -0.100950E+03 +0.144683E+03 -0.577918E+02 +0.286742E+02 +0.359775E+02 +0.000000E+00 +0.000000E+00 +0.220417E-02 -0.164285E-02 +0.000000E+00 +0.136714E-02 +0.000000E+00 +0.000000E+00
 +0.130720E+01 -0.100960E+03 +0.144695E+03 -0.581650E+02 +0.285548E+02 +0.361127E+02 +0.000000E+00 +0.000000E+00 +0.220666E-02 -0.164768E-02 +0.000000E+00 +0.137228E-02 +0.000000E+00 +0.000000E+00
 +0.130720E+01 -0.100970E+03 +0.144707E+03 -0.585375E+02 +0.284360E+02 +0.362470E+02 +0.000000E+00 +0.000000E+00 +0.220915E-02 -0.165250E-02 +0.000000E+00 +0.137739E-02 +0.000000E+00 +0.000000E+00
 +0.130720E+01 -0.100980E+03 +0.144733E+03 -0.588987E+02 +0.283254E+02 +0.363689E+02 +0.000000E+00 +0.000000E+00 +0.221175E-02 -0.165726E-02 +0.000000E+00 +0.138202E-02 +0.000000E+00 +0.000000E+00
 +0.130720E+01 -0.100990E+03 +0.144760E+03 -0.592593E+02 +0.282152E+02 +0.364903E+02 +0.000000E+00 +0.000000E+00 +0.221435E-02 -0.166201E-02 +0.000000E+00 +0.138663E-02 +0.000000E+00 +0.000000E+00
 +0.130720E+01 -0.101000E+03 +0.144799E+03 -0.596086E+02 +0.281129E+02 +0.365996E+02 +0.000000E+00 +0.000000E+00 +0.221704E-02 -0.166671E-02 +0.000000E+00 +0.139078E-02 +0.000000E+00 +0.000000E+00
 +0.130720E+01 -0.101010E+03 +0.144839E+03 -0.599576E+02 +0.280109E+02 +0.367085E+02 +0.000000E+00 +0.000000E+00 +0.221974E-02 -0.167140E-02 +0.000000E+00 +0.139492E-02 +0.000000E+00 +0.000000E+00
 +0.130720E+01 -0.101020E+03 +0.144891E+03 -0.602953E+02 +0.279165E+02 +0.368056E+02 +0.000000E+00 +0.000000E+00 +0.222251E-02 -0.167603E-02 +0.000000E+00 +0.139861E-02 +0.000000E+00 +0.000000E+00
 +0.130720E+01 -0.101030E+03 +0.144943E+03 -0.606329E+02 +0.278223E+02 +0.369026E+02 +0.000000E+00 +0.000000E+00 +0.222529E-02 -0.168065E-02 +0.000000E+00 +0.140230E-02 +0.000000E+00 +0.000000E+00
 +0.130720E+01 -0.101040E+03 +0.145006E+03 -0.609593E+02 +0.277354E+02 +0.369883E+02 +0.000000E+00 +0.000000E+00 +0.222814E-02 -0.168520E-02 +0.000000E+00 +0.140556E-02 +0.000000E+00 +0.000000E+00
 +0.130720E+01 -0.101050E+03 +0.145069E+03 -0.612855E+02 +0.276487E+02 +0.370737E+02 +0.000000E+00 +0.000000E+00 +0.223099E-02 -0.168975E-02 +0.000000E+00 +0.140880E-02 +0.000000E+00 +0.000000E+00
 +0.130720E+01 -0.101060E+03 +0.145143E+03 -0.616011E+02 +0.275687E+02 +0.371486E+02 +0.000000E+00 +0.000000E+00 +0.223391E-02 -0.169423E-02 +0.000000E+00 +0.141165E-02 +0.000000E+00 +0.000000E+00
 +0.130720E+01 -0.101070E+03 +0.145216E+03 -0.619161E+02 +0.274891E+02 +0.372230E+02 +0.000000E+00 +0.000000E+00 +0.223682E-02 -0.169870E-02 +0.000000E+00 +0.141447E-02 +0.000000E+00 +0.000000E+00
 +0.130720E+01 -0.101080E+03 +0.145299E+03 -0.622211E+02 +0.274158E+02 +0.372875E+02 +0.000000E+00 +0.000000E+00 +0.223978E-02 -0.170310E-02 +0.000000E+00 +0.141692E-02 +0.000000E+00 +0.000000E+00
 +0.130720E+01 -0.101090E+03 +0.145383E+03 -0.625253E+02 +0.273429E+02 +0.373513E+02 +0.000000E+00 +0.000000E+00 +0.224275E-02 -0.170749E-02 +0.000000E+00 +0.141935E-02 +0.000000E+00 +0.000000E+00
 +0.130720E+01 -0.101100E+03 +0.145474E+03 -0.628197E+02 +0.272759E+02 +0.374060E+02 +0.000000E+00 +0.000000E+00 +0.224576E-02 -0.171182E-02 +0.000000E+00 +0.142143E-02 +0.000000E+00 +0.000000E+00
 +0.130720E+01 -0.101110E+03 +0.145566E+03 -0.631133E+02 +0.272094E+02 +0.374598E+02 +0.000000E+00 +0.000000E+00 +0.224878E-02 -0.171613E-02 +0.000000E+00 +0.142347E-02 +0.000000E+00 +0.000000E+00
 +0.130720E+01 -0.101120E+03 +0.145665E+03 -0.633976E+02 +0.271483E+02 +0.375049E+02 +0.000000E+00 +0.000000E+00 +0.225182E-02 -0.172037E-02 +0.000000E+00 +0.142519E-02 +0.000000E+00 +0.000000E+00
 +0.130720E+01 -0.101130E+03 +0.145765E+03 -0.636808E+02 +0.270879E+02 +0.375491E+02 +0.000000E+00 +0.000000E+00 +0.225487E-02 -0.172461E-02 +0.000000E+00 +0.142687E-02 +0.000000E+00 +0.000000E+00
 +0.130720E+01 -0.101140E+03 +0.145872E+03 -0.639552E+02 +0.270325E+02 +0.375853E+02 +0.000000E+00 +0.000000E+00 +0.225795E-02 -0.172877E-02 +0.000000E+00 +0.142824E-02 +0.000000E+00 +0.000000E+00
 +0.130720E+01 -0.101150E+03 +0.145979E+03 -0.642282E+02 +0.269779E+02 +0.376204E+02 +0.000000E+00 +0.000000E+00 +0.226103E-02 -0.173292E-02 +0.000000E+00 +0.142957E-02 +0.000000E+00 +0.000000E+00
 +0.130720E+01 -0.101160E+03 +0.146093E+03 -0.644928E+02 +0.269279E+02 +0.376479E+02 +0.000000E+00 +0.000000E+00 +0.226413E-02 -0.173699E-02 +0.000000E+00 +0.143062E-02 +0.000000E+00 +0.000000E+00
 +0.130720E+01 -0.101170E+03 +0.146207E+03 -0.647560E+02 +0.268787E+02 +0.376742E+02 +0.000000E+00 +0.000000E+00 +0.226723E-02 -0.174106E-02 +0.000000E+00 +0.143162E-02 +0.000000E+00 +0.000000E+00
 +0.130720E+01 -0.101180E+03 +0.146326E+03 -0.650111E+02 +0.268339E+02 +0.376935E+02 +0.000000E+00 +0.000000E+00 +0.227035E-02 -0.174505E-02 +0.000000E+00 +0.143235E-02 +0.000000E+00 +0.000000E+00
 +0.130720E+01 -0.101190E+03 +0.146446E+03 -0.652646E+02 +0.267899E+02 +0.377116E+02 +0.000000E+00 +0.000000E+00 +0.227347E-02 -0.174903E-02 +0.000000E+00 +0.143304E-02 +0.000000E+00 +0.000000E+00
 +0.130720E+01 -0.101200E+03 +0.146571E+03 -0.655103E+02 +0.267499E+02 +0.377230E+02 +0.000000E+00 +0.000000E+00 +0.227659E-02 -0.175295E-02 +0.000000E+00 +0.143348E-02 +0.000000E+00 +0.000000E+00
 +0.130720E+01 -0.101210E+03 +0.146696E+03 -0.657544E+02 +0.267108E+02 +0.377331E+02 +0.000000E+00 +0.000000E+00 +0.227973E-02 -0.175684E-02 +0.000000E+00 +0.143386E-02 +0.000000E+00 +0.000000E+00
 +0.130720E+01 -0.101220E+03 +0.146826E+03 -0.659911E+02 +0.266755E+02 +0.377371E+02 +0.000000E+00 +0.000000E+00 +0.228286E-02 -0.176067E-02 +0.000000E+00 +0.143401E-02 +0.000000E+00 +0.000000E+00
 +0.130720E+01 -0.101230E+03 +0.146957E+03 -0.662260E+02 +0.266411E+02 +0.377396E+02 +0.000000E+00 +0.000000E+00 +0.228600E-02 -0.176448E-02 +0.000000E+00 +0.143411E-02 +0.000000E+00 +0.000000E+00
 +0.130720E+01 -0.101240E+03 +0.147091E+03 -0.664538E+02 +0.266103E+02 +0.377365E+02 +0.000000E+00 +0.000000E+00 +0.228913E-02 -0.176822E-02 +0.000000E+00 +0.143399E-02 +0.000000E+00 +0.000000E+00
 +0.130720E+01 -0.101250E+03 +0.147226E+03 -0.666797E+02 +0.265803E+02 +0.377318E+02 +0.000000E+00 +0.000000E+00 +0.229227E-02 -0.177194E-02 +0.000000E+00 +0.143381E-02 +0.000000E+00 +0.000000E+00
 +0.130720E+01 -0.101260E+03 +0.147365E+03 -0.668989E+02 +0.265537E+02 +0.377219E+02 +0.000000E+00 +0.000000E+00 +0.229541E-02 -0.177560E-02 +0.000000E+00 +0.143343E-02 +0.000000E+00 +0.000000E+00
 +0.130720E+01 -0.101270E+03 +0.147504E+03 -0.671160E+02 +0.265279E+02 +0.377103E+02 +0.000000E+00 +0.000000E+00 +0.229854E-02 -0.177924E-02 +0.000000E+00 +0.143299E-02 +0.000000E+00 +0.000000E+00
 +0.130720E+01 -0.101280E+03 +0.147646E+03 -0.673268E+02 +0.265053E+02 +0.376939E+02 +0.000000E+00 +0.000000E+00 +0.230167E-02 -0.178281E-02 +0.000000E+00 +0.143237E-02 +0.000000E+00 +0.000000E+00
 +0.130720E+01 -0.101290E+03 +0.147789E+03 -0.675354E+02 +0.264836E+02 +0.376758E+02 +0.000000E+00 +0.000000E+00 +0.230480E-02 -0.178636E-02 +0.000000E+00 +0.143168E-02 +0.000000E+00 +0.000000E+00
 +0.130720E+01 -0.101300E+03 +0.147934E+03 -0.677378E+02 +0.264647E+02 +0.376532E+02 +0.000000E+00 +0.000000E+00 +0.230791E-02 -0.178985E-02 +0.000000E+00 +0.143082E-02 +0.000000E+00 +0.000000E+00
 +0.130720E+01 -0.101310E+03 +0.148080E+03 -0.679381E+02 +0.264468E+02 +0.376290E+02 +0.000000E+00 +0.000000E+00 +0.231103E-02 -0.179331E-02 +0.000000E+00 +0.142990E-02 +0.000000E+00 +0.000000E+00
 +0.130720E+01 -0.101320E+03 +0.148228E+03 -0.681326E+02 +0.264316E+02 +0.376005E+02 +0.000000E+00 +0.000000E+00 +0.231414E-02 -0.179672E-02 +0.000000E+00 +0.142882E-02 +0.000000E+00 +0.000000E+00
 +0.130720E+01 -0.101330E+03 +0.148377E+03 -0.683247E+02 +0.264173E+02 +0.375703E+02 +0.000000E+00 +0.000000E+00 +0.231724E-02 -0.180010E-02 +0.000000E+00 +0.142767E-02 +0.000000E+00 +0.000000E+00
 +0.130720E+01 -0.101340E+03 +0.148528E+03 -0.685113E+02 +0.264055E+02 +0.375362E+02 +0.000000E+00 +0.000000E+00 +0.232033E-02 -0.180342E-02 +0.000000E+00 +0.142638E-02 +0.000000E+00 +0.000000E+00
 +0.130720E+01 -0.101350E+03 +0.148679E+03 -0.686955E+02 +0.263947E+02 +0.375004E+02 +0.000000E+00 +0.000000E+00 +0.232341E-02 -0.180671E-02 +0.000000E+00 +0.142502E-02 +0.000000E+00 +0.000000E+00
 +0.130720E+01 -0.101360E+03 +0.148832E+03 -0.688745E+02 +0.263861E+02 +0.374610E+02 +0.000000E+00 +0.000000E+00 +0.232648E-02 -0.180995E-02 +0.000000E+00 +0.142352E-02 +0.000000E+00 +0.000000E+00
 +0.130720E+01 -0.101370E+03 +0.148986E+03 -0.690509E+02 +0.263786E+02 +0.374198E+02 +0.000000E+00 +0.000000E+00 +0.232954E-02 -0.181316E-02 +0.000000E+00 +0.142195E-02 +0.000000E+00 +0.000000E+00
 +0.130720E+01 -0.101380E+03 +0.149141E+03 -0.692224E+02 +0.263732E+02 +0.373753E+02 +0.000000E+00 +0.000000E+00 +0.233259E-02 -0.181632E-02 +0.000000E+00 +0.142026E-02 +0.000000E+00 +0.000000E+00
 +0.130720E+01 -0.101390E+03 +0.149297E+03 -0.693914E+02 +0.263688E+02 +0.373291E+02 +0.000000E+00 +0.000000E+00 +0.233563E-02 -0.181944E-02 +0.000000E+00 +0.141851E-02 +0.000000E+00 +0.000000E+00
 +0.130720E+01 -0.101400E+03 +0.149454E+03 -0.695556E+02 +0.263663E+02 +0.372798E+02 +0.000000E+00 +0.000000E+00 +0.233866E-02 -0.182252E-02 +0.000000E+00 +0.141663E-02 +0.000000E+00 +0.000000E+00
 +0.130720E+01 -0.101410E+03 +0.149611E+03 -0.697172E+02 +0.263649E+02 +0.372288E+02 +0.000000E+00 +0.000000E+00 +0.234167E-02 -0.182556E-02 +0.000000E+00 +0.141469E-02 +0.000000E+00 +0.000000E+00
 +0.130720E+01 -0.101420E+03 +0.149769E+03 -0.698744E+02 +0.263652E+02 +0.371749E+02 +0.000000E+00 +0.000000E+00 +0.234467E-02 -0.182855E-02 +0.000000E+00 +0.141265E-02 +0.000000E+00 +0.000000E+00
 +0.130720E+01 -0.101430E+03 +0.149928E+03 -0.700288E+02 +0.263666E+02 +0.371193E+02 +0.000000E+00 +0.000000E+00 +0.234766E-02 -0.183151E-02 +0.000000E+00 +0.141053E-02 +0.000000E+00 +0.000000E+00
 +0.130720E+01 -0.101440E+03 +0.150087E+03 -0.701791E+02 +0.263697E+02 +0.370611E+02 +0.000000E+00 +0.000000E+00 +0.235063E-02 -0.183443E-02 +0.000000E+00 +0.140832E-02 +0.000000E+00 +0.000000E+00
 +0.130720E+01 -0.101450E+03 +0.150247E+03 -0.703266E+02 +0.263737E+02 +0.370011E+02 +0.000000E+00 +0.000000E+00 +0.235359E-02 -0.183731E-02 +0.000000E+00 +0.140604E-02 +0.000000E+00 +0.000000E+00
 +0.130720E+01 -0.101460E+03 +0.150407E+03 -0.704701E+02 +0.263793E+02 +0.369388E+02 +0.000000E+00 +0.000000E+00 +0.235653E-02 -0.184014E-02 +0.000000E+00 +0.140367E-02 +0.000000E+00 +0.000000E+00
 +0.130720E+01 -0.101470E+03 +0.150568E+03 -0.706108E+02 +0.263859E+02 +0.368747E+02 +0.000000E+00 +0.000000E+00 +0.235946E-02 -0.184294E-02 +0.000000E+00 +0.140124E-02 +0.000000E+00 +0.000000E+00
 +0.130720E+01 -0.101480E+03 +0.150729E+03 -0.707478E+02 +0.263939E+02 +0.368085E+02 +0.000000E+00 +0.000000E+00 +0.236237E-02 -0.184569E-02 +0.000000E+00 +0.139872E-02 +0.000000E+00 +0.000000E+00
 +0.130720E+01 -0.101490E+03 +0.150891E+03 -0.708819E+02 +0.264029E+02 +0.367405E+02 +0.000000E+00 +0.000000E+00 +0.236527E-02 -0.184841E-02 +0.000000E+00 +0.139614E-02 +0.000000E+00 +0.000000E+00
 +0.130720E+01 -0.101500E+03 +0.151052E+03 -0.710125E+02 +0.264132E+02 +0.366706E+02 +0.000000E+00 +0.000000E+00 +0.236815E-02 -0.185109E-02 +0.000000E+00 +0.139348E-02 +0.000000E+00 +0.000000E+00
 +0.130720E+01 -0.101510E+03 +0.151214E+03 -0.711401E+02 +0.264245E+02 +0.365989E+02 +0.000000E+00 +0.000000E+00 +0.237101E-02 -0.185373E-02 +0.000000E+00 +0.139076E-02 +0.000000E+00 +0.000000E+00
 +0.130720E+01 -0.101520E+03 +0.151377E+03 -0.712645E+02 +0.264370E+02 +0.365255E+02 +0.000000E+00 +0.000000E+00 +0.237385E-02 -0.185633E-02 +0.000000E+00 +0.138797E-02 +0.000000E+00 +0.000000E+00
 +0.130720E+01 -0.101530E+03 +0.151539E+03 -0.713858E+02 +0.264505E+02 +0.364504E+02 +0.000000E+00 +0.000000E+00 +0.237668E-02 -0.185889E-02 +0.000000E+00 +0.138511E-02 +0.000000E+00 +0.000000E+00
 +0.130720E+01 -0.101540E+03 +0.151701E+03 -0.715042E+02 +0.264651E+02 +0.363736E+02 +0.000000E+00 +0.000000E+00 +0.237949E-02 -0.186142E-02 +0.000000E+00 +0.138220E-02 +0.000000E+00 +0.000000E+00
 +0.130720E+01 -0.101550E+03 +0.151864E+03 -0.716194E+02 +0.264806E+02 +0.362951E+02 +0.000000E+00 +0.000000E+00 +0.238228E-02 -0.186390E-02 +0.000000E+00 +0.137922E-02 +0.000000E+00 +0.000000E+00
 +0.130720E+01 -0.101560E+03 +0.152026E+03 -0.717318E+02 +0.264972E+02 +0.362152E+02 +0.000000E+00 +0.000000E+00 +0.238505E-02 -0.186635E-02 +0.000000E+00 +0.137618E-02 +0.000000E+00 +0.000000E+00
 +0.130720E+01 -0.101570E+03 +0.152189E+03 -0.718412E+02 +0.265147E+02 +0.361337E+02 +0.000000E+00 +0.000000E+00 +0.238781E-02 -0.186876E-02 +0.000000E+00 +0.137308E-02 +0.000000E+00 +0.000000E+00
 +0.130720E+01 -0.101580E+03 +0.152351E+03 -0.719478E+02 +0.265332E+02 +0.360508E+02 +0.000000E+00 +0.000000E+00 +0.239055E-02 -0.187114E-02 +0.000000E+00 +0.136993E-02 +0.000000E+00 +0.000000E+00
 +0.130720E+01 -0.101590E+03 +0.152514E+03 -0.720514E+02 +0.265526E+02 +0.359663E+02 +0.000000E+00 +0.000000E+00 +0.239326E-02 -0.187347E-02 +0.000000E+00 +0.136672E-02 +0.000000E+00 +0.000000E+00
 +0.130720E+01 -0.101600E+03 +0.152676E+03 -0.721524E+02 +0.265728E+02 +0.358806E+02 +0.000000E+00 +0.000000E+00 +0.239596E-02 -0.187578E-02 +0.000000E+00 +0.136346E-02 +0.000000E+00 +0.000000E+00
 +0.130720E+01 -0.101610E+03 +0.152838E+03 -0.722504E+02 +0.265939E+02 +0.357934E+02 +0.000000E+00 +0.000000E+00 +0.239864E-02 -0.187804E-02 +0.000000E+00 +0.136015E-02 +0.000000E+00 +0.000000E+00
 +0.130720E+01 -0.101620E+03 +0.153000E+03 -0.723460E+02 +0.266159E+02 +0.357051E+02 +0.000000E+00 +0.000000E+00 +0.240130E-02 -0.188027E-02 +0.000000E+00 +0.135679E-02 +0.000000E+00 +0.000000E+00
 +0.130720E+01 -0.101630E+03 +0.153162E+03 -0.724384E+02 +0.266387E+02 +0.356152E+02 +0.000000E+00 +0.000000E+00 +0.240394E-02 -0.188247E-02 +0.000000E+00 +0.135338E-02 +0.000000E+00 +0.000000E+00
 +0.130720E+01 -0.101640E+03 +0.153323E+03 -0.725287E+02 +0.266622E+02 +0.355244E+02 +0.000000E+00 +0.000000E+00 +0.240656E-02 -0.188463E-02 +0.000000E+00 +0.134993E-02 +0.000000E+00 +0.000000E+00
 +0.130720E+01 -0.101650E+03 +0.153485E+03 -0.726159E+02 +0.266867E+02 +0.354322E+02 +0.000000E+00 +0.000000E+00 +0.240916E-02 -0.188675E-02 +0.000000E+00 +0.134642E-02 +0.000000E+00 +0.000000E+00
 +0.130720E+01 -0.101660E+03 +0.153646E+03 -0.727010E+02 +0.267117E+02 +0.353390E+02 +0.000000E+00 +0.000000E+00 +0.241174E-02 -0.188884E-02 +0.000000E+00 +0.134288E-02 +0.000000E+00 +0.000000E+00
 +0.130720E+01 -0.101670E+03 +0.153806E+03 -0.727830E+02 +0.267377E+02 +0.352444E+02 +0.000000E+00 +0.000000E+00 +0.241430E-02 -0.189089E-02 +0.000000E+00 +0.133929E-02 +0.000000E+00 +0.000000E+00
 +0.130720E+01 -0.101680E+03 +0.153967E+03 -0.728631E+02 +0.267642E+02 +0.351491E+02 +0.000000E+00 +0.000000E+00 +0.241685E-02 -0.189292E-02 +0.000000E+00 +0.133566E-02 +0.000000E+00 +0.000000E+00
 +0.130720E+01 -0.101690E+03 +0.154127E+03 -0.729400E+02 +0.267916E+02 +0.350523E+02 +0.000000E+00 +0.000000E+00 +0.241937E-02 -0.189490E-02 +0.000000E+00 +0.133199E-02 +0.000000E+00 +0.000000E+00
 +0.130720E+01 -0.101700E+03 +0.154286E+03 -0.730152E+02 +0.268195E+02 +0.349549E+02 +0.000000E+00 +0.000000E+00 +0.242187E-02 -0.189686E-02 +0.000000E+00 +0.132829E-02 +0.000000E+00 +0.000000E+00
 +0.130720E+01 -0.101710E+03 +0.154445E+03 -0.730872E+02 +0.268482E+02 +0.348562E+02 +0.000000E+00 +0.000000E+00 +0.242435E-02 -0.189877E-02 +0.000000E+00 +0.132453E-02 +0.000000E+00 +0.000000E+00
 +0.130720E+01 -0.101720E+03 +0.154604E+03 -0.731577E+02 +0.268774E+02 +0.347568E+02 +0.000000E+00 +0.000000E+00 +0.242681E-02 -0.190067E-02 +0.000000E+00 +0.132076E-02 +0.000000E+00 +0.000000E+00
 +0.130720E+01 -0.101730E+03 +0.154763E+03 -0.732249E+02 +0.269074E+02 +0.346562E+02 +0.000000E+00 +0.000000E+00 +0.242925E-02 -0.190251E-02 +0.000000E+00 +0.131694E-02 +0.000000E+00 +0.000000E+00
 +0.130720E+01 -0.101740E+03 +0.154921E+03 -0.732907E+02 +0.269378E+02 +0.345550E+02 +0.000000E+00 +0.000000E+00 +0.243167E-02 -0.190434E-02 +0.000000E+00 +0.131309E-02 +0.000000E+00 +0.000000E+00
 +0.130720E+01 -0.101750E+03 +0.155078E+03 -0.733534E+02 +0.269691E+02 +0.344527E+02 +0.000000E+00 +0.000000E+00 +0.243407E-02 -0.190613E-02 +0.000000E+00 +0.130920E-02 +0.000000E+00 +0.000000E+00
 +0.130720E+01 -0.101760E+03 +0.155235E+03 -0.734147E+02 +0.270007E+02 +0.343498E+02 +0.000000E+00 +0.000000E+00 +0.243645E-02 -0.190789E-02 +0.000000E+00 +0.130529E-02 +0.000000E+00 +0.000000E+00
 +0.130720E+01 -0.101770E+03 +0.155391E+03 -0.734728E+02 +0.270331E+02 +0.342458E+02 +0.000000E+00 +0.000000E+00 +0.243881E-02 -0.190961E-02 +0.000000E+00 +0.130134E-02 +0.000000E+00 +0.000000E+00
 +0.130720E+01 -0.101780E+03 +0.155547E+03 -0.735297E+02 +0.270658E+02 +0.341413E+02 +0.000000E+00 +0.000000E+00 +0.244115E-02 -0.191132E-02 +0.000000E+00 +0.129737E-02 +0.000000E+00 +0.000000E+00
 +0.130720E+01 -0.101790E+03 +0.155703E+03 -0.735835E+02 +0.270993E+02 +0.340358E+02 +0.000000E+00 +0.000000E+00 +0.244346E-02 -0.191297E-02 +0.000000E+00 +0.129336E-02 +0.000000E+00 +0.000000E+00
 +0.130720E+01 -0.101800E+03 +0.155858E+03 -0.736361E+02 +0.271331E+02 +0.339299E+02 +0.000000E+00 +0.000000E+00 +0.244576E-02 -0.191461E-02 +0.000000E+00 +0.128933E-02 +0.000000E+00 +0.000000E+00
 +0.130720E+01 -0.101810E+03 +0.156012E+03 -0.736856E+02 +0.271676E+02 +0.338229E+02 +0.000000E+00 +0.000000E+00 +0.244804E-02 -0.191621E-02 +0.000000E+00 +0.128527E-02 +0.000000E+00 +0.000000E+00
 +0.130720E+01 -0.101820E+03 +0.156165E+03 -0.737341E+02 +0.272023E+02 +0.337156E+02 +0.000000E+00 +0.000000E+00 +0.245030E-02 -0.191779E-02 +0.000000E+00 +0.128119E-02 +0.000000E+00 +0.000000E+00
 +0.130720E+01 -0.101830E+03 +0.156318E+03 -0.737794E+02 +0.272378E+02 +0.336073E+02 +0.000000E+00 +0.000000E+00 +0.245253E-02 -0.191933E-02 +0.000000E+00 +0.127708E-02 +0.000000E+00 +0.000000E+00
 +0.130720E+01 -0.101840E+03 +0.156471E+03 -0.738239E+02 +0.272735E+02 +0.334987E+02 +0.000000E+00 +0.000000E+00 +0.245475E-02 -0.192085E-02 +0.000000E+00 +0.127295E-02 +0.000000E+00 +0.000000E+00
 +0.130720E+01 -0.101850E+03 +0.156623E+03 -0.738651E+02 +0.273100E+02 +0.333891E+02 +0.000000E+00 +0.000000E+00 +0.245694E-02 -0.192233E-02 +0.000000E+00 +0.126878E-02 +0.000000E+00 +0.000000E+00
 +0.130720E+01 -0.101860E+03 +0.156774E+03 -0.739056E+02 +0.273466E+02 +0.332792E+02 +0.000000E+00 +0.000000E+00 +0.245912E-02 -0.192379E-02 +0.000000E+00 +0.126461E-02 +0.000000E+00 +0.000000E+00
 +0.130720E+01 -0.101870E+03 +0.156925E+03 -0.739430E+02 +0.273839E+02 +0.331685E+02 +0.000000E+00 +0.000000E+00 +0.246127E-02 -0.192521E-02 +0.000000E+00 +0.126040E-02 +0.000000E+00 +0.000000E+00
 +0.130720E+01 -0.101880E+03 +0.157075E+03 -0.739796E+02 +0.274214E+02 +0.330575E+02 +0.000000E+00 +0.000000E+00 +0.246341E-02 -0.192662E-02 +0.000000E+00 +0.125618E-02 +0.000000E+00 +0.000000E+00
 +0.130720E+01 -0.101890E+03 +0.157224E+03 -0.740131E+02 +0.274596E+02 +0.329454E+02 +0.000000E+00 +0.000000E+00 +0.246552E-02 -0.192798E-02 +0.000000E+00 +0.125193E-02 +0.000000E+00 +0.000000E+00
 +0.130720E+01 -0.101900E+03 +0.157373E+03 -0.740460E+02 +0.274979E+02 +0.328331E+02 +0.000000E+00 +0.000000E+00 +0.246763E-02 -0.192933E-02 +0.000000E+00 +0.124766E-02 +0.000000E+00 +0.000000E+00
 +0.130720E+01 -0.101910E+03 +0.157521E+03 -0.740756E+02 +0.275370E+02 +0.327199E+02 +0.000000E+00 +0.000000E+00 +0.246970E-02 -0.193064E-02 +0.000000E+00 +0.124336E-02 +0.000000E+00 +0.000000E+00
 +0.130720E+01 -0.101920E+03 +0.157669E+03 -0.741048E+02 +0.275762E+02 +0.326066E+02 +0.000000E+00 +0.000000E+00 +0.247176E-02 -0.193194E-02 +0.000000E+00 +0.123905E-02 +0.000000E+00 +0.000000E+00
 +0.130720E+01 -0.101930E+03 +0.157817E+03 -0.741312E+02 +0.276164E+02 +0.324917E+02 +0.000000E+00 +0.000000E+00 +0.247382E-02 -0.193320E-02 +0.000000E+00 +0.123468E-02 +0.000000E+00 +0.000000E+00
 +0.130720E+01 -0.101940E+03 +0.157966E+03 -0.741572E+02 +0.276567E+02 +0.323765E+02 +0.000000E+00 +0.000000E+00 +0.247587E-02 -0.193447E-02 +0.000000E+00 +0.123031E-02 +0.000000E+00 +0.000000E+00
 +0.130720E+01 -0.101950E+03 +0.158121E+03 -0.741952E+02 +0.276955E+02 +0.322201E+02 +0.000000E+00 +0.000000E+00 +0.247808E-02 -0.193592E-02 +0.000000E+00 +0.122436E-02 +0.000000E+00 +0.000000E+00
 +0.130720E+01 -0.101960E+03 +0.158277E+03 -0.742346E+02 +0.277341E+02 +0.320592E+02 +0.000000E+00 +0.000000E+00 +0.248032E-02 -0.193740E-02 +0.000000E+00 +0.121825E-02 +0.000000E+00 +0.000000E+00
 +0.130720E+01 -0.101970E+03 +0.158420E+03 -0.742402E+02 +0.277793E+02 +0.319762E+02 +0.000000E+00 +0.000000E+00 +0.248217E-02 -0.193837E-02 +0.000000E+00 +0.121510E-02 +0.000000E+00 +0.000000E+00
 +0.130720E+01 -0.101980E+03 +0.158561E+03 -0.742430E+02 +0.278250E+02 +0.318999E+02 +0.000000E+00 +0.000000E+00 +0.248399E-02 -0.193929E-02 +0.000000E+00 +0.121220E-02 +0.000000E+00 +0.000000E+00
 +0.130720E+01 -0.101990E+03 +0.158712E+03 -0.742624E+02 +0.278684E+02 +0.317776E+02 +0.000000E+00 +0.000000E+00 +0.248603E-02 -0.194049E-02 +0.000000E+00 +0.120755E-02 +0.000000E+00 +0.000000E+00
 +0.130720E+01 -0.102000E+03 +0.158864E+03 -0.742832E+02 +0.279115E+02 +0.316517E+02 +0.000000E+00 +0.000000E+00 +0.248809E-02 -0.194170E-02 +0.000000E+00 +0.120277E-02 +0.000000E+00 +0.000000E+00
 +0.130720E+01 -0.102010E+03 +0.158996E+03 -0.743021E+02 +0.279488E+02 +0.315338E+02 +0.000000E+00 +0.000000E+00 +0.248989E-02 -0.194277E-02 +0.000000E+00 +0.119829E-02 +0.000000E+00 +0.000000E+00
 +0.130720E+01 -0.102020E+03 +0.159129E+03 -0.743214E+02 +0.279864E+02 +0.314171E+02 +0.000000E+00 +0.000000E+00 +0.249170E-02 -0.194385E-02 +0.000000E+00 +0.119385E-02 +0.000000E+00 +0.000000E+00
 +0.130720E+01 -0.102030E+03 +0.159285E+03 -0.743251E+02 +0.280367E+02 +0.313059E+02 +0.000000E+00 +0.000000E+00 +0.249371E-02 -0.194487E-02 +0.000000E+00 +0.118963E-02 +0.000000E+00 +0.000000E+00
 +0.130720E+01 -0.102040E+03 +0.159396E+03 -0.743498E+02 +0.280653E+02 +0.311904E+02 +0.000000E+00 +0.000000E+00 +0.249529E-02 -0.194589E-02 +0.000000E+00 +0.118523E-02 +0.000000E+00 +0.000000E+00
 +0.130720E+01 -0.102050E+03 +0.159505E+03 -0.743746E+02 +0.280931E+02 +0.310743E+02 +0.000000E+00 +0.000000E+00 +0.249683E-02 -0.194689E-02 +0.000000E+00 +0.118082E-02 +0.000000E+00 +0.000000E+00
 +0.130720E+01 -0.102060E+03 +0.159630E+03 -0.743874E+02 +0.281302E+02 +0.309587E+02 +0.000000E+00 +0.000000E+00 +0.249851E-02 -0.194784E-02 +0.000000E+00 +0.117643E-02 +0.000000E+00 +0.000000E+00
 +0.130720E+01 -0.102070E+03 +0.159752E+03 -0.744015E+02 +0.281656E+02 +0.308429E+02 +0.000000E+00 +0.000000E+00 +0.250014E-02 -0.194878E-02 +0.000000E+00 +0.117203E-02 +0.000000E+00 +0.000000E+00
 +0.130720E+01 -0.102080E+03 +0.159868E+03 -0.744177E+02 +0.281984E+02 +0.307268E+02 +0.000000E+00 +0.000000E+00 +0.250171E-02 -0.194971E-02 +0.000000E+00 +0.116762E-02 +0.000000E+00 +0.000000E+00
 +0.130720E+01 -0.102090E+03 +0.159983E+03 -0.744339E+02 +0.282312E+02 +0.306107E+02 +0.000000E+00 +0.000000E+00 +0.250328E-02 -0.195064E-02 +0.000000E+00 +0.116321E-02 +0.000000E+00 +0.000000E+00
 +0.130720E+01 -0.102100E+03 +0.160110E+03 -0.744221E+02 +0.282769E+02 +0.304884E+02 +0.000000E+00 +0.000000E+00 +0.250482E-02 -0.195128E-02 +0.000000E+00 +0.115856E-02 +0.000000E+00 +0.000000E+00
 +0.130720E+01 -0.102110E+03 +0.160238E+03 -0.744143E+02 +0.283218E+02 +0.303705E+02 +0.000000E+00 +0.000000E+00 +0.250640E-02 -0.195198E-02 +0.000000E+00 +0.115408E-02 +0.000000E+00 +0.000000E+00
 +0.130720E+01 -0.102120E+03 +0.160367E+03 -0.744100E+02 +0.283658E+02 +0.302562E+02 +0.000000E+00 +0.000000E+00 +0.250802E-02 -0.195274E-02 +0.000000E+00 +0.114974E-02 +0.000000E+00 +0.000000E+00
 +0.130720E+01 -0.102130E+03 +0.160496E+03 -0.744058E+02 +0.284097E+02 +0.301419E+02 +0.000000E+00 +0.000000E+00 +0.250964E-02 -0.195349E-02 +0.000000E+00 +0.114539E-02 +0.000000E+00 +0.000000E+00
 +0.130720E+01 -0.102140E+03 +0.160630E+03 -0.743967E+02 +0.284569E+02 +0.300233E+02 +0.000000E+00 +0.000000E+00 +0.251128E-02 -0.195422E-02 +0.000000E+00 +0.114088E-02 +0.000000E+00 +0.000000E+00
 +0.130720E+01 -0.102150E+03 +0.160780E+03 -0.743555E+02 +0.285202E+02 +0.298979E+02 +0.000000E+00 +0.000000E+00 +0.251294E-02 -0.195464E-02 +0.000000E+00 +0.113612E-02 +0.000000E+00 +0.000000E+00
 +0.130720E+01 -0.102160E+03 +0.160935E+03 -0.743037E+02 +0.285885E+02 +0.297727E+02 +0.000000E+00 +0.000000E+00 +0.251459E-02 -0.195495E-02 +0.000000E+00 +0.113136E-02 +0.000000E+00 +0.000000E+00
 +0.130720E+01 -0.102170E+03 +0.161095E+03 -0.742546E+02 +0.286572E+02 +0.296435E+02 +0.000000E+00 +0.000000E+00 +0.251631E-02 -0.195532E-02 +0.000000E+00 +0.112645E-02 +0.000000E+00 +0.000000E+00
 +0.130720E+01 -0.102180E+03 +0.161250E+03 -0.742111E+02 +0.287230E+02 +0.295166E+02 +0.000000E+00 +0.000000E+00 +0.251802E-02 -0.195575E-02 +0.000000E+00 +0.112163E-02 +0.000000E+00 +0.000000E+00
 +0.130720E+01 -0.102190E+03 +0.161368E+03 -0.742127E+02 +0.287614E+02 +0.294020E+02 +0.000000E+00 +0.000000E+00 +0.251953E-02 -0.195651E-02 +0.000000E+00 +0.111728E-02 +0.000000E+00 +0.000000E+00
 +0.130720E+01 -0.102200E+03 +0.161479E+03 -0.742232E+02 +0.287943E+02 +0.292777E+02 +0.000000E+00 +0.000000E+00 +0.252100E-02 -0.195733E-02 +0.000000E+00 +0.111255E-02 +0.000000E+00 +0.000000E+00
 +0.130720E+01 -0.102210E+03 +0.161589E+03 -0.742336E+02 +0.288273E+02 +0.291534E+02 +0.000000E+00 +0.000000E+00 +0.252247E-02 -0.195816E-02 +0.000000E+00 +0.110783E-02 +0.000000E+00 +0.000000E+00
 +0.130720E+01 -0.102220E+03 +0.161699E+03 -0.742441E+02 +0.288602E+02 +0.290291E+02 +0.000000E+00 +0.000000E+00 +0.252394E-02 -0.195898E-02 +0.000000E+00 +0.110311E-02 +0.000000E+00 +0.000000E+00
 +0.130720E+01 -0.102230E+03 +0.161808E+03 -0.742524E+02 +0.288935E+02 +0.289096E+02 +0.000000E+00 +0.000000E+00 +0.252538E-02 -0.195977E-02 +0.000000E+00 +0.109856E-02 +0.000000E+00 +0.000000E+00
 +0.130720E+01 -0.102240E+03 +0.161917E+03 -0.742608E+02 +0.289267E+02 +0.287901E+02 +0.000000E+00 +0.000000E+00 +0.252682E-02 -0.196056E-02 +0.000000E+00 +0.109402E-02 +0.000000E+00 +0.000000E+00
 +0.130720E+01 -0.102250E+03 +0.162022E+03 -0.742486E+02 +0.289653E+02 +0.286685E+02 +0.000000E+00 +0.000000E+00 +0.252808E-02 -0.196106E-02 +0.000000E+00 +0.108940E-02 +0.000000E+00 +0.000000E+00
 +0.130720E+01 -0.102260E+03 +0.162125E+03 -0.742291E+02 +0.290057E+02 +0.285462E+02 +0.000000E+00 +0.000000E+00 +0.252927E-02 -0.196146E-02 +0.000000E+00 +0.108476E-02 +0.000000E+00 +0.000000E+00
 +0.130720E+01 -0.102270E+03 +0.162250E+03 -0.741962E+02 +0.290577E+02 +0.284214E+02 +0.000000E+00 +0.000000E+00 +0.253065E-02 -0.196182E-02 +0.000000E+00 +0.108001E-02 +0.000000E+00 +0.000000E+00
 +0.130720E+01 -0.102280E+03 +0.162391E+03 -0.741526E+02 +0.291187E+02 +0.282945E+02 +0.000000E+00 +0.000000E+00 +0.253218E-02 -0.196216E-02 +0.000000E+00 +0.107519E-02 +0.000000E+00 +0.000000E+00
 +0.130720E+01 -0.102290E+03 +0.162533E+03 -0.741091E+02 +0.291798E+02 +0.281677E+02 +0.000000E+00 +0.000000E+00 +0.253370E-02 -0.196249E-02 +0.000000E+00 +0.107037E-02 +0.000000E+00 +0.000000E+00
 +0.130720E+01 -0.102300E+03 +0.162674E+03 -0.740655E+02 +0.292408E+02 +0.280409E+02 +0.000000E+00 +0.000000E+00 +0.253523E-02 -0.196282E-02 +0.000000E+00 +0.106555E-02 +0.000000E+00 +0.000000E+00
 +0.130720E+01 -0.102310E+03 +0.162813E+03 -0.740000E+02 +0.293082E+02 +0.279120E+02 +0.000000E+00 +0.000000E+00 +0.253659E-02 -0.196286E-02 +0.000000E+00 +0.106065E-02 +0.000000E+00 +0.000000E+00
 +0.130720E+01 -0.102320E+03 +0.162936E+03 -0.739559E+02 +0.293633E+02 +0.277977E+02 +0.000000E+00 +0.000000E+00 +0.253787E-02 -0.196307E-02 +0.000000E+00 +0.105631E-02 +0.000000E+00 +0.000000E+00
 +0.130720E+01 -0.102330E+03 +0.163051E+03 -0.739313E+02 +0.294097E+02 +0.276917E+02 +0.000000E+00 +0.000000E+00 +0.253919E-02 -0.196348E-02 +0.000000E+00 +0.105228E-02 +0.000000E+00 +0.000000E+00
 +0.130720E+01 -0.102340E+03 +0.163167E+03 -0.739067E+02 +0.294560E+02 +0.275857E+02 +0.000000E+00 +0.000000E+00 +0.254051E-02 -0.196389E-02 +0.000000E+00 +0.104826E-02 +0.000000E+00 +0.000000E+00
 +0.130720E+01 -0.102350E+03 +0.163283E+03 -0.738821E+02 +0.295023E+02 +0.274798E+02 +0.000000E+00 +0.000000E+00 +0.254183E-02 -0.196430E-02 +0.000000E+00 +0.104423E-02 +0.000000E+00 +0.000000E+00
 +0.130720E+01 -0.102360E+03 +0.163399E+03 -0.738575E+02 +0.295486E+02 +0.273738E+02 +0.000000E+00 +0.000000E+00 +0.254315E-02 -0.196472E-02 +0.000000E+00 +0.104020E-02 +0.000000E+00 +0.000000E+00
 +0.130720E+01 -0.102370E+03 +0.163514E+03 -0.738379E+02 +0.295931E+02 +0.272689E+02 +0.000000E+00 +0.000000E+00 +0.254450E-02 -0.196519E-02 +0.000000E+00 +0.103622E-02 +0.000000E+00 +0.000000E+00
 +0.130720E+01 -0.102380E+03 +0.163620E+03 -0.738169E+02 +0.296351E+02 +0.271593E+02 +0.000000E+00 +0.000000E+00 +0.254572E-02 -0.196559E-02 +0.000000E+00 +0.103205E-02 +0.000000E+00 +0.000000E+00
 +0.130720E+01 -0.102390E+03 +0.163726E+03 -0.737959E+02 +0.296771E+02 +0.270498E+02 +0.000000E+00 +0.000000E+00 +0.254694E-02 -0.196599E-02 +0.000000E+00 +0.102789E-02 +0.000000E+00 +0.000000E+00
 +0.130720E+01 -0.102400E+03 +0.163833E+03 -0.737749E+02 +0.297190E+02 +0.269402E+02 +0.000000E+00 +0.000000E+00 +0.254816E-02 -0.196638E-02 +0.000000E+00 +0.102373E-02 +0.000000E+00 +0.000000E+00
 +0.130720E+01 -0.102410E+03 +0.163939E+03 -0.737539E+02 +0.297610E+02 +0.268307E+02 +0.000000E+00 +0.000000E+00 +0.254938E-02 -0.196678E-02 +0.000000E+00 +0.101957E-02 +0.000000E+00 +0.000000E+00
 +0.130720E+01 -0.102420E+03 +0.164045E+03 -0.737329E+02 +0.298030E+02 +0.267211E+02 +0.000000E+00 +0.000000E+00 +0.255060E-02 -0.196718E-02 +0.000000E+00 +0.101540E-02 +0.000000E+00 +0.000000E+00
 +0.130720E+01 -0.102430E+03 +0.164151E+03 -0.737119E+02 +0.298449E+02 +0.266116E+02 +0.000000E+00 +0.000000E+00 +0.255182E-02 -0.196758E-02 +0.000000E+00 +0.101124E-02 +0.000000E+00 +0.000000E+00
 +0.130720E+01 -0.102440E+03 +0.164257E+03 -0.736909E+02 +0.298869E+02 +0.265021E+02 +0.000000E+00 +0.000000E+00 +0.255304E-02 -0.196798E-02 +0.000000E+00 +0.100708E-02 +0.000000E+00 +0.000000E+00
 +0.130720E+01 -0.102450E+03 +0.164354E+03 -0.736641E+02 +0.299277E+02 +0.263880E+02 +0.000000E+00 +0.000000E+00 +0.255410E-02 -0.196824E-02 +0.000000E+00 +0.100274E-02 +0.000000E+00 +0.000000E+00
 +0.130720E+01 -0.102460E+03 +0.164454E+03 -0.736439E+02 +0.299672E+02 +0.262676E+02 +0.000000E+00 +0.000000E+00 +0.255524E-02 -0.196861E-02 +0.000000E+00 +0.998170E-03 +0.000000E+00 +0.000000E+00
 +0.130720E+01 -0.102470E+03 +0.164562E+03 -0.735985E+02 +0.300180E+02 +0.261398E+02 +0.000000E+00 +0.000000E+00 +0.255634E-02 -0.196871E-02 +0.000000E+00 +0.993313E-03 +0.000000E+00 +0.000000E+00
 +0.130720E+01 -0.102480E+03 +0.164670E+03 -0.735530E+02 +0.300687E+02 +0.260120E+02 +0.000000E+00 +0.000000E+00 +0.255743E-02 -0.196881E-02 +0.000000E+00 +0.988456E-03 +0.000000E+00 +0.000000E+00
 +0.130720E+01 -0.102490E+03 +0.164779E+03 -0.735075E+02 +0.301195E+02 +0.258842E+02 +0.000000E+00 +0.000000E+00 +0.255853E-02 -0.196891E-02 +0.000000E+00 +0.983599E-03 +0.000000E+00 +0.000000E+00
 +0.130720E+01 -0.102500E+03 +0.164887E+03 -0.734621E+02 +0.301703E+02 +0.257564E+02 +0.000000E+00 +0.000000E+00 +0.255962E-02 -0.196901E-02 +0.000000E+00 +0.978742E-03 +0.000000E+00 +0.000000E+00
 +0.130720E+01 -0.102510E+03 +0.164996E+03 -0.734166E+02 +0.302210E+02 +0.256285E+02 +0.000000E+00 +0.000000E+00 +0.256072E-02 -0.196912E-02 +0.000000E+00 +0.973884E-03 +0.000000E+00 +0.000000E+00
 +0.130720E+01 -0.102520E+03 +0.165104E+03 -0.733711E+02 +0.302718E+02 +0.255007E+02 +0.000000E+00 +0.000000E+00 +0.256181E-02 -0.196922E-02 +0.000000E+00 +0.969027E-03 +0.000000E+00 +0.000000E+00
 +0.130720E+01 -0.102530E+03 +0.165212E+03 -0.733257E+02 +0.303226E+02 +0.253729E+02 +0.000000E+00 +0.000000E+00 +0.256290E-02 -0.196932E-02 +0.000000E+00 +0.964170E-03 +0.000000E+00 +0.000000E+00
 +0.130720E+01 -0.102540E+03 +0.165316E+03 -0.732807E+02 +0.303716E+02 +0.252522E+02 +0.000000E+00 +0.000000E+00 +0.256394E-02 -0.196939E-02 +0.000000E+00 +0.959583E-03 +0.000000E+00 +0.000000E+00
 +0.130720E+01 -0.102550E+03 +0.165413E+03 -0.732364E+02 +0.304183E+02 +0.251418E+02 +0.000000E+00 +0.000000E+00 +0.256490E-02 -0.196944E-02 +0.000000E+00 +0.955387E-03 +0.000000E+00 +0.000000E+00
 +0.130720E+01 -0.102560E+03 +0.165510E+03 -0.731921E+02 +0.304649E+02 +0.250313E+02 +0.000000E+00 +0.000000E+00 +0.256586E-02 -0.196948E-02 +0.000000E+00 +0.951190E-03 +0.000000E+00 +0.000000E+00
 +0.130720E+01 -0.102570E+03 +0.165607E+03 -0.731479E+02 +0.305115E+02 +0.249209E+02 +0.000000E+00 +0.000000E+00 +0.256681E-02 -0.196953E-02 +0.000000E+00 +0.946993E-03 +0.000000E+00 +0.000000E+00
 +0.130720E+01 -0.102580E+03 +0.165704E+03 -0.731036E+02 +0.305581E+02 +0.248104E+02 +0.000000E+00 +0.000000E+00 +0.256777E-02 -0.196957E-02 +0.000000E+00 +0.942797E-03 +0.000000E+00 +0.000000E+00
 +0.130720E+01 -0.102590E+03 +0.165801E+03 -0.730593E+02 +0.306047E+02 +0.247000E+02 +0.000000E+00 +0.000000E+00 +0.256873E-02 -0.196962E-02 +0.000000E+00 +0.938600E-03 +0.000000E+00 +0.000000E+00
 +0.130720E+01 -0.102600E+03 +0.165898E+03 -0.730150E+02 +0.306513E+02 +0.245896E+02 +0.000000E+00 +0.000000E+00 +0.256968E-02 -0.196966E-02 +0.000000E+00 +0.934403E-03 +0.000000E+00 +0.000000E+00
 +0.130720E+01 -0.102610E+03 +0.165995E+03 -0.729708E+02 +0.306979E+02 +0.244791E+02 +0.000000E+00 +0.000000E+00 +0.257064E-02 -0.196970E-02 +0.000000E+00 +0.930207E-03 +0.000000E+00 +0.000000E+00
 +0.130720E+01 -0.102620E+03 +0.166091E+03 -0.729258E+02 +0.307446E+02 +0.243682E+02 +0.000000E+00 +0.000000E+00 +0.257159E-02 -0.196974E-02 +0.000000E+00 +0.925993E-03 +0.000000E+00 +0.000000E+00
 +0.130720E+01 -0.102630E+03 +0.166174E+03 -0.728761E+02 +0.307884E+02 +0.242541E+02 +0.000000E+00 +0.000000E+00 +0.257233E-02 -0.196962E-02 +0.000000E+00 +0.921658E-03 +0.000000E+00 +0.000000E+00
 +0.130720E+01 -0.102640E+03 +0.166265E+03 -0.728253E+02 +0.308350E+02 +0.241383E+02 +0.000000E+00 +0.000000E+00 +0.257316E-02 -0.196955E-02 +0.000000E+00 +0.917257E-03 +0.000000E+00 +0.000000E+00
 +0.130720E+01 -0.102650E+03 +0.166355E+03 -0.727745E+02 +0.308816E+02 +0.240225E+02 +0.000000E+00 +0.000000E+00 +0.257400E-02 -0.196947E-02 +0.000000E+00 +0.912857E-03 +0.000000E+00 +0.000000E+00
 +0.130720E+01 -0.102660E+03 +0.166446E+03 -0.727238E+02 +0.309282E+02 +0.239067E+02 +0.000000E+00 +0.000000E+00 +0.257483E-02 -0.196939E-02 +0.000000E+00 +0.908456E-03 +0.000000E+00 +0.000000E+00
 +0.130720E+01 -0.102670E+03 +0.166536E+03 -0.726730E+02 +0.309749E+02 +0.237910E+02 +0.000000E+00 +0.000000E+00 +0.257567E-02 -0.196931E-02 +0.000000E+00 +0.904056E-03 +0.000000E+00 +0.000000E+00
 +0.130720E+01 -0.102680E+03 +0.166627E+03 -0.726222E+02 +0.310215E+02 +0.236752E+02 +0.000000E+00 +0.000000E+00 +0.257650E-02 -0.196923E-02 +0.000000E+00 +0.899656E-03 +0.000000E+00 +0.000000E+00
 +0.130720E+01 -0.102690E+03 +0.166717E+03 -0.725714E+02 +0.310681E+02 +0.235594E+02 +0.000000E+00 +0.000000E+00 +0.257733E-02 -0.196915E-02 +0.000000E+00 +0.895255E-03 +0.000000E+00 +0.000000E+00
 +0.130720E+01 -0.102700E+03 +0.166808E+03 -0.725206E+02 +0.311147E+02 +0.234436E+02 +0.000000E+00 +0.000000E+00 +0.257817E-02 -0.196907E-02 +0.000000E+00 +0.890855E-03 +0.000000E+00 +0.000000E+00
 +0.130720E+01 -0.102710E+03 +0.166898E+03 -0.724699E+02 +0.311614E+02 +0.233278E+02 +0.000000E+00 +0.000000E+00 +0.257900E-02 -0.196899E-02 +0.000000E+00 +0.886455E-03 +0.000000E+00 +0.000000E+00
 +0.130720E+01 -0.102720E+03 +0.166977E+03 -0.724545E+02 +0.311925E+02 +0.232136E+02 +0.000000E+00 +0.000000E+00 +0.257991E-02 -0.196929E-02 +0.000000E+00 +0.882117E-03 +0.000000E+00 +0.000000E+00
 +0.130720E+01 -0.102730E+03 +0.167055E+03 -0.724418E+02 +0.312224E+02 +0.230996E+02 +0.000000E+00 +0.000000E+00 +0.258082E-02 -0.196962E-02 +0.000000E+00 +0.877784E-03 +0.000000E+00 +0.000000E+00
 +0.130720E+01 -0.102740E+03 +0.167133E+03 -0.724290E+02 +0.312523E+02 +0.229856E+02 +0.000000E+00 +0.000000E+00 +0.258173E-02 -0.196995E-02 +0.000000E+00 +0.873451E-03 +0.000000E+00 +0.000000E+00
 +0.130720E+01 -0.102750E+03 +0.167211E+03 -0.724163E+02 +0.312822E+02 +0.228715E+02 +0.000000E+00 +0.000000E+00 +0.258265E-02 -0.197027E-02 +0.000000E+00 +0.869119E-03 +0.000000E+00 +0.000000E+00
 +0.130720E+01 -0.102760E+03 +0.167289E+03 -0.724036E+02 +0.313122E+02 +0.227575E+02 +0.000000E+00 +0.000000E+00 +0.258356E-02 -0.197060E-02 +0.000000E+00 +0.864786E-03 +0.000000E+00 +0.000000E+00
 +0.130720E+01 -0.102770E+03 +0.167371E+03 -0.723818E+02 +0.313465E+02 +0.226431E+02 +0.000000E+00 +0.000000E+00 +0.258447E-02 -0.197084E-02 +0.000000E+00 +0.860439E-03 +0.000000E+00 +0.000000E+00
 +0.130720E+01 -0.102780E+03 +0.167472E+03 -0.723172E+02 +0.314012E+02 +0.225270E+02 +0.000000E+00 +0.000000E+00 +0.258535E-02 -0.197065E-02 +0.000000E+00 +0.856027E-03 +0.000000E+00 +0.000000E+00
 +0.130720E+01 -0.102790E+03 +0.167570E+03 -0.722513E+02 +0.314551E+02 +0.224163E+02 +0.000000E+00 +0.000000E+00 +0.258618E-02 -0.197042E-02 +0.000000E+00 +0.851819E-03 +0.000000E+00 +0.000000E+00
 +0.130720E+01 -0.102800E+03 +0.167652E+03 -0.721813E+02 +0.315054E+02 +0.223246E+02 +0.000000E+00 +0.000000E+00 +0.258679E-02 -0.197005E-02 +0.000000E+00 +0.848336E-03 +0.000000E+00 +0.000000E+00
 +0.130720E+01 -0.102810E+03 +0.167735E+03 -0.721114E+02 +0.315558E+02 +0.222330E+02 +0.000000E+00 +0.000000E+00 +0.258740E-02 -0.196968E-02 +0.000000E+00 +0.844854E-03 +0.000000E+00 +0.000000E+00
 +0.130720E+01 -0.102820E+03 +0.167818E+03 -0.720414E+02 +0.316061E+02 +0.221413E+02 +0.000000E+00 +0.000000E+00 +0.258802E-02 -0.196930E-02 +0.000000E+00 +0.841371E-03 +0.000000E+00 +0.000000E+00
 +0.130720E+01 -0.102830E+03 +0.167900E+03 -0.719714E+02 +0.316565E+02 +0.220497E+02 +0.000000E+00 +0.000000E+00 +0.258863E-02 -0.196893E-02 +0.000000E+00 +0.837888E-03 +0.000000E+00 +0.000000E+00
 +0.130720E+01 -0.102840E+03 +0.167983E+03 -0.719014E+02 +0.317069E+02 +0.219580E+02 +0.000000E+00 +0.000000E+00 +0.258924E-02 -0.196856E-02 +0.000000E+00 +0.834405E-03 +0.000000E+00 +0.000000E+00
 +0.130720E+01 -0.102850E+03 +0.168065E+03 -0.718314E+02 +0.317572E+02 +0.218664E+02 +0.000000E+00 +0.000000E+00 +0.258986E-02 -0.196818E-02 +0.000000E+00 +0.830922E-03 +0.000000E+00 +0.000000E+00
 +0.130720E+01 -0.102860E+03 +0.168148E+03 -0.717614E+02 +0.318076E+02 +0.217747E+02 +0.000000E+00 +0.000000E+00 +0.259047E-02 -0.196781E-02 +0.000000E+00 +0.827440E-03 +0.000000E+00 +0.000000E+00
 +0.130720E+01 -0.102870E+03 +0.168231E+03 -0.716914E+02 +0.318579E+02 +0.216831E+02 +0.000000E+00 +0.000000E+00 +0.259108E-02 -0.196744E-02 +0.000000E+00 +0.823957E-03 +0.000000E+00 +0.000000E+00
 +0.130720E+01 -0.102880E+03 +0.168313E+03 -0.716214E+02 +0.319083E+02 +0.215914E+02 +0.000000E+00 +0.000000E+00 +0.259169E-02 -0.196706E-02 +0.000000E+00 +0.820474E-03 +0.000000E+00 +0.000000E+00
 +0.130720E+01 -0.102890E+03 +0.168396E+03 -0.715514E+02 +0.319587E+02 +0.214998E+02 +0.000000E+00 +0.000000E+00 +0.259231E-02 -0.196669E-02 +0.000000E+00 +0.816991E-03 +0.000000E+00 +0.000000E+00
 +0.130720E+01 -0.102900E+03 +0.168478E+03 -0.714814E+02 +0.320090E+02 +0.214081E+02 +0.000000E+00 +0.000000E+00 +0.259292E-02 -0.196632E-02 +0.000000E+00 +0.813509E-03 +0.000000E+00 +0.000000E+00
 +0.130720E+01 -0.102910E+03 +0.168561E+03 -0.714114E+02 +0.320594E+02 +0.213165E+02 +0.000000E+00 +0.000000E+00 +0.259353E-02 -0.196595E-02 +0.000000E+00 +0.810026E-03 +0.000000E+00 +0.000000E+00
 +0.130720E+01 -0.102920E+03 +0.168644E+03 -0.713414E+02 +0.321097E+02 +0.212248E+02 +0.000000E+00 +0.000000E+00 +0.259414E-02 -0.196557E-02 +0.000000E+00 +0.806543E-03 +0.000000E+00 +0.000000E+00
 +0.130720E+01 -0.102930E+03 +0.168724E+03 -0.712759E+02 +0.321579E+02 +0.211317E+02 +0.000000E+00 +0.000000E+00 +0.259476E-02 -0.196524E-02 +0.000000E+00 +0.803004E-03 +0.000000E+00 +0.000000E+00
 +0.130720E+01 -0.102940E+03 +0.168790E+03 -0.712146E+02 +0.322000E+02 +0.210237E+02 +0.000000E+00 +0.000000E+00 +0.259522E-02 -0.196488E-02 +0.000000E+00 +0.798902E-03 +0.000000E+00 +0.000000E+00
 +0.130720E+01 -0.102950E+03 +0.168857E+03 -0.711534E+02 +0.322422E+02 +0.209158E+02 +0.000000E+00 +0.000000E+00 +0.259568E-02 -0.196451E-02 +0.000000E+00 +0.794800E-03 +0.000000E+00 +0.000000E+00
 +0.130720E+01 -0.102960E+03 +0.168923E+03 -0.710921E+02 +0.322843E+02 +0.208079E+02 +0.000000E+00 +0.000000E+00 +0.259614E-02 -0.196415E-02 +0.000000E+00 +0.790699E-03 +0.000000E+00 +0.000000E+00
 +0.130720E+01 -0.102970E+03 +0.168990E+03 -0.710308E+02 +0.323264E+02 +0.206999E+02 +0.000000E+00 +0.000000E+00 +0.259660E-02 -0.196379E-02 +0.000000E+00 +0.786597E-03 +0.000000E+00 +0.000000E+00
 +0.130720E+01 -0.102980E+03 +0.169056E+03 -0.709696E+02 +0.323686E+02 +0.205920E+02 +0.000000E+00 +0.000000E+00 +0.259706E-02 -0.196342E-02 +0.000000E+00 +0.782496E-03 +0.000000E+00 +0.000000E+00
 +0.130720E+01 -0.102990E+03 +0.169123E+03 -0.709083E+02 +0.324107E+02 +0.204841E+02 +0.000000E+00 +0.000000E+00 +0.259752E-02 -0.196306E-02 +0.000000E+00 +0.778394E-03 +0.000000E+00 +0.000000E+00
 +0.130720E+01 -0.103000E+03 +0.169189E+03 -0.708470E+02 +0.324528E+02 +0.203761E+02 +0.000000E+00 +0.000000E+00 +0.259799E-02 -0.196270E-02 +0.000000E+00 +0.774293E-03 +0.000000E+00 +0.000000E+00
 +0.130720E+01 -0.103010E+03 +0.169255E+03 -0.707858E+02 +0.324950E+02 +0.202682E+02 +0.000000E+00 +0.000000E+00 +0.259845E-02 -0.196233E-02 +0.000000E+00 +0.770191E-03 +0.000000E+00 +0.000000E+00
 +0.130720E+01 -0.103020E+03 +0.169322E+03 -0.707245E+02 +0.325371E+02 +0.201602E+02 +0.000000E+00 +0.000000E+00 +0.259891E-02 -0.196197E-02 +0.000000E+00 +0.766089E-03 +0.000000E+00 +0.000000E+00
 +0.130720E+01 -0.103030E+03 +0.169388E+03 -0.706632E+02 +0.325792E+02 +0.200523E+02 +0.000000E+00 +0.000000E+00 +0.259937E-02 -0.196161E-02 +0.000000E+00 +0.761988E-03 +0.000000E+00 +0.000000E+00
 +0.130720E+01 -0.103040E+03 +0.169455E+03 -0.706020E+02 +0.326214E+02 +0.199444E+02 +0.000000E+00 +0.000000E+00 +0.259983E-02 -0.196124E-02 +0.000000E+00 +0.757886E-03 +0.000000E+00 +0.000000E+00
 +0.130720E+01 -0.103050E+03 +0.169521E+03 -0.705407E+02 +0.326635E+02 +0.198364E+02 +0.000000E+00 +0.000000E+00 +0.260029E-02 -0.196088E-02 +0.000000E+00 +0.753785E-03 +0.000000E+00 +0.000000E+00
 +0.130720E+01 -0.103060E+03 +0.169587E+03 -0.704794E+02 +0.327056E+02 +0.197285E+02 +0.000000E+00 +0.000000E+00 +0.260075E-02 -0.196052E-02 +0.000000E+00 +0.749683E-03 +0.000000E+00 +0.000000E+00
 +0.130720E+01 -0.103070E+03 +0.169654E+03 -0.704182E+02 +0.327478E+02 +0.196206E+02 +0.000000E+00 +0.000000E+00 +0.260121E-02 -0.196015E-02 +0.000000E+00 +0.745581E-03 +0.000000E+00 +0.000000E+00
 +0.130720E+01 -0.103080E+03 +0.169720E+03 -0.703569E+02 +0.327899E+02 +0.195126E+02 +0.000000E+00 +0.000000E+00 +0.260168E-02 -0.195979E-02 +0.000000E+00 +0.741480E-03 +0.000000E+00 +0.000000E+00
 +0.130720E+01 -0.103090E+03 +0.169787E+03 -0.702956E+02 +0.328320E+02 +0.194047E+02 +0.000000E+00 +0.000000E+00 +0.260214E-02 -0.195943E-02 +0.000000E+00 +0.737378E-03 +0.000000E+00 +0.000000E+00
 +0.130720E+01 -0.103100E+03 +0.169852E+03 -0.702344E+02 +0.328739E+02 +0.192974E+02 +0.000000E+00 +0.000000E+00 +0.260259E-02 -0.195906E-02 +0.000000E+00 +0.733300E-03 +0.000000E+00 +0.000000E+00
 +0.130720E+01 -0.103110E+03 +0.169896E+03 -0.701749E+02 +0.329080E+02 +0.192118E+02 +0.000000E+00 +0.000000E+00 +0.260277E-02 -0.195858E-02 +0.000000E+00 +0.730049E-03 +0.000000E+00 +0.000000E+00
 +0.130720E+01 -0.103120E+03 +0.169940E+03 -0.701155E+02 +0.329421E+02 +0.191263E+02 +0.000000E+00 +0.000000E+00 +0.260296E-02 -0.195809E-02 +0.000000E+00 +0.726799E-03 +0.000000E+00 +0.000000E+00
 +0.130720E+01 -0.103130E+03 +0.169984E+03 -0.700560E+02 +0.329761E+02 +0.190407E+02 +0.000000E+00 +0.000000E+00 +0.260314E-02 -0.195761E-02 +0.000000E+00 +0.723548E-03 +0.000000E+00 +0.000000E+00
 +0.130720E+01 -0.103140E+03 +0.170027E+03 -0.699966E+02 +0.330102E+02 +0.189552E+02 +0.000000E+00 +0.000000E+00 +0.260333E-02 -0.195713E-02 +0.000000E+00 +0.720297E-03 +0.000000E+00 +0.000000E+00
 +0.130720E+01 -0.103150E+03 +0.170071E+03 -0.699371E+02 +0.330442E+02 +0.188697E+02 +0.000000E+00 +0.000000E+00 +0.260351E-02 -0.195665E-02 +0.000000E+00 +0.717047E-03 +0.000000E+00 +0.000000E+00
 +0.130720E+01 -0.103160E+03 +0.170115E+03 -0.698776E+02 +0.330783E+02 +0.187841E+02 +0.000000E+00 +0.000000E+00 +0.260370E-02 -0.195616E-02 +0.000000E+00 +0.713796E-03 +0.000000E+00 +0.000000E+00
 +0.130720E+01 -0.103170E+03 +0.170159E+03 -0.698182E+02 +0.331124E+02 +0.186986E+02 +0.000000E+00 +0.000000E+00 +0.260388E-02 -0.195568E-02 +0.000000E+00 +0.710546E-03 +0.000000E+00 +0.000000E+00
 +0.130720E+01 -0.103180E+03 +0.170202E+03 -0.697587E+02 +0.331464E+02 +0.186130E+02 +0.000000E+00 +0.000000E+00 +0.260406E-02 -0.195520E-02 +0.000000E+00 +0.707295E-03 +0.000000E+00 +0.000000E+00
 +0.130720E+01 -0.103190E+03 +0.170246E+03 -0.696993E+02 +0.331805E+02 +0.185275E+02 +0.000000E+00 +0.000000E+00 +0.260425E-02 -0.195472E-02 +0.000000E+00 +0.704044E-03 +0.000000E+00 +0.000000E+00
 +0.130720E+01 -0.103200E+03 +0.170290E+03 -0.696398E+02 +0.332145E+02 +0.184419E+02 +0.000000E+00 +0.000000E+00 +0.260443E-02 -0.195423E-02 +0.000000E+00 +0.700794E-03 +0.000000E+00 +0.000000E+00
 +0.130720E+01 -0.103210E+03 +0.170334E+03 -0.695805E+02 +0.332487E+02 +0.183562E+02 +0.000000E+00 +0.000000E+00 +0.260462E-02 -0.195375E-02 +0.000000E+00 +0.697537E-03 +0.000000E+00 +0.000000E+00
 +0.130720E+01 -0.103220E+03 +0.170404E+03 -0.695276E+02 +0.332891E+02 +0.182620E+02 +0.000000E+00 +0.000000E+00 +0.260518E-02 -0.195352E-02 +0.000000E+00 +0.693954E-03 +0.000000E+00 +0.000000E+00
 +0.130720E+01 -0.103230E+03 +0.170474E+03 -0.694748E+02 +0.333296E+02 +0.181677E+02 +0.000000E+00 +0.000000E+00 +0.260574E-02 -0.195328E-02 +0.000000E+00 +0.690371E-03 +0.000000E+00 +0.000000E+00
 +0.130720E+01 -0.103240E+03 +0.170543E+03 -0.694220E+02 +0.333700E+02 +0.180734E+02 +0.000000E+00 +0.000000E+00 +0.260629E-02 -0.195305E-02 +0.000000E+00 +0.686788E-03 +0.000000E+00 +0.000000E+00
 +0.130720E+01 -0.103250E+03 +0.170613E+03 -0.693691E+02 +0.334105E+02 +0.179791E+02 +0.000000E+00 +0.000000E+00 +0.260685E-02 -0.195281E-02 +0.000000E+00 +0.683205E-03 +0.000000E+00 +0.000000E+00
 +0.130720E+01 -0.103260E+03 +0.170683E+03 -0.693163E+02 +0.334509E+02 +0.178848E+02 +0.000000E+00 +0.000000E+00 +0.260740E-02 -0.195258E-02 +0.000000E+00 +0.679622E-03 +0.000000E+00 +0.000000E+00
 +0.130720E+01 -0.103270E+03 +0.170749E+03 -0.692482E+02 +0.334952E+02 +0.177973E+02 +0.000000E+00 +0.000000E+00 +0.260782E-02 -0.195212E-02 +0.000000E+00 +0.676296E-03 +0.000000E+00 +0.000000E+00
 +0.130720E+01 -0.103280E+03 +0.170813E+03 -0.691725E+02 +0.335414E+02 +0.177131E+02 +0.000000E+00 +0.000000E+00 +0.260816E-02 -0.195156E-02 +0.000000E+00 +0.673098E-03 +0.000000E+00 +0.000000E+00
 +0.130720E+01 -0.103290E+03 +0.170877E+03 -0.690967E+02 +0.335876E+02 +0.176289E+02 +0.000000E+00 +0.000000E+00 +0.260851E-02 -0.195100E-02 +0.000000E+00 +0.669900E-03 +0.000000E+00 +0.000000E+00
 +0.130720E+01 -0.103300E+03 +0.170942E+03 -0.690209E+02 +0.336339E+02 +0.175448E+02 +0.000000E+00 +0.000000E+00 +0.260885E-02 -0.195044E-02 +0.000000E+00 +0.666702E-03 +0.000000E+00 +0.000000E+00
 +0.130720E+01 -0.103310E+03 +0.171006E+03 -0.689452E+02 +0.336801E+02 +0.174606E+02 +0.000000E+00 +0.000000E+00 +0.260919E-02 -0.194988E-02 +0.000000E+00 +0.663504E-03 +0.000000E+00 +0.000000E+00
 +0.130720E+01 -0.103320E+03 +0.171070E+03 -0.688694E+02 +0.337263E+02 +0.173765E+02 +0.000000E+00 +0.000000E+00 +0.260954E-02 -0.194932E-02 +0.000000E+00 +0.660307E-03 +0.000000E+00 +0.000000E+00
 +0.130720E+01 -0.103330E+03 +0.171135E+03 -0.687936E+02 +0.337726E+02 +0.172923E+02 +0.000000E+00 +0.000000E+00 +0.260988E-02 -0.194876E-02 +0.000000E+00 +0.657109E-03 +0.000000E+00 +0.000000E+00
 +0.130720E+01 -0.103340E+03 +0.171198E+03 -0.687011E+02 +0.338241E+02 +0.172028E+02 +0.000000E+00 +0.000000E+00 +0.261011E-02 -0.194798E-02 +0.000000E+00 +0.653706E-03 +0.000000E+00 +0.000000E+00
 +0.130720E+01 -0.103350E+03 +0.171262E+03 -0.685990E+02 +0.338787E+02 +0.171102E+02 +0.000000E+00 +0.000000E+00 +0.261028E-02 -0.194708E-02 +0.000000E+00 +0.650188E-03 +0.000000E+00 +0.000000E+00
 +0.130720E+01 -0.103360E+03 +0.171325E+03 -0.684969E+02 +0.339332E+02 +0.170176E+02 +0.000000E+00 +0.000000E+00 +0.261044E-02 -0.194617E-02 +0.000000E+00 +0.646669E-03 +0.000000E+00 +0.000000E+00
 +0.130720E+01 -0.103370E+03 +0.171388E+03 -0.683947E+02 +0.339878E+02 +0.169250E+02 +0.000000E+00 +0.000000E+00 +0.261061E-02 -0.194527E-02 +0.000000E+00 +0.643150E-03 +0.000000E+00 +0.000000E+00
 +0.130720E+01 -0.103380E+03 +0.171451E+03 -0.682926E+02 +0.340424E+02 +0.168324E+02 +0.000000E+00 +0.000000E+00 +0.261077E-02 -0.194437E-02 +0.000000E+00 +0.639631E-03 +0.000000E+00 +0.000000E+00
 +0.130720E+01 -0.103390E+03 +0.171515E+03 -0.681905E+02 +0.340970E+02 +0.167398E+02 +0.000000E+00 +0.000000E+00 +0.261094E-02 -0.194346E-02 +0.000000E+00 +0.636112E-03 +0.000000E+00 +0.000000E+00
 +0.130720E+01 -0.103400E+03 +0.171578E+03 -0.680884E+02 +0.341515E+02 +0.166472E+02 +0.000000E+00 +0.000000E+00 +0.261110E-02 -0.194256E-02 +0.000000E+00 +0.632594E-03 +0.000000E+00 +0.000000E+00
 +0.130720E+01 -0.103410E+03 +0.171641E+03 -0.679863E+02 +0.342061E+02 +0.165546E+02 +0.000000E+00 +0.000000E+00 +0.261126E-02 -0.194165E-02 +0.000000E+00 +0.629075E-03 +0.000000E+00 +0.000000E+00
 +0.130720E+01 -0.103420E+03 +0.171687E+03 -0.679277E+02 +0.342406E+02 +0.164759E+02 +0.000000E+00 +0.000000E+00 +0.261149E-02 -0.194120E-02 +0.000000E+00 +0.626083E-03 +0.000000E+00 +0.000000E+00
 +0.130720E+01 -0.103430E+03 +0.171729E+03 -0.678797E+02 +0.342704E+02 +0.164005E+02 +0.000000E+00 +0.000000E+00 +0.261172E-02 -0.194085E-02 +0.000000E+00 +0.623218E-03 +0.000000E+00 +0.000000E+00
 +0.130720E+01 -0.103440E+03 +0.171771E+03 -0.678317E+02 +0.343001E+02 +0.163251E+02 +0.000000E+00 +0.000000E+00 +0.261196E-02 -0.194050E-02 +0.000000E+00 +0.620354E-03 +0.000000E+00 +0.000000E+00
 +0.130720E+01 -0.103450E+03 +0.171814E+03 -0.677836E+02 +0.343299E+02 +0.162497E+02 +0.000000E+00 +0.000000E+00 +0.261219E-02 -0.194016E-02 +0.000000E+00 +0.617489E-03 +0.000000E+00 +0.000000E+00
 +0.130720E+01 -0.103460E+03 +0.171856E+03 -0.677356E+02 +0.343596E+02 +0.161743E+02 +0.000000E+00 +0.000000E+00 +0.261242E-02 -0.193981E-02 +0.000000E+00 +0.614624E-03 +0.000000E+00 +0.000000E+00
 +0.130720E+01 -0.103470E+03 +0.171898E+03 -0.676876E+02 +0.343893E+02 +0.160989E+02 +0.000000E+00 +0.000000E+00 +0.261266E-02 -0.193946E-02 +0.000000E+00 +0.611759E-03 +0.000000E+00 +0.000000E+00
 +0.130720E+01 -0.103480E+03 +0.171940E+03 -0.676395E+02 +0.344191E+02 +0.160235E+02 +0.000000E+00 +0.000000E+00 +0.261289E-02 -0.193911E-02 +0.000000E+00 +0.608894E-03 +0.000000E+00 +0.000000E+00
 +0.130720E+01 -0.103490E+03 +0.171982E+03 -0.675915E+02 +0.344488E+02 +0.159481E+02 +0.000000E+00 +0.000000E+00 +0.261313E-02 -0.193877E-02 +0.000000E+00 +0.606029E-03 +0.000000E+00 +0.000000E+00
 +0.130720E+01 -0.103500E+03 +0.172024E+03 -0.675435E+02 +0.344786E+02 +0.158727E+02 +0.000000E+00 +0.000000E+00 +0.261336E-02 -0.193842E-02 +0.000000E+00 +0.603164E-03 +0.000000E+00 +0.000000E+00
 +0.130720E+01 -0.103510E+03 +0.172066E+03 -0.674954E+02 +0.345083E+02 +0.157974E+02 +0.000000E+00 +0.000000E+00 +0.261360E-02 -0.193807E-02 +0.000000E+00 +0.600299E-03 +0.000000E+00 +0.000000E+00
 +0.130720E+01 -0.103520E+03 +0.172108E+03 -0.674474E+02 +0.345380E+02 +0.157220E+02 +0.000000E+00 +0.000000E+00 +0.261383E-02 -0.193772E-02 +0.000000E+00 +0.597435E-03 +0.000000E+00 +0.000000E+00
 +0.130720E+01 -0.103530E+03 +0.172150E+03 -0.673994E+02 +0.345678E+02 +0.156466E+02 +0.000000E+00 +0.000000E+00 +0.261407E-02 -0.193738E-02 +0.000000E+00 +0.594570E-03 +0.000000E+00 +0.000000E+00
 +0.130720E+01 -0.103540E+03 +0.172192E+03 -0.673513E+02 +0.345975E+02 +0.155712E+02 +0.000000E+00 +0.000000E+00 +0.261430E-02 -0.193703E-02 +0.000000E+00 +0.591705E-03 +0.000000E+00 +0.000000E+00
 +0.130720E+01 -0.103550E+03 +0.172234E+03 -0.673033E+02 +0.346273E+02 +0.154958E+02 +0.000000E+00 +0.000000E+00 +0.261454E-02 -0.193668E-02 +0.000000E+00 +0.588840E-03 +0.000000E+00 +0.000000E+00
 +0.130720E+01 -0.103560E+03 +0.172276E+03 -0.672553E+02 +0.346570E+02 +0.154204E+02 +0.000000E+00 +0.000000E+00 +0.261477E-02 -0.193633E-02 +0.000000E+00 +0.585975E-03 +0.000000E+00 +0.000000E+00
 +0.130720E+01 -0.103570E+03 +0.172319E+03 -0.672072E+02 +0.346867E+02 +0.153450E+02 +0.000000E+00 +0.000000E+00 +0.261500E-02 -0.193599E-02 +0.000000E+00 +0.583110E-03 +0.000000E+00 +0.000000E+00
 +0.130720E+01 -0.103580E+03 +0.172361E+03 -0.671584E+02 +0.347168E+02 +0.152696E+02 +0.000000E+00 +0.000000E+00 +0.261524E-02 -0.193563E-02 +0.000000E+00 +0.580244E-03 +0.000000E+00 +0.000000E+00
 +0.130720E+01 -0.103590E+03 +0.172415E+03 -0.670543E+02 +0.347689E+02 +0.151922E+02 +0.000000E+00 +0.000000E+00 +0.261527E-02 -0.193464E-02 +0.000000E+00 +0.577304E-03 +0.000000E+00 +0.000000E+00
 +0.130720E+01 -0.103600E+03 +0.172468E+03 -0.669502E+02 +0.348210E+02 +0.151148E+02 +0.000000E+00 +0.000000E+00 +0.261530E-02 -0.193365E-02 +0.000000E+00 +0.574363E-03 +0.000000E+00 +0.000000E+00
 +0.130720E+01 -0.103610E+03 +0.172513E+03 -0.668522E+02 +0.348682E+02 +0.150453E+02 +0.000000E+00 +0.000000E+00 +0.261526E-02 -0.193269E-02 +0.000000E+00 +0.571722E-03 +0.000000E+00 +0.000000E+00
 +0.130720E+01 -0.103620E+03 +0.172551E+03 -0.667597E+02 +0.349110E+02 +0.149830E+02 +0.000000E+00 +0.000000E+00 +0.261515E-02 -0.193174E-02 +0.000000E+00 +0.569354E-03 +0.000000E+00 +0.000000E+00
 +0.130720E+01 -0.103630E+03 +0.172588E+03 -0.666672E+02 +0.349538E+02 +0.149207E+02 +0.000000E+00 +0.000000E+00 +0.261505E-02 -0.193080E-02 +0.000000E+00 +0.566985E-03 +0.000000E+00 +0.000000E+00
 +0.130720E+01 -0.103640E+03 +0.172625E+03 -0.665747E+02 +0.349966E+02 +0.148583E+02 +0.000000E+00 +0.000000E+00 +0.261494E-02 -0.192986E-02 +0.000000E+00 +0.564617E-03 +0.000000E+00 +0.000000E+00
 +0.130720E+01 -0.103650E+03 +0.172662E+03 -0.664823E+02 +0.350394E+02 +0.147960E+02 +0.000000E+00 +0.000000E+00 +0.261484E-02 -0.192891E-02 +0.000000E+00 +0.562249E-03 +0.000000E+00 +0.000000E+00
 +0.130720E+01 -0.103660E+03 +0.172700E+03 -0.663898E+02 +0.350822E+02 +0.147337E+02 +0.000000E+00 +0.000000E+00 +0.261473E-02 -0.192797E-02 +0.000000E+00 +0.559881E-03 +0.000000E+00 +0.000000E+00
 +0.130720E+01 -0.103670E+03 +0.172737E+03 -0.662973E+02 +0.351250E+02 +0.146714E+02 +0.000000E+00 +0.000000E+00 +0.261462E-02 -0.192702E-02 +0.000000E+00 +0.557512E-03 +0.000000E+00 +0.000000E+00
 +0.130720E+01 -0.103680E+03 +0.172774E+03 -0.662048E+02 +0.351678E+02 +0.146091E+02 +0.000000E+00 +0.000000E+00 +0.261452E-02 -0.192608E-02 +0.000000E+00 +0.555144E-03 +0.000000E+00 +0.000000E+00
 +0.130720E+01 -0.103690E+03 +0.172811E+03 -0.661123E+02 +0.352106E+02 +0.145467E+02 +0.000000E+00 +0.000000E+00 +0.261441E-02 -0.192514E-02 +0.000000E+00 +0.552776E-03 +0.000000E+00 +0.000000E+00
 +0.130720E+01 -0.103700E+03 +0.172848E+03 -0.660199E+02 +0.352534E+02 +0.144844E+02 +0.000000E+00 +0.000000E+00 +0.261431E-02 -0.192419E-02 +0.000000E+00 +0.550407E-03 +0.000000E+00 +0.000000E+00
 +0.130720E+01 -0.103710E+03 +0.172886E+03 -0.659274E+02 +0.352962E+02 +0.144221E+02 +0.000000E+00 +0.000000E+00 +0.261420E-02 -0.192325E-02 +0.000000E+00 +0.548039E-03 +0.000000E+00 +0.000000E+00
 +0.130720E+01 -0.103720E+03 +0.172923E+03 -0.658349E+02 +0.353390E+02 +0.143598E+02 +0.000000E+00 +0.000000E+00 +0.261409E-02 -0.192230E-02 +0.000000E+00 +0.545671E-03 +0.000000E+00 +0.000000E+00
 +0.130720E+01 -0.103730E+03 +0.172960E+03 -0.657424E+02 +0.353818E+02 +0.142974E+02 +0.000000E+00 +0.000000E+00 +0.261399E-02 -0.192136E-02 +0.000000E+00 +0.543302E-03 +0.000000E+00 +0.000000E+00
 +0.130720E+01 -0.103740E+03 +0.172997E+03 -0.656499E+02 +0.354246E+02 +0.142351E+02 +0.000000E+00 +0.000000E+00 +0.261388E-02 -0.192042E-02 +0.000000E+00 +0.540934E-03 +0.000000E+00 +0.000000E+00
 +0.130720E+01 -0.103750E+03 +0.173035E+03 -0.655575E+02 +0.354674E+02 +0.141728E+02 +0.000000E+00 +0.000000E+00 +0.261378E-02 -0.191947E-02 +0.000000E+00 +0.538566E-03 +0.000000E+00 +0.000000E+00
 +0.130720E+01 -0.103760E+03 +0.173072E+03 -0.654650E+02 +0.355102E+02 +0.141105E+02 +0.000000E+00 +0.000000E+00 +0.261367E-02 -0.191853E-02 +0.000000E+00 +0.536198E-03 +0.000000E+00 +0.000000E+00
 +0.130720E+01 -0.103770E+03 +0.173109E+03 -0.653725E+02 +0.355530E+02 +0.140481E+02 +0.000000E+00 +0.000000E+00 +0.261356E-02 -0.191759E-02 +0.000000E+00 +0.533829E-03 +0.000000E+00 +0.000000E+00
 +0.130720E+01 -0.103780E+03 +0.173146E+03 -0.652800E+02 +0.355958E+02 +0.139858E+02 +0.000000E+00 +0.000000E+00 +0.261346E-02 -0.191664E-02 +0.000000E+00 +0.531461E-03 +0.000000E+00 +0.000000E+00
 +0.130720E+01 -0.103790E+03 +0.173183E+03 -0.651875E+02 +0.356387E+02 +0.139235E+02 +0.000000E+00 +0.000000E+00 +0.261335E-02 -0.191570E-02 +0.000000E+00 +0.529093E-03 +0.000000E+00 +0.000000E+00
 +0.130720E+01 -0.103800E+03 +0.173221E+03 -0.650951E+02 +0.356815E+02 +0.138612E+02 +0.000000E+00 +0.000000E+00 +0.261325E-02 -0.191475E-02 +0.000000E+00 +0.526724E-03 +0.000000E+00 +0.000000E+00
 +0.130720E+01 -0.103810E+03 +0.173258E+03 -0.650026E+02 +0.357243E+02 +0.137988E+02 +0.000000E+00 +0.000000E+00 +0.261314E-02 -0.191381E-02 +0.000000E+00 +0.524356E-03 +0.000000E+00 +0.000000E+00
 +0.130720E+01 -0.103820E+03 +0.173295E+03 -0.649101E+02 +0.357671E+02 +0.137365E+02 +0.000000E+00 +0.000000E+00 +0.261303E-02 -0.191287E-02 +0.000000E+00 +0.521988E-03 +0.000000E+00 +0.000000E+00
 +0.130720E+01 -0.103830E+03 +0.173332E+03 -0.648176E+02 +0.358099E+02 +0.136742E+02 +0.000000E+00 +0.000000E+00 +0.261293E-02 -0.191192E-02 +0.000000E+00 +0.519619E-03 +0.000000E+00 +0.000000E+00
 +0.130720E+01 -0.103840E+03 +0.173370E+03 -0.647251E+02 +0.358527E+02 +0.136119E+02 +0.000000E+00 +0.000000E+00 +0.261282E-02 -0.191098E-02 +0.000000E+00 +0.517251E-03 +0.000000E+00 +0.000000E+00
 +0.130720E+01 -0.103850E+03 +0.173407E+03 -0.646327E+02 +0.358955E+02 +0.135495E+02 +0.000000E+00 +0.000000E+00 +0.261272E-02 -0.191003E-02 +0.000000E+00 +0.514883E-03 +0.000000E+00 +0.000000E+00
 +0.130720E+01 -0.103860E+03 +0.173444E+03 -0.645402E+02 +0.359383E+02 +0.134872E+02 +0.000000E+00 +0.000000E+00 +0.261261E-02 -0.190909E-02 +0.000000E+00 +0.512515E-03 +0.000000E+00 +0.000000E+00
 +0.130720E+01 -0.103870E+03 +0.173481E+03 -0.644477E+02 +0.359811E+02 +0.134249E+02 +0.000000E+00 +0.000000E+00 +0.261250E-02 -0.190815E-02 +0.000000E+00 +0.510146E-03 +0.000000E+00 +0.000000E+00
 +0.130720E+01 -0.103880E+03 +0.173518E+03 -0.643552E+02 +0.360239E+02 +0.133626E+02 +0.000000E+00 +0.000000E+00 +0.261240E-02 -0.190720E-02 +0.000000E+00 +0.507778E-03 +0.000000E+00 +0.000000E+00
 +0.130720E+01 -0.103890E+03 +0.173556E+03 -0.642627E+02 +0.360667E+02 +0.133003E+02 +0.000000E+00 +0.000000E+00 +0.261229E-02 -0.190626E-02 +0.000000E+00 +0.505410E-03 +0.000000E+00 +0.000000E+00
 +0.130720E+01 -0.103900E+03 +0.173593E+03 -0.641703E+02 +0.361095E+02 +0.132379E+02 +0.000000E+00 +0.000000E+00 +0.261219E-02 -0.190531E-02 +0.000000E+00 +0.503041E-03 +0.000000E+00 +0.000000E+00
 +0.130720E+01 -0.103910E+03 +0.173630E+03 -0.640778E+02 +0.361523E+02 +0.131756E+02 +0.000000E+00 +0.000000E+00 +0.261208E-02 -0.190437E-02 +0.000000E+00 +0.500673E-03 +0.000000E+00 +0.000000E+00
 +0.130720E+01 -0.103920E+03 +0.173667E+03 -0.639853E+02 +0.361951E+02 +0.131133E+02 +0.000000E+00 +0.000000E+00 +0.261197E-02 -0.190343E-02 +0.000000E+00 +0.498305E-03 +0.000000E+00 +0.000000E+00
 +0.130720E+01 -0.103930E+03 +0.173715E+03 -0.639117E+02 +0.362351E+02 +0.130295E+02 +0.000000E+00 +0.000000E+00 +0.261212E-02 -0.190279E-02 +0.000000E+00 +0.495123E-03 +0.000000E+00 +0.000000E+00
 +0.130720E+01 -0.103940E+03 +0.173765E+03 -0.638417E+02 +0.362746E+02 +0.129417E+02 +0.000000E+00 +0.000000E+00 +0.261231E-02 -0.190221E-02 +0.000000E+00 +0.491786E-03 +0.000000E+00 +0.000000E+00
 +0.130720E+01 -0.103950E+03 +0.173815E+03 -0.637717E+02 +0.363141E+02 +0.128539E+02 +0.000000E+00 +0.000000E+00 +0.261251E-02 -0.190163E-02 +0.000000E+00 +0.488450E-03 +0.000000E+00 +0.000000E+00
 +0.130720E+01 -0.103960E+03 +0.173864E+03 -0.637017E+02 +0.363537E+02 +0.127661E+02 +0.000000E+00 +0.000000E+00 +0.261270E-02 -0.190105E-02 +0.000000E+00 +0.485113E-03 +0.000000E+00 +0.000000E+00
 +0.130720E+01 -0.103970E+03 +0.173914E+03 -0.636317E+02 +0.363932E+02 +0.126783E+02 +0.000000E+00 +0.000000E+00 +0.261290E-02 -0.190047E-02 +0.000000E+00 +0.481777E-03 +0.000000E+00 +0.000000E+00
 +0.130720E+01 -0.103980E+03 +0.173964E+03 -0.635617E+02 +0.364327E+02 +0.125905E+02 +0.000000E+00 +0.000000E+00 +0.261309E-02 -0.189989E-02 +0.000000E+00 +0.478440E-03 +0.000000E+00 +0.000000E+00
 +0.130720E+01 -0.103990E+03 +0.174013E+03 -0.634917E+02 +0.364722E+02 +0.125027E+02 +0.000000E+00 +0.000000E+00 +0.261328E-02 -0.189931E-02 +0.000000E+00 +0.475104E-03 +0.000000E+00 +0.000000E+00
 +0.130720E+01 -0.104000E+03 +0.174063E+03 -0.634217E+02 +0.365117E+02 +0.124149E+02 +0.000000E+00 +0.000000E+00 +0.261348E-02 -0.189873E-02 +0.000000E+00 +0.471767E-03 +0.000000E+00 +0.000000E+00
 +0.130720E+01 -0.104010E+03 +0.174113E+03 -0.633517E+02 +0.365512E+02 +0.123271E+02 +0.000000E+00 +0.000000E+00 +0.261367E-02 -0.189815E-02 +0.000000E+00 +0.468431E-03 +0.000000E+00 +0.000000E+00
 +0.130720E+01 -0.104020E+03 +0.174163E+03 -0.632817E+02 +0.365907E+02 +0.122393E+02 +0.000000E+00 +0.000000E+00 +0.261387E-02 -0.189758E-02 +0.000000E+00 +0.465095E-03 +0.000000E+00 +0.000000E+00
 +0.130720E+01 -0.104030E+03 +0.174212E+03 -0.632117E+02 +0.366302E+02 +0.121515E+02 +0.000000E+00 +0.000000E+00 +0.261406E-02 -0.189700E-02 +0.000000E+00 +0.461758E-03 +0.000000E+00 +0.000000E+00
 +0.130720E+01 -0.104040E+03 +0.174262E+03 -0.631417E+02 +0.366698E+02 +0.120637E+02 +0.000000E+00 +0.000000E+00 +0.261426E-02 -0.189642E-02 +0.000000E+00 +0.458422E-03 +0.000000E+00 +0.000000E+00
 +0.130720E+01 -0.104050E+03 +0.174312E+03 -0.630717E+02 +0.367093E+02 +0.119759E+02 +0.000000E+00 +0.000000E+00 +0.261445E-02 -0.189584E-02 +0.000000E+00 +0.455085E-03 +0.000000E+00 +0.000000E+00
 +0.130720E+01 -0.104060E+03 +0.174362E+03 -0.630016E+02 +0.367488E+02 +0.118881E+02 +0.000000E+00 +0.000000E+00 +0.261464E-02 -0.189526E-02 +0.000000E+00 +0.451749E-03 +0.000000E+00 +0.000000E+00
 +0.130720E+01 -0.104070E+03 +0.174411E+03 -0.629316E+02 +0.367883E+02 +0.118003E+02 +0.000000E+00 +0.000000E+00 +0.261484E-02 -0.189468E-02 +0.000000E+00 +0.448412E-03 +0.000000E+00 +0.000000E+00
 +0.130720E+01 -0.104080E+03 +0.174461E+03 -0.628616E+02 +0.368278E+02 +0.117125E+02 +0.000000E+00 +0.000000E+00 +0.261503E-02 -0.189410E-02 +0.000000E+00 +0.445076E-03 +0.000000E+00 +0.000000E+00
 +0.130720E+01 -0.104090E+03 +0.174511E+03 -0.627916E+02 +0.368673E+02 +0.116247E+02 +0.000000E+00 +0.000000E+00 +0.261523E-02 -0.189352E-02 +0.000000E+00 +0.441740E-03 +0.000000E+00 +0.000000E+00
 +0.130720E+01 -0.104100E+03 +0.174561E+03 -0.627216E+02 +0.369068E+02 +0.115369E+02 +0.000000E+00 +0.000000E+00 +0.261542E-02 -0.189294E-02 +0.000000E+00 +0.438403E-03 +0.000000E+00 +0.000000E+00
 +0.130720E+01 -0.104110E+03 +0.174610E+03 -0.626516E+02 +0.369463E+02 +0.114491E+02 +0.000000E+00 +0.000000E+00 +0.261561E-02 -0.189236E-02 +0.000000E+00 +0.435067E-03 +0.000000E+00 +0.000000E+00
 +0.130720E+01 -0.104120E+03 +0.174660E+03 -0.625816E+02 +0.369859E+02 +0.113613E+02 +0.000000E+00 +0.000000E+00 +0.261581E-02 -0.189178E-02 +0.000000E+00 +0.431730E-03 +0.000000E+00 +0.000000E+00
 +0.130720E+01 -0.104130E+03 +0.174710E+03 -0.625116E+02 +0.370254E+02 +0.112735E+02 +0.000000E+00 +0.000000E+00 +0.261600E-02 -0.189120E-02 +0.000000E+00 +0.428394E-03 +0.000000E+00 +0.000000E+00
 +0.130720E+01 -0.104140E+03 +0.174759E+03 -0.624416E+02 +0.370649E+02 +0.111857E+02 +0.000000E+00 +0.000000E+00 +0.261620E-02 -0.189062E-02 +0.000000E+00 +0.425057E-03 +0.000000E+00 +0.000000E+00
 +0.130720E+01 -0.104150E+03 +0.174809E+03 -0.623716E+02 +0.371044E+02 +0.110979E+02 +0.000000E+00 +0.000000E+00 +0.261639E-02 -0.189004E-02 +0.000000E+00 +0.421721E-03 +0.000000E+00 +0.000000E+00
 +0.130720E+01 -0.104160E+03 +0.174859E+03 -0.623016E+02 +0.371439E+02 +0.110101E+02 +0.000000E+00 +0.000000E+00 +0.261658E-02 -0.188946E-02 +0.000000E+00 +0.418385E-03 +0.000000E+00 +0.000000E+00
 +0.130720E+01 -0.104170E+03 +0.174909E+03 -0.622316E+02 +0.371834E+02 +0.109223E+02 +0.000000E+00 +0.000000E+00 +0.261678E-02 -0.188889E-02 +0.000000E+00 +0.415048E-03 +0.000000E+00 +0.000000E+00
 +0.130720E+01 -0.104180E+03 +0.174958E+03 -0.621616E+02 +0.372229E+02 +0.108345E+02 +0.000000E+00 +0.000000E+00 +0.261697E-02 -0.188831E-02 +0.000000E+00 +0.411712E-03 +0.000000E+00 +0.000000E+00
 +0.130720E+01 -0.104190E+03 +0.174986E+03 -0.621371E+02 +0.372400E+02 +0.107772E+02 +0.000000E+00 +0.000000E+00 +0.261717E-02 -0.188816E-02 +0.000000E+00 +0.409533E-03 +0.000000E+00 +0.000000E+00
 +0.130720E+01 -0.104200E+03 +0.175013E+03 -0.621130E+02 +0.372569E+02 +0.107201E+02 +0.000000E+00 +0.000000E+00 +0.261736E-02 -0.188803E-02 +0.000000E+00 +0.407364E-03 +0.000000E+00 +0.000000E+00
 +0.130720E+01 -0.104210E+03 +0.175040E+03 -0.620888E+02 +0.372738E+02 +0.106630E+02 +0.000000E+00 +0.000000E+00 +0.261755E-02 -0.188789E-02 +0.000000E+00 +0.405195E-03 +0.000000E+00 +0.000000E+00
 +0.130720E+01 -0.104220E+03 +0.175067E+03 -0.620647E+02 +0.372907E+02 +0.106059E+02 +0.000000E+00 +0.000000E+00 +0.261774E-02 -0.188775E-02 +0.000000E+00 +0.403026E-03 +0.000000E+00 +0.000000E+00
 +0.130720E+01 -0.104230E+03 +0.175094E+03 -0.620406E+02 +0.373075E+02 +0.105489E+02 +0.000000E+00 +0.000000E+00 +0.261794E-02 -0.188761E-02 +0.000000E+00 +0.400857E-03 +0.000000E+00 +0.000000E+00
 +0.130720E+01 -0.104240E+03 +0.175121E+03 -0.620164E+02 +0.373244E+02 +0.104918E+02 +0.000000E+00 +0.000000E+00 +0.261813E-02 -0.188748E-02 +0.000000E+00 +0.398687E-03 +0.000000E+00 +0.000000E+00
 +0.130720E+01 -0.104250E+03 +0.175148E+03 -0.619923E+02 +0.373413E+02 +0.104347E+02 +0.000000E+00 +0.000000E+00 +0.261832E-02 -0.188734E-02 +0.000000E+00 +0.396518E-03 +0.000000E+00 +0.000000E+00
 +0.130720E+01 -0.104260E+03 +0.175175E+03 -0.619681E+02 +0.373582E+02 +0.103776E+02 +0.000000E+00 +0.000000E+00 +0.261852E-02 -0.188720E-02 +0.000000E+00 +0.394349E-03 +0.000000E+00 +0.000000E+00
 +0.130720E+01 -0.104270E+03 +0.175202E+03 -0.619440E+02 +0.373751E+02 +0.103205E+02 +0.000000E+00 +0.000000E+00 +0.261871E-02 -0.188706E-02 +0.000000E+00 +0.392180E-03 +0.000000E+00 +0.000000E+00
 +0.130720E+01 -0.104280E+03 +0.175229E+03 -0.619199E+02 +0.373920E+02 +0.102634E+02 +0.000000E+00 +0.000000E+00 +0.261890E-02 -0.188693E-02 +0.000000E+00 +0.390010E-03 +0.000000E+00 +0.000000E+00
 +0.130720E+01 -0.104290E+03 +0.175256E+03 -0.618957E+02 +0.374089E+02 +0.102063E+02 +0.000000E+00 +0.000000E+00 +0.261909E-02 -0.188679E-02 +0.000000E+00 +0.387841E-03 +0.000000E+00 +0.000000E+00
 +0.130720E+01 -0.104300E+03 +0.175283E+03 -0.618716E+02 +0.374258E+02 +0.101493E+02 +0.000000E+00 +0.000000E+00 +0.261929E-02 -0.188665E-02 +0.000000E+00 +0.385672E-03 +0.000000E+00 +0.000000E+00
 +0.130720E+01 -0.104310E+03 +0.175310E+03 -0.618475E+02 +0.374427E+02 +0.100922E+02 +0.000000E+00 +0.000000E+00 +0.261948E-02 -0.188651E-02 +0.000000E+00 +0.383503E-03 +0.000000E+00 +0.000000E+00
 +0.130720E+01 -0.104320E+03 +0.175337E+03 -0.618233E+02 +0.374595E+02 +0.100351E+02 +0.000000E+00 +0.000000E+00 +0.261967E-02 -0.188637E-02 +0.000000E+00 +0.381333E-03 +0.000000E+00 +0.000000E+00
 +0.130720E+01 -0.104330E+03 +0.175364E+03 -0.617992E+02 +0.374764E+02 +0.997801E+01 +0.000000E+00 +0.000000E+00 +0.261987E-02 -0.188624E-02 +0.000000E+00 +0.379164E-03 +0.000000E+00 +0.000000E+00
 +0.130720E+01 -0.104340E+03 +0.175391E+03 -0.617750E+02 +0.374933E+02 +0.992092E+01 +0.000000E+00 +0.000000E+00 +0.262006E-02 -0.188610E-02 +0.000000E+00 +0.376995E-03 +0.000000E+00 +0.000000E+00
 +0.130720E+01 -0.104350E+03 +0.175418E+03 -0.617509E+02 +0.375102E+02 +0.986384E+01 +0.000000E+00 +0.000000E+00 +0.262025E-02 -0.188596E-02 +0.000000E+00 +0.374826E-03 +0.000000E+00 +0.000000E+00
 +0.130720E+01 -0.104360E+03 +0.175445E+03 -0.617268E+02 +0.375271E+02 +0.980675E+01 +0.000000E+00 +0.000000E+00 +0.262044E-02 -0.188582E-02 +0.000000E+00 +0.372657E-03 +0.000000E+00 +0.000000E+00
 +0.130720E+01 -0.104370E+03 +0.175472E+03 -0.617026E+02 +0.375440E+02 +0.974967E+01 +0.000000E+00 +0.000000E+00 +0.262064E-02 -0.188569E-02 +0.000000E+00 +0.370487E-03 +0.000000E+00 +0.000000E+00
 +0.130720E+01 -0.104380E+03 +0.175499E+03 -0.616785E+02 +0.375609E+02 +0.969258E+01 +0.000000E+00 +0.000000E+00 +0.262083E-02 -0.188555E-02 +0.000000E+00 +0.368318E-03 +0.000000E+00 +0.000000E+00
 +0.130720E+01 -0.104390E+03 +0.175526E+03 -0.616544E+02 +0.375778E+02 +0.963550E+01 +0.000000E+00 +0.000000E+00 +0.262102E-02 -0.188541E-02 +0.000000E+00 +0.366149E-03 +0.000000E+00 +0.000000E+00
 +0.130720E+01 -0.104400E+03 +0.175537E+03 -0.615987E+02 +0.375996E+02 +0.957702E+01 +0.000000E+00 +0.000000E+00 +0.262081E-02 -0.188477E-02 +0.000000E+00 +0.363927E-03 +0.000000E+00 +0.000000E+00
 +0.130720E+01 -0.104410E+03 +0.175543E+03 -0.615341E+02 +0.376228E+02 +0.951816E+01 +0.000000E+00 +0.000000E+00 +0.262048E-02 -0.188398E-02 +0.000000E+00 +0.361690E-03 +0.000000E+00 +0.000000E+00
 +0.130720E+01 -0.104420E+03 +0.175548E+03 -0.614695E+02 +0.376460E+02 +0.945929E+01 +0.000000E+00 +0.000000E+00 +0.262014E-02 -0.188319E-02 +0.000000E+00 +0.359453E-03 +0.000000E+00 +0.000000E+00
 +0.130720E+01 -0.104430E+03 +0.175554E+03 -0.614049E+02 +0.376692E+02 +0.940042E+01 +0.000000E+00 +0.000000E+00 +0.261981E-02 -0.188241E-02 +0.000000E+00 +0.357216E-03 +0.000000E+00 +0.000000E+00
 +0.130720E+01 -0.104440E+03 +0.175560E+03 -0.613403E+02 +0.376924E+02 +0.934155E+01 +0.000000E+00 +0.000000E+00 +0.261948E-02 -0.188162E-02 +0.000000E+00 +0.354979E-03 +0.000000E+00 +0.000000E+00
 +0.130720E+01 -0.104450E+03 +0.175565E+03 -0.612757E+02 +0.377156E+02 +0.928268E+01 +0.000000E+00 +0.000000E+00 +0.261915E-02 -0.188084E-02 +0.000000E+00 +0.352742E-03 +0.000000E+00 +0.000000E+00
 +0.130720E+01 -0.104460E+03 +0.175571E+03 -0.612111E+02 +0.377388E+02 +0.922381E+01 +0.000000E+00 +0.000000E+00 +0.261881E-02 -0.188005E-02 +0.000000E+00 +0.350505E-03 +0.000000E+00 +0.000000E+00
 +0.130720E+01 -0.104470E+03 +0.175577E+03 -0.611465E+02 +0.377620E+02 +0.916495E+01 +0.000000E+00 +0.000000E+00 +0.261848E-02 -0.187926E-02 +0.000000E+00 +0.348268E-03 +0.000000E+00 +0.000000E+00
 +0.130720E+01 -0.104480E+03 +0.175583E+03 -0.610819E+02 +0.377852E+02 +0.910608E+01 +0.000000E+00 +0.000000E+00 +0.261815E-02 -0.187848E-02 +0.000000E+00 +0.346031E-03 +0.000000E+00 +0.000000E+00
 +0.130720E+01 -0.104490E+03 +0.175588E+03 -0.610173E+02 +0.378084E+02 +0.904721E+01 +0.000000E+00 +0.000000E+00 +0.261782E-02 -0.187769E-02 +0.000000E+00 +0.343794E-03 +0.000000E+00 +0.000000E+00
 +0.130720E+01 -0.104500E+03 +0.175594E+03 -0.609527E+02 +0.378316E+02 +0.898834E+01 +0.000000E+00 +0.000000E+00 +0.261749E-02 -0.187690E-02 +0.000000E+00 +0.341557E-03 +0.000000E+00 +0.000000E+00
 +0.130720E+01 -0.104510E+03 +0.175600E+03 -0.608881E+02 +0.378548E+02 +0.892947E+01 +0.000000E+00 +0.000000E+00 +0.261715E-02 -0.187612E-02 +0.000000E+00 +0.339320E-03 +0.000000E+00 +0.000000E+00
 +0.130720E+01 -0.104520E+03 +0.175605E+03 -0.608235E+02 +0.378780E+02 +0.887061E+01 +0.000000E+00 +0.000000E+00 +0.261682E-02 -0.187533E-02 +0.000000E+00 +0.337083E-03 +0.000000E+00 +0.000000E+00
 +0.130720E+01 -0.104530E+03 +0.175611E+03 -0.607589E+02 +0.379012E+02 +0.881174E+01 +0.000000E+00 +0.000000E+00 +0.261649E-02 -0.187454E-02 +0.000000E+00 +0.334846E-03 +0.000000E+00 +0.000000E+00
 +0.130720E+01 -0.104540E+03 +0.175617E+03 -0.606943E+02 +0.379244E+02 +0.875287E+01 +0.000000E+00 +0.000000E+00 +0.261616E-02 -0.187376E-02 +0.000000E+00 +0.332609E-03 +0.000000E+00 +0.000000E+00
 +0.130720E+01 -0.104550E+03 +0.175623E+03 -0.606297E+02 +0.379476E+02 +0.869400E+01 +0.000000E+00 +0.000000E+00 +0.261582E-02 -0.187297E-02 +0.000000E+00 +0.330372E-03 +0.000000E+00 +0.000000E+00
 +0.130720E+01 -0.104560E+03 +0.175628E+03 -0.605651E+02 +0.379708E+02 +0.863513E+01 +0.000000E+00 +0.000000E+00 +0.261549E-02 -0.187218E-02 +0.000000E+00 +0.328135E-03 +0.000000E+00 +0.000000E+00
 +0.130720E+01 -0.104570E+03 +0.175634E+03 -0.605005E+02 +0.379941E+02 +0.857626E+01 +0.000000E+00 +0.000000E+00 +0.261516E-02 -0.187140E-02 +0.000000E+00 +0.325898E-03 +0.000000E+00 +0.000000E+00
 +0.130720E+01 -0.104580E+03 +0.175648E+03 -0.604359E+02 +0.380201E+02 +0.852673E+01 +0.000000E+00 +0.000000E+00 +0.261493E-02 -0.187066E-02 +0.000000E+00 +0.324016E-03 +0.000000E+00 +0.000000E+00
 +0.130720E+01 -0.104590E+03 +0.175676E+03 -0.603712E+02 +0.380506E+02 +0.849208E+01 +0.000000E+00 +0.000000E+00 +0.261488E-02 -0.187001E-02 +0.000000E+00 +0.322699E-03 +0.000000E+00 +0.000000E+00
 +0.130720E+01 -0.104600E+03 +0.175704E+03 -0.603064E+02 +0.380811E+02 +0.845743E+01 +0.000000E+00 +0.000000E+00 +0.261483E-02 -0.186936E-02 +0.000000E+00 +0.321382E-03 +0.000000E+00 +0.000000E+00
 +0.130720E+01 -0.104610E+03 +0.175731E+03 -0.602417E+02 +0.381116E+02 +0.842277E+01 +0.000000E+00 +0.000000E+00 +0.261478E-02 -0.186871E-02 +0.000000E+00 +0.320065E-03 +0.000000E+00 +0.000000E+00
 +0.130720E+01 -0.104620E+03 +0.175759E+03 -0.601770E+02 +0.381421E+02 +0.838812E+01 +0.000000E+00 +0.000000E+00 +0.261472E-02 -0.186806E-02 +0.000000E+00 +0.318749E-03 +0.000000E+00 +0.000000E+00
 +0.130720E+01 -0.104630E+03 +0.175787E+03 -0.601123E+02 +0.381726E+02 +0.835347E+01 +0.000000E+00 +0.000000E+00 +0.261467E-02 -0.186741E-02 +0.000000E+00 +0.317432E-03 +0.000000E+00 +0.000000E+00
 +0.130720E+01 -0.104640E+03 +0.175815E+03 -0.600476E+02 +0.382031E+02 +0.831881E+01 +0.000000E+00 +0.000000E+00 +0.261462E-02 -0.186676E-02 +0.000000E+00 +0.316115E-03 +0.000000E+00 +0.000000E+00
 +0.130720E+01 -0.104650E+03 +0.175842E+03 -0.599829E+02 +0.382336E+02 +0.828416E+01 +0.000000E+00 +0.000000E+00 +0.261456E-02 -0.186611E-02 +0.000000E+00 +0.314798E-03 +0.000000E+00 +0.000000E+00
 +0.130720E+01 -0.104660E+03 +0.175870E+03 -0.599181E+02 +0.382641E+02 +0.824951E+01 +0.000000E+00 +0.000000E+00 +0.261451E-02 -0.186546E-02 +0.000000E+00 +0.313481E-03 +0.000000E+00 +0.000000E+00
 +0.130720E+01 -0.104670E+03 +0.175898E+03 -0.598534E+02 +0.382946E+02 +0.821486E+01 +0.000000E+00 +0.000000E+00 +0.261446E-02 -0.186481E-02 +0.000000E+00 +0.312164E-03 +0.000000E+00 +0.000000E+00
 +0.130720E+01 -0.104680E+03 +0.175925E+03 -0.597887E+02 +0.383251E+02 +0.818020E+01 +0.000000E+00 +0.000000E+00 +0.261441E-02 -0.186416E-02 +0.000000E+00 +0.310848E-03 +0.000000E+00 +0.000000E+00
 +0.130720E+01 -0.104690E+03 +0.175953E+03 -0.597240E+02 +0.383556E+02 +0.814555E+01 +0.000000E+00 +0.000000E+00 +0.261435E-02 -0.186351E-02 +0.000000E+00 +0.309531E-03 +0.000000E+00 +0.000000E+00
 +0.130720E+01 -0.104700E+03 +0.175981E+03 -0.596593E+02 +0.383861E+02 +0.811090E+01 +0.000000E+00 +0.000000E+00 +0.261430E-02 -0.186286E-02 +0.000000E+00 +0.308214E-03 +0.000000E+00 +0.000000E+00
 +0.130720E+01 -0.104710E+03 +0.176009E+03 -0.595946E+02 +0.384166E+02 +0.807624E+01 +0.000000E+00 +0.000000E+00 +0.261425E-02 -0.186221E-02 +0.000000E+00 +0.306897E-03 +0.000000E+00 +0.000000E+00
 +0.130720E+01 -0.104720E+03 +0.176036E+03 -0.595298E+02 +0.384471E+02 +0.804159E+01 +0.000000E+00 +0.000000E+00 +0.261419E-02 -0.186156E-02 +0.000000E+00 +0.305580E-03 +0.000000E+00 +0.000000E+00
 +0.130720E+01 -0.104730E+03 +0.176064E+03 -0.594651E+02 +0.384776E+02 +0.800694E+01 +0.000000E+00 +0.000000E+00 +0.261414E-02 -0.186091E-02 +0.000000E+00 +0.304264E-03 +0.000000E+00 +0.000000E+00
 +0.130720E+01 -0.104740E+03 +0.176092E+03 -0.594004E+02 +0.385081E+02 +0.797228E+01 +0.000000E+00 +0.000000E+00 +0.261409E-02 -0.186026E-02 +0.000000E+00 +0.302947E-03 +0.000000E+00 +0.000000E+00
 +0.130720E+01 -0.104750E+03 +0.176119E+03 -0.593357E+02 +0.385386E+02 +0.793763E+01 +0.000000E+00 +0.000000E+00 +0.261404E-02 -0.185961E-02 +0.000000E+00 +0.301630E-03 +0.000000E+00 +0.000000E+00
 +0.130720E+01 -0.104760E+03 +0.176147E+03 -0.592710E+02 +0.385691E+02 +0.790298E+01 +0.000000E+00 +0.000000E+00 +0.261398E-02 -0.185896E-02 +0.000000E+00 +0.300313E-03 +0.000000E+00 +0.000000E+00
 +0.130720E+01 -0.104770E+03 +0.176175E+03 -0.592062E+02 +0.385996E+02 +0.786832E+01 +0.000000E+00 +0.000000E+00 +0.261393E-02 -0.185831E-02 +0.000000E+00 +0.298996E-03 +0.000000E+00 +0.000000E+00
 +0.130720E+01 -0.104780E+03 +0.176203E+03 -0.591415E+02 +0.386302E+02 +0.783367E+01 +0.000000E+00 +0.000000E+00 +0.261388E-02 -0.185766E-02 +0.000000E+00 +0.297680E-03 +0.000000E+00 +0.000000E+00
 +0.130720E+01 -0.104790E+03 +0.176230E+03 -0.590768E+02 +0.386607E+02 +0.779902E+01 +0.000000E+00 +0.000000E+00 +0.261382E-02 -0.185701E-02 +0.000000E+00 +0.296363E-03 +0.000000E+00 +0.000000E+00
 +0.130720E+01 -0.104800E+03 +0.176258E+03 -0.590121E+02 +0.386912E+02 +0.776437E+01 +0.000000E+00 +0.000000E+00 +0.261377E-02 -0.185636E-02 +0.000000E+00 +0.295046E-03 +0.000000E+00 +0.000000E+00
 +0.130720E+01 -0.104810E+03 +0.176286E+03 -0.589474E+02 +0.387217E+02 +0.772971E+01 +0.000000E+00 +0.000000E+00 +0.261372E-02 -0.185571E-02 +0.000000E+00 +0.293729E-03 +0.000000E+00 +0.000000E+00
 +0.130720E+01 -0.104820E+03 +0.176313E+03 -0.588827E+02 +0.387522E+02 +0.769506E+01 +0.000000E+00 +0.000000E+00 +0.261366E-02 -0.185506E-02 +0.000000E+00 +0.292412E-03 +0.000000E+00 +0.000000E+00
 +0.130720E+01 -0.104830E+03 +0.176341E+03 -0.588179E+02 +0.387827E+02 +0.766041E+01 +0.000000E+00 +0.000000E+00 +0.261361E-02 -0.185441E-02 +0.000000E+00 +0.291095E-03 +0.000000E+00 +0.000000E+00
 +0.130720E+01 -0.104840E+03 +0.176369E+03 -0.587532E+02 +0.388132E+02 +0.762575E+01 +0.000000E+00 +0.000000E+00 +0.261356E-02 -0.185376E-02 +0.000000E+00 +0.289779E-03 +0.000000E+00 +0.000000E+00
 +0.130720E+01 -0.104850E+03 +0.176397E+03 -0.586885E+02 +0.388437E+02 +0.759110E+01 +0.000000E+00 +0.000000E+00 +0.261351E-02 -0.185311E-02 +0.000000E+00 +0.288462E-03 +0.000000E+00 +0.000000E+00
 +0.130720E+01 -0.104860E+03 +0.176424E+03 -0.586238E+02 +0.388742E+02 +0.755645E+01 +0.000000E+00 +0.000000E+00 +0.261345E-02 -0.185246E-02 +0.000000E+00 +0.287145E-03 +0.000000E+00 +0.000000E+00
 +0.130720E+01 -0.104870E+03 +0.176452E+03 -0.585591E+02 +0.389047E+02 +0.752179E+01 +0.000000E+00 +0.000000E+00 +0.261340E-02 -0.185181E-02 +0.000000E+00 +0.285828E-03 +0.000000E+00 +0.000000E+00
 +0.130720E+01 -0.104880E+03 +0.176480E+03 -0.584943E+02 +0.389352E+02 +0.748714E+01 +0.000000E+00 +0.000000E+00 +0.261335E-02 -0.185116E-02 +0.000000E+00 +0.284511E-03 +0.000000E+00 +0.000000E+00
 +0.130720E+01 -0.104890E+03 +0.176507E+03 -0.584296E+02 +0.389657E+02 +0.745249E+01 +0.000000E+00 +0.000000E+00 +0.261329E-02 -0.185051E-02 +0.000000E+00 +0.283195E-03 +0.000000E+00 +0.000000E+00
 +0.130720E+01 -0.104900E+03 +0.176535E+03 -0.583649E+02 +0.389962E+02 +0.741783E+01 +0.000000E+00 +0.000000E+00 +0.261324E-02 -0.184986E-02 +0.000000E+00 +0.281878E-03 +0.000000E+00 +0.000000E+00
 +0.130720E+01 -0.104910E+03 +0.176563E+03 -0.583002E+02 +0.390267E+02 +0.738318E+01 +0.000000E+00 +0.000000E+00 +0.261319E-02 -0.184921E-02 +0.000000E+00 +0.280561E-03 +0.000000E+00 +0.000000E+00
 +0.130720E+01 -0.104920E+03 +0.176591E+03 -0.582355E+02 +0.390572E+02 +0.734853E+01 +0.000000E+00 +0.000000E+00 +0.261314E-02 -0.184856E-02 +0.000000E+00 +0.279244E-03 +0.000000E+00 +0.000000E+00
 +0.130720E+01 -0.104930E+03 +0.176618E+03 -0.581708E+02 +0.390877E+02 +0.731388E+01 +0.000000E+00 +0.000000E+00 +0.261308E-02 -0.184791E-02 +0.000000E+00 +0.277927E-03 +0.000000E+00 +0.000000E+00
 +0.130720E+01 -0.104940E+03 +0.176646E+03 -0.581060E+02 +0.391182E+02 +0.727922E+01 +0.000000E+00 +0.000000E+00 +0.261303E-02 -0.184726E-02 +0.000000E+00 +0.276610E-03 +0.000000E+00 +0.000000E+00
 +0.130720E+01 -0.104950E+03 +0.176674E+03 -0.580413E+02 +0.391487E+02 +0.724457E+01 +0.000000E+00 +0.000000E+00 +0.261298E-02 -0.184661E-02 +0.000000E+00 +0.275294E-03 +0.000000E+00 +0.000000E+00
 +0.130720E+01 -0.104960E+03 +0.176702E+03 -0.579766E+02 +0.391792E+02 +0.720992E+01 +0.000000E+00 +0.000000E+00 +0.261292E-02 -0.184596E-02 +0.000000E+00 +0.273977E-03 +0.000000E+00 +0.000000E+00
 +0.130720E+01 -0.104970E+03 +0.176729E+03 -0.579119E+02 +0.392097E+02 +0.717526E+01 +0.000000E+00 +0.000000E+00 +0.261287E-02 -0.184531E-02 +0.000000E+00 +0.272660E-03 +0.000000E+00 +0.000000E+00
 +0.130720E+01 -0.104980E+03 +0.176757E+03 -0.578472E+02 +0.392402E+02 +0.714061E+01 +0.000000E+00 +0.000000E+00 +0.261282E-02 -0.184466E-02 +0.000000E+00 +0.271343E-03 +0.000000E+00 +0.000000E+00
 +0.130720E+01 -0.104990E+03 +0.176785E+03 -0.577824E+02 +0.392707E+02 +0.710596E+01 +0.000000E+00 +0.000000E+00 +0.261276E-02 -0.184401E-02 +0.000000E+00 +0.270026E-03 +0.000000E+00 +0.000000E+00
