%X Y s_xx s_yy s_zz s_xy s_xz s_yz e_xx e_yy e_zz e_xy e_xz e_yz
 +0.130720E+01 -0.100000E+03 +0.345734E+03 -0.898947E+01 +0.111126E+03 -0.527492E+01 +0.000000E+00 +0.000000E+00 +0.445755E-02 -0.228219E-02 +0.000000E+00 -0.200447E-03 +0.000000E+00 +0.000000E+00
 +0.130720E+01 -0.100010E+03 +0.328923E+03 -0.322177E+01 +0.107481E+03 -0.900939E+01 +0.000000E+00 +0.000000E+00 +0.420739E-02 -0.210336E-02 +0.000000E+00 -0.342357E-03 +0.000000E+00 +0.000000E+00
 +0.130720E+01 -0.100020E+03 +0.312090E+03 +0.241672E+01 +0.103787E+03 -0.127117E+02 +0.000000E+00 +0.000000E+00 +0.395775E-02 -0.192604E-02 +0.000000E+00 -0.483044E-03 +0.000000E+00 +0.000000E+00
 +0.130720E+01 -0.100030E+03 +0.294129E+03 +0.152339E+01 +0.975652E+02 -0.147874E+02 +0.000000E+00 +0.000000E+00 +0.373471E-02 -0.182479E-02 +0.000000E+00 -0.561921E-03 +0.000000E+00 +0.000000E+00
 +0.130720E+01 -0.100040E+03 +0.276354E+03 +0.631110E+00 +0.914052E+02 -0.167822E+02 +0.000000E+00 +0.000000E+00 +0.351403E-02 -0.172471E-02 +0.000000E+00 -0.637723E-03 +0.000000E+00 +0.000000E+00
 +0.130720E+01 -0.100050E+03 +0.263213E+03 -0.235095E+00 +0.867827E+02 -0.167720E+02 +0.000000E+00 +0.000000E+00 +0.335218E-02 -0.165334E-02 +0.000000E+00 -0.637336E-03 +0.000000E+00 +0.000000E+00
 +0.130720E+01 -0.100060E+03 +0.250225E+03 -0.110018E+01 +0.822112E+02 -0.167338E+02 +0.000000E+00 +0.000000E+00 +0.319226E-02 -0.158292E-02 +0.000000E+00 -0.635885E-03 +0.000000E+00 +0.000000E+00
 +0.130720E+01 -0.100070E+03 +0.239717E+03 -0.194711E+01 +0.784642E+02 -0.162424E+02 +0.000000E+00 +0.000000E+00 +0.306381E-02 -0.152782E-02 +0.000000E+00 -0.617210E-03 +0.000000E+00 +0.000000E+00
 +0.130720E+01 -0.100080E+03 +0.229347E+03 -0.279318E+01 +0.747627E+02 -0.157276E+02 +0.000000E+00 +0.000000E+00 +0.293710E-02 -0.147356E-02 +0.000000E+00 -0.597648E-03 +0.000000E+00 +0.000000E+00
 +0.130720E+01 -0.100090E+03 +0.220603E+03 -0.362901E+01 +0.716014E+02 -0.149358E+02 +0.000000E+00 +0.000000E+00 +0.283103E-02 -0.142938E-02 +0.000000E+00 -0.567559E-03 +0.000000E+00 +0.000000E+00
 +0.130720E+01 -0.100100E+03 +0.211985E+03 -0.446446E+01 +0.684817E+02 -0.141286E+02 +0.000000E+00 +0.000000E+00 +0.272656E-02 -0.138598E-02 +0.000000E+00 -0.536887E-03 +0.000000E+00 +0.000000E+00
 +0.130720E+01 -0.100110E+03 +0.204533E+03 -0.529641E+01 +0.657481E+02 -0.131788E+02 +0.000000E+00 +0.000000E+00 +0.263691E-02 -0.134985E-02 +0.000000E+00 -0.500794E-03 +0.000000E+00 +0.000000E+00
 +0.130720E+01 -0.100120E+03 +0.197198E+03 -0.612852E+01 +0.630529E+02 -0.122177E+02 +0.000000E+00 +0.000000E+00 +0.254875E-02 -0.131445E-02 +0.000000E+00 -0.464271E-03 +0.000000E+00 +0.000000E+00
 +0.130720E+01 -0.100130E+03 +0.190747E+03 -0.696184E+01 +0.606492E+02 -0.111706E+02 +0.000000E+00 +0.000000E+00 +0.247186E-02 -0.128461E-02 +0.000000E+00 -0.424483E-03 +0.000000E+00 +0.000000E+00
 +0.130720E+01 -0.100140E+03 +0.184406E+03 -0.779571E+01 +0.582814E+02 -0.101162E+02 +0.000000E+00 +0.000000E+00 +0.239637E-02 -0.125547E-02 +0.000000E+00 -0.384416E-03 +0.000000E+00 +0.000000E+00
 +0.130720E+01 -0.100150E+03 +0.178762E+03 -0.863308E+01 +0.561425E+02 -0.901525E+01 +0.000000E+00 +0.000000E+00 +0.232977E-02 -0.123074E-02 +0.000000E+00 -0.342579E-03 +0.000000E+00 +0.000000E+00
 +0.130720E+01 -0.100160E+03 +0.173221E+03 -0.947123E+01 +0.540374E+02 -0.791015E+01 +0.000000E+00 +0.000000E+00 +0.226449E-02 -0.120666E-02 +0.000000E+00 -0.300586E-03 +0.000000E+00 +0.000000E+00
 +0.130720E+01 -0.100170E+03 +0.168244E+03 -0.103136E+02 +0.521169E+02 -0.678261E+01 +0.000000E+00 +0.000000E+00 +0.220641E-02 -0.118618E-02 +0.000000E+00 -0.257739E-03 +0.000000E+00 +0.000000E+00
 +0.130720E+01 -0.100180E+03 +0.163365E+03 -0.111568E+02 +0.502286E+02 -0.565391E+01 +0.000000E+00 +0.000000E+00 +0.214958E-02 -0.116632E-02 +0.000000E+00 -0.214848E-03 +0.000000E+00 +0.000000E+00
 +0.130720E+01 -0.100190E+03 +0.158950E+03 -0.120039E+02 +0.484923E+02 -0.451969E+01 +0.000000E+00 +0.000000E+00 +0.209870E-02 -0.114943E-02 +0.000000E+00 -0.171748E-03 +0.000000E+00 +0.000000E+00
 +0.130720E+01 -0.100200E+03 +0.154629E+03 -0.128516E+02 +0.467866E+02 -0.338694E+01 +0.000000E+00 +0.000000E+00 +0.204901E-02 -0.113313E-02 +0.000000E+00 -0.128704E-03 +0.000000E+00 +0.000000E+00
 +0.130720E+01 -0.100210E+03 +0.150697E+03 -0.137022E+02 +0.452081E+02 -0.226025E+01 +0.000000E+00 +0.000000E+00 +0.200428E-02 -0.111930E-02 +0.000000E+00 -0.858893E-04 +0.000000E+00 +0.000000E+00
 +0.130720E+01 -0.100220E+03 +0.146853E+03 -0.145532E+02 +0.436590E+02 -0.113739E+01 +0.000000E+00 +0.000000E+00 +0.196069E-02 -0.110603E-02 +0.000000E+00 -0.432209E-04 +0.000000E+00 +0.000000E+00
 +0.130720E+01 -0.100230E+03 +0.143338E+03 -0.154056E+02 +0.422177E+02 -0.287027E-01 +0.000000E+00 +0.000000E+00 +0.192128E-02 -0.109484E-02 +0.000000E+00 -0.109070E-05 +0.000000E+00 +0.000000E+00
 +0.130720E+01 -0.100240E+03 +0.139908E+03 -0.162580E+02 +0.408044E+02 +0.107401E+01 +0.000000E+00 +0.000000E+00 +0.188296E-02 -0.108419E-02 +0.000000E+00 +0.408124E-04 +0.000000E+00 +0.000000E+00
 +0.130720E+01 -0.100250E+03 +0.136757E+03 -0.171103E+02 +0.394835E+02 +0.215703E+01 +0.000000E+00 +0.000000E+00 +0.184820E-02 -0.107528E-02 +0.000000E+00 +0.819670E-04 +0.000000E+00 +0.000000E+00
 +0.130720E+01 -0.100260E+03 +0.133688E+03 -0.179621E+02 +0.381895E+02 +0.323216E+01 +0.000000E+00 +0.000000E+00 +0.181447E-02 -0.106688E-02 +0.000000E+00 +0.122822E-03 +0.000000E+00 +0.000000E+00
 +0.130720E+01 -0.100270E+03 +0.130858E+03 -0.188122E+02 +0.369752E+02 +0.428391E+01 +0.000000E+00 +0.000000E+00 +0.178378E-02 -0.105996E-02 +0.000000E+00 +0.162789E-03 +0.000000E+00 +0.000000E+00
 +0.130720E+01 -0.100280E+03 +0.128106E+03 -0.196611E+02 +0.357868E+02 +0.532610E+01 +0.000000E+00 +0.000000E+00 +0.175406E-02 -0.105351E-02 +0.000000E+00 +0.202392E-03 +0.000000E+00 +0.000000E+00
 +0.130720E+01 -0.100290E+03 +0.125560E+03 -0.205069E+02 +0.346676E+02 +0.634262E+01 +0.000000E+00 +0.000000E+00 +0.172696E-02 -0.104832E-02 +0.000000E+00 +0.241019E-03 +0.000000E+00 +0.000000E+00
 +0.130720E+01 -0.100300E+03 +0.123088E+03 -0.213509E+02 +0.335733E+02 +0.734809E+01 +0.000000E+00 +0.000000E+00 +0.170078E-02 -0.104356E-02 +0.000000E+00 +0.279228E-03 +0.000000E+00 +0.000000E+00
 +0.130720E+01 -0.100310E+03 +0.120795E+03 -0.221904E+02 +0.325396E+02 +0.832667E+01 +0.000000E+00 +0.000000E+00 +0.167686E-02 -0.103987E-02 +0.000000E+00 +0.316413E-03 +0.000000E+00 +0.000000E+00
 +0.130720E+01 -0.100320E+03 +0.118572E+03 -0.230273E+02 +0.315298E+02 +0.929292E+01 +0.000000E+00 +0.000000E+00 +0.165380E-02 -0.103658E-02 +0.000000E+00 +0.353131E-03 +0.000000E+00 +0.000000E+00
 +0.130720E+01 -0.100330E+03 +0.116504E+03 -0.238585E+02 +0.305731E+02 +0.102318E+02 +0.000000E+00 +0.000000E+00 +0.163269E-02 -0.103420E-02 +0.000000E+00 +0.388809E-03 +0.000000E+00 +0.000000E+00
 +0.130720E+01 -0.100340E+03 +0.114503E+03 -0.246865E+02 +0.296394E+02 +0.111573E+02 +0.000000E+00 +0.000000E+00 +0.161241E-02 -0.103219E-02 +0.000000E+00 +0.423978E-03 +0.000000E+00 +0.000000E+00
 +0.130720E+01 -0.100350E+03 +0.112637E+03 -0.255079E+02 +0.287526E+02 +0.120556E+02 +0.000000E+00 +0.000000E+00 +0.159380E-02 -0.103095E-02 +0.000000E+00 +0.458111E-03 +0.000000E+00 +0.000000E+00
 +0.130720E+01 -0.100360E+03 +0.110834E+03 -0.263252E+02 +0.278879E+02 +0.129395E+02 +0.000000E+00 +0.000000E+00 +0.157598E-02 -0.103005E-02 +0.000000E+00 +0.491701E-03 +0.000000E+00 +0.000000E+00
 +0.130720E+01 -0.100370E+03 +0.109149E+03 -0.271351E+02 +0.270647E+02 +0.137968E+02 +0.000000E+00 +0.000000E+00 +0.155961E-02 -0.102980E-02 +0.000000E+00 +0.524278E-03 +0.000000E+00 +0.000000E+00
 +0.130720E+01 -0.100380E+03 +0.107524E+03 -0.279403E+02 +0.262628E+02 +0.146390E+02 +0.000000E+00 +0.000000E+00 +0.154397E-02 -0.102986E-02 +0.000000E+00 +0.556281E-03 +0.000000E+00 +0.000000E+00
 +0.130720E+01 -0.100390E+03 +0.106003E+03 -0.287374E+02 +0.254975E+02 +0.154554E+02 +0.000000E+00 +0.000000E+00 +0.152960E-02 -0.103046E-02 +0.000000E+00 +0.587304E-03 +0.000000E+00 +0.000000E+00
 +0.130720E+01 -0.100400E+03 +0.104538E+03 -0.295291E+02 +0.247529E+02 +0.162561E+02 +0.000000E+00 +0.000000E+00 +0.151591E-02 -0.103136E-02 +0.000000E+00 +0.617732E-03 +0.000000E+00 +0.000000E+00
 +0.130720E+01 -0.100410E+03 +0.103163E+03 -0.303123E+02 +0.240407E+02 +0.170321E+02 +0.000000E+00 +0.000000E+00 +0.150332E-02 -0.103271E-02 +0.000000E+00 +0.647220E-03 +0.000000E+00 +0.000000E+00
 +0.130720E+01 -0.100420E+03 +0.101842E+03 -0.310894E+02 +0.233485E+02 +0.177920E+02 +0.000000E+00 +0.000000E+00 +0.149138E-02 -0.103432E-02 +0.000000E+00 +0.676095E-03 +0.000000E+00 +0.000000E+00
 +0.130720E+01 -0.100430E+03 +0.100601E+03 -0.318577E+02 +0.226852E+02 +0.185283E+02 +0.000000E+00 +0.000000E+00 +0.148039E-02 -0.103631E-02 +0.000000E+00 +0.704077E-03 +0.000000E+00 +0.000000E+00
 +0.130720E+01 -0.100440E+03 +0.994104E+02 -0.326193E+02 +0.220411E+02 +0.192482E+02 +0.000000E+00 +0.000000E+00 +0.147002E-02 -0.103855E-02 +0.000000E+00 +0.731431E-03 +0.000000E+00 +0.000000E+00
 +0.130720E+01 -0.100450E+03 +0.982891E+02 -0.333719E+02 +0.214227E+02 +0.199459E+02 +0.000000E+00 +0.000000E+00 +0.146046E-02 -0.104110E-02 +0.000000E+00 +0.757943E-03 +0.000000E+00 +0.000000E+00
 +0.130720E+01 -0.100460E+03 +0.972167E+02 -0.341173E+02 +0.208228E+02 +0.206268E+02 +0.000000E+00 +0.000000E+00 +0.145148E-02 -0.104386E-02 +0.000000E+00 +0.783819E-03 +0.000000E+00 +0.000000E+00
 +0.130720E+01 -0.100470E+03 +0.962047E+02 -0.348536E+02 +0.202459E+02 +0.212869E+02 +0.000000E+00 +0.000000E+00 +0.144322E-02 -0.104689E-02 +0.000000E+00 +0.808903E-03 +0.000000E+00 +0.000000E+00
 +0.130720E+01 -0.100480E+03 +0.952390E+02 -0.355821E+02 +0.196868E+02 +0.219301E+02 +0.000000E+00 +0.000000E+00 +0.143549E-02 -0.105011E-02 +0.000000E+00 +0.833344E-03 +0.000000E+00 +0.000000E+00
 +0.130720E+01 -0.100490E+03 +0.943264E+02 -0.363016E+02 +0.191482E+02 +0.225539E+02 +0.000000E+00 +0.000000E+00 +0.142839E-02 -0.105355E-02 +0.000000E+00 +0.857047E-03 +0.000000E+00 +0.000000E+00
 +0.130720E+01 -0.100500E+03 +0.934577E+02 -0.370128E+02 +0.186268E+02 +0.231606E+02 +0.000000E+00 +0.000000E+00 +0.142179E-02 -0.105715E-02 +0.000000E+00 +0.880103E-03 +0.000000E+00 +0.000000E+00
 +0.130720E+01 -0.100510E+03 +0.926355E+02 -0.377152E+02 +0.181237E+02 +0.237493E+02 +0.000000E+00 +0.000000E+00 +0.141572E-02 -0.106094E-02 +0.000000E+00 +0.902472E-03 +0.000000E+00 +0.000000E+00
 +0.130720E+01 -0.100520E+03 +0.918549E+02 -0.384088E+02 +0.176372E+02 +0.243209E+02 +0.000000E+00 +0.000000E+00 +0.141014E-02 -0.106487E-02 +0.000000E+00 +0.924194E-03 +0.000000E+00 +0.000000E+00
 +0.130720E+01 -0.100530E+03 +0.911151E+02 -0.390938E+02 +0.171670E+02 +0.248758E+02 +0.000000E+00 +0.000000E+00 +0.140501E-02 -0.106896E-02 +0.000000E+00 +0.945280E-03 +0.000000E+00 +0.000000E+00
 +0.130720E+01 -0.100540E+03 +0.904147E+02 -0.397696E+02 +0.167129E+02 +0.254137E+02 +0.000000E+00 +0.000000E+00 +0.140034E-02 -0.107317E-02 +0.000000E+00 +0.965721E-03 +0.000000E+00 +0.000000E+00
 +0.130720E+01 -0.100550E+03 +0.897502E+02 -0.404371E+02 +0.162733E+02 +0.259362E+02 +0.000000E+00 +0.000000E+00 +0.139606E-02 -0.107750E-02 +0.000000E+00 +0.985574E-03 +0.000000E+00 +0.000000E+00
 +0.130720E+01 -0.100560E+03 +0.891229E+02 -0.410949E+02 +0.158492E+02 +0.264417E+02 +0.000000E+00 +0.000000E+00 +0.139220E-02 -0.108194E-02 +0.000000E+00 +0.100478E-02 +0.000000E+00 +0.000000E+00
 +0.130720E+01 -0.100570E+03 +0.885271E+02 -0.417448E+02 +0.154382E+02 +0.269330E+02 +0.000000E+00 +0.000000E+00 +0.138869E-02 -0.108648E-02 +0.000000E+00 +0.102346E-02 +0.000000E+00 +0.000000E+00
 +0.130720E+01 -0.100580E+03 +0.879666E+02 -0.423847E+02 +0.150420E+02 +0.274076E+02 +0.000000E+00 +0.000000E+00 +0.138557E-02 -0.109111E-02 +0.000000E+00 +0.104149E-02 +0.000000E+00 +0.000000E+00
 +0.130720E+01 -0.100590E+03 +0.874336E+02 -0.430170E+02 +0.146575E+02 +0.278692E+02 +0.000000E+00 +0.000000E+00 +0.138275E-02 -0.109581E-02 +0.000000E+00 +0.105903E-02 +0.000000E+00 +0.000000E+00
 +0.130720E+01 -0.100600E+03 +0.869341E+02 -0.436390E+02 +0.142874E+02 +0.283141E+02 +0.000000E+00 +0.000000E+00 +0.138029E-02 -0.110060E-02 +0.000000E+00 +0.107594E-02 +0.000000E+00 +0.000000E+00
 +0.130720E+01 -0.100610E+03 +0.864587E+02 -0.442538E+02 +0.139276E+02 +0.287471E+02 +0.000000E+00 +0.000000E+00 +0.137809E-02 -0.110545E-02 +0.000000E+00 +0.109239E-02 +0.000000E+00 +0.000000E+00
 +0.130720E+01 -0.100620E+03 +0.860150E+02 -0.448580E+02 +0.135818E+02 +0.291638E+02 +0.000000E+00 +0.000000E+00 +0.137623E-02 -0.111036E-02 +0.000000E+00 +0.110822E-02 +0.000000E+00 +0.000000E+00
 +0.130720E+01 -0.100630E+03 +0.855923E+02 -0.454554E+02 +0.132452E+02 +0.295695E+02 +0.000000E+00 +0.000000E+00 +0.137460E-02 -0.111531E-02 +0.000000E+00 +0.112364E-02 +0.000000E+00 +0.000000E+00
 +0.130720E+01 -0.100640E+03 +0.851996E+02 -0.460420E+02 +0.129220E+02 +0.299592E+02 +0.000000E+00 +0.000000E+00 +0.137328E-02 -0.112032E-02 +0.000000E+00 +0.113845E-02 +0.000000E+00 +0.000000E+00
 +0.130720E+01 -0.100650E+03 +0.848254E+02 -0.466222E+02 +0.126071E+02 +0.303389E+02 +0.000000E+00 +0.000000E+00 +0.137215E-02 -0.112536E-02 +0.000000E+00 +0.115288E-02 +0.000000E+00 +0.000000E+00
 +0.130720E+01 -0.100660E+03 +0.844795E+02 -0.471914E+02 +0.123051E+02 +0.307027E+02 +0.000000E+00 +0.000000E+00 +0.137131E-02 -0.113043E-02 +0.000000E+00 +0.116670E-02 +0.000000E+00 +0.000000E+00
 +0.130720E+01 -0.100670E+03 +0.841497E+02 -0.477545E+02 +0.120104E+02 +0.310576E+02 +0.000000E+00 +0.000000E+00 +0.137065E-02 -0.113553E-02 +0.000000E+00 +0.118019E-02 +0.000000E+00 +0.000000E+00
 +0.130720E+01 -0.100680E+03 +0.838468E+02 -0.483066E+02 +0.117283E+02 +0.313969E+02 +0.000000E+00 +0.000000E+00 +0.137025E-02 -0.114066E-02 +0.000000E+00 +0.119308E-02 +0.000000E+00 +0.000000E+00
 +0.130720E+01 -0.100690E+03 +0.835578E+02 -0.488530E+02 +0.114526E+02 +0.317280E+02 +0.000000E+00 +0.000000E+00 +0.137000E-02 -0.114581E-02 +0.000000E+00 +0.120566E-02 +0.000000E+00 +0.000000E+00
 +0.130720E+01 -0.100700E+03 +0.832942E+02 -0.493881E+02 +0.111890E+02 +0.320438E+02 +0.000000E+00 +0.000000E+00 +0.137000E-02 -0.115097E-02 +0.000000E+00 +0.121767E-02 +0.000000E+00 +0.000000E+00
 +0.130720E+01 -0.100710E+03 +0.830428E+02 -0.499180E+02 +0.109312E+02 +0.323524E+02 +0.000000E+00 +0.000000E+00 +0.137012E-02 -0.115613E-02 +0.000000E+00 +0.122939E-02 +0.000000E+00 +0.000000E+00
 +0.130720E+01 -0.100720E+03 +0.828154E+02 -0.504365E+02 +0.106850E+02 +0.326458E+02 +0.000000E+00 +0.000000E+00 +0.137048E-02 -0.116131E-02 +0.000000E+00 +0.124054E-02 +0.000000E+00 +0.000000E+00
 +0.130720E+01 -0.100730E+03 +0.825985E+02 -0.509502E+02 +0.104439E+02 +0.329328E+02 +0.000000E+00 +0.000000E+00 +0.137094E-02 -0.116649E-02 +0.000000E+00 +0.125145E-02 +0.000000E+00 +0.000000E+00
 +0.130720E+01 -0.100740E+03 +0.824043E+02 -0.514524E+02 +0.102141E+02 +0.332050E+02 +0.000000E+00 +0.000000E+00 +0.137161E-02 -0.117166E-02 +0.000000E+00 +0.126179E-02 +0.000000E+00 +0.000000E+00
 +0.130720E+01 -0.100750E+03 +0.822192E+02 -0.519502E+02 +0.998878E+01 +0.334714E+02 +0.000000E+00 +0.000000E+00 +0.137238E-02 -0.117684E-02 +0.000000E+00 +0.127191E-02 +0.000000E+00 +0.000000E+00
 +0.130720E+01 -0.100760E+03 +0.820556E+02 -0.524364E+02 +0.977434E+01 +0.337233E+02 +0.000000E+00 +0.000000E+00 +0.137334E-02 -0.118200E-02 +0.000000E+00 +0.128148E-02 +0.000000E+00 +0.000000E+00
 +0.130720E+01 -0.100770E+03 +0.818997E+02 -0.529185E+02 +0.956379E+01 +0.339700E+02 +0.000000E+00 +0.000000E+00 +0.137438E-02 -0.118716E-02 +0.000000E+00 +0.129086E-02 +0.000000E+00 +0.000000E+00
 +0.130720E+01 -0.100780E+03 +0.817642E+02 -0.533891E+02 +0.936379E+01 +0.342027E+02 +0.000000E+00 +0.000000E+00 +0.137561E-02 -0.119231E-02 +0.000000E+00 +0.129970E-02 +0.000000E+00 +0.000000E+00
 +0.130720E+01 -0.100790E+03 +0.816353E+02 -0.538560E+02 +0.916718E+01 +0.344307E+02 +0.000000E+00 +0.000000E+00 +0.137689E-02 -0.119744E-02 +0.000000E+00 +0.130837E-02 +0.000000E+00 +0.000000E+00
 +0.130720E+01 -0.100800E+03 +0.815257E+02 -0.543112E+02 +0.898076E+01 +0.346450E+02 +0.000000E+00 +0.000000E+00 +0.137835E-02 -0.120255E-02 +0.000000E+00 +0.131651E-02 +0.000000E+00 +0.000000E+00
 +0.130720E+01 -0.100810E+03 +0.814216E+02 -0.547631E+02 +0.879729E+01 +0.348552E+02 +0.000000E+00 +0.000000E+00 +0.137986E-02 -0.120765E-02 +0.000000E+00 +0.132450E-02 +0.000000E+00 +0.000000E+00
 +0.130720E+01 -0.100820E+03 +0.813357E+02 -0.552034E+02 +0.862366E+01 +0.350520E+02 +0.000000E+00 +0.000000E+00 +0.138153E-02 -0.121271E-02 +0.000000E+00 +0.133197E-02 +0.000000E+00 +0.000000E+00
 +0.130720E+01 -0.100830E+03 +0.812545E+02 -0.556407E+02 +0.845257E+01 +0.352452E+02 +0.000000E+00 +0.000000E+00 +0.138324E-02 -0.121777E-02 +0.000000E+00 +0.133932E-02 +0.000000E+00 +0.000000E+00
 +0.130720E+01 -0.100840E+03 +0.811906E+02 -0.560663E+02 +0.829099E+01 +0.354253E+02 +0.000000E+00 +0.000000E+00 +0.138509E-02 -0.122279E-02 +0.000000E+00 +0.134616E-02 +0.000000E+00 +0.000000E+00
 +0.130720E+01 -0.100850E+03 +0.811305E+02 -0.564893E+02 +0.813158E+01 +0.356024E+02 +0.000000E+00 +0.000000E+00 +0.138698E-02 -0.122780E-02 +0.000000E+00 +0.135289E-02 +0.000000E+00 +0.000000E+00
 +0.130720E+01 -0.100860E+03 +0.810866E+02 -0.569007E+02 +0.798136E+01 +0.357665E+02 +0.000000E+00 +0.000000E+00 +0.138900E-02 -0.123276E-02 +0.000000E+00 +0.135913E-02 +0.000000E+00 +0.000000E+00
 +0.130720E+01 -0.100870E+03 +0.810460E+02 -0.573097E+02 +0.783297E+01 +0.359282E+02 +0.000000E+00 +0.000000E+00 +0.139105E-02 -0.123771E-02 +0.000000E+00 +0.136527E-02 +0.000000E+00 +0.000000E+00
 +0.130720E+01 -0.100880E+03 +0.810207E+02 -0.577071E+02 +0.769347E+01 +0.360773E+02 +0.000000E+00 +0.000000E+00 +0.139322E-02 -0.124261E-02 +0.000000E+00 +0.137094E-02 +0.000000E+00 +0.000000E+00
 +0.130720E+01 -0.100890E+03 +0.809980E+02 -0.581025E+02 +0.755549E+01 +0.362242E+02 +0.000000E+00 +0.000000E+00 +0.139541E-02 -0.124750E-02 +0.000000E+00 +0.137652E-02 +0.000000E+00 +0.000000E+00
 +0.130720E+01 -0.100900E+03 +0.809897E+02 -0.584863E+02 +0.742611E+01 +0.363589E+02 +0.000000E+00 +0.000000E+00 +0.139771E-02 -0.125234E-02 +0.000000E+00 +0.138164E-02 +0.000000E+00 +0.000000E+00
 +0.130720E+01 -0.100910E+03 +0.809835E+02 -0.588685E+02 +0.729797E+01 +0.364918E+02 +0.000000E+00 +0.000000E+00 +0.140003E-02 -0.125716E-02 +0.000000E+00 +0.138669E-02 +0.000000E+00 +0.000000E+00
 +0.130720E+01 -0.100920E+03 +0.809909E+02 -0.592390E+02 +0.717814E+01 +0.366128E+02 +0.000000E+00 +0.000000E+00 +0.140244E-02 -0.126193E-02 +0.000000E+00 +0.139129E-02 +0.000000E+00 +0.000000E+00
 +0.130720E+01 -0.100930E+03 +0.810000E+02 -0.596081E+02 +0.705931E+01 +0.367324E+02 +0.000000E+00 +0.000000E+00 +0.140487E-02 -0.126668E-02 +0.000000E+00 +0.139583E-02 +0.000000E+00 +0.000000E+00
 +0.130720E+01 -0.100940E+03 +0.810218E+02 -0.599657E+02 +0.694850E+01 +0.368403E+02 +0.000000E+00 +0.000000E+00 +0.140739E-02 -0.127137E-02 +0.000000E+00 +0.139993E-02 +0.000000E+00 +0.000000E+00
 +0.130720E+01 -0.100950E+03 +0.810449E+02 -0.603222E+02 +0.683847E+01 +0.369472E+02 +0.000000E+00 +0.000000E+00 +0.140992E-02 -0.127605E-02 +0.000000E+00 +0.140399E-02 +0.000000E+00 +0.000000E+00
 +0.130720E+01 -0.100960E+03 +0.810800E+02 -0.606672E+02 +0.673620E+01 +0.370427E+02 +0.000000E+00 +0.000000E+00 +0.141253E-02 -0.128067E-02 +0.000000E+00 +0.140762E-02 +0.000000E+00 +0.000000E+00
 +0.130720E+01 -0.100970E+03 +0.811159E+02 -0.610114E+02 +0.663449E+01 +0.371374E+02 +0.000000E+00 +0.000000E+00 +0.141515E-02 -0.128527E-02 +0.000000E+00 +0.141122E-02 +0.000000E+00 +0.000000E+00
 +0.130720E+01 -0.100980E+03 +0.811632E+02 -0.613441E+02 +0.654029E+01 +0.372211E+02 +0.000000E+00 +0.000000E+00 +0.141783E-02 -0.128980E-02 +0.000000E+00 +0.141440E-02 +0.000000E+00 +0.000000E+00
 +0.130720E+01 -0.100990E+03 +0.812110E+02 -0.616763E+02 +0.644647E+01 +0.373043E+02 +0.000000E+00 +0.000000E+00 +0.142053E-02 -0.129433E-02 +0.000000E+00 +0.141756E-02 +0.000000E+00 +0.000000E+00
 +0.130720E+01 -0.101000E+03 +0.812695E+02 -0.619970E+02 +0.635990E+01 +0.373767E+02 +0.000000E+00 +0.000000E+00 +0.142328E-02 -0.129878E-02 +0.000000E+00 +0.142032E-02 +0.000000E+00 +0.000000E+00
 +0.130720E+01 -0.101010E+03 +0.813282E+02 -0.623174E+02 +0.627356E+01 +0.374488E+02 +0.000000E+00 +0.000000E+00 +0.142604E-02 -0.130323E-02 +0.000000E+00 +0.142306E-02 +0.000000E+00 +0.000000E+00
 +0.130720E+01 -0.101020E+03 +0.813969E+02 -0.626266E+02 +0.619422E+01 +0.375106E+02 +0.000000E+00 +0.000000E+00 +0.142885E-02 -0.130759E-02 +0.000000E+00 +0.142540E-02 +0.000000E+00 +0.000000E+00
 +0.130720E+01 -0.101030E+03 +0.814658E+02 -0.629355E+02 +0.611501E+01 +0.375721E+02 +0.000000E+00 +0.000000E+00 +0.143166E-02 -0.131196E-02 +0.000000E+00 +0.142774E-02 +0.000000E+00 +0.000000E+00
 +0.130720E+01 -0.101040E+03 +0.815438E+02 -0.632333E+02 +0.604245E+01 +0.376238E+02 +0.000000E+00 +0.000000E+00 +0.143453E-02 -0.131624E-02 +0.000000E+00 +0.142970E-02 +0.000000E+00 +0.000000E+00
 +0.130720E+01 -0.101050E+03 +0.816220E+02 -0.635309E+02 +0.597007E+01 +0.376751E+02 +0.000000E+00 +0.000000E+00 +0.143739E-02 -0.132052E-02 +0.000000E+00 +0.143165E-02 +0.000000E+00 +0.000000E+00
 +0.130720E+01 -0.101060E+03 +0.817085E+02 -0.638180E+02 +0.590387E+01 +0.377172E+02 +0.000000E+00 +0.000000E+00 +0.144029E-02 -0.132471E-02 +0.000000E+00 +0.143325E-02 +0.000000E+00 +0.000000E+00
 +0.130720E+01 -0.101070E+03 +0.817953E+02 -0.641045E+02 +0.583796E+01 +0.377589E+02 +0.000000E+00 +0.000000E+00 +0.144319E-02 -0.132891E-02 +0.000000E+00 +0.143484E-02 +0.000000E+00 +0.000000E+00
 +0.130720E+01 -0.101080E+03 +0.818895E+02 -0.643810E+02 +0.577780E+01 +0.377919E+02 +0.000000E+00 +0.000000E+00 +0.144612E-02 -0.133302E-02 +0.000000E+00 +0.143609E-02 +0.000000E+00 +0.000000E+00
 +0.130720E+01 -0.101090E+03 +0.819841E+02 -0.646568E+02 +0.571802E+01 +0.378244E+02 +0.000000E+00 +0.000000E+00 +0.144906E-02 -0.133712E-02 +0.000000E+00 +0.143733E-02 +0.000000E+00 +0.000000E+00
 +0.130720E+01 -0.101100E+03 +0.820854E+02 -0.649230E+02 +0.566358E+01 +0.378488E+02 +0.000000E+00 +0.000000E+00 +0.145201E-02 -0.134115E-02 +0.000000E+00 +0.143825E-02 +0.000000E+00 +0.000000E+00
 +0.130720E+01 -0.101110E+03 +0.821872E+02 -0.651884E+02 +0.560960E+01 +0.378725E+02 +0.000000E+00 +0.000000E+00 +0.145497E-02 -0.134516E-02 +0.000000E+00 +0.143915E-02 +0.000000E+00 +0.000000E+00
 +0.130720E+01 -0.101120E+03 +0.822949E+02 -0.654446E+02 +0.556060E+01 +0.378886E+02 +0.000000E+00 +0.000000E+00 +0.145795E-02 -0.134910E-02 +0.000000E+00 +0.143977E-02 +0.000000E+00 +0.000000E+00
 +0.130720E+01 -0.101130E+03 +0.824032E+02 -0.656998E+02 +0.551213E+01 +0.379039E+02 +0.000000E+00 +0.000000E+00 +0.146093E-02 -0.135303E-02 +0.000000E+00 +0.144035E-02 +0.000000E+00 +0.000000E+00
 +0.130720E+01 -0.101140E+03 +0.825168E+02 -0.659463E+02 +0.546828E+01 +0.379123E+02 +0.000000E+00 +0.000000E+00 +0.146392E-02 -0.135688E-02 +0.000000E+00 +0.144067E-02 +0.000000E+00 +0.000000E+00
 +0.130720E+01 -0.101150E+03 +0.826311E+02 -0.661915E+02 +0.542504E+01 +0.379196E+02 +0.000000E+00 +0.000000E+00 +0.146691E-02 -0.136072E-02 +0.000000E+00 +0.144095E-02 +0.000000E+00 +0.000000E+00
 +0.130720E+01 -0.101160E+03 +0.827500E+02 -0.664285E+02 +0.538608E+01 +0.379205E+02 +0.000000E+00 +0.000000E+00 +0.146991E-02 -0.136448E-02 +0.000000E+00 +0.144098E-02 +0.000000E+00 +0.000000E+00
 +0.130720E+01 -0.101170E+03 +0.828696E+02 -0.666642E+02 +0.534780E+01 +0.379203E+02 +0.000000E+00 +0.000000E+00 +0.147292E-02 -0.136823E-02 +0.000000E+00 +0.144097E-02 +0.000000E+00 +0.000000E+00
 +0.130720E+01 -0.101180E+03 +0.829934E+02 -0.668919E+02 +0.531349E+01 +0.379141E+02 +0.000000E+00 +0.000000E+00 +0.147592E-02 -0.137190E-02 +0.000000E+00 +0.144074E-02 +0.000000E+00 +0.000000E+00
 +0.130720E+01 -0.101190E+03 +0.831179E+02 -0.671182E+02 +0.527991E+01 +0.379067E+02 +0.000000E+00 +0.000000E+00 +0.147892E-02 -0.137556E-02 +0.000000E+00 +0.144046E-02 +0.000000E+00 +0.000000E+00
 +0.130720E+01 -0.101200E+03 +0.832461E+02 -0.673370E+02 +0.525001E+01 +0.378937E+02 +0.000000E+00 +0.000000E+00 +0.148193E-02 -0.137915E-02 +0.000000E+00 +0.143996E-02 +0.000000E+00 +0.000000E+00
 +0.130720E+01 -0.101210E+03 +0.833750E+02 -0.675542E+02 +0.522089E+01 +0.378796E+02 +0.000000E+00 +0.000000E+00 +0.148493E-02 -0.138273E-02 +0.000000E+00 +0.143942E-02 +0.000000E+00 +0.000000E+00
 +0.130720E+01 -0.101220E+03 +0.835072E+02 -0.677642E+02 +0.519519E+01 +0.378601E+02 +0.000000E+00 +0.000000E+00 +0.148793E-02 -0.138623E-02 +0.000000E+00 +0.143868E-02 +0.000000E+00 +0.000000E+00
 +0.130720E+01 -0.101230E+03 +0.836401E+02 -0.679725E+02 +0.517030E+01 +0.378395E+02 +0.000000E+00 +0.000000E+00 +0.149093E-02 -0.138971E-02 +0.000000E+00 +0.143790E-02 +0.000000E+00 +0.000000E+00
 +0.130720E+01 -0.101240E+03 +0.837758E+02 -0.681740E+02 +0.514858E+01 +0.378139E+02 +0.000000E+00 +0.000000E+00 +0.149392E-02 -0.139313E-02 +0.000000E+00 +0.143693E-02 +0.000000E+00 +0.000000E+00
 +0.130720E+01 -0.101250E+03 +0.839122E+02 -0.683737E+02 +0.512770E+01 +0.377871E+02 +0.000000E+00 +0.000000E+00 +0.149690E-02 -0.139653E-02 +0.000000E+00 +0.143591E-02 +0.000000E+00 +0.000000E+00
 +0.130720E+01 -0.101260E+03 +0.840511E+02 -0.685669E+02 +0.510977E+01 +0.377557E+02 +0.000000E+00 +0.000000E+00 +0.149988E-02 -0.139986E-02 +0.000000E+00 +0.143472E-02 +0.000000E+00 +0.000000E+00
 +0.130720E+01 -0.101270E+03 +0.841906E+02 -0.687582E+02 +0.509271E+01 +0.377230E+02 +0.000000E+00 +0.000000E+00 +0.150286E-02 -0.140317E-02 +0.000000E+00 +0.143347E-02 +0.000000E+00 +0.000000E+00
 +0.130720E+01 -0.101280E+03 +0.843323E+02 -0.689433E+02 +0.507838E+01 +0.376861E+02 +0.000000E+00 +0.000000E+00 +0.150583E-02 -0.140641E-02 +0.000000E+00 +0.143207E-02 +0.000000E+00 +0.000000E+00
 +0.130720E+01 -0.101290E+03 +0.844747E+02 -0.691264E+02 +0.506494E+01 +0.376479E+02 +0.000000E+00 +0.000000E+00 +0.150879E-02 -0.140964E-02 +0.000000E+00 +0.143062E-02 +0.000000E+00 +0.000000E+00
 +0.130720E+01 -0.101300E+03 +0.846189E+02 -0.693037E+02 +0.505402E+01 +0.376057E+02 +0.000000E+00 +0.000000E+00 +0.151173E-02 -0.141280E-02 +0.000000E+00 +0.142902E-02 +0.000000E+00 +0.000000E+00
 +0.130720E+01 -0.101310E+03 +0.847638E+02 -0.694789E+02 +0.504402E+01 +0.375622E+02 +0.000000E+00 +0.000000E+00 +0.151468E-02 -0.141594E-02 +0.000000E+00 +0.142736E-02 +0.000000E+00 +0.000000E+00
 +0.130720E+01 -0.101320E+03 +0.849102E+02 -0.696486E+02 +0.503635E+01 +0.375151E+02 +0.000000E+00 +0.000000E+00 +0.151760E-02 -0.141901E-02 +0.000000E+00 +0.142557E-02 +0.000000E+00 +0.000000E+00
 +0.130720E+01 -0.101330E+03 +0.850572E+02 -0.698160E+02 +0.502961E+01 +0.374665E+02 +0.000000E+00 +0.000000E+00 +0.152053E-02 -0.142207E-02 +0.000000E+00 +0.142373E-02 +0.000000E+00 +0.000000E+00
 +0.130720E+01 -0.101340E+03 +0.852056E+02 -0.699783E+02 +0.502503E+01 +0.374147E+02 +0.000000E+00 +0.000000E+00 +0.152343E-02 -0.142506E-02 +0.000000E+00 +0.142176E-02 +0.000000E+00 +0.000000E+00
 +0.130720E+01 -0.101350E+03 +0.853545E+02 -0.701382E+02 +0.502138E+01 +0.373614E+02 +0.000000E+00 +0.000000E+00 +0.152633E-02 -0.142803E-02 +0.000000E+00 +0.141973E-02 +0.000000E+00 +0.000000E+00
 +0.130720E+01 -0.101360E+03 +0.855045E+02 -0.702932E+02 +0.501974E+01 +0.373050E+02 +0.000000E+00 +0.000000E+00 +0.152921E-02 -0.143095E-02 +0.000000E+00 +0.141759E-02 +0.000000E+00 +0.000000E+00
 +0.130720E+01 -0.101370E+03 +0.856550E+02 -0.704458E+02 +0.501903E+01 +0.372473E+02 +0.000000E+00 +0.000000E+00 +0.153208E-02 -0.143383E-02 +0.000000E+00 +0.141540E-02 +0.000000E+00 +0.000000E+00
 +0.130720E+01 -0.101380E+03 +0.858064E+02 -0.705938E+02 +0.502017E+01 +0.371866E+02 +0.000000E+00 +0.000000E+00 +0.153494E-02 -0.143667E-02 +0.000000E+00 +0.141309E-02 +0.000000E+00 +0.000000E+00
 +0.130720E+01 -0.101390E+03 +0.859583E+02 -0.707393E+02 +0.502226E+01 +0.371246E+02 +0.000000E+00 +0.000000E+00 +0.153778E-02 -0.143947E-02 +0.000000E+00 +0.141073E-02 +0.000000E+00 +0.000000E+00
 +0.130720E+01 -0.101400E+03 +0.861109E+02 -0.708804E+02 +0.502606E+01 +0.370599E+02 +0.000000E+00 +0.000000E+00 +0.154061E-02 -0.144222E-02 +0.000000E+00 +0.140828E-02 +0.000000E+00 +0.000000E+00
 +0.130720E+01 -0.101410E+03 +0.862639E+02 -0.710191E+02 +0.503080E+01 +0.369939E+02 +0.000000E+00 +0.000000E+00 +0.154343E-02 -0.144495E-02 +0.000000E+00 +0.140577E-02 +0.000000E+00 +0.000000E+00
 +0.130720E+01 -0.101420E+03 +0.864175E+02 -0.711535E+02 +0.503711E+01 +0.369254E+02 +0.000000E+00 +0.000000E+00 +0.154623E-02 -0.144762E-02 +0.000000E+00 +0.140316E-02 +0.000000E+00 +0.000000E+00
 +0.130720E+01 -0.101430E+03 +0.865714E+02 -0.712854E+02 +0.504436E+01 +0.368555E+02 +0.000000E+00 +0.000000E+00 +0.154901E-02 -0.145027E-02 +0.000000E+00 +0.140051E-02 +0.000000E+00 +0.000000E+00
 +0.130720E+01 -0.101440E+03 +0.867257E+02 -0.714134E+02 +0.505306E+01 +0.367834E+02 +0.000000E+00 +0.000000E+00 +0.155178E-02 -0.145286E-02 +0.000000E+00 +0.139777E-02 +0.000000E+00 +0.000000E+00
 +0.130720E+01 -0.101450E+03 +0.868803E+02 -0.715388E+02 +0.506271E+01 +0.367099E+02 +0.000000E+00 +0.000000E+00 +0.155453E-02 -0.145543E-02 +0.000000E+00 +0.139498E-02 +0.000000E+00 +0.000000E+00
 +0.130720E+01 -0.101460E+03 +0.870353E+02 -0.716605E+02 +0.507369E+01 +0.366344E+02 +0.000000E+00 +0.000000E+00 +0.155727E-02 -0.145795E-02 +0.000000E+00 +0.139211E-02 +0.000000E+00 +0.000000E+00
 +0.130720E+01 -0.101470E+03 +0.871904E+02 -0.717795E+02 +0.508560E+01 +0.365574E+02 +0.000000E+00 +0.000000E+00 +0.155999E-02 -0.146044E-02 +0.000000E+00 +0.138918E-02 +0.000000E+00 +0.000000E+00
 +0.130720E+01 -0.101480E+03 +0.873458E+02 -0.718951E+02 +0.509874E+01 +0.364787E+02 +0.000000E+00 +0.000000E+00 +0.156269E-02 -0.146288E-02 +0.000000E+00 +0.138619E-02 +0.000000E+00 +0.000000E+00
 +0.130720E+01 -0.101490E+03 +0.875012E+02 -0.720079E+02 +0.511280E+01 +0.363985E+02 +0.000000E+00 +0.000000E+00 +0.156538E-02 -0.146529E-02 +0.000000E+00 +0.138314E-02 +0.000000E+00 +0.000000E+00
 +0.130720E+01 -0.101500E+03 +0.876569E+02 -0.721175E+02 +0.512799E+01 +0.363167E+02 +0.000000E+00 +0.000000E+00 +0.156805E-02 -0.146766E-02 +0.000000E+00 +0.138004E-02 +0.000000E+00 +0.000000E+00
 +0.130720E+01 -0.101510E+03 +0.878125E+02 -0.722243E+02 +0.514410E+01 +0.362335E+02 +0.000000E+00 +0.000000E+00 +0.157070E-02 -0.147000E-02 +0.000000E+00 +0.137687E-02 +0.000000E+00 +0.000000E+00
 +0.130720E+01 -0.101520E+03 +0.879682E+02 -0.723282E+02 +0.516123E+01 +0.361488E+02 +0.000000E+00 +0.000000E+00 +0.157333E-02 -0.147230E-02 +0.000000E+00 +0.137366E-02 +0.000000E+00 +0.000000E+00
 +0.130720E+01 -0.101530E+03 +0.881239E+02 -0.724292E+02 +0.517927E+01 +0.360628E+02 +0.000000E+00 +0.000000E+00 +0.157595E-02 -0.147456E-02 +0.000000E+00 +0.137039E-02 +0.000000E+00 +0.000000E+00
 +0.130720E+01 -0.101540E+03 +0.882796E+02 -0.725273E+02 +0.519826E+01 +0.359754E+02 +0.000000E+00 +0.000000E+00 +0.157855E-02 -0.147679E-02 +0.000000E+00 +0.136706E-02 +0.000000E+00 +0.000000E+00
 +0.130720E+01 -0.101550E+03 +0.884352E+02 -0.726227E+02 +0.521814E+01 +0.358866E+02 +0.000000E+00 +0.000000E+00 +0.158112E-02 -0.147898E-02 +0.000000E+00 +0.136369E-02 +0.000000E+00 +0.000000E+00
 +0.130720E+01 -0.101560E+03 +0.885908E+02 -0.727154E+02 +0.523888E+01 +0.357966E+02 +0.000000E+00 +0.000000E+00 +0.158369E-02 -0.148113E-02 +0.000000E+00 +0.136027E-02 +0.000000E+00 +0.000000E+00
 +0.130720E+01 -0.101570E+03 +0.887461E+02 -0.728052E+02 +0.526051E+01 +0.357054E+02 +0.000000E+00 +0.000000E+00 +0.158623E-02 -0.148325E-02 +0.000000E+00 +0.135680E-02 +0.000000E+00 +0.000000E+00
 +0.130720E+01 -0.101580E+03 +0.889014E+02 -0.728926E+02 +0.528291E+01 +0.356130E+02 +0.000000E+00 +0.000000E+00 +0.158875E-02 -0.148533E-02 +0.000000E+00 +0.135329E-02 +0.000000E+00 +0.000000E+00
 +0.130720E+01 -0.101590E+03 +0.890564E+02 -0.729771E+02 +0.530619E+01 +0.355193E+02 +0.000000E+00 +0.000000E+00 +0.159125E-02 -0.148738E-02 +0.000000E+00 +0.134973E-02 +0.000000E+00 +0.000000E+00
 +0.130720E+01 -0.101600E+03 +0.892113E+02 -0.730592E+02 +0.533018E+01 +0.354247E+02 +0.000000E+00 +0.000000E+00 +0.159374E-02 -0.148940E-02 +0.000000E+00 +0.134614E-02 +0.000000E+00 +0.000000E+00
 +0.130720E+01 -0.101610E+03 +0.893659E+02 -0.731385E+02 +0.535502E+01 +0.353288E+02 +0.000000E+00 +0.000000E+00 +0.159621E-02 -0.149138E-02 +0.000000E+00 +0.134249E-02 +0.000000E+00 +0.000000E+00
 +0.130720E+01 -0.101620E+03 +0.895202E+02 -0.732156E+02 +0.538051E+01 +0.352320E+02 +0.000000E+00 +0.000000E+00 +0.159865E-02 -0.149333E-02 +0.000000E+00 +0.133882E-02 +0.000000E+00 +0.000000E+00
 +0.130720E+01 -0.101630E+03 +0.896742E+02 -0.732899E+02 +0.540683E+01 +0.351340E+02 +0.000000E+00 +0.000000E+00 +0.160108E-02 -0.149524E-02 +0.000000E+00 +0.133509E-02 +0.000000E+00 +0.000000E+00
 +0.130720E+01 -0.101640E+03 +0.898280E+02 -0.733621E+02 +0.543374E+01 +0.350353E+02 +0.000000E+00 +0.000000E+00 +0.160349E-02 -0.149712E-02 +0.000000E+00 +0.133134E-02 +0.000000E+00 +0.000000E+00
 +0.130720E+01 -0.101650E+03 +0.899814E+02 -0.734314E+02 +0.546148E+01 +0.349353E+02 +0.000000E+00 +0.000000E+00 +0.160588E-02 -0.149897E-02 +0.000000E+00 +0.132754E-02 +0.000000E+00 +0.000000E+00
 +0.130720E+01 -0.101660E+03 +0.901345E+02 -0.734989E+02 +0.548973E+01 +0.348347E+02 +0.000000E+00 +0.000000E+00 +0.160825E-02 -0.150078E-02 +0.000000E+00 +0.132372E-02 +0.000000E+00 +0.000000E+00
 +0.130720E+01 -0.101670E+03 +0.902871E+02 -0.735635E+02 +0.551880E+01 +0.347329E+02 +0.000000E+00 +0.000000E+00 +0.161060E-02 -0.150256E-02 +0.000000E+00 +0.131985E-02 +0.000000E+00 +0.000000E+00
 +0.130720E+01 -0.101680E+03 +0.904394E+02 -0.736263E+02 +0.554833E+01 +0.346306E+02 +0.000000E+00 +0.000000E+00 +0.161293E-02 -0.150432E-02 +0.000000E+00 +0.131596E-02 +0.000000E+00 +0.000000E+00
 +0.130720E+01 -0.101690E+03 +0.905912E+02 -0.736862E+02 +0.557865E+01 +0.345271E+02 +0.000000E+00 +0.000000E+00 +0.161524E-02 -0.150603E-02 +0.000000E+00 +0.131203E-02 +0.000000E+00 +0.000000E+00
 +0.130720E+01 -0.101700E+03 +0.907428E+02 -0.737446E+02 +0.560940E+01 +0.344231E+02 +0.000000E+00 +0.000000E+00 +0.161753E-02 -0.150773E-02 +0.000000E+00 +0.130808E-02 +0.000000E+00 +0.000000E+00
 +0.130720E+01 -0.101710E+03 +0.908937E+02 -0.738000E+02 +0.564091E+01 +0.343181E+02 +0.000000E+00 +0.000000E+00 +0.161980E-02 -0.150938E-02 +0.000000E+00 +0.130409E-02 +0.000000E+00 +0.000000E+00
 +0.130720E+01 -0.101720E+03 +0.910443E+02 -0.738540E+02 +0.567280E+01 +0.342125E+02 +0.000000E+00 +0.000000E+00 +0.162206E-02 -0.151101E-02 +0.000000E+00 +0.130008E-02 +0.000000E+00 +0.000000E+00
 +0.130720E+01 -0.101730E+03 +0.911943E+02 -0.739050E+02 +0.570544E+01 +0.341061E+02 +0.000000E+00 +0.000000E+00 +0.162429E-02 -0.151260E-02 +0.000000E+00 +0.129603E-02 +0.000000E+00 +0.000000E+00
 +0.130720E+01 -0.101740E+03 +0.913439E+02 -0.739548E+02 +0.573842E+01 +0.339991E+02 +0.000000E+00 +0.000000E+00 +0.162650E-02 -0.151417E-02 +0.000000E+00 +0.129197E-02 +0.000000E+00 +0.000000E+00
 +0.130720E+01 -0.101750E+03 +0.914928E+02 -0.740016E+02 +0.577212E+01 +0.338913E+02 +0.000000E+00 +0.000000E+00 +0.162869E-02 -0.151570E-02 +0.000000E+00 +0.128787E-02 +0.000000E+00 +0.000000E+00
 +0.130720E+01 -0.101760E+03 +0.916415E+02 -0.740472E+02 +0.580612E+01 +0.337830E+02 +0.000000E+00 +0.000000E+00 +0.163087E-02 -0.151721E-02 +0.000000E+00 +0.128376E-02 +0.000000E+00 +0.000000E+00
 +0.130720E+01 -0.101770E+03 +0.917893E+02 -0.740899E+02 +0.584083E+01 +0.336739E+02 +0.000000E+00 +0.000000E+00 +0.163302E-02 -0.151868E-02 +0.000000E+00 +0.127961E-02 +0.000000E+00 +0.000000E+00
 +0.130720E+01 -0.101780E+03 +0.919369E+02 -0.741314E+02 +0.587580E+01 +0.335645E+02 +0.000000E+00 +0.000000E+00 +0.163516E-02 -0.152014E-02 +0.000000E+00 +0.127545E-02 +0.000000E+00 +0.000000E+00
 +0.130720E+01 -0.101790E+03 +0.920836E+02 -0.741701E+02 +0.591146E+01 +0.334542E+02 +0.000000E+00 +0.000000E+00 +0.163727E-02 -0.152155E-02 +0.000000E+00 +0.127126E-02 +0.000000E+00 +0.000000E+00
 +0.130720E+01 -0.101800E+03 +0.922301E+02 -0.742078E+02 +0.594735E+01 +0.333437E+02 +0.000000E+00 +0.000000E+00 +0.163937E-02 -0.152295E-02 +0.000000E+00 +0.126706E-02 +0.000000E+00 +0.000000E+00
 +0.130720E+01 -0.101810E+03 +0.923756E+02 -0.742426E+02 +0.598390E+01 +0.332323E+02 +0.000000E+00 +0.000000E+00 +0.164144E-02 -0.152430E-02 +0.000000E+00 +0.126283E-02 +0.000000E+00 +0.000000E+00
 +0.130720E+01 -0.101820E+03 +0.925209E+02 -0.742765E+02 +0.602066E+01 +0.331207E+02 +0.000000E+00 +0.000000E+00 +0.164350E-02 -0.152565E-02 +0.000000E+00 +0.125859E-02 +0.000000E+00 +0.000000E+00
 +0.130720E+01 -0.101830E+03 +0.926653E+02 -0.743075E+02 +0.605807E+01 +0.330084E+02 +0.000000E+00 +0.000000E+00 +0.164554E-02 -0.152695E-02 +0.000000E+00 +0.125432E-02 +0.000000E+00 +0.000000E+00
 +0.130720E+01 -0.101840E+03 +0.928093E+02 -0.743377E+02 +0.609565E+01 +0.328958E+02 +0.000000E+00 +0.000000E+00 +0.164756E-02 -0.152823E-02 +0.000000E+00 +0.125004E-02 +0.000000E+00 +0.000000E+00
 +0.130720E+01 -0.101850E+03 +0.929524E+02 -0.743650E+02 +0.613386E+01 +0.327825E+02 +0.000000E+00 +0.000000E+00 +0.164955E-02 -0.152948E-02 +0.000000E+00 +0.124574E-02 +0.000000E+00 +0.000000E+00
 +0.130720E+01 -0.101860E+03 +0.930953E+02 -0.743916E+02 +0.617222E+01 +0.326690E+02 +0.000000E+00 +0.000000E+00 +0.165154E-02 -0.153071E-02 +0.000000E+00 +0.124142E-02 +0.000000E+00 +0.000000E+00
 +0.130720E+01 -0.101870E+03 +0.932371E+02 -0.744153E+02 +0.621120E+01 +0.325548E+02 +0.000000E+00 +0.000000E+00 +0.165349E-02 -0.153190E-02 +0.000000E+00 +0.123708E-02 +0.000000E+00 +0.000000E+00
 +0.130720E+01 -0.101880E+03 +0.933787E+02 -0.744384E+02 +0.625031E+01 +0.324405E+02 +0.000000E+00 +0.000000E+00 +0.165544E-02 -0.153309E-02 +0.000000E+00 +0.123274E-02 +0.000000E+00 +0.000000E+00
 +0.130720E+01 -0.101890E+03 +0.935193E+02 -0.744586E+02 +0.629005E+01 +0.323254E+02 +0.000000E+00 +0.000000E+00 +0.165736E-02 -0.153422E-02 +0.000000E+00 +0.122836E-02 +0.000000E+00 +0.000000E+00
 +0.130720E+01 -0.101900E+03 +0.936598E+02 -0.744782E+02 +0.632991E+01 +0.322100E+02 +0.000000E+00 +0.000000E+00 +0.165927E-02 -0.153535E-02 +0.000000E+00 +0.122398E-02 +0.000000E+00 +0.000000E+00
 +0.130720E+01 -0.101910E+03 +0.937992E+02 -0.744949E+02 +0.637042E+01 +0.320940E+02 +0.000000E+00 +0.000000E+00 +0.166115E-02 -0.153644E-02 +0.000000E+00 +0.121957E-02 +0.000000E+00 +0.000000E+00
 +0.130720E+01 -0.101920E+03 +0.939386E+02 -0.745112E+02 +0.641104E+01 +0.319779E+02 +0.000000E+00 +0.000000E+00 +0.166302E-02 -0.153752E-02 +0.000000E+00 +0.121516E-02 +0.000000E+00 +0.000000E+00
 +0.130720E+01 -0.101930E+03 +0.940781E+02 -0.745248E+02 +0.645257E+01 +0.318604E+02 +0.000000E+00 +0.000000E+00 +0.166488E-02 -0.153857E-02 +0.000000E+00 +0.121069E-02 +0.000000E+00 +0.000000E+00
 +0.130720E+01 -0.101940E+03 +0.942176E+02 -0.745382E+02 +0.649421E+01 +0.317427E+02 +0.000000E+00 +0.000000E+00 +0.166674E-02 -0.153962E-02 +0.000000E+00 +0.120622E-02 +0.000000E+00 +0.000000E+00
 +0.130720E+01 -0.101950E+03 +0.943647E+02 -0.745601E+02 +0.653551E+01 +0.315843E+02 +0.000000E+00 +0.000000E+00 +0.166875E-02 -0.154082E-02 +0.000000E+00 +0.120020E-02 +0.000000E+00 +0.000000E+00
 +0.130720E+01 -0.101960E+03 +0.945126E+02 -0.745831E+02 +0.657676E+01 +0.314215E+02 +0.000000E+00 +0.000000E+00 +0.167078E-02 -0.154204E-02 +0.000000E+00 +0.119402E-02 +0.000000E+00 +0.000000E+00
 +0.130720E+01 -0.101970E+03 +0.946465E+02 -0.745796E+02 +0.662208E+01 +0.313362E+02 +0.000000E+00 +0.000000E+00 +0.167246E-02 -0.154283E-02 +0.000000E+00 +0.119077E-02 +0.000000E+00 +0.000000E+00
 +0.130720E+01 -0.101980E+03 +0.947792E+02 -0.745739E+02 +0.666775E+01 +0.312575E+02 +0.000000E+00 +0.000000E+00 +0.167412E-02 -0.154359E-02 +0.000000E+00 +0.118778E-02 +0.000000E+00 +0.000000E+00
 +0.130720E+01 -0.101990E+03 +0.949227E+02 -0.745809E+02 +0.671278E+01 +0.311330E+02 +0.000000E+00 +0.000000E+00 +0.167599E-02 -0.154458E-02 +0.000000E+00 +0.118306E-02 +0.000000E+00 +0.000000E+00
 +0.130720E+01 -0.102000E+03 +0.950669E+02 -0.745888E+02 +0.675777E+01 +0.310051E+02 +0.000000E+00 +0.000000E+00 +0.167787E-02 -0.154558E-02 +0.000000E+00 +0.117819E-02 +0.000000E+00 +0.000000E+00
 +0.130720E+01 -0.102010E+03 +0.951914E+02 -0.745971E+02 +0.679611E+01 +0.308855E+02 +0.000000E+00 +0.000000E+00 +0.167951E-02 -0.154647E-02 +0.000000E+00 +0.117365E-02 +0.000000E+00 +0.000000E+00
 +0.130720E+01 -0.102020E+03 +0.953168E+02 -0.746059E+02 +0.683461E+01 +0.307671E+02 +0.000000E+00 +0.000000E+00 +0.168116E-02 -0.154737E-02 +0.000000E+00 +0.116915E-02 +0.000000E+00 +0.000000E+00
 +0.130720E+01 -0.102030E+03 +0.954644E+02 -0.745990E+02 +0.688559E+01 +0.306543E+02 +0.000000E+00 +0.000000E+00 +0.168300E-02 -0.154821E-02 +0.000000E+00 +0.116486E-02 +0.000000E+00 +0.000000E+00
 +0.130720E+01 -0.102040E+03 +0.955676E+02 -0.746128E+02 +0.691509E+01 +0.305368E+02 +0.000000E+00 +0.000000E+00 +0.168440E-02 -0.154903E-02 +0.000000E+00 +0.116040E-02 +0.000000E+00 +0.000000E+00
 +0.130720E+01 -0.102050E+03 +0.956684E+02 -0.746266E+02 +0.694379E+01 +0.304190E+02 +0.000000E+00 +0.000000E+00 +0.168577E-02 -0.154984E-02 +0.000000E+00 +0.115592E-02 +0.000000E+00 +0.000000E+00
 +0.130720E+01 -0.102060E+03 +0.957847E+02 -0.746284E+02 +0.698157E+01 +0.303028E+02 +0.000000E+00 +0.000000E+00 +0.168726E-02 -0.155059E-02 +0.000000E+00 +0.115151E-02 +0.000000E+00 +0.000000E+00
 +0.130720E+01 -0.102070E+03 +0.958974E+02 -0.746318E+02 +0.701765E+01 +0.301864E+02 +0.000000E+00 +0.000000E+00 +0.168872E-02 -0.155134E-02 +0.000000E+00 +0.114708E-02 +0.000000E+00 +0.000000E+00
 +0.130720E+01 -0.102080E+03 +0.960048E+02 -0.746379E+02 +0.705108E+01 +0.300697E+02 +0.000000E+00 +0.000000E+00 +0.169012E-02 -0.155209E-02 +0.000000E+00 +0.114265E-02 +0.000000E+00 +0.000000E+00
 +0.130720E+01 -0.102090E+03 +0.961122E+02 -0.746440E+02 +0.708450E+01 +0.299530E+02 +0.000000E+00 +0.000000E+00 +0.169153E-02 -0.155284E-02 +0.000000E+00 +0.113821E-02 +0.000000E+00 +0.000000E+00
 +0.130720E+01 -0.102100E+03 +0.962303E+02 -0.746224E+02 +0.713062E+01 +0.298308E+02 +0.000000E+00 +0.000000E+00 +0.169289E-02 -0.155331E-02 +0.000000E+00 +0.113357E-02 +0.000000E+00 +0.000000E+00
 +0.130720E+01 -0.102110E+03 +0.963503E+02 -0.746048E+02 +0.717601E+01 +0.297123E+02 +0.000000E+00 +0.000000E+00 +0.169431E-02 -0.155384E-02 +0.000000E+00 +0.112907E-02 +0.000000E+00 +0.000000E+00
 +0.130720E+01 -0.102120E+03 +0.964718E+02 -0.745911E+02 +0.722064E+01 +0.295971E+02 +0.000000E+00 +0.000000E+00 +0.169577E-02 -0.155442E-02 +0.000000E+00 +0.112469E-02 +0.000000E+00 +0.000000E+00
 +0.130720E+01 -0.102130E+03 +0.965933E+02 -0.745773E+02 +0.726527E+01 +0.294819E+02 +0.000000E+00 +0.000000E+00 +0.169723E-02 -0.155501E-02 +0.000000E+00 +0.112031E-02 +0.000000E+00 +0.000000E+00
 +0.130720E+01 -0.102140E+03 +0.967193E+02 -0.745584E+02 +0.731310E+01 +0.293625E+02 +0.000000E+00 +0.000000E+00 +0.169872E-02 -0.155556E-02 +0.000000E+00 +0.111578E-02 +0.000000E+00 +0.000000E+00
 +0.130720E+01 -0.102150E+03 +0.968619E+02 -0.745079E+02 +0.737681E+01 +0.292368E+02 +0.000000E+00 +0.000000E+00 +0.170022E-02 -0.155581E-02 +0.000000E+00 +0.111100E-02 +0.000000E+00 +0.000000E+00
 +0.130720E+01 -0.102160E+03 +0.970085E+02 -0.744471E+02 +0.744526E+01 +0.291113E+02 +0.000000E+00 +0.000000E+00 +0.170170E-02 -0.155596E-02 +0.000000E+00 +0.110623E-02 +0.000000E+00 +0.000000E+00
 +0.130720E+01 -0.102170E+03 +0.971592E+02 -0.743887E+02 +0.751426E+01 +0.289818E+02 +0.000000E+00 +0.000000E+00 +0.170325E-02 -0.155616E-02 +0.000000E+00 +0.110131E-02 +0.000000E+00 +0.000000E+00
 +0.130720E+01 -0.102180E+03 +0.973066E+02 -0.743358E+02 +0.758034E+01 +0.288546E+02 +0.000000E+00 +0.000000E+00 +0.170480E-02 -0.155641E-02 +0.000000E+00 +0.109647E-02 +0.000000E+00 +0.000000E+00
 +0.130720E+01 -0.102190E+03 +0.974171E+02 -0.743278E+02 +0.761945E+01 +0.287402E+02 +0.000000E+00 +0.000000E+00 +0.170616E-02 -0.155700E-02 +0.000000E+00 +0.109213E-02 +0.000000E+00 +0.000000E+00
 +0.130720E+01 -0.102200E+03 +0.975199E+02 -0.743291E+02 +0.765296E+01 +0.286165E+02 +0.000000E+00 +0.000000E+00 +0.170747E-02 -0.155766E-02 +0.000000E+00 +0.108743E-02 +0.000000E+00 +0.000000E+00
 +0.130720E+01 -0.102210E+03 +0.976227E+02 -0.743304E+02 +0.768647E+01 +0.284928E+02 +0.000000E+00 +0.000000E+00 +0.170879E-02 -0.155832E-02 +0.000000E+00 +0.108273E-02 +0.000000E+00 +0.000000E+00
 +0.130720E+01 -0.102220E+03 +0.977256E+02 -0.743317E+02 +0.771999E+01 +0.283691E+02 +0.000000E+00 +0.000000E+00 +0.171011E-02 -0.155898E-02 +0.000000E+00 +0.107803E-02 +0.000000E+00 +0.000000E+00
 +0.130720E+01 -0.102230E+03 +0.978279E+02 -0.743313E+02 +0.775385E+01 +0.282503E+02 +0.000000E+00 +0.000000E+00 +0.171141E-02 -0.155962E-02 +0.000000E+00 +0.107351E-02 +0.000000E+00 +0.000000E+00
 +0.130720E+01 -0.102240E+03 +0.979301E+02 -0.743310E+02 +0.778772E+01 +0.281314E+02 +0.000000E+00 +0.000000E+00 +0.171271E-02 -0.156026E-02 +0.000000E+00 +0.106899E-02 +0.000000E+00 +0.000000E+00
 +0.130720E+01 -0.102250E+03 +0.980276E+02 -0.743104E+02 +0.782669E+01 +0.280107E+02 +0.000000E+00 +0.000000E+00 +0.171382E-02 -0.156060E-02 +0.000000E+00 +0.106441E-02 +0.000000E+00 +0.000000E+00
 +0.130720E+01 -0.102260E+03 +0.981233E+02 -0.742824E+02 +0.786750E+01 +0.278894E+02 +0.000000E+00 +0.000000E+00 +0.171486E-02 -0.156085E-02 +0.000000E+00 +0.105980E-02 +0.000000E+00 +0.000000E+00
 +0.130720E+01 -0.102270E+03 +0.982401E+02 -0.742424E+02 +0.791923E+01 +0.277655E+02 +0.000000E+00 +0.000000E+00 +0.171610E-02 -0.156107E-02 +0.000000E+00 +0.105509E-02 +0.000000E+00 +0.000000E+00
 +0.130720E+01 -0.102280E+03 +0.983736E+02 -0.741928E+02 +0.797966E+01 +0.276395E+02 +0.000000E+00 +0.000000E+00 +0.171748E-02 -0.156128E-02 +0.000000E+00 +0.105030E-02 +0.000000E+00 +0.000000E+00
 +0.130720E+01 -0.102290E+03 +0.985071E+02 -0.741432E+02 +0.804008E+01 +0.275135E+02 +0.000000E+00 +0.000000E+00 +0.171887E-02 -0.156148E-02 +0.000000E+00 +0.104551E-02 +0.000000E+00 +0.000000E+00
 +0.130720E+01 -0.102300E+03 +0.986406E+02 -0.740936E+02 +0.810050E+01 +0.273876E+02 +0.000000E+00 +0.000000E+00 +0.172026E-02 -0.156169E-02 +0.000000E+00 +0.104073E-02 +0.000000E+00 +0.000000E+00
 +0.130720E+01 -0.102310E+03 +0.987713E+02 -0.740220E+02 +0.816728E+01 +0.272600E+02 +0.000000E+00 +0.000000E+00 +0.172148E-02 -0.156160E-02 +0.000000E+00 +0.103588E-02 +0.000000E+00 +0.000000E+00
 +0.130720E+01 -0.102320E+03 +0.988875E+02 -0.739702E+02 +0.822269E+01 +0.271466E+02 +0.000000E+00 +0.000000E+00 +0.172263E-02 -0.156167E-02 +0.000000E+00 +0.103157E-02 +0.000000E+00 +0.000000E+00
 +0.130720E+01 -0.102330E+03 +0.989972E+02 -0.739371E+02 +0.826982E+01 +0.270413E+02 +0.000000E+00 +0.000000E+00 +0.172382E-02 -0.156193E-02 +0.000000E+00 +0.102757E-02 +0.000000E+00 +0.000000E+00
 +0.130720E+01 -0.102340E+03 +0.991069E+02 -0.739041E+02 +0.831694E+01 +0.269359E+02 +0.000000E+00 +0.000000E+00 +0.172501E-02 -0.156220E-02 +0.000000E+00 +0.102357E-02 +0.000000E+00 +0.000000E+00
 +0.130720E+01 -0.102350E+03 +0.992166E+02 -0.738710E+02 +0.836406E+01 +0.268306E+02 +0.000000E+00 +0.000000E+00 +0.172620E-02 -0.156247E-02 +0.000000E+00 +0.101956E-02 +0.000000E+00 +0.000000E+00
 +0.130720E+01 -0.102360E+03 +0.993263E+02 -0.738379E+02 +0.841119E+01 +0.267253E+02 +0.000000E+00 +0.000000E+00 +0.172739E-02 -0.156273E-02 +0.000000E+00 +0.101556E-02 +0.000000E+00 +0.000000E+00
 +0.130720E+01 -0.102370E+03 +0.994352E+02 -0.738097E+02 +0.845639E+01 +0.266209E+02 +0.000000E+00 +0.000000E+00 +0.172860E-02 -0.156306E-02 +0.000000E+00 +0.101160E-02 +0.000000E+00 +0.000000E+00
 +0.130720E+01 -0.102380E+03 +0.995338E+02 -0.737823E+02 +0.849799E+01 +0.265126E+02 +0.000000E+00 +0.000000E+00 +0.172968E-02 -0.156333E-02 +0.000000E+00 +0.100748E-02 +0.000000E+00 +0.000000E+00
 +0.130720E+01 -0.102390E+03 +0.996324E+02 -0.737549E+02 +0.853959E+01 +0.264044E+02 +0.000000E+00 +0.000000E+00 +0.173076E-02 -0.156359E-02 +0.000000E+00 +0.100337E-02 +0.000000E+00 +0.000000E+00
 +0.130720E+01 -0.102400E+03 +0.997311E+02 -0.737274E+02 +0.858119E+01 +0.262961E+02 +0.000000E+00 +0.000000E+00 +0.173185E-02 -0.156386E-02 +0.000000E+00 +0.999252E-03 +0.000000E+00 +0.000000E+00
 +0.130720E+01 -0.102410E+03 +0.998297E+02 -0.737000E+02 +0.862279E+01 +0.261878E+02 +0.000000E+00 +0.000000E+00 +0.173293E-02 -0.156413E-02 +0.000000E+00 +0.995137E-03 +0.000000E+00 +0.000000E+00
 +0.130720E+01 -0.102420E+03 +0.999283E+02 -0.736726E+02 +0.866439E+01 +0.260795E+02 +0.000000E+00 +0.000000E+00 +0.173401E-02 -0.156440E-02 +0.000000E+00 +0.991023E-03 +0.000000E+00 +0.000000E+00
 +0.130720E+01 -0.102430E+03 +0.100027E+03 -0.736452E+02 +0.870599E+01 +0.259713E+02 +0.000000E+00 +0.000000E+00 +0.173510E-02 -0.156467E-02 +0.000000E+00 +0.986908E-03 +0.000000E+00 +0.000000E+00
 +0.130720E+01 -0.102440E+03 +0.100126E+03 -0.736177E+02 +0.874759E+01 +0.258630E+02 +0.000000E+00 +0.000000E+00 +0.173618E-02 -0.156494E-02 +0.000000E+00 +0.982794E-03 +0.000000E+00 +0.000000E+00
 +0.130720E+01 -0.102450E+03 +0.100216E+03 -0.735842E+02 +0.878856E+01 +0.257497E+02 +0.000000E+00 +0.000000E+00 +0.173713E-02 -0.156508E-02 +0.000000E+00 +0.978488E-03 +0.000000E+00 +0.000000E+00
 +0.130720E+01 -0.102460E+03 +0.100309E+03 -0.735588E+02 +0.882762E+01 +0.256306E+02 +0.000000E+00 +0.000000E+00 +0.173815E-02 -0.156534E-02 +0.000000E+00 +0.973961E-03 +0.000000E+00 +0.000000E+00
 +0.130720E+01 -0.102470E+03 +0.100410E+03 -0.735079E+02 +0.887785E+01 +0.255045E+02 +0.000000E+00 +0.000000E+00 +0.173912E-02 -0.156533E-02 +0.000000E+00 +0.969171E-03 +0.000000E+00 +0.000000E+00
 +0.130720E+01 -0.102480E+03 +0.100512E+03 -0.734570E+02 +0.892809E+01 +0.253785E+02 +0.000000E+00 +0.000000E+00 +0.174009E-02 -0.156532E-02 +0.000000E+00 +0.964382E-03 +0.000000E+00 +0.000000E+00
 +0.130720E+01 -0.102490E+03 +0.100613E+03 -0.734061E+02 +0.897832E+01 +0.252524E+02 +0.000000E+00 +0.000000E+00 +0.174106E-02 -0.156530E-02 +0.000000E+00 +0.959592E-03 +0.000000E+00 +0.000000E+00
 +0.130720E+01 -0.102500E+03 +0.100714E+03 -0.733552E+02 +0.902855E+01 +0.251264E+02 +0.000000E+00 +0.000000E+00 +0.174203E-02 -0.156529E-02 +0.000000E+00 +0.954802E-03 +0.000000E+00 +0.000000E+00
 +0.130720E+01 -0.102510E+03 +0.100816E+03 -0.733043E+02 +0.907879E+01 +0.250003E+02 +0.000000E+00 +0.000000E+00 +0.174300E-02 -0.156528E-02 +0.000000E+00 +0.950012E-03 +0.000000E+00 +0.000000E+00
 +0.130720E+01 -0.102520E+03 +0.100917E+03 -0.732534E+02 +0.912902E+01 +0.248743E+02 +0.000000E+00 +0.000000E+00 +0.174397E-02 -0.156527E-02 +0.000000E+00 +0.945223E-03 +0.000000E+00 +0.000000E+00
 +0.130720E+01 -0.102530E+03 +0.101018E+03 -0.732025E+02 +0.917925E+01 +0.247482E+02 +0.000000E+00 +0.000000E+00 +0.174494E-02 -0.156525E-02 +0.000000E+00 +0.940433E-03 +0.000000E+00 +0.000000E+00
 +0.130720E+01 -0.102540E+03 +0.101116E+03 -0.731523E+02 +0.922790E+01 +0.246293E+02 +0.000000E+00 +0.000000E+00 +0.174587E-02 -0.156522E-02 +0.000000E+00 +0.935912E-03 +0.000000E+00 +0.000000E+00
 +0.130720E+01 -0.102550E+03 +0.101207E+03 -0.731030E+02 +0.927427E+01 +0.245205E+02 +0.000000E+00 +0.000000E+00 +0.174672E-02 -0.156517E-02 +0.000000E+00 +0.931779E-03 +0.000000E+00 +0.000000E+00
 +0.130720E+01 -0.102560E+03 +0.101298E+03 -0.730537E+02 +0.932064E+01 +0.244117E+02 +0.000000E+00 +0.000000E+00 +0.174757E-02 -0.156511E-02 +0.000000E+00 +0.927646E-03 +0.000000E+00 +0.000000E+00
 +0.130720E+01 -0.102570E+03 +0.101389E+03 -0.730044E+02 +0.936700E+01 +0.243030E+02 +0.000000E+00 +0.000000E+00 +0.174842E-02 -0.156506E-02 +0.000000E+00 +0.923513E-03 +0.000000E+00 +0.000000E+00
 +0.130720E+01 -0.102580E+03 +0.101481E+03 -0.729551E+02 +0.941337E+01 +0.241942E+02 +0.000000E+00 +0.000000E+00 +0.174928E-02 -0.156500E-02 +0.000000E+00 +0.919379E-03 +0.000000E+00 +0.000000E+00
 +0.130720E+01 -0.102590E+03 +0.101572E+03 -0.729059E+02 +0.945974E+01 +0.240854E+02 +0.000000E+00 +0.000000E+00 +0.175013E-02 -0.156495E-02 +0.000000E+00 +0.915246E-03 +0.000000E+00 +0.000000E+00
 +0.130720E+01 -0.102600E+03 +0.101663E+03 -0.728566E+02 +0.950610E+01 +0.239767E+02 +0.000000E+00 +0.000000E+00 +0.175098E-02 -0.156489E-02 +0.000000E+00 +0.911113E-03 +0.000000E+00 +0.000000E+00
 +0.130720E+01 -0.102610E+03 +0.101754E+03 -0.728073E+02 +0.955247E+01 +0.238679E+02 +0.000000E+00 +0.000000E+00 +0.175183E-02 -0.156484E-02 +0.000000E+00 +0.906980E-03 +0.000000E+00 +0.000000E+00
 +0.130720E+01 -0.102620E+03 +0.101845E+03 -0.727573E+02 +0.959890E+01 +0.237587E+02 +0.000000E+00 +0.000000E+00 +0.175267E-02 -0.156477E-02 +0.000000E+00 +0.902832E-03 +0.000000E+00 +0.000000E+00
 +0.130720E+01 -0.102630E+03 +0.101922E+03 -0.727033E+02 +0.964223E+01 +0.236468E+02 +0.000000E+00 +0.000000E+00 +0.175332E-02 -0.156456E-02 +0.000000E+00 +0.898578E-03 +0.000000E+00 +0.000000E+00
 +0.130720E+01 -0.102640E+03 +0.102007E+03 -0.726481E+02 +0.968843E+01 +0.235331E+02 +0.000000E+00 +0.000000E+00 +0.175405E-02 -0.156439E-02 +0.000000E+00 +0.894259E-03 +0.000000E+00 +0.000000E+00
 +0.130720E+01 -0.102650E+03 +0.102092E+03 -0.725929E+02 +0.973463E+01 +0.234195E+02 +0.000000E+00 +0.000000E+00 +0.175479E-02 -0.156422E-02 +0.000000E+00 +0.889941E-03 +0.000000E+00 +0.000000E+00
 +0.130720E+01 -0.102660E+03 +0.102177E+03 -0.725378E+02 +0.978083E+01 +0.233058E+02 +0.000000E+00 +0.000000E+00 +0.175552E-02 -0.156405E-02 +0.000000E+00 +0.885622E-03 +0.000000E+00 +0.000000E+00
 +0.130720E+01 -0.102670E+03 +0.102261E+03 -0.724826E+02 +0.982702E+01 +0.231922E+02 +0.000000E+00 +0.000000E+00 +0.175625E-02 -0.156388E-02 +0.000000E+00 +0.881303E-03 +0.000000E+00 +0.000000E+00
 +0.130720E+01 -0.102680E+03 +0.102346E+03 -0.724275E+02 +0.987322E+01 +0.230785E+02 +0.000000E+00 +0.000000E+00 +0.175699E-02 -0.156371E-02 +0.000000E+00 +0.876985E-03 +0.000000E+00 +0.000000E+00
 +0.130720E+01 -0.102690E+03 +0.102431E+03 -0.723723E+02 +0.991942E+01 +0.229649E+02 +0.000000E+00 +0.000000E+00 +0.175772E-02 -0.156354E-02 +0.000000E+00 +0.872666E-03 +0.000000E+00 +0.000000E+00
 +0.130720E+01 -0.102700E+03 +0.102516E+03 -0.723172E+02 +0.996562E+01 +0.228512E+02 +0.000000E+00 +0.000000E+00 +0.175846E-02 -0.156337E-02 +0.000000E+00 +0.868347E-03 +0.000000E+00 +0.000000E+00
 +0.130720E+01 -0.102710E+03 +0.102601E+03 -0.722620E+02 +0.100118E+02 +0.227376E+02 +0.000000E+00 +0.000000E+00 +0.175919E-02 -0.156320E-02 +0.000000E+00 +0.864029E-03 +0.000000E+00 +0.000000E+00
 +0.130720E+01 -0.102720E+03 +0.102675E+03 -0.722412E+02 +0.100431E+02 +0.226251E+02 +0.000000E+00 +0.000000E+00 +0.176000E-02 -0.156340E-02 +0.000000E+00 +0.859755E-03 +0.000000E+00 +0.000000E+00
 +0.130720E+01 -0.102730E+03 +0.102748E+03 -0.722230E+02 +0.100733E+02 +0.225127E+02 +0.000000E+00 +0.000000E+00 +0.176082E-02 -0.156363E-02 +0.000000E+00 +0.855484E-03 +0.000000E+00 +0.000000E+00
 +0.130720E+01 -0.102740E+03 +0.102822E+03 -0.722049E+02 +0.101035E+02 +0.224004E+02 +0.000000E+00 +0.000000E+00 +0.176164E-02 -0.156386E-02 +0.000000E+00 +0.851214E-03 +0.000000E+00 +0.000000E+00
 +0.130720E+01 -0.102750E+03 +0.102895E+03 -0.721867E+02 +0.101337E+02 +0.222880E+02 +0.000000E+00 +0.000000E+00 +0.176246E-02 -0.156409E-02 +0.000000E+00 +0.846943E-03 +0.000000E+00 +0.000000E+00
 +0.130720E+01 -0.102760E+03 +0.102968E+03 -0.721685E+02 +0.101639E+02 +0.221756E+02 +0.000000E+00 +0.000000E+00 +0.176328E-02 -0.156432E-02 +0.000000E+00 +0.842672E-03 +0.000000E+00 +0.000000E+00
 +0.130720E+01 -0.102770E+03 +0.103045E+03 -0.721415E+02 +0.101983E+02 +0.220630E+02 +0.000000E+00 +0.000000E+00 +0.176409E-02 -0.156446E-02 +0.000000E+00 +0.838394E-03 +0.000000E+00 +0.000000E+00
 +0.130720E+01 -0.102780E+03 +0.103141E+03 -0.720729E+02 +0.102525E+02 +0.219495E+02 +0.000000E+00 +0.000000E+00 +0.176488E-02 -0.156418E-02 +0.000000E+00 +0.834080E-03 +0.000000E+00 +0.000000E+00
 +0.130720E+01 -0.102790E+03 +0.103233E+03 -0.720034E+02 +0.103057E+02 +0.218412E+02 +0.000000E+00 +0.000000E+00 +0.176561E-02 -0.156387E-02 +0.000000E+00 +0.829966E-03 +0.000000E+00 +0.000000E+00
 +0.130720E+01 -0.102800E+03 +0.103311E+03 -0.719306E+02 +0.103554E+02 +0.217517E+02 +0.000000E+00 +0.000000E+00 +0.176615E-02 -0.156343E-02 +0.000000E+00 +0.826563E-03 +0.000000E+00 +0.000000E+00
 +0.130720E+01 -0.102810E+03 +0.103388E+03 -0.718578E+02 +0.104051E+02 +0.216621E+02 +0.000000E+00 +0.000000E+00 +0.176668E-02 -0.156299E-02 +0.000000E+00 +0.823161E-03 +0.000000E+00 +0.000000E+00
 +0.130720E+01 -0.102820E+03 +0.103466E+03 -0.717850E+02 +0.104548E+02 +0.215726E+02 +0.000000E+00 +0.000000E+00 +0.176722E-02 -0.156256E-02 +0.000000E+00 +0.819758E-03 +0.000000E+00 +0.000000E+00
 +0.130720E+01 -0.102830E+03 +0.103544E+03 -0.717122E+02 +0.105045E+02 +0.214831E+02 +0.000000E+00 +0.000000E+00 +0.176775E-02 -0.156212E-02 +0.000000E+00 +0.816356E-03 +0.000000E+00 +0.000000E+00
 +0.130720E+01 -0.102840E+03 +0.103622E+03 -0.716394E+02 +0.105542E+02 +0.213935E+02 +0.000000E+00 +0.000000E+00 +0.176828E-02 -0.156168E-02 +0.000000E+00 +0.812954E-03 +0.000000E+00 +0.000000E+00
 +0.130720E+01 -0.102850E+03 +0.103700E+03 -0.715666E+02 +0.106039E+02 +0.213040E+02 +0.000000E+00 +0.000000E+00 +0.176882E-02 -0.156124E-02 +0.000000E+00 +0.809551E-03 +0.000000E+00 +0.000000E+00
 +0.130720E+01 -0.102860E+03 +0.103777E+03 -0.714938E+02 +0.106536E+02 +0.212144E+02 +0.000000E+00 +0.000000E+00 +0.176935E-02 -0.156080E-02 +0.000000E+00 +0.806149E-03 +0.000000E+00 +0.000000E+00
 +0.130720E+01 -0.102870E+03 +0.103855E+03 -0.714210E+02 +0.107033E+02 +0.211249E+02 +0.000000E+00 +0.000000E+00 +0.176989E-02 -0.156036E-02 +0.000000E+00 +0.802746E-03 +0.000000E+00 +0.000000E+00
 +0.130720E+01 -0.102880E+03 +0.103933E+03 -0.713482E+02 +0.107530E+02 +0.210354E+02 +0.000000E+00 +0.000000E+00 +0.177042E-02 -0.155992E-02 +0.000000E+00 +0.799344E-03 +0.000000E+00 +0.000000E+00
 +0.130720E+01 -0.102890E+03 +0.104011E+03 -0.712754E+02 +0.108027E+02 +0.209458E+02 +0.000000E+00 +0.000000E+00 +0.177096E-02 -0.155948E-02 +0.000000E+00 +0.795941E-03 +0.000000E+00 +0.000000E+00
 +0.130720E+01 -0.102900E+03 +0.104089E+03 -0.712025E+02 +0.108525E+02 +0.208563E+02 +0.000000E+00 +0.000000E+00 +0.177149E-02 -0.155904E-02 +0.000000E+00 +0.792539E-03 +0.000000E+00 +0.000000E+00
 +0.130720E+01 -0.102910E+03 +0.104167E+03 -0.711297E+02 +0.109022E+02 +0.207667E+02 +0.000000E+00 +0.000000E+00 +0.177202E-02 -0.155861E-02 +0.000000E+00 +0.789136E-03 +0.000000E+00 +0.000000E+00
 +0.130720E+01 -0.102920E+03 +0.104244E+03 -0.710569E+02 +0.109519E+02 +0.206772E+02 +0.000000E+00 +0.000000E+00 +0.177256E-02 -0.155817E-02 +0.000000E+00 +0.785734E-03 +0.000000E+00 +0.000000E+00
 +0.130720E+01 -0.102930E+03 +0.104320E+03 -0.709887E+02 +0.109993E+02 +0.205862E+02 +0.000000E+00 +0.000000E+00 +0.177309E-02 -0.155777E-02 +0.000000E+00 +0.782275E-03 +0.000000E+00 +0.000000E+00
 +0.130720E+01 -0.102940E+03 +0.104382E+03 -0.709252E+02 +0.110407E+02 +0.204807E+02 +0.000000E+00 +0.000000E+00 +0.177348E-02 -0.155735E-02 +0.000000E+00 +0.778266E-03 +0.000000E+00 +0.000000E+00
 +0.130720E+01 -0.102950E+03 +0.104444E+03 -0.708617E+02 +0.110821E+02 +0.203752E+02 +0.000000E+00 +0.000000E+00 +0.177387E-02 -0.155693E-02 +0.000000E+00 +0.774257E-03 +0.000000E+00 +0.000000E+00
 +0.130720E+01 -0.102960E+03 +0.104506E+03 -0.707982E+02 +0.111234E+02 +0.202697E+02 +0.000000E+00 +0.000000E+00 +0.177426E-02 -0.155651E-02 +0.000000E+00 +0.770248E-03 +0.000000E+00 +0.000000E+00
 +0.130720E+01 -0.102970E+03 +0.104567E+03 -0.707348E+02 +0.111648E+02 +0.201642E+02 +0.000000E+00 +0.000000E+00 +0.177465E-02 -0.155609E-02 +0.000000E+00 +0.766239E-03 +0.000000E+00 +0.000000E+00
 +0.130720E+01 -0.102980E+03 +0.104629E+03 -0.706713E+02 +0.112061E+02 +0.200587E+02 +0.000000E+00 +0.000000E+00 +0.177504E-02 -0.155567E-02 +0.000000E+00 +0.762230E-03 +0.000000E+00 +0.000000E+00
 +0.130720E+01 -0.102990E+03 +0.104691E+03 -0.706078E+02 +0.112475E+02 +0.199532E+02 +0.000000E+00 +0.000000E+00 +0.177543E-02 -0.155525E-02 +0.000000E+00 +0.758222E-03 +0.000000E+00 +0.000000E+00
 +0.130720E+01 -0.103000E+03 +0.104753E+03 -0.705443E+02 +0.112889E+02 +0.198477E+02 +0.000000E+00 +0.000000E+00 +0.177582E-02 -0.155483E-02 +0.000000E+00 +0.754213E-03 +0.000000E+00 +0.000000E+00
 +0.130720E+01 -0.103010E+03 +0.104815E+03 -0.704809E+02 +0.113302E+02 +0.197422E+02 +0.000000E+00 +0.000000E+00 +0.177621E-02 -0.155441E-02 +0.000000E+00 +0.750204E-03 +0.000000E+00 +0.000000E+00
 +0.130720E+01 -0.103020E+03 +0.104877E+03 -0.704174E+02 +0.113716E+02 +0.196367E+02 +0.000000E+00 +0.000000E+00 +0.177660E-02 -0.155399E-02 +0.000000E+00 +0.746195E-03 +0.000000E+00 +0.000000E+00
 +0.130720E+01 -0.103030E+03 +0.104939E+03 -0.703539E+02 +0.114130E+02 +0.195312E+02 +0.000000E+00 +0.000000E+00 +0.177699E-02 -0.155357E-02 +0.000000E+00 +0.742186E-03 +0.000000E+00 +0.000000E+00
 +0.130720E+01 -0.103040E+03 +0.105000E+03 -0.702904E+02 +0.114543E+02 +0.194257E+02 +0.000000E+00 +0.000000E+00 +0.177738E-02 -0.155315E-02 +0.000000E+00 +0.738177E-03 +0.000000E+00 +0.000000E+00
 +0.130720E+01 -0.103050E+03 +0.105062E+03 -0.702270E+02 +0.114957E+02 +0.193202E+02 +0.000000E+00 +0.000000E+00 +0.177777E-02 -0.155273E-02 +0.000000E+00 +0.734169E-03 +0.000000E+00 +0.000000E+00
 +0.130720E+01 -0.103060E+03 +0.105124E+03 -0.701635E+02 +0.115370E+02 +0.192147E+02 +0.000000E+00 +0.000000E+00 +0.177816E-02 -0.155231E-02 +0.000000E+00 +0.730160E-03 +0.000000E+00 +0.000000E+00
 +0.130720E+01 -0.103070E+03 +0.105186E+03 -0.701000E+02 +0.115784E+02 +0.191092E+02 +0.000000E+00 +0.000000E+00 +0.177855E-02 -0.155189E-02 +0.000000E+00 +0.726151E-03 +0.000000E+00 +0.000000E+00
 +0.130720E+01 -0.103080E+03 +0.105248E+03 -0.700365E+02 +0.116198E+02 +0.190037E+02 +0.000000E+00 +0.000000E+00 +0.177894E-02 -0.155147E-02 +0.000000E+00 +0.722142E-03 +0.000000E+00 +0.000000E+00
 +0.130720E+01 -0.103090E+03 +0.105310E+03 -0.699731E+02 +0.116611E+02 +0.188982E+02 +0.000000E+00 +0.000000E+00 +0.177932E-02 -0.155105E-02 +0.000000E+00 +0.718133E-03 +0.000000E+00 +0.000000E+00
 +0.130720E+01 -0.103100E+03 +0.105371E+03 -0.699096E+02 +0.117023E+02 +0.187934E+02 +0.000000E+00 +0.000000E+00 +0.177971E-02 -0.155063E-02 +0.000000E+00 +0.714148E-03 +0.000000E+00 +0.000000E+00
 +0.130720E+01 -0.103110E+03 +0.105412E+03 -0.698484E+02 +0.117358E+02 +0.187099E+02 +0.000000E+00 +0.000000E+00 +0.177984E-02 -0.155010E-02 +0.000000E+00 +0.710978E-03 +0.000000E+00 +0.000000E+00
 +0.130720E+01 -0.103120E+03 +0.105452E+03 -0.697872E+02 +0.117694E+02 +0.186265E+02 +0.000000E+00 +0.000000E+00 +0.177997E-02 -0.154958E-02 +0.000000E+00 +0.707808E-03 +0.000000E+00 +0.000000E+00
 +0.130720E+01 -0.103130E+03 +0.105493E+03 -0.697260E+02 +0.118030E+02 +0.185431E+02 +0.000000E+00 +0.000000E+00 +0.178010E-02 -0.154905E-02 +0.000000E+00 +0.704639E-03 +0.000000E+00 +0.000000E+00
 +0.130720E+01 -0.103140E+03 +0.105533E+03 -0.696647E+02 +0.118366E+02 +0.184597E+02 +0.000000E+00 +0.000000E+00 +0.178024E-02 -0.154853E-02 +0.000000E+00 +0.701469E-03 +0.000000E+00 +0.000000E+00
 +0.130720E+01 -0.103150E+03 +0.105574E+03 -0.696035E+02 +0.118702E+02 +0.183763E+02 +0.000000E+00 +0.000000E+00 +0.178037E-02 -0.154800E-02 +0.000000E+00 +0.698300E-03 +0.000000E+00 +0.000000E+00
 +0.130720E+01 -0.103160E+03 +0.105614E+03 -0.695423E+02 +0.119038E+02 +0.182929E+02 +0.000000E+00 +0.000000E+00 +0.178050E-02 -0.154747E-02 +0.000000E+00 +0.695130E-03 +0.000000E+00 +0.000000E+00
 +0.130720E+01 -0.103170E+03 +0.105655E+03 -0.694810E+02 +0.119373E+02 +0.182095E+02 +0.000000E+00 +0.000000E+00 +0.178063E-02 -0.154695E-02 +0.000000E+00 +0.691960E-03 +0.000000E+00 +0.000000E+00
 +0.130720E+01 -0.103180E+03 +0.105695E+03 -0.694198E+02 +0.119709E+02 +0.181261E+02 +0.000000E+00 +0.000000E+00 +0.178076E-02 -0.154642E-02 +0.000000E+00 +0.688791E-03 +0.000000E+00 +0.000000E+00
 +0.130720E+01 -0.103190E+03 +0.105736E+03 -0.693586E+02 +0.120045E+02 +0.180427E+02 +0.000000E+00 +0.000000E+00 +0.178090E-02 -0.154590E-02 +0.000000E+00 +0.685621E-03 +0.000000E+00 +0.000000E+00
 +0.130720E+01 -0.103200E+03 +0.105776E+03 -0.692973E+02 +0.120381E+02 +0.179593E+02 +0.000000E+00 +0.000000E+00 +0.178103E-02 -0.154537E-02 +0.000000E+00 +0.682452E-03 +0.000000E+00 +0.000000E+00
 +0.130720E+01 -0.103210E+03 +0.105817E+03 -0.692362E+02 +0.120718E+02 +0.178757E+02 +0.000000E+00 +0.000000E+00 +0.178117E-02 -0.154485E-02 +0.000000E+00 +0.679276E-03 +0.000000E+00 +0.000000E+00
 +0.130720E+01 -0.103220E+03 +0.105883E+03 -0.691811E+02 +0.121117E+02 +0.177834E+02 +0.000000E+00 +0.000000E+00 +0.178166E-02 -0.154456E-02 +0.000000E+00 +0.675770E-03 +0.000000E+00 +0.000000E+00
 +0.130720E+01 -0.103230E+03 +0.105949E+03 -0.691261E+02 +0.121516E+02 +0.176912E+02 +0.000000E+00 +0.000000E+00 +0.178215E-02 -0.154428E-02 +0.000000E+00 +0.672264E-03 +0.000000E+00 +0.000000E+00
 +0.130720E+01 -0.103240E+03 +0.106015E+03 -0.690710E+02 +0.121916E+02 +0.175989E+02 +0.000000E+00 +0.000000E+00 +0.178265E-02 -0.154399E-02 +0.000000E+00 +0.668758E-03 +0.000000E+00 +0.000000E+00
 +0.130720E+01 -0.103250E+03 +0.106081E+03 -0.690159E+02 +0.122315E+02 +0.175066E+02 +0.000000E+00 +0.000000E+00 +0.178314E-02 -0.154370E-02 +0.000000E+00 +0.665251E-03 +0.000000E+00 +0.000000E+00
 +0.130720E+01 -0.103260E+03 +0.106147E+03 -0.689609E+02 +0.122714E+02 +0.174143E+02 +0.000000E+00 +0.000000E+00 +0.178364E-02 -0.154341E-02 +0.000000E+00 +0.661745E-03 +0.000000E+00 +0.000000E+00
 +0.130720E+01 -0.103270E+03 +0.106210E+03 -0.688914E+02 +0.123150E+02 +0.173288E+02 +0.000000E+00 +0.000000E+00 +0.178400E-02 -0.154292E-02 +0.000000E+00 +0.658496E-03 +0.000000E+00 +0.000000E+00
 +0.130720E+01 -0.103280E+03 +0.106271E+03 -0.688148E+02 +0.123605E+02 +0.172467E+02 +0.000000E+00 +0.000000E+00 +0.178430E-02 -0.154233E-02 +0.000000E+00 +0.655376E-03 +0.000000E+00 +0.000000E+00
 +0.130720E+01 -0.103290E+03 +0.106332E+03 -0.687381E+02 +0.124060E+02 +0.171646E+02 +0.000000E+00 +0.000000E+00 +0.178459E-02 -0.154174E-02 +0.000000E+00 +0.652256E-03 +0.000000E+00 +0.000000E+00
 +0.130720E+01 -0.103300E+03 +0.106393E+03 -0.686614E+02 +0.124515E+02 +0.170825E+02 +0.000000E+00 +0.000000E+00 +0.178489E-02 -0.154114E-02 +0.000000E+00 +0.649136E-03 +0.000000E+00 +0.000000E+00
 +0.130720E+01 -0.103310E+03 +0.106454E+03 -0.685848E+02 +0.124969E+02 +0.170004E+02 +0.000000E+00 +0.000000E+00 +0.178519E-02 -0.154055E-02 +0.000000E+00 +0.646016E-03 +0.000000E+00 +0.000000E+00
 +0.130720E+01 -0.103320E+03 +0.106515E+03 -0.685081E+02 +0.125424E+02 +0.169183E+02 +0.000000E+00 +0.000000E+00 +0.178549E-02 -0.153996E-02 +0.000000E+00 +0.642896E-03 +0.000000E+00 +0.000000E+00
 +0.130720E+01 -0.103330E+03 +0.106576E+03 -0.684314E+02 +0.125879E+02 +0.168362E+02 +0.000000E+00 +0.000000E+00 +0.178578E-02 -0.153937E-02 +0.000000E+00 +0.639776E-03 +0.000000E+00 +0.000000E+00
 +0.130720E+01 -0.103340E+03 +0.106637E+03 -0.683383E+02 +0.126385E+02 +0.167490E+02 +0.000000E+00 +0.000000E+00 +0.178597E-02 -0.153856E-02 +0.000000E+00 +0.636461E-03 +0.000000E+00 +0.000000E+00
 +0.130720E+01 -0.103350E+03 +0.106697E+03 -0.682357E+02 +0.126921E+02 +0.166589E+02 +0.000000E+00 +0.000000E+00 +0.178609E-02 -0.153763E-02 +0.000000E+00 +0.633037E-03 +0.000000E+00 +0.000000E+00
 +0.130720E+01 -0.103360E+03 +0.106756E+03 -0.681332E+02 +0.127457E+02 +0.165687E+02 +0.000000E+00 +0.000000E+00 +0.178621E-02 -0.153670E-02 +0.000000E+00 +0.629612E-03 +0.000000E+00 +0.000000E+00
 +0.130720E+01 -0.103370E+03 +0.106816E+03 -0.680307E+02 +0.127992E+02 +0.164786E+02 +0.000000E+00 +0.000000E+00 +0.178632E-02 -0.153577E-02 +0.000000E+00 +0.626187E-03 +0.000000E+00 +0.000000E+00
 +0.130720E+01 -0.103380E+03 +0.106876E+03 -0.679282E+02 +0.128528E+02 +0.163885E+02 +0.000000E+00 +0.000000E+00 +0.178644E-02 -0.153484E-02 +0.000000E+00 +0.622762E-03 +0.000000E+00 +0.000000E+00
 +0.130720E+01 -0.103390E+03 +0.106936E+03 -0.678257E+02 +0.129064E+02 +0.162984E+02 +0.000000E+00 +0.000000E+00 +0.178656E-02 -0.153391E-02 +0.000000E+00 +0.619337E-03 +0.000000E+00 +0.000000E+00
 +0.130720E+01 -0.103400E+03 +0.106996E+03 -0.677231E+02 +0.129600E+02 +0.162082E+02 +0.000000E+00 +0.000000E+00 +0.178668E-02 -0.153298E-02 +0.000000E+00 +0.615913E-03 +0.000000E+00 +0.000000E+00
 +0.130720E+01 -0.103410E+03 +0.107056E+03 -0.676206E+02 +0.130136E+02 +0.161181E+02 +0.000000E+00 +0.000000E+00 +0.178680E-02 -0.153205E-02 +0.000000E+00 +0.612488E-03 +0.000000E+00 +0.000000E+00
 +0.130720E+01 -0.103420E+03 +0.107099E+03 -0.675610E+02 +0.130476E+02 +0.160415E+02 +0.000000E+00 +0.000000E+00 +0.178698E-02 -0.153156E-02 +0.000000E+00 +0.609575E-03 +0.000000E+00 +0.000000E+00
 +0.130720E+01 -0.103430E+03 +0.107139E+03 -0.675116E+02 +0.130769E+02 +0.159681E+02 +0.000000E+00 +0.000000E+00 +0.178717E-02 -0.153118E-02 +0.000000E+00 +0.606786E-03 +0.000000E+00 +0.000000E+00
 +0.130720E+01 -0.103440E+03 +0.107178E+03 -0.674623E+02 +0.131062E+02 +0.158946E+02 +0.000000E+00 +0.000000E+00 +0.178737E-02 -0.153080E-02 +0.000000E+00 +0.603997E-03 +0.000000E+00 +0.000000E+00
 +0.130720E+01 -0.103450E+03 +0.107218E+03 -0.674130E+02 +0.131355E+02 +0.158212E+02 +0.000000E+00 +0.000000E+00 +0.178756E-02 -0.153042E-02 +0.000000E+00 +0.601207E-03 +0.000000E+00 +0.000000E+00
 +0.130720E+01 -0.103460E+03 +0.107257E+03 -0.673636E+02 +0.131648E+02 +0.157478E+02 +0.000000E+00 +0.000000E+00 +0.178775E-02 -0.153004E-02 +0.000000E+00 +0.598418E-03 +0.000000E+00 +0.000000E+00
 +0.130720E+01 -0.103470E+03 +0.107297E+03 -0.673143E+02 +0.131941E+02 +0.156744E+02 +0.000000E+00 +0.000000E+00 +0.178795E-02 -0.152966E-02 +0.000000E+00 +0.595629E-03 +0.000000E+00 +0.000000E+00
 +0.130720E+01 -0.103480E+03 +0.107336E+03 -0.672649E+02 +0.132235E+02 +0.156010E+02 +0.000000E+00 +0.000000E+00 +0.178814E-02 -0.152928E-02 +0.000000E+00 +0.592839E-03 +0.000000E+00 +0.000000E+00
 +0.130720E+01 -0.103490E+03 +0.107375E+03 -0.672156E+02 +0.132528E+02 +0.155276E+02 +0.000000E+00 +0.000000E+00 +0.178833E-02 -0.152890E-02 +0.000000E+00 +0.590050E-03 +0.000000E+00 +0.000000E+00
 +0.130720E+01 -0.103500E+03 +0.107415E+03 -0.671663E+02 +0.132821E+02 +0.154542E+02 +0.000000E+00 +0.000000E+00 +0.178853E-02 -0.152852E-02 +0.000000E+00 +0.587261E-03 +0.000000E+00 +0.000000E+00
 +0.130720E+01 -0.103510E+03 +0.107454E+03 -0.671169E+02 +0.133114E+02 +0.153808E+02 +0.000000E+00 +0.000000E+00 +0.178872E-02 -0.152814E-02 +0.000000E+00 +0.584471E-03 +0.000000E+00 +0.000000E+00
 +0.130720E+01 -0.103520E+03 +0.107494E+03 -0.670676E+02 +0.133407E+02 +0.153074E+02 +0.000000E+00 +0.000000E+00 +0.178891E-02 -0.152776E-02 +0.000000E+00 +0.581682E-03 +0.000000E+00 +0.000000E+00
 +0.130720E+01 -0.103530E+03 +0.107533E+03 -0.670183E+02 +0.133700E+02 +0.152340E+02 +0.000000E+00 +0.000000E+00 +0.178911E-02 -0.152738E-02 +0.000000E+00 +0.578893E-03 +0.000000E+00 +0.000000E+00
 +0.130720E+01 -0.103540E+03 +0.107573E+03 -0.669689E+02 +0.133993E+02 +0.151606E+02 +0.000000E+00 +0.000000E+00 +0.178930E-02 -0.152700E-02 +0.000000E+00 +0.576104E-03 +0.000000E+00 +0.000000E+00
 +0.130720E+01 -0.103550E+03 +0.107612E+03 -0.669196E+02 +0.134286E+02 +0.150872E+02 +0.000000E+00 +0.000000E+00 +0.178949E-02 -0.152662E-02 +0.000000E+00 +0.573314E-03 +0.000000E+00 +0.000000E+00
 +0.130720E+01 -0.103560E+03 +0.107652E+03 -0.668702E+02 +0.134579E+02 +0.150138E+02 +0.000000E+00 +0.000000E+00 +0.178969E-02 -0.152624E-02 +0.000000E+00 +0.570525E-03 +0.000000E+00 +0.000000E+00
 +0.130720E+01 -0.103570E+03 +0.107691E+03 -0.668209E+02 +0.134873E+02 +0.149404E+02 +0.000000E+00 +0.000000E+00 +0.178988E-02 -0.152586E-02 +0.000000E+00 +0.567736E-03 +0.000000E+00 +0.000000E+00
 +0.130720E+01 -0.103580E+03 +0.107731E+03 -0.667708E+02 +0.135169E+02 +0.148670E+02 +0.000000E+00 +0.000000E+00 +0.179007E-02 -0.152547E-02 +0.000000E+00 +0.564945E-03 +0.000000E+00 +0.000000E+00
 +0.130720E+01 -0.103590E+03 +0.107782E+03 -0.666668E+02 +0.135679E+02 +0.147920E+02 +0.000000E+00 +0.000000E+00 +0.179006E-02 -0.152446E-02 +0.000000E+00 +0.562098E-03 +0.000000E+00 +0.000000E+00
 +0.130720E+01 -0.103600E+03 +0.107833E+03 -0.665628E+02 +0.136190E+02 +0.147171E+02 +0.000000E+00 +0.000000E+00 +0.179006E-02 -0.152345E-02 +0.000000E+00 +0.559250E-03 +0.000000E+00 +0.000000E+00
 +0.130720E+01 -0.103610E+03 +0.107875E+03 -0.664649E+02 +0.136653E+02 +0.146497E+02 +0.000000E+00 +0.000000E+00 +0.178998E-02 -0.152247E-02 +0.000000E+00 +0.556688E-03 +0.000000E+00 +0.000000E+00
 +0.130720E+01 -0.103620E+03 +0.107910E+03 -0.663727E+02 +0.137073E+02 +0.145891E+02 +0.000000E+00 +0.000000E+00 +0.178985E-02 -0.152152E-02 +0.000000E+00 +0.554385E-03 +0.000000E+00 +0.000000E+00
 +0.130720E+01 -0.103630E+03 +0.107945E+03 -0.662805E+02 +0.137492E+02 +0.145285E+02 +0.000000E+00 +0.000000E+00 +0.178972E-02 -0.152056E-02 +0.000000E+00 +0.552083E-03 +0.000000E+00 +0.000000E+00
 +0.130720E+01 -0.103640E+03 +0.107980E+03 -0.661883E+02 +0.137911E+02 +0.144679E+02 +0.000000E+00 +0.000000E+00 +0.178958E-02 -0.151961E-02 +0.000000E+00 +0.549781E-03 +0.000000E+00 +0.000000E+00
 +0.130720E+01 -0.103650E+03 +0.108014E+03 -0.660961E+02 +0.138331E+02 +0.144073E+02 +0.000000E+00 +0.000000E+00 +0.178945E-02 -0.151865E-02 +0.000000E+00 +0.547479E-03 +0.000000E+00 +0.000000E+00
 +0.130720E+01 -0.103660E+03 +0.108049E+03 -0.660039E+02 +0.138750E+02 +0.143467E+02 +0.000000E+00 +0.000000E+00 +0.178931E-02 -0.151770E-02 +0.000000E+00 +0.545176E-03 +0.000000E+00 +0.000000E+00
 +0.130720E+01 -0.103670E+03 +0.108084E+03 -0.659117E+02 +0.139169E+02 +0.142862E+02 +0.000000E+00 +0.000000E+00 +0.178918E-02 -0.151674E-02 +0.000000E+00 +0.542874E-03 +0.000000E+00 +0.000000E+00
 +0.130720E+01 -0.103680E+03 +0.108119E+03 -0.658195E+02 +0.139589E+02 +0.142256E+02 +0.000000E+00 +0.000000E+00 +0.178904E-02 -0.151579E-02 +0.000000E+00 +0.540572E-03 +0.000000E+00 +0.000000E+00
 +0.130720E+01 -0.103690E+03 +0.108154E+03 -0.657273E+02 +0.140008E+02 +0.141650E+02 +0.000000E+00 +0.000000E+00 +0.178891E-02 -0.151483E-02 +0.000000E+00 +0.538270E-03 +0.000000E+00 +0.000000E+00
 +0.130720E+01 -0.103700E+03 +0.108189E+03 -0.656351E+02 +0.140427E+02 +0.141044E+02 +0.000000E+00 +0.000000E+00 +0.178878E-02 -0.151388E-02 +0.000000E+00 +0.535967E-03 +0.000000E+00 +0.000000E+00
 +0.130720E+01 -0.103710E+03 +0.108224E+03 -0.655429E+02 +0.140847E+02 +0.140438E+02 +0.000000E+00 +0.000000E+00 +0.178864E-02 -0.151292E-02 +0.000000E+00 +0.533665E-03 +0.000000E+00 +0.000000E+00
 +0.130720E+01 -0.103720E+03 +0.108259E+03 -0.654507E+02 +0.141266E+02 +0.139832E+02 +0.000000E+00 +0.000000E+00 +0.178851E-02 -0.151197E-02 +0.000000E+00 +0.531363E-03 +0.000000E+00 +0.000000E+00
 +0.130720E+01 -0.103730E+03 +0.108293E+03 -0.653585E+02 +0.141686E+02 +0.139226E+02 +0.000000E+00 +0.000000E+00 +0.178837E-02 -0.151101E-02 +0.000000E+00 +0.529061E-03 +0.000000E+00 +0.000000E+00
 +0.130720E+01 -0.103740E+03 +0.108328E+03 -0.652663E+02 +0.142105E+02 +0.138621E+02 +0.000000E+00 +0.000000E+00 +0.178824E-02 -0.151006E-02 +0.000000E+00 +0.526758E-03 +0.000000E+00 +0.000000E+00
 +0.130720E+01 -0.103750E+03 +0.108363E+03 -0.651740E+02 +0.142524E+02 +0.138015E+02 +0.000000E+00 +0.000000E+00 +0.178811E-02 -0.150910E-02 +0.000000E+00 +0.524456E-03 +0.000000E+00 +0.000000E+00
 +0.130720E+01 -0.103760E+03 +0.108398E+03 -0.650818E+02 +0.142944E+02 +0.137409E+02 +0.000000E+00 +0.000000E+00 +0.178797E-02 -0.150815E-02 +0.000000E+00 +0.522154E-03 +0.000000E+00 +0.000000E+00
 +0.130720E+01 -0.103770E+03 +0.108433E+03 -0.649896E+02 +0.143363E+02 +0.136803E+02 +0.000000E+00 +0.000000E+00 +0.178784E-02 -0.150719E-02 +0.000000E+00 +0.519851E-03 +0.000000E+00 +0.000000E+00
 +0.130720E+01 -0.103780E+03 +0.108468E+03 -0.648974E+02 +0.143782E+02 +0.136197E+02 +0.000000E+00 +0.000000E+00 +0.178770E-02 -0.150624E-02 +0.000000E+00 +0.517549E-03 +0.000000E+00 +0.000000E+00
 +0.130720E+01 -0.103790E+03 +0.108503E+03 -0.648052E+02 +0.144202E+02 +0.135591E+02 +0.000000E+00 +0.000000E+00 +0.178757E-02 -0.150528E-02 +0.000000E+00 +0.515247E-03 +0.000000E+00 +0.000000E+00
 +0.130720E+01 -0.103800E+03 +0.108538E+03 -0.647130E+02 +0.144621E+02 +0.134985E+02 +0.000000E+00 +0.000000E+00 +0.178743E-02 -0.150433E-02 +0.000000E+00 +0.512945E-03 +0.000000E+00 +0.000000E+00
 +0.130720E+01 -0.103810E+03 +0.108572E+03 -0.646208E+02 +0.145041E+02 +0.134380E+02 +0.000000E+00 +0.000000E+00 +0.178730E-02 -0.150337E-02 +0.000000E+00 +0.510642E-03 +0.000000E+00 +0.000000E+00
 +0.130720E+01 -0.103820E+03 +0.108607E+03 -0.645286E+02 +0.145460E+02 +0.133774E+02 +0.000000E+00 +0.000000E+00 +0.178717E-02 -0.150242E-02 +0.000000E+00 +0.508340E-03 +0.000000E+00 +0.000000E+00
 +0.130720E+01 -0.103830E+03 +0.108642E+03 -0.644364E+02 +0.145879E+02 +0.133168E+02 +0.000000E+00 +0.000000E+00 +0.178703E-02 -0.150146E-02 +0.000000E+00 +0.506038E-03 +0.000000E+00 +0.000000E+00
 +0.130720E+01 -0.103840E+03 +0.108677E+03 -0.643442E+02 +0.146299E+02 +0.132562E+02 +0.000000E+00 +0.000000E+00 +0.178690E-02 -0.150051E-02 +0.000000E+00 +0.503736E-03 +0.000000E+00 +0.000000E+00
 +0.130720E+01 -0.103850E+03 +0.108712E+03 -0.642520E+02 +0.146718E+02 +0.131956E+02 +0.000000E+00 +0.000000E+00 +0.178676E-02 -0.149955E-02 +0.000000E+00 +0.501433E-03 +0.000000E+00 +0.000000E+00
 +0.130720E+01 -0.103860E+03 +0.108747E+03 -0.641598E+02 +0.147137E+02 +0.131350E+02 +0.000000E+00 +0.000000E+00 +0.178663E-02 -0.149860E-02 +0.000000E+00 +0.499131E-03 +0.000000E+00 +0.000000E+00
 +0.130720E+01 -0.103870E+03 +0.108782E+03 -0.640676E+02 +0.147557E+02 +0.130744E+02 +0.000000E+00 +0.000000E+00 +0.178650E-02 -0.149764E-02 +0.000000E+00 +0.496829E-03 +0.000000E+00 +0.000000E+00
 +0.130720E+01 -0.103880E+03 +0.108817E+03 -0.639754E+02 +0.147976E+02 +0.130139E+02 +0.000000E+00 +0.000000E+00 +0.178636E-02 -0.149669E-02 +0.000000E+00 +0.494526E-03 +0.000000E+00 +0.000000E+00
 +0.130720E+01 -0.103890E+03 +0.108852E+03 -0.638832E+02 +0.148396E+02 +0.129533E+02 +0.000000E+00 +0.000000E+00 +0.178623E-02 -0.149573E-02 +0.000000E+00 +0.492224E-03 +0.000000E+00 +0.000000E+00
 +0.130720E+01 -0.103900E+03 +0.108886E+03 -0.637910E+02 +0.148815E+02 +0.128927E+02 +0.000000E+00 +0.000000E+00 +0.178609E-02 -0.149478E-02 +0.000000E+00 +0.489922E-03 +0.000000E+00 +0.000000E+00
 +0.130720E+01 -0.103910E+03 +0.108921E+03 -0.636987E+02 +0.149234E+02 +0.128321E+02 +0.000000E+00 +0.000000E+00 +0.178596E-02 -0.149382E-02 +0.000000E+00 +0.487620E-03 +0.000000E+00 +0.000000E+00
 +0.130720E+01 -0.103920E+03 +0.108956E+03 -0.636065E+02 +0.149654E+02 +0.127715E+02 +0.000000E+00 +0.000000E+00 +0.178582E-02 -0.149287E-02 +0.000000E+00 +0.485317E-03 +0.000000E+00 +0.000000E+00
 +0.130720E+01 -0.103930E+03 +0.109002E+03 -0.635325E+02 +0.150048E+02 +0.126900E+02 +0.000000E+00 +0.000000E+00 +0.178594E-02 -0.149221E-02 +0.000000E+00 +0.482220E-03 +0.000000E+00 +0.000000E+00
 +0.130720E+01 -0.103940E+03 +0.109049E+03 -0.634618E+02 +0.150438E+02 +0.126045E+02 +0.000000E+00 +0.000000E+00 +0.178610E-02 -0.149161E-02 +0.000000E+00 +0.478973E-03 +0.000000E+00 +0.000000E+00
 +0.130720E+01 -0.103950E+03 +0.109096E+03 -0.633912E+02 +0.150827E+02 +0.125191E+02 +0.000000E+00 +0.000000E+00 +0.178626E-02 -0.149100E-02 +0.000000E+00 +0.475725E-03 +0.000000E+00 +0.000000E+00
 +0.130720E+01 -0.103960E+03 +0.109144E+03 -0.633205E+02 +0.151217E+02 +0.124336E+02 +0.000000E+00 +0.000000E+00 +0.178642E-02 -0.149040E-02 +0.000000E+00 +0.472478E-03 +0.000000E+00 +0.000000E+00
 +0.130720E+01 -0.103970E+03 +0.109191E+03 -0.632499E+02 +0.151607E+02 +0.123482E+02 +0.000000E+00 +0.000000E+00 +0.178658E-02 -0.148980E-02 +0.000000E+00 +0.469230E-03 +0.000000E+00 +0.000000E+00
 +0.130720E+01 -0.103980E+03 +0.109239E+03 -0.631792E+02 +0.151996E+02 +0.122627E+02 +0.000000E+00 +0.000000E+00 +0.178674E-02 -0.148920E-02 +0.000000E+00 +0.465982E-03 +0.000000E+00 +0.000000E+00
 +0.130720E+01 -0.103990E+03 +0.109286E+03 -0.631086E+02 +0.152386E+02 +0.121772E+02 +0.000000E+00 +0.000000E+00 +0.178690E-02 -0.148860E-02 +0.000000E+00 +0.462735E-03 +0.000000E+00 +0.000000E+00
 +0.130720E+01 -0.104000E+03 +0.109334E+03 -0.630379E+02 +0.152776E+02 +0.120918E+02 +0.000000E+00 +0.000000E+00 +0.178706E-02 -0.148799E-02 +0.000000E+00 +0.459487E-03 +0.000000E+00 +0.000000E+00
 +0.130720E+01 -0.104010E+03 +0.109381E+03 -0.629673E+02 +0.153165E+02 +0.120063E+02 +0.000000E+00 +0.000000E+00 +0.178723E-02 -0.148739E-02 +0.000000E+00 +0.456240E-03 +0.000000E+00 +0.000000E+00
 +0.130720E+01 -0.104020E+03 +0.109428E+03 -0.628967E+02 +0.153555E+02 +0.119208E+02 +0.000000E+00 +0.000000E+00 +0.178739E-02 -0.148679E-02 +0.000000E+00 +0.452992E-03 +0.000000E+00 +0.000000E+00
 +0.130720E+01 -0.104030E+03 +0.109476E+03 -0.628260E+02 +0.153945E+02 +0.118354E+02 +0.000000E+00 +0.000000E+00 +0.178755E-02 -0.148619E-02 +0.000000E+00 +0.449745E-03 +0.000000E+00 +0.000000E+00
 +0.130720E+01 -0.104040E+03 +0.109523E+03 -0.627554E+02 +0.154334E+02 +0.117499E+02 +0.000000E+00 +0.000000E+00 +0.178771E-02 -0.148559E-02 +0.000000E+00 +0.446497E-03 +0.000000E+00 +0.000000E+00
 +0.130720E+01 -0.104050E+03 +0.109571E+03 -0.626847E+02 +0.154724E+02 +0.116645E+02 +0.000000E+00 +0.000000E+00 +0.178787E-02 -0.148499E-02 +0.000000E+00 +0.443249E-03 +0.000000E+00 +0.000000E+00
 +0.130720E+01 -0.104060E+03 +0.109618E+03 -0.626141E+02 +0.155114E+02 +0.115790E+02 +0.000000E+00 +0.000000E+00 +0.178803E-02 -0.148438E-02 +0.000000E+00 +0.440002E-03 +0.000000E+00 +0.000000E+00
 +0.130720E+01 -0.104070E+03 +0.109666E+03 -0.625434E+02 +0.155503E+02 +0.114935E+02 +0.000000E+00 +0.000000E+00 +0.178819E-02 -0.148378E-02 +0.000000E+00 +0.436754E-03 +0.000000E+00 +0.000000E+00
 +0.130720E+01 -0.104080E+03 +0.109713E+03 -0.624728E+02 +0.155893E+02 +0.114081E+02 +0.000000E+00 +0.000000E+00 +0.178835E-02 -0.148318E-02 +0.000000E+00 +0.433507E-03 +0.000000E+00 +0.000000E+00
 +0.130720E+01 -0.104090E+03 +0.109761E+03 -0.624021E+02 +0.156283E+02 +0.113226E+02 +0.000000E+00 +0.000000E+00 +0.178851E-02 -0.148258E-02 +0.000000E+00 +0.430259E-03 +0.000000E+00 +0.000000E+00
 +0.130720E+01 -0.104100E+03 +0.109808E+03 -0.623315E+02 +0.156672E+02 +0.112371E+02 +0.000000E+00 +0.000000E+00 +0.178867E-02 -0.148198E-02 +0.000000E+00 +0.427012E-03 +0.000000E+00 +0.000000E+00
 +0.130720E+01 -0.104110E+03 +0.109855E+03 -0.622609E+02 +0.157062E+02 +0.111517E+02 +0.000000E+00 +0.000000E+00 +0.178883E-02 -0.148137E-02 +0.000000E+00 +0.423764E-03 +0.000000E+00 +0.000000E+00
 +0.130720E+01 -0.104120E+03 +0.109903E+03 -0.621902E+02 +0.157452E+02 +0.110662E+02 +0.000000E+00 +0.000000E+00 +0.178900E-02 -0.148077E-02 +0.000000E+00 +0.420516E-03 +0.000000E+00 +0.000000E+00
 +0.130720E+01 -0.104130E+03 +0.109950E+03 -0.621196E+02 +0.157841E+02 +0.109808E+02 +0.000000E+00 +0.000000E+00 +0.178916E-02 -0.148017E-02 +0.000000E+00 +0.417269E-03 +0.000000E+00 +0.000000E+00
 +0.130720E+01 -0.104140E+03 +0.109998E+03 -0.620489E+02 +0.158231E+02 +0.108953E+02 +0.000000E+00 +0.000000E+00 +0.178932E-02 -0.147957E-02 +0.000000E+00 +0.414021E-03 +0.000000E+00 +0.000000E+00
 +0.130720E+01 -0.104150E+03 +0.110045E+03 -0.619783E+02 +0.158621E+02 +0.108098E+02 +0.000000E+00 +0.000000E+00 +0.178948E-02 -0.147897E-02 +0.000000E+00 +0.410774E-03 +0.000000E+00 +0.000000E+00
 +0.130720E+01 -0.104160E+03 +0.110093E+03 -0.619076E+02 +0.159010E+02 +0.107244E+02 +0.000000E+00 +0.000000E+00 +0.178964E-02 -0.147836E-02 +0.000000E+00 +0.407526E-03 +0.000000E+00 +0.000000E+00
 +0.130720E+01 -0.104170E+03 +0.110140E+03 -0.618370E+02 +0.159400E+02 +0.106389E+02 +0.000000E+00 +0.000000E+00 +0.178980E-02 -0.147776E-02 +0.000000E+00 +0.404278E-03 +0.000000E+00 +0.000000E+00
 +0.130720E+01 -0.104180E+03 +0.110187E+03 -0.617663E+02 +0.159790E+02 +0.105534E+02 +0.000000E+00 +0.000000E+00 +0.178996E-02 -0.147716E-02 +0.000000E+00 +0.401031E-03 +0.000000E+00 +0.000000E+00
 +0.130720E+01 -0.104190E+03 +0.110213E+03 -0.617415E+02 +0.159956E+02 +0.104974E+02 +0.000000E+00 +0.000000E+00 +0.179013E-02 -0.147701E-02 +0.000000E+00 +0.398901E-03 +0.000000E+00 +0.000000E+00
 +0.130720E+01 -0.104200E+03 +0.110239E+03 -0.617170E+02 +0.160121E+02 +0.104416E+02 +0.000000E+00 +0.000000E+00 +0.179030E-02 -0.147685E-02 +0.000000E+00 +0.396780E-03 +0.000000E+00 +0.000000E+00
 +0.130720E+01 -0.104210E+03 +0.110264E+03 -0.616925E+02 +0.160287E+02 +0.103858E+02 +0.000000E+00 +0.000000E+00 +0.179047E-02 -0.147670E-02 +0.000000E+00 +0.394659E-03 +0.000000E+00 +0.000000E+00
 +0.130720E+01 -0.104220E+03 +0.110290E+03 -0.616680E+02 +0.160452E+02 +0.103299E+02 +0.000000E+00 +0.000000E+00 +0.179065E-02 -0.147655E-02 +0.000000E+00 +0.392537E-03 +0.000000E+00 +0.000000E+00
 +0.130720E+01 -0.104230E+03 +0.110315E+03 -0.616435E+02 +0.160617E+02 +0.102741E+02 +0.000000E+00 +0.000000E+00 +0.179082E-02 -0.147640E-02 +0.000000E+00 +0.390416E-03 +0.000000E+00 +0.000000E+00
 +0.130720E+01 -0.104240E+03 +0.110341E+03 -0.616190E+02 +0.160782E+02 +0.102183E+02 +0.000000E+00 +0.000000E+00 +0.179099E-02 -0.147625E-02 +0.000000E+00 +0.388295E-03 +0.000000E+00 +0.000000E+00
 +0.130720E+01 -0.104250E+03 +0.110366E+03 -0.615945E+02 +0.160947E+02 +0.101625E+02 +0.000000E+00 +0.000000E+00 +0.179116E-02 -0.147609E-02 +0.000000E+00 +0.386174E-03 +0.000000E+00 +0.000000E+00
 +0.130720E+01 -0.104260E+03 +0.110392E+03 -0.615700E+02 +0.161112E+02 +0.101066E+02 +0.000000E+00 +0.000000E+00 +0.179133E-02 -0.147594E-02 +0.000000E+00 +0.384052E-03 +0.000000E+00 +0.000000E+00
 +0.130720E+01 -0.104270E+03 +0.110417E+03 -0.615455E+02 +0.161277E+02 +0.100508E+02 +0.000000E+00 +0.000000E+00 +0.179150E-02 -0.147579E-02 +0.000000E+00 +0.381931E-03 +0.000000E+00 +0.000000E+00
 +0.130720E+01 -0.104280E+03 +0.110443E+03 -0.615210E+02 +0.161442E+02 +0.999500E+01 +0.000000E+00 +0.000000E+00 +0.179167E-02 -0.147564E-02 +0.000000E+00 +0.379810E-03 +0.000000E+00 +0.000000E+00
 +0.130720E+01 -0.104290E+03 +0.110468E+03 -0.614965E+02 +0.161607E+02 +0.993918E+01 +0.000000E+00 +0.000000E+00 +0.179184E-02 -0.147549E-02 +0.000000E+00 +0.377689E-03 +0.000000E+00 +0.000000E+00
 +0.130720E+01 -0.104300E+03 +0.110494E+03 -0.614720E+02 +0.161772E+02 +0.988336E+01 +0.000000E+00 +0.000000E+00 +0.179202E-02 -0.147533E-02 +0.000000E+00 +0.375568E-03 +0.000000E+00 +0.000000E+00
 +0.130720E+01 -0.104310E+03 +0.110519E+03 -0.614475E+02 +0.161937E+02 +0.982753E+01 +0.000000E+00 +0.000000E+00 +0.179219E-02 -0.147518E-02 +0.000000E+00 +0.373446E-03 +0.000000E+00 +0.000000E+00
 +0.130720E+01 -0.104320E+03 +0.110545E+03 -0.614230E+02 +0.162102E+02 +0.977171E+01 +0.000000E+00 +0.000000E+00 +0.179236E-02 -0.147503E-02 +0.000000E+00 +0.371325E-03 +0.000000E+00 +0.000000E+00
 +0.130720E+01 -0.104330E+03 +0.110570E+03 -0.613985E+02 +0.162267E+02 +0.971589E+01 +0.000000E+00 +0.000000E+00 +0.179253E-02 -0.147488E-02 +0.000000E+00 +0.369204E-03 +0.000000E+00 +0.000000E+00
 +0.130720E+01 -0.104340E+03 +0.110596E+03 -0.613740E+02 +0.162432E+02 +0.966007E+01 +0.000000E+00 +0.000000E+00 +0.179270E-02 -0.147473E-02 +0.000000E+00 +0.367083E-03 +0.000000E+00 +0.000000E+00
 +0.130720E+01 -0.104350E+03 +0.110621E+03 -0.613495E+02 +0.162597E+02 +0.960425E+01 +0.000000E+00 +0.000000E+00 +0.179287E-02 -0.147458E-02 +0.000000E+00 +0.364961E-03 +0.000000E+00 +0.000000E+00
 +0.130720E+01 -0.104360E+03 +0.110647E+03 -0.613250E+02 +0.162762E+02 +0.954843E+01 +0.000000E+00 +0.000000E+00 +0.179304E-02 -0.147442E-02 +0.000000E+00 +0.362840E-03 +0.000000E+00 +0.000000E+00
 +0.130720E+01 -0.104370E+03 +0.110672E+03 -0.613005E+02 +0.162928E+02 +0.949260E+01 +0.000000E+00 +0.000000E+00 +0.179321E-02 -0.147427E-02 +0.000000E+00 +0.360719E-03 +0.000000E+00 +0.000000E+00
 +0.130720E+01 -0.104380E+03 +0.110698E+03 -0.612760E+02 +0.163093E+02 +0.943678E+01 +0.000000E+00 +0.000000E+00 +0.179339E-02 -0.147412E-02 +0.000000E+00 +0.358598E-03 +0.000000E+00 +0.000000E+00
 +0.130720E+01 -0.104390E+03 +0.110723E+03 -0.612515E+02 +0.163258E+02 +0.938096E+01 +0.000000E+00 +0.000000E+00 +0.179356E-02 -0.147397E-02 +0.000000E+00 +0.356477E-03 +0.000000E+00 +0.000000E+00
 +0.130720E+01 -0.104400E+03 +0.110733E+03 -0.611962E+02 +0.163471E+02 +0.932410E+01 +0.000000E+00 +0.000000E+00 +0.179333E-02 -0.147332E-02 +0.000000E+00 +0.354316E-03 +0.000000E+00 +0.000000E+00
 +0.130720E+01 -0.104410E+03 +0.110737E+03 -0.611322E+02 +0.163697E+02 +0.926695E+01 +0.000000E+00 +0.000000E+00 +0.179299E-02 -0.147254E-02 +0.000000E+00 +0.352144E-03 +0.000000E+00 +0.000000E+00
 +0.130720E+01 -0.104420E+03 +0.110742E+03 -0.610681E+02 +0.163924E+02 +0.920980E+01 +0.000000E+00 +0.000000E+00 +0.179264E-02 -0.147175E-02 +0.000000E+00 +0.349972E-03 +0.000000E+00 +0.000000E+00
 +0.130720E+01 -0.104430E+03 +0.110747E+03 -0.610041E+02 +0.164150E+02 +0.915264E+01 +0.000000E+00 +0.000000E+00 +0.179230E-02 -0.147096E-02 +0.000000E+00 +0.347800E-03 +0.000000E+00 +0.000000E+00
 +0.130720E+01 -0.104440E+03 +0.110751E+03 -0.609401E+02 +0.164377E+02 +0.909549E+01 +0.000000E+00 +0.000000E+00 +0.179196E-02 -0.147018E-02 +0.000000E+00 +0.345629E-03 +0.000000E+00 +0.000000E+00
 +0.130720E+01 -0.104450E+03 +0.110756E+03 -0.608760E+02 +0.164603E+02 +0.903834E+01 +0.000000E+00 +0.000000E+00 +0.179161E-02 -0.146939E-02 +0.000000E+00 +0.343457E-03 +0.000000E+00 +0.000000E+00
 +0.130720E+01 -0.104460E+03 +0.110760E+03 -0.608120E+02 +0.164830E+02 +0.898118E+01 +0.000000E+00 +0.000000E+00 +0.179127E-02 -0.146860E-02 +0.000000E+00 +0.341285E-03 +0.000000E+00 +0.000000E+00
 +0.130720E+01 -0.104470E+03 +0.110765E+03 -0.607479E+02 +0.165056E+02 +0.892403E+01 +0.000000E+00 +0.000000E+00 +0.179093E-02 -0.146782E-02 +0.000000E+00 +0.339113E-03 +0.000000E+00 +0.000000E+00
 +0.130720E+01 -0.104480E+03 +0.110770E+03 -0.606839E+02 +0.165283E+02 +0.886687E+01 +0.000000E+00 +0.000000E+00 +0.179059E-02 -0.146703E-02 +0.000000E+00 +0.336941E-03 +0.000000E+00 +0.000000E+00
 +0.130720E+01 -0.104490E+03 +0.110774E+03 -0.606199E+02 +0.165510E+02 +0.880972E+01 +0.000000E+00 +0.000000E+00 +0.179024E-02 -0.146625E-02 +0.000000E+00 +0.334769E-03 +0.000000E+00 +0.000000E+00
 +0.130720E+01 -0.104500E+03 +0.110779E+03 -0.605558E+02 +0.165736E+02 +0.875257E+01 +0.000000E+00 +0.000000E+00 +0.178990E-02 -0.146546E-02 +0.000000E+00 +0.332598E-03 +0.000000E+00 +0.000000E+00
 +0.130720E+01 -0.104510E+03 +0.110784E+03 -0.604918E+02 +0.165963E+02 +0.869541E+01 +0.000000E+00 +0.000000E+00 +0.178956E-02 -0.146467E-02 +0.000000E+00 +0.330426E-03 +0.000000E+00 +0.000000E+00
 +0.130720E+01 -0.104520E+03 +0.110788E+03 -0.604277E+02 +0.166189E+02 +0.863826E+01 +0.000000E+00 +0.000000E+00 +0.178921E-02 -0.146389E-02 +0.000000E+00 +0.328254E-03 +0.000000E+00 +0.000000E+00
 +0.130720E+01 -0.104530E+03 +0.110793E+03 -0.603637E+02 +0.166416E+02 +0.858111E+01 +0.000000E+00 +0.000000E+00 +0.178887E-02 -0.146310E-02 +0.000000E+00 +0.326082E-03 +0.000000E+00 +0.000000E+00
 +0.130720E+01 -0.104540E+03 +0.110797E+03 -0.602997E+02 +0.166642E+02 +0.852395E+01 +0.000000E+00 +0.000000E+00 +0.178853E-02 -0.146231E-02 +0.000000E+00 +0.323910E-03 +0.000000E+00 +0.000000E+00
 +0.130720E+01 -0.104550E+03 +0.110802E+03 -0.602356E+02 +0.166869E+02 +0.846680E+01 +0.000000E+00 +0.000000E+00 +0.178819E-02 -0.146153E-02 +0.000000E+00 +0.321738E-03 +0.000000E+00 +0.000000E+00
 +0.130720E+01 -0.104560E+03 +0.110807E+03 -0.601716E+02 +0.167096E+02 +0.840965E+01 +0.000000E+00 +0.000000E+00 +0.178784E-02 -0.146074E-02 +0.000000E+00 +0.319567E-03 +0.000000E+00 +0.000000E+00
 +0.130720E+01 -0.104570E+03 +0.110811E+03 -0.601075E+02 +0.167322E+02 +0.835249E+01 +0.000000E+00 +0.000000E+00 +0.178750E-02 -0.145996E-02 +0.000000E+00 +0.317395E-03 +0.000000E+00 +0.000000E+00
 +0.130720E+01 -0.104580E+03 +0.110824E+03 -0.600435E+02 +0.167577E+02 +0.830437E+01 +0.000000E+00 +0.000000E+00 +0.178727E-02 -0.145922E-02 +0.000000E+00 +0.315566E-03 +0.000000E+00 +0.000000E+00
 +0.130720E+01 -0.104590E+03 +0.110851E+03 -0.599794E+02 +0.167876E+02 +0.827065E+01 +0.000000E+00 +0.000000E+00 +0.178720E-02 -0.145857E-02 +0.000000E+00 +0.314285E-03 +0.000000E+00 +0.000000E+00
 +0.130720E+01 -0.104600E+03 +0.110878E+03 -0.599153E+02 +0.168176E+02 +0.823693E+01 +0.000000E+00 +0.000000E+00 +0.178714E-02 -0.145792E-02 +0.000000E+00 +0.313003E-03 +0.000000E+00 +0.000000E+00
 +0.130720E+01 -0.104610E+03 +0.110904E+03 -0.598512E+02 +0.168475E+02 +0.820321E+01 +0.000000E+00 +0.000000E+00 +0.178708E-02 -0.145727E-02 +0.000000E+00 +0.311722E-03 +0.000000E+00 +0.000000E+00
 +0.130720E+01 -0.104620E+03 +0.110931E+03 -0.597871E+02 +0.168774E+02 +0.816949E+01 +0.000000E+00 +0.000000E+00 +0.178701E-02 -0.145663E-02 +0.000000E+00 +0.310441E-03 +0.000000E+00 +0.000000E+00
 +0.130720E+01 -0.104630E+03 +0.110957E+03 -0.597230E+02 +0.169074E+02 +0.813577E+01 +0.000000E+00 +0.000000E+00 +0.178695E-02 -0.145598E-02 +0.000000E+00 +0.309159E-03 +0.000000E+00 +0.000000E+00
 +0.130720E+01 -0.104640E+03 +0.110984E+03 -0.596589E+02 +0.169373E+02 +0.810205E+01 +0.000000E+00 +0.000000E+00 +0.178689E-02 -0.145533E-02 +0.000000E+00 +0.307878E-03 +0.000000E+00 +0.000000E+00
 +0.130720E+01 -0.104650E+03 +0.111011E+03 -0.595948E+02 +0.169673E+02 +0.806833E+01 +0.000000E+00 +0.000000E+00 +0.178683E-02 -0.145468E-02 +0.000000E+00 +0.306597E-03 +0.000000E+00 +0.000000E+00
 +0.130720E+01 -0.104660E+03 +0.111037E+03 -0.595307E+02 +0.169972E+02 +0.803461E+01 +0.000000E+00 +0.000000E+00 +0.178676E-02 -0.145403E-02 +0.000000E+00 +0.305315E-03 +0.000000E+00 +0.000000E+00
 +0.130720E+01 -0.104670E+03 +0.111064E+03 -0.594666E+02 +0.170272E+02 +0.800089E+01 +0.000000E+00 +0.000000E+00 +0.178670E-02 -0.145338E-02 +0.000000E+00 +0.304034E-03 +0.000000E+00 +0.000000E+00
 +0.130720E+01 -0.104680E+03 +0.111091E+03 -0.594025E+02 +0.170571E+02 +0.796717E+01 +0.000000E+00 +0.000000E+00 +0.178664E-02 -0.145273E-02 +0.000000E+00 +0.302752E-03 +0.000000E+00 +0.000000E+00
 +0.130720E+01 -0.104690E+03 +0.111117E+03 -0.593384E+02 +0.170871E+02 +0.793345E+01 +0.000000E+00 +0.000000E+00 +0.178657E-02 -0.145208E-02 +0.000000E+00 +0.301471E-03 +0.000000E+00 +0.000000E+00
 +0.130720E+01 -0.104700E+03 +0.111144E+03 -0.592743E+02 +0.171170E+02 +0.789973E+01 +0.000000E+00 +0.000000E+00 +0.178651E-02 -0.145143E-02 +0.000000E+00 +0.300190E-03 +0.000000E+00 +0.000000E+00
 +0.130720E+01 -0.104710E+03 +0.111171E+03 -0.592102E+02 +0.171469E+02 +0.786601E+01 +0.000000E+00 +0.000000E+00 +0.178645E-02 -0.145078E-02 +0.000000E+00 +0.298908E-03 +0.000000E+00 +0.000000E+00
 +0.130720E+01 -0.104720E+03 +0.111197E+03 -0.591461E+02 +0.171769E+02 +0.783229E+01 +0.000000E+00 +0.000000E+00 +0.178639E-02 -0.145014E-02 +0.000000E+00 +0.297627E-03 +0.000000E+00 +0.000000E+00
 +0.130720E+01 -0.104730E+03 +0.111224E+03 -0.590819E+02 +0.172068E+02 +0.779857E+01 +0.000000E+00 +0.000000E+00 +0.178632E-02 -0.144949E-02 +0.000000E+00 +0.296346E-03 +0.000000E+00 +0.000000E+00
 +0.130720E+01 -0.104740E+03 +0.111250E+03 -0.590178E+02 +0.172368E+02 +0.776485E+01 +0.000000E+00 +0.000000E+00 +0.178626E-02 -0.144884E-02 +0.000000E+00 +0.295064E-03 +0.000000E+00 +0.000000E+00
 +0.130720E+01 -0.104750E+03 +0.111277E+03 -0.589537E+02 +0.172667E+02 +0.773113E+01 +0.000000E+00 +0.000000E+00 +0.178620E-02 -0.144819E-02 +0.000000E+00 +0.293783E-03 +0.000000E+00 +0.000000E+00
 +0.130720E+01 -0.104760E+03 +0.111304E+03 -0.588896E+02 +0.172967E+02 +0.769741E+01 +0.000000E+00 +0.000000E+00 +0.178614E-02 -0.144754E-02 +0.000000E+00 +0.292502E-03 +0.000000E+00 +0.000000E+00
 +0.130720E+01 -0.104770E+03 +0.111330E+03 -0.588255E+02 +0.173266E+02 +0.766369E+01 +0.000000E+00 +0.000000E+00 +0.178607E-02 -0.144689E-02 +0.000000E+00 +0.291220E-03 +0.000000E+00 +0.000000E+00
 +0.130720E+01 -0.104780E+03 +0.111357E+03 -0.587614E+02 +0.173565E+02 +0.762997E+01 +0.000000E+00 +0.000000E+00 +0.178601E-02 -0.144624E-02 +0.000000E+00 +0.289939E-03 +0.000000E+00 +0.000000E+00
 +0.130720E+01 -0.104790E+03 +0.111384E+03 -0.586973E+02 +0.173865E+02 +0.759625E+01 +0.000000E+00 +0.000000E+00 +0.178595E-02 -0.144559E-02 +0.000000E+00 +0.288657E-03 +0.000000E+00 +0.000000E+00
 +0.130720E+01 -0.104800E+03 +0.111410E+03 -0.586332E+02 +0.174164E+02 +0.756253E+01 +0.000000E+00 +0.000000E+00 +0.178588E-02 -0.144494E-02 +0.000000E+00 +0.287376E-03 +0.000000E+00 +0.000000E+00
 +0.130720E+01 -0.104810E+03 +0.111437E+03 -0.585691E+02 +0.174464E+02 +0.752881E+01 +0.000000E+00 +0.000000E+00 +0.178582E-02 -0.144429E-02 +0.000000E+00 +0.286095E-03 +0.000000E+00 +0.000000E+00
 +0.130720E+01 -0.104820E+03 +0.111464E+03 -0.585050E+02 +0.174763E+02 +0.749509E+01 +0.000000E+00 +0.000000E+00 +0.178576E-02 -0.144365E-02 +0.000000E+00 +0.284813E-03 +0.000000E+00 +0.000000E+00
 +0.130720E+01 -0.104830E+03 +0.111490E+03 -0.584409E+02 +0.175063E+02 +0.746137E+01 +0.000000E+00 +0.000000E+00 +0.178570E-02 -0.144300E-02 +0.000000E+00 +0.283532E-03 +0.000000E+00 +0.000000E+00
 +0.130720E+01 -0.104840E+03 +0.111517E+03 -0.583768E+02 +0.175362E+02 +0.742765E+01 +0.000000E+00 +0.000000E+00 +0.178563E-02 -0.144235E-02 +0.000000E+00 +0.282251E-03 +0.000000E+00 +0.000000E+00
 +0.130720E+01 -0.104850E+03 +0.111544E+03 -0.583127E+02 +0.175662E+02 +0.739393E+01 +0.000000E+00 +0.000000E+00 +0.178557E-02 -0.144170E-02 +0.000000E+00 +0.280969E-03 +0.000000E+00 +0.000000E+00
 +0.130720E+01 -0.104860E+03 +0.111570E+03 -0.582486E+02 +0.175961E+02 +0.736020E+01 +0.000000E+00 +0.000000E+00 +0.178551E-02 -0.144105E-02 +0.000000E+00 +0.279688E-03 +0.000000E+00 +0.000000E+00
 +0.130720E+01 -0.104870E+03 +0.111597E+03 -0.581845E+02 +0.176260E+02 +0.732648E+01 +0.000000E+00 +0.000000E+00 +0.178544E-02 -0.144040E-02 +0.000000E+00 +0.278406E-03 +0.000000E+00 +0.000000E+00
 +0.130720E+01 -0.104880E+03 +0.111623E+03 -0.581204E+02 +0.176560E+02 +0.729276E+01 +0.000000E+00 +0.000000E+00 +0.178538E-02 -0.143975E-02 +0.000000E+00 +0.277125E-03 +0.000000E+00 +0.000000E+00
 +0.130720E+01 -0.104890E+03 +0.111650E+03 -0.580563E+02 +0.176859E+02 +0.725904E+01 +0.000000E+00 +0.000000E+00 +0.178532E-02 -0.143910E-02 +0.000000E+00 +0.275844E-03 +0.000000E+00 +0.000000E+00
 +0.130720E+01 -0.104900E+03 +0.111677E+03 -0.579922E+02 +0.177159E+02 +0.722532E+01 +0.000000E+00 +0.000000E+00 +0.178526E-02 -0.143845E-02 +0.000000E+00 +0.274562E-03 +0.000000E+00 +0.000000E+00
 +0.130720E+01 -0.104910E+03 +0.111703E+03 -0.579281E+02 +0.177458E+02 +0.719160E+01 +0.000000E+00 +0.000000E+00 +0.178519E-02 -0.143780E-02 +0.000000E+00 +0.273281E-03 +0.000000E+00 +0.000000E+00
 +0.130720E+01 -0.104920E+03 +0.111730E+03 -0.578640E+02 +0.177758E+02 +0.715788E+01 +0.000000E+00 +0.000000E+00 +0.178513E-02 -0.143716E-02 +0.000000E+00 +0.272000E-03 +0.000000E+00 +0.000000E+00
 +0.130720E+01 -0.104930E+03 +0.111757E+03 -0.577999E+02 +0.178057E+02 +0.712416E+01 +0.000000E+00 +0.000000E+00 +0.178507E-02 -0.143651E-02 +0.000000E+00 +0.270718E-03 +0.000000E+00 +0.000000E+00
 +0.130720E+01 -0.104940E+03 +0.111783E+03 -0.577358E+02 +0.178357E+02 +0.709044E+01 +0.000000E+00 +0.000000E+00 +0.178500E-02 -0.143586E-02 +0.000000E+00 +0.269437E-03 +0.000000E+00 +0.000000E+00
 +0.130720E+01 -0.104950E+03 +0.111810E+03 -0.576717E+02 +0.178656E+02 +0.705672E+01 +0.000000E+00 +0.000000E+00 +0.178494E-02 -0.143521E-02 +0.000000E+00 +0.268155E-03 +0.000000E+00 +0.000000E+00
 +0.130720E+01 -0.104960E+03 +0.111837E+03 -0.576076E+02 +0.178955E+02 +0.702300E+01 +0.000000E+00 +0.000000E+00 +0.178488E-02 -0.143456E-02 +0.000000E+00 +0.266874E-03 +0.000000E+00 +0.000000E+00
 +0.130720E+01 -0.104970E+03 +0.111863E+03 -0.575435E+02 +0.179255E+02 +0.698928E+01 +0.000000E+00 +0.000000E+00 +0.178482E-02 -0.143391E-02 +0.000000E+00 +0.265593E-03 +0.000000E+00 +0.000000E+00
 +0.130720E+01 -0.104980E+03 +0.111890E+03 -0.574794E+02 +0.179554E+02 +0.695556E+01 +0.000000E+00 +0.000000E+00 +0.178475E-02 -0.143326E-02 +0.000000E+00 +0.264311E-03 +0.000000E+00 +0.000000E+00
 +0.130720E+01 -0.104990E+03 +0.111916E+03 -0.574153E+02 +0.179854E+02 +0.692184E+01 +0.000000E+00 +0.000000E+00 +0.178469E-02 -0.143261E-02 +0.000000E+00 +0.263030E-03 +0.000000E+00 +0.000000E+00
