%X Y s_xx s_yy s_zz s_xy s_xz s_yz e_xx e_yy e_zz e_xy e_xz e_yz
 +0.148320E+01 -0.100000E+03 +0.367530E+03 -0.138806E+02 +0.116704E+03 -0.698479E+01 +0.000000E+00 +0.000000E+00 +0.476569E-02 -0.248112E-02 +0.000000E+00 -0.265422E-03 +0.000000E+00 +0.000000E+00
 +0.148320E+01 -0.100010E+03 +0.349070E+03 -0.714524E+01 +0.112835E+03 -0.101980E+02 +0.000000E+00 +0.000000E+00 +0.448846E-02 -0.227963E-02 +0.000000E+00 -0.387525E-03 +0.000000E+00 +0.000000E+00
 +0.148320E+01 -0.100020E+03 +0.330595E+03 -0.508310E+00 +0.108928E+03 -0.133839E+02 +0.000000E+00 +0.000000E+00 +0.421166E-02 -0.207930E-02 +0.000000E+00 -0.508588E-03 +0.000000E+00 +0.000000E+00
 +0.148320E+01 -0.100030E+03 +0.311066E+03 -0.102762E+01 +0.102313E+03 -0.145809E+02 +0.000000E+00 +0.000000E+00 +0.396632E-02 -0.196347E-02 +0.000000E+00 -0.554074E-03 +0.000000E+00 +0.000000E+00
 +0.148320E+01 -0.100040E+03 +0.291685E+03 -0.155509E+01 +0.957429E+02 -0.157303E+02 +0.000000E+00 +0.000000E+00 +0.372290E-02 -0.184866E-02 +0.000000E+00 -0.597750E-03 +0.000000E+00 +0.000000E+00
 +0.148320E+01 -0.100050E+03 +0.277576E+03 -0.237543E+01 +0.908162E+02 -0.151720E+02 +0.000000E+00 +0.000000E+00 +0.354844E-02 -0.177064E-02 +0.000000E+00 -0.576536E-03 +0.000000E+00 +0.000000E+00
 +0.148320E+01 -0.100060E+03 +0.263585E+03 -0.319889E+01 +0.859275E+02 -0.145933E+02 +0.000000E+00 +0.000000E+00 +0.337550E-02 -0.169340E-02 +0.000000E+00 -0.554544E-03 +0.000000E+00 +0.000000E+00
 +0.148320E+01 -0.100070E+03 +0.252378E+03 -0.409607E+01 +0.819332E+02 -0.135321E+02 +0.000000E+00 +0.000000E+00 +0.323846E-02 -0.163456E-02 +0.000000E+00 -0.514218E-03 +0.000000E+00 +0.000000E+00
 +0.148320E+01 -0.100080E+03 +0.241278E+03 -0.499607E+01 +0.779730E+02 -0.124558E+02 +0.000000E+00 +0.000000E+00 +0.310279E-02 -0.157641E-02 +0.000000E+00 -0.473319E-03 +0.000000E+00 +0.000000E+00
 +0.148320E+01 -0.100090E+03 +0.232028E+03 -0.594532E+01 +0.746072E+02 -0.111165E+02 +0.000000E+00 +0.000000E+00 +0.299099E-02 -0.153050E-02 +0.000000E+00 -0.422426E-03 +0.000000E+00 +0.000000E+00
 +0.148320E+01 -0.100100E+03 +0.222875E+03 -0.689730E+01 +0.712728E+02 -0.976758E+01 +0.000000E+00 +0.000000E+00 +0.288045E-02 -0.148523E-02 +0.000000E+00 -0.371168E-03 +0.000000E+00 +0.000000E+00
 +0.148320E+01 -0.100110E+03 +0.215065E+03 -0.788678E+01 +0.683688E+02 -0.828658E+01 +0.000000E+00 +0.000000E+00 +0.278723E-02 -0.144886E-02 +0.000000E+00 -0.314890E-03 +0.000000E+00 +0.000000E+00
 +0.148320E+01 -0.100120E+03 +0.207346E+03 -0.887902E+01 +0.654940E+02 -0.679981E+01 +0.000000E+00 +0.000000E+00 +0.269518E-02 -0.141309E-02 +0.000000E+00 -0.258393E-03 +0.000000E+00 +0.000000E+00
 +0.148320E+01 -0.100130E+03 +0.200655E+03 -0.990231E+01 +0.629483E+02 -0.524789E+01 +0.000000E+00 +0.000000E+00 +0.261642E-02 -0.138416E-02 +0.000000E+00 -0.199420E-03 +0.000000E+00 +0.000000E+00
 +0.148320E+01 -0.100140E+03 +0.194050E+03 -0.109282E+02 +0.604300E+02 -0.369365E+01 +0.000000E+00 +0.000000E+00 +0.253877E-02 -0.135581E-02 +0.000000E+00 -0.140359E-03 +0.000000E+00 +0.000000E+00
 +0.148320E+01 -0.100150E+03 +0.188261E+03 -0.119793E+02 +0.581730E+02 -0.211733E+01 +0.000000E+00 +0.000000E+00 +0.247167E-02 -0.133289E-02 +0.000000E+00 -0.804587E-04 +0.000000E+00 +0.000000E+00
 +0.148320E+01 -0.100160E+03 +0.182553E+03 -0.130326E+02 +0.559418E+02 -0.541690E+00 +0.000000E+00 +0.000000E+00 +0.240562E-02 -0.131051E-02 +0.000000E+00 -0.205842E-04 +0.000000E+00 +0.000000E+00
 +0.148320E+01 -0.100170E+03 +0.177510E+03 -0.141052E+02 +0.539237E+02 +0.102840E+01 +0.000000E+00 +0.000000E+00 +0.234814E-02 -0.129255E-02 +0.000000E+00 +0.390794E-04 +0.000000E+00 +0.000000E+00
 +0.148320E+01 -0.100180E+03 +0.172544E+03 -0.151796E+02 +0.519301E+02 +0.259517E+01 +0.000000E+00 +0.000000E+00 +0.229166E-02 -0.127509E-02 +0.000000E+00 +0.986163E-04 +0.000000E+00 +0.000000E+00
 +0.148320E+01 -0.100190E+03 +0.168127E+03 -0.162675E+02 +0.501137E+02 +0.413799E+01 +0.000000E+00 +0.000000E+00 +0.224226E-02 -0.126124E-02 +0.000000E+00 +0.157244E-03 +0.000000E+00 +0.000000E+00
 +0.148320E+01 -0.100200E+03 +0.163783E+03 -0.173566E+02 +0.483207E+02 +0.567516E+01 +0.000000E+00 +0.000000E+00 +0.219378E-02 -0.124787E-02 +0.000000E+00 +0.215656E-03 +0.000000E+00 +0.000000E+00
 +0.148320E+01 -0.100210E+03 +0.159900E+03 -0.184536E+02 +0.466773E+02 +0.717634E+01 +0.000000E+00 +0.000000E+00 +0.215123E-02 -0.123749E-02 +0.000000E+00 +0.272701E-03 +0.000000E+00 +0.000000E+00
 +0.148320E+01 -0.100220E+03 +0.156085E+03 -0.195512E+02 +0.450563E+02 +0.866987E+01 +0.000000E+00 +0.000000E+00 +0.210955E-02 -0.122754E-02 +0.000000E+00 +0.329455E-03 +0.000000E+00 +0.000000E+00
 +0.148320E+01 -0.100230E+03 +0.152661E+03 -0.206516E+02 +0.435630E+02 +0.101198E+02 +0.000000E+00 +0.000000E+00 +0.207286E-02 -0.122008E-02 +0.000000E+00 +0.384552E-03 +0.000000E+00 +0.000000E+00
 +0.148320E+01 -0.100240E+03 +0.149301E+03 -0.217517E+02 +0.420912E+02 +0.115603E+02 +0.000000E+00 +0.000000E+00 +0.203698E-02 -0.121302E-02 +0.000000E+00 +0.439293E-03 +0.000000E+00 +0.000000E+00
 +0.148320E+01 -0.100250E+03 +0.146273E+03 -0.228503E+02 +0.407296E+02 +0.129528E+02 +0.000000E+00 +0.000000E+00 +0.200533E-02 -0.120802E-02 +0.000000E+00 +0.492207E-03 +0.000000E+00 +0.000000E+00
 +0.148320E+01 -0.100260E+03 +0.143307E+03 -0.239477E+02 +0.393885E+02 +0.143345E+02 +0.000000E+00 +0.000000E+00 +0.197445E-02 -0.120339E-02 +0.000000E+00 +0.544711E-03 +0.000000E+00 +0.000000E+00
 +0.148320E+01 -0.100270E+03 +0.140625E+03 -0.250396E+02 +0.381432E+02 +0.156659E+02 +0.000000E+00 +0.000000E+00 +0.194716E-02 -0.120047E-02 +0.000000E+00 +0.595304E-03 +0.000000E+00 +0.000000E+00
 +0.148320E+01 -0.100280E+03 +0.138001E+03 -0.261296E+02 +0.369175E+02 +0.169854E+02 +0.000000E+00 +0.000000E+00 +0.192058E-02 -0.119790E-02 +0.000000E+00 +0.645444E-03 +0.000000E+00 +0.000000E+00
 +0.148320E+01 -0.100290E+03 +0.135622E+03 -0.272110E+02 +0.357756E+02 +0.182540E+02 +0.000000E+00 +0.000000E+00 +0.189708E-02 -0.119675E-02 +0.000000E+00 +0.693651E-03 +0.000000E+00 +0.000000E+00
 +0.148320E+01 -0.100300E+03 +0.133297E+03 -0.282895E+02 +0.346526E+02 +0.195097E+02 +0.000000E+00 +0.000000E+00 +0.187425E-02 -0.119590E-02 +0.000000E+00 +0.741369E-03 +0.000000E+00 +0.000000E+00
 +0.148320E+01 -0.100310E+03 +0.131185E+03 -0.293569E+02 +0.336032E+02 +0.207151E+02 +0.000000E+00 +0.000000E+00 +0.185405E-02 -0.119624E-02 +0.000000E+00 +0.787175E-03 +0.000000E+00 +0.000000E+00
 +0.148320E+01 -0.100320E+03 +0.129123E+03 -0.304207E+02 +0.325718E+02 +0.219070E+02 +0.000000E+00 +0.000000E+00 +0.183448E-02 -0.119686E-02 +0.000000E+00 +0.832465E-03 +0.000000E+00 +0.000000E+00
 +0.148320E+01 -0.100330E+03 +0.127246E+03 -0.314712E+02 +0.316056E+02 +0.230499E+02 +0.000000E+00 +0.000000E+00 +0.181716E-02 -0.119846E-02 +0.000000E+00 +0.875895E-03 +0.000000E+00 +0.000000E+00
 +0.148320E+01 -0.100340E+03 +0.125416E+03 -0.325174E+02 +0.306567E+02 +0.241786E+02 +0.000000E+00 +0.000000E+00 +0.180043E-02 -0.120031E-02 +0.000000E+00 +0.918788E-03 +0.000000E+00 +0.000000E+00
 +0.148320E+01 -0.100350E+03 +0.123747E+03 -0.335489E+02 +0.297655E+02 +0.252603E+02 +0.000000E+00 +0.000000E+00 +0.178565E-02 -0.120297E-02 +0.000000E+00 +0.959892E-03 +0.000000E+00 +0.000000E+00
 +0.148320E+01 -0.100360E+03 +0.122123E+03 -0.345752E+02 +0.288909E+02 +0.263275E+02 +0.000000E+00 +0.000000E+00 +0.177142E-02 -0.120586E-02 +0.000000E+00 +0.100045E-02 +0.000000E+00 +0.000000E+00
 +0.148320E+01 -0.100370E+03 +0.120639E+03 -0.355859E+02 +0.280677E+02 +0.273499E+02 +0.000000E+00 +0.000000E+00 +0.175886E-02 -0.120942E-02 +0.000000E+00 +0.103929E-02 +0.000000E+00 +0.000000E+00
 +0.148320E+01 -0.100380E+03 +0.119198E+03 -0.365908E+02 +0.272604E+02 +0.283574E+02 +0.000000E+00 +0.000000E+00 +0.174682E-02 -0.121317E-02 +0.000000E+00 +0.107758E-02 +0.000000E+00 +0.000000E+00
 +0.148320E+01 -0.100390E+03 +0.117879E+03 -0.375792E+02 +0.264990E+02 +0.293225E+02 +0.000000E+00 +0.000000E+00 +0.173622E-02 -0.121749E-02 +0.000000E+00 +0.111426E-02 +0.000000E+00 +0.000000E+00
 +0.148320E+01 -0.100400E+03 +0.116600E+03 -0.385614E+02 +0.257529E+02 +0.302727E+02 +0.000000E+00 +0.000000E+00 +0.172610E-02 -0.122197E-02 +0.000000E+00 +0.115036E-02 +0.000000E+00 +0.000000E+00
 +0.148320E+01 -0.100410E+03 +0.115429E+03 -0.395266E+02 +0.250478E+02 +0.311829E+02 +0.000000E+00 +0.000000E+00 +0.171724E-02 -0.122691E-02 +0.000000E+00 +0.118495E-02 +0.000000E+00 +0.000000E+00
 +0.148320E+01 -0.100420E+03 +0.114296E+03 -0.404851E+02 +0.243574E+02 +0.320782E+02 +0.000000E+00 +0.000000E+00 +0.170882E-02 -0.123201E-02 +0.000000E+00 +0.121897E-02 +0.000000E+00 +0.000000E+00
 +0.148320E+01 -0.100430E+03 +0.113257E+03 -0.414265E+02 +0.237039E+02 +0.329359E+02 +0.000000E+00 +0.000000E+00 +0.170150E-02 -0.123748E-02 +0.000000E+00 +0.125156E-02 +0.000000E+00 +0.000000E+00
 +0.148320E+01 -0.100440E+03 +0.112253E+03 -0.423607E+02 +0.230645E+02 +0.337786E+02 +0.000000E+00 +0.000000E+00 +0.169458E-02 -0.124308E-02 +0.000000E+00 +0.128359E-02 +0.000000E+00 +0.000000E+00
 +0.148320E+01 -0.100450E+03 +0.111333E+03 -0.432779E+02 +0.224582E+02 +0.345863E+02 +0.000000E+00 +0.000000E+00 +0.168862E-02 -0.124899E-02 +0.000000E+00 +0.131428E-02 +0.000000E+00 +0.000000E+00
 +0.148320E+01 -0.100460E+03 +0.110446E+03 -0.441874E+02 +0.218655E+02 +0.353791E+02 +0.000000E+00 +0.000000E+00 +0.168304E-02 -0.125500E-02 +0.000000E+00 +0.134441E-02 +0.000000E+00 +0.000000E+00
 +0.148320E+01 -0.100470E+03 +0.109633E+03 -0.450802E+02 +0.213026E+02 +0.361392E+02 +0.000000E+00 +0.000000E+00 +0.167829E-02 -0.126127E-02 +0.000000E+00 +0.137329E-02 +0.000000E+00 +0.000000E+00
 +0.148320E+01 -0.100480E+03 +0.108852E+03 -0.459650E+02 +0.207527E+02 +0.368846E+02 +0.000000E+00 +0.000000E+00 +0.167389E-02 -0.126764E-02 +0.000000E+00 +0.140161E-02 +0.000000E+00 +0.000000E+00
 +0.148320E+01 -0.100490E+03 +0.108136E+03 -0.468333E+02 +0.202298E+02 +0.375994E+02 +0.000000E+00 +0.000000E+00 +0.167021E-02 -0.127420E-02 +0.000000E+00 +0.142878E-02 +0.000000E+00 +0.000000E+00
 +0.148320E+01 -0.100500E+03 +0.107449E+03 -0.476934E+02 +0.197194E+02 +0.382997E+02 +0.000000E+00 +0.000000E+00 +0.166687E-02 -0.128084E-02 +0.000000E+00 +0.145539E-02 +0.000000E+00 +0.000000E+00
 +0.148320E+01 -0.100510E+03 +0.106820E+03 -0.485373E+02 +0.192334E+02 +0.389716E+02 +0.000000E+00 +0.000000E+00 +0.166415E-02 -0.128764E-02 +0.000000E+00 +0.148092E-02 +0.000000E+00 +0.000000E+00
 +0.148320E+01 -0.100520E+03 +0.106220E+03 -0.493728E+02 +0.187594E+02 +0.396291E+02 +0.000000E+00 +0.000000E+00 +0.166174E-02 -0.129451E-02 +0.000000E+00 +0.150591E-02 +0.000000E+00 +0.000000E+00
 +0.148320E+01 -0.100530E+03 +0.105670E+03 -0.501928E+02 +0.183076E+02 +0.402603E+02 +0.000000E+00 +0.000000E+00 +0.165989E-02 -0.130151E-02 +0.000000E+00 +0.152989E-02 +0.000000E+00 +0.000000E+00
 +0.148320E+01 -0.100540E+03 +0.105147E+03 -0.510040E+02 +0.178672E+02 +0.408773E+02 +0.000000E+00 +0.000000E+00 +0.165832E-02 -0.130855E-02 +0.000000E+00 +0.155334E-02 +0.000000E+00 +0.000000E+00
 +0.148320E+01 -0.100550E+03 +0.104670E+03 -0.518001E+02 +0.174470E+02 +0.414699E+02 +0.000000E+00 +0.000000E+00 +0.165723E-02 -0.131569E-02 +0.000000E+00 +0.157586E-02 +0.000000E+00 +0.000000E+00
 +0.148320E+01 -0.100560E+03 +0.104217E+03 -0.525874E+02 +0.170378E+02 +0.420485E+02 +0.000000E+00 +0.000000E+00 +0.165641E-02 -0.132288E-02 +0.000000E+00 +0.159784E-02 +0.000000E+00 +0.000000E+00
 +0.148320E+01 -0.100570E+03 +0.103805E+03 -0.533602E+02 +0.166469E+02 +0.426044E+02 +0.000000E+00 +0.000000E+00 +0.165601E-02 -0.133013E-02 +0.000000E+00 +0.161897E-02 +0.000000E+00 +0.000000E+00
 +0.148320E+01 -0.100580E+03 +0.103417E+03 -0.541240E+02 +0.162666E+02 +0.431467E+02 +0.000000E+00 +0.000000E+00 +0.165585E-02 -0.133742E-02 +0.000000E+00 +0.163957E-02 +0.000000E+00 +0.000000E+00
 +0.148320E+01 -0.100590E+03 +0.103064E+03 -0.548738E+02 +0.159029E+02 +0.436679E+02 +0.000000E+00 +0.000000E+00 +0.165607E-02 -0.134476E-02 +0.000000E+00 +0.165938E-02 +0.000000E+00 +0.000000E+00
 +0.148320E+01 -0.100600E+03 +0.102734E+03 -0.556146E+02 +0.155495E+02 +0.441757E+02 +0.000000E+00 +0.000000E+00 +0.165651E-02 -0.135212E-02 +0.000000E+00 +0.167868E-02 +0.000000E+00 +0.000000E+00
 +0.148320E+01 -0.100610E+03 +0.102437E+03 -0.563420E+02 +0.152112E+02 +0.446639E+02 +0.000000E+00 +0.000000E+00 +0.165728E-02 -0.135951E-02 +0.000000E+00 +0.169723E-02 +0.000000E+00 +0.000000E+00
 +0.148320E+01 -0.100620E+03 +0.102160E+03 -0.570602E+02 +0.148828E+02 +0.451390E+02 +0.000000E+00 +0.000000E+00 +0.165826E-02 -0.136692E-02 +0.000000E+00 +0.171528E-02 +0.000000E+00 +0.000000E+00
 +0.148320E+01 -0.100630E+03 +0.101912E+03 -0.577657E+02 +0.145681E+02 +0.455960E+02 +0.000000E+00 +0.000000E+00 +0.165953E-02 -0.137434E-02 +0.000000E+00 +0.173265E-02 +0.000000E+00 +0.000000E+00
 +0.148320E+01 -0.100640E+03 +0.101683E+03 -0.584619E+02 +0.142630E+02 +0.460401E+02 +0.000000E+00 +0.000000E+00 +0.166098E-02 -0.138177E-02 +0.000000E+00 +0.174952E-02 +0.000000E+00 +0.000000E+00
 +0.148320E+01 -0.100650E+03 +0.101481E+03 -0.591460E+02 +0.139704E+02 +0.464674E+02 +0.000000E+00 +0.000000E+00 +0.166269E-02 -0.138921E-02 +0.000000E+00 +0.176576E-02 +0.000000E+00 +0.000000E+00
 +0.148320E+01 -0.100660E+03 +0.101297E+03 -0.598207E+02 +0.136870E+02 +0.468821E+02 +0.000000E+00 +0.000000E+00 +0.166458E-02 -0.139665E-02 +0.000000E+00 +0.178152E-02 +0.000000E+00 +0.000000E+00
 +0.148320E+01 -0.100670E+03 +0.101136E+03 -0.604839E+02 +0.134151E+02 +0.472813E+02 +0.000000E+00 +0.000000E+00 +0.166669E-02 -0.140408E-02 +0.000000E+00 +0.179669E-02 +0.000000E+00 +0.000000E+00
 +0.148320E+01 -0.100680E+03 +0.100992E+03 -0.611377E+02 +0.131520E+02 +0.476681E+02 +0.000000E+00 +0.000000E+00 +0.166897E-02 -0.141150E-02 +0.000000E+00 +0.181139E-02 +0.000000E+00 +0.000000E+00
 +0.148320E+01 -0.100690E+03 +0.100869E+03 -0.617806E+02 +0.128993E+02 +0.480405E+02 +0.000000E+00 +0.000000E+00 +0.167143E-02 -0.141892E-02 +0.000000E+00 +0.182554E-02 +0.000000E+00 +0.000000E+00
 +0.148320E+01 -0.100700E+03 +0.100763E+03 -0.624140E+02 +0.126552E+02 +0.484008E+02 +0.000000E+00 +0.000000E+00 +0.167405E-02 -0.142632E-02 +0.000000E+00 +0.183923E-02 +0.000000E+00 +0.000000E+00
 +0.148320E+01 -0.100710E+03 +0.100675E+03 -0.630371E+02 +0.124206E+02 +0.487478E+02 +0.000000E+00 +0.000000E+00 +0.167684E-02 -0.143370E-02 +0.000000E+00 +0.185242E-02 +0.000000E+00 +0.000000E+00
 +0.148320E+01 -0.100720E+03 +0.100603E+03 -0.636507E+02 +0.121943E+02 +0.490829E+02 +0.000000E+00 +0.000000E+00 +0.167977E-02 -0.144106E-02 +0.000000E+00 +0.186515E-02 +0.000000E+00 +0.000000E+00
 +0.148320E+01 -0.100730E+03 +0.100547E+03 -0.642545E+02 +0.119767E+02 +0.494057E+02 +0.000000E+00 +0.000000E+00 +0.168284E-02 -0.144839E-02 +0.000000E+00 +0.187742E-02 +0.000000E+00 +0.000000E+00
 +0.148320E+01 -0.100740E+03 +0.100506E+03 -0.648488E+02 +0.117670E+02 +0.497170E+02 +0.000000E+00 +0.000000E+00 +0.168605E-02 -0.145570E-02 +0.000000E+00 +0.188925E-02 +0.000000E+00 +0.000000E+00
 +0.148320E+01 -0.100750E+03 +0.100480E+03 -0.654338E+02 +0.115653E+02 +0.500168E+02 +0.000000E+00 +0.000000E+00 +0.168938E-02 -0.146298E-02 +0.000000E+00 +0.190064E-02 +0.000000E+00 +0.000000E+00
 +0.148320E+01 -0.100760E+03 +0.100468E+03 -0.660094E+02 +0.113713E+02 +0.503053E+02 +0.000000E+00 +0.000000E+00 +0.169283E-02 -0.147023E-02 +0.000000E+00 +0.191160E-02 +0.000000E+00 +0.000000E+00
 +0.148320E+01 -0.100770E+03 +0.100469E+03 -0.665761E+02 +0.111845E+02 +0.505832E+02 +0.000000E+00 +0.000000E+00 +0.169640E-02 -0.147745E-02 +0.000000E+00 +0.192216E-02 +0.000000E+00 +0.000000E+00
 +0.148320E+01 -0.100780E+03 +0.100482E+03 -0.671335E+02 +0.110052E+02 +0.508501E+02 +0.000000E+00 +0.000000E+00 +0.170007E-02 -0.148463E-02 +0.000000E+00 +0.193230E-02 +0.000000E+00 +0.000000E+00
 +0.148320E+01 -0.100790E+03 +0.100508E+03 -0.676825E+02 +0.108325E+02 +0.511072E+02 +0.000000E+00 +0.000000E+00 +0.170384E-02 -0.149178E-02 +0.000000E+00 +0.194207E-02 +0.000000E+00 +0.000000E+00
 +0.148320E+01 -0.100800E+03 +0.100546E+03 -0.682221E+02 +0.106669E+02 +0.513535E+02 +0.000000E+00 +0.000000E+00 +0.170770E-02 -0.149889E-02 +0.000000E+00 +0.195143E-02 +0.000000E+00 +0.000000E+00
 +0.148320E+01 -0.100810E+03 +0.100595E+03 -0.687538E+02 +0.105074E+02 +0.515907E+02 +0.000000E+00 +0.000000E+00 +0.171166E-02 -0.150596E-02 +0.000000E+00 +0.196045E-02 +0.000000E+00 +0.000000E+00
 +0.148320E+01 -0.100820E+03 +0.100655E+03 -0.692762E+02 +0.103549E+02 +0.518174E+02 +0.000000E+00 +0.000000E+00 +0.171570E-02 -0.151299E-02 +0.000000E+00 +0.196906E-02 +0.000000E+00 +0.000000E+00
 +0.148320E+01 -0.100830E+03 +0.100724E+03 -0.697912E+02 +0.102079E+02 +0.520358E+02 +0.000000E+00 +0.000000E+00 +0.171981E-02 -0.151998E-02 +0.000000E+00 +0.197736E-02 +0.000000E+00 +0.000000E+00
 +0.148320E+01 -0.100840E+03 +0.100805E+03 -0.702969E+02 +0.100676E+02 +0.522438E+02 +0.000000E+00 +0.000000E+00 +0.172401E-02 -0.152692E-02 +0.000000E+00 +0.198526E-02 +0.000000E+00 +0.000000E+00
 +0.148320E+01 -0.100850E+03 +0.100893E+03 -0.707955E+02 +0.993232E+01 +0.524441E+02 +0.000000E+00 +0.000000E+00 +0.172826E-02 -0.153383E-02 +0.000000E+00 +0.199288E-02 +0.000000E+00 +0.000000E+00
 +0.148320E+01 -0.100860E+03 +0.100993E+03 -0.712849E+02 +0.980353E+01 +0.526343E+02 +0.000000E+00 +0.000000E+00 +0.173259E-02 -0.154068E-02 +0.000000E+00 +0.200011E-02 +0.000000E+00 +0.000000E+00
 +0.148320E+01 -0.100870E+03 +0.101099E+03 -0.717677E+02 +0.967935E+01 +0.528174E+02 +0.000000E+00 +0.000000E+00 +0.173697E-02 -0.154749E-02 +0.000000E+00 +0.200706E-02 +0.000000E+00 +0.000000E+00
 +0.148320E+01 -0.100880E+03 +0.101215E+03 -0.722412E+02 +0.956142E+01 +0.529907E+02 +0.000000E+00 +0.000000E+00 +0.174142E-02 -0.155425E-02 +0.000000E+00 +0.201365E-02 +0.000000E+00 +0.000000E+00
 +0.148320E+01 -0.100890E+03 +0.101338E+03 -0.727086E+02 +0.944770E+01 +0.531574E+02 +0.000000E+00 +0.000000E+00 +0.174592E-02 -0.156097E-02 +0.000000E+00 +0.201998E-02 +0.000000E+00 +0.000000E+00
 +0.148320E+01 -0.100900E+03 +0.101470E+03 -0.731668E+02 +0.934002E+01 +0.533146E+02 +0.000000E+00 +0.000000E+00 +0.175047E-02 -0.156763E-02 +0.000000E+00 +0.202595E-02 +0.000000E+00 +0.000000E+00
 +0.148320E+01 -0.100910E+03 +0.101608E+03 -0.736191E+02 +0.923618E+01 +0.534656E+02 +0.000000E+00 +0.000000E+00 +0.175506E-02 -0.157425E-02 +0.000000E+00 +0.203169E-02 +0.000000E+00 +0.000000E+00
 +0.148320E+01 -0.100920E+03 +0.101754E+03 -0.740624E+02 +0.913818E+01 +0.536073E+02 +0.000000E+00 +0.000000E+00 +0.175970E-02 -0.158081E-02 +0.000000E+00 +0.203708E-02 +0.000000E+00 +0.000000E+00
 +0.148320E+01 -0.100930E+03 +0.101905E+03 -0.745001E+02 +0.904368E+01 +0.537434E+02 +0.000000E+00 +0.000000E+00 +0.176437E-02 -0.158733E-02 +0.000000E+00 +0.204225E-02 +0.000000E+00 +0.000000E+00
 +0.148320E+01 -0.100940E+03 +0.102065E+03 -0.749288E+02 +0.895481E+01 +0.538704E+02 +0.000000E+00 +0.000000E+00 +0.176909E-02 -0.159379E-02 +0.000000E+00 +0.204708E-02 +0.000000E+00 +0.000000E+00
 +0.148320E+01 -0.100950E+03 +0.102229E+03 -0.753524E+02 +0.886914E+01 +0.539923E+02 +0.000000E+00 +0.000000E+00 +0.177383E-02 -0.160021E-02 +0.000000E+00 +0.205171E-02 +0.000000E+00 +0.000000E+00
 +0.148320E+01 -0.100960E+03 +0.102400E+03 -0.757669E+02 +0.878891E+01 +0.541052E+02 +0.000000E+00 +0.000000E+00 +0.177861E-02 -0.160656E-02 +0.000000E+00 +0.205600E-02 +0.000000E+00 +0.000000E+00
 +0.148320E+01 -0.100970E+03 +0.102575E+03 -0.761767E+02 +0.871159E+01 +0.542134E+02 +0.000000E+00 +0.000000E+00 +0.178341E-02 -0.161288E-02 +0.000000E+00 +0.206011E-02 +0.000000E+00 +0.000000E+00
 +0.148320E+01 -0.100980E+03 +0.102758E+03 -0.765775E+02 +0.863952E+01 +0.543130E+02 +0.000000E+00 +0.000000E+00 +0.178825E-02 -0.161912E-02 +0.000000E+00 +0.206389E-02 +0.000000E+00 +0.000000E+00
 +0.148320E+01 -0.100990E+03 +0.102944E+03 -0.769738E+02 +0.857011E+01 +0.544081E+02 +0.000000E+00 +0.000000E+00 +0.179310E-02 -0.162533E-02 +0.000000E+00 +0.206751E-02 +0.000000E+00 +0.000000E+00
 +0.148320E+01 -0.101000E+03 +0.103136E+03 -0.773612E+02 +0.850577E+01 +0.544949E+02 +0.000000E+00 +0.000000E+00 +0.179798E-02 -0.163147E-02 +0.000000E+00 +0.207081E-02 +0.000000E+00 +0.000000E+00
 +0.148320E+01 -0.101010E+03 +0.103332E+03 -0.777445E+02 +0.844384E+01 +0.545776E+02 +0.000000E+00 +0.000000E+00 +0.180287E-02 -0.163758E-02 +0.000000E+00 +0.207395E-02 +0.000000E+00 +0.000000E+00
 +0.148320E+01 -0.101020E+03 +0.103533E+03 -0.781189E+02 +0.838681E+01 +0.546522E+02 +0.000000E+00 +0.000000E+00 +0.180779E-02 -0.164361E-02 +0.000000E+00 +0.207678E-02 +0.000000E+00 +0.000000E+00
 +0.148320E+01 -0.101030E+03 +0.103738E+03 -0.784894E+02 +0.833196E+01 +0.547230E+02 +0.000000E+00 +0.000000E+00 +0.181271E-02 -0.164961E-02 +0.000000E+00 +0.207947E-02 +0.000000E+00 +0.000000E+00
 +0.148320E+01 -0.101040E+03 +0.103948E+03 -0.788511E+02 +0.828186E+01 +0.547859E+02 +0.000000E+00 +0.000000E+00 +0.181765E-02 -0.165553E-02 +0.000000E+00 +0.208186E-02 +0.000000E+00 +0.000000E+00
 +0.148320E+01 -0.101050E+03 +0.104160E+03 -0.792093E+02 +0.823373E+01 +0.548454E+02 +0.000000E+00 +0.000000E+00 +0.182260E-02 -0.166142E-02 +0.000000E+00 +0.208412E-02 +0.000000E+00 +0.000000E+00
 +0.148320E+01 -0.101060E+03 +0.104377E+03 -0.795587E+02 +0.819018E+01 +0.548970E+02 +0.000000E+00 +0.000000E+00 +0.182756E-02 -0.166723E-02 +0.000000E+00 +0.208609E-02 +0.000000E+00 +0.000000E+00
 +0.148320E+01 -0.101070E+03 +0.104597E+03 -0.799047E+02 +0.814842E+01 +0.549457E+02 +0.000000E+00 +0.000000E+00 +0.183252E-02 -0.167301E-02 +0.000000E+00 +0.208794E-02 +0.000000E+00 +0.000000E+00
 +0.148320E+01 -0.101080E+03 +0.104821E+03 -0.802422E+02 +0.811108E+01 +0.549867E+02 +0.000000E+00 +0.000000E+00 +0.183749E-02 -0.167871E-02 +0.000000E+00 +0.208950E-02 +0.000000E+00 +0.000000E+00
 +0.148320E+01 -0.101090E+03 +0.105047E+03 -0.805765E+02 +0.807535E+01 +0.550250E+02 +0.000000E+00 +0.000000E+00 +0.184247E-02 -0.168438E-02 +0.000000E+00 +0.209095E-02 +0.000000E+00 +0.000000E+00
 +0.148320E+01 -0.101100E+03 +0.105278E+03 -0.809023E+02 +0.804389E+01 +0.550558E+02 +0.000000E+00 +0.000000E+00 +0.184744E-02 -0.168998E-02 +0.000000E+00 +0.209212E-02 +0.000000E+00 +0.000000E+00
 +0.148320E+01 -0.101110E+03 +0.105510E+03 -0.812251E+02 +0.801389E+01 +0.550842E+02 +0.000000E+00 +0.000000E+00 +0.185242E-02 -0.169554E-02 +0.000000E+00 +0.209320E-02 +0.000000E+00 +0.000000E+00
 +0.148320E+01 -0.101120E+03 +0.105746E+03 -0.815395E+02 +0.798801E+01 +0.551053E+02 +0.000000E+00 +0.000000E+00 +0.185739E-02 -0.170102E-02 +0.000000E+00 +0.209400E-02 +0.000000E+00 +0.000000E+00
 +0.148320E+01 -0.101130E+03 +0.105983E+03 -0.818512E+02 +0.796344E+01 +0.551241E+02 +0.000000E+00 +0.000000E+00 +0.186237E-02 -0.170648E-02 +0.000000E+00 +0.209472E-02 +0.000000E+00 +0.000000E+00
 +0.148320E+01 -0.101140E+03 +0.106224E+03 -0.821546E+02 +0.794285E+01 +0.551360E+02 +0.000000E+00 +0.000000E+00 +0.186734E-02 -0.171185E-02 +0.000000E+00 +0.209517E-02 +0.000000E+00 +0.000000E+00
 +0.148320E+01 -0.101150E+03 +0.106466E+03 -0.824555E+02 +0.792343E+01 +0.551458E+02 +0.000000E+00 +0.000000E+00 +0.187231E-02 -0.171720E-02 +0.000000E+00 +0.209554E-02 +0.000000E+00 +0.000000E+00
 +0.148320E+01 -0.101160E+03 +0.106711E+03 -0.827480E+02 +0.790786E+01 +0.551487E+02 +0.000000E+00 +0.000000E+00 +0.187726E-02 -0.172246E-02 +0.000000E+00 +0.209565E-02 +0.000000E+00 +0.000000E+00
 +0.148320E+01 -0.101170E+03 +0.106957E+03 -0.830383E+02 +0.789333E+01 +0.551498E+02 +0.000000E+00 +0.000000E+00 +0.188222E-02 -0.172770E-02 +0.000000E+00 +0.209569E-02 +0.000000E+00 +0.000000E+00
 +0.148320E+01 -0.101180E+03 +0.107207E+03 -0.833203E+02 +0.788251E+01 +0.551443E+02 +0.000000E+00 +0.000000E+00 +0.188716E-02 -0.173285E-02 +0.000000E+00 +0.209548E-02 +0.000000E+00 +0.000000E+00
 +0.148320E+01 -0.101190E+03 +0.107457E+03 -0.836003E+02 +0.787262E+01 +0.551371E+02 +0.000000E+00 +0.000000E+00 +0.189210E-02 -0.173799E-02 +0.000000E+00 +0.209521E-02 +0.000000E+00 +0.000000E+00
 +0.148320E+01 -0.101200E+03 +0.107709E+03 -0.838722E+02 +0.786632E+01 +0.551235E+02 +0.000000E+00 +0.000000E+00 +0.189702E-02 -0.174303E-02 +0.000000E+00 +0.209469E-02 +0.000000E+00 +0.000000E+00
 +0.148320E+01 -0.101210E+03 +0.107963E+03 -0.841421E+02 +0.786083E+01 +0.551084E+02 +0.000000E+00 +0.000000E+00 +0.190194E-02 -0.174806E-02 +0.000000E+00 +0.209412E-02 +0.000000E+00 +0.000000E+00
 +0.148320E+01 -0.101220E+03 +0.108219E+03 -0.844040E+02 +0.785881E+01 +0.550870E+02 +0.000000E+00 +0.000000E+00 +0.190684E-02 -0.175299E-02 +0.000000E+00 +0.209331E-02 +0.000000E+00 +0.000000E+00
 +0.148320E+01 -0.101230E+03 +0.108475E+03 -0.846642E+02 +0.785751E+01 +0.550643E+02 +0.000000E+00 +0.000000E+00 +0.191173E-02 -0.175791E-02 +0.000000E+00 +0.209244E-02 +0.000000E+00 +0.000000E+00
 +0.148320E+01 -0.101240E+03 +0.108733E+03 -0.849163E+02 +0.785955E+01 +0.550356E+02 +0.000000E+00 +0.000000E+00 +0.191660E-02 -0.176274E-02 +0.000000E+00 +0.209135E-02 +0.000000E+00 +0.000000E+00
 +0.148320E+01 -0.101250E+03 +0.108992E+03 -0.851669E+02 +0.786222E+01 +0.550057E+02 +0.000000E+00 +0.000000E+00 +0.192146E-02 -0.176755E-02 +0.000000E+00 +0.209021E-02 +0.000000E+00 +0.000000E+00
 +0.148320E+01 -0.101260E+03 +0.109252E+03 -0.854096E+02 +0.786811E+01 +0.549698E+02 +0.000000E+00 +0.000000E+00 +0.192630E-02 -0.177228E-02 +0.000000E+00 +0.208885E-02 +0.000000E+00 +0.000000E+00
 +0.148320E+01 -0.101270E+03 +0.109513E+03 -0.856510E+02 +0.787455E+01 +0.549330E+02 +0.000000E+00 +0.000000E+00 +0.193114E-02 -0.177698E-02 +0.000000E+00 +0.208745E-02 +0.000000E+00 +0.000000E+00
 +0.148320E+01 -0.101280E+03 +0.109776E+03 -0.858844E+02 +0.788410E+01 +0.548904E+02 +0.000000E+00 +0.000000E+00 +0.193594E-02 -0.178160E-02 +0.000000E+00 +0.208584E-02 +0.000000E+00 +0.000000E+00
 +0.148320E+01 -0.101290E+03 +0.110038E+03 -0.861167E+02 +0.789413E+01 +0.548470E+02 +0.000000E+00 +0.000000E+00 +0.194074E-02 -0.178621E-02 +0.000000E+00 +0.208419E-02 +0.000000E+00 +0.000000E+00
 +0.148320E+01 -0.101300E+03 +0.110302E+03 -0.863412E+02 +0.790715E+01 +0.547980E+02 +0.000000E+00 +0.000000E+00 +0.194551E-02 -0.179072E-02 +0.000000E+00 +0.208232E-02 +0.000000E+00 +0.000000E+00
 +0.148320E+01 -0.101310E+03 +0.110566E+03 -0.865647E+02 +0.792057E+01 +0.547483E+02 +0.000000E+00 +0.000000E+00 +0.195027E-02 -0.179522E-02 +0.000000E+00 +0.208043E-02 +0.000000E+00 +0.000000E+00
 +0.148320E+01 -0.101320E+03 +0.110832E+03 -0.867804E+02 +0.793688E+01 +0.546931E+02 +0.000000E+00 +0.000000E+00 +0.195500E-02 -0.179963E-02 +0.000000E+00 +0.207834E-02 +0.000000E+00 +0.000000E+00
 +0.148320E+01 -0.101330E+03 +0.111097E+03 -0.869952E+02 +0.795353E+01 +0.546374E+02 +0.000000E+00 +0.000000E+00 +0.195972E-02 -0.180403E-02 +0.000000E+00 +0.207622E-02 +0.000000E+00 +0.000000E+00
 +0.148320E+01 -0.101340E+03 +0.111363E+03 -0.872024E+02 +0.797297E+01 +0.545764E+02 +0.000000E+00 +0.000000E+00 +0.196441E-02 -0.180833E-02 +0.000000E+00 +0.207390E-02 +0.000000E+00 +0.000000E+00
 +0.148320E+01 -0.101350E+03 +0.111629E+03 -0.874089E+02 +0.799269E+01 +0.545149E+02 +0.000000E+00 +0.000000E+00 +0.196909E-02 -0.181263E-02 +0.000000E+00 +0.207157E-02 +0.000000E+00 +0.000000E+00
 +0.148320E+01 -0.101360E+03 +0.111896E+03 -0.876077E+02 +0.801509E+01 +0.544483E+02 +0.000000E+00 +0.000000E+00 +0.197374E-02 -0.181683E-02 +0.000000E+00 +0.206904E-02 +0.000000E+00 +0.000000E+00
 +0.148320E+01 -0.101370E+03 +0.112163E+03 -0.878060E+02 +0.803772E+01 +0.543813E+02 +0.000000E+00 +0.000000E+00 +0.197837E-02 -0.182103E-02 +0.000000E+00 +0.206649E-02 +0.000000E+00 +0.000000E+00
 +0.148320E+01 -0.101380E+03 +0.112430E+03 -0.879968E+02 +0.806293E+01 +0.543094E+02 +0.000000E+00 +0.000000E+00 +0.198297E-02 -0.182513E-02 +0.000000E+00 +0.206376E-02 +0.000000E+00 +0.000000E+00
 +0.148320E+01 -0.101390E+03 +0.112697E+03 -0.881870E+02 +0.808832E+01 +0.542372E+02 +0.000000E+00 +0.000000E+00 +0.198757E-02 -0.182923E-02 +0.000000E+00 +0.206101E-02 +0.000000E+00 +0.000000E+00
 +0.148320E+01 -0.101400E+03 +0.112964E+03 -0.883699E+02 +0.811621E+01 +0.541602E+02 +0.000000E+00 +0.000000E+00 +0.199212E-02 -0.183324E-02 +0.000000E+00 +0.205809E-02 +0.000000E+00 +0.000000E+00
 +0.148320E+01 -0.101410E+03 +0.113232E+03 -0.885524E+02 +0.814422E+01 +0.540830E+02 +0.000000E+00 +0.000000E+00 +0.199666E-02 -0.183723E-02 +0.000000E+00 +0.205515E-02 +0.000000E+00 +0.000000E+00
 +0.148320E+01 -0.101420E+03 +0.113499E+03 -0.887275E+02 +0.817463E+01 +0.540012E+02 +0.000000E+00 +0.000000E+00 +0.200117E-02 -0.184114E-02 +0.000000E+00 +0.205205E-02 +0.000000E+00 +0.000000E+00
 +0.148320E+01 -0.101430E+03 +0.113766E+03 -0.889024E+02 +0.820513E+01 +0.539192E+02 +0.000000E+00 +0.000000E+00 +0.200566E-02 -0.184504E-02 +0.000000E+00 +0.204893E-02 +0.000000E+00 +0.000000E+00
 +0.148320E+01 -0.101440E+03 +0.114034E+03 -0.890700E+02 +0.823795E+01 +0.538328E+02 +0.000000E+00 +0.000000E+00 +0.201012E-02 -0.184885E-02 +0.000000E+00 +0.204565E-02 +0.000000E+00 +0.000000E+00
 +0.148320E+01 -0.101450E+03 +0.114301E+03 -0.892375E+02 +0.827081E+01 +0.537463E+02 +0.000000E+00 +0.000000E+00 +0.201457E-02 -0.185266E-02 +0.000000E+00 +0.204236E-02 +0.000000E+00 +0.000000E+00
 +0.148320E+01 -0.101460E+03 +0.114567E+03 -0.893978E+02 +0.830589E+01 +0.536555E+02 +0.000000E+00 +0.000000E+00 +0.201897E-02 -0.185637E-02 +0.000000E+00 +0.203891E-02 +0.000000E+00 +0.000000E+00
 +0.148320E+01 -0.101470E+03 +0.114834E+03 -0.895581E+02 +0.834101E+01 +0.535647E+02 +0.000000E+00 +0.000000E+00 +0.202336E-02 -0.186008E-02 +0.000000E+00 +0.203546E-02 +0.000000E+00 +0.000000E+00
 +0.148320E+01 -0.101480E+03 +0.115100E+03 -0.897113E+02 +0.837824E+01 +0.534697E+02 +0.000000E+00 +0.000000E+00 +0.202771E-02 -0.186370E-02 +0.000000E+00 +0.203185E-02 +0.000000E+00 +0.000000E+00
 +0.148320E+01 -0.101490E+03 +0.115366E+03 -0.898644E+02 +0.841551E+01 +0.533747E+02 +0.000000E+00 +0.000000E+00 +0.203206E-02 -0.186732E-02 +0.000000E+00 +0.202824E-02 +0.000000E+00 +0.000000E+00
 +0.148320E+01 -0.101500E+03 +0.115631E+03 -0.900107E+02 +0.845475E+01 +0.532759E+02 +0.000000E+00 +0.000000E+00 +0.203635E-02 -0.187084E-02 +0.000000E+00 +0.202448E-02 +0.000000E+00 +0.000000E+00
 +0.148320E+01 -0.101510E+03 +0.115896E+03 -0.901568E+02 +0.849405E+01 +0.531769E+02 +0.000000E+00 +0.000000E+00 +0.204064E-02 -0.187437E-02 +0.000000E+00 +0.202072E-02 +0.000000E+00 +0.000000E+00
 +0.148320E+01 -0.101520E+03 +0.116161E+03 -0.902965E+02 +0.853521E+01 +0.530744E+02 +0.000000E+00 +0.000000E+00 +0.204489E-02 -0.187780E-02 +0.000000E+00 +0.201683E-02 +0.000000E+00 +0.000000E+00
 +0.148320E+01 -0.101530E+03 +0.116425E+03 -0.904358E+02 +0.857645E+01 +0.529716E+02 +0.000000E+00 +0.000000E+00 +0.204912E-02 -0.188123E-02 +0.000000E+00 +0.201292E-02 +0.000000E+00 +0.000000E+00
 +0.148320E+01 -0.101540E+03 +0.116688E+03 -0.905689E+02 +0.861941E+01 +0.528655E+02 +0.000000E+00 +0.000000E+00 +0.205331E-02 -0.188458E-02 +0.000000E+00 +0.200889E-02 +0.000000E+00 +0.000000E+00
 +0.148320E+01 -0.101550E+03 +0.116952E+03 -0.907017E+02 +0.866247E+01 +0.527593E+02 +0.000000E+00 +0.000000E+00 +0.205749E-02 -0.188792E-02 +0.000000E+00 +0.200485E-02 +0.000000E+00 +0.000000E+00
 +0.148320E+01 -0.101560E+03 +0.117214E+03 -0.908284E+02 +0.870715E+01 +0.526498E+02 +0.000000E+00 +0.000000E+00 +0.206162E-02 -0.189118E-02 +0.000000E+00 +0.200069E-02 +0.000000E+00 +0.000000E+00
 +0.148320E+01 -0.101570E+03 +0.117476E+03 -0.909547E+02 +0.875195E+01 +0.525401E+02 +0.000000E+00 +0.000000E+00 +0.206575E-02 -0.189443E-02 +0.000000E+00 +0.199653E-02 +0.000000E+00 +0.000000E+00
 +0.148320E+01 -0.101580E+03 +0.117737E+03 -0.910752E+02 +0.879825E+01 +0.524275E+02 +0.000000E+00 +0.000000E+00 +0.206983E-02 -0.189760E-02 +0.000000E+00 +0.199225E-02 +0.000000E+00 +0.000000E+00
 +0.148320E+01 -0.101590E+03 +0.117997E+03 -0.911952E+02 +0.884468E+01 +0.523146E+02 +0.000000E+00 +0.000000E+00 +0.207390E-02 -0.190076E-02 +0.000000E+00 +0.198796E-02 +0.000000E+00 +0.000000E+00
 +0.148320E+01 -0.101600E+03 +0.118257E+03 -0.913097E+02 +0.889251E+01 +0.521990E+02 +0.000000E+00 +0.000000E+00 +0.207792E-02 -0.190384E-02 +0.000000E+00 +0.198356E-02 +0.000000E+00 +0.000000E+00
 +0.148320E+01 -0.101610E+03 +0.118516E+03 -0.914236E+02 +0.894049E+01 +0.520831E+02 +0.000000E+00 +0.000000E+00 +0.208193E-02 -0.190692E-02 +0.000000E+00 +0.197916E-02 +0.000000E+00 +0.000000E+00
 +0.148320E+01 -0.101620E+03 +0.118774E+03 -0.915321E+02 +0.898978E+01 +0.519646E+02 +0.000000E+00 +0.000000E+00 +0.208590E-02 -0.190992E-02 +0.000000E+00 +0.197465E-02 +0.000000E+00 +0.000000E+00
 +0.148320E+01 -0.101630E+03 +0.119032E+03 -0.916400E+02 +0.903922E+01 +0.518458E+02 +0.000000E+00 +0.000000E+00 +0.208985E-02 -0.191291E-02 +0.000000E+00 +0.197014E-02 +0.000000E+00 +0.000000E+00
 +0.148320E+01 -0.101640E+03 +0.119288E+03 -0.917428E+02 +0.908988E+01 +0.517246E+02 +0.000000E+00 +0.000000E+00 +0.209376E-02 -0.191582E-02 +0.000000E+00 +0.196554E-02 +0.000000E+00 +0.000000E+00
 +0.148320E+01 -0.101650E+03 +0.119544E+03 -0.918449E+02 +0.914070E+01 +0.516031E+02 +0.000000E+00 +0.000000E+00 +0.209766E-02 -0.191873E-02 +0.000000E+00 +0.196092E-02 +0.000000E+00 +0.000000E+00
 +0.148320E+01 -0.101660E+03 +0.119799E+03 -0.919420E+02 +0.919265E+01 +0.514793E+02 +0.000000E+00 +0.000000E+00 +0.210151E-02 -0.192156E-02 +0.000000E+00 +0.195622E-02 +0.000000E+00 +0.000000E+00
 +0.148320E+01 -0.101670E+03 +0.120053E+03 -0.920384E+02 +0.924478E+01 +0.513553E+02 +0.000000E+00 +0.000000E+00 +0.210535E-02 -0.192438E-02 +0.000000E+00 +0.195150E-02 +0.000000E+00 +0.000000E+00
 +0.148320E+01 -0.101680E+03 +0.120306E+03 -0.921301E+02 +0.929796E+01 +0.512291E+02 +0.000000E+00 +0.000000E+00 +0.210915E-02 -0.192713E-02 +0.000000E+00 +0.194671E-02 +0.000000E+00 +0.000000E+00
 +0.148320E+01 -0.101690E+03 +0.120558E+03 -0.922210E+02 +0.935131E+01 +0.511026E+02 +0.000000E+00 +0.000000E+00 +0.211293E-02 -0.192987E-02 +0.000000E+00 +0.194190E-02 +0.000000E+00 +0.000000E+00
 +0.148320E+01 -0.101700E+03 +0.120809E+03 -0.923074E+02 +0.940564E+01 +0.509742E+02 +0.000000E+00 +0.000000E+00 +0.211667E-02 -0.193255E-02 +0.000000E+00 +0.193702E-02 +0.000000E+00 +0.000000E+00
 +0.148320E+01 -0.101710E+03 +0.121060E+03 -0.923928E+02 +0.946016E+01 +0.508454E+02 +0.000000E+00 +0.000000E+00 +0.212040E-02 -0.193521E-02 +0.000000E+00 +0.193212E-02 +0.000000E+00 +0.000000E+00
 +0.148320E+01 -0.101720E+03 +0.121309E+03 -0.924740E+02 +0.951557E+01 +0.507148E+02 +0.000000E+00 +0.000000E+00 +0.212408E-02 -0.193780E-02 +0.000000E+00 +0.192716E-02 +0.000000E+00 +0.000000E+00
 +0.148320E+01 -0.101730E+03 +0.121558E+03 -0.925542E+02 +0.957118E+01 +0.505839E+02 +0.000000E+00 +0.000000E+00 +0.212774E-02 -0.194038E-02 +0.000000E+00 +0.192219E-02 +0.000000E+00 +0.000000E+00
 +0.148320E+01 -0.101740E+03 +0.121805E+03 -0.926302E+02 +0.962762E+01 +0.504513E+02 +0.000000E+00 +0.000000E+00 +0.213137E-02 -0.194290E-02 +0.000000E+00 +0.191715E-02 +0.000000E+00 +0.000000E+00
 +0.148320E+01 -0.101750E+03 +0.122052E+03 -0.927053E+02 +0.968425E+01 +0.503183E+02 +0.000000E+00 +0.000000E+00 +0.213498E-02 -0.194540E-02 +0.000000E+00 +0.191210E-02 +0.000000E+00 +0.000000E+00
 +0.148320E+01 -0.101760E+03 +0.122297E+03 -0.927764E+02 +0.974165E+01 +0.501839E+02 +0.000000E+00 +0.000000E+00 +0.213854E-02 -0.194784E-02 +0.000000E+00 +0.190699E-02 +0.000000E+00 +0.000000E+00
 +0.148320E+01 -0.101770E+03 +0.122541E+03 -0.928465E+02 +0.979925E+01 +0.500490E+02 +0.000000E+00 +0.000000E+00 +0.214210E-02 -0.195027E-02 +0.000000E+00 +0.190186E-02 +0.000000E+00 +0.000000E+00
 +0.148320E+01 -0.101780E+03 +0.122784E+03 -0.929128E+02 +0.985756E+01 +0.499128E+02 +0.000000E+00 +0.000000E+00 +0.214561E-02 -0.195264E-02 +0.000000E+00 +0.189669E-02 +0.000000E+00 +0.000000E+00
 +0.148320E+01 -0.101790E+03 +0.123027E+03 -0.929781E+02 +0.991606E+01 +0.497762E+02 +0.000000E+00 +0.000000E+00 +0.214910E-02 -0.195499E-02 +0.000000E+00 +0.189149E-02 +0.000000E+00 +0.000000E+00
 +0.148320E+01 -0.101800E+03 +0.123268E+03 -0.930396E+02 +0.997521E+01 +0.496383E+02 +0.000000E+00 +0.000000E+00 +0.215255E-02 -0.195728E-02 +0.000000E+00 +0.188625E-02 +0.000000E+00 +0.000000E+00
 +0.148320E+01 -0.101810E+03 +0.123508E+03 -0.931001E+02 +0.100346E+02 +0.495000E+02 +0.000000E+00 +0.000000E+00 +0.215599E-02 -0.195956E-02 +0.000000E+00 +0.188100E-02 +0.000000E+00 +0.000000E+00
 +0.148320E+01 -0.101820E+03 +0.123747E+03 -0.931571E+02 +0.100945E+02 +0.493605E+02 +0.000000E+00 +0.000000E+00 +0.215939E-02 -0.196178E-02 +0.000000E+00 +0.187570E-02 +0.000000E+00 +0.000000E+00
 +0.148320E+01 -0.101830E+03 +0.123985E+03 -0.932130E+02 +0.101547E+02 +0.492207E+02 +0.000000E+00 +0.000000E+00 +0.216277E-02 -0.196399E-02 +0.000000E+00 +0.187039E-02 +0.000000E+00 +0.000000E+00
 +0.148320E+01 -0.101840E+03 +0.124221E+03 -0.932656E+02 +0.102154E+02 +0.490798E+02 +0.000000E+00 +0.000000E+00 +0.216611E-02 -0.196614E-02 +0.000000E+00 +0.186503E-02 +0.000000E+00 +0.000000E+00
 +0.148320E+01 -0.101850E+03 +0.124457E+03 -0.933169E+02 +0.102762E+02 +0.489386E+02 +0.000000E+00 +0.000000E+00 +0.216944E-02 -0.196827E-02 +0.000000E+00 +0.185967E-02 +0.000000E+00 +0.000000E+00
 +0.148320E+01 -0.101860E+03 +0.124691E+03 -0.933651E+02 +0.103376E+02 +0.487963E+02 +0.000000E+00 +0.000000E+00 +0.217272E-02 -0.197035E-02 +0.000000E+00 +0.185426E-02 +0.000000E+00 +0.000000E+00
 +0.148320E+01 -0.101870E+03 +0.124925E+03 -0.934121E+02 +0.103992E+02 +0.486538E+02 +0.000000E+00 +0.000000E+00 +0.217599E-02 -0.197242E-02 +0.000000E+00 +0.184884E-02 +0.000000E+00 +0.000000E+00
 +0.148320E+01 -0.101880E+03 +0.125157E+03 -0.934560E+02 +0.104613E+02 +0.485103E+02 +0.000000E+00 +0.000000E+00 +0.217922E-02 -0.197443E-02 +0.000000E+00 +0.184339E-02 +0.000000E+00 +0.000000E+00
 +0.148320E+01 -0.101890E+03 +0.125388E+03 -0.934988E+02 +0.105235E+02 +0.483665E+02 +0.000000E+00 +0.000000E+00 +0.218243E-02 -0.197642E-02 +0.000000E+00 +0.183793E-02 +0.000000E+00 +0.000000E+00
 +0.148320E+01 -0.101900E+03 +0.125618E+03 -0.935386E+02 +0.105861E+02 +0.482218E+02 +0.000000E+00 +0.000000E+00 +0.218560E-02 -0.197837E-02 +0.000000E+00 +0.183243E-02 +0.000000E+00 +0.000000E+00
 +0.148320E+01 -0.101910E+03 +0.125847E+03 -0.935772E+02 +0.106490E+02 +0.480769E+02 +0.000000E+00 +0.000000E+00 +0.218876E-02 -0.198030E-02 +0.000000E+00 +0.182692E-02 +0.000000E+00 +0.000000E+00
 +0.148320E+01 -0.101920E+03 +0.126074E+03 -0.936129E+02 +0.107122E+02 +0.479312E+02 +0.000000E+00 +0.000000E+00 +0.219188E-02 -0.198218E-02 +0.000000E+00 +0.182138E-02 +0.000000E+00 +0.000000E+00
 +0.148320E+01 -0.101930E+03 +0.126301E+03 -0.936475E+02 +0.107755E+02 +0.477852E+02 +0.000000E+00 +0.000000E+00 +0.219498E-02 -0.198404E-02 +0.000000E+00 +0.181584E-02 +0.000000E+00 +0.000000E+00
 +0.148320E+01 -0.101940E+03 +0.126526E+03 -0.936793E+02 +0.108393E+02 +0.476385E+02 +0.000000E+00 +0.000000E+00 +0.219804E-02 -0.198585E-02 +0.000000E+00 +0.181026E-02 +0.000000E+00 +0.000000E+00
 +0.148320E+01 -0.101950E+03 +0.126750E+03 -0.937099E+02 +0.109032E+02 +0.474916E+02 +0.000000E+00 +0.000000E+00 +0.220109E-02 -0.198765E-02 +0.000000E+00 +0.180468E-02 +0.000000E+00 +0.000000E+00
 +0.148320E+01 -0.101960E+03 +0.126972E+03 -0.937379E+02 +0.109674E+02 +0.473440E+02 +0.000000E+00 +0.000000E+00 +0.220410E-02 -0.198940E-02 +0.000000E+00 +0.179907E-02 +0.000000E+00 +0.000000E+00
 +0.148320E+01 -0.101970E+03 +0.127194E+03 -0.937647E+02 +0.110318E+02 +0.471962E+02 +0.000000E+00 +0.000000E+00 +0.220709E-02 -0.199113E-02 +0.000000E+00 +0.179345E-02 +0.000000E+00 +0.000000E+00
 +0.148320E+01 -0.101980E+03 +0.127414E+03 -0.937890E+02 +0.110964E+02 +0.470478E+02 +0.000000E+00 +0.000000E+00 +0.221004E-02 -0.199282E-02 +0.000000E+00 +0.178782E-02 +0.000000E+00 +0.000000E+00
 +0.148320E+01 -0.101990E+03 +0.127634E+03 -0.938120E+02 +0.111612E+02 +0.468992E+02 +0.000000E+00 +0.000000E+00 +0.221298E-02 -0.199449E-02 +0.000000E+00 +0.178217E-02 +0.000000E+00 +0.000000E+00
 +0.148320E+01 -0.102000E+03 +0.127852E+03 -0.938327E+02 +0.112263E+02 +0.467501E+02 +0.000000E+00 +0.000000E+00 +0.221588E-02 -0.199612E-02 +0.000000E+00 +0.177650E-02 +0.000000E+00 +0.000000E+00
 +0.148320E+01 -0.102010E+03 +0.128069E+03 -0.938521E+02 +0.112915E+02 +0.466008E+02 +0.000000E+00 +0.000000E+00 +0.221877E-02 -0.199773E-02 +0.000000E+00 +0.177083E-02 +0.000000E+00 +0.000000E+00
 +0.148320E+01 -0.102020E+03 +0.128284E+03 -0.938692E+02 +0.113569E+02 +0.464510E+02 +0.000000E+00 +0.000000E+00 +0.222162E-02 -0.199930E-02 +0.000000E+00 +0.176514E-02 +0.000000E+00 +0.000000E+00
 +0.148320E+01 -0.102030E+03 +0.128499E+03 -0.938850E+02 +0.114225E+02 +0.463010E+02 +0.000000E+00 +0.000000E+00 +0.222445E-02 -0.200084E-02 +0.000000E+00 +0.175944E-02 +0.000000E+00 +0.000000E+00
 +0.148320E+01 -0.102040E+03 +0.128712E+03 -0.938988E+02 +0.114883E+02 +0.461506E+02 +0.000000E+00 +0.000000E+00 +0.222725E-02 -0.200235E-02 +0.000000E+00 +0.175372E-02 +0.000000E+00 +0.000000E+00
 +0.148320E+01 -0.102050E+03 +0.128924E+03 -0.939111E+02 +0.115542E+02 +0.460001E+02 +0.000000E+00 +0.000000E+00 +0.223002E-02 -0.200384E-02 +0.000000E+00 +0.174800E-02 +0.000000E+00 +0.000000E+00
 +0.148320E+01 -0.102060E+03 +0.129135E+03 -0.939215E+02 +0.116203E+02 +0.458492E+02 +0.000000E+00 +0.000000E+00 +0.223277E-02 -0.200529E-02 +0.000000E+00 +0.174227E-02 +0.000000E+00 +0.000000E+00
 +0.148320E+01 -0.102070E+03 +0.129344E+03 -0.939305E+02 +0.116865E+02 +0.456980E+02 +0.000000E+00 +0.000000E+00 +0.223550E-02 -0.200672E-02 +0.000000E+00 +0.173653E-02 +0.000000E+00 +0.000000E+00
 +0.148320E+01 -0.102080E+03 +0.129552E+03 -0.939376E+02 +0.117529E+02 +0.455466E+02 +0.000000E+00 +0.000000E+00 +0.223819E-02 -0.200812E-02 +0.000000E+00 +0.173077E-02 +0.000000E+00 +0.000000E+00
 +0.148320E+01 -0.102090E+03 +0.129760E+03 -0.939433E+02 +0.118194E+02 +0.453950E+02 +0.000000E+00 +0.000000E+00 +0.224087E-02 -0.200949E-02 +0.000000E+00 +0.172501E-02 +0.000000E+00 +0.000000E+00
 +0.148320E+01 -0.102100E+03 +0.129965E+03 -0.939472E+02 +0.118860E+02 +0.452431E+02 +0.000000E+00 +0.000000E+00 +0.224351E-02 -0.201083E-02 +0.000000E+00 +0.171924E-02 +0.000000E+00 +0.000000E+00
 +0.148320E+01 -0.102110E+03 +0.130170E+03 -0.939497E+02 +0.119528E+02 +0.450910E+02 +0.000000E+00 +0.000000E+00 +0.224613E-02 -0.201215E-02 +0.000000E+00 +0.171346E-02 +0.000000E+00 +0.000000E+00
 +0.148320E+01 -0.102120E+03 +0.130374E+03 -0.939504E+02 +0.120197E+02 +0.449387E+02 +0.000000E+00 +0.000000E+00 +0.224873E-02 -0.201343E-02 +0.000000E+00 +0.170767E-02 +0.000000E+00 +0.000000E+00
 +0.148320E+01 -0.102130E+03 +0.130576E+03 -0.939498E+02 +0.120866E+02 +0.447861E+02 +0.000000E+00 +0.000000E+00 +0.225130E-02 -0.201469E-02 +0.000000E+00 +0.170187E-02 +0.000000E+00 +0.000000E+00
 +0.148320E+01 -0.102140E+03 +0.130777E+03 -0.939475E+02 +0.121537E+02 +0.446332E+02 +0.000000E+00 +0.000000E+00 +0.225384E-02 -0.201592E-02 +0.000000E+00 +0.169606E-02 +0.000000E+00 +0.000000E+00
 +0.148320E+01 -0.102150E+03 +0.130977E+03 -0.939437E+02 +0.122209E+02 +0.444801E+02 +0.000000E+00 +0.000000E+00 +0.225636E-02 -0.201713E-02 +0.000000E+00 +0.169025E-02 +0.000000E+00 +0.000000E+00
 +0.148320E+01 -0.102160E+03 +0.131175E+03 -0.939384E+02 +0.122882E+02 +0.443268E+02 +0.000000E+00 +0.000000E+00 +0.225886E-02 -0.201830E-02 +0.000000E+00 +0.168442E-02 +0.000000E+00 +0.000000E+00
 +0.148320E+01 -0.102170E+03 +0.131373E+03 -0.939316E+02 +0.123556E+02 +0.441731E+02 +0.000000E+00 +0.000000E+00 +0.226133E-02 -0.201946E-02 +0.000000E+00 +0.167858E-02 +0.000000E+00 +0.000000E+00
 +0.148320E+01 -0.102180E+03 +0.131569E+03 -0.939234E+02 +0.124231E+02 +0.440191E+02 +0.000000E+00 +0.000000E+00 +0.226378E-02 -0.202058E-02 +0.000000E+00 +0.167273E-02 +0.000000E+00 +0.000000E+00
 +0.148320E+01 -0.102190E+03 +0.131765E+03 -0.939140E+02 +0.124907E+02 +0.438652E+02 +0.000000E+00 +0.000000E+00 +0.226620E-02 -0.202169E-02 +0.000000E+00 +0.166688E-02 +0.000000E+00 +0.000000E+00
 +0.148320E+01 -0.102200E+03 +0.131959E+03 -0.939032E+02 +0.125584E+02 +0.437113E+02 +0.000000E+00 +0.000000E+00 +0.226861E-02 -0.202277E-02 +0.000000E+00 +0.166103E-02 +0.000000E+00 +0.000000E+00
 +0.148320E+01 -0.102210E+03 +0.132158E+03 -0.938963E+02 +0.126263E+02 +0.435335E+02 +0.000000E+00 +0.000000E+00 +0.227110E-02 -0.202393E-02 +0.000000E+00 +0.165427E-02 +0.000000E+00 +0.000000E+00
 +0.148320E+01 -0.102220E+03 +0.132362E+03 -0.938931E+02 +0.126946E+02 +0.433325E+02 +0.000000E+00 +0.000000E+00 +0.227367E-02 -0.202517E-02 +0.000000E+00 +0.164663E-02 +0.000000E+00 +0.000000E+00
 +0.148320E+01 -0.102230E+03 +0.132554E+03 -0.938745E+02 +0.127643E+02 +0.431825E+02 +0.000000E+00 +0.000000E+00 +0.227601E-02 -0.202614E-02 +0.000000E+00 +0.164094E-02 +0.000000E+00 +0.000000E+00
 +0.148320E+01 -0.102240E+03 +0.132736E+03 -0.938433E+02 +0.128346E+02 +0.430786E+02 +0.000000E+00 +0.000000E+00 +0.227813E-02 -0.202688E-02 +0.000000E+00 +0.163699E-02 +0.000000E+00 +0.000000E+00
 +0.148320E+01 -0.102250E+03 +0.132905E+03 -0.938495E+02 +0.128884E+02 +0.429411E+02 +0.000000E+00 +0.000000E+00 +0.228032E-02 -0.202802E-02 +0.000000E+00 +0.163176E-02 +0.000000E+00 +0.000000E+00
 +0.148320E+01 -0.102260E+03 +0.133087E+03 -0.938400E+02 +0.129515E+02 +0.427780E+02 +0.000000E+00 +0.000000E+00 +0.228257E-02 -0.202904E-02 +0.000000E+00 +0.162556E-02 +0.000000E+00 +0.000000E+00
 +0.148320E+01 -0.102270E+03 +0.133258E+03 -0.938114E+02 +0.130175E+02 +0.426283E+02 +0.000000E+00 +0.000000E+00 +0.228457E-02 -0.202975E-02 +0.000000E+00 +0.161988E-02 +0.000000E+00 +0.000000E+00
 +0.148320E+01 -0.102280E+03 +0.133427E+03 -0.937658E+02 +0.130883E+02 +0.424820E+02 +0.000000E+00 +0.000000E+00 +0.228644E-02 -0.203023E-02 +0.000000E+00 +0.161431E-02 +0.000000E+00 +0.000000E+00
 +0.148320E+01 -0.102290E+03 +0.133625E+03 -0.937249E+02 +0.131672E+02 +0.423283E+02 +0.000000E+00 +0.000000E+00 +0.228871E-02 -0.203095E-02 +0.000000E+00 +0.160848E-02 +0.000000E+00 +0.000000E+00
 +0.148320E+01 -0.102300E+03 +0.133829E+03 -0.936982E+02 +0.132433E+02 +0.421599E+02 +0.000000E+00 +0.000000E+00 +0.229113E-02 -0.203189E-02 +0.000000E+00 +0.160208E-02 +0.000000E+00 +0.000000E+00
 +0.148320E+01 -0.102310E+03 +0.134006E+03 -0.936925E+02 +0.133035E+02 +0.420016E+02 +0.000000E+00 +0.000000E+00 +0.229335E-02 -0.203292E-02 +0.000000E+00 +0.159606E-02 +0.000000E+00 +0.000000E+00
 +0.148320E+01 -0.102320E+03 +0.134163E+03 -0.937023E+02 +0.133520E+02 +0.418509E+02 +0.000000E+00 +0.000000E+00 +0.229541E-02 -0.203403E-02 +0.000000E+00 +0.159034E-02 +0.000000E+00 +0.000000E+00
 +0.148320E+01 -0.102330E+03 +0.134322E+03 -0.937044E+02 +0.134037E+02 +0.416934E+02 +0.000000E+00 +0.000000E+00 +0.229744E-02 -0.203505E-02 +0.000000E+00 +0.158435E-02 +0.000000E+00 +0.000000E+00
 +0.148320E+01 -0.102340E+03 +0.134492E+03 -0.936901E+02 +0.134646E+02 +0.415363E+02 +0.000000E+00 +0.000000E+00 +0.229952E-02 -0.203594E-02 +0.000000E+00 +0.157838E-02 +0.000000E+00 +0.000000E+00
 +0.148320E+01 -0.102350E+03 +0.134671E+03 -0.936655E+02 +0.135319E+02 +0.413847E+02 +0.000000E+00 +0.000000E+00 +0.230165E-02 -0.203675E-02 +0.000000E+00 +0.157262E-02 +0.000000E+00 +0.000000E+00
 +0.148320E+01 -0.102360E+03 +0.134851E+03 -0.936409E+02 +0.135992E+02 +0.412330E+02 +0.000000E+00 +0.000000E+00 +0.230378E-02 -0.203756E-02 +0.000000E+00 +0.156685E-02 +0.000000E+00 +0.000000E+00
 +0.148320E+01 -0.102370E+03 +0.135031E+03 -0.936054E+02 +0.136706E+02 +0.410819E+02 +0.000000E+00 +0.000000E+00 +0.230586E-02 -0.203824E-02 +0.000000E+00 +0.156111E-02 +0.000000E+00 +0.000000E+00
 +0.148320E+01 -0.102380E+03 +0.135196E+03 -0.935614E+02 +0.137395E+02 +0.409362E+02 +0.000000E+00 +0.000000E+00 +0.230768E-02 -0.203872E-02 +0.000000E+00 +0.155558E-02 +0.000000E+00 +0.000000E+00
 +0.148320E+01 -0.102390E+03 +0.135356E+03 -0.935217E+02 +0.138052E+02 +0.407916E+02 +0.000000E+00 +0.000000E+00 +0.230946E-02 -0.203921E-02 +0.000000E+00 +0.155008E-02 +0.000000E+00 +0.000000E+00
 +0.148320E+01 -0.102400E+03 +0.135522E+03 -0.934758E+02 +0.138754E+02 +0.406461E+02 +0.000000E+00 +0.000000E+00 +0.231129E-02 -0.203967E-02 +0.000000E+00 +0.154455E-02 +0.000000E+00 +0.000000E+00
 +0.148320E+01 -0.102410E+03 +0.135696E+03 -0.934357E+02 +0.139459E+02 +0.404962E+02 +0.000000E+00 +0.000000E+00 +0.231325E-02 -0.204025E-02 +0.000000E+00 +0.153885E-02 +0.000000E+00 +0.000000E+00
 +0.148320E+01 -0.102420E+03 +0.135880E+03 -0.933783E+02 +0.140257E+02 +0.403284E+02 +0.000000E+00 +0.000000E+00 +0.231524E-02 -0.204068E-02 +0.000000E+00 +0.153248E-02 +0.000000E+00 +0.000000E+00
 +0.148320E+01 -0.102430E+03 +0.136065E+03 -0.933210E+02 +0.141054E+02 +0.401606E+02 +0.000000E+00 +0.000000E+00 +0.231723E-02 -0.204110E-02 +0.000000E+00 +0.152610E-02 +0.000000E+00 +0.000000E+00
 +0.148320E+01 -0.102440E+03 +0.136249E+03 -0.932636E+02 +0.141852E+02 +0.399929E+02 +0.000000E+00 +0.000000E+00 +0.231921E-02 -0.204153E-02 +0.000000E+00 +0.151973E-02 +0.000000E+00 +0.000000E+00
 +0.148320E+01 -0.102450E+03 +0.136408E+03 -0.932233E+02 +0.142510E+02 +0.398458E+02 +0.000000E+00 +0.000000E+00 +0.232098E-02 -0.204201E-02 +0.000000E+00 +0.151414E-02 +0.000000E+00 +0.000000E+00
 +0.148320E+01 -0.102460E+03 +0.136577E+03 -0.931663E+02 +0.143255E+02 +0.397031E+02 +0.000000E+00 +0.000000E+00 +0.232277E-02 -0.204234E-02 +0.000000E+00 +0.150872E-02 +0.000000E+00 +0.000000E+00
 +0.148320E+01 -0.102470E+03 +0.136751E+03 -0.931014E+02 +0.144045E+02 +0.395604E+02 +0.000000E+00 +0.000000E+00 +0.232459E-02 -0.204261E-02 +0.000000E+00 +0.150330E-02 +0.000000E+00 +0.000000E+00
 +0.148320E+01 -0.102480E+03 +0.136926E+03 -0.930365E+02 +0.144834E+02 +0.394178E+02 +0.000000E+00 +0.000000E+00 +0.232640E-02 -0.204288E-02 +0.000000E+00 +0.149787E-02 +0.000000E+00 +0.000000E+00
 +0.148320E+01 -0.102490E+03 +0.137105E+03 -0.929787E+02 +0.145615E+02 +0.392748E+02 +0.000000E+00 +0.000000E+00 +0.232832E-02 -0.204326E-02 +0.000000E+00 +0.149244E-02 +0.000000E+00 +0.000000E+00
 +0.148320E+01 -0.102500E+03 +0.137287E+03 -0.929271E+02 +0.146388E+02 +0.391316E+02 +0.000000E+00 +0.000000E+00 +0.233032E-02 -0.204375E-02 +0.000000E+00 +0.148700E-02 +0.000000E+00 +0.000000E+00
 +0.148320E+01 -0.102510E+03 +0.137470E+03 -0.928756E+02 +0.147161E+02 +0.389883E+02 +0.000000E+00 +0.000000E+00 +0.233232E-02 -0.204424E-02 +0.000000E+00 +0.148156E-02 +0.000000E+00 +0.000000E+00
 +0.148320E+01 -0.102520E+03 +0.137638E+03 -0.928316E+02 +0.147863E+02 +0.388374E+02 +0.000000E+00 +0.000000E+00 +0.233419E-02 -0.204474E-02 +0.000000E+00 +0.147582E-02 +0.000000E+00 +0.000000E+00
 +0.148320E+01 -0.102530E+03 +0.137796E+03 -0.927938E+02 +0.148506E+02 +0.386801E+02 +0.000000E+00 +0.000000E+00 +0.233595E-02 -0.204524E-02 +0.000000E+00 +0.146984E-02 +0.000000E+00 +0.000000E+00
 +0.148320E+01 -0.102540E+03 +0.137963E+03 -0.927481E+02 +0.149209E+02 +0.385304E+02 +0.000000E+00 +0.000000E+00 +0.233780E-02 -0.204571E-02 +0.000000E+00 +0.146416E-02 +0.000000E+00 +0.000000E+00
 +0.148320E+01 -0.102550E+03 +0.138132E+03 -0.927008E+02 +0.149925E+02 +0.383824E+02 +0.000000E+00 +0.000000E+00 +0.233966E-02 -0.204617E-02 +0.000000E+00 +0.145853E-02 +0.000000E+00 +0.000000E+00
 +0.148320E+01 -0.102560E+03 +0.138302E+03 -0.926535E+02 +0.150641E+02 +0.382344E+02 +0.000000E+00 +0.000000E+00 +0.234152E-02 -0.204663E-02 +0.000000E+00 +0.145291E-02 +0.000000E+00 +0.000000E+00
 +0.148320E+01 -0.102570E+03 +0.138441E+03 -0.926388E+02 +0.151146E+02 +0.380863E+02 +0.000000E+00 +0.000000E+00 +0.234319E-02 -0.204731E-02 +0.000000E+00 +0.144728E-02 +0.000000E+00 +0.000000E+00
 +0.148320E+01 -0.102580E+03 +0.138589E+03 -0.925876E+02 +0.151803E+02 +0.379391E+02 +0.000000E+00 +0.000000E+00 +0.234476E-02 -0.204759E-02 +0.000000E+00 +0.144168E-02 +0.000000E+00 +0.000000E+00
 +0.148320E+01 -0.102590E+03 +0.138742E+03 -0.925210E+02 +0.152528E+02 +0.377922E+02 +0.000000E+00 +0.000000E+00 +0.234629E-02 -0.204770E-02 +0.000000E+00 +0.143611E-02 +0.000000E+00 +0.000000E+00
 +0.148320E+01 -0.102600E+03 +0.138893E+03 -0.924551E+02 +0.153246E+02 +0.376450E+02 +0.000000E+00 +0.000000E+00 +0.234780E-02 -0.204781E-02 +0.000000E+00 +0.143051E-02 +0.000000E+00 +0.000000E+00
 +0.148320E+01 -0.102610E+03 +0.139034E+03 -0.923953E+02 +0.153909E+02 +0.374948E+02 +0.000000E+00 +0.000000E+00 +0.234923E-02 -0.204794E-02 +0.000000E+00 +0.142480E-02 +0.000000E+00 +0.000000E+00
 +0.148320E+01 -0.102620E+03 +0.139176E+03 -0.923356E+02 +0.154572E+02 +0.373446E+02 +0.000000E+00 +0.000000E+00 +0.235065E-02 -0.204806E-02 +0.000000E+00 +0.141910E-02 +0.000000E+00 +0.000000E+00
 +0.148320E+01 -0.102630E+03 +0.139318E+03 -0.922665E+02 +0.155270E+02 +0.372049E+02 +0.000000E+00 +0.000000E+00 +0.235203E-02 -0.204808E-02 +0.000000E+00 +0.141378E-02 +0.000000E+00 +0.000000E+00
 +0.148320E+01 -0.102640E+03 +0.139452E+03 -0.922133E+02 +0.155888E+02 +0.370807E+02 +0.000000E+00 +0.000000E+00 +0.235340E-02 -0.204824E-02 +0.000000E+00 +0.140907E-02 +0.000000E+00 +0.000000E+00
 +0.148320E+01 -0.102650E+03 +0.139569E+03 -0.921779E+02 +0.156390E+02 +0.369460E+02 +0.000000E+00 +0.000000E+00 +0.235467E-02 -0.204852E-02 +0.000000E+00 +0.140395E-02 +0.000000E+00 +0.000000E+00
 +0.148320E+01 -0.102660E+03 +0.139686E+03 -0.921426E+02 +0.156892E+02 +0.368113E+02 +0.000000E+00 +0.000000E+00 +0.235593E-02 -0.204880E-02 +0.000000E+00 +0.139883E-02 +0.000000E+00 +0.000000E+00
 +0.148320E+01 -0.102670E+03 +0.139802E+03 -0.921072E+02 +0.157393E+02 +0.366766E+02 +0.000000E+00 +0.000000E+00 +0.235719E-02 -0.204908E-02 +0.000000E+00 +0.139371E-02 +0.000000E+00 +0.000000E+00
 +0.148320E+01 -0.102680E+03 +0.139919E+03 -0.920719E+02 +0.157895E+02 +0.365419E+02 +0.000000E+00 +0.000000E+00 +0.235846E-02 -0.204937E-02 +0.000000E+00 +0.138859E-02 +0.000000E+00 +0.000000E+00
 +0.148320E+01 -0.102690E+03 +0.140049E+03 -0.920208E+02 +0.158493E+02 +0.364087E+02 +0.000000E+00 +0.000000E+00 +0.235979E-02 -0.204953E-02 +0.000000E+00 +0.138353E-02 +0.000000E+00 +0.000000E+00
 +0.148320E+01 -0.102700E+03 +0.140192E+03 -0.919544E+02 +0.159185E+02 +0.362768E+02 +0.000000E+00 +0.000000E+00 +0.236120E-02 -0.204958E-02 +0.000000E+00 +0.137852E-02 +0.000000E+00 +0.000000E+00
 +0.148320E+01 -0.102710E+03 +0.140335E+03 -0.918879E+02 +0.159877E+02 +0.361450E+02 +0.000000E+00 +0.000000E+00 +0.236261E-02 -0.204964E-02 +0.000000E+00 +0.137351E-02 +0.000000E+00 +0.000000E+00
 +0.148320E+01 -0.102720E+03 +0.140478E+03 -0.918217E+02 +0.160567E+02 +0.360128E+02 +0.000000E+00 +0.000000E+00 +0.236401E-02 -0.204969E-02 +0.000000E+00 +0.136849E-02 +0.000000E+00 +0.000000E+00
 +0.148320E+01 -0.102730E+03 +0.140599E+03 -0.917727E+02 +0.161126E+02 +0.358641E+02 +0.000000E+00 +0.000000E+00 +0.236524E-02 -0.204982E-02 +0.000000E+00 +0.136284E-02 +0.000000E+00 +0.000000E+00
 +0.148320E+01 -0.102740E+03 +0.140719E+03 -0.917238E+02 +0.161685E+02 +0.357155E+02 +0.000000E+00 +0.000000E+00 +0.236646E-02 -0.204995E-02 +0.000000E+00 +0.135719E-02 +0.000000E+00 +0.000000E+00
 +0.148320E+01 -0.102750E+03 +0.140843E+03 -0.916652E+02 +0.162288E+02 +0.355663E+02 +0.000000E+00 +0.000000E+00 +0.236768E-02 -0.204999E-02 +0.000000E+00 +0.135152E-02 +0.000000E+00 +0.000000E+00
 +0.148320E+01 -0.102760E+03 +0.140974E+03 -0.915903E+02 +0.162966E+02 +0.354163E+02 +0.000000E+00 +0.000000E+00 +0.236887E-02 -0.204985E-02 +0.000000E+00 +0.134582E-02 +0.000000E+00 +0.000000E+00
 +0.148320E+01 -0.102770E+03 +0.141104E+03 -0.915155E+02 +0.163643E+02 +0.352664E+02 +0.000000E+00 +0.000000E+00 +0.237006E-02 -0.204972E-02 +0.000000E+00 +0.134012E-02 +0.000000E+00 +0.000000E+00
 +0.148320E+01 -0.102780E+03 +0.141234E+03 -0.914533E+02 +0.164277E+02 +0.351064E+02 +0.000000E+00 +0.000000E+00 +0.237132E-02 -0.204974E-02 +0.000000E+00 +0.133404E-02 +0.000000E+00 +0.000000E+00
 +0.148320E+01 -0.102790E+03 +0.141364E+03 -0.913960E+02 +0.164894E+02 +0.349425E+02 +0.000000E+00 +0.000000E+00 +0.237261E-02 -0.204982E-02 +0.000000E+00 +0.132781E-02 +0.000000E+00 +0.000000E+00
 +0.148320E+01 -0.102800E+03 +0.141493E+03 -0.913388E+02 +0.165510E+02 +0.347786E+02 +0.000000E+00 +0.000000E+00 +0.237391E-02 -0.204991E-02 +0.000000E+00 +0.132159E-02 +0.000000E+00 +0.000000E+00
 +0.148320E+01 -0.102810E+03 +0.141623E+03 -0.912815E+02 +0.166127E+02 +0.346147E+02 +0.000000E+00 +0.000000E+00 +0.237520E-02 -0.204999E-02 +0.000000E+00 +0.131536E-02 +0.000000E+00 +0.000000E+00
 +0.148320E+01 -0.102820E+03 +0.141753E+03 -0.912243E+02 +0.166744E+02 +0.344508E+02 +0.000000E+00 +0.000000E+00 +0.237649E-02 -0.205007E-02 +0.000000E+00 +0.130913E-02 +0.000000E+00 +0.000000E+00
 +0.148320E+01 -0.102830E+03 +0.141877E+03 -0.911637E+02 +0.167353E+02 +0.342976E+02 +0.000000E+00 +0.000000E+00 +0.237769E-02 -0.205008E-02 +0.000000E+00 +0.130331E-02 +0.000000E+00 +0.000000E+00
 +0.148320E+01 -0.102840E+03 +0.141992E+03 -0.910978E+02 +0.167949E+02 +0.341618E+02 +0.000000E+00 +0.000000E+00 +0.237874E-02 -0.204996E-02 +0.000000E+00 +0.129815E-02 +0.000000E+00 +0.000000E+00
 +0.148320E+01 -0.102850E+03 +0.142106E+03 -0.910319E+02 +0.168546E+02 +0.340260E+02 +0.000000E+00 +0.000000E+00 +0.237978E-02 -0.204984E-02 +0.000000E+00 +0.129299E-02 +0.000000E+00 +0.000000E+00
 +0.148320E+01 -0.102860E+03 +0.142221E+03 -0.909660E+02 +0.169142E+02 +0.338903E+02 +0.000000E+00 +0.000000E+00 +0.238083E-02 -0.204972E-02 +0.000000E+00 +0.128783E-02 +0.000000E+00 +0.000000E+00
 +0.148320E+01 -0.102870E+03 +0.142336E+03 -0.909001E+02 +0.169738E+02 +0.337545E+02 +0.000000E+00 +0.000000E+00 +0.238188E-02 -0.204960E-02 +0.000000E+00 +0.128267E-02 +0.000000E+00 +0.000000E+00
 +0.148320E+01 -0.102880E+03 +0.142451E+03 -0.908342E+02 +0.170334E+02 +0.336188E+02 +0.000000E+00 +0.000000E+00 +0.238293E-02 -0.204948E-02 +0.000000E+00 +0.127751E-02 +0.000000E+00 +0.000000E+00
 +0.148320E+01 -0.102890E+03 +0.142566E+03 -0.907654E+02 +0.170943E+02 +0.334815E+02 +0.000000E+00 +0.000000E+00 +0.238397E-02 -0.204934E-02 +0.000000E+00 +0.127230E-02 +0.000000E+00 +0.000000E+00
 +0.148320E+01 -0.102900E+03 +0.142688E+03 -0.906820E+02 +0.171620E+02 +0.333365E+02 +0.000000E+00 +0.000000E+00 +0.238499E-02 -0.204903E-02 +0.000000E+00 +0.126679E-02 +0.000000E+00 +0.000000E+00
 +0.148320E+01 -0.102910E+03 +0.142809E+03 -0.905985E+02 +0.172296E+02 +0.331915E+02 +0.000000E+00 +0.000000E+00 +0.238602E-02 -0.204873E-02 +0.000000E+00 +0.126128E-02 +0.000000E+00 +0.000000E+00
 +0.148320E+01 -0.102920E+03 +0.142906E+03 -0.905310E+02 +0.172838E+02 +0.330497E+02 +0.000000E+00 +0.000000E+00 +0.238682E-02 -0.204848E-02 +0.000000E+00 +0.125589E-02 +0.000000E+00 +0.000000E+00
 +0.148320E+01 -0.102930E+03 +0.142997E+03 -0.904674E+02 +0.173347E+02 +0.329088E+02 +0.000000E+00 +0.000000E+00 +0.238758E-02 -0.204824E-02 +0.000000E+00 +0.125053E-02 +0.000000E+00 +0.000000E+00
 +0.148320E+01 -0.102940E+03 +0.143104E+03 -0.903986E+02 +0.173926E+02 +0.327693E+02 +0.000000E+00 +0.000000E+00 +0.238851E-02 -0.204803E-02 +0.000000E+00 +0.124523E-02 +0.000000E+00 +0.000000E+00
 +0.148320E+01 -0.102950E+03 +0.143221E+03 -0.903264E+02 +0.174553E+02 +0.326308E+02 +0.000000E+00 +0.000000E+00 +0.238955E-02 -0.204785E-02 +0.000000E+00 +0.123997E-02 +0.000000E+00 +0.000000E+00
 +0.148320E+01 -0.102960E+03 +0.143339E+03 -0.902541E+02 +0.175179E+02 +0.324923E+02 +0.000000E+00 +0.000000E+00 +0.239059E-02 -0.204767E-02 +0.000000E+00 +0.123471E-02 +0.000000E+00 +0.000000E+00
 +0.148320E+01 -0.102970E+03 +0.143456E+03 -0.901819E+02 +0.175805E+02 +0.323539E+02 +0.000000E+00 +0.000000E+00 +0.239164E-02 -0.204749E-02 +0.000000E+00 +0.122945E-02 +0.000000E+00 +0.000000E+00
 +0.148320E+01 -0.102980E+03 +0.143574E+03 -0.901096E+02 +0.176432E+02 +0.322154E+02 +0.000000E+00 +0.000000E+00 +0.239268E-02 -0.204730E-02 +0.000000E+00 +0.122418E-02 +0.000000E+00 +0.000000E+00
 +0.148320E+01 -0.102990E+03 +0.143691E+03 -0.900374E+02 +0.177058E+02 +0.320769E+02 +0.000000E+00 +0.000000E+00 +0.239373E-02 -0.204712E-02 +0.000000E+00 +0.121892E-02 +0.000000E+00 +0.000000E+00
 +0.148320E+01 -0.103000E+03 +0.143810E+03 -0.899621E+02 +0.177698E+02 +0.319383E+02 +0.000000E+00 +0.000000E+00 +0.239476E-02 -0.204691E-02 +0.000000E+00 +0.121366E-02 +0.000000E+00 +0.000000E+00
 +0.148320E+01 -0.103010E+03 +0.143933E+03 -0.898719E+02 +0.178403E+02 +0.317995E+02 +0.000000E+00 +0.000000E+00 +0.239577E-02 -0.204653E-02 +0.000000E+00 +0.120838E-02 +0.000000E+00 +0.000000E+00
 +0.148320E+01 -0.103020E+03 +0.144057E+03 -0.897817E+02 +0.179108E+02 +0.316607E+02 +0.000000E+00 +0.000000E+00 +0.239678E-02 -0.204616E-02 +0.000000E+00 +0.120311E-02 +0.000000E+00 +0.000000E+00
 +0.148320E+01 -0.103030E+03 +0.144180E+03 -0.896916E+02 +0.179813E+02 +0.315219E+02 +0.000000E+00 +0.000000E+00 +0.239778E-02 -0.204578E-02 +0.000000E+00 +0.119783E-02 +0.000000E+00 +0.000000E+00
 +0.148320E+01 -0.103040E+03 +0.144304E+03 -0.896014E+02 +0.180518E+02 +0.313830E+02 +0.000000E+00 +0.000000E+00 +0.239879E-02 -0.204541E-02 +0.000000E+00 +0.119255E-02 +0.000000E+00 +0.000000E+00
 +0.148320E+01 -0.103050E+03 +0.144427E+03 -0.895112E+02 +0.181223E+02 +0.312442E+02 +0.000000E+00 +0.000000E+00 +0.239979E-02 -0.204504E-02 +0.000000E+00 +0.118728E-02 +0.000000E+00 +0.000000E+00
 +0.148320E+01 -0.103060E+03 +0.144539E+03 -0.893869E+02 +0.182002E+02 +0.311187E+02 +0.000000E+00 +0.000000E+00 +0.240044E-02 -0.204416E-02 +0.000000E+00 +0.118251E-02 +0.000000E+00 +0.000000E+00
 +0.148320E+01 -0.103070E+03 +0.144649E+03 -0.892568E+02 +0.182795E+02 +0.309954E+02 +0.000000E+00 +0.000000E+00 +0.240102E-02 -0.204319E-02 +0.000000E+00 +0.117783E-02 +0.000000E+00 +0.000000E+00
 +0.148320E+01 -0.103080E+03 +0.144759E+03 -0.891268E+02 +0.183587E+02 +0.308721E+02 +0.000000E+00 +0.000000E+00 +0.240161E-02 -0.204222E-02 +0.000000E+00 +0.117314E-02 +0.000000E+00 +0.000000E+00
 +0.148320E+01 -0.103090E+03 +0.144850E+03 -0.890481E+02 +0.184147E+02 +0.307535E+02 +0.000000E+00 +0.000000E+00 +0.240227E-02 -0.204179E-02 +0.000000E+00 +0.116863E-02 +0.000000E+00 +0.000000E+00
 +0.148320E+01 -0.103100E+03 +0.144938E+03 -0.889792E+02 +0.184662E+02 +0.306357E+02 +0.000000E+00 +0.000000E+00 +0.240295E-02 -0.204146E-02 +0.000000E+00 +0.116415E-02 +0.000000E+00 +0.000000E+00
 +0.148320E+01 -0.103110E+03 +0.145025E+03 -0.889104E+02 +0.185178E+02 +0.305179E+02 +0.000000E+00 +0.000000E+00 +0.240364E-02 -0.204114E-02 +0.000000E+00 +0.115968E-02 +0.000000E+00 +0.000000E+00
 +0.148320E+01 -0.103120E+03 +0.145112E+03 -0.888415E+02 +0.185694E+02 +0.304001E+02 +0.000000E+00 +0.000000E+00 +0.240432E-02 -0.204081E-02 +0.000000E+00 +0.115520E-02 +0.000000E+00 +0.000000E+00
 +0.148320E+01 -0.103130E+03 +0.145200E+03 -0.887727E+02 +0.186209E+02 +0.302823E+02 +0.000000E+00 +0.000000E+00 +0.240500E-02 -0.204048E-02 +0.000000E+00 +0.115073E-02 +0.000000E+00 +0.000000E+00
 +0.148320E+01 -0.103140E+03 +0.145287E+03 -0.887038E+02 +0.186725E+02 +0.301645E+02 +0.000000E+00 +0.000000E+00 +0.240568E-02 -0.204015E-02 +0.000000E+00 +0.114625E-02 +0.000000E+00 +0.000000E+00
 +0.148320E+01 -0.103150E+03 +0.145375E+03 -0.886350E+02 +0.187241E+02 +0.300467E+02 +0.000000E+00 +0.000000E+00 +0.240636E-02 -0.203982E-02 +0.000000E+00 +0.114177E-02 +0.000000E+00 +0.000000E+00
 +0.148320E+01 -0.103160E+03 +0.145462E+03 -0.885661E+02 +0.187756E+02 +0.299289E+02 +0.000000E+00 +0.000000E+00 +0.240704E-02 -0.203949E-02 +0.000000E+00 +0.113730E-02 +0.000000E+00 +0.000000E+00
 +0.148320E+01 -0.103170E+03 +0.145570E+03 -0.884899E+02 +0.188365E+02 +0.297963E+02 +0.000000E+00 +0.000000E+00 +0.240794E-02 -0.203920E-02 +0.000000E+00 +0.113226E-02 +0.000000E+00 +0.000000E+00
 +0.148320E+01 -0.103180E+03 +0.145708E+03 -0.884033E+02 +0.189106E+02 +0.296431E+02 +0.000000E+00 +0.000000E+00 +0.240915E-02 -0.203896E-02 +0.000000E+00 +0.112644E-02 +0.000000E+00 +0.000000E+00
 +0.148320E+01 -0.103190E+03 +0.145846E+03 -0.883167E+02 +0.189846E+02 +0.294898E+02 +0.000000E+00 +0.000000E+00 +0.241036E-02 -0.203873E-02 +0.000000E+00 +0.112061E-02 +0.000000E+00 +0.000000E+00
 +0.148320E+01 -0.103200E+03 +0.145954E+03 -0.882372E+02 +0.190465E+02 +0.293589E+02 +0.000000E+00 +0.000000E+00 +0.241124E-02 -0.203839E-02 +0.000000E+00 +0.111564E-02 +0.000000E+00 +0.000000E+00
 +0.148320E+01 -0.103210E+03 +0.146044E+03 -0.881618E+02 +0.191013E+02 +0.292409E+02 +0.000000E+00 +0.000000E+00 +0.241192E-02 -0.203800E-02 +0.000000E+00 +0.111115E-02 +0.000000E+00 +0.000000E+00
 +0.148320E+01 -0.103220E+03 +0.146135E+03 -0.880864E+02 +0.191561E+02 +0.291229E+02 +0.000000E+00 +0.000000E+00 +0.241260E-02 -0.203761E-02 +0.000000E+00 +0.110667E-02 +0.000000E+00 +0.000000E+00
 +0.148320E+01 -0.103230E+03 +0.146226E+03 -0.880110E+02 +0.192109E+02 +0.290048E+02 +0.000000E+00 +0.000000E+00 +0.241328E-02 -0.203722E-02 +0.000000E+00 +0.110218E-02 +0.000000E+00 +0.000000E+00
 +0.148320E+01 -0.103240E+03 +0.146316E+03 -0.879357E+02 +0.192656E+02 +0.288868E+02 +0.000000E+00 +0.000000E+00 +0.241396E-02 -0.203682E-02 +0.000000E+00 +0.109770E-02 +0.000000E+00 +0.000000E+00
 +0.148320E+01 -0.103250E+03 +0.146407E+03 -0.878603E+02 +0.193204E+02 +0.287688E+02 +0.000000E+00 +0.000000E+00 +0.241465E-02 -0.203643E-02 +0.000000E+00 +0.109321E-02 +0.000000E+00 +0.000000E+00
 +0.148320E+01 -0.103260E+03 +0.146498E+03 -0.877849E+02 +0.193752E+02 +0.286507E+02 +0.000000E+00 +0.000000E+00 +0.241533E-02 -0.203604E-02 +0.000000E+00 +0.108873E-02 +0.000000E+00 +0.000000E+00
 +0.148320E+01 -0.103270E+03 +0.146588E+03 -0.877095E+02 +0.194300E+02 +0.285327E+02 +0.000000E+00 +0.000000E+00 +0.241601E-02 -0.203565E-02 +0.000000E+00 +0.108424E-02 +0.000000E+00 +0.000000E+00
 +0.148320E+01 -0.103280E+03 +0.146679E+03 -0.876341E+02 +0.194848E+02 +0.284147E+02 +0.000000E+00 +0.000000E+00 +0.241669E-02 -0.203526E-02 +0.000000E+00 +0.107976E-02 +0.000000E+00 +0.000000E+00
 +0.148320E+01 -0.103290E+03 +0.146770E+03 -0.875603E+02 +0.195391E+02 +0.282958E+02 +0.000000E+00 +0.000000E+00 +0.241738E-02 -0.203489E-02 +0.000000E+00 +0.107524E-02 +0.000000E+00 +0.000000E+00
 +0.148320E+01 -0.103300E+03 +0.146861E+03 -0.874966E+02 +0.195903E+02 +0.281712E+02 +0.000000E+00 +0.000000E+00 +0.241815E-02 -0.203465E-02 +0.000000E+00 +0.107050E-02 +0.000000E+00 +0.000000E+00
 +0.148320E+01 -0.103310E+03 +0.146953E+03 -0.874329E+02 +0.196416E+02 +0.280466E+02 +0.000000E+00 +0.000000E+00 +0.241891E-02 -0.203442E-02 +0.000000E+00 +0.106577E-02 +0.000000E+00 +0.000000E+00
 +0.148320E+01 -0.103320E+03 +0.147044E+03 -0.873692E+02 +0.196928E+02 +0.279220E+02 +0.000000E+00 +0.000000E+00 +0.241968E-02 -0.203418E-02 +0.000000E+00 +0.106104E-02 +0.000000E+00 +0.000000E+00
 +0.148320E+01 -0.103330E+03 +0.147136E+03 -0.873055E+02 +0.197440E+02 +0.277974E+02 +0.000000E+00 +0.000000E+00 +0.242044E-02 -0.203394E-02 +0.000000E+00 +0.105630E-02 +0.000000E+00 +0.000000E+00
 +0.148320E+01 -0.103340E+03 +0.147227E+03 -0.872418E+02 +0.197952E+02 +0.276729E+02 +0.000000E+00 +0.000000E+00 +0.242121E-02 -0.203370E-02 +0.000000E+00 +0.105157E-02 +0.000000E+00 +0.000000E+00
 +0.148320E+01 -0.103350E+03 +0.147314E+03 -0.871783E+02 +0.198447E+02 +0.275566E+02 +0.000000E+00 +0.000000E+00 +0.242191E-02 -0.203344E-02 +0.000000E+00 +0.104715E-02 +0.000000E+00 +0.000000E+00
 +0.148320E+01 -0.103360E+03 +0.147396E+03 -0.871150E+02 +0.198926E+02 +0.274473E+02 +0.000000E+00 +0.000000E+00 +0.242256E-02 -0.203314E-02 +0.000000E+00 +0.104300E-02 +0.000000E+00 +0.000000E+00
 +0.148320E+01 -0.103370E+03 +0.147478E+03 -0.870517E+02 +0.199405E+02 +0.273381E+02 +0.000000E+00 +0.000000E+00 +0.242320E-02 -0.203285E-02 +0.000000E+00 +0.103885E-02 +0.000000E+00 +0.000000E+00
 +0.148320E+01 -0.103380E+03 +0.147554E+03 -0.869737E+02 +0.199914E+02 +0.272207E+02 +0.000000E+00 +0.000000E+00 +0.242368E-02 -0.203234E-02 +0.000000E+00 +0.103439E-02 +0.000000E+00 +0.000000E+00
 +0.148320E+01 -0.103390E+03 +0.147627E+03 -0.868886E+02 +0.200436E+02 +0.270995E+02 +0.000000E+00 +0.000000E+00 +0.242408E-02 -0.203171E-02 +0.000000E+00 +0.102978E-02 +0.000000E+00 +0.000000E+00
 +0.148320E+01 -0.103400E+03 +0.147700E+03 -0.868034E+02 +0.200959E+02 +0.269783E+02 +0.000000E+00 +0.000000E+00 +0.242448E-02 -0.203109E-02 +0.000000E+00 +0.102518E-02 +0.000000E+00 +0.000000E+00
 +0.148320E+01 -0.103410E+03 +0.147773E+03 -0.867183E+02 +0.201482E+02 +0.268571E+02 +0.000000E+00 +0.000000E+00 +0.242488E-02 -0.203046E-02 +0.000000E+00 +0.102057E-02 +0.000000E+00 +0.000000E+00
 +0.148320E+01 -0.103420E+03 +0.147847E+03 -0.866332E+02 +0.202004E+02 +0.267359E+02 +0.000000E+00 +0.000000E+00 +0.242528E-02 -0.202984E-02 +0.000000E+00 +0.101597E-02 +0.000000E+00 +0.000000E+00
 +0.148320E+01 -0.103430E+03 +0.147920E+03 -0.865481E+02 +0.202527E+02 +0.266147E+02 +0.000000E+00 +0.000000E+00 +0.242568E-02 -0.202922E-02 +0.000000E+00 +0.101136E-02 +0.000000E+00 +0.000000E+00
 +0.148320E+01 -0.103440E+03 +0.147993E+03 -0.864630E+02 +0.203050E+02 +0.264935E+02 +0.000000E+00 +0.000000E+00 +0.242608E-02 -0.202859E-02 +0.000000E+00 +0.100675E-02 +0.000000E+00 +0.000000E+00
 +0.148320E+01 -0.103450E+03 +0.148066E+03 -0.863779E+02 +0.203572E+02 +0.263723E+02 +0.000000E+00 +0.000000E+00 +0.242648E-02 -0.202797E-02 +0.000000E+00 +0.100215E-02 +0.000000E+00 +0.000000E+00
 +0.148320E+01 -0.103460E+03 +0.148140E+03 -0.862928E+02 +0.204095E+02 +0.262511E+02 +0.000000E+00 +0.000000E+00 +0.242688E-02 -0.202734E-02 +0.000000E+00 +0.997543E-03 +0.000000E+00 +0.000000E+00
 +0.148320E+01 -0.103470E+03 +0.148213E+03 -0.862077E+02 +0.204618E+02 +0.261299E+02 +0.000000E+00 +0.000000E+00 +0.242727E-02 -0.202672E-02 +0.000000E+00 +0.992937E-03 +0.000000E+00 +0.000000E+00
 +0.148320E+01 -0.103480E+03 +0.148286E+03 -0.861226E+02 +0.205140E+02 +0.260087E+02 +0.000000E+00 +0.000000E+00 +0.242767E-02 -0.202610E-02 +0.000000E+00 +0.988331E-03 +0.000000E+00 +0.000000E+00
 +0.148320E+01 -0.103490E+03 +0.148360E+03 -0.860375E+02 +0.205663E+02 +0.258875E+02 +0.000000E+00 +0.000000E+00 +0.242807E-02 -0.202547E-02 +0.000000E+00 +0.983726E-03 +0.000000E+00 +0.000000E+00
 +0.148320E+01 -0.103500E+03 +0.148433E+03 -0.859519E+02 +0.206186E+02 +0.257673E+02 +0.000000E+00 +0.000000E+00 +0.242847E-02 -0.202484E-02 +0.000000E+00 +0.979159E-03 +0.000000E+00 +0.000000E+00
 +0.148320E+01 -0.103510E+03 +0.148502E+03 -0.858584E+02 +0.206723E+02 +0.256639E+02 +0.000000E+00 +0.000000E+00 +0.242876E-02 -0.202408E-02 +0.000000E+00 +0.975228E-03 +0.000000E+00 +0.000000E+00
 +0.148320E+01 -0.103520E+03 +0.148571E+03 -0.857649E+02 +0.207260E+02 +0.255604E+02 +0.000000E+00 +0.000000E+00 +0.242906E-02 -0.202333E-02 +0.000000E+00 +0.971297E-03 +0.000000E+00 +0.000000E+00
 +0.148320E+01 -0.103530E+03 +0.148640E+03 -0.856715E+02 +0.207797E+02 +0.254570E+02 +0.000000E+00 +0.000000E+00 +0.242935E-02 -0.202257E-02 +0.000000E+00 +0.967366E-03 +0.000000E+00 +0.000000E+00
 +0.148320E+01 -0.103540E+03 +0.148709E+03 -0.855780E+02 +0.208334E+02 +0.253535E+02 +0.000000E+00 +0.000000E+00 +0.242964E-02 -0.202182E-02 +0.000000E+00 +0.963435E-03 +0.000000E+00 +0.000000E+00
 +0.148320E+01 -0.103550E+03 +0.148779E+03 -0.854845E+02 +0.208871E+02 +0.252501E+02 +0.000000E+00 +0.000000E+00 +0.242994E-02 -0.202106E-02 +0.000000E+00 +0.959504E-03 +0.000000E+00 +0.000000E+00
 +0.148320E+01 -0.103560E+03 +0.148848E+03 -0.853910E+02 +0.209408E+02 +0.251466E+02 +0.000000E+00 +0.000000E+00 +0.243023E-02 -0.202030E-02 +0.000000E+00 +0.955572E-03 +0.000000E+00 +0.000000E+00
 +0.148320E+01 -0.103570E+03 +0.148917E+03 -0.852975E+02 +0.209944E+02 +0.250432E+02 +0.000000E+00 +0.000000E+00 +0.243053E-02 -0.201955E-02 +0.000000E+00 +0.951641E-03 +0.000000E+00 +0.000000E+00
 +0.148320E+01 -0.103580E+03 +0.148986E+03 -0.852041E+02 +0.210481E+02 +0.249397E+02 +0.000000E+00 +0.000000E+00 +0.243082E-02 -0.201879E-02 +0.000000E+00 +0.947710E-03 +0.000000E+00 +0.000000E+00
 +0.148320E+01 -0.103590E+03 +0.149055E+03 -0.851106E+02 +0.211018E+02 +0.248363E+02 +0.000000E+00 +0.000000E+00 +0.243112E-02 -0.201804E-02 +0.000000E+00 +0.943779E-03 +0.000000E+00 +0.000000E+00
 +0.148320E+01 -0.103600E+03 +0.149125E+03 -0.850171E+02 +0.211555E+02 +0.247328E+02 +0.000000E+00 +0.000000E+00 +0.243141E-02 -0.201728E-02 +0.000000E+00 +0.939848E-03 +0.000000E+00 +0.000000E+00
 +0.148320E+01 -0.103610E+03 +0.149194E+03 -0.849236E+02 +0.212092E+02 +0.246294E+02 +0.000000E+00 +0.000000E+00 +0.243171E-02 -0.201652E-02 +0.000000E+00 +0.935917E-03 +0.000000E+00 +0.000000E+00
 +0.148320E+01 -0.103620E+03 +0.149263E+03 -0.848301E+02 +0.212629E+02 +0.245259E+02 +0.000000E+00 +0.000000E+00 +0.243200E-02 -0.201577E-02 +0.000000E+00 +0.931986E-03 +0.000000E+00 +0.000000E+00
 +0.148320E+01 -0.103630E+03 +0.149332E+03 -0.847366E+02 +0.213166E+02 +0.244225E+02 +0.000000E+00 +0.000000E+00 +0.243230E-02 -0.201501E-02 +0.000000E+00 +0.928055E-03 +0.000000E+00 +0.000000E+00
 +0.148320E+01 -0.103640E+03 +0.149401E+03 -0.846432E+02 +0.213703E+02 +0.243190E+02 +0.000000E+00 +0.000000E+00 +0.243259E-02 -0.201425E-02 +0.000000E+00 +0.924124E-03 +0.000000E+00 +0.000000E+00
 +0.148320E+01 -0.103650E+03 +0.149467E+03 -0.845406E+02 +0.214257E+02 +0.242108E+02 +0.000000E+00 +0.000000E+00 +0.243278E-02 -0.201336E-02 +0.000000E+00 +0.920011E-03 +0.000000E+00 +0.000000E+00
 +0.148320E+01 -0.103660E+03 +0.149528E+03 -0.844292E+02 +0.214828E+02 +0.240979E+02 +0.000000E+00 +0.000000E+00 +0.243287E-02 -0.201233E-02 +0.000000E+00 +0.915722E-03 +0.000000E+00 +0.000000E+00
 +0.148320E+01 -0.103670E+03 +0.149587E+03 -0.843196E+02 +0.215383E+02 +0.239992E+02 +0.000000E+00 +0.000000E+00 +0.243293E-02 -0.201130E-02 +0.000000E+00 +0.911970E-03 +0.000000E+00 +0.000000E+00
 +0.148320E+01 -0.103680E+03 +0.149645E+03 -0.842116E+02 +0.215932E+02 +0.239034E+02 +0.000000E+00 +0.000000E+00 +0.243299E-02 -0.201029E-02 +0.000000E+00 +0.908328E-03 +0.000000E+00 +0.000000E+00
 +0.148320E+01 -0.103690E+03 +0.149711E+03 -0.841181E+02 +0.216458E+02 +0.237979E+02 +0.000000E+00 +0.000000E+00 +0.243324E-02 -0.200951E-02 +0.000000E+00 +0.904321E-03 +0.000000E+00 +0.000000E+00
 +0.148320E+01 -0.103700E+03 +0.149777E+03 -0.840245E+02 +0.216983E+02 +0.236925E+02 +0.000000E+00 +0.000000E+00 +0.243350E-02 -0.200873E-02 +0.000000E+00 +0.900314E-03 +0.000000E+00 +0.000000E+00
 +0.148320E+01 -0.103710E+03 +0.149843E+03 -0.839310E+02 +0.217509E+02 +0.235870E+02 +0.000000E+00 +0.000000E+00 +0.243375E-02 -0.200796E-02 +0.000000E+00 +0.896307E-03 +0.000000E+00 +0.000000E+00
 +0.148320E+01 -0.103720E+03 +0.149909E+03 -0.838375E+02 +0.218035E+02 +0.234816E+02 +0.000000E+00 +0.000000E+00 +0.243400E-02 -0.200718E-02 +0.000000E+00 +0.892301E-03 +0.000000E+00 +0.000000E+00
 +0.148320E+01 -0.103730E+03 +0.149974E+03 -0.837440E+02 +0.218561E+02 +0.233762E+02 +0.000000E+00 +0.000000E+00 +0.243425E-02 -0.200640E-02 +0.000000E+00 +0.888294E-03 +0.000000E+00 +0.000000E+00
 +0.148320E+01 -0.103740E+03 +0.150040E+03 -0.836505E+02 +0.219086E+02 +0.232707E+02 +0.000000E+00 +0.000000E+00 +0.243450E-02 -0.200562E-02 +0.000000E+00 +0.884287E-03 +0.000000E+00 +0.000000E+00
 +0.148320E+01 -0.103750E+03 +0.150106E+03 -0.835570E+02 +0.219612E+02 +0.231653E+02 +0.000000E+00 +0.000000E+00 +0.243475E-02 -0.200485E-02 +0.000000E+00 +0.880280E-03 +0.000000E+00 +0.000000E+00
 +0.148320E+01 -0.103760E+03 +0.150172E+03 -0.834635E+02 +0.220138E+02 +0.230598E+02 +0.000000E+00 +0.000000E+00 +0.243500E-02 -0.200407E-02 +0.000000E+00 +0.876274E-03 +0.000000E+00 +0.000000E+00
 +0.148320E+01 -0.103770E+03 +0.150238E+03 -0.833700E+02 +0.220663E+02 +0.229544E+02 +0.000000E+00 +0.000000E+00 +0.243526E-02 -0.200329E-02 +0.000000E+00 +0.872267E-03 +0.000000E+00 +0.000000E+00
 +0.148320E+01 -0.103780E+03 +0.150303E+03 -0.832765E+02 +0.221189E+02 +0.228489E+02 +0.000000E+00 +0.000000E+00 +0.243551E-02 -0.200251E-02 +0.000000E+00 +0.868260E-03 +0.000000E+00 +0.000000E+00
 +0.148320E+01 -0.103790E+03 +0.150369E+03 -0.831830E+02 +0.221715E+02 +0.227435E+02 +0.000000E+00 +0.000000E+00 +0.243576E-02 -0.200173E-02 +0.000000E+00 +0.864253E-03 +0.000000E+00 +0.000000E+00
 +0.148320E+01 -0.103800E+03 +0.150435E+03 -0.830894E+02 +0.222241E+02 +0.226381E+02 +0.000000E+00 +0.000000E+00 +0.243601E-02 -0.200096E-02 +0.000000E+00 +0.860247E-03 +0.000000E+00 +0.000000E+00
 +0.148320E+01 -0.103810E+03 +0.150501E+03 -0.829959E+02 +0.222766E+02 +0.225326E+02 +0.000000E+00 +0.000000E+00 +0.243626E-02 -0.200018E-02 +0.000000E+00 +0.856240E-03 +0.000000E+00 +0.000000E+00
 +0.148320E+01 -0.103820E+03 +0.150567E+03 -0.829024E+02 +0.223292E+02 +0.224272E+02 +0.000000E+00 +0.000000E+00 +0.243651E-02 -0.199940E-02 +0.000000E+00 +0.852233E-03 +0.000000E+00 +0.000000E+00
 +0.148320E+01 -0.103830E+03 +0.150633E+03 -0.828089E+02 +0.223818E+02 +0.223217E+02 +0.000000E+00 +0.000000E+00 +0.243676E-02 -0.199862E-02 +0.000000E+00 +0.848226E-03 +0.000000E+00 +0.000000E+00
 +0.148320E+01 -0.103840E+03 +0.150698E+03 -0.827171E+02 +0.224335E+02 +0.222251E+02 +0.000000E+00 +0.000000E+00 +0.243702E-02 -0.199786E-02 +0.000000E+00 +0.844553E-03 +0.000000E+00 +0.000000E+00
 +0.148320E+01 -0.103850E+03 +0.150761E+03 -0.826274E+02 +0.224843E+02 +0.221398E+02 +0.000000E+00 +0.000000E+00 +0.243727E-02 -0.199712E-02 +0.000000E+00 +0.841314E-03 +0.000000E+00 +0.000000E+00
 +0.148320E+01 -0.103860E+03 +0.150825E+03 -0.825377E+02 +0.225350E+02 +0.220546E+02 +0.000000E+00 +0.000000E+00 +0.243752E-02 -0.199638E-02 +0.000000E+00 +0.838074E-03 +0.000000E+00 +0.000000E+00
 +0.148320E+01 -0.103870E+03 +0.150889E+03 -0.824480E+02 +0.225857E+02 +0.219693E+02 +0.000000E+00 +0.000000E+00 +0.243777E-02 -0.199564E-02 +0.000000E+00 +0.834834E-03 +0.000000E+00 +0.000000E+00
 +0.148320E+01 -0.103880E+03 +0.150953E+03 -0.823584E+02 +0.226364E+02 +0.218841E+02 +0.000000E+00 +0.000000E+00 +0.243802E-02 -0.199490E-02 +0.000000E+00 +0.831595E-03 +0.000000E+00 +0.000000E+00
 +0.148320E+01 -0.103890E+03 +0.151017E+03 -0.822687E+02 +0.226871E+02 +0.217988E+02 +0.000000E+00 +0.000000E+00 +0.243828E-02 -0.199416E-02 +0.000000E+00 +0.828355E-03 +0.000000E+00 +0.000000E+00
 +0.148320E+01 -0.103900E+03 +0.151081E+03 -0.821790E+02 +0.227378E+02 +0.217136E+02 +0.000000E+00 +0.000000E+00 +0.243853E-02 -0.199342E-02 +0.000000E+00 +0.825116E-03 +0.000000E+00 +0.000000E+00
 +0.148320E+01 -0.103910E+03 +0.151145E+03 -0.820893E+02 +0.227885E+02 +0.216283E+02 +0.000000E+00 +0.000000E+00 +0.243878E-02 -0.199268E-02 +0.000000E+00 +0.821876E-03 +0.000000E+00 +0.000000E+00
 +0.148320E+01 -0.103920E+03 +0.151209E+03 -0.819997E+02 +0.228392E+02 +0.215431E+02 +0.000000E+00 +0.000000E+00 +0.243903E-02 -0.199194E-02 +0.000000E+00 +0.818637E-03 +0.000000E+00 +0.000000E+00
 +0.148320E+01 -0.103930E+03 +0.151273E+03 -0.819100E+02 +0.228899E+02 +0.214578E+02 +0.000000E+00 +0.000000E+00 +0.243928E-02 -0.199120E-02 +0.000000E+00 +0.815397E-03 +0.000000E+00 +0.000000E+00
 +0.148320E+01 -0.103940E+03 +0.151337E+03 -0.818203E+02 +0.229406E+02 +0.213726E+02 +0.000000E+00 +0.000000E+00 +0.243954E-02 -0.199046E-02 +0.000000E+00 +0.812158E-03 +0.000000E+00 +0.000000E+00
 +0.148320E+01 -0.103950E+03 +0.151401E+03 -0.817306E+02 +0.229913E+02 +0.212873E+02 +0.000000E+00 +0.000000E+00 +0.243979E-02 -0.198972E-02 +0.000000E+00 +0.808918E-03 +0.000000E+00 +0.000000E+00
 +0.148320E+01 -0.103960E+03 +0.151465E+03 -0.816410E+02 +0.230420E+02 +0.212021E+02 +0.000000E+00 +0.000000E+00 +0.244004E-02 -0.198898E-02 +0.000000E+00 +0.805679E-03 +0.000000E+00 +0.000000E+00
 +0.148320E+01 -0.103970E+03 +0.151529E+03 -0.815513E+02 +0.230927E+02 +0.211168E+02 +0.000000E+00 +0.000000E+00 +0.244029E-02 -0.198824E-02 +0.000000E+00 +0.802439E-03 +0.000000E+00 +0.000000E+00
 +0.148320E+01 -0.103980E+03 +0.151593E+03 -0.814616E+02 +0.231434E+02 +0.210316E+02 +0.000000E+00 +0.000000E+00 +0.244054E-02 -0.198749E-02 +0.000000E+00 +0.799200E-03 +0.000000E+00 +0.000000E+00
 +0.148320E+01 -0.103990E+03 +0.151657E+03 -0.813719E+02 +0.231941E+02 +0.209463E+02 +0.000000E+00 +0.000000E+00 +0.244080E-02 -0.198675E-02 +0.000000E+00 +0.795960E-03 +0.000000E+00 +0.000000E+00
 +0.148320E+01 -0.104000E+03 +0.151721E+03 -0.812822E+02 +0.232448E+02 +0.208611E+02 +0.000000E+00 +0.000000E+00 +0.244105E-02 -0.198601E-02 +0.000000E+00 +0.792720E-03 +0.000000E+00 +0.000000E+00
 +0.148320E+01 -0.104010E+03 +0.151785E+03 -0.811926E+02 +0.232955E+02 +0.207758E+02 +0.000000E+00 +0.000000E+00 +0.244130E-02 -0.198527E-02 +0.000000E+00 +0.789481E-03 +0.000000E+00 +0.000000E+00
 +0.148320E+01 -0.104020E+03 +0.151843E+03 -0.810929E+02 +0.233474E+02 +0.206865E+02 +0.000000E+00 +0.000000E+00 +0.244141E-02 -0.198437E-02 +0.000000E+00 +0.786087E-03 +0.000000E+00 +0.000000E+00
 +0.148320E+01 -0.104030E+03 +0.151893E+03 -0.809839E+02 +0.234001E+02 +0.205953E+02 +0.000000E+00 +0.000000E+00 +0.244137E-02 -0.198330E-02 +0.000000E+00 +0.782620E-03 +0.000000E+00 +0.000000E+00
 +0.148320E+01 -0.104040E+03 +0.151945E+03 -0.808843E+02 +0.234500E+02 +0.205249E+02 +0.000000E+00 +0.000000E+00 +0.244140E-02 -0.198235E-02 +0.000000E+00 +0.779946E-03 +0.000000E+00 +0.000000E+00
 +0.148320E+01 -0.104050E+03 +0.151985E+03 -0.808009E+02 +0.234909E+02 +0.204358E+02 +0.000000E+00 +0.000000E+00 +0.244140E-02 -0.198155E-02 +0.000000E+00 +0.776562E-03 +0.000000E+00 +0.000000E+00
 +0.148320E+01 -0.104060E+03 +0.152025E+03 -0.807190E+02 +0.235311E+02 +0.203452E+02 +0.000000E+00 +0.000000E+00 +0.244139E-02 -0.198075E-02 +0.000000E+00 +0.773116E-03 +0.000000E+00 +0.000000E+00
 +0.148320E+01 -0.104070E+03 +0.152065E+03 -0.806370E+02 +0.235713E+02 +0.202545E+02 +0.000000E+00 +0.000000E+00 +0.244138E-02 -0.197996E-02 +0.000000E+00 +0.769671E-03 +0.000000E+00 +0.000000E+00
 +0.148320E+01 -0.104080E+03 +0.152105E+03 -0.805550E+02 +0.236114E+02 +0.201638E+02 +0.000000E+00 +0.000000E+00 +0.244137E-02 -0.197916E-02 +0.000000E+00 +0.766225E-03 +0.000000E+00 +0.000000E+00
 +0.148320E+01 -0.104090E+03 +0.152145E+03 -0.804731E+02 +0.236516E+02 +0.200731E+02 +0.000000E+00 +0.000000E+00 +0.244137E-02 -0.197837E-02 +0.000000E+00 +0.762779E-03 +0.000000E+00 +0.000000E+00
 +0.148320E+01 -0.104100E+03 +0.152184E+03 -0.803911E+02 +0.236918E+02 +0.199825E+02 +0.000000E+00 +0.000000E+00 +0.244136E-02 -0.197758E-02 +0.000000E+00 +0.759333E-03 +0.000000E+00 +0.000000E+00
 +0.148320E+01 -0.104110E+03 +0.152224E+03 -0.803091E+02 +0.237320E+02 +0.198918E+02 +0.000000E+00 +0.000000E+00 +0.244135E-02 -0.197678E-02 +0.000000E+00 +0.755887E-03 +0.000000E+00 +0.000000E+00
 +0.148320E+01 -0.104120E+03 +0.152264E+03 -0.802272E+02 +0.237722E+02 +0.198011E+02 +0.000000E+00 +0.000000E+00 +0.244135E-02 -0.197599E-02 +0.000000E+00 +0.752442E-03 +0.000000E+00 +0.000000E+00
 +0.148320E+01 -0.104130E+03 +0.152304E+03 -0.801452E+02 +0.238123E+02 +0.197104E+02 +0.000000E+00 +0.000000E+00 +0.244134E-02 -0.197519E-02 +0.000000E+00 +0.748996E-03 +0.000000E+00 +0.000000E+00
 +0.148320E+01 -0.104140E+03 +0.152344E+03 -0.800632E+02 +0.238525E+02 +0.196197E+02 +0.000000E+00 +0.000000E+00 +0.244133E-02 -0.197440E-02 +0.000000E+00 +0.745550E-03 +0.000000E+00 +0.000000E+00
 +0.148320E+01 -0.104150E+03 +0.152383E+03 -0.799813E+02 +0.238927E+02 +0.195291E+02 +0.000000E+00 +0.000000E+00 +0.244132E-02 -0.197361E-02 +0.000000E+00 +0.742104E-03 +0.000000E+00 +0.000000E+00
 +0.148320E+01 -0.104160E+03 +0.152423E+03 -0.798993E+02 +0.239329E+02 +0.194384E+02 +0.000000E+00 +0.000000E+00 +0.244132E-02 -0.197281E-02 +0.000000E+00 +0.738659E-03 +0.000000E+00 +0.000000E+00
 +0.148320E+01 -0.104170E+03 +0.152463E+03 -0.798173E+02 +0.239731E+02 +0.193477E+02 +0.000000E+00 +0.000000E+00 +0.244131E-02 -0.197202E-02 +0.000000E+00 +0.735213E-03 +0.000000E+00 +0.000000E+00
 +0.148320E+01 -0.104180E+03 +0.152503E+03 -0.797353E+02 +0.240132E+02 +0.192570E+02 +0.000000E+00 +0.000000E+00 +0.244130E-02 -0.197122E-02 +0.000000E+00 +0.731767E-03 +0.000000E+00 +0.000000E+00
 +0.148320E+01 -0.104190E+03 +0.152543E+03 -0.796534E+02 +0.240534E+02 +0.191663E+02 +0.000000E+00 +0.000000E+00 +0.244129E-02 -0.197043E-02 +0.000000E+00 +0.728321E-03 +0.000000E+00 +0.000000E+00
 +0.148320E+01 -0.104200E+03 +0.152582E+03 -0.795714E+02 +0.240936E+02 +0.190757E+02 +0.000000E+00 +0.000000E+00 +0.244129E-02 -0.196964E-02 +0.000000E+00 +0.724875E-03 +0.000000E+00 +0.000000E+00
 +0.148320E+01 -0.104210E+03 +0.152622E+03 -0.794894E+02 +0.241338E+02 +0.189850E+02 +0.000000E+00 +0.000000E+00 +0.244128E-02 -0.196884E-02 +0.000000E+00 +0.721430E-03 +0.000000E+00 +0.000000E+00
 +0.148320E+01 -0.104220E+03 +0.152662E+03 -0.794075E+02 +0.241740E+02 +0.188943E+02 +0.000000E+00 +0.000000E+00 +0.244127E-02 -0.196805E-02 +0.000000E+00 +0.717984E-03 +0.000000E+00 +0.000000E+00
 +0.148320E+01 -0.104230E+03 +0.152702E+03 -0.793255E+02 +0.242141E+02 +0.188036E+02 +0.000000E+00 +0.000000E+00 +0.244126E-02 -0.196725E-02 +0.000000E+00 +0.714538E-03 +0.000000E+00 +0.000000E+00
 +0.148320E+01 -0.104240E+03 +0.152744E+03 -0.792309E+02 +0.242594E+02 +0.187230E+02 +0.000000E+00 +0.000000E+00 +0.244121E-02 -0.196632E-02 +0.000000E+00 +0.711473E-03 +0.000000E+00 +0.000000E+00
 +0.148320E+01 -0.104250E+03 +0.152788E+03 -0.791328E+02 +0.243061E+02 +0.186451E+02 +0.000000E+00 +0.000000E+00 +0.244115E-02 -0.196534E-02 +0.000000E+00 +0.708515E-03 +0.000000E+00 +0.000000E+00
 +0.148320E+01 -0.104260E+03 +0.152831E+03 -0.790347E+02 +0.243528E+02 +0.185673E+02 +0.000000E+00 +0.000000E+00 +0.244109E-02 -0.196436E-02 +0.000000E+00 +0.705557E-03 +0.000000E+00 +0.000000E+00
 +0.148320E+01 -0.104270E+03 +0.152875E+03 -0.789365E+02 +0.243996E+02 +0.184894E+02 +0.000000E+00 +0.000000E+00 +0.244103E-02 -0.196339E-02 +0.000000E+00 +0.702598E-03 +0.000000E+00 +0.000000E+00
 +0.148320E+01 -0.104280E+03 +0.152918E+03 -0.788384E+02 +0.244463E+02 +0.184116E+02 +0.000000E+00 +0.000000E+00 +0.244096E-02 -0.196241E-02 +0.000000E+00 +0.699640E-03 +0.000000E+00 +0.000000E+00
 +0.148320E+01 -0.104290E+03 +0.152961E+03 -0.787403E+02 +0.244930E+02 +0.183337E+02 +0.000000E+00 +0.000000E+00 +0.244090E-02 -0.196143E-02 +0.000000E+00 +0.696682E-03 +0.000000E+00 +0.000000E+00
 +0.148320E+01 -0.104300E+03 +0.153005E+03 -0.786422E+02 +0.245397E+02 +0.182559E+02 +0.000000E+00 +0.000000E+00 +0.244084E-02 -0.196046E-02 +0.000000E+00 +0.693724E-03 +0.000000E+00 +0.000000E+00
 +0.148320E+01 -0.104310E+03 +0.153048E+03 -0.785440E+02 +0.245864E+02 +0.181780E+02 +0.000000E+00 +0.000000E+00 +0.244078E-02 -0.195948E-02 +0.000000E+00 +0.690766E-03 +0.000000E+00 +0.000000E+00
 +0.148320E+01 -0.104320E+03 +0.153092E+03 -0.784459E+02 +0.246331E+02 +0.181002E+02 +0.000000E+00 +0.000000E+00 +0.244071E-02 -0.195850E-02 +0.000000E+00 +0.687808E-03 +0.000000E+00 +0.000000E+00
 +0.148320E+01 -0.104330E+03 +0.153135E+03 -0.783478E+02 +0.246798E+02 +0.180224E+02 +0.000000E+00 +0.000000E+00 +0.244065E-02 -0.195753E-02 +0.000000E+00 +0.684850E-03 +0.000000E+00 +0.000000E+00
 +0.148320E+01 -0.104340E+03 +0.153179E+03 -0.782497E+02 +0.247266E+02 +0.179445E+02 +0.000000E+00 +0.000000E+00 +0.244059E-02 -0.195655E-02 +0.000000E+00 +0.681891E-03 +0.000000E+00 +0.000000E+00
 +0.148320E+01 -0.104350E+03 +0.153222E+03 -0.781515E+02 +0.247733E+02 +0.178667E+02 +0.000000E+00 +0.000000E+00 +0.244053E-02 -0.195557E-02 +0.000000E+00 +0.678933E-03 +0.000000E+00 +0.000000E+00
 +0.148320E+01 -0.104360E+03 +0.153265E+03 -0.780534E+02 +0.248200E+02 +0.177888E+02 +0.000000E+00 +0.000000E+00 +0.244046E-02 -0.195459E-02 +0.000000E+00 +0.675975E-03 +0.000000E+00 +0.000000E+00
 +0.148320E+01 -0.104370E+03 +0.153309E+03 -0.779553E+02 +0.248667E+02 +0.177110E+02 +0.000000E+00 +0.000000E+00 +0.244040E-02 -0.195362E-02 +0.000000E+00 +0.673017E-03 +0.000000E+00 +0.000000E+00
 +0.148320E+01 -0.104380E+03 +0.153352E+03 -0.778572E+02 +0.249134E+02 +0.176331E+02 +0.000000E+00 +0.000000E+00 +0.244034E-02 -0.195264E-02 +0.000000E+00 +0.670059E-03 +0.000000E+00 +0.000000E+00
 +0.148320E+01 -0.104390E+03 +0.153396E+03 -0.777590E+02 +0.249601E+02 +0.175553E+02 +0.000000E+00 +0.000000E+00 +0.244028E-02 -0.195166E-02 +0.000000E+00 +0.667101E-03 +0.000000E+00 +0.000000E+00
 +0.148320E+01 -0.104400E+03 +0.153439E+03 -0.776609E+02 +0.250068E+02 +0.174774E+02 +0.000000E+00 +0.000000E+00 +0.244022E-02 -0.195069E-02 +0.000000E+00 +0.664142E-03 +0.000000E+00 +0.000000E+00
 +0.148320E+01 -0.104410E+03 +0.153483E+03 -0.775628E+02 +0.250535E+02 +0.173996E+02 +0.000000E+00 +0.000000E+00 +0.244015E-02 -0.194971E-02 +0.000000E+00 +0.661184E-03 +0.000000E+00 +0.000000E+00
 +0.148320E+01 -0.104420E+03 +0.153526E+03 -0.774647E+02 +0.251003E+02 +0.173217E+02 +0.000000E+00 +0.000000E+00 +0.244009E-02 -0.194873E-02 +0.000000E+00 +0.658226E-03 +0.000000E+00 +0.000000E+00
 +0.148320E+01 -0.104430E+03 +0.153570E+03 -0.773666E+02 +0.251470E+02 +0.172439E+02 +0.000000E+00 +0.000000E+00 +0.244003E-02 -0.194776E-02 +0.000000E+00 +0.655268E-03 +0.000000E+00 +0.000000E+00
 +0.148320E+01 -0.104440E+03 +0.153613E+03 -0.772684E+02 +0.251937E+02 +0.171660E+02 +0.000000E+00 +0.000000E+00 +0.243997E-02 -0.194678E-02 +0.000000E+00 +0.652310E-03 +0.000000E+00 +0.000000E+00
 +0.148320E+01 -0.104450E+03 +0.153657E+03 -0.771705E+02 +0.252404E+02 +0.170878E+02 +0.000000E+00 +0.000000E+00 +0.243991E-02 -0.194581E-02 +0.000000E+00 +0.649335E-03 +0.000000E+00 +0.000000E+00
 +0.148320E+01 -0.104460E+03 +0.153703E+03 -0.770760E+02 +0.252870E+02 +0.169988E+02 +0.000000E+00 +0.000000E+00 +0.243991E-02 -0.194490E-02 +0.000000E+00 +0.645956E-03 +0.000000E+00 +0.000000E+00
 +0.148320E+01 -0.104470E+03 +0.153750E+03 -0.769816E+02 +0.253336E+02 +0.169099E+02 +0.000000E+00 +0.000000E+00 +0.243992E-02 -0.194399E-02 +0.000000E+00 +0.642577E-03 +0.000000E+00 +0.000000E+00
 +0.148320E+01 -0.104480E+03 +0.153797E+03 -0.768872E+02 +0.253803E+02 +0.168210E+02 +0.000000E+00 +0.000000E+00 +0.243992E-02 -0.194308E-02 +0.000000E+00 +0.639198E-03 +0.000000E+00 +0.000000E+00
 +0.148320E+01 -0.104490E+03 +0.153844E+03 -0.767928E+02 +0.254269E+02 +0.167321E+02 +0.000000E+00 +0.000000E+00 +0.243992E-02 -0.194217E-02 +0.000000E+00 +0.635819E-03 +0.000000E+00 +0.000000E+00
 +0.148320E+01 -0.104500E+03 +0.153891E+03 -0.766984E+02 +0.254735E+02 +0.166431E+02 +0.000000E+00 +0.000000E+00 +0.243993E-02 -0.194127E-02 +0.000000E+00 +0.632439E-03 +0.000000E+00 +0.000000E+00
 +0.148320E+01 -0.104510E+03 +0.153938E+03 -0.766040E+02 +0.255201E+02 +0.165542E+02 +0.000000E+00 +0.000000E+00 +0.243993E-02 -0.194036E-02 +0.000000E+00 +0.629060E-03 +0.000000E+00 +0.000000E+00
 +0.148320E+01 -0.104520E+03 +0.153985E+03 -0.765096E+02 +0.255668E+02 +0.164653E+02 +0.000000E+00 +0.000000E+00 +0.243994E-02 -0.193945E-02 +0.000000E+00 +0.625681E-03 +0.000000E+00 +0.000000E+00
 +0.148320E+01 -0.104530E+03 +0.154031E+03 -0.764152E+02 +0.256134E+02 +0.163764E+02 +0.000000E+00 +0.000000E+00 +0.243994E-02 -0.193854E-02 +0.000000E+00 +0.622302E-03 +0.000000E+00 +0.000000E+00
 +0.148320E+01 -0.104540E+03 +0.154078E+03 -0.763208E+02 +0.256600E+02 +0.162875E+02 +0.000000E+00 +0.000000E+00 +0.243995E-02 -0.193763E-02 +0.000000E+00 +0.618923E-03 +0.000000E+00 +0.000000E+00
 +0.148320E+01 -0.104550E+03 +0.154125E+03 -0.762263E+02 +0.257066E+02 +0.161985E+02 +0.000000E+00 +0.000000E+00 +0.243995E-02 -0.193673E-02 +0.000000E+00 +0.615544E-03 +0.000000E+00 +0.000000E+00
 +0.148320E+01 -0.104560E+03 +0.154172E+03 -0.761319E+02 +0.257532E+02 +0.161096E+02 +0.000000E+00 +0.000000E+00 +0.243996E-02 -0.193582E-02 +0.000000E+00 +0.612165E-03 +0.000000E+00 +0.000000E+00
 +0.148320E+01 -0.104570E+03 +0.154219E+03 -0.760375E+02 +0.257999E+02 +0.160207E+02 +0.000000E+00 +0.000000E+00 +0.243996E-02 -0.193491E-02 +0.000000E+00 +0.608786E-03 +0.000000E+00 +0.000000E+00
 +0.148320E+01 -0.104580E+03 +0.154266E+03 -0.759431E+02 +0.258465E+02 +0.159318E+02 +0.000000E+00 +0.000000E+00 +0.243997E-02 -0.193400E-02 +0.000000E+00 +0.605407E-03 +0.000000E+00 +0.000000E+00
 +0.148320E+01 -0.104590E+03 +0.154313E+03 -0.758487E+02 +0.258931E+02 +0.158428E+02 +0.000000E+00 +0.000000E+00 +0.243997E-02 -0.193309E-02 +0.000000E+00 +0.602028E-03 +0.000000E+00 +0.000000E+00
 +0.148320E+01 -0.104600E+03 +0.154360E+03 -0.757543E+02 +0.259397E+02 +0.157539E+02 +0.000000E+00 +0.000000E+00 +0.243998E-02 -0.193219E-02 +0.000000E+00 +0.598649E-03 +0.000000E+00 +0.000000E+00
 +0.148320E+01 -0.104610E+03 +0.154406E+03 -0.756599E+02 +0.259864E+02 +0.156650E+02 +0.000000E+00 +0.000000E+00 +0.243998E-02 -0.193128E-02 +0.000000E+00 +0.595270E-03 +0.000000E+00 +0.000000E+00
 +0.148320E+01 -0.104620E+03 +0.154453E+03 -0.755655E+02 +0.260330E+02 +0.155761E+02 +0.000000E+00 +0.000000E+00 +0.243999E-02 -0.193037E-02 +0.000000E+00 +0.591891E-03 +0.000000E+00 +0.000000E+00
 +0.148320E+01 -0.104630E+03 +0.154500E+03 -0.754711E+02 +0.260796E+02 +0.154872E+02 +0.000000E+00 +0.000000E+00 +0.243999E-02 -0.192946E-02 +0.000000E+00 +0.588512E-03 +0.000000E+00 +0.000000E+00
 +0.148320E+01 -0.104640E+03 +0.154547E+03 -0.753766E+02 +0.261262E+02 +0.153982E+02 +0.000000E+00 +0.000000E+00 +0.244000E-02 -0.192855E-02 +0.000000E+00 +0.585133E-03 +0.000000E+00 +0.000000E+00
 +0.148320E+01 -0.104650E+03 +0.154594E+03 -0.752822E+02 +0.261728E+02 +0.153093E+02 +0.000000E+00 +0.000000E+00 +0.244000E-02 -0.192765E-02 +0.000000E+00 +0.581754E-03 +0.000000E+00 +0.000000E+00
 +0.148320E+01 -0.104660E+03 +0.154641E+03 -0.751878E+02 +0.262195E+02 +0.152204E+02 +0.000000E+00 +0.000000E+00 +0.244000E-02 -0.192674E-02 +0.000000E+00 +0.578375E-03 +0.000000E+00 +0.000000E+00
 +0.148320E+01 -0.104670E+03 +0.154688E+03 -0.750934E+02 +0.262661E+02 +0.151315E+02 +0.000000E+00 +0.000000E+00 +0.244001E-02 -0.192583E-02 +0.000000E+00 +0.574996E-03 +0.000000E+00 +0.000000E+00
 +0.148320E+01 -0.104680E+03 +0.154735E+03 -0.749990E+02 +0.263127E+02 +0.150426E+02 +0.000000E+00 +0.000000E+00 +0.244001E-02 -0.192492E-02 +0.000000E+00 +0.571617E-03 +0.000000E+00 +0.000000E+00
 +0.148320E+01 -0.104690E+03 +0.154781E+03 -0.749046E+02 +0.263593E+02 +0.149536E+02 +0.000000E+00 +0.000000E+00 +0.244002E-02 -0.192401E-02 +0.000000E+00 +0.568238E-03 +0.000000E+00 +0.000000E+00
 +0.148320E+01 -0.104700E+03 +0.154828E+03 -0.748102E+02 +0.264060E+02 +0.148647E+02 +0.000000E+00 +0.000000E+00 +0.244002E-02 -0.192311E-02 +0.000000E+00 +0.564859E-03 +0.000000E+00 +0.000000E+00
 +0.148320E+01 -0.104710E+03 +0.154875E+03 -0.747158E+02 +0.264526E+02 +0.147758E+02 +0.000000E+00 +0.000000E+00 +0.244003E-02 -0.192220E-02 +0.000000E+00 +0.561480E-03 +0.000000E+00 +0.000000E+00
 +0.148320E+01 -0.104720E+03 +0.154922E+03 -0.746214E+02 +0.264992E+02 +0.146869E+02 +0.000000E+00 +0.000000E+00 +0.244003E-02 -0.192129E-02 +0.000000E+00 +0.558101E-03 +0.000000E+00 +0.000000E+00
 +0.148320E+01 -0.104730E+03 +0.154969E+03 -0.745270E+02 +0.265458E+02 +0.145979E+02 +0.000000E+00 +0.000000E+00 +0.244004E-02 -0.192038E-02 +0.000000E+00 +0.554722E-03 +0.000000E+00 +0.000000E+00
 +0.148320E+01 -0.104740E+03 +0.155016E+03 -0.744325E+02 +0.265925E+02 +0.145090E+02 +0.000000E+00 +0.000000E+00 +0.244004E-02 -0.191947E-02 +0.000000E+00 +0.551343E-03 +0.000000E+00 +0.000000E+00
 +0.148320E+01 -0.104750E+03 +0.155049E+03 -0.743805E+02 +0.266206E+02 +0.144377E+02 +0.000000E+00 +0.000000E+00 +0.244014E-02 -0.191902E-02 +0.000000E+00 +0.548632E-03 +0.000000E+00 +0.000000E+00
 +0.148320E+01 -0.104760E+03 +0.155077E+03 -0.743456E+02 +0.266412E+02 +0.143735E+02 +0.000000E+00 +0.000000E+00 +0.244027E-02 -0.191875E-02 +0.000000E+00 +0.546192E-03 +0.000000E+00 +0.000000E+00
 +0.148320E+01 -0.104770E+03 +0.155104E+03 -0.743108E+02 +0.266619E+02 +0.143093E+02 +0.000000E+00 +0.000000E+00 +0.244041E-02 -0.191848E-02 +0.000000E+00 +0.543752E-03 +0.000000E+00 +0.000000E+00
 +0.148320E+01 -0.104780E+03 +0.155132E+03 -0.742759E+02 +0.266825E+02 +0.142450E+02 +0.000000E+00 +0.000000E+00 +0.244054E-02 -0.191821E-02 +0.000000E+00 +0.541312E-03 +0.000000E+00 +0.000000E+00
 +0.148320E+01 -0.104790E+03 +0.155160E+03 -0.742411E+02 +0.267032E+02 +0.141808E+02 +0.000000E+00 +0.000000E+00 +0.244068E-02 -0.191794E-02 +0.000000E+00 +0.538872E-03 +0.000000E+00 +0.000000E+00
 +0.148320E+01 -0.104800E+03 +0.155187E+03 -0.742062E+02 +0.267238E+02 +0.141166E+02 +0.000000E+00 +0.000000E+00 +0.244081E-02 -0.191767E-02 +0.000000E+00 +0.536432E-03 +0.000000E+00 +0.000000E+00
 +0.148320E+01 -0.104810E+03 +0.155215E+03 -0.741713E+02 +0.267445E+02 +0.140524E+02 +0.000000E+00 +0.000000E+00 +0.244094E-02 -0.191740E-02 +0.000000E+00 +0.533991E-03 +0.000000E+00 +0.000000E+00
 +0.148320E+01 -0.104820E+03 +0.155243E+03 -0.741365E+02 +0.267651E+02 +0.139882E+02 +0.000000E+00 +0.000000E+00 +0.244108E-02 -0.191713E-02 +0.000000E+00 +0.531551E-03 +0.000000E+00 +0.000000E+00
 +0.148320E+01 -0.104830E+03 +0.155271E+03 -0.741016E+02 +0.267857E+02 +0.139240E+02 +0.000000E+00 +0.000000E+00 +0.244121E-02 -0.191686E-02 +0.000000E+00 +0.529111E-03 +0.000000E+00 +0.000000E+00
 +0.148320E+01 -0.104840E+03 +0.155298E+03 -0.740668E+02 +0.268064E+02 +0.138598E+02 +0.000000E+00 +0.000000E+00 +0.244135E-02 -0.191659E-02 +0.000000E+00 +0.526671E-03 +0.000000E+00 +0.000000E+00
 +0.148320E+01 -0.104850E+03 +0.155326E+03 -0.740319E+02 +0.268270E+02 +0.137956E+02 +0.000000E+00 +0.000000E+00 +0.244148E-02 -0.191632E-02 +0.000000E+00 +0.524231E-03 +0.000000E+00 +0.000000E+00
 +0.148320E+01 -0.104860E+03 +0.155354E+03 -0.739970E+02 +0.268477E+02 +0.137313E+02 +0.000000E+00 +0.000000E+00 +0.244161E-02 -0.191605E-02 +0.000000E+00 +0.521791E-03 +0.000000E+00 +0.000000E+00
 +0.148320E+01 -0.104870E+03 +0.155381E+03 -0.739622E+02 +0.268683E+02 +0.136671E+02 +0.000000E+00 +0.000000E+00 +0.244175E-02 -0.191578E-02 +0.000000E+00 +0.519351E-03 +0.000000E+00 +0.000000E+00
 +0.148320E+01 -0.104880E+03 +0.155409E+03 -0.739273E+02 +0.268890E+02 +0.136029E+02 +0.000000E+00 +0.000000E+00 +0.244188E-02 -0.191551E-02 +0.000000E+00 +0.516911E-03 +0.000000E+00 +0.000000E+00
 +0.148320E+01 -0.104890E+03 +0.155437E+03 -0.738925E+02 +0.269096E+02 +0.135387E+02 +0.000000E+00 +0.000000E+00 +0.244202E-02 -0.191524E-02 +0.000000E+00 +0.514470E-03 +0.000000E+00 +0.000000E+00
 +0.148320E+01 -0.104900E+03 +0.155464E+03 -0.738576E+02 +0.269303E+02 +0.134745E+02 +0.000000E+00 +0.000000E+00 +0.244215E-02 -0.191497E-02 +0.000000E+00 +0.512030E-03 +0.000000E+00 +0.000000E+00
 +0.148320E+01 -0.104910E+03 +0.155492E+03 -0.738227E+02 +0.269509E+02 +0.134103E+02 +0.000000E+00 +0.000000E+00 +0.244228E-02 -0.191470E-02 +0.000000E+00 +0.509590E-03 +0.000000E+00 +0.000000E+00
 +0.148320E+01 -0.104920E+03 +0.155520E+03 -0.737879E+02 +0.269715E+02 +0.133461E+02 +0.000000E+00 +0.000000E+00 +0.244242E-02 -0.191443E-02 +0.000000E+00 +0.507150E-03 +0.000000E+00 +0.000000E+00
 +0.148320E+01 -0.104930E+03 +0.155548E+03 -0.737530E+02 +0.269922E+02 +0.132818E+02 +0.000000E+00 +0.000000E+00 +0.244255E-02 -0.191416E-02 +0.000000E+00 +0.504710E-03 +0.000000E+00 +0.000000E+00
 +0.148320E+01 -0.104940E+03 +0.155575E+03 -0.737182E+02 +0.270128E+02 +0.132176E+02 +0.000000E+00 +0.000000E+00 +0.244269E-02 -0.191389E-02 +0.000000E+00 +0.502270E-03 +0.000000E+00 +0.000000E+00
 +0.148320E+01 -0.104950E+03 +0.155603E+03 -0.736833E+02 +0.270335E+02 +0.131534E+02 +0.000000E+00 +0.000000E+00 +0.244282E-02 -0.191362E-02 +0.000000E+00 +0.499830E-03 +0.000000E+00 +0.000000E+00
 +0.148320E+01 -0.104960E+03 +0.155631E+03 -0.736484E+02 +0.270541E+02 +0.130892E+02 +0.000000E+00 +0.000000E+00 +0.244295E-02 -0.191335E-02 +0.000000E+00 +0.497390E-03 +0.000000E+00 +0.000000E+00
 +0.148320E+01 -0.104970E+03 +0.155658E+03 -0.736136E+02 +0.270748E+02 +0.130250E+02 +0.000000E+00 +0.000000E+00 +0.244309E-02 -0.191308E-02 +0.000000E+00 +0.494950E-03 +0.000000E+00 +0.000000E+00
 +0.148320E+01 -0.104980E+03 +0.155686E+03 -0.735787E+02 +0.270954E+02 +0.129608E+02 +0.000000E+00 +0.000000E+00 +0.244322E-02 -0.191281E-02 +0.000000E+00 +0.492509E-03 +0.000000E+00 +0.000000E+00
 +0.148320E+01 -0.104990E+03 +0.155700E+03 -0.735183E+02 +0.271201E+02 +0.128980E+02 +0.000000E+00 +0.000000E+00 +0.244303E-02 -0.191213E-02 +0.000000E+00 +0.490124E-03 +0.000000E+00 +0.000000E+00
