%X Y s_xx s_yy s_zz s_xy s_xz s_yz e_xx e_yy e_zz e_xy e_xz e_yz
 +0.163894E+01 -0.100000E+03 -0.278228E+03 -0.217000E+02 -0.989764E+02 +0.324040E+02 +0.000000E+00 +0.000000E+00 -0.340579E-02 +0.146825E-02 +0.000000E+00 +0.123135E-02 +0.000000E+00 +0.000000E+00
 +0.163894E+01 -0.100010E+03 -0.271463E+03 -0.278430E+02 -0.987709E+02 +0.376722E+02 +0.000000E+00 +0.000000E+00 -0.328114E-02 +0.134763E-02 +0.000000E+00 +0.143154E-02 +0.000000E+00 +0.000000E+00
 +0.163894E+01 -0.100020E+03 -0.264697E+03 -0.339852E+02 -0.985652E+02 +0.429442E+02 +0.000000E+00 +0.000000E+00 -0.315651E-02 +0.122702E-02 +0.000000E+00 +0.163188E-02 +0.000000E+00 +0.000000E+00
 +0.163894E+01 -0.100030E+03 -0.258057E+03 -0.395549E+02 -0.982119E+02 +0.511690E+02 +0.000000E+00 +0.000000E+00 -0.303706E-02 +0.111448E-02 +0.000000E+00 +0.194442E-02 +0.000000E+00 +0.000000E+00
 +0.163894E+01 -0.100040E+03 -0.251421E+03 -0.451207E+02 -0.978587E+02 +0.593834E+02 +0.000000E+00 +0.000000E+00 -0.291768E-02 +0.100202E-02 +0.000000E+00 +0.225657E-02 +0.000000E+00 +0.000000E+00
 +0.163894E+01 -0.100050E+03 -0.246387E+03 -0.492335E+02 -0.975549E+02 +0.635820E+02 +0.000000E+00 +0.000000E+00 -0.282782E-02 +0.918106E-03 +0.000000E+00 +0.241612E-02 +0.000000E+00 +0.000000E+00
 +0.163894E+01 -0.100060E+03 -0.241357E+03 -0.533432E+02 -0.972510E+02 +0.677750E+02 +0.000000E+00 +0.000000E+00 -0.273801E-02 +0.834250E-03 +0.000000E+00 +0.257545E-02 +0.000000E+00 +0.000000E+00
 +0.163894E+01 -0.100070E+03 -0.237130E+03 -0.566435E+02 -0.969454E+02 +0.705009E+02 +0.000000E+00 +0.000000E+00 -0.266352E-02 +0.765736E-03 +0.000000E+00 +0.267904E-02 +0.000000E+00 +0.000000E+00
 +0.163894E+01 -0.100080E+03 -0.232907E+03 -0.599408E+02 -0.966398E+02 +0.732222E+02 +0.000000E+00 +0.000000E+00 -0.258908E-02 +0.697280E-03 +0.000000E+00 +0.278245E-02 +0.000000E+00 +0.000000E+00
 +0.163894E+01 -0.100090E+03 -0.229305E+03 -0.626578E+02 -0.963478E+02 +0.750491E+02 +0.000000E+00 +0.000000E+00 -0.252619E-02 +0.640110E-03 +0.000000E+00 +0.285187E-02 +0.000000E+00 +0.000000E+00
 +0.163894E+01 -0.100100E+03 -0.225707E+03 -0.653720E+02 -0.960559E+02 +0.768724E+02 +0.000000E+00 +0.000000E+00 -0.246336E-02 +0.582996E-03 +0.000000E+00 +0.292115E-02 +0.000000E+00 +0.000000E+00
 +0.163894E+01 -0.100110E+03 -0.222600E+03 -0.676461E+02 -0.957812E+02 +0.781479E+02 +0.000000E+00 +0.000000E+00 -0.240956E-02 +0.534568E-03 +0.000000E+00 +0.296962E-02 +0.000000E+00 +0.000000E+00
 +0.163894E+01 -0.100120E+03 -0.219497E+03 -0.699175E+02 -0.955067E+02 +0.794206E+02 +0.000000E+00 +0.000000E+00 -0.235581E-02 +0.486195E-03 +0.000000E+00 +0.301798E-02 +0.000000E+00 +0.000000E+00
 +0.163894E+01 -0.100130E+03 -0.216798E+03 -0.718447E+02 -0.952522E+02 +0.803285E+02 +0.000000E+00 +0.000000E+00 -0.230938E-02 +0.444743E-03 +0.000000E+00 +0.305248E-02 +0.000000E+00 +0.000000E+00
 +0.163894E+01 -0.100140E+03 -0.214103E+03 -0.737694E+02 -0.949978E+02 +0.812341E+02 +0.000000E+00 +0.000000E+00 -0.226300E-02 +0.403341E-03 +0.000000E+00 +0.308690E-02 +0.000000E+00 +0.000000E+00
 +0.163894E+01 -0.100150E+03 -0.211742E+03 -0.754204E+02 -0.947638E+02 +0.818948E+02 +0.000000E+00 +0.000000E+00 -0.222260E-02 +0.367523E-03 +0.000000E+00 +0.311200E-02 +0.000000E+00 +0.000000E+00
 +0.163894E+01 -0.100160E+03 -0.209385E+03 -0.770692E+02 -0.945299E+02 +0.825538E+02 +0.000000E+00 +0.000000E+00 -0.218225E-02 +0.331752E-03 +0.000000E+00 +0.313704E-02 +0.000000E+00 +0.000000E+00
 +0.163894E+01 -0.100170E+03 -0.207306E+03 -0.784987E+02 -0.943154E+02 +0.830447E+02 +0.000000E+00 +0.000000E+00 -0.214681E-02 +0.300517E-03 +0.000000E+00 +0.315570E-02 +0.000000E+00 +0.000000E+00
 +0.163894E+01 -0.100180E+03 -0.205229E+03 -0.799262E+02 -0.941012E+02 +0.835342E+02 +0.000000E+00 +0.000000E+00 -0.211143E-02 +0.269324E-03 +0.000000E+00 +0.317430E-02 +0.000000E+00 +0.000000E+00
 +0.163894E+01 -0.100190E+03 -0.203383E+03 -0.811770E+02 -0.939048E+02 +0.839079E+02 +0.000000E+00 +0.000000E+00 -0.208009E-02 +0.241828E-03 +0.000000E+00 +0.318850E-02 +0.000000E+00 +0.000000E+00
 +0.163894E+01 -0.100200E+03 -0.201540E+03 -0.824260E+02 -0.937086E+02 +0.842804E+02 +0.000000E+00 +0.000000E+00 -0.204879E-02 +0.214371E-03 +0.000000E+00 +0.320266E-02 +0.000000E+00 +0.000000E+00
 +0.163894E+01 -0.100210E+03 -0.199888E+03 -0.835320E+02 -0.935285E+02 +0.845722E+02 +0.000000E+00 +0.000000E+00 -0.202082E-02 +0.189933E-03 +0.000000E+00 +0.321374E-02 +0.000000E+00 +0.000000E+00
 +0.163894E+01 -0.100220E+03 -0.198238E+03 -0.846363E+02 -0.933485E+02 +0.848631E+02 +0.000000E+00 +0.000000E+00 -0.199290E-02 +0.165532E-03 +0.000000E+00 +0.322480E-02 +0.000000E+00 +0.000000E+00
 +0.163894E+01 -0.100230E+03 -0.196747E+03 -0.856245E+02 -0.931826E+02 +0.850974E+02 +0.000000E+00 +0.000000E+00 -0.196772E-02 +0.143603E-03 +0.000000E+00 +0.323370E-02 +0.000000E+00 +0.000000E+00
 +0.163894E+01 -0.100240E+03 -0.195258E+03 -0.866112E+02 -0.930168E+02 +0.853310E+02 +0.000000E+00 +0.000000E+00 -0.194258E-02 +0.121707E-03 +0.000000E+00 +0.324258E-02 +0.000000E+00 +0.000000E+00
 +0.163894E+01 -0.100250E+03 -0.193900E+03 -0.875030E+02 -0.928631E+02 +0.855243E+02 +0.000000E+00 +0.000000E+00 -0.191971E-02 +0.101843E-03 +0.000000E+00 +0.324992E-02 +0.000000E+00 +0.000000E+00
 +0.163894E+01 -0.100260E+03 -0.192545E+03 -0.883934E+02 -0.927096E+02 +0.857171E+02 +0.000000E+00 +0.000000E+00 -0.189687E-02 +0.820078E-04 +0.000000E+00 +0.325725E-02 +0.000000E+00 +0.000000E+00
 +0.163894E+01 -0.100270E+03 -0.191298E+03 -0.892059E+02 -0.925663E+02 +0.858807E+02 +0.000000E+00 +0.000000E+00 -0.187591E-02 +0.638494E-04 +0.000000E+00 +0.326347E-02 +0.000000E+00 +0.000000E+00
 +0.163894E+01 -0.100280E+03 -0.190053E+03 -0.900171E+02 -0.924232E+02 +0.860439E+02 +0.000000E+00 +0.000000E+00 -0.185497E-02 +0.457165E-04 +0.000000E+00 +0.326967E-02 +0.000000E+00 +0.000000E+00
 +0.163894E+01 -0.100290E+03 -0.188899E+03 -0.907638E+02 -0.922887E+02 +0.861855E+02 +0.000000E+00 +0.000000E+00 -0.183560E-02 +0.289736E-04 +0.000000E+00 +0.327505E-02 +0.000000E+00 +0.000000E+00
 +0.163894E+01 -0.100300E+03 -0.187746E+03 -0.915094E+02 -0.921544E+02 +0.863268E+02 +0.000000E+00 +0.000000E+00 -0.181624E-02 +0.122535E-04 +0.000000E+00 +0.328042E-02 +0.000000E+00 +0.000000E+00
 +0.163894E+01 -0.100310E+03 -0.186669E+03 -0.922012E+02 -0.920271E+02 +0.864516E+02 +0.000000E+00 +0.000000E+00 -0.179819E-02 -0.330793E-05 +0.000000E+00 +0.328516E-02 +0.000000E+00 +0.000000E+00
 +0.163894E+01 -0.100320E+03 -0.185593E+03 -0.928920E+02 -0.918999E+02 +0.865761E+02 +0.000000E+00 +0.000000E+00 -0.178016E-02 -0.188489E-04 +0.000000E+00 +0.328989E-02 +0.000000E+00 +0.000000E+00
 +0.163894E+01 -0.100330E+03 -0.184579E+03 -0.935374E+02 -0.917786E+02 +0.866875E+02 +0.000000E+00 +0.000000E+00 -0.176322E-02 -0.334180E-04 +0.000000E+00 +0.329412E-02 +0.000000E+00 +0.000000E+00
 +0.163894E+01 -0.100340E+03 -0.183567E+03 -0.941820E+02 -0.916573E+02 +0.867987E+02 +0.000000E+00 +0.000000E+00 -0.174629E-02 -0.479686E-04 +0.000000E+00 +0.329835E-02 +0.000000E+00 +0.000000E+00
 +0.163894E+01 -0.100350E+03 -0.182608E+03 -0.947880E+02 -0.915407E+02 +0.868990E+02 +0.000000E+00 +0.000000E+00 -0.173028E-02 -0.616983E-04 +0.000000E+00 +0.330216E-02 +0.000000E+00 +0.000000E+00
 +0.163894E+01 -0.100360E+03 -0.181650E+03 -0.953932E+02 -0.914242E+02 +0.869990E+02 +0.000000E+00 +0.000000E+00 -0.171429E-02 -0.754114E-04 +0.000000E+00 +0.330596E-02 +0.000000E+00 +0.000000E+00
 +0.163894E+01 -0.100370E+03 -0.180736E+03 -0.959653E+02 -0.913113E+02 +0.870897E+02 +0.000000E+00 +0.000000E+00 -0.169906E-02 -0.884259E-04 +0.000000E+00 +0.330941E-02 +0.000000E+00 +0.000000E+00
 +0.163894E+01 -0.100380E+03 -0.179823E+03 -0.965367E+02 -0.911985E+02 +0.871801E+02 +0.000000E+00 +0.000000E+00 -0.168386E-02 -0.101425E-03 +0.000000E+00 +0.331284E-02 +0.000000E+00 +0.000000E+00
 +0.163894E+01 -0.100390E+03 -0.178947E+03 -0.970794E+02 -0.910886E+02 +0.872621E+02 +0.000000E+00 +0.000000E+00 -0.166930E-02 -0.113825E-03 +0.000000E+00 +0.331596E-02 +0.000000E+00 +0.000000E+00
 +0.163894E+01 -0.100400E+03 -0.178072E+03 -0.976214E+02 -0.909787E+02 +0.873438E+02 +0.000000E+00 +0.000000E+00 -0.165477E-02 -0.126211E-03 +0.000000E+00 +0.331906E-02 +0.000000E+00 +0.000000E+00
 +0.163894E+01 -0.100410E+03 -0.177228E+03 -0.981382E+02 -0.908709E+02 +0.874176E+02 +0.000000E+00 +0.000000E+00 -0.164079E-02 -0.138079E-03 +0.000000E+00 +0.332187E-02 +0.000000E+00 +0.000000E+00
 +0.163894E+01 -0.100420E+03 -0.176385E+03 -0.986544E+02 -0.907631E+02 +0.874912E+02 +0.000000E+00 +0.000000E+00 -0.162682E-02 -0.149934E-03 +0.000000E+00 +0.332466E-02 +0.000000E+00 +0.000000E+00
 +0.163894E+01 -0.100430E+03 -0.175570E+03 -0.991482E+02 -0.906569E+02 +0.875571E+02 +0.000000E+00 +0.000000E+00 -0.161334E-02 -0.161336E-03 +0.000000E+00 +0.332717E-02 +0.000000E+00 +0.000000E+00
 +0.163894E+01 -0.100440E+03 -0.174754E+03 -0.996415E+02 -0.905506E+02 +0.876229E+02 +0.000000E+00 +0.000000E+00 -0.159987E-02 -0.172727E-03 +0.000000E+00 +0.332967E-02 +0.000000E+00 +0.000000E+00
 +0.163894E+01 -0.100450E+03 -0.173962E+03 -0.100115E+03 -0.904454E+02 +0.876812E+02 +0.000000E+00 +0.000000E+00 -0.158682E-02 -0.183719E-03 +0.000000E+00 +0.333189E-02 +0.000000E+00 +0.000000E+00
 +0.163894E+01 -0.100460E+03 -0.173170E+03 -0.100588E+03 -0.903401E+02 +0.877393E+02 +0.000000E+00 +0.000000E+00 -0.157378E-02 -0.194700E-03 +0.000000E+00 +0.333409E-02 +0.000000E+00 +0.000000E+00
 +0.163894E+01 -0.100470E+03 -0.172399E+03 -0.101042E+03 -0.902355E+02 +0.877900E+02 +0.000000E+00 +0.000000E+00 -0.156110E-02 -0.205327E-03 +0.000000E+00 +0.333602E-02 +0.000000E+00 +0.000000E+00
 +0.163894E+01 -0.100480E+03 -0.171627E+03 -0.101496E+03 -0.901308E+02 +0.878406E+02 +0.000000E+00 +0.000000E+00 -0.154843E-02 -0.215944E-03 +0.000000E+00 +0.333794E-02 +0.000000E+00 +0.000000E+00
 +0.163894E+01 -0.100490E+03 -0.170873E+03 -0.101934E+03 -0.900263E+02 +0.878838E+02 +0.000000E+00 +0.000000E+00 -0.153609E-02 -0.226244E-03 +0.000000E+00 +0.333958E-02 +0.000000E+00 +0.000000E+00
 +0.163894E+01 -0.100500E+03 -0.170119E+03 -0.102371E+03 -0.899219E+02 +0.879268E+02 +0.000000E+00 +0.000000E+00 -0.152375E-02 -0.236534E-03 +0.000000E+00 +0.334122E-02 +0.000000E+00 +0.000000E+00
 +0.163894E+01 -0.100510E+03 -0.169381E+03 -0.102793E+03 -0.898173E+02 +0.879625E+02 +0.000000E+00 +0.000000E+00 -0.151171E-02 -0.246536E-03 +0.000000E+00 +0.334257E-02 +0.000000E+00 +0.000000E+00
 +0.163894E+01 -0.100520E+03 -0.168642E+03 -0.103214E+03 -0.897127E+02 +0.879979E+02 +0.000000E+00 +0.000000E+00 -0.149966E-02 -0.256530E-03 +0.000000E+00 +0.334392E-02 +0.000000E+00 +0.000000E+00
 +0.163894E+01 -0.100530E+03 -0.167917E+03 -0.103622E+03 -0.896078E+02 +0.880260E+02 +0.000000E+00 +0.000000E+00 -0.148788E-02 -0.266261E-03 +0.000000E+00 +0.334499E-02 +0.000000E+00 +0.000000E+00
 +0.163894E+01 -0.100540E+03 -0.167192E+03 -0.104028E+03 -0.895029E+02 +0.880539E+02 +0.000000E+00 +0.000000E+00 -0.147610E-02 -0.275984E-03 +0.000000E+00 +0.334605E-02 +0.000000E+00 +0.000000E+00
 +0.163894E+01 -0.100550E+03 -0.166479E+03 -0.104422E+03 -0.893974E+02 +0.880745E+02 +0.000000E+00 +0.000000E+00 -0.146456E-02 -0.285466E-03 +0.000000E+00 +0.334683E-02 +0.000000E+00 +0.000000E+00
 +0.163894E+01 -0.100560E+03 -0.165766E+03 -0.104815E+03 -0.892919E+02 +0.880948E+02 +0.000000E+00 +0.000000E+00 -0.145302E-02 -0.294940E-03 +0.000000E+00 +0.334760E-02 +0.000000E+00 +0.000000E+00
 +0.163894E+01 -0.100570E+03 -0.165064E+03 -0.105196E+03 -0.891857E+02 +0.881078E+02 +0.000000E+00 +0.000000E+00 -0.144169E-02 -0.304190E-03 +0.000000E+00 +0.334810E-02 +0.000000E+00 +0.000000E+00
 +0.163894E+01 -0.100580E+03 -0.164362E+03 -0.105576E+03 -0.890795E+02 +0.881206E+02 +0.000000E+00 +0.000000E+00 -0.143037E-02 -0.313432E-03 +0.000000E+00 +0.334858E-02 +0.000000E+00 +0.000000E+00
 +0.163894E+01 -0.100590E+03 -0.163669E+03 -0.105944E+03 -0.889724E+02 +0.881261E+02 +0.000000E+00 +0.000000E+00 -0.141924E-02 -0.322466E-03 +0.000000E+00 +0.334879E-02 +0.000000E+00 +0.000000E+00
 +0.163894E+01 -0.100600E+03 -0.162977E+03 -0.106312E+03 -0.888654E+02 +0.881313E+02 +0.000000E+00 +0.000000E+00 -0.140812E-02 -0.331492E-03 +0.000000E+00 +0.334899E-02 +0.000000E+00 +0.000000E+00
 +0.163894E+01 -0.100610E+03 -0.162293E+03 -0.106669E+03 -0.887574E+02 +0.881292E+02 +0.000000E+00 +0.000000E+00 -0.139717E-02 -0.340322E-03 +0.000000E+00 +0.334891E-02 +0.000000E+00 +0.000000E+00
 +0.163894E+01 -0.100620E+03 -0.161609E+03 -0.107025E+03 -0.886494E+02 +0.881269E+02 +0.000000E+00 +0.000000E+00 -0.138623E-02 -0.349144E-03 +0.000000E+00 +0.334882E-02 +0.000000E+00 +0.000000E+00
 +0.163894E+01 -0.100630E+03 -0.160933E+03 -0.107371E+03 -0.885404E+02 +0.881174E+02 +0.000000E+00 +0.000000E+00 -0.137546E-02 -0.357780E-03 +0.000000E+00 +0.334846E-02 +0.000000E+00 +0.000000E+00
 +0.163894E+01 -0.100640E+03 -0.160258E+03 -0.107716E+03 -0.884313E+02 +0.881077E+02 +0.000000E+00 +0.000000E+00 -0.136470E-02 -0.366410E-03 +0.000000E+00 +0.334809E-02 +0.000000E+00 +0.000000E+00
 +0.163894E+01 -0.100650E+03 -0.159589E+03 -0.108051E+03 -0.883212E+02 +0.880908E+02 +0.000000E+00 +0.000000E+00 -0.135409E-02 -0.374862E-03 +0.000000E+00 +0.334745E-02 +0.000000E+00 +0.000000E+00
 +0.163894E+01 -0.100660E+03 -0.158921E+03 -0.108385E+03 -0.882111E+02 +0.880736E+02 +0.000000E+00 +0.000000E+00 -0.134349E-02 -0.383308E-03 +0.000000E+00 +0.334680E-02 +0.000000E+00 +0.000000E+00
 +0.163894E+01 -0.100670E+03 -0.158260E+03 -0.108710E+03 -0.880999E+02 +0.880494E+02 +0.000000E+00 +0.000000E+00 -0.133304E-02 -0.391585E-03 +0.000000E+00 +0.334588E-02 +0.000000E+00 +0.000000E+00
 +0.163894E+01 -0.100680E+03 -0.157599E+03 -0.109034E+03 -0.879886E+02 +0.880249E+02 +0.000000E+00 +0.000000E+00 -0.132259E-02 -0.399854E-03 +0.000000E+00 +0.334494E-02 +0.000000E+00 +0.000000E+00
 +0.163894E+01 -0.100690E+03 -0.156944E+03 -0.109348E+03 -0.878763E+02 +0.879934E+02 +0.000000E+00 +0.000000E+00 -0.131228E-02 -0.407962E-03 +0.000000E+00 +0.334375E-02 +0.000000E+00 +0.000000E+00
 +0.163894E+01 -0.100700E+03 -0.156289E+03 -0.109662E+03 -0.877639E+02 +0.879616E+02 +0.000000E+00 +0.000000E+00 -0.130198E-02 -0.416063E-03 +0.000000E+00 +0.334254E-02 +0.000000E+00 +0.000000E+00
 +0.163894E+01 -0.100710E+03 -0.155641E+03 -0.109967E+03 -0.876504E+02 +0.879231E+02 +0.000000E+00 +0.000000E+00 -0.129182E-02 -0.424007E-03 +0.000000E+00 +0.334108E-02 +0.000000E+00 +0.000000E+00
 +0.163894E+01 -0.100720E+03 -0.154992E+03 -0.110271E+03 -0.875368E+02 +0.878842E+02 +0.000000E+00 +0.000000E+00 -0.128166E-02 -0.431944E-03 +0.000000E+00 +0.333960E-02 +0.000000E+00 +0.000000E+00
 +0.163894E+01 -0.100730E+03 -0.154350E+03 -0.110566E+03 -0.874222E+02 +0.878385E+02 +0.000000E+00 +0.000000E+00 -0.127163E-02 -0.439730E-03 +0.000000E+00 +0.333786E-02 +0.000000E+00 +0.000000E+00
 +0.163894E+01 -0.100740E+03 -0.153708E+03 -0.110861E+03 -0.873075E+02 +0.877926E+02 +0.000000E+00 +0.000000E+00 -0.126160E-02 -0.447509E-03 +0.000000E+00 +0.333612E-02 +0.000000E+00 +0.000000E+00
 +0.163894E+01 -0.100750E+03 -0.153071E+03 -0.111147E+03 -0.871917E+02 +0.877401E+02 +0.000000E+00 +0.000000E+00 -0.125170E-02 -0.455142E-03 +0.000000E+00 +0.333412E-02 +0.000000E+00 +0.000000E+00
 +0.163894E+01 -0.100760E+03 -0.152434E+03 -0.111432E+03 -0.870759E+02 +0.876873E+02 +0.000000E+00 +0.000000E+00 -0.124181E-02 -0.462767E-03 +0.000000E+00 +0.333212E-02 +0.000000E+00 +0.000000E+00
 +0.163894E+01 -0.100770E+03 -0.151803E+03 -0.111709E+03 -0.869589E+02 +0.876280E+02 +0.000000E+00 +0.000000E+00 -0.123204E-02 -0.470250E-03 +0.000000E+00 +0.332986E-02 +0.000000E+00 +0.000000E+00
 +0.163894E+01 -0.100780E+03 -0.151172E+03 -0.111985E+03 -0.868420E+02 +0.875684E+02 +0.000000E+00 +0.000000E+00 -0.122227E-02 -0.477725E-03 +0.000000E+00 +0.332760E-02 +0.000000E+00 +0.000000E+00
 +0.163894E+01 -0.100790E+03 -0.150546E+03 -0.112254E+03 -0.867240E+02 +0.875025E+02 +0.000000E+00 +0.000000E+00 -0.121263E-02 -0.485062E-03 +0.000000E+00 +0.332509E-02 +0.000000E+00 +0.000000E+00
 +0.163894E+01 -0.100800E+03 -0.149921E+03 -0.112521E+03 -0.866059E+02 +0.874362E+02 +0.000000E+00 +0.000000E+00 -0.120299E-02 -0.492391E-03 +0.000000E+00 +0.332258E-02 +0.000000E+00 +0.000000E+00
 +0.163894E+01 -0.100810E+03 -0.149301E+03 -0.112781E+03 -0.864868E+02 +0.873638E+02 +0.000000E+00 +0.000000E+00 -0.119346E-02 -0.499585E-03 +0.000000E+00 +0.331983E-02 +0.000000E+00 +0.000000E+00
 +0.163894E+01 -0.100820E+03 -0.148680E+03 -0.113040E+03 -0.863677E+02 +0.872911E+02 +0.000000E+00 +0.000000E+00 -0.118394E-02 -0.506771E-03 +0.000000E+00 +0.331706E-02 +0.000000E+00 +0.000000E+00
 +0.163894E+01 -0.100830E+03 -0.148065E+03 -0.113291E+03 -0.862476E+02 +0.872124E+02 +0.000000E+00 +0.000000E+00 -0.117454E-02 -0.513824E-03 +0.000000E+00 +0.331407E-02 +0.000000E+00 +0.000000E+00
 +0.163894E+01 -0.100840E+03 -0.147451E+03 -0.113542E+03 -0.861274E+02 +0.871333E+02 +0.000000E+00 +0.000000E+00 -0.116514E-02 -0.520869E-03 +0.000000E+00 +0.331107E-02 +0.000000E+00 +0.000000E+00
 +0.163894E+01 -0.100850E+03 -0.146841E+03 -0.113784E+03 -0.860063E+02 +0.870484E+02 +0.000000E+00 +0.000000E+00 -0.115585E-02 -0.527785E-03 +0.000000E+00 +0.330784E-02 +0.000000E+00 +0.000000E+00
 +0.163894E+01 -0.100860E+03 -0.146231E+03 -0.114027E+03 -0.858851E+02 +0.869631E+02 +0.000000E+00 +0.000000E+00 -0.114657E-02 -0.534693E-03 +0.000000E+00 +0.330460E-02 +0.000000E+00 +0.000000E+00
 +0.163894E+01 -0.100870E+03 -0.145626E+03 -0.114262E+03 -0.857630E+02 +0.868722E+02 +0.000000E+00 +0.000000E+00 -0.113740E-02 -0.541473E-03 +0.000000E+00 +0.330114E-02 +0.000000E+00 +0.000000E+00
 +0.163894E+01 -0.100880E+03 -0.145022E+03 -0.114496E+03 -0.856409E+02 +0.867809E+02 +0.000000E+00 +0.000000E+00 -0.112824E-02 -0.548246E-03 +0.000000E+00 +0.329767E-02 +0.000000E+00 +0.000000E+00
 +0.163894E+01 -0.100890E+03 -0.144422E+03 -0.114723E+03 -0.855179E+02 +0.866841E+02 +0.000000E+00 +0.000000E+00 -0.111919E-02 -0.554892E-03 +0.000000E+00 +0.329399E-02 +0.000000E+00 +0.000000E+00
 +0.163894E+01 -0.100900E+03 -0.143823E+03 -0.114949E+03 -0.853948E+02 +0.865869E+02 +0.000000E+00 +0.000000E+00 -0.111014E-02 -0.561532E-03 +0.000000E+00 +0.329030E-02 +0.000000E+00 +0.000000E+00
 +0.163894E+01 -0.100910E+03 -0.143229E+03 -0.115168E+03 -0.852710E+02 +0.864844E+02 +0.000000E+00 +0.000000E+00 -0.110120E-02 -0.568048E-03 +0.000000E+00 +0.328641E-02 +0.000000E+00 +0.000000E+00
 +0.163894E+01 -0.100920E+03 -0.142635E+03 -0.115387E+03 -0.851470E+02 +0.863815E+02 +0.000000E+00 +0.000000E+00 -0.109226E-02 -0.574556E-03 +0.000000E+00 +0.328250E-02 +0.000000E+00 +0.000000E+00
 +0.163894E+01 -0.100930E+03 -0.142045E+03 -0.115598E+03 -0.850223E+02 +0.862735E+02 +0.000000E+00 +0.000000E+00 -0.108343E-02 -0.580942E-03 +0.000000E+00 +0.327839E-02 +0.000000E+00 +0.000000E+00
 +0.163894E+01 -0.100940E+03 -0.141456E+03 -0.115809E+03 -0.848976E+02 +0.861651E+02 +0.000000E+00 +0.000000E+00 -0.107461E-02 -0.587321E-03 +0.000000E+00 +0.327427E-02 +0.000000E+00 +0.000000E+00
 +0.163894E+01 -0.100950E+03 -0.140872E+03 -0.116013E+03 -0.847721E+02 +0.860516E+02 +0.000000E+00 +0.000000E+00 -0.106590E-02 -0.593580E-03 +0.000000E+00 +0.326996E-02 +0.000000E+00 +0.000000E+00
 +0.163894E+01 -0.100960E+03 -0.140288E+03 -0.116217E+03 -0.846465E+02 +0.859378E+02 +0.000000E+00 +0.000000E+00 -0.105719E-02 -0.599831E-03 +0.000000E+00 +0.326564E-02 +0.000000E+00 +0.000000E+00
 +0.163894E+01 -0.100970E+03 -0.139709E+03 -0.116413E+03 -0.845203E+02 +0.858192E+02 +0.000000E+00 +0.000000E+00 -0.104858E-02 -0.605964E-03 +0.000000E+00 +0.326113E-02 +0.000000E+00 +0.000000E+00
 +0.163894E+01 -0.100980E+03 -0.139130E+03 -0.116609E+03 -0.843940E+02 +0.857002E+02 +0.000000E+00 +0.000000E+00 -0.103999E-02 -0.612090E-03 +0.000000E+00 +0.325661E-02 +0.000000E+00 +0.000000E+00
 +0.163894E+01 -0.100990E+03 -0.138556E+03 -0.116799E+03 -0.842670E+02 +0.855764E+02 +0.000000E+00 +0.000000E+00 -0.103149E-02 -0.618099E-03 +0.000000E+00 +0.325190E-02 +0.000000E+00 +0.000000E+00
 +0.163894E+01 -0.101000E+03 -0.137982E+03 -0.116987E+03 -0.841400E+02 +0.854524E+02 +0.000000E+00 +0.000000E+00 -0.102301E-02 -0.624100E-03 +0.000000E+00 +0.324719E-02 +0.000000E+00 +0.000000E+00
 +0.163894E+01 -0.101010E+03 -0.137414E+03 -0.117170E+03 -0.840124E+02 +0.853238E+02 +0.000000E+00 +0.000000E+00 -0.101462E-02 -0.629986E-03 +0.000000E+00 +0.324230E-02 +0.000000E+00 +0.000000E+00
 +0.163894E+01 -0.101020E+03 -0.136845E+03 -0.117351E+03 -0.838848E+02 +0.851948E+02 +0.000000E+00 +0.000000E+00 -0.100624E-02 -0.635865E-03 +0.000000E+00 +0.323740E-02 +0.000000E+00 +0.000000E+00
 +0.163894E+01 -0.101030E+03 -0.136281E+03 -0.117527E+03 -0.837566E+02 +0.850615E+02 +0.000000E+00 +0.000000E+00 -0.997969E-03 -0.641630E-03 +0.000000E+00 +0.323234E-02 +0.000000E+00 +0.000000E+00
 +0.163894E+01 -0.101040E+03 -0.135718E+03 -0.117701E+03 -0.836284E+02 +0.849278E+02 +0.000000E+00 +0.000000E+00 -0.989702E-03 -0.647387E-03 +0.000000E+00 +0.322726E-02 +0.000000E+00 +0.000000E+00
 +0.163894E+01 -0.101050E+03 -0.135159E+03 -0.117870E+03 -0.834996E+02 +0.847899E+02 +0.000000E+00 +0.000000E+00 -0.981535E-03 -0.653033E-03 +0.000000E+00 +0.322202E-02 +0.000000E+00 +0.000000E+00
 +0.163894E+01 -0.101060E+03 -0.134601E+03 -0.118038E+03 -0.833708E+02 +0.846516E+02 +0.000000E+00 +0.000000E+00 -0.973376E-03 -0.658670E-03 +0.000000E+00 +0.321676E-02 +0.000000E+00 +0.000000E+00
 +0.163894E+01 -0.101070E+03 -0.134048E+03 -0.118199E+03 -0.832415E+02 +0.845093E+02 +0.000000E+00 +0.000000E+00 -0.965318E-03 -0.664198E-03 +0.000000E+00 +0.321135E-02 +0.000000E+00 +0.000000E+00
 +0.163894E+01 -0.101080E+03 -0.133495E+03 -0.118360E+03 -0.831122E+02 +0.843666E+02 +0.000000E+00 +0.000000E+00 -0.957267E-03 -0.669717E-03 +0.000000E+00 +0.320593E-02 +0.000000E+00 +0.000000E+00
 +0.163894E+01 -0.101090E+03 -0.132946E+03 -0.118515E+03 -0.829824E+02 +0.842200E+02 +0.000000E+00 +0.000000E+00 -0.949317E-03 -0.675127E-03 +0.000000E+00 +0.320036E-02 +0.000000E+00 +0.000000E+00
 +0.163894E+01 -0.101100E+03 -0.132399E+03 -0.118670E+03 -0.828527E+02 +0.840731E+02 +0.000000E+00 +0.000000E+00 -0.941374E-03 -0.680530E-03 +0.000000E+00 +0.319478E-02 +0.000000E+00 +0.000000E+00
 +0.163894E+01 -0.101110E+03 -0.131856E+03 -0.118819E+03 -0.827225E+02 +0.839224E+02 +0.000000E+00 +0.000000E+00 -0.933530E-03 -0.685825E-03 +0.000000E+00 +0.318905E-02 +0.000000E+00 +0.000000E+00
 +0.163894E+01 -0.101120E+03 -0.131313E+03 -0.118967E+03 -0.825923E+02 +0.837714E+02 +0.000000E+00 +0.000000E+00 -0.925694E-03 -0.691112E-03 +0.000000E+00 +0.318331E-02 +0.000000E+00 +0.000000E+00
 +0.163894E+01 -0.101130E+03 -0.130775E+03 -0.119109E+03 -0.824617E+02 +0.836167E+02 +0.000000E+00 +0.000000E+00 -0.917957E-03 -0.696293E-03 +0.000000E+00 +0.317744E-02 +0.000000E+00 +0.000000E+00
 +0.163894E+01 -0.101140E+03 -0.130238E+03 -0.119250E+03 -0.823311E+02 +0.834618E+02 +0.000000E+00 +0.000000E+00 -0.910228E-03 -0.701465E-03 +0.000000E+00 +0.317155E-02 +0.000000E+00 +0.000000E+00
 +0.163894E+01 -0.101150E+03 -0.129705E+03 -0.119386E+03 -0.822002E+02 +0.833033E+02 +0.000000E+00 +0.000000E+00 -0.902597E-03 -0.706534E-03 +0.000000E+00 +0.316552E-02 +0.000000E+00 +0.000000E+00
 +0.163894E+01 -0.101160E+03 -0.129173E+03 -0.119522E+03 -0.820692E+02 +0.831445E+02 +0.000000E+00 +0.000000E+00 -0.894974E-03 -0.711593E-03 +0.000000E+00 +0.315949E-02 +0.000000E+00 +0.000000E+00
 +0.163894E+01 -0.101170E+03 -0.128646E+03 -0.119651E+03 -0.819380E+02 +0.829824E+02 +0.000000E+00 +0.000000E+00 -0.887448E-03 -0.716550E-03 +0.000000E+00 +0.315333E-02 +0.000000E+00 +0.000000E+00
 +0.163894E+01 -0.101180E+03 -0.128119E+03 -0.119780E+03 -0.818067E+02 +0.828200E+02 +0.000000E+00 +0.000000E+00 -0.879930E-03 -0.721499E-03 +0.000000E+00 +0.314716E-02 +0.000000E+00 +0.000000E+00
 +0.163894E+01 -0.101190E+03 -0.127597E+03 -0.119904E+03 -0.816752E+02 +0.826544E+02 +0.000000E+00 +0.000000E+00 -0.872510E-03 -0.726345E-03 +0.000000E+00 +0.314087E-02 +0.000000E+00 +0.000000E+00
 +0.163894E+01 -0.101200E+03 -0.127075E+03 -0.120027E+03 -0.815437E+02 +0.824885E+02 +0.000000E+00 +0.000000E+00 -0.865097E-03 -0.731183E-03 +0.000000E+00 +0.313456E-02 +0.000000E+00 +0.000000E+00
 +0.163894E+01 -0.101210E+03 -0.126558E+03 -0.120145E+03 -0.814120E+02 +0.823194E+02 +0.000000E+00 +0.000000E+00 -0.857781E-03 -0.735921E-03 +0.000000E+00 +0.312814E-02 +0.000000E+00 +0.000000E+00
 +0.163894E+01 -0.101220E+03 -0.126042E+03 -0.120262E+03 -0.812803E+02 +0.821502E+02 +0.000000E+00 +0.000000E+00 -0.850472E-03 -0.740650E-03 +0.000000E+00 +0.312171E-02 +0.000000E+00 +0.000000E+00
 +0.163894E+01 -0.101230E+03 -0.125530E+03 -0.120374E+03 -0.811483E+02 +0.819779E+02 +0.000000E+00 +0.000000E+00 -0.843260E-03 -0.745280E-03 +0.000000E+00 +0.311516E-02 +0.000000E+00 +0.000000E+00
 +0.163894E+01 -0.101240E+03 -0.125019E+03 -0.120485E+03 -0.810164E+02 +0.818054E+02 +0.000000E+00 +0.000000E+00 -0.836056E-03 -0.749902E-03 +0.000000E+00 +0.310861E-02 +0.000000E+00 +0.000000E+00
 +0.163894E+01 -0.101250E+03 -0.124513E+03 -0.120591E+03 -0.808844E+02 +0.816301E+02 +0.000000E+00 +0.000000E+00 -0.828946E-03 -0.754426E-03 +0.000000E+00 +0.310194E-02 +0.000000E+00 +0.000000E+00
 +0.163894E+01 -0.101260E+03 -0.124007E+03 -0.120697E+03 -0.807523E+02 +0.814545E+02 +0.000000E+00 +0.000000E+00 -0.821845E-03 -0.758941E-03 +0.000000E+00 +0.309527E-02 +0.000000E+00 +0.000000E+00
 +0.163894E+01 -0.101270E+03 -0.123506E+03 -0.120797E+03 -0.806201E+02 +0.812762E+02 +0.000000E+00 +0.000000E+00 -0.814839E-03 -0.763360E-03 +0.000000E+00 +0.308850E-02 +0.000000E+00 +0.000000E+00
 +0.163894E+01 -0.101280E+03 -0.123006E+03 -0.120897E+03 -0.804879E+02 +0.810977E+02 +0.000000E+00 +0.000000E+00 -0.807841E-03 -0.767771E-03 +0.000000E+00 +0.308171E-02 +0.000000E+00 +0.000000E+00
 +0.163894E+01 -0.101290E+03 -0.122510E+03 -0.120992E+03 -0.803556E+02 +0.809166E+02 +0.000000E+00 +0.000000E+00 -0.800936E-03 -0.772086E-03 +0.000000E+00 +0.307483E-02 +0.000000E+00 +0.000000E+00
 +0.163894E+01 -0.101300E+03 -0.122015E+03 -0.121086E+03 -0.802233E+02 +0.807352E+02 +0.000000E+00 +0.000000E+00 -0.794040E-03 -0.776393E-03 +0.000000E+00 +0.306794E-02 +0.000000E+00 +0.000000E+00
 +0.163894E+01 -0.101310E+03 -0.121525E+03 -0.121176E+03 -0.800910E+02 +0.805514E+02 +0.000000E+00 +0.000000E+00 -0.787237E-03 -0.780606E-03 +0.000000E+00 +0.306095E-02 +0.000000E+00 +0.000000E+00
 +0.163894E+01 -0.101320E+03 -0.121035E+03 -0.121264E+03 -0.799587E+02 +0.803674E+02 +0.000000E+00 +0.000000E+00 -0.780442E-03 -0.784810E-03 +0.000000E+00 +0.305396E-02 +0.000000E+00 +0.000000E+00
 +0.163894E+01 -0.101330E+03 -0.120550E+03 -0.121349E+03 -0.798264E+02 +0.801810E+02 +0.000000E+00 +0.000000E+00 -0.773740E-03 -0.788922E-03 +0.000000E+00 +0.304688E-02 +0.000000E+00 +0.000000E+00
 +0.163894E+01 -0.101340E+03 -0.120065E+03 -0.121432E+03 -0.796940E+02 +0.799944E+02 +0.000000E+00 +0.000000E+00 -0.767046E-03 -0.793025E-03 +0.000000E+00 +0.303979E-02 +0.000000E+00 +0.000000E+00
 +0.163894E+01 -0.101350E+03 -0.119585E+03 -0.121511E+03 -0.795617E+02 +0.798056E+02 +0.000000E+00 +0.000000E+00 -0.760444E-03 -0.797036E-03 +0.000000E+00 +0.303261E-02 +0.000000E+00 +0.000000E+00
 +0.163894E+01 -0.101360E+03 -0.119106E+03 -0.121589E+03 -0.794294E+02 +0.796166E+02 +0.000000E+00 +0.000000E+00 -0.753850E-03 -0.801040E-03 +0.000000E+00 +0.302543E-02 +0.000000E+00 +0.000000E+00
 +0.163894E+01 -0.101370E+03 -0.118631E+03 -0.121663E+03 -0.792971E+02 +0.794254E+02 +0.000000E+00 +0.000000E+00 -0.747347E-03 -0.804953E-03 +0.000000E+00 +0.301816E-02 +0.000000E+00 +0.000000E+00
 +0.163894E+01 -0.101380E+03 -0.118157E+03 -0.121736E+03 -0.791648E+02 +0.792340E+02 +0.000000E+00 +0.000000E+00 -0.740853E-03 -0.808857E-03 +0.000000E+00 +0.301089E-02 +0.000000E+00 +0.000000E+00
 +0.163894E+01 -0.101390E+03 -0.117688E+03 -0.121805E+03 -0.790326E+02 +0.790407E+02 +0.000000E+00 +0.000000E+00 -0.734449E-03 -0.812673E-03 +0.000000E+00 +0.300355E-02 +0.000000E+00 +0.000000E+00
 +0.163894E+01 -0.101400E+03 -0.117219E+03 -0.121873E+03 -0.789004E+02 +0.788471E+02 +0.000000E+00 +0.000000E+00 -0.728054E-03 -0.816481E-03 +0.000000E+00 +0.299619E-02 +0.000000E+00 +0.000000E+00
 +0.163894E+01 -0.101410E+03 -0.116755E+03 -0.121937E+03 -0.787683E+02 +0.786517E+02 +0.000000E+00 +0.000000E+00 -0.721748E-03 -0.820200E-03 +0.000000E+00 +0.298876E-02 +0.000000E+00 +0.000000E+00
 +0.163894E+01 -0.101420E+03 -0.116291E+03 -0.122000E+03 -0.786362E+02 +0.784560E+02 +0.000000E+00 +0.000000E+00 -0.715451E-03 -0.823912E-03 +0.000000E+00 +0.298133E-02 +0.000000E+00 +0.000000E+00
 +0.163894E+01 -0.101430E+03 -0.115833E+03 -0.122059E+03 -0.785042E+02 +0.782586E+02 +0.000000E+00 +0.000000E+00 -0.709242E-03 -0.827537E-03 +0.000000E+00 +0.297383E-02 +0.000000E+00 +0.000000E+00
 +0.163894E+01 -0.101440E+03 -0.115374E+03 -0.122117E+03 -0.783722E+02 +0.780610E+02 +0.000000E+00 +0.000000E+00 -0.703042E-03 -0.831153E-03 +0.000000E+00 +0.296632E-02 +0.000000E+00 +0.000000E+00
 +0.163894E+01 -0.101450E+03 -0.114921E+03 -0.122171E+03 -0.782404E+02 +0.778616E+02 +0.000000E+00 +0.000000E+00 -0.696930E-03 -0.834685E-03 +0.000000E+00 +0.295874E-02 +0.000000E+00 +0.000000E+00
 +0.163894E+01 -0.101460E+03 -0.114468E+03 -0.122225E+03 -0.781086E+02 +0.776622E+02 +0.000000E+00 +0.000000E+00 -0.690827E-03 -0.838207E-03 +0.000000E+00 +0.295116E-02 +0.000000E+00 +0.000000E+00
 +0.163894E+01 -0.101470E+03 -0.114020E+03 -0.122274E+03 -0.779769E+02 +0.774611E+02 +0.000000E+00 +0.000000E+00 -0.684810E-03 -0.841647E-03 +0.000000E+00 +0.294352E-02 +0.000000E+00 +0.000000E+00
 +0.163894E+01 -0.101480E+03 -0.113572E+03 -0.122323E+03 -0.778453E+02 +0.772599E+02 +0.000000E+00 +0.000000E+00 -0.678803E-03 -0.845077E-03 +0.000000E+00 +0.293587E-02 +0.000000E+00 +0.000000E+00
 +0.163894E+01 -0.101490E+03 -0.113129E+03 -0.122368E+03 -0.777138E+02 +0.770571E+02 +0.000000E+00 +0.000000E+00 -0.672882E-03 -0.848425E-03 +0.000000E+00 +0.292817E-02 +0.000000E+00 +0.000000E+00
 +0.163894E+01 -0.101500E+03 -0.112686E+03 -0.122412E+03 -0.775824E+02 +0.768542E+02 +0.000000E+00 +0.000000E+00 -0.666969E-03 -0.851765E-03 +0.000000E+00 +0.292046E-02 +0.000000E+00 +0.000000E+00
 +0.163894E+01 -0.101510E+03 -0.112248E+03 -0.122452E+03 -0.774512E+02 +0.766499E+02 +0.000000E+00 +0.000000E+00 -0.661142E-03 -0.855023E-03 +0.000000E+00 +0.291270E-02 +0.000000E+00 +0.000000E+00
 +0.163894E+01 -0.101520E+03 -0.111811E+03 -0.122492E+03 -0.773200E+02 +0.764455E+02 +0.000000E+00 +0.000000E+00 -0.655324E-03 -0.858273E-03 +0.000000E+00 +0.290493E-02 +0.000000E+00 +0.000000E+00
 +0.163894E+01 -0.101530E+03 -0.111378E+03 -0.122528E+03 -0.771890E+02 +0.762397E+02 +0.000000E+00 +0.000000E+00 -0.649590E-03 -0.861443E-03 +0.000000E+00 +0.289711E-02 +0.000000E+00 +0.000000E+00
 +0.163894E+01 -0.101540E+03 -0.110946E+03 -0.122564E+03 -0.770581E+02 +0.760338E+02 +0.000000E+00 +0.000000E+00 -0.643866E-03 -0.864604E-03 +0.000000E+00 +0.288929E-02 +0.000000E+00 +0.000000E+00
 +0.163894E+01 -0.101550E+03 -0.110518E+03 -0.122595E+03 -0.769274E+02 +0.758267E+02 +0.000000E+00 +0.000000E+00 -0.638224E-03 -0.867687E-03 +0.000000E+00 +0.288142E-02 +0.000000E+00 +0.000000E+00
 +0.163894E+01 -0.101560E+03 -0.110091E+03 -0.122626E+03 -0.767967E+02 +0.756195E+02 +0.000000E+00 +0.000000E+00 -0.632592E-03 -0.870761E-03 +0.000000E+00 +0.287354E-02 +0.000000E+00 +0.000000E+00
 +0.163894E+01 -0.101570E+03 -0.109669E+03 -0.122654E+03 -0.766663E+02 +0.754111E+02 +0.000000E+00 +0.000000E+00 -0.627043E-03 -0.873758E-03 +0.000000E+00 +0.286562E-02 +0.000000E+00 +0.000000E+00
 +0.163894E+01 -0.101580E+03 -0.109247E+03 -0.122680E+03 -0.765359E+02 +0.752026E+02 +0.000000E+00 +0.000000E+00 -0.621503E-03 -0.876746E-03 +0.000000E+00 +0.285770E-02 +0.000000E+00 +0.000000E+00
 +0.163894E+01 -0.101590E+03 -0.108829E+03 -0.122704E+03 -0.764058E+02 +0.749930E+02 +0.000000E+00 +0.000000E+00 -0.616044E-03 -0.879658E-03 +0.000000E+00 +0.284973E-02 +0.000000E+00 +0.000000E+00
 +0.163894E+01 -0.101600E+03 -0.108412E+03 -0.122726E+03 -0.762758E+02 +0.747833E+02 +0.000000E+00 +0.000000E+00 -0.610595E-03 -0.882561E-03 +0.000000E+00 +0.284177E-02 +0.000000E+00 +0.000000E+00
 +0.163894E+01 -0.101610E+03 -0.108000E+03 -0.122745E+03 -0.761460E+02 +0.745727E+02 +0.000000E+00 +0.000000E+00 -0.605226E-03 -0.885389E-03 +0.000000E+00 +0.283376E-02 +0.000000E+00 +0.000000E+00
 +0.163894E+01 -0.101620E+03 -0.107588E+03 -0.122764E+03 -0.760163E+02 +0.743619E+02 +0.000000E+00 +0.000000E+00 -0.599867E-03 -0.888209E-03 +0.000000E+00 +0.282575E-02 +0.000000E+00 +0.000000E+00
 +0.163894E+01 -0.101630E+03 -0.107181E+03 -0.122779E+03 -0.758869E+02 +0.741502E+02 +0.000000E+00 +0.000000E+00 -0.594587E-03 -0.890955E-03 +0.000000E+00 +0.281771E-02 +0.000000E+00 +0.000000E+00
 +0.163894E+01 -0.101640E+03 -0.106774E+03 -0.122794E+03 -0.757575E+02 +0.739385E+02 +0.000000E+00 +0.000000E+00 -0.589317E-03 -0.893693E-03 +0.000000E+00 +0.280966E-02 +0.000000E+00 +0.000000E+00
 +0.163894E+01 -0.101650E+03 -0.106372E+03 -0.122805E+03 -0.756284E+02 +0.737259E+02 +0.000000E+00 +0.000000E+00 -0.584126E-03 -0.896358E-03 +0.000000E+00 +0.280158E-02 +0.000000E+00 +0.000000E+00
 +0.163894E+01 -0.101660E+03 -0.105970E+03 -0.122816E+03 -0.754994E+02 +0.735132E+02 +0.000000E+00 +0.000000E+00 -0.578944E-03 -0.899014E-03 +0.000000E+00 +0.279350E-02 +0.000000E+00 +0.000000E+00
 +0.163894E+01 -0.101670E+03 -0.105573E+03 -0.122823E+03 -0.753708E+02 +0.732998E+02 +0.000000E+00 +0.000000E+00 -0.573841E-03 -0.901599E-03 +0.000000E+00 +0.278539E-02 +0.000000E+00 +0.000000E+00
 +0.163894E+01 -0.101680E+03 -0.105176E+03 -0.122830E+03 -0.752422E+02 +0.730863E+02 +0.000000E+00 +0.000000E+00 -0.568746E-03 -0.904176E-03 +0.000000E+00 +0.277728E-02 +0.000000E+00 +0.000000E+00
 +0.163894E+01 -0.101690E+03 -0.104784E+03 -0.122834E+03 -0.751139E+02 +0.728721E+02 +0.000000E+00 +0.000000E+00 -0.563729E-03 -0.906682E-03 +0.000000E+00 +0.276914E-02 +0.000000E+00 +0.000000E+00
 +0.163894E+01 -0.101700E+03 -0.104392E+03 -0.122837E+03 -0.749857E+02 +0.726578E+02 +0.000000E+00 +0.000000E+00 -0.558721E-03 -0.909180E-03 +0.000000E+00 +0.276100E-02 +0.000000E+00 +0.000000E+00
 +0.163894E+01 -0.101710E+03 -0.104005E+03 -0.122837E+03 -0.748578E+02 +0.724430E+02 +0.000000E+00 +0.000000E+00 -0.553790E-03 -0.911609E-03 +0.000000E+00 +0.275283E-02 +0.000000E+00 +0.000000E+00
 +0.163894E+01 -0.101720E+03 -0.103618E+03 -0.122837E+03 -0.747300E+02 +0.722280E+02 +0.000000E+00 +0.000000E+00 -0.548868E-03 -0.914030E-03 +0.000000E+00 +0.274467E-02 +0.000000E+00 +0.000000E+00
 +0.163894E+01 -0.101730E+03 -0.103235E+03 -0.122833E+03 -0.746026E+02 +0.720126E+02 +0.000000E+00 +0.000000E+00 -0.544021E-03 -0.916382E-03 +0.000000E+00 +0.273648E-02 +0.000000E+00 +0.000000E+00
 +0.163894E+01 -0.101740E+03 -0.102853E+03 -0.122829E+03 -0.744753E+02 +0.717970E+02 +0.000000E+00 +0.000000E+00 -0.539183E-03 -0.918727E-03 +0.000000E+00 +0.272829E-02 +0.000000E+00 +0.000000E+00
 +0.163894E+01 -0.101750E+03 -0.102476E+03 -0.122822E+03 -0.743483E+02 +0.715810E+02 +0.000000E+00 +0.000000E+00 -0.534420E-03 -0.921004E-03 +0.000000E+00 +0.272008E-02 +0.000000E+00 +0.000000E+00
 +0.163894E+01 -0.101760E+03 -0.102099E+03 -0.122815E+03 -0.742214E+02 +0.713649E+02 +0.000000E+00 +0.000000E+00 -0.529666E-03 -0.923274E-03 +0.000000E+00 +0.271187E-02 +0.000000E+00 +0.000000E+00
 +0.163894E+01 -0.101770E+03 -0.101726E+03 -0.122804E+03 -0.740949E+02 +0.711485E+02 +0.000000E+00 +0.000000E+00 -0.524986E-03 -0.925478E-03 +0.000000E+00 +0.270364E-02 +0.000000E+00 +0.000000E+00
 +0.163894E+01 -0.101780E+03 -0.101353E+03 -0.122793E+03 -0.739684E+02 +0.709319E+02 +0.000000E+00 +0.000000E+00 -0.520315E-03 -0.927673E-03 +0.000000E+00 +0.269541E-02 +0.000000E+00 +0.000000E+00
 +0.163894E+01 -0.101790E+03 -0.100985E+03 -0.122779E+03 -0.738424E+02 +0.707151E+02 +0.000000E+00 +0.000000E+00 -0.515717E-03 -0.929804E-03 +0.000000E+00 +0.268717E-02 +0.000000E+00 +0.000000E+00
 +0.163894E+01 -0.101800E+03 -0.100618E+03 -0.122765E+03 -0.737164E+02 +0.704981E+02 +0.000000E+00 +0.000000E+00 -0.511128E-03 -0.931927E-03 +0.000000E+00 +0.267893E-02 +0.000000E+00 +0.000000E+00
 +0.163894E+01 -0.101810E+03 -0.100255E+03 -0.122748E+03 -0.735909E+02 +0.702809E+02 +0.000000E+00 +0.000000E+00 -0.506610E-03 -0.933987E-03 +0.000000E+00 +0.267068E-02 +0.000000E+00 +0.000000E+00
 +0.163894E+01 -0.101820E+03 -0.998918E+02 -0.122731E+03 -0.734654E+02 +0.700637E+02 +0.000000E+00 +0.000000E+00 -0.502102E-03 -0.936038E-03 +0.000000E+00 +0.266242E-02 +0.000000E+00 +0.000000E+00
 +0.163894E+01 -0.101830E+03 -0.995332E+02 -0.122710E+03 -0.733403E+02 +0.698462E+02 +0.000000E+00 +0.000000E+00 -0.497665E-03 -0.938027E-03 +0.000000E+00 +0.265416E-02 +0.000000E+00 +0.000000E+00
 +0.163894E+01 -0.101840E+03 -0.991752E+02 -0.122689E+03 -0.732153E+02 +0.696287E+02 +0.000000E+00 +0.000000E+00 -0.493237E-03 -0.940008E-03 +0.000000E+00 +0.264589E-02 +0.000000E+00 +0.000000E+00
 +0.163894E+01 -0.101850E+03 -0.988213E+02 -0.122666E+03 -0.730908E+02 +0.694110E+02 +0.000000E+00 +0.000000E+00 -0.488879E-03 -0.941929E-03 +0.000000E+00 +0.263762E-02 +0.000000E+00 +0.000000E+00
 +0.163894E+01 -0.101860E+03 -0.984679E+02 -0.122642E+03 -0.729663E+02 +0.691933E+02 +0.000000E+00 +0.000000E+00 -0.484530E-03 -0.943841E-03 +0.000000E+00 +0.262935E-02 +0.000000E+00 +0.000000E+00
 +0.163894E+01 -0.101870E+03 -0.981186E+02 -0.122616E+03 -0.728423E+02 +0.689755E+02 +0.000000E+00 +0.000000E+00 -0.480250E-03 -0.945693E-03 +0.000000E+00 +0.262107E-02 +0.000000E+00 +0.000000E+00
 +0.163894E+01 -0.101880E+03 -0.977699E+02 -0.122589E+03 -0.727183E+02 +0.687577E+02 +0.000000E+00 +0.000000E+00 -0.475979E-03 -0.947537E-03 +0.000000E+00 +0.261279E-02 +0.000000E+00 +0.000000E+00
 +0.163894E+01 -0.101890E+03 -0.974252E+02 -0.122559E+03 -0.725948E+02 +0.685397E+02 +0.000000E+00 +0.000000E+00 -0.471777E-03 -0.949322E-03 +0.000000E+00 +0.260451E-02 +0.000000E+00 +0.000000E+00
 +0.163894E+01 -0.101900E+03 -0.970810E+02 -0.122529E+03 -0.724714E+02 +0.683218E+02 +0.000000E+00 +0.000000E+00 -0.467583E-03 -0.951099E-03 +0.000000E+00 +0.259623E-02 +0.000000E+00 +0.000000E+00
 +0.163894E+01 -0.101910E+03 -0.967409E+02 -0.122497E+03 -0.723484E+02 +0.681039E+02 +0.000000E+00 +0.000000E+00 -0.463457E-03 -0.952818E-03 +0.000000E+00 +0.258795E-02 +0.000000E+00 +0.000000E+00
 +0.163894E+01 -0.101920E+03 -0.964013E+02 -0.122464E+03 -0.722255E+02 +0.678859E+02 +0.000000E+00 +0.000000E+00 -0.459339E-03 -0.954530E-03 +0.000000E+00 +0.257967E-02 +0.000000E+00 +0.000000E+00
 +0.163894E+01 -0.101930E+03 -0.960656E+02 -0.122429E+03 -0.721031E+02 +0.676680E+02 +0.000000E+00 +0.000000E+00 -0.455288E-03 -0.956184E-03 +0.000000E+00 +0.257138E-02 +0.000000E+00 +0.000000E+00
 +0.163894E+01 -0.101940E+03 -0.957305E+02 -0.122393E+03 -0.719807E+02 +0.674501E+02 +0.000000E+00 +0.000000E+00 -0.451246E-03 -0.957831E-03 +0.000000E+00 +0.256310E-02 +0.000000E+00 +0.000000E+00
 +0.163894E+01 -0.101950E+03 -0.953994E+02 -0.122355E+03 -0.718589E+02 +0.672322E+02 +0.000000E+00 +0.000000E+00 -0.447270E-03 -0.959422E-03 +0.000000E+00 +0.255482E-02 +0.000000E+00 +0.000000E+00
 +0.163894E+01 -0.101960E+03 -0.950688E+02 -0.122316E+03 -0.717371E+02 +0.670144E+02 +0.000000E+00 +0.000000E+00 -0.443302E-03 -0.961006E-03 +0.000000E+00 +0.254655E-02 +0.000000E+00 +0.000000E+00
 +0.163894E+01 -0.101970E+03 -0.947420E+02 -0.122275E+03 -0.716158E+02 +0.667967E+02 +0.000000E+00 +0.000000E+00 -0.439399E-03 -0.962534E-03 +0.000000E+00 +0.253827E-02 +0.000000E+00 +0.000000E+00
 +0.163894E+01 -0.101980E+03 -0.944159E+02 -0.122234E+03 -0.714946E+02 +0.665790E+02 +0.000000E+00 +0.000000E+00 -0.435505E-03 -0.964055E-03 +0.000000E+00 +0.253000E-02 +0.000000E+00 +0.000000E+00
 +0.163894E+01 -0.101990E+03 -0.940935E+02 -0.122191E+03 -0.713738E+02 +0.663614E+02 +0.000000E+00 +0.000000E+00 -0.431674E-03 -0.965523E-03 +0.000000E+00 +0.252173E-02 +0.000000E+00 +0.000000E+00
 +0.163894E+01 -0.102000E+03 -0.937717E+02 -0.122147E+03 -0.712532E+02 +0.661439E+02 +0.000000E+00 +0.000000E+00 -0.427852E-03 -0.966982E-03 +0.000000E+00 +0.251347E-02 +0.000000E+00 +0.000000E+00
 +0.163894E+01 -0.102010E+03 -0.934537E+02 -0.122101E+03 -0.711330E+02 +0.659265E+02 +0.000000E+00 +0.000000E+00 -0.424093E-03 -0.968390E-03 +0.000000E+00 +0.250521E-02 +0.000000E+00 +0.000000E+00
 +0.163894E+01 -0.102020E+03 -0.931363E+02 -0.122054E+03 -0.710129E+02 +0.657092E+02 +0.000000E+00 +0.000000E+00 -0.420343E-03 -0.969789E-03 +0.000000E+00 +0.249695E-02 +0.000000E+00 +0.000000E+00
 +0.163894E+01 -0.102030E+03 -0.928226E+02 -0.122006E+03 -0.708934E+02 +0.654922E+02 +0.000000E+00 +0.000000E+00 -0.416654E-03 -0.971137E-03 +0.000000E+00 +0.248870E-02 +0.000000E+00 +0.000000E+00
 +0.163894E+01 -0.102040E+03 -0.925094E+02 -0.121957E+03 -0.707739E+02 +0.652752E+02 +0.000000E+00 +0.000000E+00 -0.412975E-03 -0.972477E-03 +0.000000E+00 +0.248046E-02 +0.000000E+00 +0.000000E+00
 +0.163894E+01 -0.102050E+03 -0.922000E+02 -0.121906E+03 -0.706549E+02 +0.650584E+02 +0.000000E+00 +0.000000E+00 -0.409356E-03 -0.973767E-03 +0.000000E+00 +0.247222E-02 +0.000000E+00 +0.000000E+00
 +0.163894E+01 -0.102060E+03 -0.918911E+02 -0.121854E+03 -0.705360E+02 +0.648417E+02 +0.000000E+00 +0.000000E+00 -0.405746E-03 -0.975049E-03 +0.000000E+00 +0.246398E-02 +0.000000E+00 +0.000000E+00
 +0.163894E+01 -0.102070E+03 -0.915858E+02 -0.121801E+03 -0.704176E+02 +0.646253E+02 +0.000000E+00 +0.000000E+00 -0.402196E-03 -0.976282E-03 +0.000000E+00 +0.245576E-02 +0.000000E+00 +0.000000E+00
 +0.163894E+01 -0.102080E+03 -0.912812E+02 -0.121747E+03 -0.702993E+02 +0.644090E+02 +0.000000E+00 +0.000000E+00 -0.398655E-03 -0.977507E-03 +0.000000E+00 +0.244754E-02 +0.000000E+00 +0.000000E+00
 +0.163894E+01 -0.102090E+03 -0.909801E+02 -0.121691E+03 -0.701815E+02 +0.641929E+02 +0.000000E+00 +0.000000E+00 -0.395173E-03 -0.978684E-03 +0.000000E+00 +0.243933E-02 +0.000000E+00 +0.000000E+00
 +0.163894E+01 -0.102100E+03 -0.906796E+02 -0.121635E+03 -0.700639E+02 +0.639770E+02 +0.000000E+00 +0.000000E+00 -0.391700E-03 -0.979853E-03 +0.000000E+00 +0.243113E-02 +0.000000E+00 +0.000000E+00
 +0.163894E+01 -0.102110E+03 -0.903827E+02 -0.121577E+03 -0.699467E+02 +0.637614E+02 +0.000000E+00 +0.000000E+00 -0.388284E-03 -0.980975E-03 +0.000000E+00 +0.242293E-02 +0.000000E+00 +0.000000E+00
 +0.163894E+01 -0.102120E+03 -0.900863E+02 -0.121519E+03 -0.698296E+02 +0.635459E+02 +0.000000E+00 +0.000000E+00 -0.384878E-03 -0.982089E-03 +0.000000E+00 +0.241475E-02 +0.000000E+00 +0.000000E+00
 +0.163894E+01 -0.102130E+03 -0.897935E+02 -0.121458E+03 -0.697130E+02 +0.633308E+02 +0.000000E+00 +0.000000E+00 -0.381528E-03 -0.983157E-03 +0.000000E+00 +0.240657E-02 +0.000000E+00 +0.000000E+00
 +0.163894E+01 -0.102140E+03 -0.895012E+02 -0.121397E+03 -0.695966E+02 +0.631158E+02 +0.000000E+00 +0.000000E+00 -0.378188E-03 -0.984217E-03 +0.000000E+00 +0.239840E-02 +0.000000E+00 +0.000000E+00
 +0.163894E+01 -0.102150E+03 -0.892124E+02 -0.121335E+03 -0.694806E+02 +0.629012E+02 +0.000000E+00 +0.000000E+00 -0.374904E-03 -0.985232E-03 +0.000000E+00 +0.239025E-02 +0.000000E+00 +0.000000E+00
 +0.163894E+01 -0.102160E+03 -0.889241E+02 -0.121272E+03 -0.693648E+02 +0.626867E+02 +0.000000E+00 +0.000000E+00 -0.371628E-03 -0.986240E-03 +0.000000E+00 +0.238209E-02 +0.000000E+00 +0.000000E+00
 +0.163894E+01 -0.102170E+03 -0.886393E+02 -0.121207E+03 -0.692494E+02 +0.624726E+02 +0.000000E+00 +0.000000E+00 -0.368408E-03 -0.987202E-03 +0.000000E+00 +0.237396E-02 +0.000000E+00 +0.000000E+00
 +0.163894E+01 -0.102180E+03 -0.883551E+02 -0.121143E+03 -0.691342E+02 +0.622587E+02 +0.000000E+00 +0.000000E+00 -0.365197E-03 -0.988158E-03 +0.000000E+00 +0.236583E-02 +0.000000E+00 +0.000000E+00
 +0.163894E+01 -0.102190E+03 -0.880742E+02 -0.121076E+03 -0.690195E+02 +0.620452E+02 +0.000000E+00 +0.000000E+00 -0.362040E-03 -0.989070E-03 +0.000000E+00 +0.235772E-02 +0.000000E+00 +0.000000E+00
 +0.163894E+01 -0.102200E+03 -0.877939E+02 -0.121009E+03 -0.689049E+02 +0.618318E+02 +0.000000E+00 +0.000000E+00 -0.358891E-03 -0.989974E-03 +0.000000E+00 +0.234961E-02 +0.000000E+00 +0.000000E+00
 +0.163894E+01 -0.102210E+03 -0.875170E+02 -0.120940E+03 -0.687908E+02 +0.616190E+02 +0.000000E+00 +0.000000E+00 -0.355797E-03 -0.990836E-03 +0.000000E+00 +0.234152E-02 +0.000000E+00 +0.000000E+00
 +0.163894E+01 -0.102220E+03 -0.872406E+02 -0.120871E+03 -0.686769E+02 +0.614062E+02 +0.000000E+00 +0.000000E+00 -0.352711E-03 -0.991691E-03 +0.000000E+00 +0.233344E-02 +0.000000E+00 +0.000000E+00
 +0.163894E+01 -0.102230E+03 -0.869675E+02 -0.120800E+03 -0.685634E+02 +0.611940E+02 +0.000000E+00 +0.000000E+00 -0.349678E-03 -0.992504E-03 +0.000000E+00 +0.232537E-02 +0.000000E+00 +0.000000E+00
 +0.163894E+01 -0.102240E+03 -0.866950E+02 -0.120730E+03 -0.684501E+02 +0.609819E+02 +0.000000E+00 +0.000000E+00 -0.346653E-03 -0.993309E-03 +0.000000E+00 +0.231731E-02 +0.000000E+00 +0.000000E+00
 +0.163894E+01 -0.102250E+03 -0.864257E+02 -0.120657E+03 -0.683373E+02 +0.607703E+02 +0.000000E+00 +0.000000E+00 -0.343680E-03 -0.994074E-03 +0.000000E+00 +0.230927E-02 +0.000000E+00 +0.000000E+00
 +0.163894E+01 -0.102260E+03 -0.861570E+02 -0.120584E+03 -0.682246E+02 +0.605588E+02 +0.000000E+00 +0.000000E+00 -0.340716E-03 -0.994832E-03 +0.000000E+00 +0.230124E-02 +0.000000E+00 +0.000000E+00
 +0.163894E+01 -0.102270E+03 -0.858915E+02 -0.120510E+03 -0.681124E+02 +0.603480E+02 +0.000000E+00 +0.000000E+00 -0.337803E-03 -0.995549E-03 +0.000000E+00 +0.229322E-02 +0.000000E+00 +0.000000E+00
 +0.163894E+01 -0.102280E+03 -0.856266E+02 -0.120435E+03 -0.680003E+02 +0.601372E+02 +0.000000E+00 +0.000000E+00 -0.334898E-03 -0.996260E-03 +0.000000E+00 +0.228521E-02 +0.000000E+00 +0.000000E+00
 +0.163894E+01 -0.102290E+03 -0.853648E+02 -0.120359E+03 -0.678888E+02 +0.599271E+02 +0.000000E+00 +0.000000E+00 -0.332043E-03 -0.996932E-03 +0.000000E+00 +0.227723E-02 +0.000000E+00 +0.000000E+00
 +0.163894E+01 -0.102300E+03 -0.851036E+02 -0.120283E+03 -0.677774E+02 +0.597171E+02 +0.000000E+00 +0.000000E+00 -0.329197E-03 -0.997597E-03 +0.000000E+00 +0.226925E-02 +0.000000E+00 +0.000000E+00
 +0.163894E+01 -0.102310E+03 -0.848454E+02 -0.120205E+03 -0.676665E+02 +0.595077E+02 +0.000000E+00 +0.000000E+00 -0.326400E-03 -0.998224E-03 +0.000000E+00 +0.226129E-02 +0.000000E+00 +0.000000E+00
 +0.163894E+01 -0.102320E+03 -0.845879E+02 -0.120126E+03 -0.675557E+02 +0.592984E+02 +0.000000E+00 +0.000000E+00 -0.323611E-03 -0.998844E-03 +0.000000E+00 +0.225334E-02 +0.000000E+00 +0.000000E+00
 +0.163894E+01 -0.102330E+03 -0.843334E+02 -0.120047E+03 -0.674455E+02 +0.590897E+02 +0.000000E+00 +0.000000E+00 -0.320870E-03 -0.999427E-03 +0.000000E+00 +0.224541E-02 +0.000000E+00 +0.000000E+00
 +0.163894E+01 -0.102340E+03 -0.840794E+02 -0.119967E+03 -0.673354E+02 +0.588812E+02 +0.000000E+00 +0.000000E+00 -0.318137E-03 -0.100000E-02 +0.000000E+00 +0.223748E-02 +0.000000E+00 +0.000000E+00
 +0.163894E+01 -0.102350E+03 -0.838284E+02 -0.119886E+03 -0.672258E+02 +0.586733E+02 +0.000000E+00 +0.000000E+00 -0.315450E-03 -0.100055E-02 +0.000000E+00 +0.222959E-02 +0.000000E+00 +0.000000E+00
 +0.163894E+01 -0.102360E+03 -0.835780E+02 -0.119805E+03 -0.671163E+02 +0.584655E+02 +0.000000E+00 +0.000000E+00 -0.312772E-03 -0.100108E-02 +0.000000E+00 +0.222169E-02 +0.000000E+00 +0.000000E+00
 +0.163894E+01 -0.102370E+03 -0.833304E+02 -0.119722E+03 -0.670074E+02 +0.582584E+02 +0.000000E+00 +0.000000E+00 -0.310137E-03 -0.100158E-02 +0.000000E+00 +0.221382E-02 +0.000000E+00 +0.000000E+00
 +0.163894E+01 -0.102380E+03 -0.830833E+02 -0.119640E+03 -0.668985E+02 +0.580515E+02 +0.000000E+00 +0.000000E+00 -0.307511E-03 -0.100208E-02 +0.000000E+00 +0.220596E-02 +0.000000E+00 +0.000000E+00
 +0.163894E+01 -0.102390E+03 -0.828390E+02 -0.119556E+03 -0.667903E+02 +0.578451E+02 +0.000000E+00 +0.000000E+00 -0.304925E-03 -0.100255E-02 +0.000000E+00 +0.219811E-02 +0.000000E+00 +0.000000E+00
 +0.163894E+01 -0.102400E+03 -0.825951E+02 -0.119472E+03 -0.666822E+02 +0.576389E+02 +0.000000E+00 +0.000000E+00 -0.302346E-03 -0.100301E-02 +0.000000E+00 +0.219028E-02 +0.000000E+00 +0.000000E+00
 +0.163894E+01 -0.102410E+03 -0.823538E+02 -0.119387E+03 -0.665746E+02 +0.574337E+02 +0.000000E+00 +0.000000E+00 -0.299804E-03 -0.100344E-02 +0.000000E+00 +0.218248E-02 +0.000000E+00 +0.000000E+00
 +0.163894E+01 -0.102420E+03 -0.821129E+02 -0.119303E+03 -0.664673E+02 +0.572286E+02 +0.000000E+00 +0.000000E+00 -0.297267E-03 -0.100388E-02 +0.000000E+00 +0.217469E-02 +0.000000E+00 +0.000000E+00
 +0.163894E+01 -0.102430E+03 -0.818739E+02 -0.119219E+03 -0.663607E+02 +0.570244E+02 +0.000000E+00 +0.000000E+00 -0.294751E-03 -0.100431E-02 +0.000000E+00 +0.216693E-02 +0.000000E+00 +0.000000E+00
 +0.163894E+01 -0.102440E+03 -0.816335E+02 -0.119135E+03 -0.662536E+02 +0.568129E+02 +0.000000E+00 +0.000000E+00 -0.292219E-03 -0.100474E-02 +0.000000E+00 +0.215889E-02 +0.000000E+00 +0.000000E+00
 +0.163894E+01 -0.102450E+03 -0.813855E+02 -0.119048E+03 -0.661432E+02 +0.565628E+02 +0.000000E+00 +0.000000E+00 -0.289605E-03 -0.100520E-02 +0.000000E+00 +0.214939E-02 +0.000000E+00 +0.000000E+00
 +0.163894E+01 -0.102460E+03 -0.811431E+02 -0.118962E+03 -0.660345E+02 +0.563279E+02 +0.000000E+00 +0.000000E+00 -0.287062E-03 -0.100561E-02 +0.000000E+00 +0.214046E-02 +0.000000E+00 +0.000000E+00
 +0.163894E+01 -0.102470E+03 -0.809298E+02 -0.118874E+03 -0.659352E+02 +0.561734E+02 +0.000000E+00 +0.000000E+00 -0.284897E-03 -0.100583E-02 +0.000000E+00 +0.213459E-02 +0.000000E+00 +0.000000E+00
 +0.163894E+01 -0.102480E+03 -0.807080E+02 -0.118779E+03 -0.658309E+02 +0.560074E+02 +0.000000E+00 +0.000000E+00 -0.282667E-03 -0.100602E-02 +0.000000E+00 +0.212828E-02 +0.000000E+00 +0.000000E+00
 +0.163894E+01 -0.102490E+03 -0.804600E+02 -0.118664E+03 -0.657110E+02 +0.558059E+02 +0.000000E+00 +0.000000E+00 -0.280231E-03 -0.100611E-02 +0.000000E+00 +0.212062E-02 +0.000000E+00 +0.000000E+00
 +0.163894E+01 -0.102500E+03 -0.802230E+02 -0.118560E+03 -0.655983E+02 +0.556028E+02 +0.000000E+00 +0.000000E+00 -0.277869E-03 -0.100627E-02 +0.000000E+00 +0.211291E-02 +0.000000E+00 +0.000000E+00
 +0.163894E+01 -0.102510E+03 -0.800164E+02 -0.118486E+03 -0.655057E+02 +0.553997E+02 +0.000000E+00 +0.000000E+00 -0.275703E-03 -0.100662E-02 +0.000000E+00 +0.210519E-02 +0.000000E+00 +0.000000E+00
 +0.163894E+01 -0.102520E+03 -0.798074E+02 -0.118401E+03 -0.654086E+02 +0.552004E+02 +0.000000E+00 +0.000000E+00 -0.273576E-03 -0.100685E-02 +0.000000E+00 +0.209762E-02 +0.000000E+00 +0.000000E+00
 +0.163894E+01 -0.102530E+03 -0.795953E+02 -0.118302E+03 -0.653060E+02 +0.550060E+02 +0.000000E+00 +0.000000E+00 -0.271497E-03 -0.100692E-02 +0.000000E+00 +0.209023E-02 +0.000000E+00 +0.000000E+00
 +0.163894E+01 -0.102540E+03 -0.793700E+02 -0.118196E+03 -0.651966E+02 +0.547961E+02 +0.000000E+00 +0.000000E+00 -0.269294E-03 -0.100698E-02 +0.000000E+00 +0.208225E-02 +0.000000E+00 +0.000000E+00
 +0.163894E+01 -0.102550E+03 -0.791680E+02 -0.118119E+03 -0.651048E+02 +0.546004E+02 +0.000000E+00 +0.000000E+00 -0.267201E-03 -0.100728E-02 +0.000000E+00 +0.207482E-02 +0.000000E+00 +0.000000E+00
 +0.163894E+01 -0.102560E+03 -0.789644E+02 -0.118045E+03 -0.650131E+02 +0.543994E+02 +0.000000E+00 +0.000000E+00 -0.265075E-03 -0.100761E-02 +0.000000E+00 +0.206718E-02 +0.000000E+00 +0.000000E+00
 +0.163894E+01 -0.102570E+03 -0.787608E+02 -0.117971E+03 -0.649214E+02 +0.541984E+02 +0.000000E+00 +0.000000E+00 -0.262950E-03 -0.100793E-02 +0.000000E+00 +0.205954E-02 +0.000000E+00 +0.000000E+00
 +0.163894E+01 -0.102580E+03 -0.785587E+02 -0.117880E+03 -0.648247E+02 +0.540030E+02 +0.000000E+00 +0.000000E+00 -0.260946E-03 -0.100805E-02 +0.000000E+00 +0.205211E-02 +0.000000E+00 +0.000000E+00
 +0.163894E+01 -0.102590E+03 -0.783573E+02 -0.117780E+03 -0.647254E+02 +0.538105E+02 +0.000000E+00 +0.000000E+00 -0.259006E-03 -0.100804E-02 +0.000000E+00 +0.204480E-02 +0.000000E+00 +0.000000E+00
 +0.163894E+01 -0.102600E+03 -0.781571E+02 -0.117671E+03 -0.646233E+02 +0.536177E+02 +0.000000E+00 +0.000000E+00 -0.257141E-03 -0.100791E-02 +0.000000E+00 +0.203747E-02 +0.000000E+00 +0.000000E+00
 +0.163894E+01 -0.102610E+03 -0.779572E+02 -0.117560E+03 -0.645207E+02 +0.534248E+02 +0.000000E+00 +0.000000E+00 -0.255292E-03 -0.100775E-02 +0.000000E+00 +0.203014E-02 +0.000000E+00 +0.000000E+00
 +0.163894E+01 -0.102620E+03 -0.777452E+02 -0.117447E+03 -0.644133E+02 +0.532232E+02 +0.000000E+00 +0.000000E+00 -0.253306E-03 -0.100763E-02 +0.000000E+00 +0.202248E-02 +0.000000E+00 +0.000000E+00
 +0.163894E+01 -0.102630E+03 -0.775329E+02 -0.117333E+03 -0.643057E+02 +0.530214E+02 +0.000000E+00 +0.000000E+00 -0.251317E-03 -0.100752E-02 +0.000000E+00 +0.201481E-02 +0.000000E+00 +0.000000E+00
 +0.163894E+01 -0.102640E+03 -0.773207E+02 -0.117219E+03 -0.641982E+02 +0.528195E+02 +0.000000E+00 +0.000000E+00 -0.249327E-03 -0.100740E-02 +0.000000E+00 +0.200714E-02 +0.000000E+00 +0.000000E+00
 +0.163894E+01 -0.102650E+03 -0.771096E+02 -0.117108E+03 -0.640917E+02 +0.526187E+02 +0.000000E+00 +0.000000E+00 -0.247339E-03 -0.100730E-02 +0.000000E+00 +0.199951E-02 +0.000000E+00 +0.000000E+00
 +0.163894E+01 -0.102660E+03 -0.768918E+02 -0.116995E+03 -0.639827E+02 +0.524185E+02 +0.000000E+00 +0.000000E+00 -0.245273E-03 -0.100724E-02 +0.000000E+00 +0.199190E-02 +0.000000E+00 +0.000000E+00
 +0.163894E+01 -0.102670E+03 -0.766724E+02 -0.116883E+03 -0.638733E+02 +0.522184E+02 +0.000000E+00 +0.000000E+00 -0.243183E-03 -0.100718E-02 +0.000000E+00 +0.198430E-02 +0.000000E+00 +0.000000E+00
 +0.163894E+01 -0.102680E+03 -0.764530E+02 -0.116771E+03 -0.637638E+02 +0.520183E+02 +0.000000E+00 +0.000000E+00 -0.241094E-03 -0.100713E-02 +0.000000E+00 +0.197670E-02 +0.000000E+00 +0.000000E+00
 +0.163894E+01 -0.102690E+03 -0.762494E+02 -0.116678E+03 -0.636661E+02 +0.518205E+02 +0.000000E+00 +0.000000E+00 -0.239083E-03 -0.100723E-02 +0.000000E+00 +0.196918E-02 +0.000000E+00 +0.000000E+00
 +0.163894E+01 -0.102700E+03 -0.760679E+02 -0.116613E+03 -0.635846E+02 +0.516258E+02 +0.000000E+00 +0.000000E+00 -0.237183E-03 -0.100753E-02 +0.000000E+00 +0.196178E-02 +0.000000E+00 +0.000000E+00
 +0.163894E+01 -0.102710E+03 -0.758921E+02 -0.116540E+03 -0.635025E+02 +0.514321E+02 +0.000000E+00 +0.000000E+00 -0.235402E-03 -0.100771E-02 +0.000000E+00 +0.195442E-02 +0.000000E+00 +0.000000E+00
 +0.163894E+01 -0.102720E+03 -0.757220E+02 -0.116459E+03 -0.634198E+02 +0.512394E+02 +0.000000E+00 +0.000000E+00 -0.233742E-03 -0.100775E-02 +0.000000E+00 +0.194710E-02 +0.000000E+00 +0.000000E+00
 +0.163894E+01 -0.102730E+03 -0.755536E+02 -0.116375E+03 -0.633366E+02 +0.510474E+02 +0.000000E+00 +0.000000E+00 -0.232123E-03 -0.100774E-02 +0.000000E+00 +0.193980E-02 +0.000000E+00 +0.000000E+00
 +0.163894E+01 -0.102740E+03 -0.753938E+02 -0.116276E+03 -0.632511E+02 +0.508586E+02 +0.000000E+00 +0.000000E+00 -0.230711E-03 -0.100748E-02 +0.000000E+00 +0.193263E-02 +0.000000E+00 +0.000000E+00
 +0.163894E+01 -0.102750E+03 -0.752341E+02 -0.116177E+03 -0.631657E+02 +0.506697E+02 +0.000000E+00 +0.000000E+00 -0.229299E-03 -0.100722E-02 +0.000000E+00 +0.192545E-02 +0.000000E+00 +0.000000E+00
 +0.163894E+01 -0.102760E+03 -0.750743E+02 -0.116078E+03 -0.630803E+02 +0.504809E+02 +0.000000E+00 +0.000000E+00 -0.227887E-03 -0.100696E-02 +0.000000E+00 +0.191828E-02 +0.000000E+00 +0.000000E+00
 +0.163894E+01 -0.102770E+03 -0.749146E+02 -0.115979E+03 -0.629948E+02 +0.502921E+02 +0.000000E+00 +0.000000E+00 -0.226475E-03 -0.100670E-02 +0.000000E+00 +0.191110E-02 +0.000000E+00 +0.000000E+00
 +0.163894E+01 -0.102780E+03 -0.747412E+02 -0.115849E+03 -0.628949E+02 +0.501011E+02 +0.000000E+00 +0.000000E+00 -0.225079E-03 -0.100614E-02 +0.000000E+00 +0.190384E-02 +0.000000E+00 +0.000000E+00
 +0.163894E+01 -0.102790E+03 -0.745443E+02 -0.115704E+03 -0.627819E+02 +0.499104E+02 +0.000000E+00 +0.000000E+00 -0.223487E-03 -0.100552E-02 +0.000000E+00 +0.189659E-02 +0.000000E+00 +0.000000E+00
 +0.163894E+01 -0.102800E+03 -0.743474E+02 -0.115558E+03 -0.626688E+02 +0.497197E+02 +0.000000E+00 +0.000000E+00 -0.221894E-03 -0.100490E-02 +0.000000E+00 +0.188935E-02 +0.000000E+00 +0.000000E+00
 +0.163894E+01 -0.102810E+03 -0.741506E+02 -0.115412E+03 -0.625558E+02 +0.495291E+02 +0.000000E+00 +0.000000E+00 -0.220301E-03 -0.100428E-02 +0.000000E+00 +0.188210E-02 +0.000000E+00 +0.000000E+00
 +0.163894E+01 -0.102820E+03 -0.739537E+02 -0.115267E+03 -0.624427E+02 +0.493384E+02 +0.000000E+00 +0.000000E+00 -0.218708E-03 -0.100366E-02 +0.000000E+00 +0.187486E-02 +0.000000E+00 +0.000000E+00
 +0.163894E+01 -0.102830E+03 -0.737635E+02 -0.115135E+03 -0.623365E+02 +0.491568E+02 +0.000000E+00 +0.000000E+00 -0.217112E-03 -0.100317E-02 +0.000000E+00 +0.186796E-02 +0.000000E+00 +0.000000E+00
 +0.163894E+01 -0.102840E+03 -0.735809E+02 -0.115019E+03 -0.622381E+02 +0.489857E+02 +0.000000E+00 +0.000000E+00 -0.215512E-03 -0.100285E-02 +0.000000E+00 +0.186146E-02 +0.000000E+00 +0.000000E+00
 +0.163894E+01 -0.102850E+03 -0.734023E+02 -0.114919E+03 -0.621459E+02 +0.488134E+02 +0.000000E+00 +0.000000E+00 -0.213872E-03 -0.100268E-02 +0.000000E+00 +0.185491E-02 +0.000000E+00 +0.000000E+00
 +0.163894E+01 -0.102860E+03 -0.732278E+02 -0.114832E+03 -0.620598E+02 +0.486400E+02 +0.000000E+00 +0.000000E+00 -0.212190E-03 -0.100268E-02 +0.000000E+00 +0.184832E-02 +0.000000E+00 +0.000000E+00
 +0.163894E+01 -0.102870E+03 -0.730532E+02 -0.114746E+03 -0.619738E+02 +0.484666E+02 +0.000000E+00 +0.000000E+00 -0.210509E-03 -0.100267E-02 +0.000000E+00 +0.184173E-02 +0.000000E+00 +0.000000E+00
 +0.163894E+01 -0.102880E+03 -0.728786E+02 -0.114660E+03 -0.618877E+02 +0.482932E+02 +0.000000E+00 +0.000000E+00 -0.208828E-03 -0.100267E-02 +0.000000E+00 +0.183514E-02 +0.000000E+00 +0.000000E+00
 +0.163894E+01 -0.102890E+03 -0.727134E+02 -0.114578E+03 -0.618060E+02 +0.481235E+02 +0.000000E+00 +0.000000E+00 -0.207241E-03 -0.100266E-02 +0.000000E+00 +0.182869E-02 +0.000000E+00 +0.000000E+00
 +0.163894E+01 -0.102900E+03 -0.725499E+02 -0.114496E+03 -0.617251E+02 +0.479544E+02 +0.000000E+00 +0.000000E+00 -0.205670E-03 -0.100265E-02 +0.000000E+00 +0.182227E-02 +0.000000E+00 +0.000000E+00
 +0.163894E+01 -0.102910E+03 -0.723863E+02 -0.114414E+03 -0.616442E+02 +0.477853E+02 +0.000000E+00 +0.000000E+00 -0.204100E-03 -0.100263E-02 +0.000000E+00 +0.181584E-02 +0.000000E+00 +0.000000E+00
 +0.163894E+01 -0.102920E+03 -0.722228E+02 -0.114333E+03 -0.615633E+02 +0.476162E+02 +0.000000E+00 +0.000000E+00 -0.202530E-03 -0.100262E-02 +0.000000E+00 +0.180942E-02 +0.000000E+00 +0.000000E+00
 +0.163894E+01 -0.102930E+03 -0.720506E+02 -0.114227E+03 -0.614716E+02 +0.474450E+02 +0.000000E+00 +0.000000E+00 -0.201001E-03 -0.100235E-02 +0.000000E+00 +0.180291E-02 +0.000000E+00 +0.000000E+00
 +0.163894E+01 -0.102940E+03 -0.718586E+02 -0.114066E+03 -0.613550E+02 +0.472690E+02 +0.000000E+00 +0.000000E+00 -0.199567E-03 -0.100150E-02 +0.000000E+00 +0.179622E-02 +0.000000E+00 +0.000000E+00
 +0.163894E+01 -0.102950E+03 -0.716665E+02 -0.113905E+03 -0.612385E+02 +0.470929E+02 +0.000000E+00 +0.000000E+00 -0.198132E-03 -0.100066E-02 +0.000000E+00 +0.178953E-02 +0.000000E+00 +0.000000E+00
 +0.163894E+01 -0.102960E+03 -0.714886E+02 -0.113769E+03 -0.611350E+02 +0.469111E+02 +0.000000E+00 +0.000000E+00 -0.196718E-03 -0.100005E-02 +0.000000E+00 +0.178262E-02 +0.000000E+00 +0.000000E+00
 +0.163894E+01 -0.102970E+03 -0.713227E+02 -0.113655E+03 -0.610427E+02 +0.467242E+02 +0.000000E+00 +0.000000E+00 -0.195319E-03 -0.999638E-03 +0.000000E+00 +0.177552E-02 +0.000000E+00 +0.000000E+00
 +0.163894E+01 -0.102980E+03 -0.711567E+02 -0.113541E+03 -0.609504E+02 +0.465374E+02 +0.000000E+00 +0.000000E+00 -0.193921E-03 -0.999228E-03 +0.000000E+00 +0.176842E-02 +0.000000E+00 +0.000000E+00
 +0.163894E+01 -0.102990E+03 -0.709908E+02 -0.113427E+03 -0.608580E+02 +0.463506E+02 +0.000000E+00 +0.000000E+00 -0.192523E-03 -0.998819E-03 +0.000000E+00 +0.176132E-02 +0.000000E+00 +0.000000E+00
 +0.163894E+01 -0.103000E+03 -0.708248E+02 -0.113314E+03 -0.607657E+02 +0.461637E+02 +0.000000E+00 +0.000000E+00 -0.191124E-03 -0.998409E-03 +0.000000E+00 +0.175422E-02 +0.000000E+00 +0.000000E+00
 +0.163894E+01 -0.103010E+03 -0.706603E+02 -0.113201E+03 -0.606743E+02 +0.459771E+02 +0.000000E+00 +0.000000E+00 -0.189734E-03 -0.998011E-03 +0.000000E+00 +0.174713E-02 +0.000000E+00 +0.000000E+00
 +0.163894E+01 -0.103020E+03 -0.704965E+02 -0.113090E+03 -0.605834E+02 +0.457905E+02 +0.000000E+00 +0.000000E+00 -0.188348E-03 -0.997619E-03 +0.000000E+00 +0.174004E-02 +0.000000E+00 +0.000000E+00
 +0.163894E+01 -0.103030E+03 -0.703327E+02 -0.112978E+03 -0.604926E+02 +0.456040E+02 +0.000000E+00 +0.000000E+00 -0.186961E-03 -0.997227E-03 +0.000000E+00 +0.173295E-02 +0.000000E+00 +0.000000E+00
 +0.163894E+01 -0.103040E+03 -0.701693E+02 -0.112867E+03 -0.604020E+02 +0.454180E+02 +0.000000E+00 +0.000000E+00 -0.185579E-03 -0.996837E-03 +0.000000E+00 +0.172588E-02 +0.000000E+00 +0.000000E+00
 +0.163894E+01 -0.103050E+03 -0.700223E+02 -0.112769E+03 -0.603212E+02 +0.452506E+02 +0.000000E+00 +0.000000E+00 -0.184321E-03 -0.996513E-03 +0.000000E+00 +0.171952E-02 +0.000000E+00 +0.000000E+00
 +0.163894E+01 -0.103060E+03 -0.698754E+02 -0.112671E+03 -0.602404E+02 +0.450831E+02 +0.000000E+00 +0.000000E+00 -0.183064E-03 -0.996189E-03 +0.000000E+00 +0.171316E-02 +0.000000E+00 +0.000000E+00
 +0.163894E+01 -0.103070E+03 -0.697284E+02 -0.112574E+03 -0.601597E+02 +0.449157E+02 +0.000000E+00 +0.000000E+00 -0.181806E-03 -0.995865E-03 +0.000000E+00 +0.170680E-02 +0.000000E+00 +0.000000E+00
 +0.163894E+01 -0.103080E+03 -0.695902E+02 -0.112466E+03 -0.600786E+02 +0.447484E+02 +0.000000E+00 +0.000000E+00 -0.180721E-03 -0.995363E-03 +0.000000E+00 +0.170044E-02 +0.000000E+00 +0.000000E+00
 +0.163894E+01 -0.103090E+03 -0.694547E+02 -0.112356E+03 -0.599975E+02 +0.445811E+02 +0.000000E+00 +0.000000E+00 -0.179688E-03 -0.994808E-03 +0.000000E+00 +0.169408E-02 +0.000000E+00 +0.000000E+00
 +0.163894E+01 -0.103100E+03 -0.693192E+02 -0.112245E+03 -0.599163E+02 +0.444138E+02 +0.000000E+00 +0.000000E+00 -0.178654E-03 -0.994253E-03 +0.000000E+00 +0.168772E-02 +0.000000E+00 +0.000000E+00
 +0.163894E+01 -0.103110E+03 -0.691836E+02 -0.112135E+03 -0.598352E+02 +0.442465E+02 +0.000000E+00 +0.000000E+00 -0.177621E-03 -0.993697E-03 +0.000000E+00 +0.168137E-02 +0.000000E+00 +0.000000E+00
 +0.163894E+01 -0.103120E+03 -0.690481E+02 -0.112025E+03 -0.597540E+02 +0.440792E+02 +0.000000E+00 +0.000000E+00 -0.176588E-03 -0.993142E-03 +0.000000E+00 +0.167501E-02 +0.000000E+00 +0.000000E+00
 +0.163894E+01 -0.103130E+03 -0.689152E+02 -0.111917E+03 -0.596745E+02 +0.439123E+02 +0.000000E+00 +0.000000E+00 -0.175573E-03 -0.992601E-03 +0.000000E+00 +0.166867E-02 +0.000000E+00 +0.000000E+00
 +0.163894E+01 -0.103140E+03 -0.688087E+02 -0.111833E+03 -0.596117E+02 +0.437501E+02 +0.000000E+00 +0.000000E+00 -0.174743E-03 -0.992201E-03 +0.000000E+00 +0.166250E-02 +0.000000E+00 +0.000000E+00
 +0.163894E+01 -0.103150E+03 -0.687023E+02 -0.111749E+03 -0.595489E+02 +0.435879E+02 +0.000000E+00 +0.000000E+00 -0.173914E-03 -0.991801E-03 +0.000000E+00 +0.165634E-02 +0.000000E+00 +0.000000E+00
 +0.163894E+01 -0.103160E+03 -0.685958E+02 -0.111665E+03 -0.594861E+02 +0.434256E+02 +0.000000E+00 +0.000000E+00 -0.173084E-03 -0.991401E-03 +0.000000E+00 +0.165017E-02 +0.000000E+00 +0.000000E+00
 +0.163894E+01 -0.103170E+03 -0.684894E+02 -0.111581E+03 -0.594233E+02 +0.432634E+02 +0.000000E+00 +0.000000E+00 -0.172255E-03 -0.991002E-03 +0.000000E+00 +0.164401E-02 +0.000000E+00 +0.000000E+00
 +0.163894E+01 -0.103180E+03 -0.683829E+02 -0.111497E+03 -0.593605E+02 +0.431012E+02 +0.000000E+00 +0.000000E+00 -0.171426E-03 -0.990602E-03 +0.000000E+00 +0.163784E-02 +0.000000E+00 +0.000000E+00
 +0.163894E+01 -0.103190E+03 -0.682765E+02 -0.111414E+03 -0.592978E+02 +0.429389E+02 +0.000000E+00 +0.000000E+00 -0.170596E-03 -0.990202E-03 +0.000000E+00 +0.163168E-02 +0.000000E+00 +0.000000E+00
 +0.163894E+01 -0.103200E+03 -0.681655E+02 -0.111326E+03 -0.592322E+02 +0.427759E+02 +0.000000E+00 +0.000000E+00 -0.169733E-03 -0.989781E-03 +0.000000E+00 +0.162548E-02 +0.000000E+00 +0.000000E+00
 +0.163894E+01 -0.103210E+03 -0.680370E+02 -0.111223E+03 -0.591558E+02 +0.426096E+02 +0.000000E+00 +0.000000E+00 -0.168743E-03 -0.989276E-03 +0.000000E+00 +0.161917E-02 +0.000000E+00 +0.000000E+00
 +0.163894E+01 -0.103220E+03 -0.679131E+02 -0.111120E+03 -0.590809E+02 +0.424438E+02 +0.000000E+00 +0.000000E+00 -0.167811E-03 -0.988743E-03 +0.000000E+00 +0.161286E-02 +0.000000E+00 +0.000000E+00
 +0.163894E+01 -0.103230E+03 -0.678205E+02 -0.111018E+03 -0.590167E+02 +0.422807E+02 +0.000000E+00 +0.000000E+00 -0.167271E-03 -0.988026E-03 +0.000000E+00 +0.160666E-02 +0.000000E+00 +0.000000E+00
 +0.163894E+01 -0.103240E+03 -0.677154E+02 -0.110894E+03 -0.589410E+02 +0.421175E+02 +0.000000E+00 +0.000000E+00 -0.166714E-03 -0.987101E-03 +0.000000E+00 +0.160046E-02 +0.000000E+00 +0.000000E+00
 +0.163894E+01 -0.103250E+03 -0.676006E+02 -0.110752E+03 -0.588563E+02 +0.419542E+02 +0.000000E+00 +0.000000E+00 -0.166142E-03 -0.986014E-03 +0.000000E+00 +0.159426E-02 +0.000000E+00 +0.000000E+00
 +0.163894E+01 -0.103260E+03 -0.674859E+02 -0.110610E+03 -0.587716E+02 +0.417910E+02 +0.000000E+00 +0.000000E+00 -0.165571E-03 -0.984927E-03 +0.000000E+00 +0.158806E-02 +0.000000E+00 +0.000000E+00
 +0.163894E+01 -0.103270E+03 -0.673711E+02 -0.110468E+03 -0.586869E+02 +0.416278E+02 +0.000000E+00 +0.000000E+00 -0.165000E-03 -0.983841E-03 +0.000000E+00 +0.158185E-02 +0.000000E+00 +0.000000E+00
 +0.163894E+01 -0.103280E+03 -0.672564E+02 -0.110326E+03 -0.586022E+02 +0.414645E+02 +0.000000E+00 +0.000000E+00 -0.164429E-03 -0.982754E-03 +0.000000E+00 +0.157565E-02 +0.000000E+00 +0.000000E+00
 +0.163894E+01 -0.103290E+03 -0.671416E+02 -0.110184E+03 -0.585175E+02 +0.413013E+02 +0.000000E+00 +0.000000E+00 -0.163858E-03 -0.981667E-03 +0.000000E+00 +0.156945E-02 +0.000000E+00 +0.000000E+00
 +0.163894E+01 -0.103300E+03 -0.670268E+02 -0.110042E+03 -0.584328E+02 +0.411380E+02 +0.000000E+00 +0.000000E+00 -0.163286E-03 -0.980580E-03 +0.000000E+00 +0.156325E-02 +0.000000E+00 +0.000000E+00
 +0.163894E+01 -0.103310E+03 -0.669051E+02 -0.109898E+03 -0.583452E+02 +0.409780E+02 +0.000000E+00 +0.000000E+00 -0.162639E-03 -0.979512E-03 +0.000000E+00 +0.155716E-02 +0.000000E+00 +0.000000E+00
 +0.163894E+01 -0.103320E+03 -0.667746E+02 -0.109752E+03 -0.582538E+02 +0.408221E+02 +0.000000E+00 +0.000000E+00 -0.161894E-03 -0.978468E-03 +0.000000E+00 +0.155124E-02 +0.000000E+00 +0.000000E+00
 +0.163894E+01 -0.103330E+03 -0.666441E+02 -0.109606E+03 -0.581625E+02 +0.406661E+02 +0.000000E+00 +0.000000E+00 -0.161150E-03 -0.977424E-03 +0.000000E+00 +0.154531E-02 +0.000000E+00 +0.000000E+00
 +0.163894E+01 -0.103340E+03 -0.665136E+02 -0.109460E+03 -0.580711E+02 +0.405101E+02 +0.000000E+00 +0.000000E+00 -0.160406E-03 -0.976380E-03 +0.000000E+00 +0.153938E-02 +0.000000E+00 +0.000000E+00
 +0.163894E+01 -0.103350E+03 -0.663830E+02 -0.109313E+03 -0.579798E+02 +0.403542E+02 +0.000000E+00 +0.000000E+00 -0.159662E-03 -0.975336E-03 +0.000000E+00 +0.153346E-02 +0.000000E+00 +0.000000E+00
 +0.163894E+01 -0.103360E+03 -0.662525E+02 -0.109167E+03 -0.578884E+02 +0.401982E+02 +0.000000E+00 +0.000000E+00 -0.158918E-03 -0.974292E-03 +0.000000E+00 +0.152753E-02 +0.000000E+00 +0.000000E+00
 +0.163894E+01 -0.103370E+03 -0.661220E+02 -0.109015E+03 -0.577952E+02 +0.400399E+02 +0.000000E+00 +0.000000E+00 -0.158210E-03 -0.973175E-03 +0.000000E+00 +0.152152E-02 +0.000000E+00 +0.000000E+00
 +0.163894E+01 -0.103380E+03 -0.659917E+02 -0.108829E+03 -0.576909E+02 +0.398677E+02 +0.000000E+00 +0.000000E+00 -0.157716E-03 -0.971628E-03 +0.000000E+00 +0.151497E-02 +0.000000E+00 +0.000000E+00
 +0.163894E+01 -0.103390E+03 -0.658614E+02 -0.108644E+03 -0.575866E+02 +0.396956E+02 +0.000000E+00 +0.000000E+00 -0.157221E-03 -0.970081E-03 +0.000000E+00 +0.150843E-02 +0.000000E+00 +0.000000E+00
 +0.163894E+01 -0.103400E+03 -0.657311E+02 -0.108458E+03 -0.574824E+02 +0.395234E+02 +0.000000E+00 +0.000000E+00 -0.156727E-03 -0.968534E-03 +0.000000E+00 +0.150189E-02 +0.000000E+00 +0.000000E+00
 +0.163894E+01 -0.103410E+03 -0.656041E+02 -0.108282E+03 -0.573823E+02 +0.393545E+02 +0.000000E+00 +0.000000E+00 -0.156213E-03 -0.967090E-03 +0.000000E+00 +0.149547E-02 +0.000000E+00 +0.000000E+00
 +0.163894E+01 -0.103420E+03 -0.655010E+02 -0.108177E+03 -0.573139E+02 +0.392100E+02 +0.000000E+00 +0.000000E+00 -0.155556E-03 -0.966407E-03 +0.000000E+00 +0.148998E-02 +0.000000E+00 +0.000000E+00
 +0.163894E+01 -0.103430E+03 -0.653979E+02 -0.108073E+03 -0.572454E+02 +0.390654E+02 +0.000000E+00 +0.000000E+00 -0.154898E-03 -0.965724E-03 +0.000000E+00 +0.148449E-02 +0.000000E+00 +0.000000E+00
 +0.163894E+01 -0.103440E+03 -0.652949E+02 -0.107969E+03 -0.571769E+02 +0.389209E+02 +0.000000E+00 +0.000000E+00 -0.154241E-03 -0.965041E-03 +0.000000E+00 +0.147899E-02 +0.000000E+00 +0.000000E+00
 +0.163894E+01 -0.103450E+03 -0.651918E+02 -0.107864E+03 -0.571085E+02 +0.387763E+02 +0.000000E+00 +0.000000E+00 -0.153584E-03 -0.964358E-03 +0.000000E+00 +0.147350E-02 +0.000000E+00 +0.000000E+00
 +0.163894E+01 -0.103460E+03 -0.650887E+02 -0.107760E+03 -0.570400E+02 +0.386318E+02 +0.000000E+00 +0.000000E+00 -0.152926E-03 -0.963675E-03 +0.000000E+00 +0.146801E-02 +0.000000E+00 +0.000000E+00
 +0.163894E+01 -0.103470E+03 -0.649857E+02 -0.107655E+03 -0.569715E+02 +0.384872E+02 +0.000000E+00 +0.000000E+00 -0.152269E-03 -0.962991E-03 +0.000000E+00 +0.146251E-02 +0.000000E+00 +0.000000E+00
 +0.163894E+01 -0.103480E+03 -0.648826E+02 -0.107551E+03 -0.569030E+02 +0.383427E+02 +0.000000E+00 +0.000000E+00 -0.151612E-03 -0.962308E-03 +0.000000E+00 +0.145702E-02 +0.000000E+00 +0.000000E+00
 +0.163894E+01 -0.103490E+03 -0.647795E+02 -0.107446E+03 -0.568346E+02 +0.381981E+02 +0.000000E+00 +0.000000E+00 -0.150954E-03 -0.961625E-03 +0.000000E+00 +0.145153E-02 +0.000000E+00 +0.000000E+00
 +0.163894E+01 -0.103500E+03 -0.646765E+02 -0.107342E+03 -0.567661E+02 +0.380535E+02 +0.000000E+00 +0.000000E+00 -0.150297E-03 -0.960942E-03 +0.000000E+00 +0.144603E-02 +0.000000E+00 +0.000000E+00
 +0.163894E+01 -0.103510E+03 -0.645734E+02 -0.107238E+03 -0.566976E+02 +0.379090E+02 +0.000000E+00 +0.000000E+00 -0.149640E-03 -0.960259E-03 +0.000000E+00 +0.144054E-02 +0.000000E+00 +0.000000E+00
 +0.163894E+01 -0.103520E+03 -0.644703E+02 -0.107133E+03 -0.566291E+02 +0.377644E+02 +0.000000E+00 +0.000000E+00 -0.148982E-03 -0.959576E-03 +0.000000E+00 +0.143505E-02 +0.000000E+00 +0.000000E+00
 +0.163894E+01 -0.103530E+03 -0.643673E+02 -0.107029E+03 -0.565607E+02 +0.376199E+02 +0.000000E+00 +0.000000E+00 -0.148325E-03 -0.958893E-03 +0.000000E+00 +0.142956E-02 +0.000000E+00 +0.000000E+00
 +0.163894E+01 -0.103540E+03 -0.642668E+02 -0.106919E+03 -0.564911E+02 +0.374733E+02 +0.000000E+00 +0.000000E+00 -0.147737E-03 -0.958120E-03 +0.000000E+00 +0.142399E-02 +0.000000E+00 +0.000000E+00
 +0.163894E+01 -0.103550E+03 -0.641724E+02 -0.106795E+03 -0.564191E+02 +0.373220E+02 +0.000000E+00 +0.000000E+00 -0.147313E-03 -0.957134E-03 +0.000000E+00 +0.141824E-02 +0.000000E+00 +0.000000E+00
 +0.163894E+01 -0.103560E+03 -0.640758E+02 -0.106667E+03 -0.563452E+02 +0.371752E+02 +0.000000E+00 +0.000000E+00 -0.146881E-03 -0.956118E-03 +0.000000E+00 +0.141266E-02 +0.000000E+00 +0.000000E+00
 +0.163894E+01 -0.103570E+03 -0.639689E+02 -0.106524E+03 -0.562627E+02 +0.370479E+02 +0.000000E+00 +0.000000E+00 -0.146417E-03 -0.954969E-03 +0.000000E+00 +0.140782E-02 +0.000000E+00 +0.000000E+00
 +0.163894E+01 -0.103580E+03 -0.638620E+02 -0.106381E+03 -0.561803E+02 +0.369207E+02 +0.000000E+00 +0.000000E+00 -0.145952E-03 -0.953821E-03 +0.000000E+00 +0.140299E-02 +0.000000E+00 +0.000000E+00
 +0.163894E+01 -0.103590E+03 -0.637551E+02 -0.106239E+03 -0.560979E+02 +0.367935E+02 +0.000000E+00 +0.000000E+00 -0.145487E-03 -0.952672E-03 +0.000000E+00 +0.139815E-02 +0.000000E+00 +0.000000E+00
 +0.163894E+01 -0.103600E+03 -0.636483E+02 -0.106096E+03 -0.560155E+02 +0.366662E+02 +0.000000E+00 +0.000000E+00 -0.145022E-03 -0.951524E-03 +0.000000E+00 +0.139332E-02 +0.000000E+00 +0.000000E+00
 +0.163894E+01 -0.103610E+03 -0.635414E+02 -0.105953E+03 -0.559331E+02 +0.365390E+02 +0.000000E+00 +0.000000E+00 -0.144557E-03 -0.950376E-03 +0.000000E+00 +0.138848E-02 +0.000000E+00 +0.000000E+00
 +0.163894E+01 -0.103620E+03 -0.634345E+02 -0.105810E+03 -0.558507E+02 +0.364117E+02 +0.000000E+00 +0.000000E+00 -0.144093E-03 -0.949227E-03 +0.000000E+00 +0.138365E-02 +0.000000E+00 +0.000000E+00
 +0.163894E+01 -0.103630E+03 -0.633277E+02 -0.105667E+03 -0.557683E+02 +0.362845E+02 +0.000000E+00 +0.000000E+00 -0.143628E-03 -0.948079E-03 +0.000000E+00 +0.137881E-02 +0.000000E+00 +0.000000E+00
 +0.163894E+01 -0.103640E+03 -0.632208E+02 -0.105524E+03 -0.556859E+02 +0.361572E+02 +0.000000E+00 +0.000000E+00 -0.143163E-03 -0.946931E-03 +0.000000E+00 +0.137397E-02 +0.000000E+00 +0.000000E+00
 +0.163894E+01 -0.103650E+03 -0.631139E+02 -0.105382E+03 -0.556035E+02 +0.360300E+02 +0.000000E+00 +0.000000E+00 -0.142698E-03 -0.945782E-03 +0.000000E+00 +0.136914E-02 +0.000000E+00 +0.000000E+00
 +0.163894E+01 -0.103660E+03 -0.630070E+02 -0.105239E+03 -0.555211E+02 +0.359027E+02 +0.000000E+00 +0.000000E+00 -0.142233E-03 -0.944634E-03 +0.000000E+00 +0.136430E-02 +0.000000E+00 +0.000000E+00
 +0.163894E+01 -0.103670E+03 -0.629002E+02 -0.105096E+03 -0.554387E+02 +0.357755E+02 +0.000000E+00 +0.000000E+00 -0.141769E-03 -0.943486E-03 +0.000000E+00 +0.135947E-02 +0.000000E+00 +0.000000E+00
 +0.163894E+01 -0.103680E+03 -0.627933E+02 -0.104953E+03 -0.553563E+02 +0.356482E+02 +0.000000E+00 +0.000000E+00 -0.141304E-03 -0.942337E-03 +0.000000E+00 +0.135463E-02 +0.000000E+00 +0.000000E+00
 +0.163894E+01 -0.103690E+03 -0.626864E+02 -0.104810E+03 -0.552739E+02 +0.355210E+02 +0.000000E+00 +0.000000E+00 -0.140839E-03 -0.941189E-03 +0.000000E+00 +0.134980E-02 +0.000000E+00 +0.000000E+00
 +0.163894E+01 -0.103700E+03 -0.625791E+02 -0.104668E+03 -0.551916E+02 +0.353923E+02 +0.000000E+00 +0.000000E+00 -0.140364E-03 -0.940052E-03 +0.000000E+00 +0.134491E-02 +0.000000E+00 +0.000000E+00
 +0.163894E+01 -0.103710E+03 -0.624711E+02 -0.104527E+03 -0.551094E+02 +0.352612E+02 +0.000000E+00 +0.000000E+00 -0.139873E-03 -0.938936E-03 +0.000000E+00 +0.133993E-02 +0.000000E+00 +0.000000E+00
 +0.163894E+01 -0.103720E+03 -0.623631E+02 -0.104386E+03 -0.550272E+02 +0.351302E+02 +0.000000E+00 +0.000000E+00 -0.139381E-03 -0.937819E-03 +0.000000E+00 +0.133495E-02 +0.000000E+00 +0.000000E+00
 +0.163894E+01 -0.103730E+03 -0.622570E+02 -0.104251E+03 -0.549478E+02 +0.350006E+02 +0.000000E+00 +0.000000E+00 -0.138876E-03 -0.936769E-03 +0.000000E+00 +0.133002E-02 +0.000000E+00 +0.000000E+00
 +0.163894E+01 -0.103740E+03 -0.621667E+02 -0.104132E+03 -0.548787E+02 +0.348715E+02 +0.000000E+00 +0.000000E+00 -0.138471E-03 -0.935821E-03 +0.000000E+00 +0.132512E-02 +0.000000E+00 +0.000000E+00
 +0.163894E+01 -0.103750E+03 -0.620788E+02 -0.104009E+03 -0.548090E+02 +0.347403E+02 +0.000000E+00 +0.000000E+00 -0.138125E-03 -0.934803E-03 +0.000000E+00 +0.132013E-02 +0.000000E+00 +0.000000E+00
 +0.163894E+01 -0.103760E+03 -0.619909E+02 -0.103886E+03 -0.547394E+02 +0.346091E+02 +0.000000E+00 +0.000000E+00 -0.137779E-03 -0.933785E-03 +0.000000E+00 +0.131515E-02 +0.000000E+00 +0.000000E+00
 +0.163894E+01 -0.103770E+03 -0.619031E+02 -0.103763E+03 -0.546697E+02 +0.344779E+02 +0.000000E+00 +0.000000E+00 -0.137433E-03 -0.932768E-03 +0.000000E+00 +0.131016E-02 +0.000000E+00 +0.000000E+00
 +0.163894E+01 -0.103780E+03 -0.618152E+02 -0.103640E+03 -0.546000E+02 +0.343466E+02 +0.000000E+00 +0.000000E+00 -0.137087E-03 -0.931750E-03 +0.000000E+00 +0.130517E-02 +0.000000E+00 +0.000000E+00
 +0.163894E+01 -0.103790E+03 -0.617273E+02 -0.103516E+03 -0.545304E+02 +0.342154E+02 +0.000000E+00 +0.000000E+00 -0.136741E-03 -0.930732E-03 +0.000000E+00 +0.130019E-02 +0.000000E+00 +0.000000E+00
 +0.163894E+01 -0.103800E+03 -0.616394E+02 -0.103393E+03 -0.544607E+02 +0.340842E+02 +0.000000E+00 +0.000000E+00 -0.136395E-03 -0.929714E-03 +0.000000E+00 +0.129520E-02 +0.000000E+00 +0.000000E+00
 +0.163894E+01 -0.103810E+03 -0.615515E+02 -0.103270E+03 -0.543911E+02 +0.339530E+02 +0.000000E+00 +0.000000E+00 -0.136049E-03 -0.928697E-03 +0.000000E+00 +0.129021E-02 +0.000000E+00 +0.000000E+00
 +0.163894E+01 -0.103820E+03 -0.614637E+02 -0.103147E+03 -0.543214E+02 +0.338217E+02 +0.000000E+00 +0.000000E+00 -0.135703E-03 -0.927679E-03 +0.000000E+00 +0.128523E-02 +0.000000E+00 +0.000000E+00
 +0.163894E+01 -0.103830E+03 -0.613758E+02 -0.103023E+03 -0.542517E+02 +0.336905E+02 +0.000000E+00 +0.000000E+00 -0.135357E-03 -0.926661E-03 +0.000000E+00 +0.128024E-02 +0.000000E+00 +0.000000E+00
 +0.163894E+01 -0.103840E+03 -0.612879E+02 -0.102900E+03 -0.541821E+02 +0.335593E+02 +0.000000E+00 +0.000000E+00 -0.135011E-03 -0.925644E-03 +0.000000E+00 +0.127525E-02 +0.000000E+00 +0.000000E+00
 +0.163894E+01 -0.103850E+03 -0.612000E+02 -0.102777E+03 -0.541124E+02 +0.334281E+02 +0.000000E+00 +0.000000E+00 -0.134665E-03 -0.924626E-03 +0.000000E+00 +0.127027E-02 +0.000000E+00 +0.000000E+00
 +0.163894E+01 -0.103860E+03 -0.611122E+02 -0.102654E+03 -0.540427E+02 +0.332968E+02 +0.000000E+00 +0.000000E+00 -0.134319E-03 -0.923608E-03 +0.000000E+00 +0.126528E-02 +0.000000E+00 +0.000000E+00
 +0.163894E+01 -0.103870E+03 -0.610243E+02 -0.102530E+03 -0.539731E+02 +0.331656E+02 +0.000000E+00 +0.000000E+00 -0.133973E-03 -0.922590E-03 +0.000000E+00 +0.126029E-02 +0.000000E+00 +0.000000E+00
 +0.163894E+01 -0.103880E+03 -0.609364E+02 -0.102407E+03 -0.539034E+02 +0.330344E+02 +0.000000E+00 +0.000000E+00 -0.133627E-03 -0.921573E-03 +0.000000E+00 +0.125531E-02 +0.000000E+00 +0.000000E+00
 +0.163894E+01 -0.103890E+03 -0.608485E+02 -0.102284E+03 -0.538337E+02 +0.329032E+02 +0.000000E+00 +0.000000E+00 -0.133281E-03 -0.920555E-03 +0.000000E+00 +0.125032E-02 +0.000000E+00 +0.000000E+00
 +0.163894E+01 -0.103900E+03 -0.607607E+02 -0.102161E+03 -0.537641E+02 +0.327719E+02 +0.000000E+00 +0.000000E+00 -0.132935E-03 -0.919537E-03 +0.000000E+00 +0.124533E-02 +0.000000E+00 +0.000000E+00
 +0.163894E+01 -0.103910E+03 -0.606705E+02 -0.102047E+03 -0.536969E+02 +0.326499E+02 +0.000000E+00 +0.000000E+00 -0.132499E-03 -0.918657E-03 +0.000000E+00 +0.124069E-02 +0.000000E+00 +0.000000E+00
 +0.163894E+01 -0.103920E+03 -0.605794E+02 -0.101938E+03 -0.536307E+02 +0.325317E+02 +0.000000E+00 +0.000000E+00 -0.132026E-03 -0.917836E-03 +0.000000E+00 +0.123620E-02 +0.000000E+00 +0.000000E+00
 +0.163894E+01 -0.103930E+03 -0.604883E+02 -0.101828E+03 -0.535645E+02 +0.324134E+02 +0.000000E+00 +0.000000E+00 -0.131552E-03 -0.917014E-03 +0.000000E+00 +0.123171E-02 +0.000000E+00 +0.000000E+00
 +0.163894E+01 -0.103940E+03 -0.603972E+02 -0.101719E+03 -0.534984E+02 +0.322952E+02 +0.000000E+00 +0.000000E+00 -0.131078E-03 -0.916193E-03 +0.000000E+00 +0.122722E-02 +0.000000E+00 +0.000000E+00
 +0.163894E+01 -0.103950E+03 -0.603061E+02 -0.101610E+03 -0.534322E+02 +0.321770E+02 +0.000000E+00 +0.000000E+00 -0.130604E-03 -0.915371E-03 +0.000000E+00 +0.122273E-02 +0.000000E+00 +0.000000E+00
 +0.163894E+01 -0.103960E+03 -0.602245E+02 -0.101496E+03 -0.533679E+02 +0.320553E+02 +0.000000E+00 +0.000000E+00 -0.130275E-03 -0.914443E-03 +0.000000E+00 +0.121810E-02 +0.000000E+00 +0.000000E+00
 +0.163894E+01 -0.103970E+03 -0.601514E+02 -0.101380E+03 -0.533054E+02 +0.319304E+02 +0.000000E+00 +0.000000E+00 -0.130075E-03 -0.913418E-03 +0.000000E+00 +0.121335E-02 +0.000000E+00 +0.000000E+00
 +0.163894E+01 -0.103980E+03 -0.600783E+02 -0.101264E+03 -0.532428E+02 +0.318055E+02 +0.000000E+00 +0.000000E+00 -0.129874E-03 -0.912394E-03 +0.000000E+00 +0.120861E-02 +0.000000E+00 +0.000000E+00
 +0.163894E+01 -0.103990E+03 -0.600052E+02 -0.101147E+03 -0.531802E+02 +0.316806E+02 +0.000000E+00 +0.000000E+00 -0.129674E-03 -0.911369E-03 +0.000000E+00 +0.120386E-02 +0.000000E+00 +0.000000E+00
 +0.163894E+01 -0.104000E+03 -0.599321E+02 -0.101031E+03 -0.531177E+02 +0.315557E+02 +0.000000E+00 +0.000000E+00 -0.129474E-03 -0.910344E-03 +0.000000E+00 +0.119912E-02 +0.000000E+00 +0.000000E+00
 +0.163894E+01 -0.104010E+03 -0.598590E+02 -0.100914E+03 -0.530551E+02 +0.314308E+02 +0.000000E+00 +0.000000E+00 -0.129274E-03 -0.909320E-03 +0.000000E+00 +0.119437E-02 +0.000000E+00 +0.000000E+00
 +0.163894E+01 -0.104020E+03 -0.597859E+02 -0.100798E+03 -0.529925E+02 +0.313060E+02 +0.000000E+00 +0.000000E+00 -0.129074E-03 -0.908295E-03 +0.000000E+00 +0.118963E-02 +0.000000E+00 +0.000000E+00
 +0.163894E+01 -0.104030E+03 -0.597128E+02 -0.100681E+03 -0.529300E+02 +0.311811E+02 +0.000000E+00 +0.000000E+00 -0.128874E-03 -0.907271E-03 +0.000000E+00 +0.118488E-02 +0.000000E+00 +0.000000E+00
 +0.163894E+01 -0.104040E+03 -0.596397E+02 -0.100565E+03 -0.528674E+02 +0.310562E+02 +0.000000E+00 +0.000000E+00 -0.128674E-03 -0.906246E-03 +0.000000E+00 +0.118013E-02 +0.000000E+00 +0.000000E+00
 +0.163894E+01 -0.104050E+03 -0.595666E+02 -0.100448E+03 -0.528049E+02 +0.309313E+02 +0.000000E+00 +0.000000E+00 -0.128473E-03 -0.905222E-03 +0.000000E+00 +0.117539E-02 +0.000000E+00 +0.000000E+00
 +0.163894E+01 -0.104060E+03 -0.594935E+02 -0.100332E+03 -0.527423E+02 +0.308064E+02 +0.000000E+00 +0.000000E+00 -0.128273E-03 -0.904197E-03 +0.000000E+00 +0.117064E-02 +0.000000E+00 +0.000000E+00
 +0.163894E+01 -0.104070E+03 -0.594204E+02 -0.100215E+03 -0.526797E+02 +0.306815E+02 +0.000000E+00 +0.000000E+00 -0.128073E-03 -0.903173E-03 +0.000000E+00 +0.116590E-02 +0.000000E+00 +0.000000E+00
 +0.163894E+01 -0.104080E+03 -0.593473E+02 -0.100099E+03 -0.526172E+02 +0.305566E+02 +0.000000E+00 +0.000000E+00 -0.127873E-03 -0.902148E-03 +0.000000E+00 +0.116115E-02 +0.000000E+00 +0.000000E+00
 +0.163894E+01 -0.104090E+03 -0.592777E+02 -0.999880E+02 -0.525577E+02 +0.304387E+02 +0.000000E+00 +0.000000E+00 -0.127681E-03 -0.901176E-03 +0.000000E+00 +0.115667E-02 +0.000000E+00 +0.000000E+00
 +0.163894E+01 -0.104100E+03 -0.592134E+02 -0.998862E+02 -0.525029E+02 +0.303314E+02 +0.000000E+00 +0.000000E+00 -0.127500E-03 -0.900283E-03 +0.000000E+00 +0.115259E-02 +0.000000E+00 +0.000000E+00
 +0.163894E+01 -0.104110E+03 -0.591491E+02 -0.997843E+02 -0.524480E+02 +0.302241E+02 +0.000000E+00 +0.000000E+00 -0.127320E-03 -0.899390E-03 +0.000000E+00 +0.114851E-02 +0.000000E+00 +0.000000E+00
 +0.163894E+01 -0.104120E+03 -0.590847E+02 -0.996825E+02 -0.523932E+02 +0.301167E+02 +0.000000E+00 +0.000000E+00 -0.127139E-03 -0.898497E-03 +0.000000E+00 +0.114444E-02 +0.000000E+00 +0.000000E+00
 +0.163894E+01 -0.104130E+03 -0.590204E+02 -0.995807E+02 -0.523384E+02 +0.300094E+02 +0.000000E+00 +0.000000E+00 -0.126959E-03 -0.897604E-03 +0.000000E+00 +0.114036E-02 +0.000000E+00 +0.000000E+00
 +0.163894E+01 -0.104140E+03 -0.589561E+02 -0.994789E+02 -0.522835E+02 +0.299020E+02 +0.000000E+00 +0.000000E+00 -0.126779E-03 -0.896711E-03 +0.000000E+00 +0.113628E-02 +0.000000E+00 +0.000000E+00
 +0.163894E+01 -0.104150E+03 -0.588918E+02 -0.993770E+02 -0.522287E+02 +0.297947E+02 +0.000000E+00 +0.000000E+00 -0.126598E-03 -0.895818E-03 +0.000000E+00 +0.113220E-02 +0.000000E+00 +0.000000E+00
 +0.163894E+01 -0.104160E+03 -0.588274E+02 -0.992752E+02 -0.521739E+02 +0.296874E+02 +0.000000E+00 +0.000000E+00 -0.126418E-03 -0.894925E-03 +0.000000E+00 +0.112812E-02 +0.000000E+00 +0.000000E+00
 +0.163894E+01 -0.104170E+03 -0.587631E+02 -0.991734E+02 -0.521190E+02 +0.295800E+02 +0.000000E+00 +0.000000E+00 -0.126238E-03 -0.894032E-03 +0.000000E+00 +0.112404E-02 +0.000000E+00 +0.000000E+00
 +0.163894E+01 -0.104180E+03 -0.586988E+02 -0.990715E+02 -0.520642E+02 +0.294727E+02 +0.000000E+00 +0.000000E+00 -0.126057E-03 -0.893139E-03 +0.000000E+00 +0.111996E-02 +0.000000E+00 +0.000000E+00
 +0.163894E+01 -0.104190E+03 -0.586345E+02 -0.989697E+02 -0.520094E+02 +0.293654E+02 +0.000000E+00 +0.000000E+00 -0.125877E-03 -0.892246E-03 +0.000000E+00 +0.111588E-02 +0.000000E+00 +0.000000E+00
 +0.163894E+01 -0.104200E+03 -0.585701E+02 -0.988679E+02 -0.519545E+02 +0.292580E+02 +0.000000E+00 +0.000000E+00 -0.125696E-03 -0.891353E-03 +0.000000E+00 +0.111180E-02 +0.000000E+00 +0.000000E+00
 +0.163894E+01 -0.104210E+03 -0.585058E+02 -0.987660E+02 -0.518997E+02 +0.291507E+02 +0.000000E+00 +0.000000E+00 -0.125516E-03 -0.890460E-03 +0.000000E+00 +0.110773E-02 +0.000000E+00 +0.000000E+00
 +0.163894E+01 -0.104220E+03 -0.584415E+02 -0.986642E+02 -0.518449E+02 +0.290433E+02 +0.000000E+00 +0.000000E+00 -0.125336E-03 -0.889567E-03 +0.000000E+00 +0.110365E-02 +0.000000E+00 +0.000000E+00
 +0.163894E+01 -0.104230E+03 -0.583889E+02 -0.985537E+02 -0.517911E+02 +0.289349E+02 +0.000000E+00 +0.000000E+00 -0.125359E-03 -0.888490E-03 +0.000000E+00 +0.109953E-02 +0.000000E+00 +0.000000E+00
 +0.163894E+01 -0.104240E+03 -0.583466E+02 -0.984357E+02 -0.517381E+02 +0.288256E+02 +0.000000E+00 +0.000000E+00 -0.125560E-03 -0.887254E-03 +0.000000E+00 +0.109537E-02 +0.000000E+00 +0.000000E+00
 +0.163894E+01 -0.104250E+03 -0.583042E+02 -0.983177E+02 -0.516852E+02 +0.287163E+02 +0.000000E+00 +0.000000E+00 -0.125760E-03 -0.886017E-03 +0.000000E+00 +0.109122E-02 +0.000000E+00 +0.000000E+00
 +0.163894E+01 -0.104260E+03 -0.582618E+02 -0.981997E+02 -0.516323E+02 +0.286069E+02 +0.000000E+00 +0.000000E+00 -0.125961E-03 -0.884781E-03 +0.000000E+00 +0.108706E-02 +0.000000E+00 +0.000000E+00
 +0.163894E+01 -0.104270E+03 -0.582195E+02 -0.980817E+02 -0.515794E+02 +0.284976E+02 +0.000000E+00 +0.000000E+00 -0.126161E-03 -0.883544E-03 +0.000000E+00 +0.108291E-02 +0.000000E+00 +0.000000E+00
 +0.163894E+01 -0.104280E+03 -0.581762E+02 -0.979657E+02 -0.515268E+02 +0.283883E+02 +0.000000E+00 +0.000000E+00 -0.126339E-03 -0.882338E-03 +0.000000E+00 +0.107876E-02 +0.000000E+00 +0.000000E+00
 +0.163894E+01 -0.104290E+03 -0.581166E+02 -0.978868E+02 -0.514811E+02 +0.282796E+02 +0.000000E+00 +0.000000E+00 -0.126074E-03 -0.881708E-03 +0.000000E+00 +0.107462E-02 +0.000000E+00 +0.000000E+00
 +0.163894E+01 -0.104300E+03 -0.580570E+02 -0.978080E+02 -0.514354E+02 +0.281708E+02 +0.000000E+00 +0.000000E+00 -0.125809E-03 -0.881078E-03 +0.000000E+00 +0.107049E-02 +0.000000E+00 +0.000000E+00
 +0.163894E+01 -0.104310E+03 -0.579973E+02 -0.977291E+02 -0.513897E+02 +0.280621E+02 +0.000000E+00 +0.000000E+00 -0.125544E-03 -0.880449E-03 +0.000000E+00 +0.106636E-02 +0.000000E+00 +0.000000E+00
 +0.163894E+01 -0.104320E+03 -0.579377E+02 -0.976503E+02 -0.513440E+02 +0.279534E+02 +0.000000E+00 +0.000000E+00 -0.125279E-03 -0.879819E-03 +0.000000E+00 +0.106223E-02 +0.000000E+00 +0.000000E+00
 +0.163894E+01 -0.104330E+03 -0.578780E+02 -0.975714E+02 -0.512983E+02 +0.278447E+02 +0.000000E+00 +0.000000E+00 -0.125014E-03 -0.879189E-03 +0.000000E+00 +0.105810E-02 +0.000000E+00 +0.000000E+00
 +0.163894E+01 -0.104340E+03 -0.578184E+02 -0.974926E+02 -0.512526E+02 +0.277359E+02 +0.000000E+00 +0.000000E+00 -0.124749E-03 -0.878560E-03 +0.000000E+00 +0.105397E-02 +0.000000E+00 +0.000000E+00
 +0.163894E+01 -0.104350E+03 -0.577587E+02 -0.974138E+02 -0.512069E+02 +0.276272E+02 +0.000000E+00 +0.000000E+00 -0.124484E-03 -0.877930E-03 +0.000000E+00 +0.104983E-02 +0.000000E+00 +0.000000E+00
 +0.163894E+01 -0.104360E+03 -0.576991E+02 -0.973349E+02 -0.511612E+02 +0.275185E+02 +0.000000E+00 +0.000000E+00 -0.124219E-03 -0.877300E-03 +0.000000E+00 +0.104570E-02 +0.000000E+00 +0.000000E+00
 +0.163894E+01 -0.104370E+03 -0.576394E+02 -0.972561E+02 -0.511155E+02 +0.274097E+02 +0.000000E+00 +0.000000E+00 -0.123954E-03 -0.876671E-03 +0.000000E+00 +0.104157E-02 +0.000000E+00 +0.000000E+00
 +0.163894E+01 -0.104380E+03 -0.575798E+02 -0.971772E+02 -0.510698E+02 +0.273010E+02 +0.000000E+00 +0.000000E+00 -0.123689E-03 -0.876041E-03 +0.000000E+00 +0.103744E-02 +0.000000E+00 +0.000000E+00
 +0.163894E+01 -0.104390E+03 -0.575201E+02 -0.970984E+02 -0.510241E+02 +0.271923E+02 +0.000000E+00 +0.000000E+00 -0.123424E-03 -0.875411E-03 +0.000000E+00 +0.103331E-02 +0.000000E+00 +0.000000E+00
 +0.163894E+01 -0.104400E+03 -0.574605E+02 -0.970195E+02 -0.509784E+02 +0.270836E+02 +0.000000E+00 +0.000000E+00 -0.123159E-03 -0.874782E-03 +0.000000E+00 +0.102918E-02 +0.000000E+00 +0.000000E+00
 +0.163894E+01 -0.104410E+03 -0.574008E+02 -0.969407E+02 -0.509327E+02 +0.269748E+02 +0.000000E+00 +0.000000E+00 -0.122894E-03 -0.874152E-03 +0.000000E+00 +0.102504E-02 +0.000000E+00 +0.000000E+00
 +0.163894E+01 -0.104420E+03 -0.573412E+02 -0.968619E+02 -0.508870E+02 +0.268661E+02 +0.000000E+00 +0.000000E+00 -0.122629E-03 -0.873522E-03 +0.000000E+00 +0.102091E-02 +0.000000E+00 +0.000000E+00
 +0.163894E+01 -0.104430E+03 -0.572815E+02 -0.967830E+02 -0.508413E+02 +0.267574E+02 +0.000000E+00 +0.000000E+00 -0.122364E-03 -0.872893E-03 +0.000000E+00 +0.101678E-02 +0.000000E+00 +0.000000E+00
 +0.163894E+01 -0.104440E+03 -0.572219E+02 -0.967042E+02 -0.507956E+02 +0.266486E+02 +0.000000E+00 +0.000000E+00 -0.122099E-03 -0.872263E-03 +0.000000E+00 +0.101265E-02 +0.000000E+00 +0.000000E+00
 +0.163894E+01 -0.104450E+03 -0.571622E+02 -0.966253E+02 -0.507499E+02 +0.265399E+02 +0.000000E+00 +0.000000E+00 -0.121834E-03 -0.871633E-03 +0.000000E+00 +0.100852E-02 +0.000000E+00 +0.000000E+00
 +0.163894E+01 -0.104460E+03 -0.571026E+02 -0.965465E+02 -0.507042E+02 +0.264312E+02 +0.000000E+00 +0.000000E+00 -0.121569E-03 -0.871003E-03 +0.000000E+00 +0.100439E-02 +0.000000E+00 +0.000000E+00
 +0.163894E+01 -0.104470E+03 -0.570429E+02 -0.964676E+02 -0.506585E+02 +0.263225E+02 +0.000000E+00 +0.000000E+00 -0.121304E-03 -0.870374E-03 +0.000000E+00 +0.100025E-02 +0.000000E+00 +0.000000E+00
 +0.163894E+01 -0.104480E+03 -0.569833E+02 -0.963888E+02 -0.506128E+02 +0.262137E+02 +0.000000E+00 +0.000000E+00 -0.121039E-03 -0.869744E-03 +0.000000E+00 +0.996122E-03 +0.000000E+00 +0.000000E+00
 +0.163894E+01 -0.104490E+03 -0.569236E+02 -0.963099E+02 -0.505671E+02 +0.261050E+02 +0.000000E+00 +0.000000E+00 -0.120775E-03 -0.869114E-03 +0.000000E+00 +0.991990E-03 +0.000000E+00 +0.000000E+00
 +0.163894E+01 -0.104500E+03 -0.568640E+02 -0.962311E+02 -0.505214E+02 +0.259963E+02 +0.000000E+00 +0.000000E+00 -0.120510E-03 -0.868485E-03 +0.000000E+00 +0.987858E-03 +0.000000E+00 +0.000000E+00
 +0.163894E+01 -0.104510E+03 -0.568043E+02 -0.961523E+02 -0.504757E+02 +0.258875E+02 +0.000000E+00 +0.000000E+00 -0.120245E-03 -0.867855E-03 +0.000000E+00 +0.983727E-03 +0.000000E+00 +0.000000E+00
 +0.163894E+01 -0.104520E+03 -0.567491E+02 -0.960374E+02 -0.504195E+02 +0.257869E+02 +0.000000E+00 +0.000000E+00 -0.120261E-03 -0.866740E-03 +0.000000E+00 +0.979901E-03 +0.000000E+00 +0.000000E+00
 +0.163894E+01 -0.104530E+03 -0.566966E+02 -0.958991E+02 -0.503566E+02 +0.256915E+02 +0.000000E+00 +0.000000E+00 -0.120461E-03 -0.865308E-03 +0.000000E+00 +0.976275E-03 +0.000000E+00 +0.000000E+00
 +0.163894E+01 -0.104540E+03 -0.566561E+02 -0.957716E+02 -0.503011E+02 +0.256063E+02 +0.000000E+00 +0.000000E+00 -0.120744E-03 -0.863939E-03 +0.000000E+00 +0.973040E-03 +0.000000E+00 +0.000000E+00
 +0.163894E+01 -0.104550E+03 -0.566221E+02 -0.956500E+02 -0.502498E+02 +0.255269E+02 +0.000000E+00 +0.000000E+00 -0.121074E-03 -0.862604E-03 +0.000000E+00 +0.970022E-03 +0.000000E+00 +0.000000E+00
 +0.163894E+01 -0.104560E+03 -0.565882E+02 -0.955284E+02 -0.501985E+02 +0.254475E+02 +0.000000E+00 +0.000000E+00 -0.121404E-03 -0.861269E-03 +0.000000E+00 +0.967004E-03 +0.000000E+00 +0.000000E+00
 +0.163894E+01 -0.104570E+03 -0.565542E+02 -0.954068E+02 -0.501471E+02 +0.253681E+02 +0.000000E+00 +0.000000E+00 -0.121734E-03 -0.859934E-03 +0.000000E+00 +0.963986E-03 +0.000000E+00 +0.000000E+00
 +0.163894E+01 -0.104580E+03 -0.565202E+02 -0.952853E+02 -0.500958E+02 +0.252886E+02 +0.000000E+00 +0.000000E+00 -0.122064E-03 -0.858599E-03 +0.000000E+00 +0.960968E-03 +0.000000E+00 +0.000000E+00
 +0.163894E+01 -0.104590E+03 -0.564863E+02 -0.951637E+02 -0.500445E+02 +0.252092E+02 +0.000000E+00 +0.000000E+00 -0.122394E-03 -0.857264E-03 +0.000000E+00 +0.957950E-03 +0.000000E+00 +0.000000E+00
 +0.163894E+01 -0.104600E+03 -0.564523E+02 -0.950421E+02 -0.499932E+02 +0.251298E+02 +0.000000E+00 +0.000000E+00 -0.122724E-03 -0.855930E-03 +0.000000E+00 +0.954932E-03 +0.000000E+00 +0.000000E+00
 +0.163894E+01 -0.104610E+03 -0.564184E+02 -0.949205E+02 -0.499418E+02 +0.250504E+02 +0.000000E+00 +0.000000E+00 -0.123054E-03 -0.854595E-03 +0.000000E+00 +0.951914E-03 +0.000000E+00 +0.000000E+00
 +0.163894E+01 -0.104620E+03 -0.563844E+02 -0.947989E+02 -0.498905E+02 +0.249709E+02 +0.000000E+00 +0.000000E+00 -0.123384E-03 -0.853260E-03 +0.000000E+00 +0.948895E-03 +0.000000E+00 +0.000000E+00
 +0.163894E+01 -0.104630E+03 -0.563505E+02 -0.946773E+02 -0.498392E+02 +0.248915E+02 +0.000000E+00 +0.000000E+00 -0.123714E-03 -0.851925E-03 +0.000000E+00 +0.945877E-03 +0.000000E+00 +0.000000E+00
 +0.163894E+01 -0.104640E+03 -0.563165E+02 -0.945557E+02 -0.497878E+02 +0.248121E+02 +0.000000E+00 +0.000000E+00 -0.124044E-03 -0.850590E-03 +0.000000E+00 +0.942859E-03 +0.000000E+00 +0.000000E+00
 +0.163894E+01 -0.104650E+03 -0.562825E+02 -0.944342E+02 -0.497365E+02 +0.247327E+02 +0.000000E+00 +0.000000E+00 -0.124374E-03 -0.849255E-03 +0.000000E+00 +0.939841E-03 +0.000000E+00 +0.000000E+00
 +0.163894E+01 -0.104660E+03 -0.562486E+02 -0.943126E+02 -0.496852E+02 +0.246532E+02 +0.000000E+00 +0.000000E+00 -0.124705E-03 -0.847920E-03 +0.000000E+00 +0.936823E-03 +0.000000E+00 +0.000000E+00
 +0.163894E+01 -0.104670E+03 -0.562146E+02 -0.941910E+02 -0.496338E+02 +0.245738E+02 +0.000000E+00 +0.000000E+00 -0.125035E-03 -0.846586E-03 +0.000000E+00 +0.933805E-03 +0.000000E+00 +0.000000E+00
 +0.163894E+01 -0.104680E+03 -0.561807E+02 -0.940694E+02 -0.495825E+02 +0.244944E+02 +0.000000E+00 +0.000000E+00 -0.125365E-03 -0.845251E-03 +0.000000E+00 +0.930787E-03 +0.000000E+00 +0.000000E+00
 +0.163894E+01 -0.104690E+03 -0.561467E+02 -0.939478E+02 -0.495312E+02 +0.244150E+02 +0.000000E+00 +0.000000E+00 -0.125695E-03 -0.843916E-03 +0.000000E+00 +0.927769E-03 +0.000000E+00 +0.000000E+00
 +0.163894E+01 -0.104700E+03 -0.561127E+02 -0.938262E+02 -0.494799E+02 +0.243355E+02 +0.000000E+00 +0.000000E+00 -0.126025E-03 -0.842581E-03 +0.000000E+00 +0.924751E-03 +0.000000E+00 +0.000000E+00
 +0.163894E+01 -0.104710E+03 -0.560788E+02 -0.937046E+02 -0.494285E+02 +0.242561E+02 +0.000000E+00 +0.000000E+00 -0.126355E-03 -0.841246E-03 +0.000000E+00 +0.921732E-03 +0.000000E+00 +0.000000E+00
 +0.163894E+01 -0.104720E+03 -0.560448E+02 -0.935831E+02 -0.493772E+02 +0.241767E+02 +0.000000E+00 +0.000000E+00 -0.126685E-03 -0.839911E-03 +0.000000E+00 +0.918714E-03 +0.000000E+00 +0.000000E+00
 +0.163894E+01 -0.104730E+03 -0.560109E+02 -0.934615E+02 -0.493259E+02 +0.240973E+02 +0.000000E+00 +0.000000E+00 -0.127015E-03 -0.838576E-03 +0.000000E+00 +0.915696E-03 +0.000000E+00 +0.000000E+00
 +0.163894E+01 -0.104740E+03 -0.559769E+02 -0.933399E+02 -0.492745E+02 +0.240178E+02 +0.000000E+00 +0.000000E+00 -0.127345E-03 -0.837242E-03 +0.000000E+00 +0.912678E-03 +0.000000E+00 +0.000000E+00
 +0.163894E+01 -0.104750E+03 -0.559429E+02 -0.932183E+02 -0.492232E+02 +0.239384E+02 +0.000000E+00 +0.000000E+00 -0.127675E-03 -0.835907E-03 +0.000000E+00 +0.909660E-03 +0.000000E+00 +0.000000E+00
 +0.163894E+01 -0.104760E+03 -0.559090E+02 -0.930967E+02 -0.491719E+02 +0.238590E+02 +0.000000E+00 +0.000000E+00 -0.128005E-03 -0.834572E-03 +0.000000E+00 +0.906642E-03 +0.000000E+00 +0.000000E+00
 +0.163894E+01 -0.104770E+03 -0.558750E+02 -0.929751E+02 -0.491205E+02 +0.237796E+02 +0.000000E+00 +0.000000E+00 -0.128335E-03 -0.833237E-03 +0.000000E+00 +0.903624E-03 +0.000000E+00 +0.000000E+00
 +0.163894E+01 -0.104780E+03 -0.558411E+02 -0.928535E+02 -0.490692E+02 +0.237002E+02 +0.000000E+00 +0.000000E+00 -0.128665E-03 -0.831902E-03 +0.000000E+00 +0.900606E-03 +0.000000E+00 +0.000000E+00
 +0.163894E+01 -0.104790E+03 -0.558071E+02 -0.927320E+02 -0.490179E+02 +0.236207E+02 +0.000000E+00 +0.000000E+00 -0.128995E-03 -0.830567E-03 +0.000000E+00 +0.897588E-03 +0.000000E+00 +0.000000E+00
 +0.163894E+01 -0.104800E+03 -0.557731E+02 -0.926104E+02 -0.489666E+02 +0.235413E+02 +0.000000E+00 +0.000000E+00 -0.129325E-03 -0.829232E-03 +0.000000E+00 +0.894570E-03 +0.000000E+00 +0.000000E+00
 +0.163894E+01 -0.104810E+03 -0.557392E+02 -0.924888E+02 -0.489152E+02 +0.234619E+02 +0.000000E+00 +0.000000E+00 -0.129655E-03 -0.827898E-03 +0.000000E+00 +0.891551E-03 +0.000000E+00 +0.000000E+00
 +0.163894E+01 -0.104820E+03 -0.557052E+02 -0.923672E+02 -0.488639E+02 +0.233825E+02 +0.000000E+00 +0.000000E+00 -0.129985E-03 -0.826563E-03 +0.000000E+00 +0.888533E-03 +0.000000E+00 +0.000000E+00
 +0.163894E+01 -0.104830E+03 -0.556713E+02 -0.922456E+02 -0.488126E+02 +0.233030E+02 +0.000000E+00 +0.000000E+00 -0.130315E-03 -0.825228E-03 +0.000000E+00 +0.885515E-03 +0.000000E+00 +0.000000E+00
 +0.163894E+01 -0.104840E+03 -0.556373E+02 -0.921240E+02 -0.487612E+02 +0.232236E+02 +0.000000E+00 +0.000000E+00 -0.130645E-03 -0.823893E-03 +0.000000E+00 +0.882497E-03 +0.000000E+00 +0.000000E+00
 +0.163894E+01 -0.104850E+03 -0.556033E+02 -0.920024E+02 -0.487099E+02 +0.231442E+02 +0.000000E+00 +0.000000E+00 -0.130975E-03 -0.822558E-03 +0.000000E+00 +0.879479E-03 +0.000000E+00 +0.000000E+00
 +0.163894E+01 -0.104860E+03 -0.555694E+02 -0.918809E+02 -0.486586E+02 +0.230648E+02 +0.000000E+00 +0.000000E+00 -0.131305E-03 -0.821223E-03 +0.000000E+00 +0.876461E-03 +0.000000E+00 +0.000000E+00
 +0.163894E+01 -0.104870E+03 -0.555354E+02 -0.917593E+02 -0.486073E+02 +0.229853E+02 +0.000000E+00 +0.000000E+00 -0.131635E-03 -0.819888E-03 +0.000000E+00 +0.873443E-03 +0.000000E+00 +0.000000E+00
 +0.163894E+01 -0.104880E+03 -0.555015E+02 -0.916377E+02 -0.485559E+02 +0.229059E+02 +0.000000E+00 +0.000000E+00 -0.131965E-03 -0.818554E-03 +0.000000E+00 +0.870425E-03 +0.000000E+00 +0.000000E+00
 +0.163894E+01 -0.104890E+03 -0.554675E+02 -0.915161E+02 -0.485046E+02 +0.228265E+02 +0.000000E+00 +0.000000E+00 -0.132295E-03 -0.817219E-03 +0.000000E+00 +0.867407E-03 +0.000000E+00 +0.000000E+00
 +0.163894E+01 -0.104900E+03 -0.554336E+02 -0.913945E+02 -0.484533E+02 +0.227471E+02 +0.000000E+00 +0.000000E+00 -0.132625E-03 -0.815884E-03 +0.000000E+00 +0.864389E-03 +0.000000E+00 +0.000000E+00
 +0.163894E+01 -0.104910E+03 -0.553996E+02 -0.912729E+02 -0.484019E+02 +0.226676E+02 +0.000000E+00 +0.000000E+00 -0.132956E-03 -0.814549E-03 +0.000000E+00 +0.861370E-03 +0.000000E+00 +0.000000E+00
 +0.163894E+01 -0.104920E+03 -0.553613E+02 -0.911484E+02 -0.483482E+02 +0.225801E+02 +0.000000E+00 +0.000000E+00 -0.133249E-03 -0.813203E-03 +0.000000E+00 +0.858045E-03 +0.000000E+00 +0.000000E+00
 +0.163894E+01 -0.104930E+03 -0.553137E+02 -0.910174E+02 -0.482893E+02 +0.224753E+02 +0.000000E+00 +0.000000E+00 -0.133464E-03 -0.811834E-03 +0.000000E+00 +0.854061E-03 +0.000000E+00 +0.000000E+00
 +0.163894E+01 -0.104940E+03 -0.552661E+02 -0.908864E+02 -0.482303E+02 +0.223704E+02 +0.000000E+00 +0.000000E+00 -0.133680E-03 -0.810466E-03 +0.000000E+00 +0.850076E-03 +0.000000E+00 +0.000000E+00
 +0.163894E+01 -0.104950E+03 -0.552185E+02 -0.907554E+02 -0.481714E+02 +0.222656E+02 +0.000000E+00 +0.000000E+00 -0.133895E-03 -0.809097E-03 +0.000000E+00 +0.846092E-03 +0.000000E+00 +0.000000E+00
 +0.163894E+01 -0.104960E+03 -0.551709E+02 -0.906244E+02 -0.481125E+02 +0.221607E+02 +0.000000E+00 +0.000000E+00 -0.134110E-03 -0.807728E-03 +0.000000E+00 +0.842107E-03 +0.000000E+00 +0.000000E+00
 +0.163894E+01 -0.104970E+03 -0.551233E+02 -0.904935E+02 -0.480535E+02 +0.220559E+02 +0.000000E+00 +0.000000E+00 -0.134325E-03 -0.806359E-03 +0.000000E+00 +0.838123E-03 +0.000000E+00 +0.000000E+00
 +0.163894E+01 -0.104980E+03 -0.550757E+02 -0.903625E+02 -0.479946E+02 +0.219510E+02 +0.000000E+00 +0.000000E+00 -0.134540E-03 -0.804990E-03 +0.000000E+00 +0.834138E-03 +0.000000E+00 +0.000000E+00
 +0.163894E+01 -0.104990E+03 -0.550281E+02 -0.902315E+02 -0.479356E+02 +0.218461E+02 +0.000000E+00 +0.000000E+00 -0.134756E-03 -0.803621E-03 +0.000000E+00 +0.830153E-03 +0.000000E+00 +0.000000E+00
