%X Y s_xx s_yy s_zz s_xy s_xz s_yz e_xx e_yy e_zz e_xy e_xz e_yz
 +0.130720E+01 -0.100000E+03 +0.391749E+03 -0.870189E+01 +0.126406E+03 -0.539716E+01 +0.000000E+00 +0.000000E+00 +0.504153E-02 -0.256704E-02 +0.000000E+00 -0.205092E-03 +0.000000E+00 +0.000000E+00
 +0.130720E+01 -0.100010E+03 +0.375103E+03 -0.301630E+01 +0.122789E+03 -0.918434E+01 +0.000000E+00 +0.000000E+00 +0.479397E-02 -0.239029E-02 +0.000000E+00 -0.349005E-03 +0.000000E+00 +0.000000E+00
 +0.130720E+01 -0.100020E+03 +0.358432E+03 +0.254296E+01 +0.119122E+03 -0.129415E+02 +0.000000E+00 +0.000000E+00 +0.454689E-02 -0.221500E-02 +0.000000E+00 -0.491779E-03 +0.000000E+00 +0.000000E+00
 +0.130720E+01 -0.100030E+03 +0.340480E+03 +0.171526E+01 +0.112924E+03 -0.151838E+02 +0.000000E+00 +0.000000E+00 +0.432355E-02 -0.211297E-02 +0.000000E+00 -0.576985E-03 +0.000000E+00 +0.000000E+00
 +0.130720E+01 -0.100040E+03 +0.322712E+03 +0.886861E+00 +0.106788E+03 -0.173439E+02 +0.000000E+00 +0.000000E+00 +0.410257E-02 -0.201212E-02 +0.000000E+00 -0.659069E-03 +0.000000E+00 +0.000000E+00
 +0.130720E+01 -0.100050E+03 +0.309530E+03 +0.412033E-01 +0.102158E+03 -0.174686E+02 +0.000000E+00 +0.000000E+00 +0.394006E-02 -0.194023E-02 +0.000000E+00 -0.663808E-03 +0.000000E+00 +0.000000E+00
 +0.130720E+01 -0.100060E+03 +0.296500E+03 -0.803017E+00 +0.975799E+02 -0.175646E+02 +0.000000E+00 +0.000000E+00 +0.377948E-02 -0.186928E-02 +0.000000E+00 -0.667453E-03 +0.000000E+00 +0.000000E+00
 +0.130720E+01 -0.100070E+03 +0.285932E+03 -0.162397E+01 +0.938217E+02 -0.171943E+02 +0.000000E+00 +0.000000E+00 +0.365010E-02 -0.181347E-02 +0.000000E+00 -0.653383E-03 +0.000000E+00 +0.000000E+00
 +0.130720E+01 -0.100080E+03 +0.275500E+03 -0.244355E+01 +0.901087E+02 -0.168002E+02 +0.000000E+00 +0.000000E+00 +0.352244E-02 -0.175849E-02 +0.000000E+00 -0.638406E-03 +0.000000E+00 +0.000000E+00
 +0.130720E+01 -0.100090E+03 +0.266677E+03 -0.324688E+01 +0.869320E+02 -0.161223E+02 +0.000000E+00 +0.000000E+00 +0.341516E-02 -0.171340E-02 +0.000000E+00 -0.612648E-03 +0.000000E+00 +0.000000E+00
 +0.130720E+01 -0.100100E+03 +0.257978E+03 -0.404919E+01 +0.837966E+02 -0.154282E+02 +0.000000E+00 +0.000000E+00 +0.330945E-02 -0.166907E-02 +0.000000E+00 -0.586273E-03 +0.000000E+00 +0.000000E+00
 +0.130720E+01 -0.100110E+03 +0.250433E+03 -0.484211E+01 +0.810449E+02 -0.145830E+02 +0.000000E+00 +0.000000E+00 +0.321837E-02 -0.163185E-02 +0.000000E+00 -0.554154E-03 +0.000000E+00 +0.000000E+00
 +0.130720E+01 -0.100120E+03 +0.243002E+03 -0.563454E+01 +0.783313E+02 -0.137253E+02 +0.000000E+00 +0.000000E+00 +0.312875E-02 -0.159535E-02 +0.000000E+00 -0.521563E-03 +0.000000E+00 +0.000000E+00
 +0.130720E+01 -0.100130E+03 +0.236445E+03 -0.642328E+01 +0.759071E+02 -0.127736E+02 +0.000000E+00 +0.000000E+00 +0.305022E-02 -0.156428E-02 +0.000000E+00 -0.485395E-03 +0.000000E+00 +0.000000E+00
 +0.130720E+01 -0.100140E+03 +0.229996E+03 -0.721197E+01 +0.735186E+02 -0.118131E+02 +0.000000E+00 +0.000000E+00 +0.297306E-02 -0.153388E-02 +0.000000E+00 -0.448896E-03 +0.000000E+00 +0.000000E+00
 +0.130720E+01 -0.100150E+03 +0.224234E+03 -0.800034E+01 +0.713571E+02 -0.107971E+02 +0.000000E+00 +0.000000E+00 +0.290466E-02 -0.150779E-02 +0.000000E+00 -0.410291E-03 +0.000000E+00 +0.000000E+00
 +0.130720E+01 -0.100160E+03 +0.218575E+03 -0.878901E+01 +0.692293E+02 -0.977548E+01 +0.000000E+00 +0.000000E+00 +0.283756E-02 -0.148235E-02 +0.000000E+00 -0.371468E-03 +0.000000E+00 +0.000000E+00
 +0.130720E+01 -0.100170E+03 +0.213472E+03 -0.957921E+01 +0.672845E+02 -0.872249E+01 +0.000000E+00 +0.000000E+00 +0.277755E-02 -0.146041E-02 +0.000000E+00 -0.331455E-03 +0.000000E+00 +0.000000E+00
 +0.130720E+01 -0.100180E+03 +0.208466E+03 -0.103699E+02 +0.653716E+02 -0.766647E+01 +0.000000E+00 +0.000000E+00 +0.271879E-02 -0.143909E-02 +0.000000E+00 -0.291326E-03 +0.000000E+00 +0.000000E+00
 +0.130720E+01 -0.100190E+03 +0.203919E+03 -0.111628E+02 +0.636094E+02 -0.659610E+01 +0.000000E+00 +0.000000E+00 +0.266588E-02 -0.142067E-02 +0.000000E+00 -0.250652E-03 +0.000000E+00 +0.000000E+00
 +0.130720E+01 -0.100200E+03 +0.199464E+03 -0.119562E+02 +0.618777E+02 -0.552512E+01 +0.000000E+00 +0.000000E+00 +0.261415E-02 -0.140284E-02 +0.000000E+00 -0.209955E-03 +0.000000E+00 +0.000000E+00
 +0.130720E+01 -0.100210E+03 +0.195395E+03 -0.127518E+02 +0.602722E+02 -0.445162E+01 +0.000000E+00 +0.000000E+00 +0.256733E-02 -0.138746E-02 +0.000000E+00 -0.169161E-03 +0.000000E+00 +0.000000E+00
 +0.130720E+01 -0.100220E+03 +0.191414E+03 -0.135478E+02 +0.586957E+02 -0.337973E+01 +0.000000E+00 +0.000000E+00 +0.252164E-02 -0.137263E-02 +0.000000E+00 -0.128430E-03 +0.000000E+00 +0.000000E+00
 +0.130720E+01 -0.100230E+03 +0.187759E+03 -0.143455E+02 +0.572263E+02 -0.231383E+01 +0.000000E+00 +0.000000E+00 +0.248011E-02 -0.135986E-02 +0.000000E+00 -0.879254E-04 +0.000000E+00 +0.000000E+00
 +0.130720E+01 -0.100240E+03 +0.184188E+03 -0.151433E+02 +0.557848E+02 -0.125157E+01 +0.000000E+00 +0.000000E+00 +0.243966E-02 -0.134763E-02 +0.000000E+00 -0.475598E-04 +0.000000E+00 +0.000000E+00
 +0.130720E+01 -0.100250E+03 +0.180896E+03 -0.159420E+02 +0.544350E+02 -0.201361E+00 +0.000000E+00 +0.000000E+00 +0.240277E-02 -0.133716E-02 +0.000000E+00 -0.765170E-05 +0.000000E+00 +0.000000E+00
 +0.130720E+01 -0.100260E+03 +0.177686E+03 -0.167405E+02 +0.531119E+02 +0.843346E+00 +0.000000E+00 +0.000000E+00 +0.236690E-02 -0.132720E-02 +0.000000E+00 +0.320472E-04 +0.000000E+00 +0.000000E+00
 +0.130720E+01 -0.100270E+03 +0.174715E+03 -0.175388E+02 +0.518682E+02 +0.187172E+01 +0.000000E+00 +0.000000E+00 +0.233409E-02 -0.131873E-02 +0.000000E+00 +0.711255E-04 +0.000000E+00 +0.000000E+00
 +0.130720E+01 -0.100280E+03 +0.171822E+03 -0.183366E+02 +0.506501E+02 +0.289292E+01 +0.000000E+00 +0.000000E+00 +0.230226E-02 -0.131075E-02 +0.000000E+00 +0.109931E-03 +0.000000E+00 +0.000000E+00
 +0.130720E+01 -0.100290E+03 +0.169136E+03 -0.191331E+02 +0.495011E+02 +0.389484E+01 +0.000000E+00 +0.000000E+00 +0.227307E-02 -0.130405E-02 +0.000000E+00 +0.148004E-03 +0.000000E+00 +0.000000E+00
 +0.130720E+01 -0.100300E+03 +0.166525E+03 -0.199286E+02 +0.483769E+02 +0.488806E+01 +0.000000E+00 +0.000000E+00 +0.224482E-02 -0.129780E-02 +0.000000E+00 +0.185746E-03 +0.000000E+00 +0.000000E+00
 +0.130720E+01 -0.100310E+03 +0.164095E+03 -0.207218E+02 +0.473130E+02 +0.586008E+01 +0.000000E+00 +0.000000E+00 +0.221885E-02 -0.129266E-02 +0.000000E+00 +0.222683E-03 +0.000000E+00 +0.000000E+00
 +0.130720E+01 -0.100320E+03 +0.161735E+03 -0.215135E+02 +0.462731E+02 +0.682205E+01 +0.000000E+00 +0.000000E+00 +0.219378E-02 -0.128795E-02 +0.000000E+00 +0.259238E-03 +0.000000E+00 +0.000000E+00
 +0.130720E+01 -0.100330E+03 +0.159533E+03 -0.223019E+02 +0.452863E+02 +0.776170E+01 +0.000000E+00 +0.000000E+00 +0.217069E-02 -0.128417E-02 +0.000000E+00 +0.294944E-03 +0.000000E+00 +0.000000E+00
 +0.130720E+01 -0.100340E+03 +0.157399E+03 -0.230882E+02 +0.443225E+02 +0.869009E+01 +0.000000E+00 +0.000000E+00 +0.214845E-02 -0.128080E-02 +0.000000E+00 +0.330223E-03 +0.000000E+00 +0.000000E+00
 +0.130720E+01 -0.100350E+03 +0.155402E+03 -0.238703E+02 +0.434056E+02 +0.959563E+01 +0.000000E+00 +0.000000E+00 +0.212794E-02 -0.127824E-02 +0.000000E+00 +0.364634E-03 +0.000000E+00 +0.000000E+00
 +0.130720E+01 -0.100360E+03 +0.153471E+03 -0.246497E+02 +0.425110E+02 +0.104889E+02 +0.000000E+00 +0.000000E+00 +0.210824E-02 -0.127605E-02 +0.000000E+00 +0.398577E-03 +0.000000E+00 +0.000000E+00
 +0.130720E+01 -0.100370E+03 +0.151660E+03 -0.254242E+02 +0.416579E+02 +0.113592E+02 +0.000000E+00 +0.000000E+00 +0.209004E-02 -0.127456E-02 +0.000000E+00 +0.431649E-03 +0.000000E+00 +0.000000E+00
 +0.130720E+01 -0.100380E+03 +0.149911E+03 -0.261954E+02 +0.408263E+02 +0.122163E+02 +0.000000E+00 +0.000000E+00 +0.207262E-02 -0.127341E-02 +0.000000E+00 +0.464220E-03 +0.000000E+00 +0.000000E+00
 +0.130720E+01 -0.100390E+03 +0.148269E+03 -0.269610E+02 +0.400316E+02 +0.130508E+02 +0.000000E+00 +0.000000E+00 +0.205651E-02 -0.127286E-02 +0.000000E+00 +0.495931E-03 +0.000000E+00 +0.000000E+00
 +0.130720E+01 -0.100400E+03 +0.146685E+03 -0.277227E+02 +0.392576E+02 +0.138713E+02 +0.000000E+00 +0.000000E+00 +0.204112E-02 -0.127263E-02 +0.000000E+00 +0.527110E-03 +0.000000E+00 +0.000000E+00
 +0.130720E+01 -0.100410E+03 +0.145195E+03 -0.284783E+02 +0.385165E+02 +0.146698E+02 +0.000000E+00 +0.000000E+00 +0.202689E-02 -0.127290E-02 +0.000000E+00 +0.557451E-03 +0.000000E+00 +0.000000E+00
 +0.130720E+01 -0.100420E+03 +0.143761E+03 -0.292293E+02 +0.377954E+02 +0.154536E+02 +0.000000E+00 +0.000000E+00 +0.201334E-02 -0.127347E-02 +0.000000E+00 +0.587236E-03 +0.000000E+00 +0.000000E+00
 +0.130720E+01 -0.100430E+03 +0.142409E+03 -0.299738E+02 +0.371036E+02 +0.162161E+02 +0.000000E+00 +0.000000E+00 +0.200080E-02 -0.127447E-02 +0.000000E+00 +0.616211E-03 +0.000000E+00 +0.000000E+00
 +0.130720E+01 -0.100440E+03 +0.141111E+03 -0.307132E+02 +0.364312E+02 +0.169634E+02 +0.000000E+00 +0.000000E+00 +0.198891E-02 -0.127574E-02 +0.000000E+00 +0.644610E-03 +0.000000E+00 +0.000000E+00
 +0.130720E+01 -0.100450E+03 +0.139885E+03 -0.314458E+02 +0.357849E+02 +0.176903E+02 +0.000000E+00 +0.000000E+00 +0.197790E-02 -0.127738E-02 +0.000000E+00 +0.672233E-03 +0.000000E+00 +0.000000E+00
 +0.130720E+01 -0.100460E+03 +0.138710E+03 -0.321726E+02 +0.351573E+02 +0.184017E+02 +0.000000E+00 +0.000000E+00 +0.196750E-02 -0.127927E-02 +0.000000E+00 +0.699263E-03 +0.000000E+00 +0.000000E+00
 +0.130720E+01 -0.100470E+03 +0.137599E+03 -0.328925E+02 +0.345531E+02 +0.190936E+02 +0.000000E+00 +0.000000E+00 +0.195787E-02 -0.128147E-02 +0.000000E+00 +0.725555E-03 +0.000000E+00 +0.000000E+00
 +0.130720E+01 -0.100480E+03 +0.136537E+03 -0.336060E+02 +0.339671E+02 +0.197695E+02 +0.000000E+00 +0.000000E+00 +0.194882E-02 -0.128389E-02 +0.000000E+00 +0.751241E-03 +0.000000E+00 +0.000000E+00
 +0.130720E+01 -0.100490E+03 +0.135530E+03 -0.343125E+02 +0.334019E+02 +0.204271E+02 +0.000000E+00 +0.000000E+00 +0.194044E-02 -0.128657E-02 +0.000000E+00 +0.776230E-03 +0.000000E+00 +0.000000E+00
 +0.130720E+01 -0.100500E+03 +0.134571E+03 -0.350122E+02 +0.328543E+02 +0.210685E+02 +0.000000E+00 +0.000000E+00 +0.193261E-02 -0.128946E-02 +0.000000E+00 +0.800602E-03 +0.000000E+00 +0.000000E+00
 +0.130720E+01 -0.100510E+03 +0.133660E+03 -0.357047E+02 +0.323253E+02 +0.216926E+02 +0.000000E+00 +0.000000E+00 +0.192536E-02 -0.129257E-02 +0.000000E+00 +0.824318E-03 +0.000000E+00 +0.000000E+00
 +0.130720E+01 -0.100520E+03 +0.132794E+03 -0.363899E+02 +0.318133E+02 +0.223003E+02 +0.000000E+00 +0.000000E+00 +0.191863E-02 -0.129586E-02 +0.000000E+00 +0.847411E-03 +0.000000E+00 +0.000000E+00
 +0.130720E+01 -0.100530E+03 +0.131971E+03 -0.370680E+02 +0.313180E+02 +0.228919E+02 +0.000000E+00 +0.000000E+00 +0.191241E-02 -0.129933E-02 +0.000000E+00 +0.869891E-03 +0.000000E+00 +0.000000E+00
 +0.130720E+01 -0.100540E+03 +0.131190E+03 -0.377384E+02 +0.308391E+02 +0.234669E+02 +0.000000E+00 +0.000000E+00 +0.190667E-02 -0.130297E-02 +0.000000E+00 +0.891742E-03 +0.000000E+00 +0.000000E+00
 +0.130720E+01 -0.100550E+03 +0.130448E+03 -0.384018E+02 +0.303752E+02 +0.240269E+02 +0.000000E+00 +0.000000E+00 +0.190138E-02 -0.130676E-02 +0.000000E+00 +0.913021E-03 +0.000000E+00 +0.000000E+00
 +0.130720E+01 -0.100560E+03 +0.129745E+03 -0.390570E+02 +0.299272E+02 +0.245703E+02 +0.000000E+00 +0.000000E+00 +0.189655E-02 -0.131070E-02 +0.000000E+00 +0.933670E-03 +0.000000E+00 +0.000000E+00
 +0.130720E+01 -0.100570E+03 +0.129077E+03 -0.397054E+02 +0.294925E+02 +0.250997E+02 +0.000000E+00 +0.000000E+00 +0.189210E-02 -0.131476E-02 +0.000000E+00 +0.953789E-03 +0.000000E+00 +0.000000E+00
 +0.130720E+01 -0.100580E+03 +0.128446E+03 -0.403452E+02 +0.290732E+02 +0.256125E+02 +0.000000E+00 +0.000000E+00 +0.188808E-02 -0.131895E-02 +0.000000E+00 +0.973277E-03 +0.000000E+00 +0.000000E+00
 +0.130720E+01 -0.100590E+03 +0.127845E+03 -0.409783E+02 +0.286659E+02 +0.261125E+02 +0.000000E+00 +0.000000E+00 +0.188440E-02 -0.132324E-02 +0.000000E+00 +0.992274E-03 +0.000000E+00 +0.000000E+00
 +0.130720E+01 -0.100600E+03 +0.127280E+03 -0.416026E+02 +0.282734E+02 +0.265959E+02 +0.000000E+00 +0.000000E+00 +0.188112E-02 -0.132764E-02 +0.000000E+00 +0.101064E-02 +0.000000E+00 +0.000000E+00
 +0.130720E+01 -0.100610E+03 +0.126741E+03 -0.422204E+02 +0.278916E+02 +0.270673E+02 +0.000000E+00 +0.000000E+00 +0.187813E-02 -0.133213E-02 +0.000000E+00 +0.102856E-02 +0.000000E+00 +0.000000E+00
 +0.130720E+01 -0.100620E+03 +0.126236E+03 -0.428290E+02 +0.275242E+02 +0.275224E+02 +0.000000E+00 +0.000000E+00 +0.187552E-02 -0.133671E-02 +0.000000E+00 +0.104585E-02 +0.000000E+00 +0.000000E+00
 +0.130720E+01 -0.100630E+03 +0.125754E+03 -0.434314E+02 +0.271664E+02 +0.279665E+02 +0.000000E+00 +0.000000E+00 +0.187316E-02 -0.134136E-02 +0.000000E+00 +0.106273E-02 +0.000000E+00 +0.000000E+00
 +0.130720E+01 -0.100640E+03 +0.125304E+03 -0.440243E+02 +0.268224E+02 +0.283942E+02 +0.000000E+00 +0.000000E+00 +0.187116E-02 -0.134609E-02 +0.000000E+00 +0.107898E-02 +0.000000E+00 +0.000000E+00
 +0.130720E+01 -0.100650E+03 +0.124875E+03 -0.446113E+02 +0.264870E+02 +0.288120E+02 +0.000000E+00 +0.000000E+00 +0.186937E-02 -0.135087E-02 +0.000000E+00 +0.109485E-02 +0.000000E+00 +0.000000E+00
 +0.130720E+01 -0.100660E+03 +0.124476E+03 -0.451885E+02 +0.261650E+02 +0.292135E+02 +0.000000E+00 +0.000000E+00 +0.186792E-02 -0.135572E-02 +0.000000E+00 +0.111011E-02 +0.000000E+00 +0.000000E+00
 +0.130720E+01 -0.100670E+03 +0.124095E+03 -0.457601E+02 +0.258506E+02 +0.296060E+02 +0.000000E+00 +0.000000E+00 +0.186665E-02 -0.136060E-02 +0.000000E+00 +0.112503E-02 +0.000000E+00 +0.000000E+00
 +0.130720E+01 -0.100680E+03 +0.123744E+03 -0.463217E+02 +0.255492E+02 +0.299825E+02 +0.000000E+00 +0.000000E+00 +0.186569E-02 -0.136555E-02 +0.000000E+00 +0.113933E-02 +0.000000E+00 +0.000000E+00
 +0.130720E+01 -0.100690E+03 +0.123407E+03 -0.468780E+02 +0.252545E+02 +0.303506E+02 +0.000000E+00 +0.000000E+00 +0.186490E-02 -0.137052E-02 +0.000000E+00 +0.115332E-02 +0.000000E+00 +0.000000E+00
 +0.130720E+01 -0.100700E+03 +0.123098E+03 -0.474240E+02 +0.249725E+02 +0.307030E+02 +0.000000E+00 +0.000000E+00 +0.186439E-02 -0.137553E-02 +0.000000E+00 +0.116671E-02 +0.000000E+00 +0.000000E+00
 +0.130720E+01 -0.100710E+03 +0.122803E+03 -0.479652E+02 +0.246964E+02 +0.310479E+02 +0.000000E+00 +0.000000E+00 +0.186402E-02 -0.138057E-02 +0.000000E+00 +0.117982E-02 +0.000000E+00 +0.000000E+00
 +0.130720E+01 -0.100720E+03 +0.122534E+03 -0.484958E+02 +0.244324E+02 +0.313772E+02 +0.000000E+00 +0.000000E+00 +0.186392E-02 -0.138564E-02 +0.000000E+00 +0.119234E-02 +0.000000E+00 +0.000000E+00
 +0.130720E+01 -0.100730E+03 +0.122276E+03 -0.490219E+02 +0.241738E+02 +0.316998E+02 +0.000000E+00 +0.000000E+00 +0.186394E-02 -0.139072E-02 +0.000000E+00 +0.120459E-02 +0.000000E+00 +0.000000E+00
 +0.130720E+01 -0.100740E+03 +0.122043E+03 -0.495374E+02 +0.239269E+02 +0.320071E+02 +0.000000E+00 +0.000000E+00 +0.186421E-02 -0.139582E-02 +0.000000E+00 +0.121627E-02 +0.000000E+00 +0.000000E+00
 +0.130720E+01 -0.100750E+03 +0.121820E+03 -0.500486E+02 +0.236847E+02 +0.323083E+02 +0.000000E+00 +0.000000E+00 +0.186458E-02 -0.140093E-02 +0.000000E+00 +0.122771E-02 +0.000000E+00 +0.000000E+00
 +0.130720E+01 -0.100760E+03 +0.121621E+03 -0.505489E+02 +0.234539E+02 +0.325944E+02 +0.000000E+00 +0.000000E+00 +0.186518E-02 -0.140605E-02 +0.000000E+00 +0.123859E-02 +0.000000E+00 +0.000000E+00
 +0.130720E+01 -0.100770E+03 +0.121431E+03 -0.510455E+02 +0.232271E+02 +0.328751E+02 +0.000000E+00 +0.000000E+00 +0.186587E-02 -0.141118E-02 +0.000000E+00 +0.124925E-02 +0.000000E+00 +0.000000E+00
 +0.130720E+01 -0.100780E+03 +0.121263E+03 -0.515310E+02 +0.230114E+02 +0.331410E+02 +0.000000E+00 +0.000000E+00 +0.186677E-02 -0.141631E-02 +0.000000E+00 +0.125936E-02 +0.000000E+00 +0.000000E+00
 +0.130720E+01 -0.100790E+03 +0.121102E+03 -0.520130E+02 +0.227993E+02 +0.334022E+02 +0.000000E+00 +0.000000E+00 +0.186775E-02 -0.142143E-02 +0.000000E+00 +0.126928E-02 +0.000000E+00 +0.000000E+00
 +0.130720E+01 -0.100800E+03 +0.120962E+03 -0.524840E+02 +0.225978E+02 +0.336488E+02 +0.000000E+00 +0.000000E+00 +0.186892E-02 -0.142655E-02 +0.000000E+00 +0.127865E-02 +0.000000E+00 +0.000000E+00
 +0.130720E+01 -0.100810E+03 +0.120829E+03 -0.529517E+02 +0.223994E+02 +0.338912E+02 +0.000000E+00 +0.000000E+00 +0.187016E-02 -0.143167E-02 +0.000000E+00 +0.128786E-02 +0.000000E+00 +0.000000E+00
 +0.130720E+01 -0.100820E+03 +0.120715E+03 -0.534083E+02 +0.222114E+02 +0.341193E+02 +0.000000E+00 +0.000000E+00 +0.187158E-02 -0.143677E-02 +0.000000E+00 +0.129653E-02 +0.000000E+00 +0.000000E+00
 +0.130720E+01 -0.100830E+03 +0.120607E+03 -0.538620E+02 +0.220260E+02 +0.343438E+02 +0.000000E+00 +0.000000E+00 +0.187305E-02 -0.144187E-02 +0.000000E+00 +0.130506E-02 +0.000000E+00 +0.000000E+00
 +0.130720E+01 -0.100840E+03 +0.120518E+03 -0.543045E+02 +0.218506E+02 +0.345543E+02 +0.000000E+00 +0.000000E+00 +0.187469E-02 -0.144695E-02 +0.000000E+00 +0.131306E-02 +0.000000E+00 +0.000000E+00
 +0.130720E+01 -0.100850E+03 +0.120434E+03 -0.547444E+02 +0.216774E+02 +0.347616E+02 +0.000000E+00 +0.000000E+00 +0.187637E-02 -0.145201E-02 +0.000000E+00 +0.132094E-02 +0.000000E+00 +0.000000E+00
 +0.130720E+01 -0.100860E+03 +0.120367E+03 -0.551730E+02 +0.215140E+02 +0.349552E+02 +0.000000E+00 +0.000000E+00 +0.187821E-02 -0.145705E-02 +0.000000E+00 +0.132830E-02 +0.000000E+00 +0.000000E+00
 +0.130720E+01 -0.100870E+03 +0.120304E+03 -0.555994E+02 +0.213525E+02 +0.351461E+02 +0.000000E+00 +0.000000E+00 +0.188008E-02 -0.146208E-02 +0.000000E+00 +0.133555E-02 +0.000000E+00 +0.000000E+00
 +0.130720E+01 -0.100880E+03 +0.120258E+03 -0.560144E+02 +0.212003E+02 +0.353237E+02 +0.000000E+00 +0.000000E+00 +0.188209E-02 -0.146708E-02 +0.000000E+00 +0.134230E-02 +0.000000E+00 +0.000000E+00
 +0.130720E+01 -0.100890E+03 +0.120215E+03 -0.564275E+02 +0.210497E+02 +0.354989E+02 +0.000000E+00 +0.000000E+00 +0.188413E-02 -0.147207E-02 +0.000000E+00 +0.134896E-02 +0.000000E+00 +0.000000E+00
 +0.130720E+01 -0.100900E+03 +0.120187E+03 -0.568292E+02 +0.209082E+02 +0.356611E+02 +0.000000E+00 +0.000000E+00 +0.188630E-02 -0.147701E-02 +0.000000E+00 +0.135512E-02 +0.000000E+00 +0.000000E+00
 +0.130720E+01 -0.100910E+03 +0.120163E+03 -0.572292E+02 +0.207680E+02 +0.358214E+02 +0.000000E+00 +0.000000E+00 +0.188850E-02 -0.148195E-02 +0.000000E+00 +0.136121E-02 +0.000000E+00 +0.000000E+00
 +0.130720E+01 -0.100920E+03 +0.120153E+03 -0.576179E+02 +0.206366E+02 +0.359689E+02 +0.000000E+00 +0.000000E+00 +0.189081E-02 -0.148683E-02 +0.000000E+00 +0.136682E-02 +0.000000E+00 +0.000000E+00
 +0.130720E+01 -0.100930E+03 +0.120145E+03 -0.580052E+02 +0.205062E+02 +0.361149E+02 +0.000000E+00 +0.000000E+00 +0.189314E-02 -0.149172E-02 +0.000000E+00 +0.137237E-02 +0.000000E+00 +0.000000E+00
 +0.130720E+01 -0.100940E+03 +0.120152E+03 -0.583810E+02 +0.203843E+02 +0.362484E+02 +0.000000E+00 +0.000000E+00 +0.189558E-02 -0.149654E-02 +0.000000E+00 +0.137744E-02 +0.000000E+00 +0.000000E+00
 +0.130720E+01 -0.100950E+03 +0.120160E+03 -0.587558E+02 +0.202632E+02 +0.363807E+02 +0.000000E+00 +0.000000E+00 +0.189803E-02 -0.150136E-02 +0.000000E+00 +0.138247E-02 +0.000000E+00 +0.000000E+00
 +0.130720E+01 -0.100960E+03 +0.120181E+03 -0.591192E+02 +0.201504E+02 +0.365008E+02 +0.000000E+00 +0.000000E+00 +0.190058E-02 -0.150612E-02 +0.000000E+00 +0.138703E-02 +0.000000E+00 +0.000000E+00
 +0.130720E+01 -0.100970E+03 +0.120203E+03 -0.594818E+02 +0.200381E+02 +0.366200E+02 +0.000000E+00 +0.000000E+00 +0.190314E-02 -0.151088E-02 +0.000000E+00 +0.139156E-02 +0.000000E+00 +0.000000E+00
 +0.130720E+01 -0.100980E+03 +0.120238E+03 -0.598329E+02 +0.199337E+02 +0.367274E+02 +0.000000E+00 +0.000000E+00 +0.190578E-02 -0.151557E-02 +0.000000E+00 +0.139564E-02 +0.000000E+00 +0.000000E+00
 +0.130720E+01 -0.100990E+03 +0.120274E+03 -0.601835E+02 +0.198298E+02 +0.368342E+02 +0.000000E+00 +0.000000E+00 +0.190844E-02 -0.152025E-02 +0.000000E+00 +0.139970E-02 +0.000000E+00 +0.000000E+00
 +0.130720E+01 -0.101000E+03 +0.120321E+03 -0.605227E+02 +0.197335E+02 +0.369294E+02 +0.000000E+00 +0.000000E+00 +0.191117E-02 -0.152487E-02 +0.000000E+00 +0.140332E-02 +0.000000E+00 +0.000000E+00
 +0.130720E+01 -0.101010E+03 +0.120369E+03 -0.608616E+02 +0.196375E+02 +0.370242E+02 +0.000000E+00 +0.000000E+00 +0.191390E-02 -0.152948E-02 +0.000000E+00 +0.140692E-02 +0.000000E+00 +0.000000E+00
 +0.130720E+01 -0.101020E+03 +0.120428E+03 -0.611892E+02 +0.195489E+02 +0.371078E+02 +0.000000E+00 +0.000000E+00 +0.191671E-02 -0.153402E-02 +0.000000E+00 +0.141010E-02 +0.000000E+00 +0.000000E+00
 +0.130720E+01 -0.101030E+03 +0.120488E+03 -0.615165E+02 +0.194604E+02 +0.371912E+02 +0.000000E+00 +0.000000E+00 +0.191952E-02 -0.153856E-02 +0.000000E+00 +0.141327E-02 +0.000000E+00 +0.000000E+00
 +0.130720E+01 -0.101040E+03 +0.120557E+03 -0.618328E+02 +0.193790E+02 +0.372638E+02 +0.000000E+00 +0.000000E+00 +0.192238E-02 -0.154302E-02 +0.000000E+00 +0.141603E-02 +0.000000E+00 +0.000000E+00
 +0.130720E+01 -0.101050E+03 +0.120627E+03 -0.621487E+02 +0.192978E+02 +0.373361E+02 +0.000000E+00 +0.000000E+00 +0.192525E-02 -0.154748E-02 +0.000000E+00 +0.141877E-02 +0.000000E+00 +0.000000E+00
 +0.130720E+01 -0.101060E+03 +0.120706E+03 -0.624541E+02 +0.192232E+02 +0.373984E+02 +0.000000E+00 +0.000000E+00 +0.192817E-02 -0.155187E-02 +0.000000E+00 +0.142114E-02 +0.000000E+00 +0.000000E+00
 +0.130720E+01 -0.101070E+03 +0.120786E+03 -0.627589E+02 +0.191488E+02 +0.374602E+02 +0.000000E+00 +0.000000E+00 +0.193110E-02 -0.155625E-02 +0.000000E+00 +0.142349E-02 +0.000000E+00 +0.000000E+00
 +0.130720E+01 -0.101080E+03 +0.120873E+03 -0.630536E+02 +0.190806E+02 +0.375125E+02 +0.000000E+00 +0.000000E+00 +0.193406E-02 -0.156055E-02 +0.000000E+00 +0.142548E-02 +0.000000E+00 +0.000000E+00
 +0.130720E+01 -0.101090E+03 +0.120962E+03 -0.633475E+02 +0.190127E+02 +0.375643E+02 +0.000000E+00 +0.000000E+00 +0.193703E-02 -0.156484E-02 +0.000000E+00 +0.142744E-02 +0.000000E+00 +0.000000E+00
 +0.130720E+01 -0.101100E+03 +0.121058E+03 -0.636318E+02 +0.189505E+02 +0.376072E+02 +0.000000E+00 +0.000000E+00 +0.194004E-02 -0.156906E-02 +0.000000E+00 +0.142907E-02 +0.000000E+00 +0.000000E+00
 +0.130720E+01 -0.101110E+03 +0.121154E+03 -0.639152E+02 +0.188889E+02 +0.376494E+02 +0.000000E+00 +0.000000E+00 +0.194304E-02 -0.157328E-02 +0.000000E+00 +0.143068E-02 +0.000000E+00 +0.000000E+00
 +0.130720E+01 -0.101120E+03 +0.121257E+03 -0.641893E+02 +0.188325E+02 +0.376833E+02 +0.000000E+00 +0.000000E+00 +0.194607E-02 -0.157741E-02 +0.000000E+00 +0.143196E-02 +0.000000E+00 +0.000000E+00
 +0.130720E+01 -0.101130E+03 +0.121361E+03 -0.644623E+02 +0.187767E+02 +0.377163E+02 +0.000000E+00 +0.000000E+00 +0.194911E-02 -0.158154E-02 +0.000000E+00 +0.143322E-02 +0.000000E+00 +0.000000E+00
 +0.130720E+01 -0.101140E+03 +0.121471E+03 -0.647265E+02 +0.187258E+02 +0.377416E+02 +0.000000E+00 +0.000000E+00 +0.195216E-02 -0.158559E-02 +0.000000E+00 +0.143418E-02 +0.000000E+00 +0.000000E+00
 +0.130720E+01 -0.101150E+03 +0.121582E+03 -0.649895E+02 +0.186755E+02 +0.377659E+02 +0.000000E+00 +0.000000E+00 +0.195522E-02 -0.158964E-02 +0.000000E+00 +0.143511E-02 +0.000000E+00 +0.000000E+00
 +0.130720E+01 -0.101160E+03 +0.121698E+03 -0.652440E+02 +0.186298E+02 +0.377831E+02 +0.000000E+00 +0.000000E+00 +0.195830E-02 -0.159360E-02 +0.000000E+00 +0.143576E-02 +0.000000E+00 +0.000000E+00
 +0.130720E+01 -0.101170E+03 +0.121815E+03 -0.654971E+02 +0.185849E+02 +0.377991E+02 +0.000000E+00 +0.000000E+00 +0.196137E-02 -0.159756E-02 +0.000000E+00 +0.143637E-02 +0.000000E+00 +0.000000E+00
 +0.130720E+01 -0.101180E+03 +0.121937E+03 -0.657422E+02 +0.185441E+02 +0.378084E+02 +0.000000E+00 +0.000000E+00 +0.196446E-02 -0.160144E-02 +0.000000E+00 +0.143672E-02 +0.000000E+00 +0.000000E+00
 +0.130720E+01 -0.101190E+03 +0.122059E+03 -0.659857E+02 +0.185042E+02 +0.378166E+02 +0.000000E+00 +0.000000E+00 +0.196754E-02 -0.160531E-02 +0.000000E+00 +0.143703E-02 +0.000000E+00 +0.000000E+00
 +0.130720E+01 -0.101200E+03 +0.122186E+03 -0.662216E+02 +0.184681E+02 +0.378185E+02 +0.000000E+00 +0.000000E+00 +0.197063E-02 -0.160910E-02 +0.000000E+00 +0.143710E-02 +0.000000E+00 +0.000000E+00
 +0.130720E+01 -0.101210E+03 +0.122313E+03 -0.664558E+02 +0.184329E+02 +0.378191E+02 +0.000000E+00 +0.000000E+00 +0.197372E-02 -0.161289E-02 +0.000000E+00 +0.143712E-02 +0.000000E+00 +0.000000E+00
 +0.130720E+01 -0.101220E+03 +0.122444E+03 -0.666827E+02 +0.184014E+02 +0.378139E+02 +0.000000E+00 +0.000000E+00 +0.197682E-02 -0.161660E-02 +0.000000E+00 +0.143693E-02 +0.000000E+00 +0.000000E+00
 +0.130720E+01 -0.101230E+03 +0.122577E+03 -0.669078E+02 +0.183707E+02 +0.378073E+02 +0.000000E+00 +0.000000E+00 +0.197991E-02 -0.162029E-02 +0.000000E+00 +0.143668E-02 +0.000000E+00 +0.000000E+00
 +0.130720E+01 -0.101240E+03 +0.122712E+03 -0.671259E+02 +0.183434E+02 +0.377954E+02 +0.000000E+00 +0.000000E+00 +0.198300E-02 -0.162392E-02 +0.000000E+00 +0.143622E-02 +0.000000E+00 +0.000000E+00
 +0.130720E+01 -0.101250E+03 +0.122848E+03 -0.673421E+02 +0.183170E+02 +0.377820E+02 +0.000000E+00 +0.000000E+00 +0.198609E-02 -0.162752E-02 +0.000000E+00 +0.143572E-02 +0.000000E+00 +0.000000E+00
 +0.130720E+01 -0.101260E+03 +0.122987E+03 -0.675517E+02 +0.182937E+02 +0.377636E+02 +0.000000E+00 +0.000000E+00 +0.198918E-02 -0.163106E-02 +0.000000E+00 +0.143502E-02 +0.000000E+00 +0.000000E+00
 +0.130720E+01 -0.101270E+03 +0.123127E+03 -0.677592E+02 +0.182714E+02 +0.377438E+02 +0.000000E+00 +0.000000E+00 +0.199226E-02 -0.163458E-02 +0.000000E+00 +0.143426E-02 +0.000000E+00 +0.000000E+00
 +0.130720E+01 -0.101280E+03 +0.123270E+03 -0.679605E+02 +0.182520E+02 +0.377193E+02 +0.000000E+00 +0.000000E+00 +0.199533E-02 -0.163804E-02 +0.000000E+00 +0.143333E-02 +0.000000E+00 +0.000000E+00
 +0.130720E+01 -0.101290E+03 +0.123413E+03 -0.681596E+02 +0.182335E+02 +0.376932E+02 +0.000000E+00 +0.000000E+00 +0.199841E-02 -0.164147E-02 +0.000000E+00 +0.143234E-02 +0.000000E+00 +0.000000E+00
 +0.130720E+01 -0.101300E+03 +0.123558E+03 -0.683528E+02 +0.182178E+02 +0.376629E+02 +0.000000E+00 +0.000000E+00 +0.200147E-02 -0.164484E-02 +0.000000E+00 +0.143119E-02 +0.000000E+00 +0.000000E+00
 +0.130720E+01 -0.101310E+03 +0.123704E+03 -0.685437E+02 +0.182030E+02 +0.376310E+02 +0.000000E+00 +0.000000E+00 +0.200452E-02 -0.164819E-02 +0.000000E+00 +0.142998E-02 +0.000000E+00 +0.000000E+00
 +0.130720E+01 -0.101320E+03 +0.123852E+03 -0.687289E+02 +0.181907E+02 +0.375952E+02 +0.000000E+00 +0.000000E+00 +0.200757E-02 -0.165147E-02 +0.000000E+00 +0.142862E-02 +0.000000E+00 +0.000000E+00
 +0.130720E+01 -0.101330E+03 +0.124001E+03 -0.689119E+02 +0.181794E+02 +0.375577E+02 +0.000000E+00 +0.000000E+00 +0.201061E-02 -0.165473E-02 +0.000000E+00 +0.142719E-02 +0.000000E+00 +0.000000E+00
 +0.130720E+01 -0.101340E+03 +0.124151E+03 -0.690894E+02 +0.181704E+02 +0.375166E+02 +0.000000E+00 +0.000000E+00 +0.201364E-02 -0.165794E-02 +0.000000E+00 +0.142563E-02 +0.000000E+00 +0.000000E+00
 +0.130720E+01 -0.101350E+03 +0.124302E+03 -0.692645E+02 +0.181625E+02 +0.374738E+02 +0.000000E+00 +0.000000E+00 +0.201666E-02 -0.166111E-02 +0.000000E+00 +0.142401E-02 +0.000000E+00 +0.000000E+00
 +0.130720E+01 -0.101360E+03 +0.124455E+03 -0.694346E+02 +0.181566E+02 +0.374277E+02 +0.000000E+00 +0.000000E+00 +0.201966E-02 -0.166423E-02 +0.000000E+00 +0.142225E-02 +0.000000E+00 +0.000000E+00
 +0.130720E+01 -0.101370E+03 +0.124608E+03 -0.696021E+02 +0.181518E+02 +0.373799E+02 +0.000000E+00 +0.000000E+00 +0.202266E-02 -0.166732E-02 +0.000000E+00 +0.142044E-02 +0.000000E+00 +0.000000E+00
 +0.130720E+01 -0.101380E+03 +0.124762E+03 -0.697648E+02 +0.181490E+02 +0.373290E+02 +0.000000E+00 +0.000000E+00 +0.202564E-02 -0.167036E-02 +0.000000E+00 +0.141850E-02 +0.000000E+00 +0.000000E+00
 +0.130720E+01 -0.101390E+03 +0.124916E+03 -0.699250E+02 +0.181472E+02 +0.372765E+02 +0.000000E+00 +0.000000E+00 +0.202862E-02 -0.167337E-02 +0.000000E+00 +0.141651E-02 +0.000000E+00 +0.000000E+00
 +0.130720E+01 -0.101400E+03 +0.125072E+03 -0.700806E+02 +0.181472E+02 +0.372210E+02 +0.000000E+00 +0.000000E+00 +0.203157E-02 -0.167633E-02 +0.000000E+00 +0.141440E-02 +0.000000E+00 +0.000000E+00
 +0.130720E+01 -0.101410E+03 +0.125228E+03 -0.702336E+02 +0.181482E+02 +0.371640E+02 +0.000000E+00 +0.000000E+00 +0.203452E-02 -0.167925E-02 +0.000000E+00 +0.141223E-02 +0.000000E+00 +0.000000E+00
 +0.130720E+01 -0.101420E+03 +0.125385E+03 -0.703822E+02 +0.181509E+02 +0.371043E+02 +0.000000E+00 +0.000000E+00 +0.203745E-02 -0.168213E-02 +0.000000E+00 +0.140996E-02 +0.000000E+00 +0.000000E+00
 +0.130720E+01 -0.101430E+03 +0.125542E+03 -0.705282E+02 +0.181546E+02 +0.370429E+02 +0.000000E+00 +0.000000E+00 +0.204036E-02 -0.168497E-02 +0.000000E+00 +0.140763E-02 +0.000000E+00 +0.000000E+00
 +0.130720E+01 -0.101440E+03 +0.125700E+03 -0.706701E+02 +0.181599E+02 +0.369791E+02 +0.000000E+00 +0.000000E+00 +0.204326E-02 -0.168777E-02 +0.000000E+00 +0.140521E-02 +0.000000E+00 +0.000000E+00
 +0.130720E+01 -0.101450E+03 +0.125858E+03 -0.708092E+02 +0.181662E+02 +0.369138E+02 +0.000000E+00 +0.000000E+00 +0.204615E-02 -0.169053E-02 +0.000000E+00 +0.140272E-02 +0.000000E+00 +0.000000E+00
 +0.130720E+01 -0.101460E+03 +0.126017E+03 -0.709445E+02 +0.181739E+02 +0.368461E+02 +0.000000E+00 +0.000000E+00 +0.204902E-02 -0.169325E-02 +0.000000E+00 +0.140015E-02 +0.000000E+00 +0.000000E+00
 +0.130720E+01 -0.101470E+03 +0.126176E+03 -0.710770E+02 +0.181826E+02 +0.367769E+02 +0.000000E+00 +0.000000E+00 +0.205187E-02 -0.169593E-02 +0.000000E+00 +0.139752E-02 +0.000000E+00 +0.000000E+00
 +0.130720E+01 -0.101480E+03 +0.126335E+03 -0.712060E+02 +0.181926E+02 +0.367056E+02 +0.000000E+00 +0.000000E+00 +0.205471E-02 -0.169857E-02 +0.000000E+00 +0.139481E-02 +0.000000E+00 +0.000000E+00
 +0.130720E+01 -0.101490E+03 +0.126495E+03 -0.713320E+02 +0.182037E+02 +0.366327E+02 +0.000000E+00 +0.000000E+00 +0.205753E-02 -0.170118E-02 +0.000000E+00 +0.139204E-02 +0.000000E+00 +0.000000E+00
 +0.130720E+01 -0.101500E+03 +0.126654E+03 -0.714547E+02 +0.182159E+02 +0.365580E+02 +0.000000E+00 +0.000000E+00 +0.206033E-02 -0.170374E-02 +0.000000E+00 +0.138920E-02 +0.000000E+00 +0.000000E+00
 +0.130720E+01 -0.101510E+03 +0.126814E+03 -0.715745E+02 +0.182292E+02 +0.364817E+02 +0.000000E+00 +0.000000E+00 +0.206312E-02 -0.170627E-02 +0.000000E+00 +0.138630E-02 +0.000000E+00 +0.000000E+00
 +0.130720E+01 -0.101520E+03 +0.126974E+03 -0.716911E+02 +0.182435E+02 +0.364036E+02 +0.000000E+00 +0.000000E+00 +0.206589E-02 -0.170876E-02 +0.000000E+00 +0.138334E-02 +0.000000E+00 +0.000000E+00
 +0.130720E+01 -0.101530E+03 +0.127135E+03 -0.718047E+02 +0.182588E+02 +0.363241E+02 +0.000000E+00 +0.000000E+00 +0.206864E-02 -0.171121E-02 +0.000000E+00 +0.138032E-02 +0.000000E+00 +0.000000E+00
 +0.130720E+01 -0.101540E+03 +0.127295E+03 -0.719154E+02 +0.182752E+02 +0.362430E+02 +0.000000E+00 +0.000000E+00 +0.207137E-02 -0.171362E-02 +0.000000E+00 +0.137723E-02 +0.000000E+00 +0.000000E+00
 +0.130720E+01 -0.101550E+03 +0.127455E+03 -0.720231E+02 +0.182925E+02 +0.361604E+02 +0.000000E+00 +0.000000E+00 +0.207409E-02 -0.171600E-02 +0.000000E+00 +0.137409E-02 +0.000000E+00 +0.000000E+00
 +0.130720E+01 -0.101560E+03 +0.127615E+03 -0.721280E+02 +0.183107E+02 +0.360763E+02 +0.000000E+00 +0.000000E+00 +0.207678E-02 -0.171834E-02 +0.000000E+00 +0.137090E-02 +0.000000E+00 +0.000000E+00
 +0.130720E+01 -0.101570E+03 +0.127775E+03 -0.722300E+02 +0.183299E+02 +0.359908E+02 +0.000000E+00 +0.000000E+00 +0.207946E-02 -0.172064E-02 +0.000000E+00 +0.136765E-02 +0.000000E+00 +0.000000E+00
 +0.130720E+01 -0.101580E+03 +0.127935E+03 -0.723293E+02 +0.183499E+02 +0.359041E+02 +0.000000E+00 +0.000000E+00 +0.208212E-02 -0.172291E-02 +0.000000E+00 +0.136435E-02 +0.000000E+00 +0.000000E+00
 +0.130720E+01 -0.101590E+03 +0.128095E+03 -0.724256E+02 +0.183709E+02 +0.358158E+02 +0.000000E+00 +0.000000E+00 +0.208476E-02 -0.172513E-02 +0.000000E+00 +0.136100E-02 +0.000000E+00 +0.000000E+00
 +0.130720E+01 -0.101600E+03 +0.128255E+03 -0.725195E+02 +0.183926E+02 +0.357265E+02 +0.000000E+00 +0.000000E+00 +0.208738E-02 -0.172733E-02 +0.000000E+00 +0.135761E-02 +0.000000E+00 +0.000000E+00
 +0.130720E+01 -0.101610E+03 +0.128414E+03 -0.726103E+02 +0.184153E+02 +0.356357E+02 +0.000000E+00 +0.000000E+00 +0.208998E-02 -0.172949E-02 +0.000000E+00 +0.135416E-02 +0.000000E+00 +0.000000E+00
 +0.130720E+01 -0.101620E+03 +0.128574E+03 -0.726989E+02 +0.184387E+02 +0.355439E+02 +0.000000E+00 +0.000000E+00 +0.209256E-02 -0.173161E-02 +0.000000E+00 +0.135067E-02 +0.000000E+00 +0.000000E+00
 +0.130720E+01 -0.101630E+03 +0.128733E+03 -0.727844E+02 +0.184629E+02 +0.354507E+02 +0.000000E+00 +0.000000E+00 +0.209513E-02 -0.173370E-02 +0.000000E+00 +0.134713E-02 +0.000000E+00 +0.000000E+00
 +0.130720E+01 -0.101640E+03 +0.128892E+03 -0.728678E+02 +0.184878E+02 +0.353566E+02 +0.000000E+00 +0.000000E+00 +0.209767E-02 -0.173576E-02 +0.000000E+00 +0.134355E-02 +0.000000E+00 +0.000000E+00
 +0.130720E+01 -0.101650E+03 +0.129050E+03 -0.729482E+02 +0.185136E+02 +0.352612E+02 +0.000000E+00 +0.000000E+00 +0.210019E-02 -0.173777E-02 +0.000000E+00 +0.133992E-02 +0.000000E+00 +0.000000E+00
 +0.130720E+01 -0.101660E+03 +0.129208E+03 -0.730266E+02 +0.185400E+02 +0.351649E+02 +0.000000E+00 +0.000000E+00 +0.210270E-02 -0.173976E-02 +0.000000E+00 +0.133627E-02 +0.000000E+00 +0.000000E+00
 +0.130720E+01 -0.101670E+03 +0.129366E+03 -0.731019E+02 +0.185672E+02 +0.350673E+02 +0.000000E+00 +0.000000E+00 +0.210518E-02 -0.174171E-02 +0.000000E+00 +0.133256E-02 +0.000000E+00 +0.000000E+00
 +0.130720E+01 -0.101680E+03 +0.129524E+03 -0.731754E+02 +0.185949E+02 +0.349691E+02 +0.000000E+00 +0.000000E+00 +0.210765E-02 -0.174364E-02 +0.000000E+00 +0.132882E-02 +0.000000E+00 +0.000000E+00
 +0.130720E+01 -0.101690E+03 +0.129681E+03 -0.732458E+02 +0.186235E+02 +0.348695E+02 +0.000000E+00 +0.000000E+00 +0.211009E-02 -0.174552E-02 +0.000000E+00 +0.132504E-02 +0.000000E+00 +0.000000E+00
 +0.130720E+01 -0.101700E+03 +0.129837E+03 -0.733146E+02 +0.186526E+02 +0.347694E+02 +0.000000E+00 +0.000000E+00 +0.211251E-02 -0.174738E-02 +0.000000E+00 +0.132124E-02 +0.000000E+00 +0.000000E+00
 +0.130720E+01 -0.101710E+03 +0.129994E+03 -0.733802E+02 +0.186825E+02 +0.346680E+02 +0.000000E+00 +0.000000E+00 +0.211491E-02 -0.174919E-02 +0.000000E+00 +0.131738E-02 +0.000000E+00 +0.000000E+00
 +0.130720E+01 -0.101720E+03 +0.130150E+03 -0.734444E+02 +0.187128E+02 +0.345661E+02 +0.000000E+00 +0.000000E+00 +0.211730E-02 -0.175099E-02 +0.000000E+00 +0.131351E-02 +0.000000E+00 +0.000000E+00
 +0.130720E+01 -0.101730E+03 +0.130305E+03 -0.735054E+02 +0.187439E+02 +0.344630E+02 +0.000000E+00 +0.000000E+00 +0.211966E-02 -0.175274E-02 +0.000000E+00 +0.130959E-02 +0.000000E+00 +0.000000E+00
 +0.130720E+01 -0.101740E+03 +0.130460E+03 -0.735651E+02 +0.187753E+02 +0.343594E+02 +0.000000E+00 +0.000000E+00 +0.212201E-02 -0.175447E-02 +0.000000E+00 +0.130566E-02 +0.000000E+00 +0.000000E+00
 +0.130720E+01 -0.101750E+03 +0.130614E+03 -0.736216E+02 +0.188076E+02 +0.342547E+02 +0.000000E+00 +0.000000E+00 +0.212433E-02 -0.175616E-02 +0.000000E+00 +0.130168E-02 +0.000000E+00 +0.000000E+00
 +0.130720E+01 -0.101760E+03 +0.130768E+03 -0.736769E+02 +0.188402E+02 +0.341495E+02 +0.000000E+00 +0.000000E+00 +0.212664E-02 -0.175782E-02 +0.000000E+00 +0.129768E-02 +0.000000E+00 +0.000000E+00
 +0.130720E+01 -0.101770E+03 +0.130922E+03 -0.737291E+02 +0.188735E+02 +0.340434E+02 +0.000000E+00 +0.000000E+00 +0.212891E-02 -0.175945E-02 +0.000000E+00 +0.129365E-02 +0.000000E+00 +0.000000E+00
 +0.130720E+01 -0.101780E+03 +0.131075E+03 -0.737801E+02 +0.189072E+02 +0.339368E+02 +0.000000E+00 +0.000000E+00 +0.213118E-02 -0.176106E-02 +0.000000E+00 +0.128960E-02 +0.000000E+00 +0.000000E+00
 +0.130720E+01 -0.101790E+03 +0.131227E+03 -0.738281E+02 +0.189416E+02 +0.338292E+02 +0.000000E+00 +0.000000E+00 +0.213342E-02 -0.176262E-02 +0.000000E+00 +0.128551E-02 +0.000000E+00 +0.000000E+00
 +0.130720E+01 -0.101800E+03 +0.131379E+03 -0.738750E+02 +0.189762E+02 +0.337213E+02 +0.000000E+00 +0.000000E+00 +0.213565E-02 -0.176417E-02 +0.000000E+00 +0.128141E-02 +0.000000E+00 +0.000000E+00
 +0.130720E+01 -0.101810E+03 +0.131530E+03 -0.739188E+02 +0.190116E+02 +0.336125E+02 +0.000000E+00 +0.000000E+00 +0.213784E-02 -0.176568E-02 +0.000000E+00 +0.127727E-02 +0.000000E+00 +0.000000E+00
 +0.130720E+01 -0.101820E+03 +0.131680E+03 -0.739616E+02 +0.190472E+02 +0.335033E+02 +0.000000E+00 +0.000000E+00 +0.214003E-02 -0.176717E-02 +0.000000E+00 +0.127313E-02 +0.000000E+00 +0.000000E+00
 +0.130720E+01 -0.101830E+03 +0.131830E+03 -0.740014E+02 +0.190835E+02 +0.333932E+02 +0.000000E+00 +0.000000E+00 +0.214219E-02 -0.176861E-02 +0.000000E+00 +0.126894E-02 +0.000000E+00 +0.000000E+00
 +0.130720E+01 -0.101840E+03 +0.131980E+03 -0.740404E+02 +0.191200E+02 +0.332829E+02 +0.000000E+00 +0.000000E+00 +0.214434E-02 -0.177005E-02 +0.000000E+00 +0.126475E-02 +0.000000E+00 +0.000000E+00
 +0.130720E+01 -0.101850E+03 +0.132128E+03 -0.740763E+02 +0.191572E+02 +0.331717E+02 +0.000000E+00 +0.000000E+00 +0.214645E-02 -0.177144E-02 +0.000000E+00 +0.126053E-02 +0.000000E+00 +0.000000E+00
 +0.130720E+01 -0.101860E+03 +0.132277E+03 -0.741114E+02 +0.191945E+02 +0.330603E+02 +0.000000E+00 +0.000000E+00 +0.214856E-02 -0.177281E-02 +0.000000E+00 +0.125629E-02 +0.000000E+00 +0.000000E+00
 +0.130720E+01 -0.101870E+03 +0.132424E+03 -0.741435E+02 +0.192326E+02 +0.329480E+02 +0.000000E+00 +0.000000E+00 +0.215064E-02 -0.177415E-02 +0.000000E+00 +0.125202E-02 +0.000000E+00 +0.000000E+00
 +0.130720E+01 -0.101880E+03 +0.132571E+03 -0.741749E+02 +0.192707E+02 +0.328355E+02 +0.000000E+00 +0.000000E+00 +0.215271E-02 -0.177547E-02 +0.000000E+00 +0.124775E-02 +0.000000E+00 +0.000000E+00
 +0.130720E+01 -0.101890E+03 +0.132717E+03 -0.742032E+02 +0.193096E+02 +0.327221E+02 +0.000000E+00 +0.000000E+00 +0.215474E-02 -0.177674E-02 +0.000000E+00 +0.124344E-02 +0.000000E+00 +0.000000E+00
 +0.130720E+01 -0.101900E+03 +0.132863E+03 -0.742310E+02 +0.193486E+02 +0.326085E+02 +0.000000E+00 +0.000000E+00 +0.215677E-02 -0.177801E-02 +0.000000E+00 +0.123912E-02 +0.000000E+00 +0.000000E+00
 +0.130720E+01 -0.101910E+03 +0.133008E+03 -0.742557E+02 +0.193883E+02 +0.324940E+02 +0.000000E+00 +0.000000E+00 +0.215877E-02 -0.177923E-02 +0.000000E+00 +0.123477E-02 +0.000000E+00 +0.000000E+00
 +0.130720E+01 -0.101920E+03 +0.133153E+03 -0.742798E+02 +0.194281E+02 +0.323794E+02 +0.000000E+00 +0.000000E+00 +0.216077E-02 -0.178045E-02 +0.000000E+00 +0.123042E-02 +0.000000E+00 +0.000000E+00
 +0.130720E+01 -0.101930E+03 +0.133298E+03 -0.743013E+02 +0.194688E+02 +0.322633E+02 +0.000000E+00 +0.000000E+00 +0.216275E-02 -0.178163E-02 +0.000000E+00 +0.122601E-02 +0.000000E+00 +0.000000E+00
 +0.130720E+01 -0.101940E+03 +0.133443E+03 -0.743224E+02 +0.195097E+02 +0.321470E+02 +0.000000E+00 +0.000000E+00 +0.216473E-02 -0.178281E-02 +0.000000E+00 +0.122159E-02 +0.000000E+00 +0.000000E+00
 +0.130720E+01 -0.101950E+03 +0.133595E+03 -0.743542E+02 +0.195495E+02 +0.319897E+02 +0.000000E+00 +0.000000E+00 +0.216687E-02 -0.178417E-02 +0.000000E+00 +0.121561E-02 +0.000000E+00 +0.000000E+00
 +0.130720E+01 -0.101960E+03 +0.133748E+03 -0.743872E+02 +0.195892E+02 +0.318278E+02 +0.000000E+00 +0.000000E+00 +0.216903E-02 -0.178555E-02 +0.000000E+00 +0.120946E-02 +0.000000E+00 +0.000000E+00
 +0.130720E+01 -0.101970E+03 +0.133888E+03 -0.743893E+02 +0.196345E+02 +0.317437E+02 +0.000000E+00 +0.000000E+00 +0.217081E-02 -0.178645E-02 +0.000000E+00 +0.120626E-02 +0.000000E+00 +0.000000E+00
 +0.130720E+01 -0.101980E+03 +0.134026E+03 -0.743888E+02 +0.196803E+02 +0.316664E+02 +0.000000E+00 +0.000000E+00 +0.217257E-02 -0.178731E-02 +0.000000E+00 +0.120332E-02 +0.000000E+00 +0.000000E+00
 +0.130720E+01 -0.101990E+03 +0.134174E+03 -0.744034E+02 +0.197244E+02 +0.315431E+02 +0.000000E+00 +0.000000E+00 +0.217455E-02 -0.178843E-02 +0.000000E+00 +0.119864E-02 +0.000000E+00 +0.000000E+00
 +0.130720E+01 -0.102000E+03 +0.134323E+03 -0.744191E+02 +0.197683E+02 +0.314162E+02 +0.000000E+00 +0.000000E+00 +0.217654E-02 -0.178956E-02 +0.000000E+00 +0.119382E-02 +0.000000E+00 +0.000000E+00
 +0.130720E+01 -0.102010E+03 +0.134452E+03 -0.744339E+02 +0.198061E+02 +0.312975E+02 +0.000000E+00 +0.000000E+00 +0.217828E-02 -0.179056E-02 +0.000000E+00 +0.118931E-02 +0.000000E+00 +0.000000E+00
 +0.130720E+01 -0.102020E+03 +0.134583E+03 -0.744491E+02 +0.198440E+02 +0.311799E+02 +0.000000E+00 +0.000000E+00 +0.218003E-02 -0.179157E-02 +0.000000E+00 +0.118484E-02 +0.000000E+00 +0.000000E+00
 +0.130720E+01 -0.102030E+03 +0.134736E+03 -0.744487E+02 +0.198947E+02 +0.310680E+02 +0.000000E+00 +0.000000E+00 +0.218198E-02 -0.179252E-02 +0.000000E+00 +0.118058E-02 +0.000000E+00 +0.000000E+00
 +0.130720E+01 -0.102040E+03 +0.134844E+03 -0.744691E+02 +0.199236E+02 +0.309515E+02 +0.000000E+00 +0.000000E+00 +0.218348E-02 -0.179346E-02 +0.000000E+00 +0.117616E-02 +0.000000E+00 +0.000000E+00
 +0.130720E+01 -0.102050E+03 +0.134950E+03 -0.744897E+02 +0.199519E+02 +0.308346E+02 +0.000000E+00 +0.000000E+00 +0.218496E-02 -0.179439E-02 +0.000000E+00 +0.117172E-02 +0.000000E+00 +0.000000E+00
 +0.130720E+01 -0.102060E+03 +0.135072E+03 -0.744982E+02 +0.199893E+02 +0.307187E+02 +0.000000E+00 +0.000000E+00 +0.218657E-02 -0.179526E-02 +0.000000E+00 +0.116731E-02 +0.000000E+00 +0.000000E+00
 +0.130720E+01 -0.102070E+03 +0.135190E+03 -0.745082E+02 +0.200250E+02 +0.306025E+02 +0.000000E+00 +0.000000E+00 +0.218814E-02 -0.179613E-02 +0.000000E+00 +0.116289E-02 +0.000000E+00 +0.000000E+00
 +0.130720E+01 -0.102080E+03 +0.135303E+03 -0.745204E+02 +0.200581E+02 +0.304860E+02 +0.000000E+00 +0.000000E+00 +0.218964E-02 -0.179699E-02 +0.000000E+00 +0.115847E-02 +0.000000E+00 +0.000000E+00
 +0.130720E+01 -0.102090E+03 +0.135415E+03 -0.745327E+02 +0.200912E+02 +0.303695E+02 +0.000000E+00 +0.000000E+00 +0.219115E-02 -0.179785E-02 +0.000000E+00 +0.115404E-02 +0.000000E+00 +0.000000E+00
 +0.130720E+01 -0.102100E+03 +0.135539E+03 -0.745171E+02 +0.201371E+02 +0.302471E+02 +0.000000E+00 +0.000000E+00 +0.219263E-02 -0.179843E-02 +0.000000E+00 +0.114939E-02 +0.000000E+00 +0.000000E+00
 +0.130720E+01 -0.102110E+03 +0.135664E+03 -0.745054E+02 +0.201822E+02 +0.301288E+02 +0.000000E+00 +0.000000E+00 +0.219415E-02 -0.179906E-02 +0.000000E+00 +0.114489E-02 +0.000000E+00 +0.000000E+00
 +0.130720E+01 -0.102120E+03 +0.135790E+03 -0.744974E+02 +0.202265E+02 +0.300140E+02 +0.000000E+00 +0.000000E+00 +0.219570E-02 -0.179975E-02 +0.000000E+00 +0.114053E-02 +0.000000E+00 +0.000000E+00
 +0.130720E+01 -0.102130E+03 +0.135916E+03 -0.744895E+02 +0.202708E+02 +0.298992E+02 +0.000000E+00 +0.000000E+00 +0.219726E-02 -0.180044E-02 +0.000000E+00 +0.113617E-02 +0.000000E+00 +0.000000E+00
 +0.130720E+01 -0.102140E+03 +0.136047E+03 -0.744765E+02 +0.203182E+02 +0.297802E+02 +0.000000E+00 +0.000000E+00 +0.219885E-02 -0.180110E-02 +0.000000E+00 +0.113165E-02 +0.000000E+00 +0.000000E+00
 +0.130720E+01 -0.102150E+03 +0.136195E+03 -0.744317E+02 +0.203818E+02 +0.296545E+02 +0.000000E+00 +0.000000E+00 +0.220045E-02 -0.180146E-02 +0.000000E+00 +0.112687E-02 +0.000000E+00 +0.000000E+00
 +0.130720E+01 -0.102160E+03 +0.136347E+03 -0.743764E+02 +0.204502E+02 +0.295290E+02 +0.000000E+00 +0.000000E+00 +0.220203E-02 -0.180170E-02 +0.000000E+00 +0.112210E-02 +0.000000E+00 +0.000000E+00
 +0.130720E+01 -0.102170E+03 +0.136503E+03 -0.743236E+02 +0.205191E+02 +0.293995E+02 +0.000000E+00 +0.000000E+00 +0.220369E-02 -0.180201E-02 +0.000000E+00 +0.111718E-02 +0.000000E+00 +0.000000E+00
 +0.130720E+01 -0.102180E+03 +0.136655E+03 -0.742764E+02 +0.205850E+02 +0.292724E+02 +0.000000E+00 +0.000000E+00 +0.220533E-02 -0.180237E-02 +0.000000E+00 +0.111235E-02 +0.000000E+00 +0.000000E+00
 +0.130720E+01 -0.102190E+03 +0.136770E+03 -0.742742E+02 +0.206238E+02 +0.291577E+02 +0.000000E+00 +0.000000E+00 +0.220679E-02 -0.180306E-02 +0.000000E+00 +0.110799E-02 +0.000000E+00 +0.000000E+00
 +0.130720E+01 -0.102200E+03 +0.136878E+03 -0.742811E+02 +0.206570E+02 +0.290335E+02 +0.000000E+00 +0.000000E+00 +0.220820E-02 -0.180382E-02 +0.000000E+00 +0.110327E-02 +0.000000E+00 +0.000000E+00
 +0.130720E+01 -0.102210E+03 +0.136986E+03 -0.742880E+02 +0.206902E+02 +0.289093E+02 +0.000000E+00 +0.000000E+00 +0.220961E-02 -0.180459E-02 +0.000000E+00 +0.109855E-02 +0.000000E+00 +0.000000E+00
 +0.130720E+01 -0.102220E+03 +0.137093E+03 -0.742948E+02 +0.207234E+02 +0.287851E+02 +0.000000E+00 +0.000000E+00 +0.221102E-02 -0.180535E-02 +0.000000E+00 +0.109383E-02 +0.000000E+00 +0.000000E+00
 +0.130720E+01 -0.102230E+03 +0.137200E+03 -0.742998E+02 +0.207569E+02 +0.286657E+02 +0.000000E+00 +0.000000E+00 +0.221241E-02 -0.180608E-02 +0.000000E+00 +0.108930E-02 +0.000000E+00 +0.000000E+00
 +0.130720E+01 -0.102240E+03 +0.137306E+03 -0.743047E+02 +0.207904E+02 +0.285464E+02 +0.000000E+00 +0.000000E+00 +0.221380E-02 -0.180681E-02 +0.000000E+00 +0.108476E-02 +0.000000E+00 +0.000000E+00
 +0.130720E+01 -0.102250E+03 +0.137408E+03 -0.742893E+02 +0.208292E+02 +0.284250E+02 +0.000000E+00 +0.000000E+00 +0.221500E-02 -0.180725E-02 +0.000000E+00 +0.108015E-02 +0.000000E+00 +0.000000E+00
 +0.130720E+01 -0.102260E+03 +0.137508E+03 -0.742664E+02 +0.208699E+02 +0.283029E+02 +0.000000E+00 +0.000000E+00 +0.221613E-02 -0.180759E-02 +0.000000E+00 +0.107551E-02 +0.000000E+00 +0.000000E+00
 +0.130720E+01 -0.102270E+03 +0.137630E+03 -0.742307E+02 +0.209218E+02 +0.281783E+02 +0.000000E+00 +0.000000E+00 +0.221746E-02 -0.180790E-02 +0.000000E+00 +0.107078E-02 +0.000000E+00 +0.000000E+00
 +0.130720E+01 -0.102280E+03 +0.137768E+03 -0.741848E+02 +0.209826E+02 +0.280517E+02 +0.000000E+00 +0.000000E+00 +0.221893E-02 -0.180818E-02 +0.000000E+00 +0.106596E-02 +0.000000E+00 +0.000000E+00
 +0.130720E+01 -0.102290E+03 +0.137907E+03 -0.741388E+02 +0.210435E+02 +0.279251E+02 +0.000000E+00 +0.000000E+00 +0.222041E-02 -0.180846E-02 +0.000000E+00 +0.106115E-02 +0.000000E+00 +0.000000E+00
 +0.130720E+01 -0.102300E+03 +0.138045E+03 -0.740928E+02 +0.211043E+02 +0.277985E+02 +0.000000E+00 +0.000000E+00 +0.222188E-02 -0.180875E-02 +0.000000E+00 +0.105634E-02 +0.000000E+00 +0.000000E+00
 +0.130720E+01 -0.102310E+03 +0.138181E+03 -0.740249E+02 +0.211716E+02 +0.276699E+02 +0.000000E+00 +0.000000E+00 +0.222318E-02 -0.180873E-02 +0.000000E+00 +0.105146E-02 +0.000000E+00 +0.000000E+00
 +0.130720E+01 -0.102320E+03 +0.138301E+03 -0.739778E+02 +0.212268E+02 +0.275559E+02 +0.000000E+00 +0.000000E+00 +0.222442E-02 -0.180889E-02 +0.000000E+00 +0.104712E-02 +0.000000E+00 +0.000000E+00
 +0.130720E+01 -0.102330E+03 +0.138415E+03 -0.739498E+02 +0.212735E+02 +0.274500E+02 +0.000000E+00 +0.000000E+00 +0.222569E-02 -0.180924E-02 +0.000000E+00 +0.104310E-02 +0.000000E+00 +0.000000E+00
 +0.130720E+01 -0.102340E+03 +0.138529E+03 -0.739219E+02 +0.213202E+02 +0.273442E+02 +0.000000E+00 +0.000000E+00 +0.222696E-02 -0.180960E-02 +0.000000E+00 +0.103908E-02 +0.000000E+00 +0.000000E+00
 +0.130720E+01 -0.102350E+03 +0.138642E+03 -0.738939E+02 +0.213669E+02 +0.272383E+02 +0.000000E+00 +0.000000E+00 +0.222823E-02 -0.180995E-02 +0.000000E+00 +0.103506E-02 +0.000000E+00 +0.000000E+00
 +0.130720E+01 -0.102360E+03 +0.138756E+03 -0.738660E+02 +0.214136E+02 +0.271325E+02 +0.000000E+00 +0.000000E+00 +0.222950E-02 -0.181031E-02 +0.000000E+00 +0.103104E-02 +0.000000E+00 +0.000000E+00
 +0.130720E+01 -0.102370E+03 +0.138868E+03 -0.738430E+02 +0.214584E+02 +0.270277E+02 +0.000000E+00 +0.000000E+00 +0.223079E-02 -0.181073E-02 +0.000000E+00 +0.102705E-02 +0.000000E+00 +0.000000E+00
 +0.130720E+01 -0.102380E+03 +0.138972E+03 -0.738195E+02 +0.215002E+02 +0.269185E+02 +0.000000E+00 +0.000000E+00 +0.223196E-02 -0.181107E-02 +0.000000E+00 +0.102290E-02 +0.000000E+00 +0.000000E+00
 +0.130720E+01 -0.102390E+03 +0.139075E+03 -0.737959E+02 +0.215421E+02 +0.268094E+02 +0.000000E+00 +0.000000E+00 +0.223313E-02 -0.181142E-02 +0.000000E+00 +0.101876E-02 +0.000000E+00 +0.000000E+00
 +0.130720E+01 -0.102400E+03 +0.139178E+03 -0.737724E+02 +0.215840E+02 +0.267002E+02 +0.000000E+00 +0.000000E+00 +0.223429E-02 -0.181177E-02 +0.000000E+00 +0.101461E-02 +0.000000E+00 +0.000000E+00
 +0.130720E+01 -0.102410E+03 +0.139282E+03 -0.737488E+02 +0.216258E+02 +0.265910E+02 +0.000000E+00 +0.000000E+00 +0.223546E-02 -0.181212E-02 +0.000000E+00 +0.101046E-02 +0.000000E+00 +0.000000E+00
 +0.130720E+01 -0.102420E+03 +0.139385E+03 -0.737253E+02 +0.216677E+02 +0.264819E+02 +0.000000E+00 +0.000000E+00 +0.223663E-02 -0.181247E-02 +0.000000E+00 +0.100631E-02 +0.000000E+00 +0.000000E+00
 +0.130720E+01 -0.102430E+03 +0.139488E+03 -0.737017E+02 +0.217096E+02 +0.263727E+02 +0.000000E+00 +0.000000E+00 +0.223780E-02 -0.181281E-02 +0.000000E+00 +0.100216E-02 +0.000000E+00 +0.000000E+00
 +0.130720E+01 -0.102440E+03 +0.139592E+03 -0.736782E+02 +0.217514E+02 +0.262636E+02 +0.000000E+00 +0.000000E+00 +0.223896E-02 -0.181316E-02 +0.000000E+00 +0.998015E-03 +0.000000E+00 +0.000000E+00
 +0.130720E+01 -0.102450E+03 +0.139686E+03 -0.736487E+02 +0.217923E+02 +0.261497E+02 +0.000000E+00 +0.000000E+00 +0.223998E-02 -0.181338E-02 +0.000000E+00 +0.993688E-03 +0.000000E+00 +0.000000E+00
 +0.130720E+01 -0.102460E+03 +0.139783E+03 -0.736265E+02 +0.218317E+02 +0.260297E+02 +0.000000E+00 +0.000000E+00 +0.224108E-02 -0.181371E-02 +0.000000E+00 +0.989128E-03 +0.000000E+00 +0.000000E+00
 +0.130720E+01 -0.102470E+03 +0.139889E+03 -0.735789E+02 +0.218823E+02 +0.259025E+02 +0.000000E+00 +0.000000E+00 +0.224212E-02 -0.181376E-02 +0.000000E+00 +0.984293E-03 +0.000000E+00 +0.000000E+00
 +0.130720E+01 -0.102480E+03 +0.139995E+03 -0.735312E+02 +0.219329E+02 +0.257752E+02 +0.000000E+00 +0.000000E+00 +0.224317E-02 -0.181382E-02 +0.000000E+00 +0.979458E-03 +0.000000E+00 +0.000000E+00
 +0.130720E+01 -0.102490E+03 +0.140100E+03 -0.734836E+02 +0.219835E+02 +0.256480E+02 +0.000000E+00 +0.000000E+00 +0.224422E-02 -0.181387E-02 +0.000000E+00 +0.974623E-03 +0.000000E+00 +0.000000E+00
 +0.130720E+01 -0.102500E+03 +0.140206E+03 -0.734360E+02 +0.220341E+02 +0.255207E+02 +0.000000E+00 +0.000000E+00 +0.224527E-02 -0.181393E-02 +0.000000E+00 +0.969787E-03 +0.000000E+00 +0.000000E+00
 +0.130720E+01 -0.102510E+03 +0.140312E+03 -0.733883E+02 +0.220847E+02 +0.253935E+02 +0.000000E+00 +0.000000E+00 +0.224631E-02 -0.181399E-02 +0.000000E+00 +0.964952E-03 +0.000000E+00 +0.000000E+00
 +0.130720E+01 -0.102520E+03 +0.140417E+03 -0.733407E+02 +0.221353E+02 +0.252662E+02 +0.000000E+00 +0.000000E+00 +0.224736E-02 -0.181404E-02 +0.000000E+00 +0.960117E-03 +0.000000E+00 +0.000000E+00
 +0.130720E+01 -0.102530E+03 +0.140523E+03 -0.732931E+02 +0.221859E+02 +0.251390E+02 +0.000000E+00 +0.000000E+00 +0.224841E-02 -0.181410E-02 +0.000000E+00 +0.955282E-03 +0.000000E+00 +0.000000E+00
 +0.130720E+01 -0.102540E+03 +0.140624E+03 -0.732460E+02 +0.222349E+02 +0.250189E+02 +0.000000E+00 +0.000000E+00 +0.224940E-02 -0.181414E-02 +0.000000E+00 +0.950717E-03 +0.000000E+00 +0.000000E+00
 +0.130720E+01 -0.102550E+03 +0.140719E+03 -0.731997E+02 +0.222814E+02 +0.249090E+02 +0.000000E+00 +0.000000E+00 +0.225032E-02 -0.181414E-02 +0.000000E+00 +0.946541E-03 +0.000000E+00 +0.000000E+00
 +0.130720E+01 -0.102560E+03 +0.140814E+03 -0.731534E+02 +0.223280E+02 +0.247991E+02 +0.000000E+00 +0.000000E+00 +0.225123E-02 -0.181415E-02 +0.000000E+00 +0.942366E-03 +0.000000E+00 +0.000000E+00
 +0.130720E+01 -0.102570E+03 +0.140909E+03 -0.731072E+02 +0.223745E+02 +0.246892E+02 +0.000000E+00 +0.000000E+00 +0.225215E-02 -0.181415E-02 +0.000000E+00 +0.938190E-03 +0.000000E+00 +0.000000E+00
 +0.130720E+01 -0.102580E+03 +0.141004E+03 -0.730609E+02 +0.224211E+02 +0.245793E+02 +0.000000E+00 +0.000000E+00 +0.225307E-02 -0.181416E-02 +0.000000E+00 +0.934015E-03 +0.000000E+00 +0.000000E+00
 +0.130720E+01 -0.102590E+03 +0.141098E+03 -0.730146E+02 +0.224676E+02 +0.244694E+02 +0.000000E+00 +0.000000E+00 +0.225398E-02 -0.181416E-02 +0.000000E+00 +0.929839E-03 +0.000000E+00 +0.000000E+00
 +0.130720E+01 -0.102600E+03 +0.141193E+03 -0.729683E+02 +0.225142E+02 +0.243596E+02 +0.000000E+00 +0.000000E+00 +0.225490E-02 -0.181417E-02 +0.000000E+00 +0.925663E-03 +0.000000E+00 +0.000000E+00
 +0.130720E+01 -0.102610E+03 +0.141288E+03 -0.729220E+02 +0.225607E+02 +0.242497E+02 +0.000000E+00 +0.000000E+00 +0.225582E-02 -0.181417E-02 +0.000000E+00 +0.921488E-03 +0.000000E+00 +0.000000E+00
 +0.130720E+01 -0.102620E+03 +0.141382E+03 -0.728751E+02 +0.226074E+02 +0.241394E+02 +0.000000E+00 +0.000000E+00 +0.225672E-02 -0.181417E-02 +0.000000E+00 +0.917297E-03 +0.000000E+00 +0.000000E+00
 +0.130720E+01 -0.102630E+03 +0.141463E+03 -0.728236E+02 +0.226510E+02 +0.240260E+02 +0.000000E+00 +0.000000E+00 +0.225743E-02 -0.181402E-02 +0.000000E+00 +0.912989E-03 +0.000000E+00 +0.000000E+00
 +0.130720E+01 -0.102640E+03 +0.141551E+03 -0.727711E+02 +0.226975E+02 +0.239110E+02 +0.000000E+00 +0.000000E+00 +0.225822E-02 -0.181390E-02 +0.000000E+00 +0.908617E-03 +0.000000E+00 +0.000000E+00
 +0.130720E+01 -0.102650E+03 +0.141640E+03 -0.727186E+02 +0.227440E+02 +0.237959E+02 +0.000000E+00 +0.000000E+00 +0.225902E-02 -0.181379E-02 +0.000000E+00 +0.904245E-03 +0.000000E+00 +0.000000E+00
 +0.130720E+01 -0.102660E+03 +0.141728E+03 -0.726660E+02 +0.227905E+02 +0.236809E+02 +0.000000E+00 +0.000000E+00 +0.225981E-02 -0.181367E-02 +0.000000E+00 +0.899873E-03 +0.000000E+00 +0.000000E+00
 +0.130720E+01 -0.102670E+03 +0.141816E+03 -0.726135E+02 +0.228370E+02 +0.235658E+02 +0.000000E+00 +0.000000E+00 +0.226061E-02 -0.181356E-02 +0.000000E+00 +0.895501E-03 +0.000000E+00 +0.000000E+00
 +0.130720E+01 -0.102680E+03 +0.141905E+03 -0.725609E+02 +0.228835E+02 +0.234508E+02 +0.000000E+00 +0.000000E+00 +0.226140E-02 -0.181344E-02 +0.000000E+00 +0.891129E-03 +0.000000E+00 +0.000000E+00
 +0.130720E+01 -0.102690E+03 +0.141993E+03 -0.725084E+02 +0.229300E+02 +0.233357E+02 +0.000000E+00 +0.000000E+00 +0.226220E-02 -0.181333E-02 +0.000000E+00 +0.886757E-03 +0.000000E+00 +0.000000E+00
 +0.130720E+01 -0.102700E+03 +0.142081E+03 -0.724559E+02 +0.229764E+02 +0.232207E+02 +0.000000E+00 +0.000000E+00 +0.226300E-02 -0.181321E-02 +0.000000E+00 +0.882385E-03 +0.000000E+00 +0.000000E+00
 +0.130720E+01 -0.102710E+03 +0.142170E+03 -0.724033E+02 +0.230229E+02 +0.231056E+02 +0.000000E+00 +0.000000E+00 +0.226379E-02 -0.181310E-02 +0.000000E+00 +0.878013E-03 +0.000000E+00 +0.000000E+00
 +0.130720E+01 -0.102720E+03 +0.142247E+03 -0.723858E+02 +0.230542E+02 +0.229920E+02 +0.000000E+00 +0.000000E+00 +0.226466E-02 -0.181336E-02 +0.000000E+00 +0.873697E-03 +0.000000E+00 +0.000000E+00
 +0.130720E+01 -0.102730E+03 +0.142323E+03 -0.723709E+02 +0.230842E+02 +0.228785E+02 +0.000000E+00 +0.000000E+00 +0.226554E-02 -0.181365E-02 +0.000000E+00 +0.869385E-03 +0.000000E+00 +0.000000E+00
 +0.130720E+01 -0.102740E+03 +0.142399E+03 -0.723560E+02 +0.231143E+02 +0.227651E+02 +0.000000E+00 +0.000000E+00 +0.226641E-02 -0.181394E-02 +0.000000E+00 +0.865073E-03 +0.000000E+00 +0.000000E+00
 +0.130720E+01 -0.102750E+03 +0.142475E+03 -0.723411E+02 +0.231443E+02 +0.226516E+02 +0.000000E+00 +0.000000E+00 +0.226729E-02 -0.181422E-02 +0.000000E+00 +0.860761E-03 +0.000000E+00 +0.000000E+00
 +0.130720E+01 -0.102760E+03 +0.142552E+03 -0.723263E+02 +0.231744E+02 +0.225381E+02 +0.000000E+00 +0.000000E+00 +0.226817E-02 -0.181451E-02 +0.000000E+00 +0.856449E-03 +0.000000E+00 +0.000000E+00
 +0.130720E+01 -0.102770E+03 +0.142632E+03 -0.723023E+02 +0.232087E+02 +0.224244E+02 +0.000000E+00 +0.000000E+00 +0.226904E-02 -0.181471E-02 +0.000000E+00 +0.852125E-03 +0.000000E+00 +0.000000E+00
 +0.130720E+01 -0.102780E+03 +0.142731E+03 -0.722361E+02 +0.232633E+02 +0.223092E+02 +0.000000E+00 +0.000000E+00 +0.226989E-02 -0.181449E-02 +0.000000E+00 +0.847748E-03 +0.000000E+00 +0.000000E+00
 +0.130720E+01 -0.102790E+03 +0.142826E+03 -0.721688E+02 +0.233170E+02 +0.221993E+02 +0.000000E+00 +0.000000E+00 +0.227068E-02 -0.181423E-02 +0.000000E+00 +0.843574E-03 +0.000000E+00 +0.000000E+00
 +0.130720E+01 -0.102800E+03 +0.142907E+03 -0.720976E+02 +0.233671E+02 +0.221084E+02 +0.000000E+00 +0.000000E+00 +0.227126E-02 -0.181383E-02 +0.000000E+00 +0.840120E-03 +0.000000E+00 +0.000000E+00
 +0.130720E+01 -0.102810E+03 +0.142988E+03 -0.720265E+02 +0.234172E+02 +0.220175E+02 +0.000000E+00 +0.000000E+00 +0.227184E-02 -0.181343E-02 +0.000000E+00 +0.836666E-03 +0.000000E+00 +0.000000E+00
 +0.130720E+01 -0.102820E+03 +0.143069E+03 -0.719553E+02 +0.234674E+02 +0.219266E+02 +0.000000E+00 +0.000000E+00 +0.227242E-02 -0.181303E-02 +0.000000E+00 +0.833212E-03 +0.000000E+00 +0.000000E+00
 +0.130720E+01 -0.102830E+03 +0.143149E+03 -0.718842E+02 +0.235175E+02 +0.218357E+02 +0.000000E+00 +0.000000E+00 +0.227301E-02 -0.181263E-02 +0.000000E+00 +0.829758E-03 +0.000000E+00 +0.000000E+00
 +0.130720E+01 -0.102840E+03 +0.143230E+03 -0.718130E+02 +0.235676E+02 +0.217448E+02 +0.000000E+00 +0.000000E+00 +0.227359E-02 -0.181223E-02 +0.000000E+00 +0.826304E-03 +0.000000E+00 +0.000000E+00
 +0.130720E+01 -0.102850E+03 +0.143311E+03 -0.717419E+02 +0.236178E+02 +0.216539E+02 +0.000000E+00 +0.000000E+00 +0.227417E-02 -0.181183E-02 +0.000000E+00 +0.822850E-03 +0.000000E+00 +0.000000E+00
 +0.130720E+01 -0.102860E+03 +0.143392E+03 -0.716707E+02 +0.236679E+02 +0.215631E+02 +0.000000E+00 +0.000000E+00 +0.227475E-02 -0.181143E-02 +0.000000E+00 +0.819396E-03 +0.000000E+00 +0.000000E+00
 +0.130720E+01 -0.102870E+03 +0.143473E+03 -0.715996E+02 +0.237181E+02 +0.214722E+02 +0.000000E+00 +0.000000E+00 +0.227533E-02 -0.181104E-02 +0.000000E+00 +0.815942E-03 +0.000000E+00 +0.000000E+00
 +0.130720E+01 -0.102880E+03 +0.143553E+03 -0.715285E+02 +0.237682E+02 +0.213813E+02 +0.000000E+00 +0.000000E+00 +0.227592E-02 -0.181064E-02 +0.000000E+00 +0.812488E-03 +0.000000E+00 +0.000000E+00
 +0.130720E+01 -0.102890E+03 +0.143634E+03 -0.714573E+02 +0.238183E+02 +0.212904E+02 +0.000000E+00 +0.000000E+00 +0.227650E-02 -0.181024E-02 +0.000000E+00 +0.809034E-03 +0.000000E+00 +0.000000E+00
 +0.130720E+01 -0.102900E+03 +0.143715E+03 -0.713862E+02 +0.238685E+02 +0.211995E+02 +0.000000E+00 +0.000000E+00 +0.227708E-02 -0.180984E-02 +0.000000E+00 +0.805580E-03 +0.000000E+00 +0.000000E+00
 +0.130720E+01 -0.102910E+03 +0.143796E+03 -0.713150E+02 +0.239186E+02 +0.211086E+02 +0.000000E+00 +0.000000E+00 +0.227766E-02 -0.180944E-02 +0.000000E+00 +0.802126E-03 +0.000000E+00 +0.000000E+00
 +0.130720E+01 -0.102920E+03 +0.143876E+03 -0.712439E+02 +0.239688E+02 +0.210177E+02 +0.000000E+00 +0.000000E+00 +0.227825E-02 -0.180904E-02 +0.000000E+00 +0.798672E-03 +0.000000E+00 +0.000000E+00
 +0.130720E+01 -0.102930E+03 +0.143955E+03 -0.711772E+02 +0.240167E+02 +0.209253E+02 +0.000000E+00 +0.000000E+00 +0.227883E-02 -0.180868E-02 +0.000000E+00 +0.795162E-03 +0.000000E+00 +0.000000E+00
 +0.130720E+01 -0.102940E+03 +0.144020E+03 -0.711150E+02 +0.240585E+02 +0.208183E+02 +0.000000E+00 +0.000000E+00 +0.227926E-02 -0.180830E-02 +0.000000E+00 +0.791094E-03 +0.000000E+00 +0.000000E+00
 +0.130720E+01 -0.102950E+03 +0.144084E+03 -0.710528E+02 +0.241004E+02 +0.207112E+02 +0.000000E+00 +0.000000E+00 +0.227969E-02 -0.180791E-02 +0.000000E+00 +0.787026E-03 +0.000000E+00 +0.000000E+00
 +0.130720E+01 -0.102960E+03 +0.144149E+03 -0.709907E+02 +0.241422E+02 +0.206042E+02 +0.000000E+00 +0.000000E+00 +0.228013E-02 -0.180753E-02 +0.000000E+00 +0.782958E-03 +0.000000E+00 +0.000000E+00
 +0.130720E+01 -0.102970E+03 +0.144214E+03 -0.709285E+02 +0.241841E+02 +0.204971E+02 +0.000000E+00 +0.000000E+00 +0.228056E-02 -0.180714E-02 +0.000000E+00 +0.778890E-03 +0.000000E+00 +0.000000E+00
 +0.130720E+01 -0.102980E+03 +0.144278E+03 -0.708663E+02 +0.242260E+02 +0.203900E+02 +0.000000E+00 +0.000000E+00 +0.228099E-02 -0.180675E-02 +0.000000E+00 +0.774822E-03 +0.000000E+00 +0.000000E+00
 +0.130720E+01 -0.102990E+03 +0.144343E+03 -0.708041E+02 +0.242678E+02 +0.202830E+02 +0.000000E+00 +0.000000E+00 +0.228143E-02 -0.180637E-02 +0.000000E+00 +0.770754E-03 +0.000000E+00 +0.000000E+00
 +0.130720E+01 -0.103000E+03 +0.144408E+03 -0.707419E+02 +0.243097E+02 +0.201759E+02 +0.000000E+00 +0.000000E+00 +0.228186E-02 -0.180598E-02 +0.000000E+00 +0.766686E-03 +0.000000E+00 +0.000000E+00
 +0.130720E+01 -0.103010E+03 +0.144472E+03 -0.706798E+02 +0.243515E+02 +0.200689E+02 +0.000000E+00 +0.000000E+00 +0.228229E-02 -0.180559E-02 +0.000000E+00 +0.762618E-03 +0.000000E+00 +0.000000E+00
 +0.130720E+01 -0.103020E+03 +0.144537E+03 -0.706176E+02 +0.243934E+02 +0.199618E+02 +0.000000E+00 +0.000000E+00 +0.228273E-02 -0.180521E-02 +0.000000E+00 +0.758550E-03 +0.000000E+00 +0.000000E+00
 +0.130720E+01 -0.103030E+03 +0.144602E+03 -0.705554E+02 +0.244353E+02 +0.198548E+02 +0.000000E+00 +0.000000E+00 +0.228316E-02 -0.180482E-02 +0.000000E+00 +0.754482E-03 +0.000000E+00 +0.000000E+00
 +0.130720E+01 -0.103040E+03 +0.144666E+03 -0.704932E+02 +0.244771E+02 +0.197477E+02 +0.000000E+00 +0.000000E+00 +0.228359E-02 -0.180444E-02 +0.000000E+00 +0.750414E-03 +0.000000E+00 +0.000000E+00
 +0.130720E+01 -0.103050E+03 +0.144731E+03 -0.704310E+02 +0.245190E+02 +0.196407E+02 +0.000000E+00 +0.000000E+00 +0.228403E-02 -0.180405E-02 +0.000000E+00 +0.746346E-03 +0.000000E+00 +0.000000E+00
 +0.130720E+01 -0.103060E+03 +0.144796E+03 -0.703689E+02 +0.245608E+02 +0.195336E+02 +0.000000E+00 +0.000000E+00 +0.228446E-02 -0.180366E-02 +0.000000E+00 +0.742278E-03 +0.000000E+00 +0.000000E+00
 +0.130720E+01 -0.103070E+03 +0.144860E+03 -0.703067E+02 +0.246027E+02 +0.194266E+02 +0.000000E+00 +0.000000E+00 +0.228489E-02 -0.180328E-02 +0.000000E+00 +0.738210E-03 +0.000000E+00 +0.000000E+00
 +0.130720E+01 -0.103080E+03 +0.144925E+03 -0.702445E+02 +0.246445E+02 +0.193195E+02 +0.000000E+00 +0.000000E+00 +0.228533E-02 -0.180289E-02 +0.000000E+00 +0.734142E-03 +0.000000E+00 +0.000000E+00
 +0.130720E+01 -0.103090E+03 +0.144990E+03 -0.701823E+02 +0.246864E+02 +0.192125E+02 +0.000000E+00 +0.000000E+00 +0.228576E-02 -0.180251E-02 +0.000000E+00 +0.730074E-03 +0.000000E+00 +0.000000E+00
 +0.130720E+01 -0.103100E+03 +0.145054E+03 -0.701202E+02 +0.247280E+02 +0.191060E+02 +0.000000E+00 +0.000000E+00 +0.228619E-02 -0.180212E-02 +0.000000E+00 +0.726029E-03 +0.000000E+00 +0.000000E+00
 +0.130720E+01 -0.103110E+03 +0.145096E+03 -0.700600E+02 +0.247619E+02 +0.190213E+02 +0.000000E+00 +0.000000E+00 +0.228635E-02 -0.180162E-02 +0.000000E+00 +0.722808E-03 +0.000000E+00 +0.000000E+00
 +0.130720E+01 -0.103120E+03 +0.145139E+03 -0.699998E+02 +0.247958E+02 +0.189365E+02 +0.000000E+00 +0.000000E+00 +0.228651E-02 -0.180112E-02 +0.000000E+00 +0.719587E-03 +0.000000E+00 +0.000000E+00
 +0.130720E+01 -0.103130E+03 +0.145181E+03 -0.699396E+02 +0.248297E+02 +0.188517E+02 +0.000000E+00 +0.000000E+00 +0.228668E-02 -0.180062E-02 +0.000000E+00 +0.716366E-03 +0.000000E+00 +0.000000E+00
 +0.130720E+01 -0.103140E+03 +0.145224E+03 -0.698794E+02 +0.248636E+02 +0.187670E+02 +0.000000E+00 +0.000000E+00 +0.228684E-02 -0.180012E-02 +0.000000E+00 +0.713145E-03 +0.000000E+00 +0.000000E+00
 +0.130720E+01 -0.103150E+03 +0.145266E+03 -0.698192E+02 +0.248975E+02 +0.186822E+02 +0.000000E+00 +0.000000E+00 +0.228701E-02 -0.179962E-02 +0.000000E+00 +0.709925E-03 +0.000000E+00 +0.000000E+00
 +0.130720E+01 -0.103160E+03 +0.145309E+03 -0.697590E+02 +0.249314E+02 +0.185975E+02 +0.000000E+00 +0.000000E+00 +0.228717E-02 -0.179912E-02 +0.000000E+00 +0.706704E-03 +0.000000E+00 +0.000000E+00
 +0.130720E+01 -0.103170E+03 +0.145351E+03 -0.696988E+02 +0.249653E+02 +0.185127E+02 +0.000000E+00 +0.000000E+00 +0.228733E-02 -0.179862E-02 +0.000000E+00 +0.703483E-03 +0.000000E+00 +0.000000E+00
 +0.130720E+01 -0.103180E+03 +0.145394E+03 -0.696386E+02 +0.249992E+02 +0.184279E+02 +0.000000E+00 +0.000000E+00 +0.228750E-02 -0.179812E-02 +0.000000E+00 +0.700262E-03 +0.000000E+00 +0.000000E+00
 +0.130720E+01 -0.103190E+03 +0.145436E+03 -0.695784E+02 +0.250331E+02 +0.183432E+02 +0.000000E+00 +0.000000E+00 +0.228766E-02 -0.179762E-02 +0.000000E+00 +0.697041E-03 +0.000000E+00 +0.000000E+00
 +0.130720E+01 -0.103200E+03 +0.145479E+03 -0.695182E+02 +0.250670E+02 +0.182584E+02 +0.000000E+00 +0.000000E+00 +0.228782E-02 -0.179712E-02 +0.000000E+00 +0.693820E-03 +0.000000E+00 +0.000000E+00
 +0.130720E+01 -0.103210E+03 +0.145522E+03 -0.694581E+02 +0.251010E+02 +0.181735E+02 +0.000000E+00 +0.000000E+00 +0.228799E-02 -0.179662E-02 +0.000000E+00 +0.690593E-03 +0.000000E+00 +0.000000E+00
 +0.130720E+01 -0.103220E+03 +0.145590E+03 -0.694044E+02 +0.251413E+02 +0.180800E+02 +0.000000E+00 +0.000000E+00 +0.228853E-02 -0.179637E-02 +0.000000E+00 +0.687038E-03 +0.000000E+00 +0.000000E+00
 +0.130720E+01 -0.103230E+03 +0.145658E+03 -0.693506E+02 +0.251815E+02 +0.179864E+02 +0.000000E+00 +0.000000E+00 +0.228906E-02 -0.179611E-02 +0.000000E+00 +0.683483E-03 +0.000000E+00 +0.000000E+00
 +0.130720E+01 -0.103240E+03 +0.145727E+03 -0.692969E+02 +0.252218E+02 +0.178928E+02 +0.000000E+00 +0.000000E+00 +0.228959E-02 -0.179585E-02 +0.000000E+00 +0.679928E-03 +0.000000E+00 +0.000000E+00
 +0.130720E+01 -0.103250E+03 +0.145795E+03 -0.692431E+02 +0.252621E+02 +0.177993E+02 +0.000000E+00 +0.000000E+00 +0.229012E-02 -0.179560E-02 +0.000000E+00 +0.676373E-03 +0.000000E+00 +0.000000E+00
 +0.130720E+01 -0.103260E+03 +0.145863E+03 -0.691894E+02 +0.253023E+02 +0.177057E+02 +0.000000E+00 +0.000000E+00 +0.229065E-02 -0.179534E-02 +0.000000E+00 +0.672817E-03 +0.000000E+00 +0.000000E+00
 +0.130720E+01 -0.103270E+03 +0.145928E+03 -0.691207E+02 +0.253464E+02 +0.176189E+02 +0.000000E+00 +0.000000E+00 +0.229105E-02 -0.179487E-02 +0.000000E+00 +0.669519E-03 +0.000000E+00 +0.000000E+00
 +0.130720E+01 -0.103280E+03 +0.145991E+03 -0.690445E+02 +0.253923E+02 +0.175355E+02 +0.000000E+00 +0.000000E+00 +0.229137E-02 -0.179430E-02 +0.000000E+00 +0.666350E-03 +0.000000E+00 +0.000000E+00
 +0.130720E+01 -0.103290E+03 +0.146054E+03 -0.689684E+02 +0.254383E+02 +0.174521E+02 +0.000000E+00 +0.000000E+00 +0.229170E-02 -0.179373E-02 +0.000000E+00 +0.663181E-03 +0.000000E+00 +0.000000E+00
 +0.130720E+01 -0.103300E+03 +0.146117E+03 -0.688922E+02 +0.254842E+02 +0.173687E+02 +0.000000E+00 +0.000000E+00 +0.229203E-02 -0.179315E-02 +0.000000E+00 +0.660012E-03 +0.000000E+00 +0.000000E+00
 +0.130720E+01 -0.103310E+03 +0.146180E+03 -0.688160E+02 +0.255302E+02 +0.172853E+02 +0.000000E+00 +0.000000E+00 +0.229235E-02 -0.179258E-02 +0.000000E+00 +0.656842E-03 +0.000000E+00 +0.000000E+00
 +0.130720E+01 -0.103320E+03 +0.146243E+03 -0.687399E+02 +0.255762E+02 +0.172019E+02 +0.000000E+00 +0.000000E+00 +0.229268E-02 -0.179200E-02 +0.000000E+00 +0.653673E-03 +0.000000E+00 +0.000000E+00
 +0.130720E+01 -0.103330E+03 +0.146306E+03 -0.686637E+02 +0.256221E+02 +0.171185E+02 +0.000000E+00 +0.000000E+00 +0.229300E-02 -0.179143E-02 +0.000000E+00 +0.650504E-03 +0.000000E+00 +0.000000E+00
 +0.130720E+01 -0.103340E+03 +0.146369E+03 -0.685709E+02 +0.256733E+02 +0.170299E+02 +0.000000E+00 +0.000000E+00 +0.229321E-02 -0.179064E-02 +0.000000E+00 +0.647134E-03 +0.000000E+00 +0.000000E+00
 +0.130720E+01 -0.103350E+03 +0.146431E+03 -0.684685E+02 +0.257275E+02 +0.169382E+02 +0.000000E+00 +0.000000E+00 +0.229336E-02 -0.178973E-02 +0.000000E+00 +0.643650E-03 +0.000000E+00 +0.000000E+00
 +0.130720E+01 -0.103360E+03 +0.146493E+03 -0.683662E+02 +0.257818E+02 +0.168465E+02 +0.000000E+00 +0.000000E+00 +0.229351E-02 -0.178881E-02 +0.000000E+00 +0.640167E-03 +0.000000E+00 +0.000000E+00
 +0.130720E+01 -0.103370E+03 +0.146555E+03 -0.682638E+02 +0.258360E+02 +0.167548E+02 +0.000000E+00 +0.000000E+00 +0.229366E-02 -0.178790E-02 +0.000000E+00 +0.636683E-03 +0.000000E+00 +0.000000E+00
 +0.130720E+01 -0.103380E+03 +0.146617E+03 -0.681615E+02 +0.258902E+02 +0.166631E+02 +0.000000E+00 +0.000000E+00 +0.229380E-02 -0.178698E-02 +0.000000E+00 +0.633199E-03 +0.000000E+00 +0.000000E+00
 +0.130720E+01 -0.103390E+03 +0.146679E+03 -0.680592E+02 +0.259444E+02 +0.165714E+02 +0.000000E+00 +0.000000E+00 +0.229395E-02 -0.178607E-02 +0.000000E+00 +0.629715E-03 +0.000000E+00 +0.000000E+00
 +0.130720E+01 -0.103400E+03 +0.146740E+03 -0.679568E+02 +0.259986E+02 +0.164798E+02 +0.000000E+00 +0.000000E+00 +0.229410E-02 -0.178515E-02 +0.000000E+00 +0.626231E-03 +0.000000E+00 +0.000000E+00
 +0.130720E+01 -0.103410E+03 +0.146802E+03 -0.678545E+02 +0.260528E+02 +0.163881E+02 +0.000000E+00 +0.000000E+00 +0.229424E-02 -0.178424E-02 +0.000000E+00 +0.622747E-03 +0.000000E+00 +0.000000E+00
 +0.130720E+01 -0.103420E+03 +0.146848E+03 -0.677955E+02 +0.260872E+02 +0.163101E+02 +0.000000E+00 +0.000000E+00 +0.229445E-02 -0.178377E-02 +0.000000E+00 +0.619785E-03 +0.000000E+00 +0.000000E+00
 +0.130720E+01 -0.103430E+03 +0.146889E+03 -0.677469E+02 +0.261168E+02 +0.162355E+02 +0.000000E+00 +0.000000E+00 +0.229467E-02 -0.178341E-02 +0.000000E+00 +0.616948E-03 +0.000000E+00 +0.000000E+00
 +0.130720E+01 -0.103440E+03 +0.146930E+03 -0.676983E+02 +0.261463E+02 +0.161608E+02 +0.000000E+00 +0.000000E+00 +0.229488E-02 -0.178305E-02 +0.000000E+00 +0.614111E-03 +0.000000E+00 +0.000000E+00
 +0.130720E+01 -0.103450E+03 +0.146971E+03 -0.676498E+02 +0.261759E+02 +0.160862E+02 +0.000000E+00 +0.000000E+00 +0.229510E-02 -0.178269E-02 +0.000000E+00 +0.611274E-03 +0.000000E+00 +0.000000E+00
 +0.130720E+01 -0.103460E+03 +0.147012E+03 -0.676012E+02 +0.262055E+02 +0.160115E+02 +0.000000E+00 +0.000000E+00 +0.229532E-02 -0.178233E-02 +0.000000E+00 +0.608438E-03 +0.000000E+00 +0.000000E+00
 +0.130720E+01 -0.103470E+03 +0.147053E+03 -0.675526E+02 +0.262351E+02 +0.159369E+02 +0.000000E+00 +0.000000E+00 +0.229554E-02 -0.178197E-02 +0.000000E+00 +0.605601E-03 +0.000000E+00 +0.000000E+00
 +0.130720E+01 -0.103480E+03 +0.147094E+03 -0.675040E+02 +0.262647E+02 +0.158622E+02 +0.000000E+00 +0.000000E+00 +0.229576E-02 -0.178161E-02 +0.000000E+00 +0.602764E-03 +0.000000E+00 +0.000000E+00
 +0.130720E+01 -0.103490E+03 +0.147135E+03 -0.674554E+02 +0.262943E+02 +0.157876E+02 +0.000000E+00 +0.000000E+00 +0.229598E-02 -0.178124E-02 +0.000000E+00 +0.599927E-03 +0.000000E+00 +0.000000E+00
 +0.130720E+01 -0.103500E+03 +0.147176E+03 -0.674068E+02 +0.263239E+02 +0.157129E+02 +0.000000E+00 +0.000000E+00 +0.229619E-02 -0.178088E-02 +0.000000E+00 +0.597090E-03 +0.000000E+00 +0.000000E+00
 +0.130720E+01 -0.103510E+03 +0.147217E+03 -0.673583E+02 +0.263535E+02 +0.156383E+02 +0.000000E+00 +0.000000E+00 +0.229641E-02 -0.178052E-02 +0.000000E+00 +0.594254E-03 +0.000000E+00 +0.000000E+00
 +0.130720E+01 -0.103520E+03 +0.147258E+03 -0.673097E+02 +0.263831E+02 +0.155636E+02 +0.000000E+00 +0.000000E+00 +0.229663E-02 -0.178016E-02 +0.000000E+00 +0.591417E-03 +0.000000E+00 +0.000000E+00
 +0.130720E+01 -0.103530E+03 +0.147299E+03 -0.672611E+02 +0.264126E+02 +0.154890E+02 +0.000000E+00 +0.000000E+00 +0.229685E-02 -0.177980E-02 +0.000000E+00 +0.588580E-03 +0.000000E+00 +0.000000E+00
 +0.130720E+01 -0.103540E+03 +0.147340E+03 -0.672125E+02 +0.264422E+02 +0.154143E+02 +0.000000E+00 +0.000000E+00 +0.229707E-02 -0.177944E-02 +0.000000E+00 +0.585743E-03 +0.000000E+00 +0.000000E+00
 +0.130720E+01 -0.103550E+03 +0.147382E+03 -0.671639E+02 +0.264718E+02 +0.153396E+02 +0.000000E+00 +0.000000E+00 +0.229729E-02 -0.177908E-02 +0.000000E+00 +0.582907E-03 +0.000000E+00 +0.000000E+00
 +0.130720E+01 -0.103560E+03 +0.147423E+03 -0.671154E+02 +0.265014E+02 +0.152650E+02 +0.000000E+00 +0.000000E+00 +0.229750E-02 -0.177872E-02 +0.000000E+00 +0.580070E-03 +0.000000E+00 +0.000000E+00
 +0.130720E+01 -0.103570E+03 +0.147464E+03 -0.670668E+02 +0.265310E+02 +0.151903E+02 +0.000000E+00 +0.000000E+00 +0.229772E-02 -0.177836E-02 +0.000000E+00 +0.577233E-03 +0.000000E+00 +0.000000E+00
 +0.130720E+01 -0.103580E+03 +0.147505E+03 -0.670174E+02 +0.265609E+02 +0.151157E+02 +0.000000E+00 +0.000000E+00 +0.229794E-02 -0.177799E-02 +0.000000E+00 +0.574395E-03 +0.000000E+00 +0.000000E+00
 +0.130720E+01 -0.103590E+03 +0.147558E+03 -0.669133E+02 +0.266126E+02 +0.150392E+02 +0.000000E+00 +0.000000E+00 +0.229795E-02 -0.177699E-02 +0.000000E+00 +0.571490E-03 +0.000000E+00 +0.000000E+00
 +0.130720E+01 -0.103600E+03 +0.147610E+03 -0.668092E+02 +0.266643E+02 +0.149628E+02 +0.000000E+00 +0.000000E+00 +0.229797E-02 -0.177600E-02 +0.000000E+00 +0.568585E-03 +0.000000E+00 +0.000000E+00
 +0.130720E+01 -0.103610E+03 +0.147654E+03 -0.667112E+02 +0.267112E+02 +0.148940E+02 +0.000000E+00 +0.000000E+00 +0.229792E-02 -0.177503E-02 +0.000000E+00 +0.565973E-03 +0.000000E+00 +0.000000E+00
 +0.130720E+01 -0.103620E+03 +0.147691E+03 -0.666187E+02 +0.267537E+02 +0.148324E+02 +0.000000E+00 +0.000000E+00 +0.229780E-02 -0.177408E-02 +0.000000E+00 +0.563630E-03 +0.000000E+00 +0.000000E+00
 +0.130720E+01 -0.103630E+03 +0.147727E+03 -0.665263E+02 +0.267962E+02 +0.147707E+02 +0.000000E+00 +0.000000E+00 +0.229768E-02 -0.177313E-02 +0.000000E+00 +0.561286E-03 +0.000000E+00 +0.000000E+00
 +0.130720E+01 -0.103640E+03 +0.147763E+03 -0.664339E+02 +0.268387E+02 +0.147090E+02 +0.000000E+00 +0.000000E+00 +0.229757E-02 -0.177218E-02 +0.000000E+00 +0.558943E-03 +0.000000E+00 +0.000000E+00
 +0.130720E+01 -0.103650E+03 +0.147800E+03 -0.663415E+02 +0.268812E+02 +0.146473E+02 +0.000000E+00 +0.000000E+00 +0.229745E-02 -0.177123E-02 +0.000000E+00 +0.556599E-03 +0.000000E+00 +0.000000E+00
 +0.130720E+01 -0.103660E+03 +0.147836E+03 -0.662491E+02 +0.269236E+02 +0.145857E+02 +0.000000E+00 +0.000000E+00 +0.229733E-02 -0.177028E-02 +0.000000E+00 +0.554256E-03 +0.000000E+00 +0.000000E+00
 +0.130720E+01 -0.103670E+03 +0.147872E+03 -0.661566E+02 +0.269661E+02 +0.145240E+02 +0.000000E+00 +0.000000E+00 +0.229721E-02 -0.176933E-02 +0.000000E+00 +0.551912E-03 +0.000000E+00 +0.000000E+00
 +0.130720E+01 -0.103680E+03 +0.147908E+03 -0.660642E+02 +0.270086E+02 +0.144623E+02 +0.000000E+00 +0.000000E+00 +0.229710E-02 -0.176838E-02 +0.000000E+00 +0.549569E-03 +0.000000E+00 +0.000000E+00
 +0.130720E+01 -0.103690E+03 +0.147945E+03 -0.659718E+02 +0.270511E+02 +0.144007E+02 +0.000000E+00 +0.000000E+00 +0.229698E-02 -0.176743E-02 +0.000000E+00 +0.547225E-03 +0.000000E+00 +0.000000E+00
 +0.130720E+01 -0.103700E+03 +0.147981E+03 -0.658794E+02 +0.270936E+02 +0.143390E+02 +0.000000E+00 +0.000000E+00 +0.229686E-02 -0.176649E-02 +0.000000E+00 +0.544882E-03 +0.000000E+00 +0.000000E+00
 +0.130720E+01 -0.103710E+03 +0.148017E+03 -0.657870E+02 +0.271360E+02 +0.142773E+02 +0.000000E+00 +0.000000E+00 +0.229675E-02 -0.176554E-02 +0.000000E+00 +0.542538E-03 +0.000000E+00 +0.000000E+00
 +0.130720E+01 -0.103720E+03 +0.148054E+03 -0.656946E+02 +0.271785E+02 +0.142157E+02 +0.000000E+00 +0.000000E+00 +0.229663E-02 -0.176459E-02 +0.000000E+00 +0.540195E-03 +0.000000E+00 +0.000000E+00
 +0.130720E+01 -0.103730E+03 +0.148090E+03 -0.656021E+02 +0.272210E+02 +0.141540E+02 +0.000000E+00 +0.000000E+00 +0.229651E-02 -0.176364E-02 +0.000000E+00 +0.537852E-03 +0.000000E+00 +0.000000E+00
 +0.130720E+01 -0.103740E+03 +0.148126E+03 -0.655097E+02 +0.272635E+02 +0.140923E+02 +0.000000E+00 +0.000000E+00 +0.229639E-02 -0.176269E-02 +0.000000E+00 +0.535508E-03 +0.000000E+00 +0.000000E+00
 +0.130720E+01 -0.103750E+03 +0.148163E+03 -0.654173E+02 +0.273060E+02 +0.140306E+02 +0.000000E+00 +0.000000E+00 +0.229628E-02 -0.176174E-02 +0.000000E+00 +0.533165E-03 +0.000000E+00 +0.000000E+00
 +0.130720E+01 -0.103760E+03 +0.148199E+03 -0.653249E+02 +0.273484E+02 +0.139690E+02 +0.000000E+00 +0.000000E+00 +0.229616E-02 -0.176079E-02 +0.000000E+00 +0.530821E-03 +0.000000E+00 +0.000000E+00
 +0.130720E+01 -0.103770E+03 +0.148235E+03 -0.652325E+02 +0.273909E+02 +0.139073E+02 +0.000000E+00 +0.000000E+00 +0.229604E-02 -0.175984E-02 +0.000000E+00 +0.528478E-03 +0.000000E+00 +0.000000E+00
 +0.130720E+01 -0.103780E+03 +0.148272E+03 -0.651400E+02 +0.274334E+02 +0.138456E+02 +0.000000E+00 +0.000000E+00 +0.229593E-02 -0.175890E-02 +0.000000E+00 +0.526134E-03 +0.000000E+00 +0.000000E+00
 +0.130720E+01 -0.103790E+03 +0.148308E+03 -0.650476E+02 +0.274759E+02 +0.137840E+02 +0.000000E+00 +0.000000E+00 +0.229581E-02 -0.175795E-02 +0.000000E+00 +0.523791E-03 +0.000000E+00 +0.000000E+00
 +0.130720E+01 -0.103800E+03 +0.148344E+03 -0.649552E+02 +0.275184E+02 +0.137223E+02 +0.000000E+00 +0.000000E+00 +0.229569E-02 -0.175700E-02 +0.000000E+00 +0.521447E-03 +0.000000E+00 +0.000000E+00
 +0.130720E+01 -0.103810E+03 +0.148381E+03 -0.648628E+02 +0.275609E+02 +0.136606E+02 +0.000000E+00 +0.000000E+00 +0.229557E-02 -0.175605E-02 +0.000000E+00 +0.519104E-03 +0.000000E+00 +0.000000E+00
 +0.130720E+01 -0.103820E+03 +0.148417E+03 -0.647704E+02 +0.276033E+02 +0.135990E+02 +0.000000E+00 +0.000000E+00 +0.229546E-02 -0.175510E-02 +0.000000E+00 +0.516760E-03 +0.000000E+00 +0.000000E+00
 +0.130720E+01 -0.103830E+03 +0.148453E+03 -0.646780E+02 +0.276458E+02 +0.135373E+02 +0.000000E+00 +0.000000E+00 +0.229534E-02 -0.175415E-02 +0.000000E+00 +0.514417E-03 +0.000000E+00 +0.000000E+00
 +0.130720E+01 -0.103840E+03 +0.148489E+03 -0.645855E+02 +0.276883E+02 +0.134756E+02 +0.000000E+00 +0.000000E+00 +0.229522E-02 -0.175320E-02 +0.000000E+00 +0.512074E-03 +0.000000E+00 +0.000000E+00
 +0.130720E+01 -0.103850E+03 +0.148526E+03 -0.644931E+02 +0.277308E+02 +0.134139E+02 +0.000000E+00 +0.000000E+00 +0.229511E-02 -0.175225E-02 +0.000000E+00 +0.509730E-03 +0.000000E+00 +0.000000E+00
 +0.130720E+01 -0.103860E+03 +0.148562E+03 -0.644007E+02 +0.277733E+02 +0.133523E+02 +0.000000E+00 +0.000000E+00 +0.229499E-02 -0.175131E-02 +0.000000E+00 +0.507387E-03 +0.000000E+00 +0.000000E+00
 +0.130720E+01 -0.103870E+03 +0.148598E+03 -0.643083E+02 +0.278157E+02 +0.132906E+02 +0.000000E+00 +0.000000E+00 +0.229487E-02 -0.175036E-02 +0.000000E+00 +0.505043E-03 +0.000000E+00 +0.000000E+00
 +0.130720E+01 -0.103880E+03 +0.148635E+03 -0.642159E+02 +0.278582E+02 +0.132289E+02 +0.000000E+00 +0.000000E+00 +0.229475E-02 -0.174941E-02 +0.000000E+00 +0.502700E-03 +0.000000E+00 +0.000000E+00
 +0.130720E+01 -0.103890E+03 +0.148671E+03 -0.641234E+02 +0.279007E+02 +0.131673E+02 +0.000000E+00 +0.000000E+00 +0.229464E-02 -0.174846E-02 +0.000000E+00 +0.500356E-03 +0.000000E+00 +0.000000E+00
 +0.130720E+01 -0.103900E+03 +0.148707E+03 -0.640310E+02 +0.279432E+02 +0.131056E+02 +0.000000E+00 +0.000000E+00 +0.229452E-02 -0.174751E-02 +0.000000E+00 +0.498013E-03 +0.000000E+00 +0.000000E+00
 +0.130720E+01 -0.103910E+03 +0.148744E+03 -0.639386E+02 +0.279857E+02 +0.130439E+02 +0.000000E+00 +0.000000E+00 +0.229440E-02 -0.174656E-02 +0.000000E+00 +0.495669E-03 +0.000000E+00 +0.000000E+00
 +0.130720E+01 -0.103920E+03 +0.148780E+03 -0.638462E+02 +0.280281E+02 +0.129823E+02 +0.000000E+00 +0.000000E+00 +0.229428E-02 -0.174561E-02 +0.000000E+00 +0.493326E-03 +0.000000E+00 +0.000000E+00
 +0.130720E+01 -0.103930E+03 +0.148827E+03 -0.637724E+02 +0.280680E+02 +0.128994E+02 +0.000000E+00 +0.000000E+00 +0.229442E-02 -0.174497E-02 +0.000000E+00 +0.490176E-03 +0.000000E+00 +0.000000E+00
 +0.130720E+01 -0.103940E+03 +0.148876E+03 -0.637021E+02 +0.281073E+02 +0.128124E+02 +0.000000E+00 +0.000000E+00 +0.229460E-02 -0.174438E-02 +0.000000E+00 +0.486873E-03 +0.000000E+00 +0.000000E+00
 +0.130720E+01 -0.103950E+03 +0.148925E+03 -0.636318E+02 +0.281466E+02 +0.127255E+02 +0.000000E+00 +0.000000E+00 +0.229478E-02 -0.174379E-02 +0.000000E+00 +0.483570E-03 +0.000000E+00 +0.000000E+00
 +0.130720E+01 -0.103960E+03 +0.148973E+03 -0.635615E+02 +0.281859E+02 +0.126386E+02 +0.000000E+00 +0.000000E+00 +0.229496E-02 -0.174320E-02 +0.000000E+00 +0.480267E-03 +0.000000E+00 +0.000000E+00
 +0.130720E+01 -0.103970E+03 +0.149022E+03 -0.634912E+02 +0.282252E+02 +0.125517E+02 +0.000000E+00 +0.000000E+00 +0.229514E-02 -0.174261E-02 +0.000000E+00 +0.476964E-03 +0.000000E+00 +0.000000E+00
 +0.130720E+01 -0.103980E+03 +0.149071E+03 -0.634209E+02 +0.282646E+02 +0.124648E+02 +0.000000E+00 +0.000000E+00 +0.229532E-02 -0.174202E-02 +0.000000E+00 +0.473661E-03 +0.000000E+00 +0.000000E+00
 +0.130720E+01 -0.103990E+03 +0.149120E+03 -0.633506E+02 +0.283039E+02 +0.123778E+02 +0.000000E+00 +0.000000E+00 +0.229550E-02 -0.174143E-02 +0.000000E+00 +0.470358E-03 +0.000000E+00 +0.000000E+00
 +0.130720E+01 -0.104000E+03 +0.149169E+03 -0.632803E+02 +0.283432E+02 +0.122909E+02 +0.000000E+00 +0.000000E+00 +0.229569E-02 -0.174085E-02 +0.000000E+00 +0.467055E-03 +0.000000E+00 +0.000000E+00
 +0.130720E+01 -0.104010E+03 +0.149218E+03 -0.632100E+02 +0.283825E+02 +0.122040E+02 +0.000000E+00 +0.000000E+00 +0.229587E-02 -0.174026E-02 +0.000000E+00 +0.463752E-03 +0.000000E+00 +0.000000E+00
 +0.130720E+01 -0.104020E+03 +0.149266E+03 -0.631397E+02 +0.284218E+02 +0.121171E+02 +0.000000E+00 +0.000000E+00 +0.229605E-02 -0.173967E-02 +0.000000E+00 +0.460449E-03 +0.000000E+00 +0.000000E+00
 +0.130720E+01 -0.104030E+03 +0.149315E+03 -0.630694E+02 +0.284611E+02 +0.120302E+02 +0.000000E+00 +0.000000E+00 +0.229623E-02 -0.173908E-02 +0.000000E+00 +0.457146E-03 +0.000000E+00 +0.000000E+00
 +0.130720E+01 -0.104040E+03 +0.149364E+03 -0.629991E+02 +0.285005E+02 +0.119432E+02 +0.000000E+00 +0.000000E+00 +0.229641E-02 -0.173849E-02 +0.000000E+00 +0.453843E-03 +0.000000E+00 +0.000000E+00
 +0.130720E+01 -0.104050E+03 +0.149413E+03 -0.629288E+02 +0.285398E+02 +0.118563E+02 +0.000000E+00 +0.000000E+00 +0.229659E-02 -0.173790E-02 +0.000000E+00 +0.450540E-03 +0.000000E+00 +0.000000E+00
 +0.130720E+01 -0.104060E+03 +0.149462E+03 -0.628585E+02 +0.285791E+02 +0.117694E+02 +0.000000E+00 +0.000000E+00 +0.229677E-02 -0.173731E-02 +0.000000E+00 +0.447237E-03 +0.000000E+00 +0.000000E+00
 +0.130720E+01 -0.104070E+03 +0.149511E+03 -0.627882E+02 +0.286184E+02 +0.116825E+02 +0.000000E+00 +0.000000E+00 +0.229695E-02 -0.173673E-02 +0.000000E+00 +0.443934E-03 +0.000000E+00 +0.000000E+00
 +0.130720E+01 -0.104080E+03 +0.149559E+03 -0.627179E+02 +0.286577E+02 +0.115956E+02 +0.000000E+00 +0.000000E+00 +0.229713E-02 -0.173614E-02 +0.000000E+00 +0.440631E-03 +0.000000E+00 +0.000000E+00
 +0.130720E+01 -0.104090E+03 +0.149608E+03 -0.626476E+02 +0.286970E+02 +0.115086E+02 +0.000000E+00 +0.000000E+00 +0.229731E-02 -0.173555E-02 +0.000000E+00 +0.437328E-03 +0.000000E+00 +0.000000E+00
 +0.130720E+01 -0.104100E+03 +0.149657E+03 -0.625773E+02 +0.287364E+02 +0.114217E+02 +0.000000E+00 +0.000000E+00 +0.229750E-02 -0.173496E-02 +0.000000E+00 +0.434025E-03 +0.000000E+00 +0.000000E+00
 +0.130720E+01 -0.104110E+03 +0.149706E+03 -0.625070E+02 +0.287757E+02 +0.113348E+02 +0.000000E+00 +0.000000E+00 +0.229768E-02 -0.173437E-02 +0.000000E+00 +0.430722E-03 +0.000000E+00 +0.000000E+00
 +0.130720E+01 -0.104120E+03 +0.149755E+03 -0.624367E+02 +0.288150E+02 +0.112479E+02 +0.000000E+00 +0.000000E+00 +0.229786E-02 -0.173378E-02 +0.000000E+00 +0.427419E-03 +0.000000E+00 +0.000000E+00
 +0.130720E+01 -0.104130E+03 +0.149804E+03 -0.623664E+02 +0.288543E+02 +0.111609E+02 +0.000000E+00 +0.000000E+00 +0.229804E-02 -0.173319E-02 +0.000000E+00 +0.424116E-03 +0.000000E+00 +0.000000E+00
 +0.130720E+01 -0.104140E+03 +0.149853E+03 -0.622961E+02 +0.288936E+02 +0.110740E+02 +0.000000E+00 +0.000000E+00 +0.229822E-02 -0.173260E-02 +0.000000E+00 +0.420813E-03 +0.000000E+00 +0.000000E+00
 +0.130720E+01 -0.104150E+03 +0.149901E+03 -0.622258E+02 +0.289329E+02 +0.109871E+02 +0.000000E+00 +0.000000E+00 +0.229840E-02 -0.173202E-02 +0.000000E+00 +0.417510E-03 +0.000000E+00 +0.000000E+00
 +0.130720E+01 -0.104160E+03 +0.149950E+03 -0.621555E+02 +0.289723E+02 +0.109002E+02 +0.000000E+00 +0.000000E+00 +0.229858E-02 -0.173143E-02 +0.000000E+00 +0.414207E-03 +0.000000E+00 +0.000000E+00
 +0.130720E+01 -0.104170E+03 +0.149999E+03 -0.620852E+02 +0.290116E+02 +0.108133E+02 +0.000000E+00 +0.000000E+00 +0.229876E-02 -0.173084E-02 +0.000000E+00 +0.410904E-03 +0.000000E+00 +0.000000E+00
 +0.130720E+01 -0.104180E+03 +0.150048E+03 -0.620149E+02 +0.290509E+02 +0.107263E+02 +0.000000E+00 +0.000000E+00 +0.229894E-02 -0.173025E-02 +0.000000E+00 +0.407601E-03 +0.000000E+00 +0.000000E+00
 +0.130720E+01 -0.104190E+03 +0.150075E+03 -0.619902E+02 +0.290678E+02 +0.106695E+02 +0.000000E+00 +0.000000E+00 +0.229913E-02 -0.173010E-02 +0.000000E+00 +0.405441E-03 +0.000000E+00 +0.000000E+00
 +0.130720E+01 -0.104200E+03 +0.150101E+03 -0.619659E+02 +0.290846E+02 +0.106129E+02 +0.000000E+00 +0.000000E+00 +0.229931E-02 -0.172996E-02 +0.000000E+00 +0.403290E-03 +0.000000E+00 +0.000000E+00
 +0.130720E+01 -0.104210E+03 +0.150127E+03 -0.619416E+02 +0.291013E+02 +0.105563E+02 +0.000000E+00 +0.000000E+00 +0.229950E-02 -0.172982E-02 +0.000000E+00 +0.401139E-03 +0.000000E+00 +0.000000E+00
 +0.130720E+01 -0.104220E+03 +0.150154E+03 -0.619173E+02 +0.291181E+02 +0.104997E+02 +0.000000E+00 +0.000000E+00 +0.229968E-02 -0.172967E-02 +0.000000E+00 +0.398988E-03 +0.000000E+00 +0.000000E+00
 +0.130720E+01 -0.104230E+03 +0.150180E+03 -0.618930E+02 +0.291348E+02 +0.104431E+02 +0.000000E+00 +0.000000E+00 +0.229987E-02 -0.172953E-02 +0.000000E+00 +0.396837E-03 +0.000000E+00 +0.000000E+00
 +0.130720E+01 -0.104240E+03 +0.150207E+03 -0.618688E+02 +0.291516E+02 +0.103865E+02 +0.000000E+00 +0.000000E+00 +0.230005E-02 -0.172939E-02 +0.000000E+00 +0.394685E-03 +0.000000E+00 +0.000000E+00
 +0.130720E+01 -0.104250E+03 +0.150233E+03 -0.618445E+02 +0.291683E+02 +0.103299E+02 +0.000000E+00 +0.000000E+00 +0.230023E-02 -0.172924E-02 +0.000000E+00 +0.392534E-03 +0.000000E+00 +0.000000E+00
 +0.130720E+01 -0.104260E+03 +0.150260E+03 -0.618202E+02 +0.291850E+02 +0.102732E+02 +0.000000E+00 +0.000000E+00 +0.230042E-02 -0.172910E-02 +0.000000E+00 +0.390383E-03 +0.000000E+00 +0.000000E+00
 +0.130720E+01 -0.104270E+03 +0.150286E+03 -0.617959E+02 +0.292018E+02 +0.102166E+02 +0.000000E+00 +0.000000E+00 +0.230060E-02 -0.172896E-02 +0.000000E+00 +0.388232E-03 +0.000000E+00 +0.000000E+00
 +0.130720E+01 -0.104280E+03 +0.150313E+03 -0.617716E+02 +0.292185E+02 +0.101600E+02 +0.000000E+00 +0.000000E+00 +0.230079E-02 -0.172881E-02 +0.000000E+00 +0.386081E-03 +0.000000E+00 +0.000000E+00
 +0.130720E+01 -0.104290E+03 +0.150339E+03 -0.617473E+02 +0.292353E+02 +0.101034E+02 +0.000000E+00 +0.000000E+00 +0.230097E-02 -0.172867E-02 +0.000000E+00 +0.383930E-03 +0.000000E+00 +0.000000E+00
 +0.130720E+01 -0.104300E+03 +0.150365E+03 -0.617230E+02 +0.292520E+02 +0.100468E+02 +0.000000E+00 +0.000000E+00 +0.230116E-02 -0.172853E-02 +0.000000E+00 +0.381779E-03 +0.000000E+00 +0.000000E+00
 +0.130720E+01 -0.104310E+03 +0.150392E+03 -0.616987E+02 +0.292688E+02 +0.999020E+01 +0.000000E+00 +0.000000E+00 +0.230134E-02 -0.172838E-02 +0.000000E+00 +0.379628E-03 +0.000000E+00 +0.000000E+00
 +0.130720E+01 -0.104320E+03 +0.150418E+03 -0.616744E+02 +0.292855E+02 +0.993359E+01 +0.000000E+00 +0.000000E+00 +0.230152E-02 -0.172824E-02 +0.000000E+00 +0.377476E-03 +0.000000E+00 +0.000000E+00
 +0.130720E+01 -0.104330E+03 +0.150445E+03 -0.616501E+02 +0.293023E+02 +0.987698E+01 +0.000000E+00 +0.000000E+00 +0.230171E-02 -0.172809E-02 +0.000000E+00 +0.375325E-03 +0.000000E+00 +0.000000E+00
 +0.130720E+01 -0.104340E+03 +0.150471E+03 -0.616258E+02 +0.293190E+02 +0.982037E+01 +0.000000E+00 +0.000000E+00 +0.230189E-02 -0.172795E-02 +0.000000E+00 +0.373174E-03 +0.000000E+00 +0.000000E+00
 +0.130720E+01 -0.104350E+03 +0.150498E+03 -0.616015E+02 +0.293358E+02 +0.976377E+01 +0.000000E+00 +0.000000E+00 +0.230208E-02 -0.172781E-02 +0.000000E+00 +0.371023E-03 +0.000000E+00 +0.000000E+00
 +0.130720E+01 -0.104360E+03 +0.150524E+03 -0.615772E+02 +0.293525E+02 +0.970716E+01 +0.000000E+00 +0.000000E+00 +0.230226E-02 -0.172766E-02 +0.000000E+00 +0.368872E-03 +0.000000E+00 +0.000000E+00
 +0.130720E+01 -0.104370E+03 +0.150551E+03 -0.615529E+02 +0.293693E+02 +0.965055E+01 +0.000000E+00 +0.000000E+00 +0.230245E-02 -0.172752E-02 +0.000000E+00 +0.366721E-03 +0.000000E+00 +0.000000E+00
 +0.130720E+01 -0.104380E+03 +0.150577E+03 -0.615286E+02 +0.293860E+02 +0.959394E+01 +0.000000E+00 +0.000000E+00 +0.230263E-02 -0.172738E-02 +0.000000E+00 +0.364570E-03 +0.000000E+00 +0.000000E+00
 +0.130720E+01 -0.104390E+03 +0.150604E+03 -0.615043E+02 +0.294027E+02 +0.953733E+01 +0.000000E+00 +0.000000E+00 +0.230282E-02 -0.172723E-02 +0.000000E+00 +0.362419E-03 +0.000000E+00 +0.000000E+00
 +0.130720E+01 -0.104400E+03 +0.150614E+03 -0.614488E+02 +0.294244E+02 +0.947948E+01 +0.000000E+00 +0.000000E+00 +0.230259E-02 -0.172659E-02 +0.000000E+00 +0.360220E-03 +0.000000E+00 +0.000000E+00
 +0.130720E+01 -0.104410E+03 +0.150619E+03 -0.613844E+02 +0.294474E+02 +0.942126E+01 +0.000000E+00 +0.000000E+00 +0.230226E-02 -0.172580E-02 +0.000000E+00 +0.358008E-03 +0.000000E+00 +0.000000E+00
 +0.130720E+01 -0.104420E+03 +0.150624E+03 -0.613200E+02 +0.294704E+02 +0.936305E+01 +0.000000E+00 +0.000000E+00 +0.230192E-02 -0.172502E-02 +0.000000E+00 +0.355796E-03 +0.000000E+00 +0.000000E+00
 +0.130720E+01 -0.104430E+03 +0.150629E+03 -0.612556E+02 +0.294934E+02 +0.930484E+01 +0.000000E+00 +0.000000E+00 +0.230158E-02 -0.172423E-02 +0.000000E+00 +0.353584E-03 +0.000000E+00 +0.000000E+00
 +0.130720E+01 -0.104440E+03 +0.150635E+03 -0.611912E+02 +0.295164E+02 +0.924663E+01 +0.000000E+00 +0.000000E+00 +0.230125E-02 -0.172344E-02 +0.000000E+00 +0.351372E-03 +0.000000E+00 +0.000000E+00
 +0.130720E+01 -0.104450E+03 +0.150640E+03 -0.611268E+02 +0.295394E+02 +0.918842E+01 +0.000000E+00 +0.000000E+00 +0.230091E-02 -0.172266E-02 +0.000000E+00 +0.349160E-03 +0.000000E+00 +0.000000E+00
 +0.130720E+01 -0.104460E+03 +0.150645E+03 -0.610623E+02 +0.295624E+02 +0.913021E+01 +0.000000E+00 +0.000000E+00 +0.230057E-02 -0.172187E-02 +0.000000E+00 +0.346948E-03 +0.000000E+00 +0.000000E+00
 +0.130720E+01 -0.104470E+03 +0.150651E+03 -0.609979E+02 +0.295854E+02 +0.907199E+01 +0.000000E+00 +0.000000E+00 +0.230024E-02 -0.172108E-02 +0.000000E+00 +0.344736E-03 +0.000000E+00 +0.000000E+00
 +0.130720E+01 -0.104480E+03 +0.150656E+03 -0.609335E+02 +0.296084E+02 +0.901378E+01 +0.000000E+00 +0.000000E+00 +0.229990E-02 -0.172030E-02 +0.000000E+00 +0.342524E-03 +0.000000E+00 +0.000000E+00
 +0.130720E+01 -0.104490E+03 +0.150661E+03 -0.608691E+02 +0.296314E+02 +0.895557E+01 +0.000000E+00 +0.000000E+00 +0.229956E-02 -0.171951E-02 +0.000000E+00 +0.340312E-03 +0.000000E+00 +0.000000E+00
 +0.130720E+01 -0.104500E+03 +0.150666E+03 -0.608047E+02 +0.296544E+02 +0.889736E+01 +0.000000E+00 +0.000000E+00 +0.229923E-02 -0.171872E-02 +0.000000E+00 +0.338100E-03 +0.000000E+00 +0.000000E+00
 +0.130720E+01 -0.104510E+03 +0.150672E+03 -0.607403E+02 +0.296774E+02 +0.883915E+01 +0.000000E+00 +0.000000E+00 +0.229889E-02 -0.171794E-02 +0.000000E+00 +0.335888E-03 +0.000000E+00 +0.000000E+00
 +0.130720E+01 -0.104520E+03 +0.150677E+03 -0.606759E+02 +0.297004E+02 +0.878094E+01 +0.000000E+00 +0.000000E+00 +0.229856E-02 -0.171715E-02 +0.000000E+00 +0.333676E-03 +0.000000E+00 +0.000000E+00
 +0.130720E+01 -0.104530E+03 +0.150682E+03 -0.606114E+02 +0.297234E+02 +0.872272E+01 +0.000000E+00 +0.000000E+00 +0.229822E-02 -0.171636E-02 +0.000000E+00 +0.331463E-03 +0.000000E+00 +0.000000E+00
 +0.130720E+01 -0.104540E+03 +0.150688E+03 -0.605470E+02 +0.297464E+02 +0.866451E+01 +0.000000E+00 +0.000000E+00 +0.229788E-02 -0.171557E-02 +0.000000E+00 +0.329251E-03 +0.000000E+00 +0.000000E+00
 +0.130720E+01 -0.104550E+03 +0.150693E+03 -0.604826E+02 +0.297694E+02 +0.860630E+01 +0.000000E+00 +0.000000E+00 +0.229755E-02 -0.171479E-02 +0.000000E+00 +0.327039E-03 +0.000000E+00 +0.000000E+00
 +0.130720E+01 -0.104560E+03 +0.150698E+03 -0.604182E+02 +0.297924E+02 +0.854809E+01 +0.000000E+00 +0.000000E+00 +0.229721E-02 -0.171400E-02 +0.000000E+00 +0.324827E-03 +0.000000E+00 +0.000000E+00
 +0.130720E+01 -0.104570E+03 +0.150703E+03 -0.603538E+02 +0.298154E+02 +0.848988E+01 +0.000000E+00 +0.000000E+00 +0.229687E-02 -0.171321E-02 +0.000000E+00 +0.322615E-03 +0.000000E+00 +0.000000E+00
 +0.130720E+01 -0.104580E+03 +0.150717E+03 -0.602893E+02 +0.298412E+02 +0.844089E+01 +0.000000E+00 +0.000000E+00 +0.229664E-02 -0.171248E-02 +0.000000E+00 +0.320754E-03 +0.000000E+00 +0.000000E+00
 +0.130720E+01 -0.104590E+03 +0.150744E+03 -0.602248E+02 +0.298715E+02 +0.840659E+01 +0.000000E+00 +0.000000E+00 +0.229659E-02 -0.171183E-02 +0.000000E+00 +0.319450E-03 +0.000000E+00 +0.000000E+00
 +0.130720E+01 -0.104600E+03 +0.150772E+03 -0.601603E+02 +0.299018E+02 +0.837229E+01 +0.000000E+00 +0.000000E+00 +0.229653E-02 -0.171118E-02 +0.000000E+00 +0.318147E-03 +0.000000E+00 +0.000000E+00
 +0.130720E+01 -0.104610E+03 +0.150799E+03 -0.600958E+02 +0.299321E+02 +0.833799E+01 +0.000000E+00 +0.000000E+00 +0.229647E-02 -0.171053E-02 +0.000000E+00 +0.316844E-03 +0.000000E+00 +0.000000E+00
 +0.130720E+01 -0.104620E+03 +0.150826E+03 -0.600313E+02 +0.299623E+02 +0.830370E+01 +0.000000E+00 +0.000000E+00 +0.229642E-02 -0.170988E-02 +0.000000E+00 +0.315540E-03 +0.000000E+00 +0.000000E+00
 +0.130720E+01 -0.104630E+03 +0.150854E+03 -0.599668E+02 +0.299926E+02 +0.826940E+01 +0.000000E+00 +0.000000E+00 +0.229636E-02 -0.170923E-02 +0.000000E+00 +0.314237E-03 +0.000000E+00 +0.000000E+00
 +0.130720E+01 -0.104640E+03 +0.150881E+03 -0.599023E+02 +0.300229E+02 +0.823510E+01 +0.000000E+00 +0.000000E+00 +0.229630E-02 -0.170858E-02 +0.000000E+00 +0.312934E-03 +0.000000E+00 +0.000000E+00
 +0.130720E+01 -0.104650E+03 +0.150908E+03 -0.598378E+02 +0.300532E+02 +0.820081E+01 +0.000000E+00 +0.000000E+00 +0.229625E-02 -0.170793E-02 +0.000000E+00 +0.311631E-03 +0.000000E+00 +0.000000E+00
 +0.130720E+01 -0.104660E+03 +0.150936E+03 -0.597733E+02 +0.300835E+02 +0.816651E+01 +0.000000E+00 +0.000000E+00 +0.229619E-02 -0.170728E-02 +0.000000E+00 +0.310327E-03 +0.000000E+00 +0.000000E+00
 +0.130720E+01 -0.104670E+03 +0.150963E+03 -0.597088E+02 +0.301138E+02 +0.813221E+01 +0.000000E+00 +0.000000E+00 +0.229613E-02 -0.170663E-02 +0.000000E+00 +0.309024E-03 +0.000000E+00 +0.000000E+00
 +0.130720E+01 -0.104680E+03 +0.150990E+03 -0.596443E+02 +0.301441E+02 +0.809791E+01 +0.000000E+00 +0.000000E+00 +0.229607E-02 -0.170598E-02 +0.000000E+00 +0.307721E-03 +0.000000E+00 +0.000000E+00
 +0.130720E+01 -0.104690E+03 +0.151017E+03 -0.595798E+02 +0.301744E+02 +0.806362E+01 +0.000000E+00 +0.000000E+00 +0.229602E-02 -0.170533E-02 +0.000000E+00 +0.306417E-03 +0.000000E+00 +0.000000E+00
 +0.130720E+01 -0.104700E+03 +0.151045E+03 -0.595154E+02 +0.302047E+02 +0.802932E+01 +0.000000E+00 +0.000000E+00 +0.229596E-02 -0.170468E-02 +0.000000E+00 +0.305114E-03 +0.000000E+00 +0.000000E+00
 +0.130720E+01 -0.104710E+03 +0.151072E+03 -0.594509E+02 +0.302350E+02 +0.799502E+01 +0.000000E+00 +0.000000E+00 +0.229590E-02 -0.170403E-02 +0.000000E+00 +0.303811E-03 +0.000000E+00 +0.000000E+00
 +0.130720E+01 -0.104720E+03 +0.151099E+03 -0.593864E+02 +0.302653E+02 +0.796073E+01 +0.000000E+00 +0.000000E+00 +0.229585E-02 -0.170338E-02 +0.000000E+00 +0.302508E-03 +0.000000E+00 +0.000000E+00
 +0.130720E+01 -0.104730E+03 +0.151127E+03 -0.593219E+02 +0.302956E+02 +0.792643E+01 +0.000000E+00 +0.000000E+00 +0.229579E-02 -0.170273E-02 +0.000000E+00 +0.301204E-03 +0.000000E+00 +0.000000E+00
 +0.130720E+01 -0.104740E+03 +0.151154E+03 -0.592574E+02 +0.303259E+02 +0.789213E+01 +0.000000E+00 +0.000000E+00 +0.229573E-02 -0.170208E-02 +0.000000E+00 +0.299901E-03 +0.000000E+00 +0.000000E+00
 +0.130720E+01 -0.104750E+03 +0.151181E+03 -0.591929E+02 +0.303562E+02 +0.785784E+01 +0.000000E+00 +0.000000E+00 +0.229568E-02 -0.170143E-02 +0.000000E+00 +0.298598E-03 +0.000000E+00 +0.000000E+00
 +0.130720E+01 -0.104760E+03 +0.151209E+03 -0.591284E+02 +0.303865E+02 +0.782354E+01 +0.000000E+00 +0.000000E+00 +0.229562E-02 -0.170078E-02 +0.000000E+00 +0.297294E-03 +0.000000E+00 +0.000000E+00
 +0.130720E+01 -0.104770E+03 +0.151236E+03 -0.590639E+02 +0.304168E+02 +0.778924E+01 +0.000000E+00 +0.000000E+00 +0.229556E-02 -0.170013E-02 +0.000000E+00 +0.295991E-03 +0.000000E+00 +0.000000E+00
 +0.130720E+01 -0.104780E+03 +0.151263E+03 -0.589994E+02 +0.304471E+02 +0.775494E+01 +0.000000E+00 +0.000000E+00 +0.229551E-02 -0.169948E-02 +0.000000E+00 +0.294688E-03 +0.000000E+00 +0.000000E+00
 +0.130720E+01 -0.104790E+03 +0.151290E+03 -0.589349E+02 +0.304773E+02 +0.772065E+01 +0.000000E+00 +0.000000E+00 +0.229545E-02 -0.169883E-02 +0.000000E+00 +0.293385E-03 +0.000000E+00 +0.000000E+00
 +0.130720E+01 -0.104800E+03 +0.151318E+03 -0.588704E+02 +0.305076E+02 +0.768635E+01 +0.000000E+00 +0.000000E+00 +0.229539E-02 -0.169818E-02 +0.000000E+00 +0.292081E-03 +0.000000E+00 +0.000000E+00
 +0.130720E+01 -0.104810E+03 +0.151345E+03 -0.588059E+02 +0.305379E+02 +0.765205E+01 +0.000000E+00 +0.000000E+00 +0.229534E-02 -0.169753E-02 +0.000000E+00 +0.290778E-03 +0.000000E+00 +0.000000E+00
 +0.130720E+01 -0.104820E+03 +0.151372E+03 -0.587414E+02 +0.305682E+02 +0.761776E+01 +0.000000E+00 +0.000000E+00 +0.229528E-02 -0.169688E-02 +0.000000E+00 +0.289475E-03 +0.000000E+00 +0.000000E+00
 +0.130720E+01 -0.104830E+03 +0.151400E+03 -0.586769E+02 +0.305985E+02 +0.758346E+01 +0.000000E+00 +0.000000E+00 +0.229522E-02 -0.169623E-02 +0.000000E+00 +0.288171E-03 +0.000000E+00 +0.000000E+00
 +0.130720E+01 -0.104840E+03 +0.151427E+03 -0.586124E+02 +0.306288E+02 +0.754916E+01 +0.000000E+00 +0.000000E+00 +0.229516E-02 -0.169558E-02 +0.000000E+00 +0.286868E-03 +0.000000E+00 +0.000000E+00
 +0.130720E+01 -0.104850E+03 +0.151454E+03 -0.585479E+02 +0.306591E+02 +0.751486E+01 +0.000000E+00 +0.000000E+00 +0.229511E-02 -0.169493E-02 +0.000000E+00 +0.285565E-03 +0.000000E+00 +0.000000E+00
 +0.130720E+01 -0.104860E+03 +0.151482E+03 -0.584834E+02 +0.306894E+02 +0.748057E+01 +0.000000E+00 +0.000000E+00 +0.229505E-02 -0.169428E-02 +0.000000E+00 +0.284262E-03 +0.000000E+00 +0.000000E+00
 +0.130720E+01 -0.104870E+03 +0.151509E+03 -0.584189E+02 +0.307197E+02 +0.744627E+01 +0.000000E+00 +0.000000E+00 +0.229499E-02 -0.169363E-02 +0.000000E+00 +0.282958E-03 +0.000000E+00 +0.000000E+00
 +0.130720E+01 -0.104880E+03 +0.151536E+03 -0.583544E+02 +0.307500E+02 +0.741197E+01 +0.000000E+00 +0.000000E+00 +0.229494E-02 -0.169298E-02 +0.000000E+00 +0.281655E-03 +0.000000E+00 +0.000000E+00
 +0.130720E+01 -0.104890E+03 +0.151563E+03 -0.582899E+02 +0.307803E+02 +0.737768E+01 +0.000000E+00 +0.000000E+00 +0.229488E-02 -0.169233E-02 +0.000000E+00 +0.280352E-03 +0.000000E+00 +0.000000E+00
 +0.130720E+01 -0.104900E+03 +0.151591E+03 -0.582254E+02 +0.308106E+02 +0.734338E+01 +0.000000E+00 +0.000000E+00 +0.229482E-02 -0.169168E-02 +0.000000E+00 +0.279048E-03 +0.000000E+00 +0.000000E+00
 +0.130720E+01 -0.104910E+03 +0.151618E+03 -0.581609E+02 +0.308409E+02 +0.730908E+01 +0.000000E+00 +0.000000E+00 +0.229477E-02 -0.169103E-02 +0.000000E+00 +0.277745E-03 +0.000000E+00 +0.000000E+00
 +0.130720E+01 -0.104920E+03 +0.151645E+03 -0.580964E+02 +0.308712E+02 +0.727478E+01 +0.000000E+00 +0.000000E+00 +0.229471E-02 -0.169038E-02 +0.000000E+00 +0.276442E-03 +0.000000E+00 +0.000000E+00
 +0.130720E+01 -0.104930E+03 +0.151673E+03 -0.580319E+02 +0.309015E+02 +0.724049E+01 +0.000000E+00 +0.000000E+00 +0.229465E-02 -0.168973E-02 +0.000000E+00 +0.275139E-03 +0.000000E+00 +0.000000E+00
 +0.130720E+01 -0.104940E+03 +0.151700E+03 -0.579674E+02 +0.309318E+02 +0.720619E+01 +0.000000E+00 +0.000000E+00 +0.229460E-02 -0.168908E-02 +0.000000E+00 +0.273835E-03 +0.000000E+00 +0.000000E+00
 +0.130720E+01 -0.104950E+03 +0.151727E+03 -0.579029E+02 +0.309621E+02 +0.717189E+01 +0.000000E+00 +0.000000E+00 +0.229454E-02 -0.168843E-02 +0.000000E+00 +0.272532E-03 +0.000000E+00 +0.000000E+00
 +0.130720E+01 -0.104960E+03 +0.151755E+03 -0.578384E+02 +0.309923E+02 +0.713760E+01 +0.000000E+00 +0.000000E+00 +0.229448E-02 -0.168778E-02 +0.000000E+00 +0.271229E-03 +0.000000E+00 +0.000000E+00
 +0.130720E+01 -0.104970E+03 +0.151782E+03 -0.577739E+02 +0.310226E+02 +0.710330E+01 +0.000000E+00 +0.000000E+00 +0.229443E-02 -0.168713E-02 +0.000000E+00 +0.269925E-03 +0.000000E+00 +0.000000E+00
 +0.130720E+01 -0.104980E+03 +0.151809E+03 -0.577094E+02 +0.310529E+02 +0.706900E+01 +0.000000E+00 +0.000000E+00 +0.229437E-02 -0.168648E-02 +0.000000E+00 +0.268622E-03 +0.000000E+00 +0.000000E+00
 +0.130720E+01 -0.104990E+03 +0.151836E+03 -0.576449E+02 +0.310832E+02 +0.703471E+01 +0.000000E+00 +0.000000E+00 +0.229431E-02 -0.168583E-02 +0.000000E+00 +0.267319E-03 +0.000000E+00 +0.000000E+00
