%X Y s_xx s_yy s_zz s_xy s_xz s_yz e_xx e_yy e_zz e_xy e_xz e_yz
 +0.130720E+01 -0.100000E+03 -0.414075E+03 -0.262046E+02 -0.145292E+03 +0.356741E+02 +0.000000E+00 +0.000000E+00 -0.510688E-02 +0.226267E-02 +0.000000E+00 +0.135562E-02 +0.000000E+00 +0.000000E+00
 +0.130720E+01 -0.100010E+03 -0.405521E+03 -0.323583E+02 -0.144500E+03 +0.400680E+02 +0.000000E+00 +0.000000E+00 -0.495939E-02 +0.213069E-02 +0.000000E+00 +0.152258E-02 +0.000000E+00 +0.000000E+00
 +0.130720E+01 -0.100020E+03 -0.396983E+03 -0.384710E+02 -0.143700E+03 +0.445311E+02 +0.000000E+00 +0.000000E+00 -0.481237E-02 +0.199934E-02 +0.000000E+00 +0.169218E-02 +0.000000E+00 +0.000000E+00
 +0.130720E+01 -0.100030E+03 -0.389291E+03 -0.425108E+02 -0.142495E+03 +0.524934E+02 +0.000000E+00 +0.000000E+00 -0.468913E-02 +0.189969E-02 +0.000000E+00 +0.199475E-02 +0.000000E+00 +0.000000E+00
 +0.130720E+01 -0.100040E+03 -0.381672E+03 -0.465278E+02 -0.141306E+03 +0.603295E+02 +0.000000E+00 +0.000000E+00 -0.456696E-02 +0.180079E-02 +0.000000E+00 +0.229252E-02 +0.000000E+00 +0.000000E+00
 +0.130720E+01 -0.100050E+03 -0.375854E+03 -0.499785E+02 -0.140525E+03 +0.650406E+02 +0.000000E+00 +0.000000E+00 -0.447125E-02 +0.172038E-02 +0.000000E+00 +0.247154E-02 +0.000000E+00 +0.000000E+00
 +0.130720E+01 -0.100060E+03 -0.370078E+03 -0.534002E+02 -0.139748E+03 +0.696715E+02 +0.000000E+00 +0.000000E+00 -0.437627E-02 +0.164060E-02 +0.000000E+00 +0.264752E-02 +0.000000E+00 +0.000000E+00
 +0.130720E+01 -0.100070E+03 -0.364996E+03 -0.563540E+02 -0.139045E+03 +0.730033E+02 +0.000000E+00 +0.000000E+00 -0.429306E-02 +0.157114E-02 +0.000000E+00 +0.277413E-02 +0.000000E+00 +0.000000E+00
 +0.130720E+01 -0.100080E+03 -0.359955E+03 -0.592787E+02 -0.138347E+03 +0.762692E+02 +0.000000E+00 +0.000000E+00 -0.421055E-02 +0.150230E-02 +0.000000E+00 +0.289823E-02 +0.000000E+00 +0.000000E+00
 +0.130720E+01 -0.100090E+03 -0.355403E+03 -0.618574E+02 -0.137696E+03 +0.787512E+02 +0.000000E+00 +0.000000E+00 -0.413644E-02 +0.144094E-02 +0.000000E+00 +0.299255E-02 +0.000000E+00 +0.000000E+00
 +0.130720E+01 -0.100100E+03 -0.350890E+03 -0.644068E+02 -0.137048E+03 +0.811766E+02 +0.000000E+00 +0.000000E+00 -0.406300E-02 +0.138018E-02 +0.000000E+00 +0.308471E-02 +0.000000E+00 +0.000000E+00
 +0.130720E+01 -0.100110E+03 -0.346727E+03 -0.666852E+02 -0.136426E+03 +0.830745E+02 +0.000000E+00 +0.000000E+00 -0.399572E-02 +0.132507E-02 +0.000000E+00 +0.315683E-02 +0.000000E+00 +0.000000E+00
 +0.130720E+01 -0.100120E+03 -0.342601E+03 -0.689348E+02 -0.135807E+03 +0.849230E+02 +0.000000E+00 +0.000000E+00 -0.392909E-02 +0.127057E-02 +0.000000E+00 +0.322707E-02 +0.000000E+00 +0.000000E+00
 +0.130720E+01 -0.100130E+03 -0.338756E+03 -0.709652E+02 -0.135208E+03 +0.863957E+02 +0.000000E+00 +0.000000E+00 -0.386742E-02 +0.122062E-02 +0.000000E+00 +0.328304E-02 +0.000000E+00 +0.000000E+00
 +0.130720E+01 -0.100140E+03 -0.334948E+03 -0.729672E+02 -0.134612E+03 +0.878242E+02 +0.000000E+00 +0.000000E+00 -0.380639E-02 +0.117125E-02 +0.000000E+00 +0.333732E-02 +0.000000E+00 +0.000000E+00
 +0.130720E+01 -0.100150E+03 -0.331373E+03 -0.747876E+02 -0.134033E+03 +0.889717E+02 +0.000000E+00 +0.000000E+00 -0.374946E-02 +0.112566E-02 +0.000000E+00 +0.338093E-02 +0.000000E+00 +0.000000E+00
 +0.130720E+01 -0.100160E+03 -0.327833E+03 -0.765800E+02 -0.133456E+03 +0.900798E+02 +0.000000E+00 +0.000000E+00 -0.369316E-02 +0.108065E-02 +0.000000E+00 +0.342303E-02 +0.000000E+00 +0.000000E+00
 +0.130720E+01 -0.100170E+03 -0.324492E+03 -0.782195E+02 -0.132895E+03 +0.909728E+02 +0.000000E+00 +0.000000E+00 -0.364034E-02 +0.103883E-02 +0.000000E+00 +0.345697E-02 +0.000000E+00 +0.000000E+00
 +0.130720E+01 -0.100180E+03 -0.321187E+03 -0.798315E+02 -0.132336E+03 +0.918304E+02 +0.000000E+00 +0.000000E+00 -0.358816E-02 +0.997584E-03 +0.000000E+00 +0.348956E-02 +0.000000E+00 +0.000000E+00
 +0.130720E+01 -0.100190E+03 -0.318053E+03 -0.813132E+02 -0.131791E+03 +0.925200E+02 +0.000000E+00 +0.000000E+00 -0.353898E-02 +0.959073E-03 +0.000000E+00 +0.351576E-02 +0.000000E+00 +0.000000E+00
 +0.130720E+01 -0.100200E+03 -0.314955E+03 -0.827679E+02 -0.131249E+03 +0.931776E+02 +0.000000E+00 +0.000000E+00 -0.349042E-02 +0.921131E-03 +0.000000E+00 +0.354075E-02 +0.000000E+00 +0.000000E+00
 +0.130720E+01 -0.100210E+03 -0.312007E+03 -0.841106E+02 -0.130719E+03 +0.937023E+02 +0.000000E+00 +0.000000E+00 -0.344448E-02 +0.885558E-03 +0.000000E+00 +0.356069E-02 +0.000000E+00 +0.000000E+00
 +0.130720E+01 -0.100220E+03 -0.309096E+03 -0.854269E+02 -0.130192E+03 +0.941982E+02 +0.000000E+00 +0.000000E+00 -0.339916E-02 +0.850546E-03 +0.000000E+00 +0.357953E-02 +0.000000E+00 +0.000000E+00
 +0.130720E+01 -0.100230E+03 -0.306317E+03 -0.866462E+02 -0.129678E+03 +0.945880E+02 +0.000000E+00 +0.000000E+00 -0.335614E-02 +0.817599E-03 +0.000000E+00 +0.359434E-02 +0.000000E+00 +0.000000E+00
 +0.130720E+01 -0.100240E+03 -0.303573E+03 -0.878399E+02 -0.129166E+03 +0.949519E+02 +0.000000E+00 +0.000000E+00 -0.331373E-02 +0.785203E-03 +0.000000E+00 +0.360817E-02 +0.000000E+00 +0.000000E+00
 +0.130720E+01 -0.100250E+03 -0.300948E+03 -0.889492E+02 -0.128666E+03 +0.952303E+02 +0.000000E+00 +0.000000E+00 -0.327335E-02 +0.754619E-03 +0.000000E+00 +0.361875E-02 +0.000000E+00 +0.000000E+00
 +0.130720E+01 -0.100260E+03 -0.298358E+03 -0.900337E+02 -0.128169E+03 +0.954855E+02 +0.000000E+00 +0.000000E+00 -0.323358E-02 +0.724572E-03 +0.000000E+00 +0.362845E-02 +0.000000E+00 +0.000000E+00
 +0.130720E+01 -0.100270E+03 -0.295872E+03 -0.910446E+02 -0.127683E+03 +0.956716E+02 +0.000000E+00 +0.000000E+00 -0.319560E-02 +0.696121E-03 +0.000000E+00 +0.363552E-02 +0.000000E+00 +0.000000E+00
 +0.130720E+01 -0.100280E+03 -0.293422E+03 -0.920314E+02 -0.127200E+03 +0.958368E+02 +0.000000E+00 +0.000000E+00 -0.315822E-02 +0.668194E-03 +0.000000E+00 +0.364180E-02 +0.000000E+00 +0.000000E+00
 +0.130720E+01 -0.100290E+03 -0.291065E+03 -0.929538E+02 -0.126726E+03 +0.959460E+02 +0.000000E+00 +0.000000E+00 -0.312244E-02 +0.641675E-03 +0.000000E+00 +0.364595E-02 +0.000000E+00 +0.000000E+00
 +0.130720E+01 -0.100300E+03 -0.288743E+03 -0.938531E+02 -0.126257E+03 +0.960364E+02 +0.000000E+00 +0.000000E+00 -0.308723E-02 +0.615666E-03 +0.000000E+00 +0.364938E-02 +0.000000E+00 +0.000000E+00
 +0.130720E+01 -0.100310E+03 -0.286504E+03 -0.946958E+02 -0.125796E+03 +0.960812E+02 +0.000000E+00 +0.000000E+00 -0.305345E-02 +0.590901E-03 +0.000000E+00 +0.365109E-02 +0.000000E+00 +0.000000E+00
 +0.130720E+01 -0.100320E+03 -0.284299E+03 -0.955163E+02 -0.125339E+03 +0.961093E+02 +0.000000E+00 +0.000000E+00 -0.302024E-02 +0.566632E-03 +0.000000E+00 +0.365215E-02 +0.000000E+00 +0.000000E+00
 +0.130720E+01 -0.100330E+03 -0.282169E+03 -0.962872E+02 -0.124891E+03 +0.961001E+02 +0.000000E+00 +0.000000E+00 -0.298829E-02 +0.543465E-03 +0.000000E+00 +0.365180E-02 +0.000000E+00 +0.000000E+00
 +0.130720E+01 -0.100340E+03 -0.280073E+03 -0.970367E+02 -0.124446E+03 +0.960760E+02 +0.000000E+00 +0.000000E+00 -0.295690E-02 +0.520778E-03 +0.000000E+00 +0.365089E-02 +0.000000E+00 +0.000000E+00
 +0.130720E+01 -0.100350E+03 -0.278043E+03 -0.977426E+02 -0.124009E+03 +0.960215E+02 +0.000000E+00 +0.000000E+00 -0.292664E-02 +0.499066E-03 +0.000000E+00 +0.364882E-02 +0.000000E+00 +0.000000E+00
 +0.130720E+01 -0.100360E+03 -0.276046E+03 -0.984280E+02 -0.123576E+03 +0.959537E+02 +0.000000E+00 +0.000000E+00 -0.289692E-02 +0.477819E-03 +0.000000E+00 +0.364624E-02 +0.000000E+00 +0.000000E+00
 +0.130720E+01 -0.100370E+03 -0.274109E+03 -0.990752E+02 -0.123151E+03 +0.958610E+02 +0.000000E+00 +0.000000E+00 -0.286821E-02 +0.457438E-03 +0.000000E+00 +0.364272E-02 +0.000000E+00 +0.000000E+00
 +0.130720E+01 -0.100380E+03 -0.272204E+03 -0.997026E+02 -0.122729E+03 +0.957564E+02 +0.000000E+00 +0.000000E+00 -0.284002E-02 +0.437505E-03 +0.000000E+00 +0.363874E-02 +0.000000E+00 +0.000000E+00
 +0.130720E+01 -0.100390E+03 -0.270353E+03 -0.100296E+03 -0.122314E+03 +0.956315E+02 +0.000000E+00 +0.000000E+00 -0.281273E-02 +0.418340E-03 +0.000000E+00 +0.363400E-02 +0.000000E+00 +0.000000E+00
 +0.130720E+01 -0.100400E+03 -0.268533E+03 -0.100871E+03 -0.121903E+03 +0.954959E+02 +0.000000E+00 +0.000000E+00 -0.278596E-02 +0.399607E-03 +0.000000E+00 +0.362885E-02 +0.000000E+00 +0.000000E+00
 +0.130720E+01 -0.100410E+03 -0.266761E+03 -0.101417E+03 -0.121499E+03 +0.953437E+02 +0.000000E+00 +0.000000E+00 -0.275998E-02 +0.381556E-03 +0.000000E+00 +0.362306E-02 +0.000000E+00 +0.000000E+00
 +0.130720E+01 -0.100420E+03 -0.265019E+03 -0.101944E+03 -0.121098E+03 +0.951821E+02 +0.000000E+00 +0.000000E+00 -0.273450E-02 +0.363922E-03 +0.000000E+00 +0.361692E-02 +0.000000E+00 +0.000000E+00
 +0.130720E+01 -0.100430E+03 -0.263321E+03 -0.102445E+03 -0.120703E+03 +0.950068E+02 +0.000000E+00 +0.000000E+00 -0.270974E-02 +0.346893E-03 +0.000000E+00 +0.361026E-02 +0.000000E+00 +0.000000E+00
 +0.130720E+01 -0.100440E+03 -0.261652E+03 -0.102929E+03 -0.120312E+03 +0.948232E+02 +0.000000E+00 +0.000000E+00 -0.268546E-02 +0.330266E-03 +0.000000E+00 +0.360328E-02 +0.000000E+00 +0.000000E+00
 +0.130720E+01 -0.100450E+03 -0.260022E+03 -0.103391E+03 -0.119926E+03 +0.946283E+02 +0.000000E+00 +0.000000E+00 -0.266182E-02 +0.314176E-03 +0.000000E+00 +0.359588E-02 +0.000000E+00 +0.000000E+00
 +0.130720E+01 -0.100460E+03 -0.258421E+03 -0.103835E+03 -0.119544E+03 +0.944260E+02 +0.000000E+00 +0.000000E+00 -0.263865E-02 +0.298473E-03 +0.000000E+00 +0.358819E-02 +0.000000E+00 +0.000000E+00
 +0.130720E+01 -0.100470E+03 -0.256854E+03 -0.104260E+03 -0.119168E+03 +0.942144E+02 +0.000000E+00 +0.000000E+00 -0.261604E-02 +0.283248E-03 +0.000000E+00 +0.358015E-02 +0.000000E+00 +0.000000E+00
 +0.130720E+01 -0.100480E+03 -0.255315E+03 -0.104669E+03 -0.118795E+03 +0.939963E+02 +0.000000E+00 +0.000000E+00 -0.259389E-02 +0.268395E-03 +0.000000E+00 +0.357186E-02 +0.000000E+00 +0.000000E+00
 +0.130720E+01 -0.100490E+03 -0.253808E+03 -0.105060E+03 -0.118426E+03 +0.937706E+02 +0.000000E+00 +0.000000E+00 -0.257225E-02 +0.253967E-03 +0.000000E+00 +0.356328E-02 +0.000000E+00 +0.000000E+00
 +0.130720E+01 -0.100500E+03 -0.252327E+03 -0.105436E+03 -0.118062E+03 +0.935389E+02 +0.000000E+00 +0.000000E+00 -0.255105E-02 +0.239897E-03 +0.000000E+00 +0.355448E-02 +0.000000E+00 +0.000000E+00
 +0.130720E+01 -0.100510E+03 -0.250875E+03 -0.105796E+03 -0.117701E+03 +0.933011E+02 +0.000000E+00 +0.000000E+00 -0.253030E-02 +0.226205E-03 +0.000000E+00 +0.354544E-02 +0.000000E+00 +0.000000E+00
 +0.130720E+01 -0.100520E+03 -0.249449E+03 -0.106142E+03 -0.117345E+03 +0.930580E+02 +0.000000E+00 +0.000000E+00 -0.250997E-02 +0.212858E-03 +0.000000E+00 +0.353620E-02 +0.000000E+00 +0.000000E+00
 +0.130720E+01 -0.100530E+03 -0.248048E+03 -0.106474E+03 -0.116992E+03 +0.928098E+02 +0.000000E+00 +0.000000E+00 -0.249006E-02 +0.199847E-03 +0.000000E+00 +0.352677E-02 +0.000000E+00 +0.000000E+00
 +0.130720E+01 -0.100540E+03 -0.246673E+03 -0.106793E+03 -0.116644E+03 +0.925569E+02 +0.000000E+00 +0.000000E+00 -0.247055E-02 +0.187168E-03 +0.000000E+00 +0.351716E-02 +0.000000E+00 +0.000000E+00
 +0.130720E+01 -0.100550E+03 -0.245320E+03 -0.107099E+03 -0.116298E+03 +0.922997E+02 +0.000000E+00 +0.000000E+00 -0.245141E-02 +0.174789E-03 +0.000000E+00 +0.350739E-02 +0.000000E+00 +0.000000E+00
 +0.130720E+01 -0.100560E+03 -0.243992E+03 -0.107392E+03 -0.115957E+03 +0.920385E+02 +0.000000E+00 +0.000000E+00 -0.243267E-02 +0.162728E-03 +0.000000E+00 +0.349746E-02 +0.000000E+00 +0.000000E+00
 +0.130720E+01 -0.100570E+03 -0.242684E+03 -0.107674E+03 -0.115618E+03 +0.917737E+02 +0.000000E+00 +0.000000E+00 -0.241425E-02 +0.150936E-03 +0.000000E+00 +0.348740E-02 +0.000000E+00 +0.000000E+00
 +0.130720E+01 -0.100580E+03 -0.241400E+03 -0.107944E+03 -0.115284E+03 +0.915052E+02 +0.000000E+00 +0.000000E+00 -0.239622E-02 +0.139451E-03 +0.000000E+00 +0.347720E-02 +0.000000E+00 +0.000000E+00
 +0.130720E+01 -0.100590E+03 -0.240135E+03 -0.108205E+03 -0.114952E+03 +0.912338E+02 +0.000000E+00 +0.000000E+00 -0.237848E-02 +0.128204E-03 +0.000000E+00 +0.346688E-02 +0.000000E+00 +0.000000E+00
 +0.130720E+01 -0.100600E+03 -0.238893E+03 -0.108453E+03 -0.114624E+03 +0.909591E+02 +0.000000E+00 +0.000000E+00 -0.236111E-02 +0.117254E-03 +0.000000E+00 +0.345645E-02 +0.000000E+00 +0.000000E+00
 +0.130720E+01 -0.100610E+03 -0.237668E+03 -0.108693E+03 -0.114299E+03 +0.906820E+02 +0.000000E+00 +0.000000E+00 -0.234400E-02 +0.106516E-03 +0.000000E+00 +0.344592E-02 +0.000000E+00 +0.000000E+00
 +0.130720E+01 -0.100620E+03 -0.236465E+03 -0.108921E+03 -0.113977E+03 +0.904019E+02 +0.000000E+00 +0.000000E+00 -0.232726E-02 +0.960650E-04 +0.000000E+00 +0.343527E-02 +0.000000E+00 +0.000000E+00
 +0.130720E+01 -0.100630E+03 -0.235276E+03 -0.109142E+03 -0.113658E+03 +0.901199E+02 +0.000000E+00 +0.000000E+00 -0.231075E-02 +0.858034E-04 +0.000000E+00 +0.342456E-02 +0.000000E+00 +0.000000E+00
 +0.130720E+01 -0.100640E+03 -0.234110E+03 -0.109352E+03 -0.113343E+03 +0.898352E+02 +0.000000E+00 +0.000000E+00 -0.229459E-02 +0.758183E-04 +0.000000E+00 +0.341374E-02 +0.000000E+00 +0.000000E+00
 +0.130720E+01 -0.100650E+03 -0.232958E+03 -0.109556E+03 -0.113029E+03 +0.895488E+02 +0.000000E+00 +0.000000E+00 -0.227864E-02 +0.660024E-04 +0.000000E+00 +0.340286E-02 +0.000000E+00 +0.000000E+00
 +0.130720E+01 -0.100660E+03 -0.231826E+03 -0.109748E+03 -0.112720E+03 +0.892601E+02 +0.000000E+00 +0.000000E+00 -0.226303E-02 +0.564541E-04 +0.000000E+00 +0.339188E-02 +0.000000E+00 +0.000000E+00
 +0.130720E+01 -0.100670E+03 -0.230707E+03 -0.109935E+03 -0.112412E+03 +0.889700E+02 +0.000000E+00 +0.000000E+00 -0.224760E-02 +0.470564E-04 +0.000000E+00 +0.338086E-02 +0.000000E+00 +0.000000E+00
 +0.130720E+01 -0.100680E+03 -0.229608E+03 -0.110112E+03 -0.112108E+03 +0.886778E+02 +0.000000E+00 +0.000000E+00 -0.223251E-02 +0.379181E-04 +0.000000E+00 +0.336975E-02 +0.000000E+00 +0.000000E+00
 +0.130720E+01 -0.100690E+03 -0.228521E+03 -0.110284E+03 -0.111805E+03 +0.883844E+02 +0.000000E+00 +0.000000E+00 -0.221759E-02 +0.289138E-04 +0.000000E+00 +0.335861E-02 +0.000000E+00 +0.000000E+00
 +0.130720E+01 -0.100700E+03 -0.227453E+03 -0.110445E+03 -0.111507E+03 +0.880891E+02 +0.000000E+00 +0.000000E+00 -0.220299E-02 +0.201613E-04 +0.000000E+00 +0.334739E-02 +0.000000E+00 +0.000000E+00
 +0.130720E+01 -0.100710E+03 -0.226395E+03 -0.110603E+03 -0.111209E+03 +0.877929E+02 +0.000000E+00 +0.000000E+00 -0.218854E-02 +0.115278E-04 +0.000000E+00 +0.333613E-02 +0.000000E+00 +0.000000E+00
 +0.130720E+01 -0.100720E+03 -0.225358E+03 -0.110750E+03 -0.110916E+03 +0.874949E+02 +0.000000E+00 +0.000000E+00 -0.217440E-02 +0.313879E-05 +0.000000E+00 +0.332481E-02 +0.000000E+00 +0.000000E+00
 +0.130720E+01 -0.100730E+03 -0.224328E+03 -0.110894E+03 -0.110623E+03 +0.871962E+02 +0.000000E+00 +0.000000E+00 -0.216039E-02 -0.514452E-05 +0.000000E+00 +0.331346E-02 +0.000000E+00 +0.000000E+00
 +0.130720E+01 -0.100740E+03 -0.223318E+03 -0.111029E+03 -0.110335E+03 +0.868959E+02 +0.000000E+00 +0.000000E+00 -0.214669E-02 -0.131900E-04 +0.000000E+00 +0.330205E-02 +0.000000E+00 +0.000000E+00
 +0.130720E+01 -0.100750E+03 -0.222316E+03 -0.111160E+03 -0.110047E+03 +0.865950E+02 +0.000000E+00 +0.000000E+00 -0.213311E-02 -0.211419E-04 +0.000000E+00 +0.329061E-02 +0.000000E+00 +0.000000E+00
 +0.130720E+01 -0.100760E+03 -0.221333E+03 -0.111282E+03 -0.109763E+03 +0.862927E+02 +0.000000E+00 +0.000000E+00 -0.211983E-02 -0.288622E-04 +0.000000E+00 +0.327912E-02 +0.000000E+00 +0.000000E+00
 +0.130720E+01 -0.100770E+03 -0.220357E+03 -0.111401E+03 -0.109480E+03 +0.859899E+02 +0.000000E+00 +0.000000E+00 -0.210666E-02 -0.364998E-04 +0.000000E+00 +0.326762E-02 +0.000000E+00 +0.000000E+00
 +0.130720E+01 -0.100780E+03 -0.219399E+03 -0.111512E+03 -0.109201E+03 +0.856858E+02 +0.000000E+00 +0.000000E+00 -0.209377E-02 -0.439116E-04 +0.000000E+00 +0.325606E-02 +0.000000E+00 +0.000000E+00
 +0.130720E+01 -0.100790E+03 -0.218448E+03 -0.111620E+03 -0.108922E+03 +0.853813E+02 +0.000000E+00 +0.000000E+00 -0.208098E-02 -0.512507E-04 +0.000000E+00 +0.324449E-02 +0.000000E+00 +0.000000E+00
 +0.130720E+01 -0.100800E+03 -0.217514E+03 -0.111719E+03 -0.108647E+03 +0.850757E+02 +0.000000E+00 +0.000000E+00 -0.206848E-02 -0.583694E-04 +0.000000E+00 +0.323288E-02 +0.000000E+00 +0.000000E+00
 +0.130720E+01 -0.100810E+03 -0.216586E+03 -0.111816E+03 -0.108373E+03 +0.847697E+02 +0.000000E+00 +0.000000E+00 -0.205606E-02 -0.654244E-04 +0.000000E+00 +0.322125E-02 +0.000000E+00 +0.000000E+00
 +0.130720E+01 -0.100820E+03 -0.215676E+03 -0.111905E+03 -0.108102E+03 +0.844628E+02 +0.000000E+00 +0.000000E+00 -0.204391E-02 -0.722639E-04 +0.000000E+00 +0.320958E-02 +0.000000E+00 +0.000000E+00
 +0.130720E+01 -0.100830E+03 -0.214771E+03 -0.111992E+03 -0.107832E+03 +0.841555E+02 +0.000000E+00 +0.000000E+00 -0.203184E-02 -0.790479E-04 +0.000000E+00 +0.319791E-02 +0.000000E+00 +0.000000E+00
 +0.130720E+01 -0.100840E+03 -0.213883E+03 -0.112071E+03 -0.107565E+03 +0.838474E+02 +0.000000E+00 +0.000000E+00 -0.202005E-02 -0.856212E-04 +0.000000E+00 +0.318620E-02 +0.000000E+00 +0.000000E+00
 +0.130720E+01 -0.100850E+03 -0.213000E+03 -0.112149E+03 -0.107299E+03 +0.835391E+02 +0.000000E+00 +0.000000E+00 -0.200831E-02 -0.921465E-04 +0.000000E+00 +0.317449E-02 +0.000000E+00 +0.000000E+00
 +0.130720E+01 -0.100860E+03 -0.212133E+03 -0.112218E+03 -0.107036E+03 +0.832300E+02 +0.000000E+00 +0.000000E+00 -0.199685E-02 -0.984654E-04 +0.000000E+00 +0.316274E-02 +0.000000E+00 +0.000000E+00
 +0.130720E+01 -0.100870E+03 -0.211270E+03 -0.112287E+03 -0.106774E+03 +0.829208E+02 +0.000000E+00 +0.000000E+00 -0.198544E-02 -0.104743E-03 +0.000000E+00 +0.315099E-02 +0.000000E+00 +0.000000E+00
 +0.130720E+01 -0.100880E+03 -0.210425E+03 -0.112347E+03 -0.106515E+03 +0.826109E+02 +0.000000E+00 +0.000000E+00 -0.197429E-02 -0.110819E-03 +0.000000E+00 +0.313921E-02 +0.000000E+00 +0.000000E+00
 +0.130720E+01 -0.100890E+03 -0.209582E+03 -0.112407E+03 -0.106256E+03 +0.823008E+02 +0.000000E+00 +0.000000E+00 -0.196319E-02 -0.116859E-03 +0.000000E+00 +0.312743E-02 +0.000000E+00 +0.000000E+00
 +0.130720E+01 -0.100900E+03 -0.208756E+03 -0.112459E+03 -0.106001E+03 +0.819902E+02 +0.000000E+00 +0.000000E+00 -0.195235E-02 -0.122701E-03 +0.000000E+00 +0.311563E-02 +0.000000E+00 +0.000000E+00
 +0.130720E+01 -0.100910E+03 -0.207933E+03 -0.112510E+03 -0.105746E+03 +0.816795E+02 +0.000000E+00 +0.000000E+00 -0.194154E-02 -0.128515E-03 +0.000000E+00 +0.310382E-02 +0.000000E+00 +0.000000E+00
 +0.130720E+01 -0.100920E+03 -0.207126E+03 -0.112554E+03 -0.105494E+03 +0.813684E+02 +0.000000E+00 +0.000000E+00 -0.193100E-02 -0.134133E-03 +0.000000E+00 +0.309200E-02 +0.000000E+00 +0.000000E+00
 +0.130720E+01 -0.100930E+03 -0.206321E+03 -0.112597E+03 -0.105243E+03 +0.810572E+02 +0.000000E+00 +0.000000E+00 -0.192048E-02 -0.139727E-03 +0.000000E+00 +0.308017E-02 +0.000000E+00 +0.000000E+00
 +0.130720E+01 -0.100940E+03 -0.205533E+03 -0.112633E+03 -0.104995E+03 +0.807456E+02 +0.000000E+00 +0.000000E+00 -0.191022E-02 -0.145130E-03 +0.000000E+00 +0.306833E-02 +0.000000E+00 +0.000000E+00
 +0.130720E+01 -0.100950E+03 -0.204746E+03 -0.112668E+03 -0.104747E+03 +0.804340E+02 +0.000000E+00 +0.000000E+00 -0.189998E-02 -0.150514E-03 +0.000000E+00 +0.305649E-02 +0.000000E+00 +0.000000E+00
 +0.130720E+01 -0.100960E+03 -0.203975E+03 -0.112697E+03 -0.104502E+03 +0.801221E+02 +0.000000E+00 +0.000000E+00 -0.188999E-02 -0.155710E-03 +0.000000E+00 +0.304464E-02 +0.000000E+00 +0.000000E+00
 +0.130720E+01 -0.100970E+03 -0.203206E+03 -0.112725E+03 -0.104257E+03 +0.798101E+02 +0.000000E+00 +0.000000E+00 -0.188002E-02 -0.160892E-03 +0.000000E+00 +0.303279E-02 +0.000000E+00 +0.000000E+00
 +0.130720E+01 -0.100980E+03 -0.202452E+03 -0.112747E+03 -0.104016E+03 +0.794980E+02 +0.000000E+00 +0.000000E+00 -0.187030E-02 -0.165888E-03 +0.000000E+00 +0.302093E-02 +0.000000E+00 +0.000000E+00
 +0.130720E+01 -0.100990E+03 -0.201700E+03 -0.112768E+03 -0.103774E+03 +0.791859E+02 +0.000000E+00 +0.000000E+00 -0.186058E-02 -0.170874E-03 +0.000000E+00 +0.300907E-02 +0.000000E+00 +0.000000E+00
 +0.130720E+01 -0.101000E+03 -0.200963E+03 -0.112782E+03 -0.103536E+03 +0.788737E+02 +0.000000E+00 +0.000000E+00 -0.185111E-02 -0.175678E-03 +0.000000E+00 +0.299720E-02 +0.000000E+00 +0.000000E+00
 +0.130720E+01 -0.101010E+03 -0.200227E+03 -0.112796E+03 -0.103298E+03 +0.785615E+02 +0.000000E+00 +0.000000E+00 -0.184165E-02 -0.180476E-03 +0.000000E+00 +0.298534E-02 +0.000000E+00 +0.000000E+00
 +0.130720E+01 -0.101020E+03 -0.199506E+03 -0.112804E+03 -0.103062E+03 +0.782493E+02 +0.000000E+00 +0.000000E+00 -0.183243E-02 -0.185093E-03 +0.000000E+00 +0.297347E-02 +0.000000E+00 +0.000000E+00
 +0.130720E+01 -0.101030E+03 -0.198786E+03 -0.112812E+03 -0.102827E+03 +0.779371E+02 +0.000000E+00 +0.000000E+00 -0.182321E-02 -0.189708E-03 +0.000000E+00 +0.296161E-02 +0.000000E+00 +0.000000E+00
 +0.130720E+01 -0.101040E+03 -0.198081E+03 -0.112813E+03 -0.102595E+03 +0.776250E+02 +0.000000E+00 +0.000000E+00 -0.181423E-02 -0.194147E-03 +0.000000E+00 +0.294975E-02 +0.000000E+00 +0.000000E+00
 +0.130720E+01 -0.101050E+03 -0.197376E+03 -0.112815E+03 -0.102363E+03 +0.773129E+02 +0.000000E+00 +0.000000E+00 -0.180525E-02 -0.198582E-03 +0.000000E+00 +0.293789E-02 +0.000000E+00 +0.000000E+00
 +0.130720E+01 -0.101060E+03 -0.196686E+03 -0.112810E+03 -0.102134E+03 +0.770010E+02 +0.000000E+00 +0.000000E+00 -0.179649E-02 -0.202851E-03 +0.000000E+00 +0.292604E-02 +0.000000E+00 +0.000000E+00
 +0.130720E+01 -0.101070E+03 -0.195996E+03 -0.112805E+03 -0.101904E+03 +0.766890E+02 +0.000000E+00 +0.000000E+00 -0.178774E-02 -0.207113E-03 +0.000000E+00 +0.291418E-02 +0.000000E+00 +0.000000E+00
 +0.130720E+01 -0.101080E+03 -0.195321E+03 -0.112795E+03 -0.101678E+03 +0.763774E+02 +0.000000E+00 +0.000000E+00 -0.177921E-02 -0.211217E-03 +0.000000E+00 +0.290234E-02 +0.000000E+00 +0.000000E+00
 +0.130720E+01 -0.101090E+03 -0.194646E+03 -0.112784E+03 -0.101452E+03 +0.760657E+02 +0.000000E+00 +0.000000E+00 -0.177069E-02 -0.215310E-03 +0.000000E+00 +0.289050E-02 +0.000000E+00 +0.000000E+00
 +0.130720E+01 -0.101100E+03 -0.193984E+03 -0.112768E+03 -0.101228E+03 +0.757544E+02 +0.000000E+00 +0.000000E+00 -0.176236E-02 -0.219254E-03 +0.000000E+00 +0.287867E-02 +0.000000E+00 +0.000000E+00
 +0.130720E+01 -0.101110E+03 -0.193324E+03 -0.112751E+03 -0.101005E+03 +0.754432E+02 +0.000000E+00 +0.000000E+00 -0.175406E-02 -0.223184E-03 +0.000000E+00 +0.286684E-02 +0.000000E+00 +0.000000E+00
 +0.130720E+01 -0.101120E+03 -0.192676E+03 -0.112730E+03 -0.100784E+03 +0.751323E+02 +0.000000E+00 +0.000000E+00 -0.174595E-02 -0.226973E-03 +0.000000E+00 +0.285503E-02 +0.000000E+00 +0.000000E+00
 +0.130720E+01 -0.101130E+03 -0.192029E+03 -0.112708E+03 -0.100563E+03 +0.748214E+02 +0.000000E+00 +0.000000E+00 -0.173786E-02 -0.230746E-03 +0.000000E+00 +0.284321E-02 +0.000000E+00 +0.000000E+00
 +0.130720E+01 -0.101140E+03 -0.191395E+03 -0.112681E+03 -0.100345E+03 +0.745111E+02 +0.000000E+00 +0.000000E+00 -0.172995E-02 -0.234384E-03 +0.000000E+00 +0.283142E-02 +0.000000E+00 +0.000000E+00
 +0.130720E+01 -0.101150E+03 -0.190762E+03 -0.112654E+03 -0.100127E+03 +0.742008E+02 +0.000000E+00 +0.000000E+00 -0.172206E-02 -0.238004E-03 +0.000000E+00 +0.281963E-02 +0.000000E+00 +0.000000E+00
 +0.130720E+01 -0.101160E+03 -0.190141E+03 -0.112622E+03 -0.999116E+02 +0.738910E+02 +0.000000E+00 +0.000000E+00 -0.171435E-02 -0.241496E-03 +0.000000E+00 +0.280786E-02 +0.000000E+00 +0.000000E+00
 +0.130720E+01 -0.101170E+03 -0.189521E+03 -0.112589E+03 -0.996964E+02 +0.735813E+02 +0.000000E+00 +0.000000E+00 -0.170667E-02 -0.244967E-03 +0.000000E+00 +0.279609E-02 +0.000000E+00 +0.000000E+00
 +0.130720E+01 -0.101180E+03 -0.188912E+03 -0.112553E+03 -0.994834E+02 +0.732721E+02 +0.000000E+00 +0.000000E+00 -0.169915E-02 -0.248317E-03 +0.000000E+00 +0.278434E-02 +0.000000E+00 +0.000000E+00
 +0.130720E+01 -0.101190E+03 -0.188305E+03 -0.112515E+03 -0.992708E+02 +0.729631E+02 +0.000000E+00 +0.000000E+00 -0.169166E-02 -0.251644E-03 +0.000000E+00 +0.277260E-02 +0.000000E+00 +0.000000E+00
 +0.130720E+01 -0.101200E+03 -0.187709E+03 -0.112474E+03 -0.990603E+02 +0.726547E+02 +0.000000E+00 +0.000000E+00 -0.168432E-02 -0.254855E-03 +0.000000E+00 +0.276088E-02 +0.000000E+00 +0.000000E+00
 +0.130720E+01 -0.101210E+03 -0.187115E+03 -0.112431E+03 -0.988502E+02 +0.723464E+02 +0.000000E+00 +0.000000E+00 -0.167703E-02 -0.258042E-03 +0.000000E+00 +0.274916E-02 +0.000000E+00 +0.000000E+00
 +0.130720E+01 -0.101220E+03 -0.186530E+03 -0.112385E+03 -0.986422E+02 +0.720387E+02 +0.000000E+00 +0.000000E+00 -0.166988E-02 -0.261120E-03 +0.000000E+00 +0.273747E-02 +0.000000E+00 +0.000000E+00
 +0.130720E+01 -0.101230E+03 -0.185949E+03 -0.112338E+03 -0.984347E+02 +0.717313E+02 +0.000000E+00 +0.000000E+00 -0.166276E-02 -0.264171E-03 +0.000000E+00 +0.272579E-02 +0.000000E+00 +0.000000E+00
 +0.130720E+01 -0.101240E+03 -0.185376E+03 -0.112288E+03 -0.982291E+02 +0.714245E+02 +0.000000E+00 +0.000000E+00 -0.165579E-02 -0.267117E-03 +0.000000E+00 +0.271413E-02 +0.000000E+00 +0.000000E+00
 +0.130720E+01 -0.101250E+03 -0.184806E+03 -0.112236E+03 -0.980240E+02 +0.711179E+02 +0.000000E+00 +0.000000E+00 -0.164886E-02 -0.270036E-03 +0.000000E+00 +0.270248E-02 +0.000000E+00 +0.000000E+00
 +0.130720E+01 -0.101260E+03 -0.184245E+03 -0.112182E+03 -0.978208E+02 +0.708121E+02 +0.000000E+00 +0.000000E+00 -0.164206E-02 -0.272856E-03 +0.000000E+00 +0.269086E-02 +0.000000E+00 +0.000000E+00
 +0.130720E+01 -0.101270E+03 -0.183687E+03 -0.112126E+03 -0.976182E+02 +0.705065E+02 +0.000000E+00 +0.000000E+00 -0.163530E-02 -0.275646E-03 +0.000000E+00 +0.267925E-02 +0.000000E+00 +0.000000E+00
 +0.130720E+01 -0.101280E+03 -0.183137E+03 -0.112067E+03 -0.974174E+02 +0.702016E+02 +0.000000E+00 +0.000000E+00 -0.162868E-02 -0.278342E-03 +0.000000E+00 +0.266766E-02 +0.000000E+00 +0.000000E+00
 +0.130720E+01 -0.101290E+03 -0.182590E+03 -0.112007E+03 -0.972171E+02 +0.698970E+02 +0.000000E+00 +0.000000E+00 -0.162209E-02 -0.281007E-03 +0.000000E+00 +0.265609E-02 +0.000000E+00 +0.000000E+00
 +0.130720E+01 -0.101300E+03 -0.182052E+03 -0.111944E+03 -0.970186E+02 +0.695932E+02 +0.000000E+00 +0.000000E+00 -0.161563E-02 -0.283583E-03 +0.000000E+00 +0.264454E-02 +0.000000E+00 +0.000000E+00
 +0.130720E+01 -0.101310E+03 -0.181516E+03 -0.111880E+03 -0.968207E+02 +0.692896E+02 +0.000000E+00 +0.000000E+00 -0.160921E-02 -0.286126E-03 +0.000000E+00 +0.263301E-02 +0.000000E+00 +0.000000E+00
 +0.130720E+01 -0.101320E+03 -0.180988E+03 -0.111813E+03 -0.966244E+02 +0.689869E+02 +0.000000E+00 +0.000000E+00 -0.160291E-02 -0.288584E-03 +0.000000E+00 +0.262150E-02 +0.000000E+00 +0.000000E+00
 +0.130720E+01 -0.101330E+03 -0.180463E+03 -0.111745E+03 -0.964288E+02 +0.686845E+02 +0.000000E+00 +0.000000E+00 -0.159666E-02 -0.291009E-03 +0.000000E+00 +0.261001E-02 +0.000000E+00 +0.000000E+00
 +0.130720E+01 -0.101340E+03 -0.179946E+03 -0.111674E+03 -0.962348E+02 +0.683830E+02 +0.000000E+00 +0.000000E+00 -0.159051E-02 -0.293354E-03 +0.000000E+00 +0.259855E-02 +0.000000E+00 +0.000000E+00
 +0.130720E+01 -0.101350E+03 -0.179432E+03 -0.111603E+03 -0.960414E+02 +0.680818E+02 +0.000000E+00 +0.000000E+00 -0.158442E-02 -0.295663E-03 +0.000000E+00 +0.258711E-02 +0.000000E+00 +0.000000E+00
 +0.130720E+01 -0.101360E+03 -0.178925E+03 -0.111528E+03 -0.958496E+02 +0.677814E+02 +0.000000E+00 +0.000000E+00 -0.157843E-02 -0.297897E-03 +0.000000E+00 +0.257569E-02 +0.000000E+00 +0.000000E+00
 +0.130720E+01 -0.101370E+03 -0.178421E+03 -0.111453E+03 -0.956585E+02 +0.674815E+02 +0.000000E+00 +0.000000E+00 -0.157249E-02 -0.300094E-03 +0.000000E+00 +0.256430E-02 +0.000000E+00 +0.000000E+00
 +0.130720E+01 -0.101380E+03 -0.177924E+03 -0.111375E+03 -0.954688E+02 +0.671824E+02 +0.000000E+00 +0.000000E+00 -0.156666E-02 -0.302219E-03 +0.000000E+00 +0.255293E-02 +0.000000E+00 +0.000000E+00
 +0.130720E+01 -0.101390E+03 -0.177431E+03 -0.111296E+03 -0.952799E+02 +0.668838E+02 +0.000000E+00 +0.000000E+00 -0.156087E-02 -0.304307E-03 +0.000000E+00 +0.254158E-02 +0.000000E+00 +0.000000E+00
 +0.130720E+01 -0.101400E+03 -0.176944E+03 -0.111215E+03 -0.950924E+02 +0.665860E+02 +0.000000E+00 +0.000000E+00 -0.155518E-02 -0.306327E-03 +0.000000E+00 +0.253027E-02 +0.000000E+00 +0.000000E+00
 +0.130720E+01 -0.101410E+03 -0.176460E+03 -0.111132E+03 -0.949056E+02 +0.662887E+02 +0.000000E+00 +0.000000E+00 -0.154954E-02 -0.308309E-03 +0.000000E+00 +0.251897E-02 +0.000000E+00 +0.000000E+00
 +0.130720E+01 -0.101420E+03 -0.175983E+03 -0.111048E+03 -0.947202E+02 +0.659923E+02 +0.000000E+00 +0.000000E+00 -0.154399E-02 -0.310226E-03 +0.000000E+00 +0.250771E-02 +0.000000E+00 +0.000000E+00
 +0.130720E+01 -0.101430E+03 -0.175509E+03 -0.110962E+03 -0.945356E+02 +0.656965E+02 +0.000000E+00 +0.000000E+00 -0.153850E-02 -0.312104E-03 +0.000000E+00 +0.249647E-02 +0.000000E+00 +0.000000E+00
 +0.130720E+01 -0.101440E+03 -0.175041E+03 -0.110874E+03 -0.943522E+02 +0.654015E+02 +0.000000E+00 +0.000000E+00 -0.153309E-02 -0.313921E-03 +0.000000E+00 +0.248526E-02 +0.000000E+00 +0.000000E+00
 +0.130720E+01 -0.101450E+03 -0.174577E+03 -0.110785E+03 -0.941697E+02 +0.651071E+02 +0.000000E+00 +0.000000E+00 -0.152774E-02 -0.315699E-03 +0.000000E+00 +0.247407E-02 +0.000000E+00 +0.000000E+00
 +0.130720E+01 -0.101460E+03 -0.174119E+03 -0.110695E+03 -0.939884E+02 +0.648135E+02 +0.000000E+00 +0.000000E+00 -0.152247E-02 -0.317419E-03 +0.000000E+00 +0.246291E-02 +0.000000E+00 +0.000000E+00
 +0.130720E+01 -0.101470E+03 -0.173664E+03 -0.110603E+03 -0.938079E+02 +0.645206E+02 +0.000000E+00 +0.000000E+00 -0.151726E-02 -0.319098E-03 +0.000000E+00 +0.245178E-02 +0.000000E+00 +0.000000E+00
 +0.130720E+01 -0.101480E+03 -0.173214E+03 -0.110509E+03 -0.936286E+02 +0.642286E+02 +0.000000E+00 +0.000000E+00 -0.151213E-02 -0.320723E-03 +0.000000E+00 +0.244069E-02 +0.000000E+00 +0.000000E+00
 +0.130720E+01 -0.101490E+03 -0.172769E+03 -0.110414E+03 -0.934502E+02 +0.639372E+02 +0.000000E+00 +0.000000E+00 -0.150705E-02 -0.322306E-03 +0.000000E+00 +0.242961E-02 +0.000000E+00 +0.000000E+00
 +0.130720E+01 -0.101500E+03 -0.172328E+03 -0.110317E+03 -0.932728E+02 +0.636467E+02 +0.000000E+00 +0.000000E+00 -0.150205E-02 -0.323839E-03 +0.000000E+00 +0.241857E-02 +0.000000E+00 +0.000000E+00
 +0.130720E+01 -0.101510E+03 -0.171891E+03 -0.110219E+03 -0.930964E+02 +0.633569E+02 +0.000000E+00 +0.000000E+00 -0.149710E-02 -0.325329E-03 +0.000000E+00 +0.240756E-02 +0.000000E+00 +0.000000E+00
 +0.130720E+01 -0.101520E+03 -0.171459E+03 -0.110120E+03 -0.929210E+02 +0.630680E+02 +0.000000E+00 +0.000000E+00 -0.149223E-02 -0.326772E-03 +0.000000E+00 +0.239658E-02 +0.000000E+00 +0.000000E+00
 +0.130720E+01 -0.101530E+03 -0.171032E+03 -0.110019E+03 -0.927466E+02 +0.627799E+02 +0.000000E+00 +0.000000E+00 -0.148741E-02 -0.328171E-03 +0.000000E+00 +0.238563E-02 +0.000000E+00 +0.000000E+00
 +0.130720E+01 -0.101540E+03 -0.170608E+03 -0.109917E+03 -0.925732E+02 +0.624926E+02 +0.000000E+00 +0.000000E+00 -0.148266E-02 -0.329526E-03 +0.000000E+00 +0.237472E-02 +0.000000E+00 +0.000000E+00
 +0.130720E+01 -0.101550E+03 -0.170189E+03 -0.109813E+03 -0.924007E+02 +0.622061E+02 +0.000000E+00 +0.000000E+00 -0.147798E-02 -0.330838E-03 +0.000000E+00 +0.236383E-02 +0.000000E+00 +0.000000E+00
 +0.130720E+01 -0.101560E+03 -0.169774E+03 -0.109708E+03 -0.922291E+02 +0.619204E+02 +0.000000E+00 +0.000000E+00 -0.147335E-02 -0.332107E-03 +0.000000E+00 +0.235298E-02 +0.000000E+00 +0.000000E+00
 +0.130720E+01 -0.101570E+03 -0.169363E+03 -0.109602E+03 -0.920586E+02 +0.616357E+02 +0.000000E+00 +0.000000E+00 -0.146878E-02 -0.333333E-03 +0.000000E+00 +0.234216E-02 +0.000000E+00 +0.000000E+00
 +0.130720E+01 -0.101580E+03 -0.168956E+03 -0.109495E+03 -0.918889E+02 +0.613517E+02 +0.000000E+00 +0.000000E+00 -0.146428E-02 -0.334519E-03 +0.000000E+00 +0.233136E-02 +0.000000E+00 +0.000000E+00
 +0.130720E+01 -0.101590E+03 -0.168554E+03 -0.109387E+03 -0.917203E+02 +0.610687E+02 +0.000000E+00 +0.000000E+00 -0.145983E-02 -0.335661E-03 +0.000000E+00 +0.232061E-02 +0.000000E+00 +0.000000E+00
 +0.130720E+01 -0.101600E+03 -0.168155E+03 -0.109277E+03 -0.915525E+02 +0.607864E+02 +0.000000E+00 +0.000000E+00 -0.145544E-02 -0.336766E-03 +0.000000E+00 +0.230988E-02 +0.000000E+00 +0.000000E+00
 +0.130720E+01 -0.101610E+03 -0.167760E+03 -0.109166E+03 -0.913857E+02 +0.605052E+02 +0.000000E+00 +0.000000E+00 -0.145112E-02 -0.337826E-03 +0.000000E+00 +0.229920E-02 +0.000000E+00 +0.000000E+00
 +0.130720E+01 -0.101620E+03 -0.167369E+03 -0.109054E+03 -0.912197E+02 +0.602247E+02 +0.000000E+00 +0.000000E+00 -0.144684E-02 -0.338852E-03 +0.000000E+00 +0.228854E-02 +0.000000E+00 +0.000000E+00
 +0.130720E+01 -0.101630E+03 -0.166983E+03 -0.108941E+03 -0.910548E+02 +0.599452E+02 +0.000000E+00 +0.000000E+00 -0.144263E-02 -0.339833E-03 +0.000000E+00 +0.227792E-02 +0.000000E+00 +0.000000E+00
 +0.130720E+01 -0.101640E+03 -0.166600E+03 -0.108827E+03 -0.908906E+02 +0.596665E+02 +0.000000E+00 +0.000000E+00 -0.143847E-02 -0.340783E-03 +0.000000E+00 +0.226733E-02 +0.000000E+00 +0.000000E+00
 +0.130720E+01 -0.101650E+03 -0.166221E+03 -0.108711E+03 -0.907276E+02 +0.593889E+02 +0.000000E+00 +0.000000E+00 -0.143437E-02 -0.341686E-03 +0.000000E+00 +0.225678E-02 +0.000000E+00 +0.000000E+00
 +0.130720E+01 -0.101660E+03 -0.165845E+03 -0.108595E+03 -0.905652E+02 +0.591120E+02 +0.000000E+00 +0.000000E+00 -0.143032E-02 -0.342561E-03 +0.000000E+00 +0.224625E-02 +0.000000E+00 +0.000000E+00
 +0.130720E+01 -0.101670E+03 -0.165474E+03 -0.108477E+03 -0.904039E+02 +0.588362E+02 +0.000000E+00 +0.000000E+00 -0.142633E-02 -0.343390E-03 +0.000000E+00 +0.223578E-02 +0.000000E+00 +0.000000E+00
 +0.130720E+01 -0.101680E+03 -0.165106E+03 -0.108359E+03 -0.902433E+02 +0.585611E+02 +0.000000E+00 +0.000000E+00 -0.142239E-02 -0.344191E-03 +0.000000E+00 +0.222532E-02 +0.000000E+00 +0.000000E+00
 +0.130720E+01 -0.101690E+03 -0.164742E+03 -0.108239E+03 -0.900838E+02 +0.582872E+02 +0.000000E+00 +0.000000E+00 -0.141851E-02 -0.344947E-03 +0.000000E+00 +0.221492E-02 +0.000000E+00 +0.000000E+00
 +0.130720E+01 -0.101700E+03 -0.164381E+03 -0.108118E+03 -0.899249E+02 +0.580140E+02 +0.000000E+00 +0.000000E+00 -0.141467E-02 -0.345677E-03 +0.000000E+00 +0.220453E-02 +0.000000E+00 +0.000000E+00
 +0.130720E+01 -0.101710E+03 -0.164025E+03 -0.107997E+03 -0.897671E+02 +0.577421E+02 +0.000000E+00 +0.000000E+00 -0.141090E-02 -0.346362E-03 +0.000000E+00 +0.219420E-02 +0.000000E+00 +0.000000E+00
 +0.130720E+01 -0.101720E+03 -0.163671E+03 -0.107874E+03 -0.896099E+02 +0.574707E+02 +0.000000E+00 +0.000000E+00 -0.140716E-02 -0.347023E-03 +0.000000E+00 +0.218389E-02 +0.000000E+00 +0.000000E+00
 +0.130720E+01 -0.101730E+03 -0.163322E+03 -0.107751E+03 -0.894539E+02 +0.572007E+02 +0.000000E+00 +0.000000E+00 -0.140349E-02 -0.347638E-03 +0.000000E+00 +0.217363E-02 +0.000000E+00 +0.000000E+00
 +0.130720E+01 -0.101740E+03 -0.162975E+03 -0.107626E+03 -0.892985E+02 +0.569312E+02 +0.000000E+00 +0.000000E+00 -0.139985E-02 -0.348233E-03 +0.000000E+00 +0.216339E-02 +0.000000E+00 +0.000000E+00
 +0.130720E+01 -0.101750E+03 -0.162633E+03 -0.107501E+03 -0.891442E+02 +0.566631E+02 +0.000000E+00 +0.000000E+00 -0.139628E-02 -0.348780E-03 +0.000000E+00 +0.215320E-02 +0.000000E+00 +0.000000E+00
 +0.130720E+01 -0.101760E+03 -0.162293E+03 -0.107375E+03 -0.889904E+02 +0.563956E+02 +0.000000E+00 +0.000000E+00 -0.139274E-02 -0.349309E-03 +0.000000E+00 +0.214303E-02 +0.000000E+00 +0.000000E+00
 +0.130720E+01 -0.101770E+03 -0.161958E+03 -0.107248E+03 -0.888378E+02 +0.561295E+02 +0.000000E+00 +0.000000E+00 -0.138928E-02 -0.349791E-03 +0.000000E+00 +0.213292E-02 +0.000000E+00 +0.000000E+00
 +0.130720E+01 -0.101780E+03 -0.161624E+03 -0.107120E+03 -0.886856E+02 +0.558639E+02 +0.000000E+00 +0.000000E+00 -0.138583E-02 -0.350256E-03 +0.000000E+00 +0.212283E-02 +0.000000E+00 +0.000000E+00
 +0.130720E+01 -0.101790E+03 -0.161296E+03 -0.106991E+03 -0.885347E+02 +0.555998E+02 +0.000000E+00 +0.000000E+00 -0.138246E-02 -0.350675E-03 +0.000000E+00 +0.211279E-02 +0.000000E+00 +0.000000E+00
 +0.130720E+01 -0.101800E+03 -0.160969E+03 -0.106862E+03 -0.883842E+02 +0.553361E+02 +0.000000E+00 +0.000000E+00 -0.137911E-02 -0.351077E-03 +0.000000E+00 +0.210277E-02 +0.000000E+00 +0.000000E+00
 +0.130720E+01 -0.101810E+03 -0.160647E+03 -0.106731E+03 -0.882349E+02 +0.550739E+02 +0.000000E+00 +0.000000E+00 -0.137583E-02 -0.351434E-03 +0.000000E+00 +0.209281E-02 +0.000000E+00 +0.000000E+00
 +0.130720E+01 -0.101820E+03 -0.160327E+03 -0.106601E+03 -0.880860E+02 +0.548122E+02 +0.000000E+00 +0.000000E+00 -0.137257E-02 -0.351776E-03 +0.000000E+00 +0.208286E-02 +0.000000E+00 +0.000000E+00
 +0.130720E+01 -0.101830E+03 -0.160011E+03 -0.106468E+03 -0.879383E+02 +0.545520E+02 +0.000000E+00 +0.000000E+00 -0.136939E-02 -0.352071E-03 +0.000000E+00 +0.207298E-02 +0.000000E+00 +0.000000E+00
 +0.130720E+01 -0.101840E+03 -0.159697E+03 -0.106336E+03 -0.877910E+02 +0.542923E+02 +0.000000E+00 +0.000000E+00 -0.136622E-02 -0.352354E-03 +0.000000E+00 +0.206311E-02 +0.000000E+00 +0.000000E+00
 +0.130720E+01 -0.101850E+03 -0.159388E+03 -0.106202E+03 -0.876450E+02 +0.540340E+02 +0.000000E+00 +0.000000E+00 -0.136313E-02 -0.352591E-03 +0.000000E+00 +0.205329E-02 +0.000000E+00 +0.000000E+00
 +0.130720E+01 -0.101860E+03 -0.159081E+03 -0.106069E+03 -0.874992E+02 +0.537762E+02 +0.000000E+00 +0.000000E+00 -0.136005E-02 -0.352816E-03 +0.000000E+00 +0.204349E-02 +0.000000E+00 +0.000000E+00
 +0.130720E+01 -0.101870E+03 -0.158778E+03 -0.105933E+03 -0.873548E+02 +0.535198E+02 +0.000000E+00 +0.000000E+00 -0.135704E-02 -0.352995E-03 +0.000000E+00 +0.203375E-02 +0.000000E+00 +0.000000E+00
 +0.130720E+01 -0.101880E+03 -0.158476E+03 -0.105798E+03 -0.872105E+02 +0.532638E+02 +0.000000E+00 +0.000000E+00 -0.135405E-02 -0.353163E-03 +0.000000E+00 +0.202403E-02 +0.000000E+00 +0.000000E+00
 +0.130720E+01 -0.101890E+03 -0.158180E+03 -0.105662E+03 -0.870676E+02 +0.530092E+02 +0.000000E+00 +0.000000E+00 -0.135113E-02 -0.353285E-03 +0.000000E+00 +0.201435E-02 +0.000000E+00 +0.000000E+00
 +0.130720E+01 -0.101900E+03 -0.157884E+03 -0.105525E+03 -0.869248E+02 +0.527549E+02 +0.000000E+00 +0.000000E+00 -0.134822E-02 -0.353397E-03 +0.000000E+00 +0.200469E-02 +0.000000E+00 +0.000000E+00
 +0.130720E+01 -0.101910E+03 -0.157593E+03 -0.105386E+03 -0.867833E+02 +0.525021E+02 +0.000000E+00 +0.000000E+00 -0.134539E-02 -0.353460E-03 +0.000000E+00 +0.199508E-02 +0.000000E+00 +0.000000E+00
 +0.130720E+01 -0.101920E+03 -0.157303E+03 -0.105248E+03 -0.866419E+02 +0.522495E+02 +0.000000E+00 +0.000000E+00 -0.134257E-02 -0.353514E-03 +0.000000E+00 +0.198548E-02 +0.000000E+00 +0.000000E+00
 +0.130720E+01 -0.101930E+03 -0.157018E+03 -0.105108E+03 -0.865015E+02 +0.519973E+02 +0.000000E+00 +0.000000E+00 -0.133981E-02 -0.353523E-03 +0.000000E+00 +0.197590E-02 +0.000000E+00 +0.000000E+00
 +0.130720E+01 -0.101940E+03 -0.156733E+03 -0.104968E+03 -0.863611E+02 +0.517452E+02 +0.000000E+00 +0.000000E+00 -0.133706E-02 -0.353526E-03 +0.000000E+00 +0.196632E-02 +0.000000E+00 +0.000000E+00
 +0.130720E+01 -0.101950E+03 -0.156427E+03 -0.104816E+03 -0.862103E+02 +0.514447E+02 +0.000000E+00 +0.000000E+00 -0.133413E-02 -0.353505E-03 +0.000000E+00 +0.195490E-02 +0.000000E+00 +0.000000E+00
 +0.130720E+01 -0.101960E+03 -0.156120E+03 -0.104663E+03 -0.860582E+02 +0.511389E+02 +0.000000E+00 +0.000000E+00 -0.133117E-02 -0.353482E-03 +0.000000E+00 +0.194328E-02 +0.000000E+00 +0.000000E+00
 +0.130720E+01 -0.101970E+03 -0.155861E+03 -0.104528E+03 -0.859281E+02 +0.509308E+02 +0.000000E+00 +0.000000E+00 -0.132872E-02 -0.353392E-03 +0.000000E+00 +0.193537E-02 +0.000000E+00 +0.000000E+00
 +0.130720E+01 -0.101980E+03 -0.155605E+03 -0.104394E+03 -0.857999E+02 +0.507312E+02 +0.000000E+00 +0.000000E+00 -0.132630E-02 -0.353297E-03 +0.000000E+00 +0.192779E-02 +0.000000E+00 +0.000000E+00
 +0.130720E+01 -0.101990E+03 -0.155318E+03 -0.104247E+03 -0.856564E+02 +0.504703E+02 +0.000000E+00 +0.000000E+00 -0.132357E-02 -0.353223E-03 +0.000000E+00 +0.191787E-02 +0.000000E+00 +0.000000E+00
 +0.130720E+01 -0.102000E+03 -0.155028E+03 -0.104098E+03 -0.855116E+02 +0.502046E+02 +0.000000E+00 +0.000000E+00 -0.132080E-02 -0.353151E-03 +0.000000E+00 +0.190778E-02 +0.000000E+00 +0.000000E+00
 +0.130720E+01 -0.102010E+03 -0.154778E+03 -0.103966E+03 -0.853855E+02 +0.499603E+02 +0.000000E+00 +0.000000E+00 -0.131846E-02 -0.353030E-03 +0.000000E+00 +0.189849E-02 +0.000000E+00 +0.000000E+00
 +0.130720E+01 -0.102020E+03 -0.154529E+03 -0.103835E+03 -0.852600E+02 +0.497179E+02 +0.000000E+00 +0.000000E+00 -0.131610E-02 -0.352927E-03 +0.000000E+00 +0.188928E-02 +0.000000E+00 +0.000000E+00
 +0.130720E+01 -0.102030E+03 -0.154253E+03 -0.103684E+03 -0.851192E+02 +0.494848E+02 +0.000000E+00 +0.000000E+00 -0.131353E-02 -0.352739E-03 +0.000000E+00 +0.188042E-02 +0.000000E+00 +0.000000E+00
 +0.130720E+01 -0.102040E+03 -0.154024E+03 -0.103556E+03 -0.850015E+02 +0.492473E+02 +0.000000E+00 +0.000000E+00 -0.131143E-02 -0.352537E-03 +0.000000E+00 +0.187140E-02 +0.000000E+00 +0.000000E+00
 +0.130720E+01 -0.102050E+03 -0.153800E+03 -0.103428E+03 -0.848851E+02 +0.490113E+02 +0.000000E+00 +0.000000E+00 -0.130938E-02 -0.352312E-03 +0.000000E+00 +0.186243E-02 +0.000000E+00 +0.000000E+00
 +0.130720E+01 -0.102060E+03 -0.153565E+03 -0.103286E+03 -0.847607E+02 +0.487848E+02 +0.000000E+00 +0.000000E+00 -0.130727E-02 -0.351981E-03 +0.000000E+00 +0.185382E-02 +0.000000E+00 +0.000000E+00
 +0.130720E+01 -0.102070E+03 -0.153333E+03 -0.103150E+03 -0.846393E+02 +0.485572E+02 +0.000000E+00 +0.000000E+00 -0.130517E-02 -0.351706E-03 +0.000000E+00 +0.184517E-02 +0.000000E+00 +0.000000E+00
 +0.130720E+01 -0.102080E+03 -0.153105E+03 -0.103023E+03 -0.845223E+02 +0.483279E+02 +0.000000E+00 +0.000000E+00 -0.130307E-02 -0.351516E-03 +0.000000E+00 +0.183646E-02 +0.000000E+00 +0.000000E+00
 +0.130720E+01 -0.102090E+03 -0.152878E+03 -0.102896E+03 -0.844054E+02 +0.480987E+02 +0.000000E+00 +0.000000E+00 -0.130097E-02 -0.351327E-03 +0.000000E+00 +0.182775E-02 +0.000000E+00 +0.000000E+00
 +0.130720E+01 -0.102100E+03 -0.152644E+03 -0.102741E+03 -0.842770E+02 +0.478660E+02 +0.000000E+00 +0.000000E+00 -0.129897E-02 -0.350815E-03 +0.000000E+00 +0.181891E-02 +0.000000E+00 +0.000000E+00
 +0.130720E+01 -0.102110E+03 -0.152414E+03 -0.102587E+03 -0.841502E+02 +0.476345E+02 +0.000000E+00 +0.000000E+00 -0.129701E-02 -0.350297E-03 +0.000000E+00 +0.181011E-02 +0.000000E+00 +0.000000E+00
 +0.130720E+01 -0.102120E+03 -0.152187E+03 -0.102434E+03 -0.840249E+02 +0.474040E+02 +0.000000E+00 +0.000000E+00 -0.129507E-02 -0.349780E-03 +0.000000E+00 +0.180135E-02 +0.000000E+00 +0.000000E+00
 +0.130720E+01 -0.102130E+03 -0.151959E+03 -0.102282E+03 -0.838996E+02 +0.471735E+02 +0.000000E+00 +0.000000E+00 -0.129314E-02 -0.349262E-03 +0.000000E+00 +0.179259E-02 +0.000000E+00 +0.000000E+00
 +0.130720E+01 -0.102140E+03 -0.151726E+03 -0.102121E+03 -0.837697E+02 +0.469385E+02 +0.000000E+00 +0.000000E+00 -0.129118E-02 -0.348676E-03 +0.000000E+00 +0.178366E-02 +0.000000E+00 +0.000000E+00
 +0.130720E+01 -0.102150E+03 -0.151477E+03 -0.101931E+03 -0.836246E+02 +0.466976E+02 +0.000000E+00 +0.000000E+00 -0.128919E-02 -0.347828E-03 +0.000000E+00 +0.177451E-02 +0.000000E+00 +0.000000E+00
 +0.130720E+01 -0.102160E+03 -0.151224E+03 -0.101735E+03 -0.834763E+02 +0.464574E+02 +0.000000E+00 +0.000000E+00 -0.128720E-02 -0.346914E-03 +0.000000E+00 +0.176538E-02 +0.000000E+00 +0.000000E+00
 +0.130720E+01 -0.102170E+03 -0.150965E+03 -0.101538E+03 -0.833259E+02 +0.462122E+02 +0.000000E+00 +0.000000E+00 -0.128514E-02 -0.346027E-03 +0.000000E+00 +0.175607E-02 +0.000000E+00 +0.000000E+00
 +0.130720E+01 -0.102180E+03 -0.150710E+03 -0.101345E+03 -0.831780E+02 +0.459706E+02 +0.000000E+00 +0.000000E+00 -0.128310E-02 -0.345175E-03 +0.000000E+00 +0.174688E-02 +0.000000E+00 +0.000000E+00
 +0.130720E+01 -0.102190E+03 -0.150496E+03 -0.101202E+03 -0.830603E+02 +0.457555E+02 +0.000000E+00 +0.000000E+00 -0.128129E-02 -0.344683E-03 +0.000000E+00 +0.173871E-02 +0.000000E+00 +0.000000E+00
 +0.130720E+01 -0.102200E+03 -0.150293E+03 -0.101075E+03 -0.829515E+02 +0.455350E+02 +0.000000E+00 +0.000000E+00 -0.127949E-02 -0.344346E-03 +0.000000E+00 +0.173033E-02 +0.000000E+00 +0.000000E+00
 +0.130720E+01 -0.102210E+03 -0.150090E+03 -0.100948E+03 -0.828427E+02 +0.453145E+02 +0.000000E+00 +0.000000E+00 -0.127770E-02 -0.344009E-03 +0.000000E+00 +0.172195E-02 +0.000000E+00 +0.000000E+00
 +0.130720E+01 -0.102220E+03 -0.149887E+03 -0.100822E+03 -0.827339E+02 +0.450940E+02 +0.000000E+00 +0.000000E+00 -0.127591E-02 -0.343672E-03 +0.000000E+00 +0.171357E-02 +0.000000E+00 +0.000000E+00
 +0.130720E+01 -0.102230E+03 -0.149683E+03 -0.100697E+03 -0.826253E+02 +0.448772E+02 +0.000000E+00 +0.000000E+00 -0.127409E-02 -0.343361E-03 +0.000000E+00 +0.170533E-02 +0.000000E+00 +0.000000E+00
 +0.130720E+01 -0.102240E+03 -0.149479E+03 -0.100572E+03 -0.825166E+02 +0.446604E+02 +0.000000E+00 +0.000000E+00 -0.127228E-02 -0.343049E-03 +0.000000E+00 +0.169709E-02 +0.000000E+00 +0.000000E+00
 +0.130720E+01 -0.102250E+03 -0.149289E+03 -0.100425E+03 -0.824055E+02 +0.444437E+02 +0.000000E+00 +0.000000E+00 -0.127078E-02 -0.342366E-03 +0.000000E+00 +0.168886E-02 +0.000000E+00 +0.000000E+00
 +0.130720E+01 -0.102260E+03 -0.149104E+03 -0.100270E+03 -0.822934E+02 +0.442271E+02 +0.000000E+00 +0.000000E+00 -0.126941E-02 -0.341548E-03 +0.000000E+00 +0.168063E-02 +0.000000E+00 +0.000000E+00
 +0.130720E+01 -0.102270E+03 -0.148902E+03 -0.100116E+03 -0.821758E+02 +0.440088E+02 +0.000000E+00 +0.000000E+00 -0.126780E-02 -0.340858E-03 +0.000000E+00 +0.167233E-02 +0.000000E+00 +0.000000E+00
 +0.130720E+01 -0.102280E+03 -0.148685E+03 -0.999627E+02 -0.820538E+02 +0.437890E+02 +0.000000E+00 +0.000000E+00 -0.126600E-02 -0.340269E-03 +0.000000E+00 +0.166398E-02 +0.000000E+00 +0.000000E+00
 +0.130720E+01 -0.102290E+03 -0.148469E+03 -0.998097E+02 -0.819318E+02 +0.435693E+02 +0.000000E+00 +0.000000E+00 -0.126420E-02 -0.339680E-03 +0.000000E+00 +0.165563E-02 +0.000000E+00 +0.000000E+00
 +0.130720E+01 -0.102300E+03 -0.148252E+03 -0.996567E+02 -0.818098E+02 +0.433495E+02 +0.000000E+00 +0.000000E+00 -0.126240E-02 -0.339091E-03 +0.000000E+00 +0.164728E-02 +0.000000E+00 +0.000000E+00
 +0.130720E+01 -0.102310E+03 -0.148040E+03 -0.994766E+02 -0.816806E+02 +0.431318E+02 +0.000000E+00 +0.000000E+00 -0.126084E-02 -0.338124E-03 +0.000000E+00 +0.163901E-02 +0.000000E+00 +0.000000E+00
 +0.130720E+01 -0.102320E+03 -0.147837E+03 -0.992938E+02 -0.815531E+02 +0.429244E+02 +0.000000E+00 +0.000000E+00 -0.125939E-02 -0.337074E-03 +0.000000E+00 +0.163113E-02 +0.000000E+00 +0.000000E+00
 +0.130720E+01 -0.102330E+03 -0.147635E+03 -0.991199E+02 -0.814291E+02 +0.427214E+02 +0.000000E+00 +0.000000E+00 -0.125791E-02 -0.336125E-03 +0.000000E+00 +0.162341E-02 +0.000000E+00 +0.000000E+00
 +0.130720E+01 -0.102340E+03 -0.147433E+03 -0.989460E+02 -0.813052E+02 +0.425185E+02 +0.000000E+00 +0.000000E+00 -0.125643E-02 -0.335177E-03 +0.000000E+00 +0.161570E-02 +0.000000E+00 +0.000000E+00
 +0.130720E+01 -0.102350E+03 -0.147231E+03 -0.987721E+02 -0.811812E+02 +0.423155E+02 +0.000000E+00 +0.000000E+00 -0.125496E-02 -0.334228E-03 +0.000000E+00 +0.160799E-02 +0.000000E+00 +0.000000E+00
 +0.130720E+01 -0.102360E+03 -0.147030E+03 -0.985982E+02 -0.810572E+02 +0.421125E+02 +0.000000E+00 +0.000000E+00 -0.125348E-02 -0.333279E-03 +0.000000E+00 +0.160028E-02 +0.000000E+00 +0.000000E+00
 +0.130720E+01 -0.102370E+03 -0.146831E+03 -0.984301E+02 -0.809363E+02 +0.419118E+02 +0.000000E+00 +0.000000E+00 -0.125201E-02 -0.332382E-03 +0.000000E+00 +0.159265E-02 +0.000000E+00 +0.000000E+00
 +0.130720E+01 -0.102380E+03 -0.146667E+03 -0.982963E+02 -0.808380E+02 +0.417227E+02 +0.000000E+00 +0.000000E+00 -0.125076E-02 -0.331707E-03 +0.000000E+00 +0.158546E-02 +0.000000E+00 +0.000000E+00
 +0.130720E+01 -0.102390E+03 -0.146503E+03 -0.981624E+02 -0.807397E+02 +0.415336E+02 +0.000000E+00 +0.000000E+00 -0.124951E-02 -0.331032E-03 +0.000000E+00 +0.157828E-02 +0.000000E+00 +0.000000E+00
 +0.130720E+01 -0.102400E+03 -0.146339E+03 -0.980286E+02 -0.806414E+02 +0.413446E+02 +0.000000E+00 +0.000000E+00 -0.124826E-02 -0.330357E-03 +0.000000E+00 +0.157109E-02 +0.000000E+00 +0.000000E+00
 +0.130720E+01 -0.102410E+03 -0.146175E+03 -0.978948E+02 -0.805431E+02 +0.411555E+02 +0.000000E+00 +0.000000E+00 -0.124701E-02 -0.329682E-03 +0.000000E+00 +0.156391E-02 +0.000000E+00 +0.000000E+00
 +0.130720E+01 -0.102420E+03 -0.146011E+03 -0.977609E+02 -0.804448E+02 +0.409665E+02 +0.000000E+00 +0.000000E+00 -0.124576E-02 -0.329006E-03 +0.000000E+00 +0.155673E-02 +0.000000E+00 +0.000000E+00
 +0.130720E+01 -0.102430E+03 -0.145847E+03 -0.976271E+02 -0.803465E+02 +0.407774E+02 +0.000000E+00 +0.000000E+00 -0.124451E-02 -0.328331E-03 +0.000000E+00 +0.154954E-02 +0.000000E+00 +0.000000E+00
 +0.130720E+01 -0.102440E+03 -0.145683E+03 -0.974933E+02 -0.802482E+02 +0.405883E+02 +0.000000E+00 +0.000000E+00 -0.124326E-02 -0.327656E-03 +0.000000E+00 +0.154236E-02 +0.000000E+00 +0.000000E+00
 +0.130720E+01 -0.102450E+03 -0.145523E+03 -0.973444E+02 -0.801462E+02 +0.403874E+02 +0.000000E+00 +0.000000E+00 -0.124215E-02 -0.326767E-03 +0.000000E+00 +0.153472E-02 +0.000000E+00 +0.000000E+00
 +0.130720E+01 -0.102460E+03 -0.145367E+03 -0.972197E+02 -0.800536E+02 +0.401844E+02 +0.000000E+00 +0.000000E+00 -0.124095E-02 -0.326157E-03 +0.000000E+00 +0.152701E-02 +0.000000E+00 +0.000000E+00
 +0.130720E+01 -0.102470E+03 -0.145205E+03 -0.970617E+02 -0.799480E+02 +0.399784E+02 +0.000000E+00 +0.000000E+00 -0.123988E-02 -0.325162E-03 +0.000000E+00 +0.151918E-02 +0.000000E+00 +0.000000E+00
 +0.130720E+01 -0.102480E+03 -0.145043E+03 -0.969038E+02 -0.798423E+02 +0.397724E+02 +0.000000E+00 +0.000000E+00 -0.123881E-02 -0.324167E-03 +0.000000E+00 +0.151135E-02 +0.000000E+00 +0.000000E+00
 +0.130720E+01 -0.102490E+03 -0.144881E+03 -0.967458E+02 -0.797367E+02 +0.395665E+02 +0.000000E+00 +0.000000E+00 -0.123773E-02 -0.323172E-03 +0.000000E+00 +0.150353E-02 +0.000000E+00 +0.000000E+00
 +0.130720E+01 -0.102500E+03 -0.144718E+03 -0.965878E+02 -0.796311E+02 +0.393605E+02 +0.000000E+00 +0.000000E+00 -0.123666E-02 -0.322177E-03 +0.000000E+00 +0.149570E-02 +0.000000E+00 +0.000000E+00
 +0.130720E+01 -0.102510E+03 -0.144556E+03 -0.964298E+02 -0.795254E+02 +0.391545E+02 +0.000000E+00 +0.000000E+00 -0.123559E-02 -0.321183E-03 +0.000000E+00 +0.148787E-02 +0.000000E+00 +0.000000E+00
 +0.130720E+01 -0.102520E+03 -0.144394E+03 -0.962718E+02 -0.794198E+02 +0.389485E+02 +0.000000E+00 +0.000000E+00 -0.123451E-02 -0.320188E-03 +0.000000E+00 +0.148004E-02 +0.000000E+00 +0.000000E+00
 +0.130720E+01 -0.102530E+03 -0.144232E+03 -0.961138E+02 -0.793142E+02 +0.387425E+02 +0.000000E+00 +0.000000E+00 -0.123344E-02 -0.319193E-03 +0.000000E+00 +0.147222E-02 +0.000000E+00 +0.000000E+00
 +0.130720E+01 -0.102540E+03 -0.144075E+03 -0.959596E+02 -0.792113E+02 +0.385447E+02 +0.000000E+00 +0.000000E+00 -0.123240E-02 -0.318218E-03 +0.000000E+00 +0.146470E-02 +0.000000E+00 +0.000000E+00
 +0.130720E+01 -0.102550E+03 -0.143924E+03 -0.958108E+02 -0.791124E+02 +0.383587E+02 +0.000000E+00 +0.000000E+00 -0.123142E-02 -0.317270E-03 +0.000000E+00 +0.145763E-02 +0.000000E+00 +0.000000E+00
 +0.130720E+01 -0.102560E+03 -0.143773E+03 -0.956621E+02 -0.790135E+02 +0.381726E+02 +0.000000E+00 +0.000000E+00 -0.123043E-02 -0.316323E-03 +0.000000E+00 +0.145056E-02 +0.000000E+00 +0.000000E+00
 +0.130720E+01 -0.102570E+03 -0.143622E+03 -0.955134E+02 -0.789146E+02 +0.379866E+02 +0.000000E+00 +0.000000E+00 -0.122944E-02 -0.315376E-03 +0.000000E+00 +0.144349E-02 +0.000000E+00 +0.000000E+00
 +0.130720E+01 -0.102580E+03 -0.143471E+03 -0.953646E+02 -0.788158E+02 +0.378006E+02 +0.000000E+00 +0.000000E+00 -0.122845E-02 -0.314429E-03 +0.000000E+00 +0.143642E-02 +0.000000E+00 +0.000000E+00
 +0.130720E+01 -0.102590E+03 -0.143320E+03 -0.952159E+02 -0.787169E+02 +0.376145E+02 +0.000000E+00 +0.000000E+00 -0.122746E-02 -0.313482E-03 +0.000000E+00 +0.142935E-02 +0.000000E+00 +0.000000E+00
 +0.130720E+01 -0.102600E+03 -0.143169E+03 -0.950672E+02 -0.786180E+02 +0.374285E+02 +0.000000E+00 +0.000000E+00 -0.122647E-02 -0.312534E-03 +0.000000E+00 +0.142228E-02 +0.000000E+00 +0.000000E+00
 +0.130720E+01 -0.102610E+03 -0.143018E+03 -0.949184E+02 -0.785191E+02 +0.372424E+02 +0.000000E+00 +0.000000E+00 -0.122548E-02 -0.311587E-03 +0.000000E+00 +0.141521E-02 +0.000000E+00 +0.000000E+00
 +0.130720E+01 -0.102620E+03 -0.142868E+03 -0.947690E+02 -0.784203E+02 +0.370565E+02 +0.000000E+00 +0.000000E+00 -0.122451E-02 -0.310624E-03 +0.000000E+00 +0.140815E-02 +0.000000E+00 +0.000000E+00
 +0.130720E+01 -0.102630E+03 -0.142744E+03 -0.946194E+02 -0.783299E+02 +0.368757E+02 +0.000000E+00 +0.000000E+00 -0.122386E-02 -0.309502E-03 +0.000000E+00 +0.140127E-02 +0.000000E+00 +0.000000E+00
 +0.130720E+01 -0.102640E+03 -0.142609E+03 -0.944650E+02 -0.782344E+02 +0.366933E+02 +0.000000E+00 +0.000000E+00 -0.122312E-02 -0.308382E-03 +0.000000E+00 +0.139435E-02 +0.000000E+00 +0.000000E+00
 +0.130720E+01 -0.102650E+03 -0.142474E+03 -0.943105E+02 -0.781389E+02 +0.365109E+02 +0.000000E+00 +0.000000E+00 -0.122237E-02 -0.307261E-03 +0.000000E+00 +0.138742E-02 +0.000000E+00 +0.000000E+00
 +0.130720E+01 -0.102660E+03 -0.142339E+03 -0.941561E+02 -0.780434E+02 +0.363286E+02 +0.000000E+00 +0.000000E+00 -0.122162E-02 -0.306141E-03 +0.000000E+00 +0.138049E-02 +0.000000E+00 +0.000000E+00
 +0.130720E+01 -0.102670E+03 -0.142204E+03 -0.940017E+02 -0.779479E+02 +0.361462E+02 +0.000000E+00 +0.000000E+00 -0.122087E-02 -0.305021E-03 +0.000000E+00 +0.137356E-02 +0.000000E+00 +0.000000E+00
 +0.130720E+01 -0.102680E+03 -0.142069E+03 -0.938472E+02 -0.778524E+02 +0.359639E+02 +0.000000E+00 +0.000000E+00 -0.122012E-02 -0.303901E-03 +0.000000E+00 +0.136663E-02 +0.000000E+00 +0.000000E+00
 +0.130720E+01 -0.102690E+03 -0.141934E+03 -0.936928E+02 -0.777570E+02 +0.357815E+02 +0.000000E+00 +0.000000E+00 -0.121937E-02 -0.302780E-03 +0.000000E+00 +0.135970E-02 +0.000000E+00 +0.000000E+00
 +0.130720E+01 -0.102700E+03 -0.141799E+03 -0.935383E+02 -0.776615E+02 +0.355992E+02 +0.000000E+00 +0.000000E+00 -0.121862E-02 -0.301660E-03 +0.000000E+00 +0.135277E-02 +0.000000E+00 +0.000000E+00
 +0.130720E+01 -0.102710E+03 -0.141665E+03 -0.933839E+02 -0.775660E+02 +0.354168E+02 +0.000000E+00 +0.000000E+00 -0.121787E-02 -0.300540E-03 +0.000000E+00 +0.134584E-02 +0.000000E+00 +0.000000E+00
 +0.130720E+01 -0.102720E+03 -0.141533E+03 -0.932460E+02 -0.774771E+02 +0.352222E+02 +0.000000E+00 +0.000000E+00 -0.121707E-02 -0.299608E-03 +0.000000E+00 +0.133844E-02 +0.000000E+00 +0.000000E+00
 +0.130720E+01 -0.102730E+03 -0.141402E+03 -0.931093E+02 -0.773887E+02 +0.350267E+02 +0.000000E+00 +0.000000E+00 -0.121625E-02 -0.298691E-03 +0.000000E+00 +0.133101E-02 +0.000000E+00 +0.000000E+00
 +0.130720E+01 -0.102740E+03 -0.141271E+03 -0.929727E+02 -0.773004E+02 +0.348312E+02 +0.000000E+00 +0.000000E+00 -0.121544E-02 -0.297773E-03 +0.000000E+00 +0.132358E-02 +0.000000E+00 +0.000000E+00
 +0.130720E+01 -0.102750E+03 -0.141140E+03 -0.928360E+02 -0.772120E+02 +0.346357E+02 +0.000000E+00 +0.000000E+00 -0.121463E-02 -0.296856E-03 +0.000000E+00 +0.131615E-02 +0.000000E+00 +0.000000E+00
 +0.130720E+01 -0.102760E+03 -0.141009E+03 -0.926993E+02 -0.771236E+02 +0.344401E+02 +0.000000E+00 +0.000000E+00 -0.121381E-02 -0.295939E-03 +0.000000E+00 +0.130873E-02 +0.000000E+00 +0.000000E+00
 +0.130720E+01 -0.102770E+03 -0.140875E+03 -0.925555E+02 -0.770320E+02 +0.342476E+02 +0.000000E+00 +0.000000E+00 -0.121301E-02 -0.294948E-03 +0.000000E+00 +0.130141E-02 +0.000000E+00 +0.000000E+00
 +0.130720E+01 -0.102780E+03 -0.140728E+03 -0.923782E+02 -0.769250E+02 +0.340692E+02 +0.000000E+00 +0.000000E+00 -0.121225E-02 -0.293611E-03 +0.000000E+00 +0.129463E-02 +0.000000E+00 +0.000000E+00
 +0.130720E+01 -0.102790E+03 -0.140589E+03 -0.922058E+02 -0.768222E+02 +0.338988E+02 +0.000000E+00 +0.000000E+00 -0.121156E-02 -0.292288E-03 +0.000000E+00 +0.128816E-02 +0.000000E+00 +0.000000E+00
 +0.130720E+01 -0.102800E+03 -0.140478E+03 -0.920505E+02 -0.767343E+02 +0.337573E+02 +0.000000E+00 +0.000000E+00 -0.121112E-02 -0.291008E-03 +0.000000E+00 +0.128278E-02 +0.000000E+00 +0.000000E+00
 +0.130720E+01 -0.102810E+03 -0.140367E+03 -0.918953E+02 -0.766464E+02 +0.336158E+02 +0.000000E+00 +0.000000E+00 -0.121068E-02 -0.289729E-03 +0.000000E+00 +0.127740E-02 +0.000000E+00 +0.000000E+00
 +0.130720E+01 -0.102820E+03 -0.140255E+03 -0.917401E+02 -0.765585E+02 +0.334743E+02 +0.000000E+00 +0.000000E+00 -0.121024E-02 -0.288450E-03 +0.000000E+00 +0.127202E-02 +0.000000E+00 +0.000000E+00
 +0.130720E+01 -0.102830E+03 -0.140144E+03 -0.915849E+02 -0.764707E+02 +0.333328E+02 +0.000000E+00 +0.000000E+00 -0.120980E-02 -0.287171E-03 +0.000000E+00 +0.126664E-02 +0.000000E+00 +0.000000E+00
 +0.130720E+01 -0.102840E+03 -0.140033E+03 -0.914297E+02 -0.763828E+02 +0.331912E+02 +0.000000E+00 +0.000000E+00 -0.120936E-02 -0.285891E-03 +0.000000E+00 +0.126127E-02 +0.000000E+00 +0.000000E+00
 +0.130720E+01 -0.102850E+03 -0.139922E+03 -0.912745E+02 -0.762949E+02 +0.330497E+02 +0.000000E+00 +0.000000E+00 -0.120892E-02 -0.284612E-03 +0.000000E+00 +0.125589E-02 +0.000000E+00 +0.000000E+00
 +0.130720E+01 -0.102860E+03 -0.139811E+03 -0.911192E+02 -0.762070E+02 +0.329082E+02 +0.000000E+00 +0.000000E+00 -0.120848E-02 -0.283333E-03 +0.000000E+00 +0.125051E-02 +0.000000E+00 +0.000000E+00
 +0.130720E+01 -0.102870E+03 -0.139700E+03 -0.909640E+02 -0.761191E+02 +0.327667E+02 +0.000000E+00 +0.000000E+00 -0.120804E-02 -0.282053E-03 +0.000000E+00 +0.124513E-02 +0.000000E+00 +0.000000E+00
 +0.130720E+01 -0.102880E+03 -0.139589E+03 -0.908088E+02 -0.760312E+02 +0.326252E+02 +0.000000E+00 +0.000000E+00 -0.120759E-02 -0.280774E-03 +0.000000E+00 +0.123976E-02 +0.000000E+00 +0.000000E+00
 +0.130720E+01 -0.102890E+03 -0.139478E+03 -0.906536E+02 -0.759434E+02 +0.324836E+02 +0.000000E+00 +0.000000E+00 -0.120715E-02 -0.279495E-03 +0.000000E+00 +0.123438E-02 +0.000000E+00 +0.000000E+00
 +0.130720E+01 -0.102900E+03 -0.139367E+03 -0.904984E+02 -0.758555E+02 +0.323421E+02 +0.000000E+00 +0.000000E+00 -0.120671E-02 -0.278215E-03 +0.000000E+00 +0.122900E-02 +0.000000E+00 +0.000000E+00
 +0.130720E+01 -0.102910E+03 -0.139256E+03 -0.903432E+02 -0.757676E+02 +0.322006E+02 +0.000000E+00 +0.000000E+00 -0.120627E-02 -0.276936E-03 +0.000000E+00 +0.122362E-02 +0.000000E+00 +0.000000E+00
 +0.130720E+01 -0.102920E+03 -0.139144E+03 -0.901880E+02 -0.756797E+02 +0.320591E+02 +0.000000E+00 +0.000000E+00 -0.120583E-02 -0.275657E-03 +0.000000E+00 +0.121825E-02 +0.000000E+00 +0.000000E+00
 +0.130720E+01 -0.102930E+03 -0.139037E+03 -0.900384E+02 -0.755949E+02 +0.319167E+02 +0.000000E+00 +0.000000E+00 -0.120540E-02 -0.274427E-03 +0.000000E+00 +0.121283E-02 +0.000000E+00 +0.000000E+00
 +0.130720E+01 -0.102940E+03 -0.138950E+03 -0.898975E+02 -0.755195E+02 +0.317622E+02 +0.000000E+00 +0.000000E+00 -0.120517E-02 -0.273181E-03 +0.000000E+00 +0.120696E-02 +0.000000E+00 +0.000000E+00
 +0.130720E+01 -0.102950E+03 -0.138862E+03 -0.897565E+02 -0.754441E+02 +0.316078E+02 +0.000000E+00 +0.000000E+00 -0.120494E-02 -0.271936E-03 +0.000000E+00 +0.120109E-02 +0.000000E+00 +0.000000E+00
 +0.130720E+01 -0.102960E+03 -0.138775E+03 -0.896156E+02 -0.753688E+02 +0.314533E+02 +0.000000E+00 +0.000000E+00 -0.120471E-02 -0.270690E-03 +0.000000E+00 +0.119523E-02 +0.000000E+00 +0.000000E+00
 +0.130720E+01 -0.102970E+03 -0.138687E+03 -0.894747E+02 -0.752934E+02 +0.312988E+02 +0.000000E+00 +0.000000E+00 -0.120448E-02 -0.269444E-03 +0.000000E+00 +0.118936E-02 +0.000000E+00 +0.000000E+00
 +0.130720E+01 -0.102980E+03 -0.138600E+03 -0.893338E+02 -0.752180E+02 +0.311444E+02 +0.000000E+00 +0.000000E+00 -0.120425E-02 -0.268199E-03 +0.000000E+00 +0.118349E-02 +0.000000E+00 +0.000000E+00
 +0.130720E+01 -0.102990E+03 -0.138512E+03 -0.891928E+02 -0.751426E+02 +0.309899E+02 +0.000000E+00 +0.000000E+00 -0.120402E-02 -0.266953E-03 +0.000000E+00 +0.117762E-02 +0.000000E+00 +0.000000E+00
 +0.130720E+01 -0.103000E+03 -0.138425E+03 -0.890519E+02 -0.750673E+02 +0.308354E+02 +0.000000E+00 +0.000000E+00 -0.120379E-02 -0.265708E-03 +0.000000E+00 +0.117175E-02 +0.000000E+00 +0.000000E+00
 +0.130720E+01 -0.103010E+03 -0.138337E+03 -0.889110E+02 -0.749919E+02 +0.306810E+02 +0.000000E+00 +0.000000E+00 -0.120356E-02 -0.264462E-03 +0.000000E+00 +0.116588E-02 +0.000000E+00 +0.000000E+00
 +0.130720E+01 -0.103020E+03 -0.138250E+03 -0.887700E+02 -0.749165E+02 +0.305265E+02 +0.000000E+00 +0.000000E+00 -0.120333E-02 -0.263216E-03 +0.000000E+00 +0.116001E-02 +0.000000E+00 +0.000000E+00
 +0.130720E+01 -0.103030E+03 -0.138162E+03 -0.886291E+02 -0.748412E+02 +0.303720E+02 +0.000000E+00 +0.000000E+00 -0.120310E-02 -0.261971E-03 +0.000000E+00 +0.115414E-02 +0.000000E+00 +0.000000E+00
 +0.130720E+01 -0.103040E+03 -0.138075E+03 -0.884882E+02 -0.747658E+02 +0.302176E+02 +0.000000E+00 +0.000000E+00 -0.120287E-02 -0.260725E-03 +0.000000E+00 +0.114827E-02 +0.000000E+00 +0.000000E+00
 +0.130720E+01 -0.103050E+03 -0.137987E+03 -0.883472E+02 -0.746904E+02 +0.300631E+02 +0.000000E+00 +0.000000E+00 -0.120264E-02 -0.259480E-03 +0.000000E+00 +0.114240E-02 +0.000000E+00 +0.000000E+00
 +0.130720E+01 -0.103060E+03 -0.137900E+03 -0.882063E+02 -0.746150E+02 +0.299086E+02 +0.000000E+00 +0.000000E+00 -0.120241E-02 -0.258234E-03 +0.000000E+00 +0.113653E-02 +0.000000E+00 +0.000000E+00
 +0.130720E+01 -0.103070E+03 -0.137812E+03 -0.880654E+02 -0.745397E+02 +0.297542E+02 +0.000000E+00 +0.000000E+00 -0.120218E-02 -0.256988E-03 +0.000000E+00 +0.113066E-02 +0.000000E+00 +0.000000E+00
 +0.130720E+01 -0.103080E+03 -0.137725E+03 -0.879244E+02 -0.744643E+02 +0.295997E+02 +0.000000E+00 +0.000000E+00 -0.120195E-02 -0.255743E-03 +0.000000E+00 +0.112479E-02 +0.000000E+00 +0.000000E+00
 +0.130720E+01 -0.103090E+03 -0.137637E+03 -0.877835E+02 -0.743889E+02 +0.294452E+02 +0.000000E+00 +0.000000E+00 -0.120172E-02 -0.254497E-03 +0.000000E+00 +0.111892E-02 +0.000000E+00 +0.000000E+00
 +0.130720E+01 -0.103100E+03 -0.137551E+03 -0.876428E+02 -0.743138E+02 +0.292914E+02 +0.000000E+00 +0.000000E+00 -0.120150E-02 -0.253251E-03 +0.000000E+00 +0.111307E-02 +0.000000E+00 +0.000000E+00
 +0.130720E+01 -0.103110E+03 -0.137487E+03 -0.875121E+02 -0.742498E+02 +0.291623E+02 +0.000000E+00 +0.000000E+00 -0.120151E-02 -0.251983E-03 +0.000000E+00 +0.110817E-02 +0.000000E+00 +0.000000E+00
 +0.130720E+01 -0.103120E+03 -0.137424E+03 -0.873814E+02 -0.741858E+02 +0.290332E+02 +0.000000E+00 +0.000000E+00 -0.120153E-02 -0.250716E-03 +0.000000E+00 +0.110326E-02 +0.000000E+00 +0.000000E+00
 +0.130720E+01 -0.103130E+03 -0.137361E+03 -0.872507E+02 -0.741218E+02 +0.289041E+02 +0.000000E+00 +0.000000E+00 -0.120154E-02 -0.249448E-03 +0.000000E+00 +0.109836E-02 +0.000000E+00 +0.000000E+00
 +0.130720E+01 -0.103140E+03 -0.137298E+03 -0.871199E+02 -0.740578E+02 +0.287750E+02 +0.000000E+00 +0.000000E+00 -0.120156E-02 -0.248180E-03 +0.000000E+00 +0.109345E-02 +0.000000E+00 +0.000000E+00
 +0.130720E+01 -0.103150E+03 -0.137234E+03 -0.869892E+02 -0.739938E+02 +0.286459E+02 +0.000000E+00 +0.000000E+00 -0.120157E-02 -0.246913E-03 +0.000000E+00 +0.108855E-02 +0.000000E+00 +0.000000E+00
 +0.130720E+01 -0.103160E+03 -0.137171E+03 -0.868585E+02 -0.739298E+02 +0.285168E+02 +0.000000E+00 +0.000000E+00 -0.120159E-02 -0.245645E-03 +0.000000E+00 +0.108364E-02 +0.000000E+00 +0.000000E+00
 +0.130720E+01 -0.103170E+03 -0.137108E+03 -0.867277E+02 -0.738658E+02 +0.283877E+02 +0.000000E+00 +0.000000E+00 -0.120160E-02 -0.244377E-03 +0.000000E+00 +0.107873E-02 +0.000000E+00 +0.000000E+00
 +0.130720E+01 -0.103180E+03 -0.137045E+03 -0.865970E+02 -0.738017E+02 +0.282586E+02 +0.000000E+00 +0.000000E+00 -0.120162E-02 -0.243110E-03 +0.000000E+00 +0.107383E-02 +0.000000E+00 +0.000000E+00
 +0.130720E+01 -0.103190E+03 -0.136981E+03 -0.864663E+02 -0.737377E+02 +0.281295E+02 +0.000000E+00 +0.000000E+00 -0.120163E-02 -0.241842E-03 +0.000000E+00 +0.106892E-02 +0.000000E+00 +0.000000E+00
 +0.130720E+01 -0.103200E+03 -0.136918E+03 -0.863355E+02 -0.736737E+02 +0.280004E+02 +0.000000E+00 +0.000000E+00 -0.120164E-02 -0.240574E-03 +0.000000E+00 +0.106402E-02 +0.000000E+00 +0.000000E+00
 +0.130720E+01 -0.103210E+03 -0.136854E+03 -0.862047E+02 -0.736095E+02 +0.278711E+02 +0.000000E+00 +0.000000E+00 -0.120165E-02 -0.239309E-03 +0.000000E+00 +0.105910E-02 +0.000000E+00 +0.000000E+00
 +0.130720E+01 -0.103220E+03 -0.136760E+03 -0.860681E+02 -0.735333E+02 +0.277283E+02 +0.000000E+00 +0.000000E+00 -0.120131E-02 -0.238162E-03 +0.000000E+00 +0.105368E-02 +0.000000E+00 +0.000000E+00
 +0.130720E+01 -0.103230E+03 -0.136666E+03 -0.859315E+02 -0.734570E+02 +0.275856E+02 +0.000000E+00 +0.000000E+00 -0.120096E-02 -0.237015E-03 +0.000000E+00 +0.104825E-02 +0.000000E+00 +0.000000E+00
 +0.130720E+01 -0.103240E+03 -0.136571E+03 -0.857949E+02 -0.733808E+02 +0.274428E+02 +0.000000E+00 +0.000000E+00 -0.120062E-02 -0.235868E-03 +0.000000E+00 +0.104283E-02 +0.000000E+00 +0.000000E+00
 +0.130720E+01 -0.103250E+03 -0.136477E+03 -0.856583E+02 -0.733046E+02 +0.273001E+02 +0.000000E+00 +0.000000E+00 -0.120027E-02 -0.234721E-03 +0.000000E+00 +0.103740E-02 +0.000000E+00 +0.000000E+00
 +0.130720E+01 -0.103260E+03 -0.136382E+03 -0.855217E+02 -0.732283E+02 +0.271573E+02 +0.000000E+00 +0.000000E+00 -0.119993E-02 -0.233574E-03 +0.000000E+00 +0.103198E-02 +0.000000E+00 +0.000000E+00
 +0.130720E+01 -0.103270E+03 -0.136294E+03 -0.853851E+02 -0.731541E+02 +0.270234E+02 +0.000000E+00 +0.000000E+00 -0.119966E-02 -0.232388E-03 +0.000000E+00 +0.102689E-02 +0.000000E+00 +0.000000E+00
 +0.130720E+01 -0.103280E+03 -0.136209E+03 -0.852485E+02 -0.730809E+02 +0.268939E+02 +0.000000E+00 +0.000000E+00 -0.119943E-02 -0.231184E-03 +0.000000E+00 +0.102197E-02 +0.000000E+00 +0.000000E+00
 +0.130720E+01 -0.103290E+03 -0.136124E+03 -0.851119E+02 -0.730077E+02 +0.267644E+02 +0.000000E+00 +0.000000E+00 -0.119920E-02 -0.229979E-03 +0.000000E+00 +0.101705E-02 +0.000000E+00 +0.000000E+00
 +0.130720E+01 -0.103300E+03 -0.136038E+03 -0.849753E+02 -0.729345E+02 +0.266349E+02 +0.000000E+00 +0.000000E+00 -0.119897E-02 -0.228774E-03 +0.000000E+00 +0.101213E-02 +0.000000E+00 +0.000000E+00
 +0.130720E+01 -0.103310E+03 -0.135953E+03 -0.848387E+02 -0.728613E+02 +0.265054E+02 +0.000000E+00 +0.000000E+00 -0.119875E-02 -0.227569E-03 +0.000000E+00 +0.100721E-02 +0.000000E+00 +0.000000E+00
 +0.130720E+01 -0.103320E+03 -0.135868E+03 -0.847020E+02 -0.727881E+02 +0.263759E+02 +0.000000E+00 +0.000000E+00 -0.119852E-02 -0.226364E-03 +0.000000E+00 +0.100228E-02 +0.000000E+00 +0.000000E+00
 +0.130720E+01 -0.103330E+03 -0.135783E+03 -0.845654E+02 -0.727149E+02 +0.262464E+02 +0.000000E+00 +0.000000E+00 -0.119829E-02 -0.225160E-03 +0.000000E+00 +0.997364E-03 +0.000000E+00 +0.000000E+00
 +0.130720E+01 -0.103340E+03 -0.135702E+03 -0.844104E+02 -0.726371E+02 +0.261150E+02 +0.000000E+00 +0.000000E+00 -0.119823E-02 -0.223693E-03 +0.000000E+00 +0.992371E-03 +0.000000E+00 +0.000000E+00
 +0.130720E+01 -0.103350E+03 -0.135624E+03 -0.842448E+02 -0.725565E+02 +0.259826E+02 +0.000000E+00 +0.000000E+00 -0.119827E-02 -0.222077E-03 +0.000000E+00 +0.987338E-03 +0.000000E+00 +0.000000E+00
 +0.130720E+01 -0.103360E+03 -0.135545E+03 -0.840792E+02 -0.724760E+02 +0.258501E+02 +0.000000E+00 +0.000000E+00 -0.119831E-02 -0.220461E-03 +0.000000E+00 +0.982304E-03 +0.000000E+00 +0.000000E+00
 +0.130720E+01 -0.103370E+03 -0.135467E+03 -0.839137E+02 -0.723955E+02 +0.257176E+02 +0.000000E+00 +0.000000E+00 -0.119835E-02 -0.218845E-03 +0.000000E+00 +0.977270E-03 +0.000000E+00 +0.000000E+00
 +0.130720E+01 -0.103380E+03 -0.135388E+03 -0.837481E+02 -0.723150E+02 +0.255852E+02 +0.000000E+00 +0.000000E+00 -0.119839E-02 -0.217229E-03 +0.000000E+00 +0.972237E-03 +0.000000E+00 +0.000000E+00
 +0.130720E+01 -0.103390E+03 -0.135310E+03 -0.835825E+02 -0.722345E+02 +0.254527E+02 +0.000000E+00 +0.000000E+00 -0.119843E-02 -0.215613E-03 +0.000000E+00 +0.967203E-03 +0.000000E+00 +0.000000E+00
 +0.130720E+01 -0.103400E+03 -0.135231E+03 -0.834170E+02 -0.721540E+02 +0.253203E+02 +0.000000E+00 +0.000000E+00 -0.119847E-02 -0.213997E-03 +0.000000E+00 +0.962170E-03 +0.000000E+00 +0.000000E+00
 +0.130720E+01 -0.103410E+03 -0.135153E+03 -0.832514E+02 -0.720734E+02 +0.251878E+02 +0.000000E+00 +0.000000E+00 -0.119851E-02 -0.212381E-03 +0.000000E+00 +0.957136E-03 +0.000000E+00 +0.000000E+00
 +0.130720E+01 -0.103420E+03 -0.135096E+03 -0.831280E+02 -0.720140E+02 +0.250723E+02 +0.000000E+00 +0.000000E+00 -0.119856E-02 -0.211165E-03 +0.000000E+00 +0.952747E-03 +0.000000E+00 +0.000000E+00
 +0.130720E+01 -0.103430E+03 -0.135045E+03 -0.830147E+02 -0.719597E+02 +0.249609E+02 +0.000000E+00 +0.000000E+00 -0.119862E-02 -0.210044E-03 +0.000000E+00 +0.948514E-03 +0.000000E+00 +0.000000E+00
 +0.130720E+01 -0.103440E+03 -0.134994E+03 -0.829014E+02 -0.719054E+02 +0.248495E+02 +0.000000E+00 +0.000000E+00 -0.119868E-02 -0.208924E-03 +0.000000E+00 +0.944280E-03 +0.000000E+00 +0.000000E+00
 +0.130720E+01 -0.103450E+03 -0.134942E+03 -0.827881E+02 -0.718511E+02 +0.247381E+02 +0.000000E+00 +0.000000E+00 -0.119873E-02 -0.207804E-03 +0.000000E+00 +0.940047E-03 +0.000000E+00 +0.000000E+00
 +0.130720E+01 -0.103460E+03 -0.134891E+03 -0.826748E+02 -0.717967E+02 +0.246267E+02 +0.000000E+00 +0.000000E+00 -0.119879E-02 -0.206684E-03 +0.000000E+00 +0.935813E-03 +0.000000E+00 +0.000000E+00
 +0.130720E+01 -0.103470E+03 -0.134840E+03 -0.825615E+02 -0.717424E+02 +0.245152E+02 +0.000000E+00 +0.000000E+00 -0.119885E-02 -0.205563E-03 +0.000000E+00 +0.931579E-03 +0.000000E+00 +0.000000E+00
 +0.130720E+01 -0.103480E+03 -0.134788E+03 -0.824482E+02 -0.716881E+02 +0.244038E+02 +0.000000E+00 +0.000000E+00 -0.119891E-02 -0.204443E-03 +0.000000E+00 +0.927346E-03 +0.000000E+00 +0.000000E+00
 +0.130720E+01 -0.103490E+03 -0.134737E+03 -0.823349E+02 -0.716337E+02 +0.242924E+02 +0.000000E+00 +0.000000E+00 -0.119896E-02 -0.203323E-03 +0.000000E+00 +0.923112E-03 +0.000000E+00 +0.000000E+00
 +0.130720E+01 -0.103500E+03 -0.134686E+03 -0.822216E+02 -0.715794E+02 +0.241810E+02 +0.000000E+00 +0.000000E+00 -0.119902E-02 -0.202202E-03 +0.000000E+00 +0.918878E-03 +0.000000E+00 +0.000000E+00
 +0.130720E+01 -0.103510E+03 -0.134634E+03 -0.821084E+02 -0.715251E+02 +0.240696E+02 +0.000000E+00 +0.000000E+00 -0.119908E-02 -0.201082E-03 +0.000000E+00 +0.914645E-03 +0.000000E+00 +0.000000E+00
 +0.130720E+01 -0.103520E+03 -0.134583E+03 -0.819951E+02 -0.714708E+02 +0.239582E+02 +0.000000E+00 +0.000000E+00 -0.119913E-02 -0.199962E-03 +0.000000E+00 +0.910411E-03 +0.000000E+00 +0.000000E+00
 +0.130720E+01 -0.103530E+03 -0.134532E+03 -0.818818E+02 -0.714164E+02 +0.238468E+02 +0.000000E+00 +0.000000E+00 -0.119919E-02 -0.198841E-03 +0.000000E+00 +0.906178E-03 +0.000000E+00 +0.000000E+00
 +0.130720E+01 -0.103540E+03 -0.134480E+03 -0.817685E+02 -0.713621E+02 +0.237354E+02 +0.000000E+00 +0.000000E+00 -0.119925E-02 -0.197721E-03 +0.000000E+00 +0.901944E-03 +0.000000E+00 +0.000000E+00
 +0.130720E+01 -0.103550E+03 -0.134429E+03 -0.816552E+02 -0.713078E+02 +0.236240E+02 +0.000000E+00 +0.000000E+00 -0.119930E-02 -0.196601E-03 +0.000000E+00 +0.897710E-03 +0.000000E+00 +0.000000E+00
 +0.130720E+01 -0.103560E+03 -0.134378E+03 -0.815419E+02 -0.712534E+02 +0.235125E+02 +0.000000E+00 +0.000000E+00 -0.119936E-02 -0.195481E-03 +0.000000E+00 +0.893477E-03 +0.000000E+00 +0.000000E+00
 +0.130720E+01 -0.103570E+03 -0.134326E+03 -0.814286E+02 -0.711991E+02 +0.234011E+02 +0.000000E+00 +0.000000E+00 -0.119942E-02 -0.194360E-03 +0.000000E+00 +0.889243E-03 +0.000000E+00 +0.000000E+00
 +0.130720E+01 -0.103580E+03 -0.134275E+03 -0.813147E+02 -0.711446E+02 +0.232898E+02 +0.000000E+00 +0.000000E+00 -0.119948E-02 -0.193232E-03 +0.000000E+00 +0.885013E-03 +0.000000E+00 +0.000000E+00
 +0.130720E+01 -0.103590E+03 -0.134220E+03 -0.811542E+02 -0.710734E+02 +0.231856E+02 +0.000000E+00 +0.000000E+00 -0.119978E-02 -0.191534E-03 +0.000000E+00 +0.881053E-03 +0.000000E+00 +0.000000E+00
 +0.130720E+01 -0.103600E+03 -0.134165E+03 -0.809937E+02 -0.710023E+02 +0.230814E+02 +0.000000E+00 +0.000000E+00 -0.120009E-02 -0.189837E-03 +0.000000E+00 +0.877093E-03 +0.000000E+00 +0.000000E+00
 +0.130720E+01 -0.103610E+03 -0.134119E+03 -0.808460E+02 -0.709386E+02 +0.229875E+02 +0.000000E+00 +0.000000E+00 -0.120044E-02 -0.188240E-03 +0.000000E+00 +0.873525E-03 +0.000000E+00 +0.000000E+00
 +0.130720E+01 -0.103620E+03 -0.134083E+03 -0.807100E+02 -0.708818E+02 +0.229031E+02 +0.000000E+00 +0.000000E+00 -0.120083E-02 -0.186736E-03 +0.000000E+00 +0.870316E-03 +0.000000E+00 +0.000000E+00
 +0.130720E+01 -0.103630E+03 -0.134047E+03 -0.805740E+02 -0.708249E+02 +0.228186E+02 +0.000000E+00 +0.000000E+00 -0.120122E-02 -0.185232E-03 +0.000000E+00 +0.867108E-03 +0.000000E+00 +0.000000E+00
 +0.130720E+01 -0.103640E+03 -0.134011E+03 -0.804380E+02 -0.707681E+02 +0.227342E+02 +0.000000E+00 +0.000000E+00 -0.120161E-02 -0.183728E-03 +0.000000E+00 +0.863899E-03 +0.000000E+00 +0.000000E+00
 +0.130720E+01 -0.103650E+03 -0.133975E+03 -0.803020E+02 -0.707113E+02 +0.226497E+02 +0.000000E+00 +0.000000E+00 -0.120200E-02 -0.182224E-03 +0.000000E+00 +0.860690E-03 +0.000000E+00 +0.000000E+00
 +0.130720E+01 -0.103660E+03 -0.133938E+03 -0.801660E+02 -0.706544E+02 +0.225653E+02 +0.000000E+00 +0.000000E+00 -0.120239E-02 -0.180720E-03 +0.000000E+00 +0.857481E-03 +0.000000E+00 +0.000000E+00
 +0.130720E+01 -0.103670E+03 -0.133902E+03 -0.800300E+02 -0.705976E+02 +0.224808E+02 +0.000000E+00 +0.000000E+00 -0.120279E-02 -0.179216E-03 +0.000000E+00 +0.854272E-03 +0.000000E+00 +0.000000E+00
 +0.130720E+01 -0.103680E+03 -0.133866E+03 -0.798940E+02 -0.705408E+02 +0.223964E+02 +0.000000E+00 +0.000000E+00 -0.120318E-02 -0.177712E-03 +0.000000E+00 +0.851063E-03 +0.000000E+00 +0.000000E+00
 +0.130720E+01 -0.103690E+03 -0.133830E+03 -0.797580E+02 -0.704839E+02 +0.223120E+02 +0.000000E+00 +0.000000E+00 -0.120357E-02 -0.176208E-03 +0.000000E+00 +0.847854E-03 +0.000000E+00 +0.000000E+00
 +0.130720E+01 -0.103700E+03 -0.133793E+03 -0.796220E+02 -0.704271E+02 +0.222275E+02 +0.000000E+00 +0.000000E+00 -0.120396E-02 -0.174704E-03 +0.000000E+00 +0.844645E-03 +0.000000E+00 +0.000000E+00
 +0.130720E+01 -0.103710E+03 -0.133757E+03 -0.794861E+02 -0.703702E+02 +0.221431E+02 +0.000000E+00 +0.000000E+00 -0.120435E-02 -0.173200E-03 +0.000000E+00 +0.841436E-03 +0.000000E+00 +0.000000E+00
 +0.130720E+01 -0.103720E+03 -0.133721E+03 -0.793501E+02 -0.703134E+02 +0.220586E+02 +0.000000E+00 +0.000000E+00 -0.120474E-02 -0.171696E-03 +0.000000E+00 +0.838227E-03 +0.000000E+00 +0.000000E+00
 +0.130720E+01 -0.103730E+03 -0.133685E+03 -0.792141E+02 -0.702566E+02 +0.219742E+02 +0.000000E+00 +0.000000E+00 -0.120513E-02 -0.170192E-03 +0.000000E+00 +0.835019E-03 +0.000000E+00 +0.000000E+00
 +0.130720E+01 -0.103740E+03 -0.133648E+03 -0.790781E+02 -0.701997E+02 +0.218897E+02 +0.000000E+00 +0.000000E+00 -0.120552E-02 -0.168688E-03 +0.000000E+00 +0.831810E-03 +0.000000E+00 +0.000000E+00
 +0.130720E+01 -0.103750E+03 -0.133612E+03 -0.789421E+02 -0.701429E+02 +0.218053E+02 +0.000000E+00 +0.000000E+00 -0.120592E-02 -0.167184E-03 +0.000000E+00 +0.828601E-03 +0.000000E+00 +0.000000E+00
 +0.130720E+01 -0.103760E+03 -0.133576E+03 -0.788061E+02 -0.700861E+02 +0.217208E+02 +0.000000E+00 +0.000000E+00 -0.120631E-02 -0.165680E-03 +0.000000E+00 +0.825392E-03 +0.000000E+00 +0.000000E+00
 +0.130720E+01 -0.103770E+03 -0.133540E+03 -0.786701E+02 -0.700292E+02 +0.216364E+02 +0.000000E+00 +0.000000E+00 -0.120670E-02 -0.164176E-03 +0.000000E+00 +0.822183E-03 +0.000000E+00 +0.000000E+00
 +0.130720E+01 -0.103780E+03 -0.133503E+03 -0.785341E+02 -0.699724E+02 +0.215519E+02 +0.000000E+00 +0.000000E+00 -0.120709E-02 -0.162672E-03 +0.000000E+00 +0.818974E-03 +0.000000E+00 +0.000000E+00
 +0.130720E+01 -0.103790E+03 -0.133467E+03 -0.783981E+02 -0.699156E+02 +0.214675E+02 +0.000000E+00 +0.000000E+00 -0.120748E-02 -0.161168E-03 +0.000000E+00 +0.815765E-03 +0.000000E+00 +0.000000E+00
 +0.130720E+01 -0.103800E+03 -0.133431E+03 -0.782621E+02 -0.698587E+02 +0.213831E+02 +0.000000E+00 +0.000000E+00 -0.120787E-02 -0.159664E-03 +0.000000E+00 +0.812556E-03 +0.000000E+00 +0.000000E+00
 +0.130720E+01 -0.103810E+03 -0.133395E+03 -0.781261E+02 -0.698019E+02 +0.212986E+02 +0.000000E+00 +0.000000E+00 -0.120826E-02 -0.158160E-03 +0.000000E+00 +0.809347E-03 +0.000000E+00 +0.000000E+00
 +0.130720E+01 -0.103820E+03 -0.133358E+03 -0.779901E+02 -0.697450E+02 +0.212142E+02 +0.000000E+00 +0.000000E+00 -0.120866E-02 -0.156656E-03 +0.000000E+00 +0.806138E-03 +0.000000E+00 +0.000000E+00
 +0.130720E+01 -0.103830E+03 -0.133322E+03 -0.778541E+02 -0.696882E+02 +0.211297E+02 +0.000000E+00 +0.000000E+00 -0.120905E-02 -0.155152E-03 +0.000000E+00 +0.802930E-03 +0.000000E+00 +0.000000E+00
 +0.130720E+01 -0.103840E+03 -0.133286E+03 -0.777181E+02 -0.696314E+02 +0.210453E+02 +0.000000E+00 +0.000000E+00 -0.120944E-02 -0.153648E-03 +0.000000E+00 +0.799721E-03 +0.000000E+00 +0.000000E+00
 +0.130720E+01 -0.103850E+03 -0.133250E+03 -0.775821E+02 -0.695745E+02 +0.209608E+02 +0.000000E+00 +0.000000E+00 -0.120983E-02 -0.152145E-03 +0.000000E+00 +0.796512E-03 +0.000000E+00 +0.000000E+00
 +0.130720E+01 -0.103860E+03 -0.133214E+03 -0.774461E+02 -0.695177E+02 +0.208764E+02 +0.000000E+00 +0.000000E+00 -0.121022E-02 -0.150641E-03 +0.000000E+00 +0.793303E-03 +0.000000E+00 +0.000000E+00
 +0.130720E+01 -0.103870E+03 -0.133177E+03 -0.773102E+02 -0.694609E+02 +0.207919E+02 +0.000000E+00 +0.000000E+00 -0.121061E-02 -0.149137E-03 +0.000000E+00 +0.790094E-03 +0.000000E+00 +0.000000E+00
 +0.130720E+01 -0.103880E+03 -0.133141E+03 -0.771742E+02 -0.694040E+02 +0.207075E+02 +0.000000E+00 +0.000000E+00 -0.121100E-02 -0.147633E-03 +0.000000E+00 +0.786885E-03 +0.000000E+00 +0.000000E+00
 +0.130720E+01 -0.103890E+03 -0.133105E+03 -0.770382E+02 -0.693472E+02 +0.206231E+02 +0.000000E+00 +0.000000E+00 -0.121140E-02 -0.146129E-03 +0.000000E+00 +0.783676E-03 +0.000000E+00 +0.000000E+00
 +0.130720E+01 -0.103900E+03 -0.133069E+03 -0.769022E+02 -0.692904E+02 +0.205386E+02 +0.000000E+00 +0.000000E+00 -0.121179E-02 -0.144625E-03 +0.000000E+00 +0.780467E-03 +0.000000E+00 +0.000000E+00
 +0.130720E+01 -0.103910E+03 -0.133032E+03 -0.767662E+02 -0.692335E+02 +0.204542E+02 +0.000000E+00 +0.000000E+00 -0.121218E-02 -0.143121E-03 +0.000000E+00 +0.777258E-03 +0.000000E+00 +0.000000E+00
 +0.130720E+01 -0.103920E+03 -0.132996E+03 -0.766302E+02 -0.691767E+02 +0.203697E+02 +0.000000E+00 +0.000000E+00 -0.121257E-02 -0.141617E-03 +0.000000E+00 +0.774049E-03 +0.000000E+00 +0.000000E+00
 +0.130720E+01 -0.103930E+03 -0.132947E+03 -0.764862E+02 -0.691128E+02 +0.202598E+02 +0.000000E+00 +0.000000E+00 -0.121284E-02 -0.140094E-03 +0.000000E+00 +0.769871E-03 +0.000000E+00 +0.000000E+00
 +0.130720E+01 -0.103940E+03 -0.132895E+03 -0.763407E+02 -0.690476E+02 +0.201450E+02 +0.000000E+00 +0.000000E+00 -0.121309E-02 -0.138568E-03 +0.000000E+00 +0.765510E-03 +0.000000E+00 +0.000000E+00
 +0.130720E+01 -0.103950E+03 -0.132842E+03 -0.761952E+02 -0.689824E+02 +0.200302E+02 +0.000000E+00 +0.000000E+00 -0.121334E-02 -0.137042E-03 +0.000000E+00 +0.761148E-03 +0.000000E+00 +0.000000E+00
 +0.130720E+01 -0.103960E+03 -0.132790E+03 -0.760497E+02 -0.689172E+02 +0.199154E+02 +0.000000E+00 +0.000000E+00 -0.121359E-02 -0.135516E-03 +0.000000E+00 +0.756787E-03 +0.000000E+00 +0.000000E+00
 +0.130720E+01 -0.103970E+03 -0.132738E+03 -0.759042E+02 -0.688520E+02 +0.198007E+02 +0.000000E+00 +0.000000E+00 -0.121384E-02 -0.133991E-03 +0.000000E+00 +0.752425E-03 +0.000000E+00 +0.000000E+00
 +0.130720E+01 -0.103980E+03 -0.132686E+03 -0.757587E+02 -0.687868E+02 +0.196859E+02 +0.000000E+00 +0.000000E+00 -0.121409E-02 -0.132465E-03 +0.000000E+00 +0.748063E-03 +0.000000E+00 +0.000000E+00
 +0.130720E+01 -0.103990E+03 -0.132634E+03 -0.756132E+02 -0.687217E+02 +0.195711E+02 +0.000000E+00 +0.000000E+00 -0.121434E-02 -0.130939E-03 +0.000000E+00 +0.743702E-03 +0.000000E+00 +0.000000E+00
 +0.130720E+01 -0.104000E+03 -0.132582E+03 -0.754677E+02 -0.686565E+02 +0.194563E+02 +0.000000E+00 +0.000000E+00 -0.121459E-02 -0.129413E-03 +0.000000E+00 +0.739340E-03 +0.000000E+00 +0.000000E+00
 +0.130720E+01 -0.104010E+03 -0.132530E+03 -0.753222E+02 -0.685913E+02 +0.193415E+02 +0.000000E+00 +0.000000E+00 -0.121484E-02 -0.127887E-03 +0.000000E+00 +0.734979E-03 +0.000000E+00 +0.000000E+00
 +0.130720E+01 -0.104020E+03 -0.132478E+03 -0.751766E+02 -0.685261E+02 +0.192268E+02 +0.000000E+00 +0.000000E+00 -0.121509E-02 -0.126361E-03 +0.000000E+00 +0.730617E-03 +0.000000E+00 +0.000000E+00
 +0.130720E+01 -0.104030E+03 -0.132426E+03 -0.750311E+02 -0.684609E+02 +0.191120E+02 +0.000000E+00 +0.000000E+00 -0.121534E-02 -0.124835E-03 +0.000000E+00 +0.726255E-03 +0.000000E+00 +0.000000E+00
 +0.130720E+01 -0.104040E+03 -0.132374E+03 -0.748856E+02 -0.683957E+02 +0.189972E+02 +0.000000E+00 +0.000000E+00 -0.121559E-02 -0.123309E-03 +0.000000E+00 +0.721894E-03 +0.000000E+00 +0.000000E+00
 +0.130720E+01 -0.104050E+03 -0.132322E+03 -0.747401E+02 -0.683305E+02 +0.188824E+02 +0.000000E+00 +0.000000E+00 -0.121584E-02 -0.121783E-03 +0.000000E+00 +0.717532E-03 +0.000000E+00 +0.000000E+00
 +0.130720E+01 -0.104060E+03 -0.132270E+03 -0.745946E+02 -0.682653E+02 +0.187676E+02 +0.000000E+00 +0.000000E+00 -0.121609E-02 -0.120257E-03 +0.000000E+00 +0.713171E-03 +0.000000E+00 +0.000000E+00
 +0.130720E+01 -0.104070E+03 -0.132218E+03 -0.744491E+02 -0.682001E+02 +0.186529E+02 +0.000000E+00 +0.000000E+00 -0.121634E-02 -0.118731E-03 +0.000000E+00 +0.708809E-03 +0.000000E+00 +0.000000E+00
 +0.130720E+01 -0.104080E+03 -0.132166E+03 -0.743036E+02 -0.681349E+02 +0.185381E+02 +0.000000E+00 +0.000000E+00 -0.121659E-02 -0.117205E-03 +0.000000E+00 +0.704447E-03 +0.000000E+00 +0.000000E+00
 +0.130720E+01 -0.104090E+03 -0.132114E+03 -0.741581E+02 -0.680697E+02 +0.184233E+02 +0.000000E+00 +0.000000E+00 -0.121684E-02 -0.115680E-03 +0.000000E+00 +0.700086E-03 +0.000000E+00 +0.000000E+00
 +0.130720E+01 -0.104100E+03 -0.132062E+03 -0.740126E+02 -0.680045E+02 +0.183085E+02 +0.000000E+00 +0.000000E+00 -0.121709E-02 -0.114154E-03 +0.000000E+00 +0.695724E-03 +0.000000E+00 +0.000000E+00
 +0.130720E+01 -0.104110E+03 -0.132010E+03 -0.738671E+02 -0.679393E+02 +0.181938E+02 +0.000000E+00 +0.000000E+00 -0.121734E-02 -0.112628E-03 +0.000000E+00 +0.691363E-03 +0.000000E+00 +0.000000E+00
 +0.130720E+01 -0.104120E+03 -0.131958E+03 -0.737216E+02 -0.678741E+02 +0.180790E+02 +0.000000E+00 +0.000000E+00 -0.121759E-02 -0.111102E-03 +0.000000E+00 +0.687001E-03 +0.000000E+00 +0.000000E+00
 +0.130720E+01 -0.104130E+03 -0.131906E+03 -0.735761E+02 -0.678089E+02 +0.179642E+02 +0.000000E+00 +0.000000E+00 -0.121784E-02 -0.109576E-03 +0.000000E+00 +0.682639E-03 +0.000000E+00 +0.000000E+00
 +0.130720E+01 -0.104140E+03 -0.131853E+03 -0.734306E+02 -0.677437E+02 +0.178494E+02 +0.000000E+00 +0.000000E+00 -0.121809E-02 -0.108050E-03 +0.000000E+00 +0.678278E-03 +0.000000E+00 +0.000000E+00
 +0.130720E+01 -0.104150E+03 -0.131801E+03 -0.732851E+02 -0.676786E+02 +0.177346E+02 +0.000000E+00 +0.000000E+00 -0.121833E-02 -0.106524E-03 +0.000000E+00 +0.673916E-03 +0.000000E+00 +0.000000E+00
 +0.130720E+01 -0.104160E+03 -0.131749E+03 -0.731396E+02 -0.676134E+02 +0.176199E+02 +0.000000E+00 +0.000000E+00 -0.121858E-02 -0.104998E-03 +0.000000E+00 +0.669555E-03 +0.000000E+00 +0.000000E+00
 +0.130720E+01 -0.104170E+03 -0.131697E+03 -0.729941E+02 -0.675482E+02 +0.175051E+02 +0.000000E+00 +0.000000E+00 -0.121883E-02 -0.103472E-03 +0.000000E+00 +0.665193E-03 +0.000000E+00 +0.000000E+00
 +0.130720E+01 -0.104180E+03 -0.131645E+03 -0.728486E+02 -0.674830E+02 +0.173903E+02 +0.000000E+00 +0.000000E+00 -0.121908E-02 -0.101946E-03 +0.000000E+00 +0.660831E-03 +0.000000E+00 +0.000000E+00
 +0.130720E+01 -0.104190E+03 -0.131617E+03 -0.727853E+02 -0.674527E+02 +0.173088E+02 +0.000000E+00 +0.000000E+00 -0.121912E-02 -0.101319E-03 +0.000000E+00 +0.657734E-03 +0.000000E+00 +0.000000E+00
 +0.130720E+01 -0.104200E+03 -0.131588E+03 -0.727226E+02 -0.674226E+02 +0.172276E+02 +0.000000E+00 +0.000000E+00 -0.121915E-02 -0.100699E-03 +0.000000E+00 +0.654647E-03 +0.000000E+00 +0.000000E+00
 +0.130720E+01 -0.104210E+03 -0.131560E+03 -0.726600E+02 -0.673926E+02 +0.171463E+02 +0.000000E+00 +0.000000E+00 -0.121918E-02 -0.100080E-03 +0.000000E+00 +0.651560E-03 +0.000000E+00 +0.000000E+00
 +0.130720E+01 -0.104220E+03 -0.131532E+03 -0.725973E+02 -0.673626E+02 +0.170651E+02 +0.000000E+00 +0.000000E+00 -0.121921E-02 -0.994597E-04 +0.000000E+00 +0.648473E-03 +0.000000E+00 +0.000000E+00
 +0.130720E+01 -0.104230E+03 -0.131503E+03 -0.725347E+02 -0.673326E+02 +0.169838E+02 +0.000000E+00 +0.000000E+00 -0.121925E-02 -0.988398E-04 +0.000000E+00 +0.645385E-03 +0.000000E+00 +0.000000E+00
 +0.130720E+01 -0.104240E+03 -0.131475E+03 -0.724720E+02 -0.673025E+02 +0.169026E+02 +0.000000E+00 +0.000000E+00 -0.121928E-02 -0.982199E-04 +0.000000E+00 +0.642298E-03 +0.000000E+00 +0.000000E+00
 +0.130720E+01 -0.104250E+03 -0.131447E+03 -0.724093E+02 -0.672725E+02 +0.168213E+02 +0.000000E+00 +0.000000E+00 -0.121931E-02 -0.976000E-04 +0.000000E+00 +0.639211E-03 +0.000000E+00 +0.000000E+00
 +0.130720E+01 -0.104260E+03 -0.131418E+03 -0.723467E+02 -0.672425E+02 +0.167401E+02 +0.000000E+00 +0.000000E+00 -0.121934E-02 -0.969801E-04 +0.000000E+00 +0.636124E-03 +0.000000E+00 +0.000000E+00
 +0.130720E+01 -0.104270E+03 -0.131390E+03 -0.722840E+02 -0.672124E+02 +0.166589E+02 +0.000000E+00 +0.000000E+00 -0.121937E-02 -0.963602E-04 +0.000000E+00 +0.633037E-03 +0.000000E+00 +0.000000E+00
 +0.130720E+01 -0.104280E+03 -0.131362E+03 -0.722214E+02 -0.671824E+02 +0.165776E+02 +0.000000E+00 +0.000000E+00 -0.121941E-02 -0.957403E-04 +0.000000E+00 +0.629949E-03 +0.000000E+00 +0.000000E+00
 +0.130720E+01 -0.104290E+03 -0.131333E+03 -0.721587E+02 -0.671524E+02 +0.164964E+02 +0.000000E+00 +0.000000E+00 -0.121944E-02 -0.951204E-04 +0.000000E+00 +0.626862E-03 +0.000000E+00 +0.000000E+00
 +0.130720E+01 -0.104300E+03 -0.131305E+03 -0.720961E+02 -0.671224E+02 +0.164151E+02 +0.000000E+00 +0.000000E+00 -0.121947E-02 -0.945005E-04 +0.000000E+00 +0.623775E-03 +0.000000E+00 +0.000000E+00
 +0.130720E+01 -0.104310E+03 -0.131277E+03 -0.720334E+02 -0.670923E+02 +0.163339E+02 +0.000000E+00 +0.000000E+00 -0.121950E-02 -0.938806E-04 +0.000000E+00 +0.620688E-03 +0.000000E+00 +0.000000E+00
 +0.130720E+01 -0.104320E+03 -0.131248E+03 -0.719708E+02 -0.670623E+02 +0.162526E+02 +0.000000E+00 +0.000000E+00 -0.121953E-02 -0.932607E-04 +0.000000E+00 +0.617600E-03 +0.000000E+00 +0.000000E+00
 +0.130720E+01 -0.104330E+03 -0.131220E+03 -0.719081E+02 -0.670323E+02 +0.161714E+02 +0.000000E+00 +0.000000E+00 -0.121957E-02 -0.926408E-04 +0.000000E+00 +0.614513E-03 +0.000000E+00 +0.000000E+00
 +0.130720E+01 -0.104340E+03 -0.131192E+03 -0.718455E+02 -0.670022E+02 +0.160902E+02 +0.000000E+00 +0.000000E+00 -0.121960E-02 -0.920209E-04 +0.000000E+00 +0.611426E-03 +0.000000E+00 +0.000000E+00
 +0.130720E+01 -0.104350E+03 -0.131163E+03 -0.717828E+02 -0.669722E+02 +0.160089E+02 +0.000000E+00 +0.000000E+00 -0.121963E-02 -0.914010E-04 +0.000000E+00 +0.608339E-03 +0.000000E+00 +0.000000E+00
 +0.130720E+01 -0.104360E+03 -0.131135E+03 -0.717201E+02 -0.669422E+02 +0.159277E+02 +0.000000E+00 +0.000000E+00 -0.121966E-02 -0.907811E-04 +0.000000E+00 +0.605252E-03 +0.000000E+00 +0.000000E+00
 +0.130720E+01 -0.104370E+03 -0.131107E+03 -0.716575E+02 -0.669122E+02 +0.158464E+02 +0.000000E+00 +0.000000E+00 -0.121969E-02 -0.901612E-04 +0.000000E+00 +0.602164E-03 +0.000000E+00 +0.000000E+00
 +0.130720E+01 -0.104380E+03 -0.131078E+03 -0.715948E+02 -0.668821E+02 +0.157652E+02 +0.000000E+00 +0.000000E+00 -0.121973E-02 -0.895413E-04 +0.000000E+00 +0.599077E-03 +0.000000E+00 +0.000000E+00
 +0.130720E+01 -0.104390E+03 -0.131050E+03 -0.715322E+02 -0.668521E+02 +0.156839E+02 +0.000000E+00 +0.000000E+00 -0.121976E-02 -0.889214E-04 +0.000000E+00 +0.595990E-03 +0.000000E+00 +0.000000E+00
 +0.130720E+01 -0.104400E+03 -0.131043E+03 -0.714408E+02 -0.668197E+02 +0.156112E+02 +0.000000E+00 +0.000000E+00 -0.122024E-02 -0.878010E-04 +0.000000E+00 +0.593225E-03 +0.000000E+00 +0.000000E+00
 +0.130720E+01 -0.104410E+03 -0.131042E+03 -0.713412E+02 -0.667865E+02 +0.155408E+02 +0.000000E+00 +0.000000E+00 -0.122086E-02 -0.865377E-04 +0.000000E+00 +0.590551E-03 +0.000000E+00 +0.000000E+00
 +0.130720E+01 -0.104420E+03 -0.131042E+03 -0.712416E+02 -0.667534E+02 +0.154705E+02 +0.000000E+00 +0.000000E+00 -0.122147E-02 -0.852744E-04 +0.000000E+00 +0.587877E-03 +0.000000E+00 +0.000000E+00
 +0.130720E+01 -0.104430E+03 -0.131041E+03 -0.711419E+02 -0.667203E+02 +0.154001E+02 +0.000000E+00 +0.000000E+00 -0.122209E-02 -0.840110E-04 +0.000000E+00 +0.585204E-03 +0.000000E+00 +0.000000E+00
 +0.130720E+01 -0.104440E+03 -0.131040E+03 -0.710423E+02 -0.666872E+02 +0.153297E+02 +0.000000E+00 +0.000000E+00 -0.122270E-02 -0.827477E-04 +0.000000E+00 +0.582530E-03 +0.000000E+00 +0.000000E+00
 +0.130720E+01 -0.104450E+03 -0.131039E+03 -0.709427E+02 -0.666541E+02 +0.152594E+02 +0.000000E+00 +0.000000E+00 -0.122332E-02 -0.814844E-04 +0.000000E+00 +0.579857E-03 +0.000000E+00 +0.000000E+00
 +0.130720E+01 -0.104460E+03 -0.131039E+03 -0.708431E+02 -0.666209E+02 +0.151890E+02 +0.000000E+00 +0.000000E+00 -0.122393E-02 -0.802211E-04 +0.000000E+00 +0.577183E-03 +0.000000E+00 +0.000000E+00
 +0.130720E+01 -0.104470E+03 -0.131038E+03 -0.707435E+02 -0.665878E+02 +0.151187E+02 +0.000000E+00 +0.000000E+00 -0.122455E-02 -0.789578E-04 +0.000000E+00 +0.574509E-03 +0.000000E+00 +0.000000E+00
 +0.130720E+01 -0.104480E+03 -0.131037E+03 -0.706439E+02 -0.665547E+02 +0.150483E+02 +0.000000E+00 +0.000000E+00 -0.122516E-02 -0.776945E-04 +0.000000E+00 +0.571836E-03 +0.000000E+00 +0.000000E+00
 +0.130720E+01 -0.104490E+03 -0.131036E+03 -0.705443E+02 -0.665216E+02 +0.149780E+02 +0.000000E+00 +0.000000E+00 -0.122578E-02 -0.764311E-04 +0.000000E+00 +0.569162E-03 +0.000000E+00 +0.000000E+00
 +0.130720E+01 -0.104500E+03 -0.131036E+03 -0.704447E+02 -0.664885E+02 +0.149076E+02 +0.000000E+00 +0.000000E+00 -0.122639E-02 -0.751678E-04 +0.000000E+00 +0.566489E-03 +0.000000E+00 +0.000000E+00
 +0.130720E+01 -0.104510E+03 -0.131035E+03 -0.703451E+02 -0.664553E+02 +0.148372E+02 +0.000000E+00 +0.000000E+00 -0.122701E-02 -0.739045E-04 +0.000000E+00 +0.563815E-03 +0.000000E+00 +0.000000E+00
 +0.130720E+01 -0.104520E+03 -0.131034E+03 -0.702454E+02 -0.664222E+02 +0.147669E+02 +0.000000E+00 +0.000000E+00 -0.122762E-02 -0.726412E-04 +0.000000E+00 +0.561141E-03 +0.000000E+00 +0.000000E+00
 +0.130720E+01 -0.104530E+03 -0.131033E+03 -0.701458E+02 -0.663891E+02 +0.146965E+02 +0.000000E+00 +0.000000E+00 -0.122824E-02 -0.713779E-04 +0.000000E+00 +0.558468E-03 +0.000000E+00 +0.000000E+00
 +0.130720E+01 -0.104540E+03 -0.131033E+03 -0.700462E+02 -0.663560E+02 +0.146262E+02 +0.000000E+00 +0.000000E+00 -0.122885E-02 -0.701146E-04 +0.000000E+00 +0.555794E-03 +0.000000E+00 +0.000000E+00
 +0.130720E+01 -0.104550E+03 -0.131032E+03 -0.699466E+02 -0.663229E+02 +0.145558E+02 +0.000000E+00 +0.000000E+00 -0.122947E-02 -0.688512E-04 +0.000000E+00 +0.553121E-03 +0.000000E+00 +0.000000E+00
 +0.130720E+01 -0.104560E+03 -0.131031E+03 -0.698470E+02 -0.662897E+02 +0.144854E+02 +0.000000E+00 +0.000000E+00 -0.123008E-02 -0.675879E-04 +0.000000E+00 +0.550447E-03 +0.000000E+00 +0.000000E+00
 +0.130720E+01 -0.104570E+03 -0.131030E+03 -0.697474E+02 -0.662566E+02 +0.144151E+02 +0.000000E+00 +0.000000E+00 -0.123070E-02 -0.663246E-04 +0.000000E+00 +0.547773E-03 +0.000000E+00 +0.000000E+00
 +0.130720E+01 -0.104580E+03 -0.131020E+03 -0.696521E+02 -0.662218E+02 +0.143514E+02 +0.000000E+00 +0.000000E+00 -0.123117E-02 -0.651765E-04 +0.000000E+00 +0.545355E-03 +0.000000E+00 +0.000000E+00
 +0.130720E+01 -0.104590E+03 -0.130994E+03 -0.695638E+02 -0.661842E+02 +0.142985E+02 +0.000000E+00 +0.000000E+00 -0.123139E-02 -0.642120E-04 +0.000000E+00 +0.543343E-03 +0.000000E+00 +0.000000E+00
 +0.130720E+01 -0.104600E+03 -0.130969E+03 -0.694755E+02 -0.661467E+02 +0.142455E+02 +0.000000E+00 +0.000000E+00 -0.123162E-02 -0.632474E-04 +0.000000E+00 +0.541331E-03 +0.000000E+00 +0.000000E+00
 +0.130720E+01 -0.104610E+03 -0.130944E+03 -0.693872E+02 -0.661091E+02 +0.141926E+02 +0.000000E+00 +0.000000E+00 -0.123185E-02 -0.622829E-04 +0.000000E+00 +0.539319E-03 +0.000000E+00 +0.000000E+00
 +0.130720E+01 -0.104620E+03 -0.130918E+03 -0.692988E+02 -0.660716E+02 +0.141396E+02 +0.000000E+00 +0.000000E+00 -0.123208E-02 -0.613183E-04 +0.000000E+00 +0.537307E-03 +0.000000E+00 +0.000000E+00
 +0.130720E+01 -0.104630E+03 -0.130893E+03 -0.692105E+02 -0.660340E+02 +0.140867E+02 +0.000000E+00 +0.000000E+00 -0.123231E-02 -0.603538E-04 +0.000000E+00 +0.535295E-03 +0.000000E+00 +0.000000E+00
 +0.130720E+01 -0.104640E+03 -0.130867E+03 -0.691222E+02 -0.659964E+02 +0.140338E+02 +0.000000E+00 +0.000000E+00 -0.123254E-02 -0.593893E-04 +0.000000E+00 +0.533283E-03 +0.000000E+00 +0.000000E+00
 +0.130720E+01 -0.104650E+03 -0.130842E+03 -0.690339E+02 -0.659589E+02 +0.139808E+02 +0.000000E+00 +0.000000E+00 -0.123277E-02 -0.584247E-04 +0.000000E+00 +0.531271E-03 +0.000000E+00 +0.000000E+00
 +0.130720E+01 -0.104660E+03 -0.130816E+03 -0.689456E+02 -0.659213E+02 +0.139279E+02 +0.000000E+00 +0.000000E+00 -0.123300E-02 -0.574602E-04 +0.000000E+00 +0.529258E-03 +0.000000E+00 +0.000000E+00
 +0.130720E+01 -0.104670E+03 -0.130791E+03 -0.688572E+02 -0.658838E+02 +0.138749E+02 +0.000000E+00 +0.000000E+00 -0.123323E-02 -0.564957E-04 +0.000000E+00 +0.527246E-03 +0.000000E+00 +0.000000E+00
 +0.130720E+01 -0.104680E+03 -0.130765E+03 -0.687689E+02 -0.658462E+02 +0.138220E+02 +0.000000E+00 +0.000000E+00 -0.123346E-02 -0.555311E-04 +0.000000E+00 +0.525234E-03 +0.000000E+00 +0.000000E+00
 +0.130720E+01 -0.104690E+03 -0.130740E+03 -0.686806E+02 -0.658087E+02 +0.137690E+02 +0.000000E+00 +0.000000E+00 -0.123369E-02 -0.545666E-04 +0.000000E+00 +0.523222E-03 +0.000000E+00 +0.000000E+00
 +0.130720E+01 -0.104700E+03 -0.130714E+03 -0.685923E+02 -0.657711E+02 +0.137161E+02 +0.000000E+00 +0.000000E+00 -0.123392E-02 -0.536020E-04 +0.000000E+00 +0.521210E-03 +0.000000E+00 +0.000000E+00
 +0.130720E+01 -0.104710E+03 -0.130689E+03 -0.685039E+02 -0.657335E+02 +0.136631E+02 +0.000000E+00 +0.000000E+00 -0.123415E-02 -0.526375E-04 +0.000000E+00 +0.519198E-03 +0.000000E+00 +0.000000E+00
 +0.130720E+01 -0.104720E+03 -0.130663E+03 -0.684156E+02 -0.656960E+02 +0.136102E+02 +0.000000E+00 +0.000000E+00 -0.123438E-02 -0.516730E-04 +0.000000E+00 +0.517186E-03 +0.000000E+00 +0.000000E+00
 +0.130720E+01 -0.104730E+03 -0.130638E+03 -0.683273E+02 -0.656584E+02 +0.135572E+02 +0.000000E+00 +0.000000E+00 -0.123460E-02 -0.507084E-04 +0.000000E+00 +0.515174E-03 +0.000000E+00 +0.000000E+00
 +0.130720E+01 -0.104740E+03 -0.130612E+03 -0.682390E+02 -0.656209E+02 +0.135043E+02 +0.000000E+00 +0.000000E+00 -0.123483E-02 -0.497439E-04 +0.000000E+00 +0.513162E-03 +0.000000E+00 +0.000000E+00
 +0.130720E+01 -0.104750E+03 -0.130587E+03 -0.681506E+02 -0.655833E+02 +0.134513E+02 +0.000000E+00 +0.000000E+00 -0.123506E-02 -0.487794E-04 +0.000000E+00 +0.511150E-03 +0.000000E+00 +0.000000E+00
 +0.130720E+01 -0.104760E+03 -0.130561E+03 -0.680623E+02 -0.655458E+02 +0.133984E+02 +0.000000E+00 +0.000000E+00 -0.123529E-02 -0.478148E-04 +0.000000E+00 +0.509138E-03 +0.000000E+00 +0.000000E+00
 +0.130720E+01 -0.104770E+03 -0.130536E+03 -0.679740E+02 -0.655082E+02 +0.133454E+02 +0.000000E+00 +0.000000E+00 -0.123552E-02 -0.468503E-04 +0.000000E+00 +0.507126E-03 +0.000000E+00 +0.000000E+00
 +0.130720E+01 -0.104780E+03 -0.130510E+03 -0.678857E+02 -0.654706E+02 +0.132925E+02 +0.000000E+00 +0.000000E+00 -0.123575E-02 -0.458857E-04 +0.000000E+00 +0.505114E-03 +0.000000E+00 +0.000000E+00
 +0.130720E+01 -0.104790E+03 -0.130485E+03 -0.677974E+02 -0.654331E+02 +0.132395E+02 +0.000000E+00 +0.000000E+00 -0.123598E-02 -0.449212E-04 +0.000000E+00 +0.503102E-03 +0.000000E+00 +0.000000E+00
 +0.130720E+01 -0.104800E+03 -0.130459E+03 -0.677090E+02 -0.653955E+02 +0.131866E+02 +0.000000E+00 +0.000000E+00 -0.123621E-02 -0.439567E-04 +0.000000E+00 +0.501090E-03 +0.000000E+00 +0.000000E+00
 +0.130720E+01 -0.104810E+03 -0.130434E+03 -0.676207E+02 -0.653580E+02 +0.131336E+02 +0.000000E+00 +0.000000E+00 -0.123644E-02 -0.429921E-04 +0.000000E+00 +0.499078E-03 +0.000000E+00 +0.000000E+00
 +0.130720E+01 -0.104820E+03 -0.130408E+03 -0.675324E+02 -0.653204E+02 +0.130807E+02 +0.000000E+00 +0.000000E+00 -0.123667E-02 -0.420276E-04 +0.000000E+00 +0.497066E-03 +0.000000E+00 +0.000000E+00
 +0.130720E+01 -0.104830E+03 -0.130383E+03 -0.674441E+02 -0.652828E+02 +0.130277E+02 +0.000000E+00 +0.000000E+00 -0.123690E-02 -0.410631E-04 +0.000000E+00 +0.495054E-03 +0.000000E+00 +0.000000E+00
 +0.130720E+01 -0.104840E+03 -0.130357E+03 -0.673557E+02 -0.652453E+02 +0.129748E+02 +0.000000E+00 +0.000000E+00 -0.123713E-02 -0.400985E-04 +0.000000E+00 +0.493042E-03 +0.000000E+00 +0.000000E+00
 +0.130720E+01 -0.104850E+03 -0.130332E+03 -0.672674E+02 -0.652077E+02 +0.129218E+02 +0.000000E+00 +0.000000E+00 -0.123736E-02 -0.391340E-04 +0.000000E+00 +0.491030E-03 +0.000000E+00 +0.000000E+00
 +0.130720E+01 -0.104860E+03 -0.130306E+03 -0.671791E+02 -0.651702E+02 +0.128689E+02 +0.000000E+00 +0.000000E+00 -0.123759E-02 -0.381694E-04 +0.000000E+00 +0.489018E-03 +0.000000E+00 +0.000000E+00
 +0.130720E+01 -0.104870E+03 -0.130281E+03 -0.670908E+02 -0.651326E+02 +0.128159E+02 +0.000000E+00 +0.000000E+00 -0.123782E-02 -0.372049E-04 +0.000000E+00 +0.487006E-03 +0.000000E+00 +0.000000E+00
 +0.130720E+01 -0.104880E+03 -0.130255E+03 -0.670024E+02 -0.650951E+02 +0.127630E+02 +0.000000E+00 +0.000000E+00 -0.123804E-02 -0.362404E-04 +0.000000E+00 +0.484993E-03 +0.000000E+00 +0.000000E+00
 +0.130720E+01 -0.104890E+03 -0.130230E+03 -0.669141E+02 -0.650575E+02 +0.127100E+02 +0.000000E+00 +0.000000E+00 -0.123827E-02 -0.352758E-04 +0.000000E+00 +0.482981E-03 +0.000000E+00 +0.000000E+00
 +0.130720E+01 -0.104900E+03 -0.130204E+03 -0.668258E+02 -0.650199E+02 +0.126571E+02 +0.000000E+00 +0.000000E+00 -0.123850E-02 -0.343113E-04 +0.000000E+00 +0.480969E-03 +0.000000E+00 +0.000000E+00
 +0.130720E+01 -0.104910E+03 -0.130179E+03 -0.667375E+02 -0.649824E+02 +0.126041E+02 +0.000000E+00 +0.000000E+00 -0.123873E-02 -0.333468E-04 +0.000000E+00 +0.478957E-03 +0.000000E+00 +0.000000E+00
 +0.130720E+01 -0.104920E+03 -0.130153E+03 -0.666491E+02 -0.649448E+02 +0.125512E+02 +0.000000E+00 +0.000000E+00 -0.123896E-02 -0.323822E-04 +0.000000E+00 +0.476945E-03 +0.000000E+00 +0.000000E+00
 +0.130720E+01 -0.104930E+03 -0.130128E+03 -0.665608E+02 -0.649073E+02 +0.124982E+02 +0.000000E+00 +0.000000E+00 -0.123919E-02 -0.314177E-04 +0.000000E+00 +0.474933E-03 +0.000000E+00 +0.000000E+00
 +0.130720E+01 -0.104940E+03 -0.130102E+03 -0.664725E+02 -0.648697E+02 +0.124453E+02 +0.000000E+00 +0.000000E+00 -0.123942E-02 -0.304531E-04 +0.000000E+00 +0.472921E-03 +0.000000E+00 +0.000000E+00
 +0.130720E+01 -0.104950E+03 -0.130077E+03 -0.663842E+02 -0.648321E+02 +0.123923E+02 +0.000000E+00 +0.000000E+00 -0.123965E-02 -0.294886E-04 +0.000000E+00 +0.470909E-03 +0.000000E+00 +0.000000E+00
 +0.130720E+01 -0.104960E+03 -0.130051E+03 -0.662959E+02 -0.647946E+02 +0.123394E+02 +0.000000E+00 +0.000000E+00 -0.123988E-02 -0.285241E-04 +0.000000E+00 +0.468897E-03 +0.000000E+00 +0.000000E+00
 +0.130720E+01 -0.104970E+03 -0.130026E+03 -0.662075E+02 -0.647570E+02 +0.122864E+02 +0.000000E+00 +0.000000E+00 -0.124011E-02 -0.275595E-04 +0.000000E+00 +0.466885E-03 +0.000000E+00 +0.000000E+00
 +0.130720E+01 -0.104980E+03 -0.130000E+03 -0.661192E+02 -0.647195E+02 +0.122335E+02 +0.000000E+00 +0.000000E+00 -0.124034E-02 -0.265950E-04 +0.000000E+00 +0.464873E-03 +0.000000E+00 +0.000000E+00
 +0.130720E+01 -0.104990E+03 -0.129975E+03 -0.660309E+02 -0.646819E+02 +0.121806E+02 +0.000000E+00 +0.000000E+00 -0.124057E-02 -0.256305E-04 +0.000000E+00 +0.462861E-03 +0.000000E+00 +0.000000E+00
