%X Y s_xx s_yy s_zz s_xy s_xz s_yz e_xx e_yy e_zz e_xy e_xz e_yz
 +0.148320E+01 -0.100000E+03 +0.429463E+03 -0.101465E+02 +0.138374E+03 -0.693802E+01 +0.000000E+00 +0.000000E+00 +0.553068E-02 -0.282190E-02 +0.000000E+00 -0.263645E-03 +0.000000E+00 +0.000000E+00
 +0.148320E+01 -0.100010E+03 +0.412687E+03 -0.432898E+01 +0.134758E+03 -0.107038E+02 +0.000000E+00 +0.000000E+00 +0.528065E-02 -0.264266E-02 +0.000000E+00 -0.406743E-03 +0.000000E+00 +0.000000E+00
 +0.148320E+01 -0.100020E+03 +0.395881E+03 +0.140628E+01 +0.131105E+03 -0.144530E+02 +0.000000E+00 +0.000000E+00 +0.503075E-02 -0.246427E-02 +0.000000E+00 -0.549214E-03 +0.000000E+00 +0.000000E+00
 +0.148320E+01 -0.100030E+03 +0.376924E+03 +0.116466E+01 +0.124769E+03 -0.170030E+02 +0.000000E+00 +0.000000E+00 +0.479094E-02 -0.234849E-02 +0.000000E+00 -0.646114E-03 +0.000000E+00 +0.000000E+00
 +0.148320E+01 -0.100040E+03 +0.358096E+03 +0.911149E+00 +0.118472E+03 -0.194954E+02 +0.000000E+00 +0.000000E+00 +0.455284E-02 -0.223366E-02 +0.000000E+00 -0.740826E-03 +0.000000E+00 +0.000000E+00
 +0.148320E+01 -0.100050E+03 +0.343906E+03 +0.231332E+00 +0.113565E+03 -0.199249E+02 +0.000000E+00 +0.000000E+00 +0.437647E-02 -0.215334E-02 +0.000000E+00 -0.757145E-03 +0.000000E+00 +0.000000E+00
 +0.148320E+01 -0.100060E+03 +0.329827E+03 -0.451226E+00 +0.108694E+03 -0.203292E+02 +0.000000E+00 +0.000000E+00 +0.420152E-02 -0.207376E-02 +0.000000E+00 -0.772509E-03 +0.000000E+00 +0.000000E+00
 +0.148320E+01 -0.100070E+03 +0.318355E+03 -0.119833E+01 +0.104662E+03 -0.201414E+02 +0.000000E+00 +0.000000E+00 +0.406018E-02 -0.201134E-02 +0.000000E+00 -0.765372E-03 +0.000000E+00 +0.000000E+00
 +0.148320E+01 -0.100080E+03 +0.306982E+03 -0.194646E+01 +0.100662E+03 -0.199351E+02 +0.000000E+00 +0.000000E+00 +0.392009E-02 -0.194956E-02 +0.000000E+00 -0.757534E-03 +0.000000E+00 +0.000000E+00
 +0.148320E+01 -0.100090E+03 +0.297325E+03 -0.271238E+01 +0.972221E+02 -0.194070E+02 +0.000000E+00 +0.000000E+00 +0.380195E-02 -0.189876E-02 +0.000000E+00 -0.737467E-03 +0.000000E+00 +0.000000E+00
 +0.148320E+01 -0.100100E+03 +0.287758E+03 -0.347861E+01 +0.938122E+02 -0.188653E+02 +0.000000E+00 +0.000000E+00 +0.368497E-02 -0.184853E-02 +0.000000E+00 -0.716882E-03 +0.000000E+00 +0.000000E+00
 +0.148320E+01 -0.100110E+03 +0.279436E+03 -0.424900E+01 +0.908117E+02 -0.181361E+02 +0.000000E+00 +0.000000E+00 +0.358386E-02 -0.180615E-02 +0.000000E+00 -0.689171E-03 +0.000000E+00 +0.000000E+00
 +0.148320E+01 -0.100120E+03 +0.271198E+03 -0.501956E+01 +0.878390E+02 -0.173964E+02 +0.000000E+00 +0.000000E+00 +0.348383E-02 -0.176431E-02 +0.000000E+00 -0.661062E-03 +0.000000E+00 +0.000000E+00
 +0.148320E+01 -0.100130E+03 +0.263911E+03 -0.579202E+01 +0.851791E+02 -0.165385E+02 +0.000000E+00 +0.000000E+00 +0.339590E-02 -0.172845E-02 +0.000000E+00 -0.628462E-03 +0.000000E+00 +0.000000E+00
 +0.148320E+01 -0.100140E+03 +0.256702E+03 -0.656467E+01 +0.825453E+02 -0.156725E+02 +0.000000E+00 +0.000000E+00 +0.330898E-02 -0.169309E-02 +0.000000E+00 -0.595556E-03 +0.000000E+00 +0.000000E+00
 +0.148320E+01 -0.100150E+03 +0.250248E+03 -0.733928E+01 +0.801600E+02 -0.147302E+02 +0.000000E+00 +0.000000E+00 +0.323168E-02 -0.166249E-02 +0.000000E+00 -0.559748E-03 +0.000000E+00 +0.000000E+00
 +0.148320E+01 -0.100160E+03 +0.243870E+03 -0.811419E+01 +0.777994E+02 -0.137820E+02 +0.000000E+00 +0.000000E+00 +0.315534E-02 -0.163236E-02 +0.000000E+00 -0.523716E-03 +0.000000E+00 +0.000000E+00
 +0.148320E+01 -0.100170E+03 +0.238107E+03 -0.889164E+01 +0.756412E+02 -0.127852E+02 +0.000000E+00 +0.000000E+00 +0.308686E-02 -0.160612E-02 +0.000000E+00 -0.485838E-03 +0.000000E+00 +0.000000E+00
 +0.148320E+01 -0.100180E+03 +0.232416E+03 -0.966949E+01 +0.735065E+02 -0.117844E+02 +0.000000E+00 +0.000000E+00 +0.301929E-02 -0.158034E-02 +0.000000E+00 -0.447806E-03 +0.000000E+00 +0.000000E+00
 +0.148320E+01 -0.100190E+03 +0.227239E+03 -0.104502E+02 +0.715403E+02 -0.107541E+02 +0.000000E+00 +0.000000E+00 +0.295828E-02 -0.155782E-02 +0.000000E+00 -0.408657E-03 +0.000000E+00 +0.000000E+00
 +0.148320E+01 -0.100200E+03 +0.222130E+03 -0.112314E+02 +0.695965E+02 -0.972148E+01 +0.000000E+00 +0.000000E+00 +0.289813E-02 -0.153573E-02 +0.000000E+00 -0.369416E-03 +0.000000E+00 +0.000000E+00
 +0.148320E+01 -0.100210E+03 +0.217456E+03 -0.120154E+02 +0.677953E+02 -0.867339E+01 +0.000000E+00 +0.000000E+00 +0.284355E-02 -0.151640E-02 +0.000000E+00 -0.329589E-03 +0.000000E+00 +0.000000E+00
 +0.148320E+01 -0.100220E+03 +0.212847E+03 -0.127999E+02 +0.660155E+02 -0.762440E+01 +0.000000E+00 +0.000000E+00 +0.278980E-02 -0.149749E-02 +0.000000E+00 -0.289727E-03 +0.000000E+00 +0.000000E+00
 +0.148320E+01 -0.100230E+03 +0.208611E+03 -0.135870E+02 +0.643580E+02 -0.657023E+01 +0.000000E+00 +0.000000E+00 +0.274081E-02 -0.148095E-02 +0.000000E+00 -0.249669E-03 +0.000000E+00 +0.000000E+00
 +0.148320E+01 -0.100240E+03 +0.204438E+03 -0.143744E+02 +0.627211E+02 -0.551655E+01 +0.000000E+00 +0.000000E+00 +0.269263E-02 -0.146481E-02 +0.000000E+00 -0.209629E-03 +0.000000E+00 +0.000000E+00
 +0.148320E+01 -0.100250E+03 +0.200588E+03 -0.151638E+02 +0.611900E+02 -0.446541E+01 +0.000000E+00 +0.000000E+00 +0.264857E-02 -0.145072E-02 +0.000000E+00 -0.169685E-03 +0.000000E+00 +0.000000E+00
 +0.148320E+01 -0.100260E+03 +0.196799E+03 -0.159535E+02 +0.596788E+02 -0.341604E+01 +0.000000E+00 +0.000000E+00 +0.260527E-02 -0.143702E-02 +0.000000E+00 -0.129810E-03 +0.000000E+00 +0.000000E+00
 +0.148320E+01 -0.100270E+03 +0.193291E+03 -0.167445E+02 +0.582602E+02 -0.237500E+01 +0.000000E+00 +0.000000E+00 +0.256558E-02 -0.142509E-02 +0.000000E+00 -0.902500E-04 +0.000000E+00 +0.000000E+00
 +0.148320E+01 -0.100280E+03 +0.189841E+03 -0.175355E+02 +0.568607E+02 -0.133693E+01 +0.000000E+00 +0.000000E+00 +0.252662E-02 -0.141353E-02 +0.000000E+00 -0.508035E-04 +0.000000E+00 +0.000000E+00
 +0.148320E+01 -0.100290E+03 +0.186638E+03 -0.183269E+02 +0.555428E+02 -0.311550E+00 +0.000000E+00 +0.000000E+00 +0.249082E-02 -0.140352E-02 +0.000000E+00 -0.118389E-04 +0.000000E+00 +0.000000E+00
 +0.148320E+01 -0.100300E+03 +0.183492E+03 -0.191182E+02 +0.542433E+02 +0.709761E+00 +0.000000E+00 +0.000000E+00 +0.245572E-02 -0.139387E-02 +0.000000E+00 +0.269709E-04 +0.000000E+00 +0.000000E+00
 +0.148320E+01 -0.100310E+03 +0.180564E+03 -0.199090E+02 +0.530161E+02 +0.171514E+01 +0.000000E+00 +0.000000E+00 +0.242341E-02 -0.138558E-02 +0.000000E+00 +0.651754E-04 +0.000000E+00 +0.000000E+00
 +0.148320E+01 -0.100320E+03 +0.177690E+03 -0.206993E+02 +0.518068E+02 +0.271545E+01 +0.000000E+00 +0.000000E+00 +0.239177E-02 -0.137762E-02 +0.000000E+00 +0.103187E-03 +0.000000E+00 +0.000000E+00
 +0.148320E+01 -0.100330E+03 +0.175009E+03 -0.214882E+02 +0.506618E+02 +0.369745E+01 +0.000000E+00 +0.000000E+00 +0.236260E-02 -0.137085E-02 +0.000000E+00 +0.140503E-03 +0.000000E+00 +0.000000E+00
 +0.148320E+01 -0.100340E+03 +0.172380E+03 -0.222764E+02 +0.495342E+02 +0.467347E+01 +0.000000E+00 +0.000000E+00 +0.233407E-02 -0.136440E-02 +0.000000E+00 +0.177592E-03 +0.000000E+00 +0.000000E+00
 +0.148320E+01 -0.100350E+03 +0.169923E+03 -0.230623E+02 +0.484642E+02 +0.562951E+01 +0.000000E+00 +0.000000E+00 +0.230772E-02 -0.135900E-02 +0.000000E+00 +0.213921E-03 +0.000000E+00 +0.000000E+00
 +0.148320E+01 -0.100360E+03 +0.167516E+03 -0.238471E+02 +0.474109E+02 +0.657874E+01 +0.000000E+00 +0.000000E+00 +0.228201E-02 -0.135390E-02 +0.000000E+00 +0.249992E-03 +0.000000E+00 +0.000000E+00
 +0.148320E+01 -0.100370E+03 +0.165263E+03 -0.246288E+02 +0.464094E+02 +0.750687E+01 +0.000000E+00 +0.000000E+00 +0.225822E-02 -0.134972E-02 +0.000000E+00 +0.285261E-03 +0.000000E+00 +0.000000E+00
 +0.148320E+01 -0.100380E+03 +0.163058E+03 -0.254090E+02 +0.454241E+02 +0.842744E+01 +0.000000E+00 +0.000000E+00 +0.223504E-02 -0.134583E-02 +0.000000E+00 +0.320243E-03 +0.000000E+00 +0.000000E+00
 +0.148320E+01 -0.100390E+03 +0.160990E+03 -0.261853E+02 +0.444855E+02 +0.932624E+01 +0.000000E+00 +0.000000E+00 +0.221358E-02 -0.134274E-02 +0.000000E+00 +0.354397E-03 +0.000000E+00 +0.000000E+00
 +0.148320E+01 -0.100400E+03 +0.158968E+03 -0.269598E+02 +0.435626E+02 +0.102168E+02 +0.000000E+00 +0.000000E+00 +0.219270E-02 -0.133993E-02 +0.000000E+00 +0.388239E-03 +0.000000E+00 +0.000000E+00
 +0.148320E+01 -0.100410E+03 +0.157069E+03 -0.277296E+02 +0.426819E+02 +0.110853E+02 +0.000000E+00 +0.000000E+00 +0.217335E-02 -0.133782E-02 +0.000000E+00 +0.421242E-03 +0.000000E+00 +0.000000E+00
 +0.148320E+01 -0.100420E+03 +0.155214E+03 -0.284973E+02 +0.418165E+02 +0.119450E+02 +0.000000E+00 +0.000000E+00 +0.215455E-02 -0.133596E-02 +0.000000E+00 +0.453910E-03 +0.000000E+00 +0.000000E+00
 +0.148320E+01 -0.100430E+03 +0.153470E+03 -0.292597E+02 +0.409893E+02 +0.127826E+02 +0.000000E+00 +0.000000E+00 +0.213713E-02 -0.133473E-02 +0.000000E+00 +0.485738E-03 +0.000000E+00 +0.000000E+00
 +0.148320E+01 -0.100440E+03 +0.151768E+03 -0.300195E+02 +0.401770E+02 +0.136108E+02 +0.000000E+00 +0.000000E+00 +0.212023E-02 -0.133373E-02 +0.000000E+00 +0.517212E-03 +0.000000E+00 +0.000000E+00
 +0.148320E+01 -0.100450E+03 +0.150166E+03 -0.307735E+02 +0.393994E+02 +0.144172E+02 +0.000000E+00 +0.000000E+00 +0.210456E-02 -0.133328E-02 +0.000000E+00 +0.547853E-03 +0.000000E+00 +0.000000E+00
 +0.148320E+01 -0.100460E+03 +0.148604E+03 -0.315246E+02 +0.386361E+02 +0.152138E+02 +0.000000E+00 +0.000000E+00 +0.208939E-02 -0.133305E-02 +0.000000E+00 +0.578123E-03 +0.000000E+00 +0.000000E+00
 +0.148320E+01 -0.100470E+03 +0.147132E+03 -0.322694E+02 +0.379045E+02 +0.159888E+02 +0.000000E+00 +0.000000E+00 +0.207531E-02 -0.133330E-02 +0.000000E+00 +0.607574E-03 +0.000000E+00 +0.000000E+00
 +0.148320E+01 -0.100480E+03 +0.145698E+03 -0.330109E+02 +0.371868E+02 +0.167537E+02 +0.000000E+00 +0.000000E+00 +0.206172E-02 -0.133376E-02 +0.000000E+00 +0.636640E-03 +0.000000E+00 +0.000000E+00
 +0.148320E+01 -0.100490E+03 +0.144346E+03 -0.337456E+02 +0.364980E+02 +0.174976E+02 +0.000000E+00 +0.000000E+00 +0.204910E-02 -0.133463E-02 +0.000000E+00 +0.664907E-03 +0.000000E+00 +0.000000E+00
 +0.148320E+01 -0.100500E+03 +0.143030E+03 -0.344768E+02 +0.358227E+02 +0.182309E+02 +0.000000E+00 +0.000000E+00 +0.203695E-02 -0.133569E-02 +0.000000E+00 +0.692776E-03 +0.000000E+00 +0.000000E+00
 +0.148320E+01 -0.100510E+03 +0.141788E+03 -0.352009E+02 +0.351737E+02 +0.189439E+02 +0.000000E+00 +0.000000E+00 +0.202567E-02 -0.133712E-02 +0.000000E+00 +0.719870E-03 +0.000000E+00 +0.000000E+00
 +0.148320E+01 -0.100520E+03 +0.140581E+03 -0.359210E+02 +0.345379E+02 +0.196462E+02 +0.000000E+00 +0.000000E+00 +0.201482E-02 -0.133872E-02 +0.000000E+00 +0.746556E-03 +0.000000E+00 +0.000000E+00
 +0.148320E+01 -0.100530E+03 +0.139440E+03 -0.366338E+02 +0.339261E+02 +0.203288E+02 +0.000000E+00 +0.000000E+00 +0.200477E-02 -0.134064E-02 +0.000000E+00 +0.772494E-03 +0.000000E+00 +0.000000E+00
 +0.148320E+01 -0.100540E+03 +0.138333E+03 -0.373424E+02 +0.333270E+02 +0.210004E+02 +0.000000E+00 +0.000000E+00 +0.199512E-02 -0.134272E-02 +0.000000E+00 +0.798015E-03 +0.000000E+00 +0.000000E+00
 +0.148320E+01 -0.100550E+03 +0.137286E+03 -0.380435E+02 +0.327500E+02 +0.216531E+02 +0.000000E+00 +0.000000E+00 +0.198618E-02 -0.134508E-02 +0.000000E+00 +0.822816E-03 +0.000000E+00 +0.000000E+00
 +0.148320E+01 -0.100560E+03 +0.136271E+03 -0.387399E+02 +0.321854E+02 +0.222946E+02 +0.000000E+00 +0.000000E+00 +0.197764E-02 -0.134758E-02 +0.000000E+00 +0.847195E-03 +0.000000E+00 +0.000000E+00
 +0.148320E+01 -0.100570E+03 +0.135311E+03 -0.394288E+02 +0.316410E+02 +0.229180E+02 +0.000000E+00 +0.000000E+00 +0.196972E-02 -0.135033E-02 +0.000000E+00 +0.870884E-03 +0.000000E+00 +0.000000E+00
 +0.148320E+01 -0.100580E+03 +0.134381E+03 -0.401128E+02 +0.311086E+02 +0.235302E+02 +0.000000E+00 +0.000000E+00 +0.196218E-02 -0.135320E-02 +0.000000E+00 +0.894146E-03 +0.000000E+00 +0.000000E+00
 +0.148320E+01 -0.100590E+03 +0.133500E+03 -0.407891E+02 +0.305946E+02 +0.241250E+02 +0.000000E+00 +0.000000E+00 +0.195520E-02 -0.135629E-02 +0.000000E+00 +0.916749E-03 +0.000000E+00 +0.000000E+00
 +0.148320E+01 -0.100600E+03 +0.132649E+03 -0.414602E+02 +0.300924E+02 +0.247085E+02 +0.000000E+00 +0.000000E+00 +0.194858E-02 -0.135950E-02 +0.000000E+00 +0.938922E-03 +0.000000E+00 +0.000000E+00
 +0.148320E+01 -0.100610E+03 +0.131842E+03 -0.421236E+02 +0.296071E+02 +0.252754E+02 +0.000000E+00 +0.000000E+00 +0.194247E-02 -0.136288E-02 +0.000000E+00 +0.960467E-03 +0.000000E+00 +0.000000E+00
 +0.148320E+01 -0.100620E+03 +0.131064E+03 -0.427816E+02 +0.291332E+02 +0.258310E+02 +0.000000E+00 +0.000000E+00 +0.193669E-02 -0.136638E-02 +0.000000E+00 +0.981579E-03 +0.000000E+00 +0.000000E+00
 +0.148320E+01 -0.100630E+03 +0.130325E+03 -0.434319E+02 +0.286749E+02 +0.263709E+02 +0.000000E+00 +0.000000E+00 +0.193136E-02 -0.137003E-02 +0.000000E+00 +0.100210E-02 +0.000000E+00 +0.000000E+00
 +0.148320E+01 -0.100640E+03 +0.129615E+03 -0.440765E+02 +0.282275E+02 +0.268994E+02 +0.000000E+00 +0.000000E+00 +0.192635E-02 -0.137378E-02 +0.000000E+00 +0.102218E-02 +0.000000E+00 +0.000000E+00
 +0.148320E+01 -0.100650E+03 +0.128939E+03 -0.447136E+02 +0.277945E+02 +0.274131E+02 +0.000000E+00 +0.000000E+00 +0.192175E-02 -0.137765E-02 +0.000000E+00 +0.104170E-02 +0.000000E+00 +0.000000E+00
 +0.148320E+01 -0.100660E+03 +0.128291E+03 -0.453447E+02 +0.273722E+02 +0.279153E+02 +0.000000E+00 +0.000000E+00 +0.191745E-02 -0.138162E-02 +0.000000E+00 +0.106078E-02 +0.000000E+00 +0.000000E+00
 +0.148320E+01 -0.100670E+03 +0.127675E+03 -0.459684E+02 +0.269630E+02 +0.284035E+02 +0.000000E+00 +0.000000E+00 +0.191352E-02 -0.138570E-02 +0.000000E+00 +0.107933E-02 +0.000000E+00 +0.000000E+00
 +0.148320E+01 -0.100680E+03 +0.127084E+03 -0.465858E+02 +0.265643E+02 +0.288803E+02 +0.000000E+00 +0.000000E+00 +0.190987E-02 -0.138985E-02 +0.000000E+00 +0.109745E-02 +0.000000E+00 +0.000000E+00
 +0.148320E+01 -0.100690E+03 +0.126522E+03 -0.471960E+02 +0.261776E+02 +0.293438E+02 +0.000000E+00 +0.000000E+00 +0.190654E-02 -0.139410E-02 +0.000000E+00 +0.111506E-02 +0.000000E+00 +0.000000E+00
 +0.148320E+01 -0.100700E+03 +0.125985E+03 -0.477997E+02 +0.258010E+02 +0.297960E+02 +0.000000E+00 +0.000000E+00 +0.190349E-02 -0.139841E-02 +0.000000E+00 +0.113225E-02 +0.000000E+00 +0.000000E+00
 +0.148320E+01 -0.100710E+03 +0.125474E+03 -0.483963E+02 +0.254355E+02 +0.302357E+02 +0.000000E+00 +0.000000E+00 +0.190073E-02 -0.140281E-02 +0.000000E+00 +0.114896E-02 +0.000000E+00 +0.000000E+00
 +0.148320E+01 -0.100720E+03 +0.124986E+03 -0.489863E+02 +0.250799E+02 +0.306641E+02 +0.000000E+00 +0.000000E+00 +0.189822E-02 -0.140726E-02 +0.000000E+00 +0.116524E-02 +0.000000E+00 +0.000000E+00
 +0.148320E+01 -0.100730E+03 +0.124522E+03 -0.495694E+02 +0.247344E+02 +0.310808E+02 +0.000000E+00 +0.000000E+00 +0.189597E-02 -0.141177E-02 +0.000000E+00 +0.118107E-02 +0.000000E+00 +0.000000E+00
 +0.148320E+01 -0.100740E+03 +0.124081E+03 -0.501457E+02 +0.243985E+02 +0.314864E+02 +0.000000E+00 +0.000000E+00 +0.189396E-02 -0.141634E-02 +0.000000E+00 +0.119648E-02 +0.000000E+00 +0.000000E+00
 +0.148320E+01 -0.100750E+03 +0.123661E+03 -0.507152E+02 +0.240720E+02 +0.318808E+02 +0.000000E+00 +0.000000E+00 +0.189219E-02 -0.142096E-02 +0.000000E+00 +0.121147E-02 +0.000000E+00 +0.000000E+00
 +0.148320E+01 -0.100760E+03 +0.123262E+03 -0.512778E+02 +0.237547E+02 +0.322643E+02 +0.000000E+00 +0.000000E+00 +0.189064E-02 -0.142562E-02 +0.000000E+00 +0.122604E-02 +0.000000E+00 +0.000000E+00
 +0.148320E+01 -0.100770E+03 +0.122883E+03 -0.518339E+02 +0.234461E+02 +0.326373E+02 +0.000000E+00 +0.000000E+00 +0.188930E-02 -0.143032E-02 +0.000000E+00 +0.124022E-02 +0.000000E+00 +0.000000E+00
 +0.148320E+01 -0.100780E+03 +0.122524E+03 -0.523829E+02 +0.231465E+02 +0.329994E+02 +0.000000E+00 +0.000000E+00 +0.188817E-02 -0.143506E-02 +0.000000E+00 +0.125398E-02 +0.000000E+00 +0.000000E+00
 +0.148320E+01 -0.100790E+03 +0.122182E+03 -0.529255E+02 +0.228548E+02 +0.333518E+02 +0.000000E+00 +0.000000E+00 +0.188723E-02 -0.143983E-02 +0.000000E+00 +0.126737E-02 +0.000000E+00 +0.000000E+00
 +0.148320E+01 -0.100800E+03 +0.121860E+03 -0.534610E+02 +0.225718E+02 +0.336935E+02 +0.000000E+00 +0.000000E+00 +0.188648E-02 -0.144462E-02 +0.000000E+00 +0.128035E-02 +0.000000E+00 +0.000000E+00
 +0.148320E+01 -0.100810E+03 +0.121555E+03 -0.539903E+02 +0.222962E+02 +0.340260E+02 +0.000000E+00 +0.000000E+00 +0.188591E-02 -0.144944E-02 +0.000000E+00 +0.129299E-02 +0.000000E+00 +0.000000E+00
 +0.148320E+01 -0.100820E+03 +0.121267E+03 -0.545124E+02 +0.220290E+02 +0.343479E+02 +0.000000E+00 +0.000000E+00 +0.188552E-02 -0.145429E-02 +0.000000E+00 +0.130522E-02 +0.000000E+00 +0.000000E+00
 +0.148320E+01 -0.100830E+03 +0.120994E+03 -0.550286E+02 +0.217686E+02 +0.346612E+02 +0.000000E+00 +0.000000E+00 +0.188528E-02 -0.145915E-02 +0.000000E+00 +0.131713E-02 +0.000000E+00 +0.000000E+00
 +0.148320E+01 -0.100840E+03 +0.120738E+03 -0.555373E+02 +0.215164E+02 +0.349641E+02 +0.000000E+00 +0.000000E+00 +0.188522E-02 -0.146402E-02 +0.000000E+00 +0.132864E-02 +0.000000E+00 +0.000000E+00
 +0.148320E+01 -0.100850E+03 +0.120496E+03 -0.560405E+02 +0.212704E+02 +0.352591E+02 +0.000000E+00 +0.000000E+00 +0.188529E-02 -0.146891E-02 +0.000000E+00 +0.133984E-02 +0.000000E+00 +0.000000E+00
 +0.148320E+01 -0.100860E+03 +0.120270E+03 -0.565361E+02 +0.210323E+02 +0.355437E+02 +0.000000E+00 +0.000000E+00 +0.188552E-02 -0.147380E-02 +0.000000E+00 +0.135066E-02 +0.000000E+00 +0.000000E+00
 +0.148320E+01 -0.100870E+03 +0.120057E+03 -0.570264E+02 +0.208000E+02 +0.358209E+02 +0.000000E+00 +0.000000E+00 +0.188588E-02 -0.147870E-02 +0.000000E+00 +0.136119E-02 +0.000000E+00 +0.000000E+00
 +0.148320E+01 -0.100880E+03 +0.119859E+03 -0.575090E+02 +0.205754E+02 +0.360880E+02 +0.000000E+00 +0.000000E+00 +0.188638E-02 -0.148360E-02 +0.000000E+00 +0.137134E-02 +0.000000E+00 +0.000000E+00
 +0.148320E+01 -0.100890E+03 +0.119671E+03 -0.579866E+02 +0.203560E+02 +0.363481E+02 +0.000000E+00 +0.000000E+00 +0.188699E-02 -0.148851E-02 +0.000000E+00 +0.138123E-02 +0.000000E+00 +0.000000E+00
 +0.148320E+01 -0.100900E+03 +0.119499E+03 -0.584564E+02 +0.201442E+02 +0.365983E+02 +0.000000E+00 +0.000000E+00 +0.188775E-02 -0.149341E-02 +0.000000E+00 +0.139074E-02 +0.000000E+00 +0.000000E+00
 +0.148320E+01 -0.100910E+03 +0.119337E+03 -0.589214E+02 +0.199371E+02 +0.368421E+02 +0.000000E+00 +0.000000E+00 +0.188860E-02 -0.149831E-02 +0.000000E+00 +0.140000E-02 +0.000000E+00 +0.000000E+00
 +0.148320E+01 -0.100920E+03 +0.119189E+03 -0.593787E+02 +0.197374E+02 +0.370760E+02 +0.000000E+00 +0.000000E+00 +0.188958E-02 -0.150321E-02 +0.000000E+00 +0.140889E-02 +0.000000E+00 +0.000000E+00
 +0.148320E+01 -0.100930E+03 +0.119050E+03 -0.598313E+02 +0.195421E+02 +0.373040E+02 +0.000000E+00 +0.000000E+00 +0.189065E-02 -0.150809E-02 +0.000000E+00 +0.141755E-02 +0.000000E+00 +0.000000E+00
 +0.148320E+01 -0.100940E+03 +0.118924E+03 -0.602762E+02 +0.193539E+02 +0.375224E+02 +0.000000E+00 +0.000000E+00 +0.189184E-02 -0.151297E-02 +0.000000E+00 +0.142585E-02 +0.000000E+00 +0.000000E+00
 +0.148320E+01 -0.100950E+03 +0.118807E+03 -0.607166E+02 +0.191697E+02 +0.377353E+02 +0.000000E+00 +0.000000E+00 +0.189310E-02 -0.151784E-02 +0.000000E+00 +0.143394E-02 +0.000000E+00 +0.000000E+00
 +0.148320E+01 -0.100960E+03 +0.118702E+03 -0.611492E+02 +0.189924E+02 +0.379387E+02 +0.000000E+00 +0.000000E+00 +0.189448E-02 -0.152269E-02 +0.000000E+00 +0.144167E-02 +0.000000E+00 +0.000000E+00
 +0.148320E+01 -0.100970E+03 +0.118604E+03 -0.615777E+02 +0.188188E+02 +0.381370E+02 +0.000000E+00 +0.000000E+00 +0.189593E-02 -0.152753E-02 +0.000000E+00 +0.144921E-02 +0.000000E+00 +0.000000E+00
 +0.148320E+01 -0.100980E+03 +0.118519E+03 -0.619983E+02 +0.186519E+02 +0.383260E+02 +0.000000E+00 +0.000000E+00 +0.189748E-02 -0.153235E-02 +0.000000E+00 +0.145639E-02 +0.000000E+00 +0.000000E+00
 +0.148320E+01 -0.100990E+03 +0.118440E+03 -0.624150E+02 +0.184884E+02 +0.385103E+02 +0.000000E+00 +0.000000E+00 +0.189909E-02 -0.153716E-02 +0.000000E+00 +0.146339E-02 +0.000000E+00 +0.000000E+00
 +0.148320E+01 -0.101000E+03 +0.118373E+03 -0.628238E+02 +0.183314E+02 +0.386856E+02 +0.000000E+00 +0.000000E+00 +0.190080E-02 -0.154195E-02 +0.000000E+00 +0.147005E-02 +0.000000E+00 +0.000000E+00
 +0.148320E+01 -0.101010E+03 +0.118312E+03 -0.632289E+02 +0.181775E+02 +0.388565E+02 +0.000000E+00 +0.000000E+00 +0.190256E-02 -0.154672E-02 +0.000000E+00 +0.147655E-02 +0.000000E+00 +0.000000E+00
 +0.148320E+01 -0.101020E+03 +0.118262E+03 -0.636261E+02 +0.180299E+02 +0.390184E+02 +0.000000E+00 +0.000000E+00 +0.190441E-02 -0.155146E-02 +0.000000E+00 +0.148270E-02 +0.000000E+00 +0.000000E+00
 +0.148320E+01 -0.101030E+03 +0.118217E+03 -0.640198E+02 +0.178851E+02 +0.391764E+02 +0.000000E+00 +0.000000E+00 +0.190631E-02 -0.155619E-02 +0.000000E+00 +0.148871E-02 +0.000000E+00 +0.000000E+00
 +0.148320E+01 -0.101040E+03 +0.118183E+03 -0.644056E+02 +0.177465E+02 +0.393257E+02 +0.000000E+00 +0.000000E+00 +0.190829E-02 -0.156089E-02 +0.000000E+00 +0.149438E-02 +0.000000E+00 +0.000000E+00
 +0.148320E+01 -0.101050E+03 +0.118153E+03 -0.647882E+02 +0.176104E+02 +0.394713E+02 +0.000000E+00 +0.000000E+00 +0.191031E-02 -0.156557E-02 +0.000000E+00 +0.149991E-02 +0.000000E+00 +0.000000E+00
 +0.148320E+01 -0.101060E+03 +0.118133E+03 -0.651629E+02 +0.174803E+02 +0.396084E+02 +0.000000E+00 +0.000000E+00 +0.191241E-02 -0.157022E-02 +0.000000E+00 +0.150512E-02 +0.000000E+00 +0.000000E+00
 +0.148320E+01 -0.101070E+03 +0.118118E+03 -0.655345E+02 +0.173525E+02 +0.397421E+02 +0.000000E+00 +0.000000E+00 +0.191454E-02 -0.157485E-02 +0.000000E+00 +0.151020E-02 +0.000000E+00 +0.000000E+00
 +0.148320E+01 -0.101080E+03 +0.118112E+03 -0.658982E+02 +0.172306E+02 +0.398674E+02 +0.000000E+00 +0.000000E+00 +0.191675E-02 -0.157945E-02 +0.000000E+00 +0.151496E-02 +0.000000E+00 +0.000000E+00
 +0.148320E+01 -0.101090E+03 +0.118110E+03 -0.662590E+02 +0.171107E+02 +0.399897E+02 +0.000000E+00 +0.000000E+00 +0.191898E-02 -0.158402E-02 +0.000000E+00 +0.151961E-02 +0.000000E+00 +0.000000E+00
 +0.148320E+01 -0.101100E+03 +0.118116E+03 -0.666120E+02 +0.169965E+02 +0.401038E+02 +0.000000E+00 +0.000000E+00 +0.192128E-02 -0.158856E-02 +0.000000E+00 +0.152394E-02 +0.000000E+00 +0.000000E+00
 +0.148320E+01 -0.101110E+03 +0.118126E+03 -0.669623E+02 +0.168842E+02 +0.402151E+02 +0.000000E+00 +0.000000E+00 +0.192360E-02 -0.159308E-02 +0.000000E+00 +0.152818E-02 +0.000000E+00 +0.000000E+00
 +0.148320E+01 -0.101120E+03 +0.118145E+03 -0.673048E+02 +0.167773E+02 +0.403185E+02 +0.000000E+00 +0.000000E+00 +0.192599E-02 -0.159756E-02 +0.000000E+00 +0.153210E-02 +0.000000E+00 +0.000000E+00
 +0.148320E+01 -0.101130E+03 +0.118167E+03 -0.676447E+02 +0.166722E+02 +0.404192E+02 +0.000000E+00 +0.000000E+00 +0.192839E-02 -0.160202E-02 +0.000000E+00 +0.153593E-02 +0.000000E+00 +0.000000E+00
 +0.148320E+01 -0.101140E+03 +0.118196E+03 -0.679769E+02 +0.165724E+02 +0.405122E+02 +0.000000E+00 +0.000000E+00 +0.193085E-02 -0.160644E-02 +0.000000E+00 +0.153946E-02 +0.000000E+00 +0.000000E+00
 +0.148320E+01 -0.101150E+03 +0.118228E+03 -0.683067E+02 +0.164741E+02 +0.406029E+02 +0.000000E+00 +0.000000E+00 +0.193333E-02 -0.161084E-02 +0.000000E+00 +0.154291E-02 +0.000000E+00 +0.000000E+00
 +0.148320E+01 -0.101160E+03 +0.118268E+03 -0.686288E+02 +0.163810E+02 +0.406860E+02 +0.000000E+00 +0.000000E+00 +0.193586E-02 -0.161519E-02 +0.000000E+00 +0.154607E-02 +0.000000E+00 +0.000000E+00
 +0.148320E+01 -0.101170E+03 +0.118310E+03 -0.689487E+02 +0.162894E+02 +0.407670E+02 +0.000000E+00 +0.000000E+00 +0.193840E-02 -0.161952E-02 +0.000000E+00 +0.154914E-02 +0.000000E+00 +0.000000E+00
 +0.148320E+01 -0.101180E+03 +0.118360E+03 -0.692609E+02 +0.162027E+02 +0.408405E+02 +0.000000E+00 +0.000000E+00 +0.194099E-02 -0.162381E-02 +0.000000E+00 +0.155194E-02 +0.000000E+00 +0.000000E+00
 +0.148320E+01 -0.101190E+03 +0.118411E+03 -0.695711E+02 +0.161172E+02 +0.409122E+02 +0.000000E+00 +0.000000E+00 +0.194359E-02 -0.162808E-02 +0.000000E+00 +0.155466E-02 +0.000000E+00 +0.000000E+00
 +0.148320E+01 -0.101200E+03 +0.118470E+03 -0.698736E+02 +0.160367E+02 +0.409766E+02 +0.000000E+00 +0.000000E+00 +0.194622E-02 -0.163230E-02 +0.000000E+00 +0.155711E-02 +0.000000E+00 +0.000000E+00
 +0.148320E+01 -0.101210E+03 +0.118529E+03 -0.701743E+02 +0.159572E+02 +0.410393E+02 +0.000000E+00 +0.000000E+00 +0.194887E-02 -0.163650E-02 +0.000000E+00 +0.155949E-02 +0.000000E+00 +0.000000E+00
 +0.148320E+01 -0.101220E+03 +0.118596E+03 -0.704673E+02 +0.158825E+02 +0.410950E+02 +0.000000E+00 +0.000000E+00 +0.195156E-02 -0.164065E-02 +0.000000E+00 +0.156161E-02 +0.000000E+00 +0.000000E+00
 +0.148320E+01 -0.101230E+03 +0.118664E+03 -0.707587E+02 +0.158087E+02 +0.411492E+02 +0.000000E+00 +0.000000E+00 +0.195425E-02 -0.164478E-02 +0.000000E+00 +0.156367E-02 +0.000000E+00 +0.000000E+00
 +0.148320E+01 -0.101240E+03 +0.118738E+03 -0.710425E+02 +0.157396E+02 +0.411965E+02 +0.000000E+00 +0.000000E+00 +0.195697E-02 -0.164886E-02 +0.000000E+00 +0.156547E-02 +0.000000E+00 +0.000000E+00
 +0.148320E+01 -0.101250E+03 +0.118813E+03 -0.713248E+02 +0.156713E+02 +0.412424E+02 +0.000000E+00 +0.000000E+00 +0.195970E-02 -0.165292E-02 +0.000000E+00 +0.156721E-02 +0.000000E+00 +0.000000E+00
 +0.148320E+01 -0.101260E+03 +0.118895E+03 -0.715994E+02 +0.156074E+02 +0.412817E+02 +0.000000E+00 +0.000000E+00 +0.196246E-02 -0.165693E-02 +0.000000E+00 +0.156870E-02 +0.000000E+00 +0.000000E+00
 +0.148320E+01 -0.101270E+03 +0.118977E+03 -0.718728E+02 +0.155444E+02 +0.413197E+02 +0.000000E+00 +0.000000E+00 +0.196522E-02 -0.166093E-02 +0.000000E+00 +0.157015E-02 +0.000000E+00 +0.000000E+00
 +0.148320E+01 -0.101280E+03 +0.119065E+03 -0.721386E+02 +0.154856E+02 +0.413513E+02 +0.000000E+00 +0.000000E+00 +0.196800E-02 -0.166486E-02 +0.000000E+00 +0.157135E-02 +0.000000E+00 +0.000000E+00
 +0.148320E+01 -0.101290E+03 +0.119153E+03 -0.724033E+02 +0.154275E+02 +0.413818E+02 +0.000000E+00 +0.000000E+00 +0.197079E-02 -0.166878E-02 +0.000000E+00 +0.157251E-02 +0.000000E+00 +0.000000E+00
 +0.148320E+01 -0.101300E+03 +0.119247E+03 -0.726604E+02 +0.153736E+02 +0.414059E+02 +0.000000E+00 +0.000000E+00 +0.197360E-02 -0.167265E-02 +0.000000E+00 +0.157343E-02 +0.000000E+00 +0.000000E+00
 +0.148320E+01 -0.101310E+03 +0.119342E+03 -0.729165E+02 +0.153203E+02 +0.414292E+02 +0.000000E+00 +0.000000E+00 +0.197640E-02 -0.167650E-02 +0.000000E+00 +0.157431E-02 +0.000000E+00 +0.000000E+00
 +0.148320E+01 -0.101320E+03 +0.119441E+03 -0.731651E+02 +0.152710E+02 +0.414463E+02 +0.000000E+00 +0.000000E+00 +0.197923E-02 -0.168029E-02 +0.000000E+00 +0.157496E-02 +0.000000E+00 +0.000000E+00
 +0.148320E+01 -0.101330E+03 +0.119541E+03 -0.734129E+02 +0.152222E+02 +0.414626E+02 +0.000000E+00 +0.000000E+00 +0.198205E-02 -0.168407E-02 +0.000000E+00 +0.157558E-02 +0.000000E+00 +0.000000E+00
 +0.148320E+01 -0.101340E+03 +0.119645E+03 -0.736532E+02 +0.151774E+02 +0.414729E+02 +0.000000E+00 +0.000000E+00 +0.198489E-02 -0.168778E-02 +0.000000E+00 +0.157597E-02 +0.000000E+00 +0.000000E+00
 +0.148320E+01 -0.101350E+03 +0.119750E+03 -0.738928E+02 +0.151330E+02 +0.414825E+02 +0.000000E+00 +0.000000E+00 +0.198773E-02 -0.169149E-02 +0.000000E+00 +0.157634E-02 +0.000000E+00 +0.000000E+00
 +0.148320E+01 -0.101360E+03 +0.119860E+03 -0.741251E+02 +0.150924E+02 +0.414863E+02 +0.000000E+00 +0.000000E+00 +0.199058E-02 -0.169513E-02 +0.000000E+00 +0.157648E-02 +0.000000E+00 +0.000000E+00
 +0.148320E+01 -0.101370E+03 +0.119969E+03 -0.743567E+02 +0.150521E+02 +0.414896E+02 +0.000000E+00 +0.000000E+00 +0.199343E-02 -0.169877E-02 +0.000000E+00 +0.157661E-02 +0.000000E+00 +0.000000E+00
 +0.148320E+01 -0.101380E+03 +0.120083E+03 -0.745810E+02 +0.150156E+02 +0.414872E+02 +0.000000E+00 +0.000000E+00 +0.199628E-02 -0.170234E-02 +0.000000E+00 +0.157651E-02 +0.000000E+00 +0.000000E+00
 +0.148320E+01 -0.101390E+03 +0.120197E+03 -0.748048E+02 +0.149793E+02 +0.414844E+02 +0.000000E+00 +0.000000E+00 +0.199913E-02 -0.170590E-02 +0.000000E+00 +0.157641E-02 +0.000000E+00 +0.000000E+00
 +0.148320E+01 -0.101400E+03 +0.120314E+03 -0.750214E+02 +0.149467E+02 +0.414760E+02 +0.000000E+00 +0.000000E+00 +0.200199E-02 -0.170939E-02 +0.000000E+00 +0.157609E-02 +0.000000E+00 +0.000000E+00
 +0.148320E+01 -0.101410E+03 +0.120432E+03 -0.752375E+02 +0.149142E+02 +0.414673E+02 +0.000000E+00 +0.000000E+00 +0.200484E-02 -0.171288E-02 +0.000000E+00 +0.157576E-02 +0.000000E+00 +0.000000E+00
 +0.148320E+01 -0.101420E+03 +0.120553E+03 -0.754465E+02 +0.148853E+02 +0.414532E+02 +0.000000E+00 +0.000000E+00 +0.200769E-02 -0.171630E-02 +0.000000E+00 +0.157522E-02 +0.000000E+00 +0.000000E+00
 +0.148320E+01 -0.101430E+03 +0.120675E+03 -0.756552E+02 +0.148564E+02 +0.414389E+02 +0.000000E+00 +0.000000E+00 +0.201055E-02 -0.171972E-02 +0.000000E+00 +0.157468E-02 +0.000000E+00 +0.000000E+00
 +0.148320E+01 -0.101440E+03 +0.120799E+03 -0.758568E+02 +0.148310E+02 +0.414193E+02 +0.000000E+00 +0.000000E+00 +0.201340E-02 -0.172307E-02 +0.000000E+00 +0.157394E-02 +0.000000E+00 +0.000000E+00
 +0.148320E+01 -0.101450E+03 +0.120924E+03 -0.760582E+02 +0.148057E+02 +0.413997E+02 +0.000000E+00 +0.000000E+00 +0.201625E-02 -0.172641E-02 +0.000000E+00 +0.157319E-02 +0.000000E+00 +0.000000E+00
 +0.148320E+01 -0.101460E+03 +0.121052E+03 -0.762526E+02 +0.147837E+02 +0.413749E+02 +0.000000E+00 +0.000000E+00 +0.201909E-02 -0.172969E-02 +0.000000E+00 +0.157225E-02 +0.000000E+00 +0.000000E+00
 +0.148320E+01 -0.101470E+03 +0.121179E+03 -0.764468E+02 +0.147617E+02 +0.413501E+02 +0.000000E+00 +0.000000E+00 +0.202193E-02 -0.173296E-02 +0.000000E+00 +0.157130E-02 +0.000000E+00 +0.000000E+00
 +0.148320E+01 -0.101480E+03 +0.121310E+03 -0.766342E+02 +0.147429E+02 +0.413204E+02 +0.000000E+00 +0.000000E+00 +0.202477E-02 -0.173616E-02 +0.000000E+00 +0.157017E-02 +0.000000E+00 +0.000000E+00
 +0.148320E+01 -0.101490E+03 +0.121440E+03 -0.768214E+02 +0.147241E+02 +0.412906E+02 +0.000000E+00 +0.000000E+00 +0.202760E-02 -0.173936E-02 +0.000000E+00 +0.156904E-02 +0.000000E+00 +0.000000E+00
 +0.148320E+01 -0.101500E+03 +0.121573E+03 -0.770019E+02 +0.147084E+02 +0.412561E+02 +0.000000E+00 +0.000000E+00 +0.203042E-02 -0.174250E-02 +0.000000E+00 +0.156773E-02 +0.000000E+00 +0.000000E+00
 +0.148320E+01 -0.101510E+03 +0.121706E+03 -0.771822E+02 +0.146928E+02 +0.412215E+02 +0.000000E+00 +0.000000E+00 +0.203325E-02 -0.174562E-02 +0.000000E+00 +0.156642E-02 +0.000000E+00 +0.000000E+00
 +0.148320E+01 -0.101520E+03 +0.121841E+03 -0.773560E+02 +0.146799E+02 +0.411826E+02 +0.000000E+00 +0.000000E+00 +0.203605E-02 -0.174868E-02 +0.000000E+00 +0.156494E-02 +0.000000E+00 +0.000000E+00
 +0.148320E+01 -0.101530E+03 +0.121976E+03 -0.775296E+02 +0.146672E+02 +0.411435E+02 +0.000000E+00 +0.000000E+00 +0.203886E-02 -0.175174E-02 +0.000000E+00 +0.156345E-02 +0.000000E+00 +0.000000E+00
 +0.148320E+01 -0.101540E+03 +0.122113E+03 -0.776970E+02 +0.146572E+02 +0.411002E+02 +0.000000E+00 +0.000000E+00 +0.204166E-02 -0.175473E-02 +0.000000E+00 +0.156181E-02 +0.000000E+00 +0.000000E+00
 +0.148320E+01 -0.101550E+03 +0.122250E+03 -0.778640E+02 +0.146474E+02 +0.410567E+02 +0.000000E+00 +0.000000E+00 +0.204445E-02 -0.175772E-02 +0.000000E+00 +0.156016E-02 +0.000000E+00 +0.000000E+00
 +0.148320E+01 -0.101560E+03 +0.122389E+03 -0.780250E+02 +0.146400E+02 +0.410094E+02 +0.000000E+00 +0.000000E+00 +0.204722E-02 -0.176063E-02 +0.000000E+00 +0.155836E-02 +0.000000E+00 +0.000000E+00
 +0.148320E+01 -0.101570E+03 +0.122528E+03 -0.781855E+02 +0.146329E+02 +0.409617E+02 +0.000000E+00 +0.000000E+00 +0.205000E-02 -0.176355E-02 +0.000000E+00 +0.155655E-02 +0.000000E+00 +0.000000E+00
 +0.148320E+01 -0.101580E+03 +0.122668E+03 -0.783403E+02 +0.146281E+02 +0.409104E+02 +0.000000E+00 +0.000000E+00 +0.205276E-02 -0.176640E-02 +0.000000E+00 +0.155460E-02 +0.000000E+00 +0.000000E+00
 +0.148320E+01 -0.101590E+03 +0.122808E+03 -0.784946E+02 +0.146235E+02 +0.408588E+02 +0.000000E+00 +0.000000E+00 +0.205551E-02 -0.176924E-02 +0.000000E+00 +0.155264E-02 +0.000000E+00 +0.000000E+00
 +0.148320E+01 -0.101600E+03 +0.122950E+03 -0.786434E+02 +0.146212E+02 +0.408038E+02 +0.000000E+00 +0.000000E+00 +0.205825E-02 -0.177203E-02 +0.000000E+00 +0.155054E-02 +0.000000E+00 +0.000000E+00
 +0.148320E+01 -0.101610E+03 +0.123092E+03 -0.787915E+02 +0.146191E+02 +0.407484E+02 +0.000000E+00 +0.000000E+00 +0.206098E-02 -0.177480E-02 +0.000000E+00 +0.154844E-02 +0.000000E+00 +0.000000E+00
 +0.148320E+01 -0.101620E+03 +0.123235E+03 -0.789344E+02 +0.146191E+02 +0.406898E+02 +0.000000E+00 +0.000000E+00 +0.206370E-02 -0.177752E-02 +0.000000E+00 +0.154621E-02 +0.000000E+00 +0.000000E+00
 +0.148320E+01 -0.101630E+03 +0.123378E+03 -0.790765E+02 +0.146194E+02 +0.406308E+02 +0.000000E+00 +0.000000E+00 +0.206641E-02 -0.178022E-02 +0.000000E+00 +0.154397E-02 +0.000000E+00 +0.000000E+00
 +0.148320E+01 -0.101640E+03 +0.123522E+03 -0.792136E+02 +0.146217E+02 +0.405687E+02 +0.000000E+00 +0.000000E+00 +0.206910E-02 -0.178287E-02 +0.000000E+00 +0.154161E-02 +0.000000E+00 +0.000000E+00
 +0.148320E+01 -0.101650E+03 +0.123666E+03 -0.793499E+02 +0.146242E+02 +0.405063E+02 +0.000000E+00 +0.000000E+00 +0.207179E-02 -0.178551E-02 +0.000000E+00 +0.153924E-02 +0.000000E+00 +0.000000E+00
 +0.148320E+01 -0.101660E+03 +0.123811E+03 -0.794813E+02 +0.146287E+02 +0.404410E+02 +0.000000E+00 +0.000000E+00 +0.207446E-02 -0.178809E-02 +0.000000E+00 +0.153676E-02 +0.000000E+00 +0.000000E+00
 +0.148320E+01 -0.101670E+03 +0.123956E+03 -0.796120E+02 +0.146334E+02 +0.403752E+02 +0.000000E+00 +0.000000E+00 +0.207712E-02 -0.179066E-02 +0.000000E+00 +0.153426E-02 +0.000000E+00 +0.000000E+00
 +0.148320E+01 -0.101680E+03 +0.124101E+03 -0.797379E+02 +0.146399E+02 +0.403068E+02 +0.000000E+00 +0.000000E+00 +0.207976E-02 -0.179318E-02 +0.000000E+00 +0.153166E-02 +0.000000E+00 +0.000000E+00
 +0.148320E+01 -0.101690E+03 +0.124247E+03 -0.798629E+02 +0.146466E+02 +0.402379E+02 +0.000000E+00 +0.000000E+00 +0.208240E-02 -0.179568E-02 +0.000000E+00 +0.152904E-02 +0.000000E+00 +0.000000E+00
 +0.148320E+01 -0.101700E+03 +0.124393E+03 -0.799835E+02 +0.146551E+02 +0.401666E+02 +0.000000E+00 +0.000000E+00 +0.208502E-02 -0.179813E-02 +0.000000E+00 +0.152633E-02 +0.000000E+00 +0.000000E+00
 +0.148320E+01 -0.101710E+03 +0.124539E+03 -0.801031E+02 +0.146638E+02 +0.400947E+02 +0.000000E+00 +0.000000E+00 +0.208763E-02 -0.180057E-02 +0.000000E+00 +0.152360E-02 +0.000000E+00 +0.000000E+00
 +0.148320E+01 -0.101720E+03 +0.124686E+03 -0.802184E+02 +0.146742E+02 +0.400205E+02 +0.000000E+00 +0.000000E+00 +0.209022E-02 -0.180296E-02 +0.000000E+00 +0.152078E-02 +0.000000E+00 +0.000000E+00
 +0.148320E+01 -0.101730E+03 +0.124832E+03 -0.803327E+02 +0.146848E+02 +0.399459E+02 +0.000000E+00 +0.000000E+00 +0.209280E-02 -0.180533E-02 +0.000000E+00 +0.151794E-02 +0.000000E+00 +0.000000E+00
 +0.148320E+01 -0.101740E+03 +0.124979E+03 -0.804428E+02 +0.146970E+02 +0.398690E+02 +0.000000E+00 +0.000000E+00 +0.209536E-02 -0.180766E-02 +0.000000E+00 +0.151502E-02 +0.000000E+00 +0.000000E+00
 +0.148320E+01 -0.101750E+03 +0.125126E+03 -0.805520E+02 +0.147094E+02 +0.397916E+02 +0.000000E+00 +0.000000E+00 +0.209792E-02 -0.180997E-02 +0.000000E+00 +0.151208E-02 +0.000000E+00 +0.000000E+00
 +0.148320E+01 -0.101760E+03 +0.125273E+03 -0.806571E+02 +0.147233E+02 +0.397122E+02 +0.000000E+00 +0.000000E+00 +0.210045E-02 -0.181223E-02 +0.000000E+00 +0.150906E-02 +0.000000E+00 +0.000000E+00
 +0.148320E+01 -0.101770E+03 +0.125420E+03 -0.807612E+02 +0.147375E+02 +0.396323E+02 +0.000000E+00 +0.000000E+00 +0.210297E-02 -0.181448E-02 +0.000000E+00 +0.150603E-02 +0.000000E+00 +0.000000E+00
 +0.148320E+01 -0.101780E+03 +0.125568E+03 -0.808615E+02 +0.147530E+02 +0.395504E+02 +0.000000E+00 +0.000000E+00 +0.210548E-02 -0.181667E-02 +0.000000E+00 +0.150292E-02 +0.000000E+00 +0.000000E+00
 +0.148320E+01 -0.101790E+03 +0.125715E+03 -0.809606E+02 +0.147689E+02 +0.394681E+02 +0.000000E+00 +0.000000E+00 +0.210797E-02 -0.181886E-02 +0.000000E+00 +0.149979E-02 +0.000000E+00 +0.000000E+00
 +0.148320E+01 -0.101800E+03 +0.125862E+03 -0.810561E+02 +0.147859E+02 +0.393839E+02 +0.000000E+00 +0.000000E+00 +0.211044E-02 -0.182100E-02 +0.000000E+00 +0.149659E-02 +0.000000E+00 +0.000000E+00
 +0.148320E+01 -0.101810E+03 +0.126009E+03 -0.811505E+02 +0.148034E+02 +0.392993E+02 +0.000000E+00 +0.000000E+00 +0.211291E-02 -0.182312E-02 +0.000000E+00 +0.149337E-02 +0.000000E+00 +0.000000E+00
 +0.148320E+01 -0.101820E+03 +0.126156E+03 -0.812413E+02 +0.148220E+02 +0.392129E+02 +0.000000E+00 +0.000000E+00 +0.211535E-02 -0.182520E-02 +0.000000E+00 +0.149009E-02 +0.000000E+00 +0.000000E+00
 +0.148320E+01 -0.101830E+03 +0.126303E+03 -0.813310E+02 +0.148409E+02 +0.391261E+02 +0.000000E+00 +0.000000E+00 +0.211779E-02 -0.182727E-02 +0.000000E+00 +0.148679E-02 +0.000000E+00 +0.000000E+00
 +0.148320E+01 -0.101840E+03 +0.126450E+03 -0.814172E+02 +0.148609E+02 +0.390377E+02 +0.000000E+00 +0.000000E+00 +0.212020E-02 -0.182929E-02 +0.000000E+00 +0.148343E-02 +0.000000E+00 +0.000000E+00
 +0.148320E+01 -0.101850E+03 +0.126597E+03 -0.815023E+02 +0.148813E+02 +0.389488E+02 +0.000000E+00 +0.000000E+00 +0.212260E-02 -0.183129E-02 +0.000000E+00 +0.148005E-02 +0.000000E+00 +0.000000E+00
 +0.148320E+01 -0.101860E+03 +0.126744E+03 -0.815842E+02 +0.149027E+02 +0.388584E+02 +0.000000E+00 +0.000000E+00 +0.212498E-02 -0.183325E-02 +0.000000E+00 +0.147662E-02 +0.000000E+00 +0.000000E+00
 +0.148320E+01 -0.101870E+03 +0.126891E+03 -0.816648E+02 +0.149245E+02 +0.387676E+02 +0.000000E+00 +0.000000E+00 +0.212736E-02 -0.183520E-02 +0.000000E+00 +0.147317E-02 +0.000000E+00 +0.000000E+00
 +0.148320E+01 -0.101880E+03 +0.127037E+03 -0.817423E+02 +0.149472E+02 +0.386754E+02 +0.000000E+00 +0.000000E+00 +0.212970E-02 -0.183710E-02 +0.000000E+00 +0.146966E-02 +0.000000E+00 +0.000000E+00
 +0.148320E+01 -0.101890E+03 +0.127183E+03 -0.818186E+02 +0.149703E+02 +0.385826E+02 +0.000000E+00 +0.000000E+00 +0.213204E-02 -0.183899E-02 +0.000000E+00 +0.146614E-02 +0.000000E+00 +0.000000E+00
 +0.148320E+01 -0.101900E+03 +0.127329E+03 -0.818919E+02 +0.149943E+02 +0.384887E+02 +0.000000E+00 +0.000000E+00 +0.213436E-02 -0.184084E-02 +0.000000E+00 +0.146257E-02 +0.000000E+00 +0.000000E+00
 +0.148320E+01 -0.101910E+03 +0.127475E+03 -0.819639E+02 +0.150186E+02 +0.383942E+02 +0.000000E+00 +0.000000E+00 +0.213667E-02 -0.184267E-02 +0.000000E+00 +0.145898E-02 +0.000000E+00 +0.000000E+00
 +0.148320E+01 -0.101920E+03 +0.127620E+03 -0.820331E+02 +0.150438E+02 +0.382986E+02 +0.000000E+00 +0.000000E+00 +0.213895E-02 -0.184446E-02 +0.000000E+00 +0.145535E-02 +0.000000E+00 +0.000000E+00
 +0.148320E+01 -0.101930E+03 +0.127766E+03 -0.821010E+02 +0.150693E+02 +0.382025E+02 +0.000000E+00 +0.000000E+00 +0.214123E-02 -0.184624E-02 +0.000000E+00 +0.145169E-02 +0.000000E+00 +0.000000E+00
 +0.148320E+01 -0.101940E+03 +0.127911E+03 -0.821662E+02 +0.150956E+02 +0.381053E+02 +0.000000E+00 +0.000000E+00 +0.214348E-02 -0.184797E-02 +0.000000E+00 +0.144800E-02 +0.000000E+00 +0.000000E+00
 +0.148320E+01 -0.101950E+03 +0.128055E+03 -0.822300E+02 +0.151223E+02 +0.380076E+02 +0.000000E+00 +0.000000E+00 +0.214573E-02 -0.184969E-02 +0.000000E+00 +0.144429E-02 +0.000000E+00 +0.000000E+00
 +0.148320E+01 -0.101960E+03 +0.128200E+03 -0.822913E+02 +0.151497E+02 +0.379090E+02 +0.000000E+00 +0.000000E+00 +0.214795E-02 -0.185138E-02 +0.000000E+00 +0.144054E-02 +0.000000E+00 +0.000000E+00
 +0.148320E+01 -0.101970E+03 +0.128344E+03 -0.823512E+02 +0.151775E+02 +0.378099E+02 +0.000000E+00 +0.000000E+00 +0.215016E-02 -0.185305E-02 +0.000000E+00 +0.143678E-02 +0.000000E+00 +0.000000E+00
 +0.148320E+01 -0.101980E+03 +0.128487E+03 -0.824086E+02 +0.152059E+02 +0.377098E+02 +0.000000E+00 +0.000000E+00 +0.215234E-02 -0.185468E-02 +0.000000E+00 +0.143297E-02 +0.000000E+00 +0.000000E+00
 +0.148320E+01 -0.101990E+03 +0.128631E+03 -0.824647E+02 +0.152348E+02 +0.376094E+02 +0.000000E+00 +0.000000E+00 +0.215452E-02 -0.185629E-02 +0.000000E+00 +0.142916E-02 +0.000000E+00 +0.000000E+00
 +0.148320E+01 -0.102000E+03 +0.128774E+03 -0.825184E+02 +0.152642E+02 +0.375080E+02 +0.000000E+00 +0.000000E+00 +0.215668E-02 -0.185787E-02 +0.000000E+00 +0.142530E-02 +0.000000E+00 +0.000000E+00
 +0.148320E+01 -0.102010E+03 +0.128916E+03 -0.825708E+02 +0.152940E+02 +0.374062E+02 +0.000000E+00 +0.000000E+00 +0.215882E-02 -0.185943E-02 +0.000000E+00 +0.142144E-02 +0.000000E+00 +0.000000E+00
 +0.148320E+01 -0.102020E+03 +0.129058E+03 -0.826208E+02 +0.153244E+02 +0.373037E+02 +0.000000E+00 +0.000000E+00 +0.216095E-02 -0.186096E-02 +0.000000E+00 +0.141754E-02 +0.000000E+00 +0.000000E+00
 +0.148320E+01 -0.102030E+03 +0.129200E+03 -0.826695E+02 +0.153551E+02 +0.372007E+02 +0.000000E+00 +0.000000E+00 +0.216306E-02 -0.186247E-02 +0.000000E+00 +0.141363E-02 +0.000000E+00 +0.000000E+00
 +0.148320E+01 -0.102040E+03 +0.129342E+03 -0.827160E+02 +0.153864E+02 +0.370970E+02 +0.000000E+00 +0.000000E+00 +0.216515E-02 -0.186395E-02 +0.000000E+00 +0.140968E-02 +0.000000E+00 +0.000000E+00
 +0.148320E+01 -0.102050E+03 +0.129483E+03 -0.827612E+02 +0.154181E+02 +0.369928E+02 +0.000000E+00 +0.000000E+00 +0.216723E-02 -0.186541E-02 +0.000000E+00 +0.140573E-02 +0.000000E+00 +0.000000E+00
 +0.148320E+01 -0.102060E+03 +0.129623E+03 -0.828042E+02 +0.154502E+02 +0.368880E+02 +0.000000E+00 +0.000000E+00 +0.216928E-02 -0.186683E-02 +0.000000E+00 +0.140174E-02 +0.000000E+00 +0.000000E+00
 +0.148320E+01 -0.102070E+03 +0.129763E+03 -0.828459E+02 +0.154827E+02 +0.367828E+02 +0.000000E+00 +0.000000E+00 +0.217133E-02 -0.186824E-02 +0.000000E+00 +0.139775E-02 +0.000000E+00 +0.000000E+00
 +0.148320E+01 -0.102080E+03 +0.129903E+03 -0.828855E+02 +0.155157E+02 +0.366769E+02 +0.000000E+00 +0.000000E+00 +0.217336E-02 -0.186962E-02 +0.000000E+00 +0.139372E-02 +0.000000E+00 +0.000000E+00
 +0.148320E+01 -0.102090E+03 +0.130042E+03 -0.829238E+02 +0.155490E+02 +0.365707E+02 +0.000000E+00 +0.000000E+00 +0.217537E-02 -0.187098E-02 +0.000000E+00 +0.138969E-02 +0.000000E+00 +0.000000E+00
 +0.148320E+01 -0.102100E+03 +0.130181E+03 -0.829602E+02 +0.155828E+02 +0.364638E+02 +0.000000E+00 +0.000000E+00 +0.217736E-02 -0.187232E-02 +0.000000E+00 +0.138563E-02 +0.000000E+00 +0.000000E+00
 +0.148320E+01 -0.102110E+03 +0.130319E+03 -0.829951E+02 +0.156169E+02 +0.363565E+02 +0.000000E+00 +0.000000E+00 +0.217934E-02 -0.187363E-02 +0.000000E+00 +0.138155E-02 +0.000000E+00 +0.000000E+00
 +0.148320E+01 -0.102120E+03 +0.130457E+03 -0.830282E+02 +0.156514E+02 +0.362487E+02 +0.000000E+00 +0.000000E+00 +0.218130E-02 -0.187491E-02 +0.000000E+00 +0.137745E-02 +0.000000E+00 +0.000000E+00
 +0.148320E+01 -0.102130E+03 +0.130594E+03 -0.830599E+02 +0.156863E+02 +0.361404E+02 +0.000000E+00 +0.000000E+00 +0.218325E-02 -0.187618E-02 +0.000000E+00 +0.137334E-02 +0.000000E+00 +0.000000E+00
 +0.148320E+01 -0.102140E+03 +0.130731E+03 -0.830898E+02 +0.157215E+02 +0.360316E+02 +0.000000E+00 +0.000000E+00 +0.218518E-02 -0.187741E-02 +0.000000E+00 +0.136920E-02 +0.000000E+00 +0.000000E+00
 +0.148320E+01 -0.102150E+03 +0.130867E+03 -0.831183E+02 +0.157571E+02 +0.359223E+02 +0.000000E+00 +0.000000E+00 +0.218709E-02 -0.187863E-02 +0.000000E+00 +0.136505E-02 +0.000000E+00 +0.000000E+00
 +0.148320E+01 -0.102160E+03 +0.131003E+03 -0.831451E+02 +0.157930E+02 +0.358124E+02 +0.000000E+00 +0.000000E+00 +0.218898E-02 -0.187982E-02 +0.000000E+00 +0.136087E-02 +0.000000E+00 +0.000000E+00
 +0.148320E+01 -0.102170E+03 +0.131138E+03 -0.831704E+02 +0.158293E+02 +0.357021E+02 +0.000000E+00 +0.000000E+00 +0.219087E-02 -0.188100E-02 +0.000000E+00 +0.135668E-02 +0.000000E+00 +0.000000E+00
 +0.148320E+01 -0.102180E+03 +0.131273E+03 -0.831943E+02 +0.158660E+02 +0.355912E+02 +0.000000E+00 +0.000000E+00 +0.219273E-02 -0.188214E-02 +0.000000E+00 +0.135246E-02 +0.000000E+00 +0.000000E+00
 +0.148320E+01 -0.102190E+03 +0.131408E+03 -0.832168E+02 +0.159029E+02 +0.354801E+02 +0.000000E+00 +0.000000E+00 +0.219459E-02 -0.188327E-02 +0.000000E+00 +0.134824E-02 +0.000000E+00 +0.000000E+00
 +0.148320E+01 -0.102200E+03 +0.131542E+03 -0.832380E+02 +0.159402E+02 +0.353688E+02 +0.000000E+00 +0.000000E+00 +0.219643E-02 -0.188439E-02 +0.000000E+00 +0.134401E-02 +0.000000E+00 +0.000000E+00
 +0.148320E+01 -0.102210E+03 +0.131678E+03 -0.832639E+02 +0.159768E+02 +0.352359E+02 +0.000000E+00 +0.000000E+00 +0.219833E-02 -0.188557E-02 +0.000000E+00 +0.133896E-02 +0.000000E+00 +0.000000E+00
 +0.148320E+01 -0.102220E+03 +0.131818E+03 -0.832945E+02 +0.160128E+02 +0.350820E+02 +0.000000E+00 +0.000000E+00 +0.220030E-02 -0.188684E-02 +0.000000E+00 +0.133311E-02 +0.000000E+00 +0.000000E+00
 +0.148320E+01 -0.102230E+03 +0.131953E+03 -0.833073E+02 +0.160529E+02 +0.349738E+02 +0.000000E+00 +0.000000E+00 +0.220209E-02 -0.188784E-02 +0.000000E+00 +0.132900E-02 +0.000000E+00 +0.000000E+00
 +0.148320E+01 -0.102240E+03 +0.132082E+03 -0.833055E+02 +0.160961E+02 +0.349068E+02 +0.000000E+00 +0.000000E+00 +0.220373E-02 -0.188863E-02 +0.000000E+00 +0.132646E-02 +0.000000E+00 +0.000000E+00
 +0.148320E+01 -0.102250E+03 +0.132198E+03 -0.833405E+02 +0.161231E+02 +0.348097E+02 +0.000000E+00 +0.000000E+00 +0.220543E-02 -0.188981E-02 +0.000000E+00 +0.132277E-02 +0.000000E+00 +0.000000E+00
 +0.148320E+01 -0.102260E+03 +0.132324E+03 -0.833623E+02 +0.161575E+02 +0.346893E+02 +0.000000E+00 +0.000000E+00 +0.220717E-02 -0.189088E-02 +0.000000E+00 +0.131819E-02 +0.000000E+00 +0.000000E+00
 +0.148320E+01 -0.102270E+03 +0.132443E+03 -0.833643E+02 +0.161960E+02 +0.345779E+02 +0.000000E+00 +0.000000E+00 +0.220870E-02 -0.189165E-02 +0.000000E+00 +0.131396E-02 +0.000000E+00 +0.000000E+00
 +0.148320E+01 -0.102280E+03 +0.132561E+03 -0.833500E+02 +0.162395E+02 +0.344684E+02 +0.000000E+00 +0.000000E+00 +0.221010E-02 -0.189220E-02 +0.000000E+00 +0.130980E-02 +0.000000E+00 +0.000000E+00
 +0.148320E+01 -0.102290E+03 +0.132703E+03 -0.833435E+02 +0.162885E+02 +0.343557E+02 +0.000000E+00 +0.000000E+00 +0.221187E-02 -0.189301E-02 +0.000000E+00 +0.130551E-02 +0.000000E+00 +0.000000E+00
 +0.148320E+01 -0.102300E+03 +0.132848E+03 -0.833544E+02 +0.163329E+02 +0.342328E+02 +0.000000E+00 +0.000000E+00 +0.221379E-02 -0.189406E-02 +0.000000E+00 +0.130085E-02 +0.000000E+00 +0.000000E+00
 +0.148320E+01 -0.102310E+03 +0.132971E+03 -0.833820E+02 +0.163644E+02 +0.341161E+02 +0.000000E+00 +0.000000E+00 +0.221553E-02 -0.189518E-02 +0.000000E+00 +0.129641E-02 +0.000000E+00 +0.000000E+00
 +0.148320E+01 -0.102320E+03 +0.133077E+03 -0.834218E+02 +0.163863E+02 +0.340038E+02 +0.000000E+00 +0.000000E+00 +0.221713E-02 -0.189635E-02 +0.000000E+00 +0.129214E-02 +0.000000E+00 +0.000000E+00
 +0.148320E+01 -0.102330E+03 +0.133185E+03 -0.834537E+02 +0.164114E+02 +0.338850E+02 +0.000000E+00 +0.000000E+00 +0.221870E-02 -0.189744E-02 +0.000000E+00 +0.128763E-02 +0.000000E+00 +0.000000E+00
 +0.148320E+01 -0.102340E+03 +0.133304E+03 -0.834681E+02 +0.164460E+02 +0.337655E+02 +0.000000E+00 +0.000000E+00 +0.222031E-02 -0.189837E-02 +0.000000E+00 +0.128309E-02 +0.000000E+00 +0.000000E+00
 +0.148320E+01 -0.102350E+03 +0.133433E+03 -0.834713E+02 +0.164874E+02 +0.336504E+02 +0.000000E+00 +0.000000E+00 +0.222197E-02 -0.189921E-02 +0.000000E+00 +0.127871E-02 +0.000000E+00 +0.000000E+00
 +0.148320E+01 -0.102360E+03 +0.133562E+03 -0.834744E+02 +0.165288E+02 +0.335352E+02 +0.000000E+00 +0.000000E+00 +0.222363E-02 -0.190006E-02 +0.000000E+00 +0.127434E-02 +0.000000E+00 +0.000000E+00
 +0.148320E+01 -0.102370E+03 +0.133692E+03 -0.834682E+02 +0.165739E+02 +0.334212E+02 +0.000000E+00 +0.000000E+00 +0.222525E-02 -0.190080E-02 +0.000000E+00 +0.127001E-02 +0.000000E+00 +0.000000E+00
 +0.148320E+01 -0.102380E+03 +0.133808E+03 -0.834575E+02 +0.166156E+02 +0.333143E+02 +0.000000E+00 +0.000000E+00 +0.222665E-02 -0.190139E-02 +0.000000E+00 +0.126594E-02 +0.000000E+00 +0.000000E+00
 +0.148320E+01 -0.102390E+03 +0.133918E+03 -0.834512E+02 +0.166540E+02 +0.332086E+02 +0.000000E+00 +0.000000E+00 +0.222801E-02 -0.190200E-02 +0.000000E+00 +0.126193E-02 +0.000000E+00 +0.000000E+00
 +0.148320E+01 -0.102400E+03 +0.134035E+03 -0.834397E+02 +0.166963E+02 +0.331023E+02 +0.000000E+00 +0.000000E+00 +0.222943E-02 -0.190258E-02 +0.000000E+00 +0.125789E-02 +0.000000E+00 +0.000000E+00
 +0.148320E+01 -0.102410E+03 +0.134158E+03 -0.834320E+02 +0.167394E+02 +0.329910E+02 +0.000000E+00 +0.000000E+00 +0.223094E-02 -0.190326E-02 +0.000000E+00 +0.125366E-02 +0.000000E+00 +0.000000E+00
 +0.148320E+01 -0.102420E+03 +0.134294E+03 -0.834031E+02 +0.167939E+02 +0.328609E+02 +0.000000E+00 +0.000000E+00 +0.223249E-02 -0.190374E-02 +0.000000E+00 +0.124871E-02 +0.000000E+00 +0.000000E+00
 +0.148320E+01 -0.102430E+03 +0.134430E+03 -0.833741E+02 +0.168483E+02 +0.327307E+02 +0.000000E+00 +0.000000E+00 +0.223405E-02 -0.190423E-02 +0.000000E+00 +0.124377E-02 +0.000000E+00 +0.000000E+00
 +0.148320E+01 -0.102440E+03 +0.134566E+03 -0.833452E+02 +0.169028E+02 +0.326005E+02 +0.000000E+00 +0.000000E+00 +0.223560E-02 -0.190471E-02 +0.000000E+00 +0.123882E-02 +0.000000E+00 +0.000000E+00
 +0.148320E+01 -0.102450E+03 +0.134681E+03 -0.833348E+02 +0.169441E+02 +0.324908E+02 +0.000000E+00 +0.000000E+00 +0.223699E-02 -0.190530E-02 +0.000000E+00 +0.123465E-02 +0.000000E+00 +0.000000E+00
 +0.148320E+01 -0.102460E+03 +0.134804E+03 -0.833119E+02 +0.169924E+02 +0.323842E+02 +0.000000E+00 +0.000000E+00 +0.223842E-02 -0.190578E-02 +0.000000E+00 +0.123060E-02 +0.000000E+00 +0.000000E+00
 +0.148320E+01 -0.102470E+03 +0.134933E+03 -0.832826E+02 +0.170445E+02 +0.322772E+02 +0.000000E+00 +0.000000E+00 +0.223987E-02 -0.190622E-02 +0.000000E+00 +0.122654E-02 +0.000000E+00 +0.000000E+00
 +0.148320E+01 -0.102480E+03 +0.135061E+03 -0.832534E+02 +0.170965E+02 +0.321703E+02 +0.000000E+00 +0.000000E+00 +0.224133E-02 -0.190665E-02 +0.000000E+00 +0.122247E-02 +0.000000E+00 +0.000000E+00
 +0.148320E+01 -0.102490E+03 +0.135194E+03 -0.832271E+02 +0.171492E+02 +0.320618E+02 +0.000000E+00 +0.000000E+00 +0.224286E-02 -0.190715E-02 +0.000000E+00 +0.121835E-02 +0.000000E+00 +0.000000E+00
 +0.148320E+01 -0.102500E+03 +0.135332E+03 -0.832036E+02 +0.172024E+02 +0.319520E+02 +0.000000E+00 +0.000000E+00 +0.224446E-02 -0.190771E-02 +0.000000E+00 +0.121418E-02 +0.000000E+00 +0.000000E+00
 +0.148320E+01 -0.102510E+03 +0.135470E+03 -0.831801E+02 +0.172556E+02 +0.318422E+02 +0.000000E+00 +0.000000E+00 +0.224607E-02 -0.190828E-02 +0.000000E+00 +0.121000E-02 +0.000000E+00 +0.000000E+00
 +0.148320E+01 -0.102520E+03 +0.135595E+03 -0.831637E+02 +0.173022E+02 +0.317248E+02 +0.000000E+00 +0.000000E+00 +0.224756E-02 -0.190885E-02 +0.000000E+00 +0.120554E-02 +0.000000E+00 +0.000000E+00
 +0.148320E+01 -0.102530E+03 +0.135709E+03 -0.831534E+02 +0.173433E+02 +0.316009E+02 +0.000000E+00 +0.000000E+00 +0.224895E-02 -0.190944E-02 +0.000000E+00 +0.120084E-02 +0.000000E+00 +0.000000E+00
 +0.148320E+01 -0.102540E+03 +0.135833E+03 -0.831366E+02 +0.173899E+02 +0.314851E+02 +0.000000E+00 +0.000000E+00 +0.225042E-02 -0.191000E-02 +0.000000E+00 +0.119644E-02 +0.000000E+00 +0.000000E+00
 +0.148320E+01 -0.102550E+03 +0.135960E+03 -0.831184E+02 +0.174376E+02 +0.313710E+02 +0.000000E+00 +0.000000E+00 +0.225192E-02 -0.191056E-02 +0.000000E+00 +0.119210E-02 +0.000000E+00 +0.000000E+00
 +0.148320E+01 -0.102560E+03 +0.136086E+03 -0.831002E+02 +0.174853E+02 +0.312570E+02 +0.000000E+00 +0.000000E+00 +0.225341E-02 -0.191112E-02 +0.000000E+00 +0.118776E-02 +0.000000E+00 +0.000000E+00
 +0.148320E+01 -0.102570E+03 +0.136184E+03 -0.831139E+02 +0.175132E+02 +0.311433E+02 +0.000000E+00 +0.000000E+00 +0.225475E-02 -0.191192E-02 +0.000000E+00 +0.118345E-02 +0.000000E+00 +0.000000E+00
 +0.148320E+01 -0.102580E+03 +0.136293E+03 -0.830914E+02 +0.175566E+02 +0.310303E+02 +0.000000E+00 +0.000000E+00 +0.225600E-02 -0.191231E-02 +0.000000E+00 +0.117915E-02 +0.000000E+00 +0.000000E+00
 +0.148320E+01 -0.102590E+03 +0.136407E+03 -0.830535E+02 +0.176068E+02 +0.309174E+02 +0.000000E+00 +0.000000E+00 +0.225721E-02 -0.191255E-02 +0.000000E+00 +0.117486E-02 +0.000000E+00 +0.000000E+00
 +0.148320E+01 -0.102600E+03 +0.136520E+03 -0.830164E+02 +0.176563E+02 +0.308042E+02 +0.000000E+00 +0.000000E+00 +0.225842E-02 -0.191278E-02 +0.000000E+00 +0.117056E-02 +0.000000E+00 +0.000000E+00
 +0.148320E+01 -0.102610E+03 +0.136625E+03 -0.829851E+02 +0.177010E+02 +0.306883E+02 +0.000000E+00 +0.000000E+00 +0.225955E-02 -0.191304E-02 +0.000000E+00 +0.116616E-02 +0.000000E+00 +0.000000E+00
 +0.148320E+01 -0.102620E+03 +0.136729E+03 -0.829539E+02 +0.177457E+02 +0.305724E+02 +0.000000E+00 +0.000000E+00 +0.226068E-02 -0.191329E-02 +0.000000E+00 +0.116175E-02 +0.000000E+00 +0.000000E+00
 +0.148320E+01 -0.102630E+03 +0.136834E+03 -0.829154E+02 +0.177931E+02 +0.304649E+02 +0.000000E+00 +0.000000E+00 +0.226178E-02 -0.191346E-02 +0.000000E+00 +0.115767E-02 +0.000000E+00 +0.000000E+00
 +0.148320E+01 -0.102640E+03 +0.136934E+03 -0.828869E+02 +0.178355E+02 +0.303682E+02 +0.000000E+00 +0.000000E+00 +0.226287E-02 -0.191372E-02 +0.000000E+00 +0.115399E-02 +0.000000E+00 +0.000000E+00
 +0.148320E+01 -0.102650E+03 +0.137017E+03 -0.828792E+02 +0.178654E+02 +0.302638E+02 +0.000000E+00 +0.000000E+00 +0.226388E-02 -0.191415E-02 +0.000000E+00 +0.115002E-02 +0.000000E+00 +0.000000E+00
 +0.148320E+01 -0.102660E+03 +0.137100E+03 -0.828716E+02 +0.178953E+02 +0.301593E+02 +0.000000E+00 +0.000000E+00 +0.226489E-02 -0.191457E-02 +0.000000E+00 +0.114605E-02 +0.000000E+00 +0.000000E+00
 +0.148320E+01 -0.102670E+03 +0.137183E+03 -0.828640E+02 +0.179252E+02 +0.300549E+02 +0.000000E+00 +0.000000E+00 +0.226589E-02 -0.191499E-02 +0.000000E+00 +0.114209E-02 +0.000000E+00 +0.000000E+00
 +0.148320E+01 -0.102680E+03 +0.137266E+03 -0.828563E+02 +0.179551E+02 +0.299504E+02 +0.000000E+00 +0.000000E+00 +0.226690E-02 -0.191542E-02 +0.000000E+00 +0.113812E-02 +0.000000E+00 +0.000000E+00
 +0.148320E+01 -0.102690E+03 +0.137361E+03 -0.828346E+02 +0.179936E+02 +0.298482E+02 +0.000000E+00 +0.000000E+00 +0.226798E-02 -0.191574E-02 +0.000000E+00 +0.113423E-02 +0.000000E+00 +0.000000E+00
 +0.148320E+01 -0.102700E+03 +0.137468E+03 -0.827991E+02 +0.180407E+02 +0.297481E+02 +0.000000E+00 +0.000000E+00 +0.226911E-02 -0.191596E-02 +0.000000E+00 +0.113043E-02 +0.000000E+00 +0.000000E+00
 +0.148320E+01 -0.102710E+03 +0.137575E+03 -0.827636E+02 +0.180877E+02 +0.296481E+02 +0.000000E+00 +0.000000E+00 +0.227025E-02 -0.191617E-02 +0.000000E+00 +0.112663E-02 +0.000000E+00 +0.000000E+00
 +0.148320E+01 -0.102720E+03 +0.137681E+03 -0.827285E+02 +0.181344E+02 +0.295478E+02 +0.000000E+00 +0.000000E+00 +0.227139E-02 -0.191640E-02 +0.000000E+00 +0.112282E-02 +0.000000E+00 +0.000000E+00
 +0.148320E+01 -0.102730E+03 +0.137769E+03 -0.827116E+02 +0.181688E+02 +0.294326E+02 +0.000000E+00 +0.000000E+00 +0.227240E-02 -0.191673E-02 +0.000000E+00 +0.111844E-02 +0.000000E+00 +0.000000E+00
 +0.148320E+01 -0.102740E+03 +0.137856E+03 -0.826947E+02 +0.182032E+02 +0.293175E+02 +0.000000E+00 +0.000000E+00 +0.227340E-02 -0.191706E-02 +0.000000E+00 +0.111406E-02 +0.000000E+00 +0.000000E+00
 +0.148320E+01 -0.102750E+03 +0.137948E+03 -0.826658E+02 +0.182431E+02 +0.292006E+02 +0.000000E+00 +0.000000E+00 +0.227439E-02 -0.191727E-02 +0.000000E+00 +0.110962E-02 +0.000000E+00 +0.000000E+00
 +0.148320E+01 -0.102760E+03 +0.138048E+03 -0.826164E+02 +0.182924E+02 +0.290806E+02 +0.000000E+00 +0.000000E+00 +0.227536E-02 -0.191727E-02 +0.000000E+00 +0.110506E-02 +0.000000E+00 +0.000000E+00
 +0.148320E+01 -0.102770E+03 +0.138148E+03 -0.825671E+02 +0.183417E+02 +0.289606E+02 +0.000000E+00 +0.000000E+00 +0.227632E-02 -0.191727E-02 +0.000000E+00 +0.110050E-02 +0.000000E+00 +0.000000E+00
 +0.148320E+01 -0.102780E+03 +0.138247E+03 -0.825305E+02 +0.183865E+02 +0.288315E+02 +0.000000E+00 +0.000000E+00 +0.227735E-02 -0.191742E-02 +0.000000E+00 +0.109560E-02 +0.000000E+00 +0.000000E+00
 +0.148320E+01 -0.102790E+03 +0.138346E+03 -0.824987E+02 +0.184296E+02 +0.286989E+02 +0.000000E+00 +0.000000E+00 +0.227841E-02 -0.191764E-02 +0.000000E+00 +0.109056E-02 +0.000000E+00 +0.000000E+00
 +0.148320E+01 -0.102800E+03 +0.138445E+03 -0.824669E+02 +0.184726E+02 +0.285663E+02 +0.000000E+00 +0.000000E+00 +0.227947E-02 -0.191785E-02 +0.000000E+00 +0.108552E-02 +0.000000E+00 +0.000000E+00
 +0.148320E+01 -0.102810E+03 +0.138543E+03 -0.824352E+02 +0.185157E+02 +0.284336E+02 +0.000000E+00 +0.000000E+00 +0.228052E-02 -0.191807E-02 +0.000000E+00 +0.108048E-02 +0.000000E+00 +0.000000E+00
 +0.148320E+01 -0.102820E+03 +0.138642E+03 -0.824034E+02 +0.185587E+02 +0.283010E+02 +0.000000E+00 +0.000000E+00 +0.228158E-02 -0.191828E-02 +0.000000E+00 +0.107544E-02 +0.000000E+00 +0.000000E+00
 +0.148320E+01 -0.102830E+03 +0.138736E+03 -0.823685E+02 +0.186012E+02 +0.281779E+02 +0.000000E+00 +0.000000E+00 +0.228256E-02 -0.191842E-02 +0.000000E+00 +0.107076E-02 +0.000000E+00 +0.000000E+00
 +0.148320E+01 -0.102840E+03 +0.138822E+03 -0.823284E+02 +0.186428E+02 +0.280703E+02 +0.000000E+00 +0.000000E+00 +0.228340E-02 -0.191845E-02 +0.000000E+00 +0.106667E-02 +0.000000E+00 +0.000000E+00
 +0.148320E+01 -0.102850E+03 +0.138908E+03 -0.822883E+02 +0.186844E+02 +0.279628E+02 +0.000000E+00 +0.000000E+00 +0.228424E-02 -0.191848E-02 +0.000000E+00 +0.106259E-02 +0.000000E+00 +0.000000E+00
 +0.148320E+01 -0.102860E+03 +0.138994E+03 -0.822482E+02 +0.187260E+02 +0.278553E+02 +0.000000E+00 +0.000000E+00 +0.228509E-02 -0.191851E-02 +0.000000E+00 +0.105850E-02 +0.000000E+00 +0.000000E+00
 +0.148320E+01 -0.102870E+03 +0.139080E+03 -0.822081E+02 +0.187677E+02 +0.277477E+02 +0.000000E+00 +0.000000E+00 +0.228593E-02 -0.191854E-02 +0.000000E+00 +0.105441E-02 +0.000000E+00 +0.000000E+00
 +0.148320E+01 -0.102880E+03 +0.139166E+03 -0.821680E+02 +0.188093E+02 +0.276402E+02 +0.000000E+00 +0.000000E+00 +0.228677E-02 -0.191857E-02 +0.000000E+00 +0.105033E-02 +0.000000E+00 +0.000000E+00
 +0.148320E+01 -0.102890E+03 +0.139253E+03 -0.821255E+02 +0.188521E+02 +0.275312E+02 +0.000000E+00 +0.000000E+00 +0.228762E-02 -0.191857E-02 +0.000000E+00 +0.104619E-02 +0.000000E+00 +0.000000E+00
 +0.148320E+01 -0.102900E+03 +0.139346E+03 -0.820702E+02 +0.189010E+02 +0.274145E+02 +0.000000E+00 +0.000000E+00 +0.228846E-02 -0.191845E-02 +0.000000E+00 +0.104175E-02 +0.000000E+00 +0.000000E+00
 +0.148320E+01 -0.102910E+03 +0.139439E+03 -0.820149E+02 +0.189500E+02 +0.272978E+02 +0.000000E+00 +0.000000E+00 +0.228930E-02 -0.191833E-02 +0.000000E+00 +0.103732E-02 +0.000000E+00 +0.000000E+00
 +0.148320E+01 -0.102920E+03 +0.139510E+03 -0.819738E+02 +0.189871E+02 +0.271834E+02 +0.000000E+00 +0.000000E+00 +0.228994E-02 -0.191826E-02 +0.000000E+00 +0.103297E-02 +0.000000E+00 +0.000000E+00
 +0.148320E+01 -0.102930E+03 +0.139576E+03 -0.819361E+02 +0.190213E+02 +0.270695E+02 +0.000000E+00 +0.000000E+00 +0.229055E-02 -0.191819E-02 +0.000000E+00 +0.102864E-02 +0.000000E+00 +0.000000E+00
 +0.148320E+01 -0.102940E+03 +0.139657E+03 -0.818940E+02 +0.190619E+02 +0.269572E+02 +0.000000E+00 +0.000000E+00 +0.229131E-02 -0.191816E-02 +0.000000E+00 +0.102437E-02 +0.000000E+00 +0.000000E+00
 +0.148320E+01 -0.102950E+03 +0.139749E+03 -0.818491E+02 +0.191069E+02 +0.268461E+02 +0.000000E+00 +0.000000E+00 +0.229219E-02 -0.191816E-02 +0.000000E+00 +0.102015E-02 +0.000000E+00 +0.000000E+00
 +0.148320E+01 -0.102960E+03 +0.139840E+03 -0.818042E+02 +0.191519E+02 +0.267349E+02 +0.000000E+00 +0.000000E+00 +0.229308E-02 -0.191816E-02 +0.000000E+00 +0.101593E-02 +0.000000E+00 +0.000000E+00
 +0.148320E+01 -0.102970E+03 +0.139932E+03 -0.817592E+02 +0.191969E+02 +0.266238E+02 +0.000000E+00 +0.000000E+00 +0.229396E-02 -0.191817E-02 +0.000000E+00 +0.101170E-02 +0.000000E+00 +0.000000E+00
 +0.148320E+01 -0.102980E+03 +0.140023E+03 -0.817143E+02 +0.192418E+02 +0.265127E+02 +0.000000E+00 +0.000000E+00 +0.229484E-02 -0.191817E-02 +0.000000E+00 +0.100748E-02 +0.000000E+00 +0.000000E+00
 +0.148320E+01 -0.102990E+03 +0.140114E+03 -0.816693E+02 +0.192868E+02 +0.264015E+02 +0.000000E+00 +0.000000E+00 +0.229572E-02 -0.191817E-02 +0.000000E+00 +0.100326E-02 +0.000000E+00 +0.000000E+00
 +0.148320E+01 -0.103000E+03 +0.140207E+03 -0.816213E+02 +0.193332E+02 +0.262902E+02 +0.000000E+00 +0.000000E+00 +0.229660E-02 -0.191814E-02 +0.000000E+00 +0.999027E-03 +0.000000E+00 +0.000000E+00
 +0.148320E+01 -0.103010E+03 +0.140305E+03 -0.815583E+02 +0.193863E+02 +0.261779E+02 +0.000000E+00 +0.000000E+00 +0.229745E-02 -0.191795E-02 +0.000000E+00 +0.994762E-03 +0.000000E+00 +0.000000E+00
 +0.148320E+01 -0.103020E+03 +0.140403E+03 -0.814953E+02 +0.194394E+02 +0.260657E+02 +0.000000E+00 +0.000000E+00 +0.229830E-02 -0.191776E-02 +0.000000E+00 +0.990497E-03 +0.000000E+00 +0.000000E+00
 +0.148320E+01 -0.103030E+03 +0.140500E+03 -0.814322E+02 +0.194925E+02 +0.259535E+02 +0.000000E+00 +0.000000E+00 +0.229915E-02 -0.191757E-02 +0.000000E+00 +0.986231E-03 +0.000000E+00 +0.000000E+00
 +0.148320E+01 -0.103040E+03 +0.140598E+03 -0.813692E+02 +0.195456E+02 +0.258412E+02 +0.000000E+00 +0.000000E+00 +0.230000E-02 -0.191738E-02 +0.000000E+00 +0.981966E-03 +0.000000E+00 +0.000000E+00
 +0.148320E+01 -0.103050E+03 +0.140696E+03 -0.813062E+02 +0.195987E+02 +0.257290E+02 +0.000000E+00 +0.000000E+00 +0.230085E-02 -0.191719E-02 +0.000000E+00 +0.977701E-03 +0.000000E+00 +0.000000E+00
 +0.148320E+01 -0.103060E+03 +0.140787E+03 -0.812068E+02 +0.196614E+02 +0.256266E+02 +0.000000E+00 +0.000000E+00 +0.230138E-02 -0.191649E-02 +0.000000E+00 +0.973811E-03 +0.000000E+00 +0.000000E+00
 +0.148320E+01 -0.103070E+03 +0.140876E+03 -0.811013E+02 +0.197256E+02 +0.255259E+02 +0.000000E+00 +0.000000E+00 +0.230185E-02 -0.191571E-02 +0.000000E+00 +0.969984E-03 +0.000000E+00 +0.000000E+00
 +0.148320E+01 -0.103080E+03 +0.140965E+03 -0.809958E+02 +0.197898E+02 +0.254252E+02 +0.000000E+00 +0.000000E+00 +0.230233E-02 -0.191493E-02 +0.000000E+00 +0.966156E-03 +0.000000E+00 +0.000000E+00
 +0.148320E+01 -0.103090E+03 +0.141034E+03 -0.809431E+02 +0.198302E+02 +0.253300E+02 +0.000000E+00 +0.000000E+00 +0.230288E-02 -0.191469E-02 +0.000000E+00 +0.962538E-03 +0.000000E+00 +0.000000E+00
 +0.148320E+01 -0.103100E+03 +0.141100E+03 -0.809005E+02 +0.198660E+02 +0.252358E+02 +0.000000E+00 +0.000000E+00 +0.230346E-02 -0.191456E-02 +0.000000E+00 +0.958961E-03 +0.000000E+00 +0.000000E+00
 +0.148320E+01 -0.103110E+03 +0.141166E+03 -0.808579E+02 +0.199018E+02 +0.251417E+02 +0.000000E+00 +0.000000E+00 +0.230403E-02 -0.191443E-02 +0.000000E+00 +0.955383E-03 +0.000000E+00 +0.000000E+00
 +0.148320E+01 -0.103120E+03 +0.141232E+03 -0.808153E+02 +0.199377E+02 +0.250475E+02 +0.000000E+00 +0.000000E+00 +0.230460E-02 -0.191431E-02 +0.000000E+00 +0.951806E-03 +0.000000E+00 +0.000000E+00
 +0.148320E+01 -0.103130E+03 +0.141298E+03 -0.807727E+02 +0.199735E+02 +0.249534E+02 +0.000000E+00 +0.000000E+00 +0.230517E-02 -0.191418E-02 +0.000000E+00 +0.948228E-03 +0.000000E+00 +0.000000E+00
 +0.148320E+01 -0.103140E+03 +0.141364E+03 -0.807301E+02 +0.200093E+02 +0.248592E+02 +0.000000E+00 +0.000000E+00 +0.230575E-02 -0.191405E-02 +0.000000E+00 +0.944650E-03 +0.000000E+00 +0.000000E+00
 +0.148320E+01 -0.103150E+03 +0.141430E+03 -0.806875E+02 +0.200452E+02 +0.247651E+02 +0.000000E+00 +0.000000E+00 +0.230632E-02 -0.191392E-02 +0.000000E+00 +0.941073E-03 +0.000000E+00 +0.000000E+00
 +0.148320E+01 -0.103160E+03 +0.141496E+03 -0.806449E+02 +0.200810E+02 +0.246709E+02 +0.000000E+00 +0.000000E+00 +0.230689E-02 -0.191379E-02 +0.000000E+00 +0.937495E-03 +0.000000E+00 +0.000000E+00
 +0.148320E+01 -0.103170E+03 +0.141581E+03 -0.805995E+02 +0.201240E+02 +0.245644E+02 +0.000000E+00 +0.000000E+00 +0.230769E-02 -0.191375E-02 +0.000000E+00 +0.933448E-03 +0.000000E+00 +0.000000E+00
 +0.148320E+01 -0.103180E+03 +0.141693E+03 -0.805501E+02 +0.201772E+02 +0.244405E+02 +0.000000E+00 +0.000000E+00 +0.230880E-02 -0.191382E-02 +0.000000E+00 +0.928741E-03 +0.000000E+00 +0.000000E+00
 +0.148320E+01 -0.103190E+03 +0.141805E+03 -0.805007E+02 +0.202303E+02 +0.243167E+02 +0.000000E+00 +0.000000E+00 +0.230991E-02 -0.191389E-02 +0.000000E+00 +0.924033E-03 +0.000000E+00 +0.000000E+00
 +0.148320E+01 -0.103200E+03 +0.141891E+03 -0.804489E+02 +0.202760E+02 +0.242102E+02 +0.000000E+00 +0.000000E+00 +0.231069E-02 -0.191377E-02 +0.000000E+00 +0.919989E-03 +0.000000E+00 +0.000000E+00
 +0.148320E+01 -0.103210E+03 +0.141963E+03 -0.803958E+02 +0.203173E+02 +0.241139E+02 +0.000000E+00 +0.000000E+00 +0.231128E-02 -0.191355E-02 +0.000000E+00 +0.916329E-03 +0.000000E+00 +0.000000E+00
 +0.148320E+01 -0.103220E+03 +0.142036E+03 -0.803426E+02 +0.203587E+02 +0.240176E+02 +0.000000E+00 +0.000000E+00 +0.231186E-02 -0.191332E-02 +0.000000E+00 +0.912668E-03 +0.000000E+00 +0.000000E+00
 +0.148320E+01 -0.103230E+03 +0.142108E+03 -0.802894E+02 +0.204000E+02 +0.239213E+02 +0.000000E+00 +0.000000E+00 +0.231244E-02 -0.191310E-02 +0.000000E+00 +0.909008E-03 +0.000000E+00 +0.000000E+00
 +0.148320E+01 -0.103240E+03 +0.142180E+03 -0.802362E+02 +0.204414E+02 +0.238249E+02 +0.000000E+00 +0.000000E+00 +0.231303E-02 -0.191287E-02 +0.000000E+00 +0.905348E-03 +0.000000E+00 +0.000000E+00
 +0.148320E+01 -0.103250E+03 +0.142252E+03 -0.801830E+02 +0.204827E+02 +0.237286E+02 +0.000000E+00 +0.000000E+00 +0.231361E-02 -0.191265E-02 +0.000000E+00 +0.901687E-03 +0.000000E+00 +0.000000E+00
 +0.148320E+01 -0.103260E+03 +0.142324E+03 -0.801298E+02 +0.205241E+02 +0.236323E+02 +0.000000E+00 +0.000000E+00 +0.231420E-02 -0.191242E-02 +0.000000E+00 +0.898027E-03 +0.000000E+00 +0.000000E+00
 +0.148320E+01 -0.103270E+03 +0.142396E+03 -0.800766E+02 +0.205654E+02 +0.235360E+02 +0.000000E+00 +0.000000E+00 +0.231478E-02 -0.191220E-02 +0.000000E+00 +0.894367E-03 +0.000000E+00 +0.000000E+00
 +0.148320E+01 -0.103280E+03 +0.142468E+03 -0.800234E+02 +0.206068E+02 +0.234396E+02 +0.000000E+00 +0.000000E+00 +0.231537E-02 -0.191197E-02 +0.000000E+00 +0.890706E-03 +0.000000E+00 +0.000000E+00
 +0.148320E+01 -0.103290E+03 +0.142540E+03 -0.799721E+02 +0.206475E+02 +0.233425E+02 +0.000000E+00 +0.000000E+00 +0.231596E-02 -0.191177E-02 +0.000000E+00 +0.887015E-03 +0.000000E+00 +0.000000E+00
 +0.148320E+01 -0.103300E+03 +0.142613E+03 -0.799324E+02 +0.206848E+02 +0.232403E+02 +0.000000E+00 +0.000000E+00 +0.231665E-02 -0.191173E-02 +0.000000E+00 +0.883131E-03 +0.000000E+00 +0.000000E+00
 +0.148320E+01 -0.103310E+03 +0.142687E+03 -0.798926E+02 +0.207220E+02 +0.231381E+02 +0.000000E+00 +0.000000E+00 +0.231733E-02 -0.191168E-02 +0.000000E+00 +0.879248E-03 +0.000000E+00 +0.000000E+00
 +0.148320E+01 -0.103320E+03 +0.142760E+03 -0.798529E+02 +0.207592E+02 +0.230359E+02 +0.000000E+00 +0.000000E+00 +0.231801E-02 -0.191163E-02 +0.000000E+00 +0.875364E-03 +0.000000E+00 +0.000000E+00
 +0.148320E+01 -0.103330E+03 +0.142833E+03 -0.798131E+02 +0.207965E+02 +0.229337E+02 +0.000000E+00 +0.000000E+00 +0.231869E-02 -0.191158E-02 +0.000000E+00 +0.871480E-03 +0.000000E+00 +0.000000E+00
 +0.148320E+01 -0.103340E+03 +0.142906E+03 -0.797734E+02 +0.208337E+02 +0.228315E+02 +0.000000E+00 +0.000000E+00 +0.231937E-02 -0.191153E-02 +0.000000E+00 +0.867597E-03 +0.000000E+00 +0.000000E+00
 +0.148320E+01 -0.103350E+03 +0.142974E+03 -0.797326E+02 +0.208698E+02 +0.227368E+02 +0.000000E+00 +0.000000E+00 +0.231999E-02 -0.191145E-02 +0.000000E+00 +0.863997E-03 +0.000000E+00 +0.000000E+00
 +0.148320E+01 -0.103360E+03 +0.143039E+03 -0.796909E+02 +0.209049E+02 +0.226483E+02 +0.000000E+00 +0.000000E+00 +0.232055E-02 -0.191132E-02 +0.000000E+00 +0.860636E-03 +0.000000E+00 +0.000000E+00
 +0.148320E+01 -0.103370E+03 +0.143104E+03 -0.796493E+02 +0.209401E+02 +0.225599E+02 +0.000000E+00 +0.000000E+00 +0.232112E-02 -0.191120E-02 +0.000000E+00 +0.857275E-03 +0.000000E+00 +0.000000E+00
 +0.148320E+01 -0.103380E+03 +0.143165E+03 -0.795943E+02 +0.209783E+02 +0.224629E+02 +0.000000E+00 +0.000000E+00 +0.232155E-02 -0.191088E-02 +0.000000E+00 +0.853590E-03 +0.000000E+00 +0.000000E+00
 +0.148320E+01 -0.103390E+03 +0.143224E+03 -0.795331E+02 +0.210179E+02 +0.223619E+02 +0.000000E+00 +0.000000E+00 +0.232191E-02 -0.191047E-02 +0.000000E+00 +0.849751E-03 +0.000000E+00 +0.000000E+00
 +0.148320E+01 -0.103400E+03 +0.143283E+03 -0.794719E+02 +0.210576E+02 +0.222608E+02 +0.000000E+00 +0.000000E+00 +0.232228E-02 -0.191006E-02 +0.000000E+00 +0.845912E-03 +0.000000E+00 +0.000000E+00
 +0.148320E+01 -0.103410E+03 +0.143342E+03 -0.794107E+02 +0.210972E+02 +0.221598E+02 +0.000000E+00 +0.000000E+00 +0.232264E-02 -0.190965E-02 +0.000000E+00 +0.842073E-03 +0.000000E+00 +0.000000E+00
 +0.148320E+01 -0.103420E+03 +0.143401E+03 -0.793494E+02 +0.211369E+02 +0.220588E+02 +0.000000E+00 +0.000000E+00 +0.232301E-02 -0.190924E-02 +0.000000E+00 +0.838234E-03 +0.000000E+00 +0.000000E+00
 +0.148320E+01 -0.103430E+03 +0.143459E+03 -0.792882E+02 +0.211765E+02 +0.219578E+02 +0.000000E+00 +0.000000E+00 +0.232338E-02 -0.190883E-02 +0.000000E+00 +0.834396E-03 +0.000000E+00 +0.000000E+00
 +0.148320E+01 -0.103440E+03 +0.143518E+03 -0.792270E+02 +0.212162E+02 +0.218568E+02 +0.000000E+00 +0.000000E+00 +0.232374E-02 -0.190842E-02 +0.000000E+00 +0.830557E-03 +0.000000E+00 +0.000000E+00
 +0.148320E+01 -0.103450E+03 +0.143577E+03 -0.791657E+02 +0.212558E+02 +0.217557E+02 +0.000000E+00 +0.000000E+00 +0.232411E-02 -0.190801E-02 +0.000000E+00 +0.826718E-03 +0.000000E+00 +0.000000E+00
 +0.148320E+01 -0.103460E+03 +0.143636E+03 -0.791045E+02 +0.212955E+02 +0.216547E+02 +0.000000E+00 +0.000000E+00 +0.232447E-02 -0.190760E-02 +0.000000E+00 +0.822879E-03 +0.000000E+00 +0.000000E+00
 +0.148320E+01 -0.103470E+03 +0.143695E+03 -0.790433E+02 +0.213351E+02 +0.215537E+02 +0.000000E+00 +0.000000E+00 +0.232484E-02 -0.190719E-02 +0.000000E+00 +0.819040E-03 +0.000000E+00 +0.000000E+00
 +0.148320E+01 -0.103480E+03 +0.143754E+03 -0.789821E+02 +0.213748E+02 +0.214527E+02 +0.000000E+00 +0.000000E+00 +0.232521E-02 -0.190678E-02 +0.000000E+00 +0.815201E-03 +0.000000E+00 +0.000000E+00
 +0.148320E+01 -0.103490E+03 +0.143813E+03 -0.789208E+02 +0.214144E+02 +0.213516E+02 +0.000000E+00 +0.000000E+00 +0.232557E-02 -0.190637E-02 +0.000000E+00 +0.811362E-03 +0.000000E+00 +0.000000E+00
 +0.148320E+01 -0.103500E+03 +0.143872E+03 -0.788590E+02 +0.214542E+02 +0.212516E+02 +0.000000E+00 +0.000000E+00 +0.232593E-02 -0.190595E-02 +0.000000E+00 +0.807559E-03 +0.000000E+00 +0.000000E+00
 +0.148320E+01 -0.103510E+03 +0.143928E+03 -0.787871E+02 +0.214964E+02 +0.211670E+02 +0.000000E+00 +0.000000E+00 +0.232620E-02 -0.190539E-02 +0.000000E+00 +0.804345E-03 +0.000000E+00 +0.000000E+00
 +0.148320E+01 -0.103520E+03 +0.143984E+03 -0.787151E+02 +0.215386E+02 +0.210824E+02 +0.000000E+00 +0.000000E+00 +0.232646E-02 -0.190482E-02 +0.000000E+00 +0.801130E-03 +0.000000E+00 +0.000000E+00
 +0.148320E+01 -0.103530E+03 +0.144040E+03 -0.786432E+02 +0.215808E+02 +0.209978E+02 +0.000000E+00 +0.000000E+00 +0.232672E-02 -0.190426E-02 +0.000000E+00 +0.797915E-03 +0.000000E+00 +0.000000E+00
 +0.148320E+01 -0.103540E+03 +0.144096E+03 -0.785713E+02 +0.216230E+02 +0.209132E+02 +0.000000E+00 +0.000000E+00 +0.232698E-02 -0.190369E-02 +0.000000E+00 +0.794700E-03 +0.000000E+00 +0.000000E+00
 +0.148320E+01 -0.103550E+03 +0.144152E+03 -0.784994E+02 +0.216652E+02 +0.208286E+02 +0.000000E+00 +0.000000E+00 +0.232724E-02 -0.190313E-02 +0.000000E+00 +0.791486E-03 +0.000000E+00 +0.000000E+00
 +0.148320E+01 -0.103560E+03 +0.144208E+03 -0.784275E+02 +0.217074E+02 +0.207440E+02 +0.000000E+00 +0.000000E+00 +0.232750E-02 -0.190256E-02 +0.000000E+00 +0.788271E-03 +0.000000E+00 +0.000000E+00
 +0.148320E+01 -0.103570E+03 +0.144263E+03 -0.783555E+02 +0.217496E+02 +0.206594E+02 +0.000000E+00 +0.000000E+00 +0.232776E-02 -0.190200E-02 +0.000000E+00 +0.785056E-03 +0.000000E+00 +0.000000E+00
 +0.148320E+01 -0.103580E+03 +0.144319E+03 -0.782836E+02 +0.217918E+02 +0.205748E+02 +0.000000E+00 +0.000000E+00 +0.232802E-02 -0.190143E-02 +0.000000E+00 +0.781841E-03 +0.000000E+00 +0.000000E+00
 +0.148320E+01 -0.103590E+03 +0.144375E+03 -0.782117E+02 +0.218340E+02 +0.204902E+02 +0.000000E+00 +0.000000E+00 +0.232829E-02 -0.190087E-02 +0.000000E+00 +0.778627E-03 +0.000000E+00 +0.000000E+00
 +0.148320E+01 -0.103600E+03 +0.144431E+03 -0.781398E+02 +0.218762E+02 +0.204056E+02 +0.000000E+00 +0.000000E+00 +0.232855E-02 -0.190030E-02 +0.000000E+00 +0.775412E-03 +0.000000E+00 +0.000000E+00
 +0.148320E+01 -0.103610E+03 +0.144487E+03 -0.780678E+02 +0.219184E+02 +0.203210E+02 +0.000000E+00 +0.000000E+00 +0.232881E-02 -0.189974E-02 +0.000000E+00 +0.772197E-03 +0.000000E+00 +0.000000E+00
 +0.148320E+01 -0.103620E+03 +0.144543E+03 -0.779959E+02 +0.219606E+02 +0.202364E+02 +0.000000E+00 +0.000000E+00 +0.232907E-02 -0.189917E-02 +0.000000E+00 +0.768982E-03 +0.000000E+00 +0.000000E+00
 +0.148320E+01 -0.103630E+03 +0.144599E+03 -0.779240E+02 +0.220028E+02 +0.201518E+02 +0.000000E+00 +0.000000E+00 +0.232933E-02 -0.189861E-02 +0.000000E+00 +0.765768E-03 +0.000000E+00 +0.000000E+00
 +0.148320E+01 -0.103640E+03 +0.144655E+03 -0.778521E+02 +0.220450E+02 +0.200672E+02 +0.000000E+00 +0.000000E+00 +0.232959E-02 -0.189804E-02 +0.000000E+00 +0.762553E-03 +0.000000E+00 +0.000000E+00
 +0.148320E+01 -0.103650E+03 +0.144708E+03 -0.777718E+02 +0.220890E+02 +0.199773E+02 +0.000000E+00 +0.000000E+00 +0.232976E-02 -0.189736E-02 +0.000000E+00 +0.759137E-03 +0.000000E+00 +0.000000E+00
 +0.148320E+01 -0.103660E+03 +0.144758E+03 -0.776834E+02 +0.221348E+02 +0.198822E+02 +0.000000E+00 +0.000000E+00 +0.232985E-02 -0.189654E-02 +0.000000E+00 +0.755525E-03 +0.000000E+00 +0.000000E+00
 +0.148320E+01 -0.103670E+03 +0.144806E+03 -0.775946E+02 +0.221799E+02 +0.198001E+02 +0.000000E+00 +0.000000E+00 +0.232990E-02 -0.189572E-02 +0.000000E+00 +0.752402E-03 +0.000000E+00 +0.000000E+00
 +0.148320E+01 -0.103680E+03 +0.144854E+03 -0.775069E+02 +0.222246E+02 +0.197205E+02 +0.000000E+00 +0.000000E+00 +0.232996E-02 -0.189490E-02 +0.000000E+00 +0.749379E-03 +0.000000E+00 +0.000000E+00
 +0.148320E+01 -0.103690E+03 +0.144909E+03 -0.774355E+02 +0.222663E+02 +0.196321E+02 +0.000000E+00 +0.000000E+00 +0.233021E-02 -0.189433E-02 +0.000000E+00 +0.746022E-03 +0.000000E+00 +0.000000E+00
 +0.148320E+01 -0.103700E+03 +0.144964E+03 -0.773640E+02 +0.223079E+02 +0.195438E+02 +0.000000E+00 +0.000000E+00 +0.233046E-02 -0.189377E-02 +0.000000E+00 +0.742665E-03 +0.000000E+00 +0.000000E+00
 +0.148320E+01 -0.103710E+03 +0.145019E+03 -0.772925E+02 +0.223496E+02 +0.194555E+02 +0.000000E+00 +0.000000E+00 +0.233071E-02 -0.189320E-02 +0.000000E+00 +0.739308E-03 +0.000000E+00 +0.000000E+00
 +0.148320E+01 -0.103720E+03 +0.145073E+03 -0.772210E+02 +0.223913E+02 +0.193671E+02 +0.000000E+00 +0.000000E+00 +0.233096E-02 -0.189263E-02 +0.000000E+00 +0.735951E-03 +0.000000E+00 +0.000000E+00
 +0.148320E+01 -0.103730E+03 +0.145128E+03 -0.771495E+02 +0.224330E+02 +0.192788E+02 +0.000000E+00 +0.000000E+00 +0.233121E-02 -0.189207E-02 +0.000000E+00 +0.732594E-03 +0.000000E+00 +0.000000E+00
 +0.148320E+01 -0.103740E+03 +0.145183E+03 -0.770781E+02 +0.224747E+02 +0.191905E+02 +0.000000E+00 +0.000000E+00 +0.233146E-02 -0.189150E-02 +0.000000E+00 +0.729237E-03 +0.000000E+00 +0.000000E+00
 +0.148320E+01 -0.103750E+03 +0.145238E+03 -0.770066E+02 +0.225164E+02 +0.191021E+02 +0.000000E+00 +0.000000E+00 +0.233171E-02 -0.189094E-02 +0.000000E+00 +0.725881E-03 +0.000000E+00 +0.000000E+00
 +0.148320E+01 -0.103760E+03 +0.145293E+03 -0.769351E+02 +0.225580E+02 +0.190138E+02 +0.000000E+00 +0.000000E+00 +0.233196E-02 -0.189037E-02 +0.000000E+00 +0.722524E-03 +0.000000E+00 +0.000000E+00
 +0.148320E+01 -0.103770E+03 +0.145348E+03 -0.768636E+02 +0.225997E+02 +0.189254E+02 +0.000000E+00 +0.000000E+00 +0.233221E-02 -0.188980E-02 +0.000000E+00 +0.719167E-03 +0.000000E+00 +0.000000E+00
 +0.148320E+01 -0.103780E+03 +0.145402E+03 -0.767921E+02 +0.226414E+02 +0.188371E+02 +0.000000E+00 +0.000000E+00 +0.233246E-02 -0.188924E-02 +0.000000E+00 +0.715810E-03 +0.000000E+00 +0.000000E+00
 +0.148320E+01 -0.103790E+03 +0.145457E+03 -0.767207E+02 +0.226831E+02 +0.187488E+02 +0.000000E+00 +0.000000E+00 +0.233271E-02 -0.188867E-02 +0.000000E+00 +0.712453E-03 +0.000000E+00 +0.000000E+00
 +0.148320E+01 -0.103800E+03 +0.145512E+03 -0.766492E+02 +0.227248E+02 +0.186604E+02 +0.000000E+00 +0.000000E+00 +0.233296E-02 -0.188811E-02 +0.000000E+00 +0.709096E-03 +0.000000E+00 +0.000000E+00
 +0.148320E+01 -0.103810E+03 +0.145567E+03 -0.765777E+02 +0.227664E+02 +0.185721E+02 +0.000000E+00 +0.000000E+00 +0.233321E-02 -0.188754E-02 +0.000000E+00 +0.705739E-03 +0.000000E+00 +0.000000E+00
 +0.148320E+01 -0.103820E+03 +0.145622E+03 -0.765062E+02 +0.228081E+02 +0.184838E+02 +0.000000E+00 +0.000000E+00 +0.233346E-02 -0.188697E-02 +0.000000E+00 +0.702383E-03 +0.000000E+00 +0.000000E+00
 +0.148320E+01 -0.103830E+03 +0.145677E+03 -0.764348E+02 +0.228498E+02 +0.183954E+02 +0.000000E+00 +0.000000E+00 +0.233371E-02 -0.188641E-02 +0.000000E+00 +0.699026E-03 +0.000000E+00 +0.000000E+00
 +0.148320E+01 -0.103840E+03 +0.145731E+03 -0.763631E+02 +0.228915E+02 +0.183150E+02 +0.000000E+00 +0.000000E+00 +0.233396E-02 -0.188584E-02 +0.000000E+00 +0.695969E-03 +0.000000E+00 +0.000000E+00
 +0.148320E+01 -0.103850E+03 +0.145786E+03 -0.762914E+02 +0.229331E+02 +0.182448E+02 +0.000000E+00 +0.000000E+00 +0.233420E-02 -0.188527E-02 +0.000000E+00 +0.693304E-03 +0.000000E+00 +0.000000E+00
 +0.148320E+01 -0.103860E+03 +0.145840E+03 -0.762196E+02 +0.229748E+02 +0.181747E+02 +0.000000E+00 +0.000000E+00 +0.233444E-02 -0.188469E-02 +0.000000E+00 +0.690638E-03 +0.000000E+00 +0.000000E+00
 +0.148320E+01 -0.103870E+03 +0.145895E+03 -0.761478E+02 +0.230164E+02 +0.181045E+02 +0.000000E+00 +0.000000E+00 +0.233468E-02 -0.188412E-02 +0.000000E+00 +0.687972E-03 +0.000000E+00 +0.000000E+00
 +0.148320E+01 -0.103880E+03 +0.145949E+03 -0.760760E+02 +0.230581E+02 +0.180344E+02 +0.000000E+00 +0.000000E+00 +0.233493E-02 -0.188355E-02 +0.000000E+00 +0.685307E-03 +0.000000E+00 +0.000000E+00
 +0.148320E+01 -0.103890E+03 +0.146003E+03 -0.760042E+02 +0.230997E+02 +0.179642E+02 +0.000000E+00 +0.000000E+00 +0.233517E-02 -0.188298E-02 +0.000000E+00 +0.682641E-03 +0.000000E+00 +0.000000E+00
 +0.148320E+01 -0.103900E+03 +0.146058E+03 -0.759324E+02 +0.231414E+02 +0.178941E+02 +0.000000E+00 +0.000000E+00 +0.233541E-02 -0.188240E-02 +0.000000E+00 +0.679975E-03 +0.000000E+00 +0.000000E+00
 +0.148320E+01 -0.103910E+03 +0.146112E+03 -0.758606E+02 +0.231831E+02 +0.178239E+02 +0.000000E+00 +0.000000E+00 +0.233566E-02 -0.188183E-02 +0.000000E+00 +0.677309E-03 +0.000000E+00 +0.000000E+00
 +0.148320E+01 -0.103920E+03 +0.146167E+03 -0.757889E+02 +0.232247E+02 +0.177538E+02 +0.000000E+00 +0.000000E+00 +0.233590E-02 -0.188126E-02 +0.000000E+00 +0.674644E-03 +0.000000E+00 +0.000000E+00
 +0.148320E+01 -0.103930E+03 +0.146221E+03 -0.757171E+02 +0.232664E+02 +0.176836E+02 +0.000000E+00 +0.000000E+00 +0.233614E-02 -0.188069E-02 +0.000000E+00 +0.671978E-03 +0.000000E+00 +0.000000E+00
 +0.148320E+01 -0.103940E+03 +0.146276E+03 -0.756453E+02 +0.233080E+02 +0.176135E+02 +0.000000E+00 +0.000000E+00 +0.233638E-02 -0.188011E-02 +0.000000E+00 +0.669312E-03 +0.000000E+00 +0.000000E+00
 +0.148320E+01 -0.103950E+03 +0.146330E+03 -0.755735E+02 +0.233497E+02 +0.175433E+02 +0.000000E+00 +0.000000E+00 +0.233663E-02 -0.187954E-02 +0.000000E+00 +0.666646E-03 +0.000000E+00 +0.000000E+00
 +0.148320E+01 -0.103960E+03 +0.146384E+03 -0.755017E+02 +0.233913E+02 +0.174732E+02 +0.000000E+00 +0.000000E+00 +0.233687E-02 -0.187897E-02 +0.000000E+00 +0.663981E-03 +0.000000E+00 +0.000000E+00
 +0.148320E+01 -0.103970E+03 +0.146439E+03 -0.754299E+02 +0.234330E+02 +0.174030E+02 +0.000000E+00 +0.000000E+00 +0.233711E-02 -0.187839E-02 +0.000000E+00 +0.661315E-03 +0.000000E+00 +0.000000E+00
 +0.148320E+01 -0.103980E+03 +0.146493E+03 -0.753581E+02 +0.234746E+02 +0.173329E+02 +0.000000E+00 +0.000000E+00 +0.233736E-02 -0.187782E-02 +0.000000E+00 +0.658649E-03 +0.000000E+00 +0.000000E+00
 +0.148320E+01 -0.103990E+03 +0.146548E+03 -0.752864E+02 +0.235163E+02 +0.172627E+02 +0.000000E+00 +0.000000E+00 +0.233760E-02 -0.187725E-02 +0.000000E+00 +0.655984E-03 +0.000000E+00 +0.000000E+00
 +0.148320E+01 -0.104000E+03 +0.146602E+03 -0.752146E+02 +0.235579E+02 +0.171926E+02 +0.000000E+00 +0.000000E+00 +0.233784E-02 -0.187668E-02 +0.000000E+00 +0.653318E-03 +0.000000E+00 +0.000000E+00
 +0.148320E+01 -0.104010E+03 +0.146657E+03 -0.751428E+02 +0.235996E+02 +0.171224E+02 +0.000000E+00 +0.000000E+00 +0.233808E-02 -0.187610E-02 +0.000000E+00 +0.650652E-03 +0.000000E+00 +0.000000E+00
 +0.148320E+01 -0.104020E+03 +0.146706E+03 -0.750617E+02 +0.236425E+02 +0.170475E+02 +0.000000E+00 +0.000000E+00 +0.233820E-02 -0.187538E-02 +0.000000E+00 +0.647806E-03 +0.000000E+00 +0.000000E+00
 +0.148320E+01 -0.104030E+03 +0.146750E+03 -0.749716E+02 +0.236867E+02 +0.169699E+02 +0.000000E+00 +0.000000E+00 +0.233819E-02 -0.187451E-02 +0.000000E+00 +0.644856E-03 +0.000000E+00 +0.000000E+00
 +0.148320E+01 -0.104040E+03 +0.146796E+03 -0.748878E+02 +0.237297E+02 +0.169121E+02 +0.000000E+00 +0.000000E+00 +0.233826E-02 -0.187373E-02 +0.000000E+00 +0.642661E-03 +0.000000E+00 +0.000000E+00
 +0.148320E+01 -0.104050E+03 +0.146830E+03 -0.748227E+02 +0.237625E+02 +0.168363E+02 +0.000000E+00 +0.000000E+00 +0.233829E-02 -0.187312E-02 +0.000000E+00 +0.639779E-03 +0.000000E+00 +0.000000E+00
 +0.148320E+01 -0.104060E+03 +0.146864E+03 -0.747592E+02 +0.237945E+02 +0.167589E+02 +0.000000E+00 +0.000000E+00 +0.233832E-02 -0.187252E-02 +0.000000E+00 +0.636837E-03 +0.000000E+00 +0.000000E+00
 +0.148320E+01 -0.104070E+03 +0.146897E+03 -0.746957E+02 +0.238265E+02 +0.166814E+02 +0.000000E+00 +0.000000E+00 +0.233834E-02 -0.187192E-02 +0.000000E+00 +0.633895E-03 +0.000000E+00 +0.000000E+00
 +0.148320E+01 -0.104080E+03 +0.146931E+03 -0.746322E+02 +0.238585E+02 +0.166040E+02 +0.000000E+00 +0.000000E+00 +0.233837E-02 -0.187132E-02 +0.000000E+00 +0.630953E-03 +0.000000E+00 +0.000000E+00
 +0.148320E+01 -0.104090E+03 +0.146964E+03 -0.745687E+02 +0.238905E+02 +0.165266E+02 +0.000000E+00 +0.000000E+00 +0.233840E-02 -0.187072E-02 +0.000000E+00 +0.628011E-03 +0.000000E+00 +0.000000E+00
 +0.148320E+01 -0.104100E+03 +0.146998E+03 -0.745052E+02 +0.239225E+02 +0.164492E+02 +0.000000E+00 +0.000000E+00 +0.233843E-02 -0.187013E-02 +0.000000E+00 +0.625070E-03 +0.000000E+00 +0.000000E+00
 +0.148320E+01 -0.104110E+03 +0.147031E+03 -0.744417E+02 +0.239545E+02 +0.163718E+02 +0.000000E+00 +0.000000E+00 +0.233845E-02 -0.186953E-02 +0.000000E+00 +0.622128E-03 +0.000000E+00 +0.000000E+00
 +0.148320E+01 -0.104120E+03 +0.147064E+03 -0.743782E+02 +0.239865E+02 +0.162944E+02 +0.000000E+00 +0.000000E+00 +0.233848E-02 -0.186893E-02 +0.000000E+00 +0.619186E-03 +0.000000E+00 +0.000000E+00
 +0.148320E+01 -0.104130E+03 +0.147098E+03 -0.743147E+02 +0.240184E+02 +0.162170E+02 +0.000000E+00 +0.000000E+00 +0.233851E-02 -0.186833E-02 +0.000000E+00 +0.616244E-03 +0.000000E+00 +0.000000E+00
 +0.148320E+01 -0.104140E+03 +0.147131E+03 -0.742512E+02 +0.240504E+02 +0.161395E+02 +0.000000E+00 +0.000000E+00 +0.233854E-02 -0.186773E-02 +0.000000E+00 +0.613303E-03 +0.000000E+00 +0.000000E+00
 +0.148320E+01 -0.104150E+03 +0.147165E+03 -0.741877E+02 +0.240824E+02 +0.160621E+02 +0.000000E+00 +0.000000E+00 +0.233856E-02 -0.186713E-02 +0.000000E+00 +0.610361E-03 +0.000000E+00 +0.000000E+00
 +0.148320E+01 -0.104160E+03 +0.147198E+03 -0.741242E+02 +0.241144E+02 +0.159847E+02 +0.000000E+00 +0.000000E+00 +0.233859E-02 -0.186653E-02 +0.000000E+00 +0.607419E-03 +0.000000E+00 +0.000000E+00
 +0.148320E+01 -0.104170E+03 +0.147232E+03 -0.740607E+02 +0.241464E+02 +0.159073E+02 +0.000000E+00 +0.000000E+00 +0.233862E-02 -0.186594E-02 +0.000000E+00 +0.604477E-03 +0.000000E+00 +0.000000E+00
 +0.148320E+01 -0.104180E+03 +0.147265E+03 -0.739973E+02 +0.241784E+02 +0.158299E+02 +0.000000E+00 +0.000000E+00 +0.233865E-02 -0.186534E-02 +0.000000E+00 +0.601535E-03 +0.000000E+00 +0.000000E+00
 +0.148320E+01 -0.104190E+03 +0.147299E+03 -0.739338E+02 +0.242104E+02 +0.157525E+02 +0.000000E+00 +0.000000E+00 +0.233868E-02 -0.186474E-02 +0.000000E+00 +0.598594E-03 +0.000000E+00 +0.000000E+00
 +0.148320E+01 -0.104200E+03 +0.147332E+03 -0.738703E+02 +0.242424E+02 +0.156750E+02 +0.000000E+00 +0.000000E+00 +0.233870E-02 -0.186414E-02 +0.000000E+00 +0.595652E-03 +0.000000E+00 +0.000000E+00
 +0.148320E+01 -0.104210E+03 +0.147365E+03 -0.738068E+02 +0.242744E+02 +0.155976E+02 +0.000000E+00 +0.000000E+00 +0.233873E-02 -0.186354E-02 +0.000000E+00 +0.592710E-03 +0.000000E+00 +0.000000E+00
 +0.148320E+01 -0.104220E+03 +0.147399E+03 -0.737433E+02 +0.243063E+02 +0.155202E+02 +0.000000E+00 +0.000000E+00 +0.233876E-02 -0.186294E-02 +0.000000E+00 +0.589768E-03 +0.000000E+00 +0.000000E+00
 +0.148320E+01 -0.104230E+03 +0.147432E+03 -0.736798E+02 +0.243383E+02 +0.154428E+02 +0.000000E+00 +0.000000E+00 +0.233879E-02 -0.186234E-02 +0.000000E+00 +0.586827E-03 +0.000000E+00 +0.000000E+00
 +0.148320E+01 -0.104240E+03 +0.147471E+03 -0.736001E+02 +0.243772E+02 +0.153744E+02 +0.000000E+00 +0.000000E+00 +0.233877E-02 -0.186157E-02 +0.000000E+00 +0.584229E-03 +0.000000E+00 +0.000000E+00
 +0.148320E+01 -0.104250E+03 +0.147510E+03 -0.735160E+02 +0.244181E+02 +0.153086E+02 +0.000000E+00 +0.000000E+00 +0.233875E-02 -0.186075E-02 +0.000000E+00 +0.581727E-03 +0.000000E+00 +0.000000E+00
 +0.148320E+01 -0.104260E+03 +0.147550E+03 -0.734319E+02 +0.244589E+02 +0.152428E+02 +0.000000E+00 +0.000000E+00 +0.233873E-02 -0.185992E-02 +0.000000E+00 +0.579226E-03 +0.000000E+00 +0.000000E+00
 +0.148320E+01 -0.104270E+03 +0.147589E+03 -0.733477E+02 +0.244997E+02 +0.151770E+02 +0.000000E+00 +0.000000E+00 +0.233870E-02 -0.185910E-02 +0.000000E+00 +0.576724E-03 +0.000000E+00 +0.000000E+00
 +0.148320E+01 -0.104280E+03 +0.147629E+03 -0.732636E+02 +0.245406E+02 +0.151111E+02 +0.000000E+00 +0.000000E+00 +0.233868E-02 -0.185828E-02 +0.000000E+00 +0.574223E-03 +0.000000E+00 +0.000000E+00
 +0.148320E+01 -0.104290E+03 +0.147668E+03 -0.731794E+02 +0.245814E+02 +0.150453E+02 +0.000000E+00 +0.000000E+00 +0.233865E-02 -0.185746E-02 +0.000000E+00 +0.571721E-03 +0.000000E+00 +0.000000E+00
 +0.148320E+01 -0.104300E+03 +0.147708E+03 -0.730953E+02 +0.246222E+02 +0.149795E+02 +0.000000E+00 +0.000000E+00 +0.233863E-02 -0.185663E-02 +0.000000E+00 +0.569220E-03 +0.000000E+00 +0.000000E+00
 +0.148320E+01 -0.104310E+03 +0.147748E+03 -0.730111E+02 +0.246631E+02 +0.149136E+02 +0.000000E+00 +0.000000E+00 +0.233861E-02 -0.185581E-02 +0.000000E+00 +0.566718E-03 +0.000000E+00 +0.000000E+00
 +0.148320E+01 -0.104320E+03 +0.147787E+03 -0.729270E+02 +0.247039E+02 +0.148478E+02 +0.000000E+00 +0.000000E+00 +0.233858E-02 -0.185499E-02 +0.000000E+00 +0.564217E-03 +0.000000E+00 +0.000000E+00
 +0.148320E+01 -0.104330E+03 +0.147827E+03 -0.728428E+02 +0.247447E+02 +0.147820E+02 +0.000000E+00 +0.000000E+00 +0.233856E-02 -0.185416E-02 +0.000000E+00 +0.561715E-03 +0.000000E+00 +0.000000E+00
 +0.148320E+01 -0.104340E+03 +0.147866E+03 -0.727587E+02 +0.247856E+02 +0.147162E+02 +0.000000E+00 +0.000000E+00 +0.233854E-02 -0.185334E-02 +0.000000E+00 +0.559214E-03 +0.000000E+00 +0.000000E+00
 +0.148320E+01 -0.104350E+03 +0.147906E+03 -0.726745E+02 +0.248264E+02 +0.146503E+02 +0.000000E+00 +0.000000E+00 +0.233851E-02 -0.185252E-02 +0.000000E+00 +0.556712E-03 +0.000000E+00 +0.000000E+00
 +0.148320E+01 -0.104360E+03 +0.147946E+03 -0.725904E+02 +0.248672E+02 +0.145845E+02 +0.000000E+00 +0.000000E+00 +0.233849E-02 -0.185169E-02 +0.000000E+00 +0.554211E-03 +0.000000E+00 +0.000000E+00
 +0.148320E+01 -0.104370E+03 +0.147985E+03 -0.725062E+02 +0.249080E+02 +0.145187E+02 +0.000000E+00 +0.000000E+00 +0.233846E-02 -0.185087E-02 +0.000000E+00 +0.551709E-03 +0.000000E+00 +0.000000E+00
 +0.148320E+01 -0.104380E+03 +0.148025E+03 -0.724221E+02 +0.249489E+02 +0.144528E+02 +0.000000E+00 +0.000000E+00 +0.233844E-02 -0.185005E-02 +0.000000E+00 +0.549208E-03 +0.000000E+00 +0.000000E+00
 +0.148320E+01 -0.104390E+03 +0.148064E+03 -0.723379E+02 +0.249897E+02 +0.143870E+02 +0.000000E+00 +0.000000E+00 +0.233842E-02 -0.184923E-02 +0.000000E+00 +0.546706E-03 +0.000000E+00 +0.000000E+00
 +0.148320E+01 -0.104400E+03 +0.148104E+03 -0.722538E+02 +0.250305E+02 +0.143212E+02 +0.000000E+00 +0.000000E+00 +0.233839E-02 -0.184840E-02 +0.000000E+00 +0.544205E-03 +0.000000E+00 +0.000000E+00
 +0.148320E+01 -0.104410E+03 +0.148143E+03 -0.721696E+02 +0.250714E+02 +0.142553E+02 +0.000000E+00 +0.000000E+00 +0.233837E-02 -0.184758E-02 +0.000000E+00 +0.541703E-03 +0.000000E+00 +0.000000E+00
 +0.148320E+01 -0.104420E+03 +0.148183E+03 -0.720855E+02 +0.251122E+02 +0.141895E+02 +0.000000E+00 +0.000000E+00 +0.233835E-02 -0.184676E-02 +0.000000E+00 +0.539202E-03 +0.000000E+00 +0.000000E+00
 +0.148320E+01 -0.104430E+03 +0.148223E+03 -0.720013E+02 +0.251530E+02 +0.141237E+02 +0.000000E+00 +0.000000E+00 +0.233832E-02 -0.184593E-02 +0.000000E+00 +0.536700E-03 +0.000000E+00 +0.000000E+00
 +0.148320E+01 -0.104440E+03 +0.148262E+03 -0.719172E+02 +0.251939E+02 +0.140579E+02 +0.000000E+00 +0.000000E+00 +0.233830E-02 -0.184511E-02 +0.000000E+00 +0.534199E-03 +0.000000E+00 +0.000000E+00
 +0.148320E+01 -0.104450E+03 +0.148302E+03 -0.718335E+02 +0.252346E+02 +0.139915E+02 +0.000000E+00 +0.000000E+00 +0.233828E-02 -0.184429E-02 +0.000000E+00 +0.531679E-03 +0.000000E+00 +0.000000E+00
 +0.148320E+01 -0.104460E+03 +0.148344E+03 -0.717603E+02 +0.252726E+02 +0.139134E+02 +0.000000E+00 +0.000000E+00 +0.233836E-02 -0.184363E-02 +0.000000E+00 +0.528711E-03 +0.000000E+00 +0.000000E+00
 +0.148320E+01 -0.104470E+03 +0.148386E+03 -0.716872E+02 +0.253106E+02 +0.138353E+02 +0.000000E+00 +0.000000E+00 +0.233843E-02 -0.184296E-02 +0.000000E+00 +0.525743E-03 +0.000000E+00 +0.000000E+00
 +0.148320E+01 -0.104480E+03 +0.148428E+03 -0.716141E+02 +0.253485E+02 +0.137572E+02 +0.000000E+00 +0.000000E+00 +0.233851E-02 -0.184229E-02 +0.000000E+00 +0.522775E-03 +0.000000E+00 +0.000000E+00
 +0.148320E+01 -0.104490E+03 +0.148470E+03 -0.715410E+02 +0.253865E+02 +0.136791E+02 +0.000000E+00 +0.000000E+00 +0.233858E-02 -0.184162E-02 +0.000000E+00 +0.519807E-03 +0.000000E+00 +0.000000E+00
 +0.148320E+01 -0.104500E+03 +0.148512E+03 -0.714678E+02 +0.254245E+02 +0.136010E+02 +0.000000E+00 +0.000000E+00 +0.233866E-02 -0.184095E-02 +0.000000E+00 +0.516839E-03 +0.000000E+00 +0.000000E+00
 +0.148320E+01 -0.104510E+03 +0.148554E+03 -0.713947E+02 +0.254625E+02 +0.135229E+02 +0.000000E+00 +0.000000E+00 +0.233873E-02 -0.184029E-02 +0.000000E+00 +0.513871E-03 +0.000000E+00 +0.000000E+00
 +0.148320E+01 -0.104520E+03 +0.148596E+03 -0.713216E+02 +0.255005E+02 +0.134448E+02 +0.000000E+00 +0.000000E+00 +0.233881E-02 -0.183962E-02 +0.000000E+00 +0.510903E-03 +0.000000E+00 +0.000000E+00
 +0.148320E+01 -0.104530E+03 +0.148638E+03 -0.712484E+02 +0.255385E+02 +0.133667E+02 +0.000000E+00 +0.000000E+00 +0.233889E-02 -0.183895E-02 +0.000000E+00 +0.507935E-03 +0.000000E+00 +0.000000E+00
 +0.148320E+01 -0.104540E+03 +0.148680E+03 -0.711753E+02 +0.255765E+02 +0.132886E+02 +0.000000E+00 +0.000000E+00 +0.233896E-02 -0.183828E-02 +0.000000E+00 +0.504967E-03 +0.000000E+00 +0.000000E+00
 +0.148320E+01 -0.104550E+03 +0.148722E+03 -0.711022E+02 +0.256145E+02 +0.132105E+02 +0.000000E+00 +0.000000E+00 +0.233904E-02 -0.183762E-02 +0.000000E+00 +0.501998E-03 +0.000000E+00 +0.000000E+00
 +0.148320E+01 -0.104560E+03 +0.148764E+03 -0.710291E+02 +0.256524E+02 +0.131324E+02 +0.000000E+00 +0.000000E+00 +0.233911E-02 -0.183695E-02 +0.000000E+00 +0.499030E-03 +0.000000E+00 +0.000000E+00
 +0.148320E+01 -0.104570E+03 +0.148806E+03 -0.709559E+02 +0.256904E+02 +0.130543E+02 +0.000000E+00 +0.000000E+00 +0.233919E-02 -0.183628E-02 +0.000000E+00 +0.496062E-03 +0.000000E+00 +0.000000E+00
 +0.148320E+01 -0.104580E+03 +0.148848E+03 -0.708828E+02 +0.257284E+02 +0.129762E+02 +0.000000E+00 +0.000000E+00 +0.233927E-02 -0.183561E-02 +0.000000E+00 +0.493094E-03 +0.000000E+00 +0.000000E+00
 +0.148320E+01 -0.104590E+03 +0.148890E+03 -0.708097E+02 +0.257664E+02 +0.128981E+02 +0.000000E+00 +0.000000E+00 +0.233934E-02 -0.183495E-02 +0.000000E+00 +0.490126E-03 +0.000000E+00 +0.000000E+00
 +0.148320E+01 -0.104600E+03 +0.148932E+03 -0.707365E+02 +0.258044E+02 +0.128200E+02 +0.000000E+00 +0.000000E+00 +0.233942E-02 -0.183428E-02 +0.000000E+00 +0.487158E-03 +0.000000E+00 +0.000000E+00
 +0.148320E+01 -0.104610E+03 +0.148974E+03 -0.706634E+02 +0.258424E+02 +0.127419E+02 +0.000000E+00 +0.000000E+00 +0.233949E-02 -0.183361E-02 +0.000000E+00 +0.484190E-03 +0.000000E+00 +0.000000E+00
 +0.148320E+01 -0.104620E+03 +0.149016E+03 -0.705903E+02 +0.258804E+02 +0.126637E+02 +0.000000E+00 +0.000000E+00 +0.233957E-02 -0.183294E-02 +0.000000E+00 +0.481222E-03 +0.000000E+00 +0.000000E+00
 +0.148320E+01 -0.104630E+03 +0.149058E+03 -0.705172E+02 +0.259183E+02 +0.125856E+02 +0.000000E+00 +0.000000E+00 +0.233965E-02 -0.183227E-02 +0.000000E+00 +0.478254E-03 +0.000000E+00 +0.000000E+00
 +0.148320E+01 -0.104640E+03 +0.149100E+03 -0.704440E+02 +0.259563E+02 +0.125075E+02 +0.000000E+00 +0.000000E+00 +0.233972E-02 -0.183161E-02 +0.000000E+00 +0.475286E-03 +0.000000E+00 +0.000000E+00
 +0.148320E+01 -0.104650E+03 +0.149142E+03 -0.703709E+02 +0.259943E+02 +0.124294E+02 +0.000000E+00 +0.000000E+00 +0.233980E-02 -0.183094E-02 +0.000000E+00 +0.472318E-03 +0.000000E+00 +0.000000E+00
 +0.148320E+01 -0.104660E+03 +0.149184E+03 -0.702978E+02 +0.260323E+02 +0.123513E+02 +0.000000E+00 +0.000000E+00 +0.233987E-02 -0.183027E-02 +0.000000E+00 +0.469350E-03 +0.000000E+00 +0.000000E+00
 +0.148320E+01 -0.104670E+03 +0.149226E+03 -0.702247E+02 +0.260703E+02 +0.122732E+02 +0.000000E+00 +0.000000E+00 +0.233995E-02 -0.182960E-02 +0.000000E+00 +0.466382E-03 +0.000000E+00 +0.000000E+00
 +0.148320E+01 -0.104680E+03 +0.149268E+03 -0.701515E+02 +0.261083E+02 +0.121951E+02 +0.000000E+00 +0.000000E+00 +0.234003E-02 -0.182894E-02 +0.000000E+00 +0.463414E-03 +0.000000E+00 +0.000000E+00
 +0.148320E+01 -0.104690E+03 +0.149309E+03 -0.700784E+02 +0.261463E+02 +0.121170E+02 +0.000000E+00 +0.000000E+00 +0.234010E-02 -0.182827E-02 +0.000000E+00 +0.460446E-03 +0.000000E+00 +0.000000E+00
 +0.148320E+01 -0.104700E+03 +0.149351E+03 -0.700053E+02 +0.261842E+02 +0.120389E+02 +0.000000E+00 +0.000000E+00 +0.234018E-02 -0.182760E-02 +0.000000E+00 +0.457478E-03 +0.000000E+00 +0.000000E+00
 +0.148320E+01 -0.104710E+03 +0.149393E+03 -0.699321E+02 +0.262222E+02 +0.119608E+02 +0.000000E+00 +0.000000E+00 +0.234025E-02 -0.182693E-02 +0.000000E+00 +0.454510E-03 +0.000000E+00 +0.000000E+00
 +0.148320E+01 -0.104720E+03 +0.149435E+03 -0.698590E+02 +0.262602E+02 +0.118827E+02 +0.000000E+00 +0.000000E+00 +0.234033E-02 -0.182627E-02 +0.000000E+00 +0.451542E-03 +0.000000E+00 +0.000000E+00
 +0.148320E+01 -0.104730E+03 +0.149477E+03 -0.697859E+02 +0.262982E+02 +0.118046E+02 +0.000000E+00 +0.000000E+00 +0.234041E-02 -0.182560E-02 +0.000000E+00 +0.448574E-03 +0.000000E+00 +0.000000E+00
 +0.148320E+01 -0.104740E+03 +0.149519E+03 -0.697128E+02 +0.263362E+02 +0.117265E+02 +0.000000E+00 +0.000000E+00 +0.234048E-02 -0.182493E-02 +0.000000E+00 +0.445606E-03 +0.000000E+00 +0.000000E+00
 +0.148320E+01 -0.104750E+03 +0.149549E+03 -0.696748E+02 +0.263584E+02 +0.116653E+02 +0.000000E+00 +0.000000E+00 +0.234062E-02 -0.182463E-02 +0.000000E+00 +0.443280E-03 +0.000000E+00 +0.000000E+00
 +0.148320E+01 -0.104760E+03 +0.149573E+03 -0.696512E+02 +0.263741E+02 +0.116109E+02 +0.000000E+00 +0.000000E+00 +0.234077E-02 -0.182448E-02 +0.000000E+00 +0.441214E-03 +0.000000E+00 +0.000000E+00
 +0.148320E+01 -0.104770E+03 +0.149597E+03 -0.696275E+02 +0.263899E+02 +0.115565E+02 +0.000000E+00 +0.000000E+00 +0.234093E-02 -0.182433E-02 +0.000000E+00 +0.439149E-03 +0.000000E+00 +0.000000E+00
 +0.148320E+01 -0.104780E+03 +0.149621E+03 -0.696039E+02 +0.264056E+02 +0.115022E+02 +0.000000E+00 +0.000000E+00 +0.234109E-02 -0.182418E-02 +0.000000E+00 +0.437083E-03 +0.000000E+00 +0.000000E+00
 +0.148320E+01 -0.104790E+03 +0.149645E+03 -0.695802E+02 +0.264214E+02 +0.114478E+02 +0.000000E+00 +0.000000E+00 +0.234125E-02 -0.182403E-02 +0.000000E+00 +0.435017E-03 +0.000000E+00 +0.000000E+00
 +0.148320E+01 -0.104800E+03 +0.149669E+03 -0.695566E+02 +0.264372E+02 +0.113934E+02 +0.000000E+00 +0.000000E+00 +0.234141E-02 -0.182388E-02 +0.000000E+00 +0.432951E-03 +0.000000E+00 +0.000000E+00
 +0.148320E+01 -0.104810E+03 +0.149693E+03 -0.695329E+02 +0.264529E+02 +0.113391E+02 +0.000000E+00 +0.000000E+00 +0.234157E-02 -0.182373E-02 +0.000000E+00 +0.430885E-03 +0.000000E+00 +0.000000E+00
 +0.148320E+01 -0.104820E+03 +0.149717E+03 -0.695092E+02 +0.264687E+02 +0.112847E+02 +0.000000E+00 +0.000000E+00 +0.234173E-02 -0.182358E-02 +0.000000E+00 +0.428819E-03 +0.000000E+00 +0.000000E+00
 +0.148320E+01 -0.104830E+03 +0.149741E+03 -0.694856E+02 +0.264845E+02 +0.112303E+02 +0.000000E+00 +0.000000E+00 +0.234188E-02 -0.182343E-02 +0.000000E+00 +0.426753E-03 +0.000000E+00 +0.000000E+00
 +0.148320E+01 -0.104840E+03 +0.149766E+03 -0.694619E+02 +0.265002E+02 +0.111760E+02 +0.000000E+00 +0.000000E+00 +0.234204E-02 -0.182328E-02 +0.000000E+00 +0.424687E-03 +0.000000E+00 +0.000000E+00
 +0.148320E+01 -0.104850E+03 +0.149790E+03 -0.694383E+02 +0.265160E+02 +0.111216E+02 +0.000000E+00 +0.000000E+00 +0.234220E-02 -0.182313E-02 +0.000000E+00 +0.422621E-03 +0.000000E+00 +0.000000E+00
 +0.148320E+01 -0.104860E+03 +0.149814E+03 -0.694146E+02 +0.265317E+02 +0.110672E+02 +0.000000E+00 +0.000000E+00 +0.234236E-02 -0.182298E-02 +0.000000E+00 +0.420555E-03 +0.000000E+00 +0.000000E+00
 +0.148320E+01 -0.104870E+03 +0.149838E+03 -0.693910E+02 +0.265475E+02 +0.110129E+02 +0.000000E+00 +0.000000E+00 +0.234252E-02 -0.182283E-02 +0.000000E+00 +0.418489E-03 +0.000000E+00 +0.000000E+00
 +0.148320E+01 -0.104880E+03 +0.149862E+03 -0.693673E+02 +0.265633E+02 +0.109585E+02 +0.000000E+00 +0.000000E+00 +0.234268E-02 -0.182268E-02 +0.000000E+00 +0.416423E-03 +0.000000E+00 +0.000000E+00
 +0.148320E+01 -0.104890E+03 +0.149886E+03 -0.693436E+02 +0.265790E+02 +0.109041E+02 +0.000000E+00 +0.000000E+00 +0.234284E-02 -0.182253E-02 +0.000000E+00 +0.414357E-03 +0.000000E+00 +0.000000E+00
 +0.148320E+01 -0.104900E+03 +0.149910E+03 -0.693200E+02 +0.265948E+02 +0.108498E+02 +0.000000E+00 +0.000000E+00 +0.234299E-02 -0.182238E-02 +0.000000E+00 +0.412291E-03 +0.000000E+00 +0.000000E+00
 +0.148320E+01 -0.104910E+03 +0.149934E+03 -0.692963E+02 +0.266105E+02 +0.107954E+02 +0.000000E+00 +0.000000E+00 +0.234315E-02 -0.182223E-02 +0.000000E+00 +0.410225E-03 +0.000000E+00 +0.000000E+00
 +0.148320E+01 -0.104920E+03 +0.149958E+03 -0.692727E+02 +0.266263E+02 +0.107410E+02 +0.000000E+00 +0.000000E+00 +0.234331E-02 -0.182208E-02 +0.000000E+00 +0.408159E-03 +0.000000E+00 +0.000000E+00
 +0.148320E+01 -0.104930E+03 +0.149983E+03 -0.692490E+02 +0.266421E+02 +0.106867E+02 +0.000000E+00 +0.000000E+00 +0.234347E-02 -0.182193E-02 +0.000000E+00 +0.406093E-03 +0.000000E+00 +0.000000E+00
 +0.148320E+01 -0.104940E+03 +0.150007E+03 -0.692254E+02 +0.266578E+02 +0.106323E+02 +0.000000E+00 +0.000000E+00 +0.234363E-02 -0.182178E-02 +0.000000E+00 +0.404027E-03 +0.000000E+00 +0.000000E+00
 +0.148320E+01 -0.104950E+03 +0.150031E+03 -0.692017E+02 +0.266736E+02 +0.105779E+02 +0.000000E+00 +0.000000E+00 +0.234379E-02 -0.182163E-02 +0.000000E+00 +0.401961E-03 +0.000000E+00 +0.000000E+00
 +0.148320E+01 -0.104960E+03 +0.150055E+03 -0.691781E+02 +0.266893E+02 +0.105236E+02 +0.000000E+00 +0.000000E+00 +0.234394E-02 -0.182148E-02 +0.000000E+00 +0.399895E-03 +0.000000E+00 +0.000000E+00
 +0.148320E+01 -0.104970E+03 +0.150079E+03 -0.691544E+02 +0.267051E+02 +0.104692E+02 +0.000000E+00 +0.000000E+00 +0.234410E-02 -0.182133E-02 +0.000000E+00 +0.397829E-03 +0.000000E+00 +0.000000E+00
 +0.148320E+01 -0.104980E+03 +0.150103E+03 -0.691307E+02 +0.267209E+02 +0.104148E+02 +0.000000E+00 +0.000000E+00 +0.234426E-02 -0.182118E-02 +0.000000E+00 +0.395763E-03 +0.000000E+00 +0.000000E+00
 +0.148320E+01 -0.104990E+03 +0.150116E+03 -0.690824E+02 +0.267410E+02 +0.103599E+02 +0.000000E+00 +0.000000E+00 +0.234412E-02 -0.182064E-02 +0.000000E+00 +0.393677E-03 +0.000000E+00 +0.000000E+00
