%X Y s_xx s_yy s_zz s_xy s_xz s_yz e_xx e_yy e_zz e_xy e_xz e_yz
 +0.130720E+01 -0.100000E+03 +0.420409E+03 -0.722270E+01 +0.136351E+03 -0.582201E+01 +0.000000E+00 +0.000000E+00 +0.539709E-02 -0.272791E-02 +0.000000E+00 -0.221236E-03 +0.000000E+00 +0.000000E+00
 +0.130720E+01 -0.100010E+03 +0.404875E+03 -0.204894E+01 +0.132932E+03 -0.964539E+01 +0.000000E+00 +0.000000E+00 +0.516690E-02 -0.256465E-02 +0.000000E+00 -0.366525E-03 +0.000000E+00 +0.000000E+00
 +0.130720E+01 -0.100020E+03 +0.389299E+03 +0.301552E+01 +0.129464E+03 -0.134487E+02 +0.000000E+00 +0.000000E+00 +0.493687E-02 -0.240252E-02 +0.000000E+00 -0.511050E-03 +0.000000E+00 +0.000000E+00
 +0.130720E+01 -0.100030E+03 +0.371633E+03 +0.255485E+01 +0.123482E+03 -0.162358E+02 +0.000000E+00 +0.000000E+00 +0.471487E-02 -0.229762E-02 +0.000000E+00 -0.616961E-03 +0.000000E+00 +0.000000E+00
 +0.130720E+01 -0.100040E+03 +0.354141E+03 +0.208176E+01 +0.117554E+03 -0.189359E+02 +0.000000E+00 +0.000000E+00 +0.449516E-02 -0.219396E-02 +0.000000E+00 -0.719562E-03 +0.000000E+00 +0.000000E+00
 +0.130720E+01 -0.100050E+03 +0.340965E+03 +0.130116E+01 +0.112948E+03 -0.194776E+02 +0.000000E+00 +0.000000E+00 +0.433232E-02 -0.212129E-02 +0.000000E+00 -0.740148E-03 +0.000000E+00 +0.000000E+00
 +0.130720E+01 -0.100060E+03 +0.327937E+03 +0.521122E+00 +0.108391E+03 -0.199870E+02 +0.000000E+00 +0.000000E+00 +0.417137E-02 -0.204953E-02 +0.000000E+00 -0.759505E-03 +0.000000E+00 +0.000000E+00
 +0.130720E+01 -0.100070E+03 +0.317313E+03 -0.249921E+00 +0.104631E+03 -0.199732E+02 +0.000000E+00 +0.000000E+00 +0.404097E-02 -0.199274E-02 +0.000000E+00 -0.758981E-03 +0.000000E+00 +0.000000E+00
 +0.130720E+01 -0.100080E+03 +0.306820E+03 -0.101929E+01 +0.100914E+03 -0.199346E+02 +0.000000E+00 +0.000000E+00 +0.391221E-02 -0.193674E-02 +0.000000E+00 -0.757517E-03 +0.000000E+00 +0.000000E+00
 +0.130720E+01 -0.100090E+03 +0.297880E+03 -0.176871E+01 +0.977167E+02 -0.196020E+02 +0.000000E+00 +0.000000E+00 +0.380310E-02 -0.189022E-02 +0.000000E+00 -0.744876E-03 +0.000000E+00 +0.000000E+00
 +0.130720E+01 -0.100100E+03 +0.289060E+03 -0.251600E+01 +0.945594E+02 -0.192513E+02 +0.000000E+00 +0.000000E+00 +0.369551E-02 -0.184443E-02 +0.000000E+00 -0.731551E-03 +0.000000E+00 +0.000000E+00
 +0.130720E+01 -0.100110E+03 +0.281357E+03 -0.324346E+01 +0.917774E+02 -0.187327E+02 +0.000000E+00 +0.000000E+00 +0.360201E-02 -0.180540E-02 +0.000000E+00 -0.711842E-03 +0.000000E+00 +0.000000E+00
 +0.130720E+01 -0.100120E+03 +0.273765E+03 -0.396896E+01 +0.890327E+02 -0.182000E+02 +0.000000E+00 +0.000000E+00 +0.350991E-02 -0.176703E-02 +0.000000E+00 -0.691601E-03 +0.000000E+00 +0.000000E+00
 +0.130720E+01 -0.100130E+03 +0.267016E+03 -0.467964E+01 +0.865709E+02 -0.175608E+02 +0.000000E+00 +0.000000E+00 +0.342845E-02 -0.173376E-02 +0.000000E+00 -0.667310E-03 +0.000000E+00 +0.000000E+00
 +0.130720E+01 -0.100140E+03 +0.260371E+03 -0.538863E+01 +0.841440E+02 -0.169106E+02 +0.000000E+00 +0.000000E+00 +0.334830E-02 -0.170112E-02 +0.000000E+00 -0.642604E-03 +0.000000E+00 +0.000000E+00
 +0.130720E+01 -0.100150E+03 +0.254388E+03 -0.608689E+01 +0.819394E+02 -0.161908E+02 +0.000000E+00 +0.000000E+00 +0.327652E-02 -0.167250E-02 +0.000000E+00 -0.615249E-03 +0.000000E+00 +0.000000E+00
 +0.130720E+01 -0.100160E+03 +0.248504E+03 -0.678378E+01 +0.797676E+02 -0.154625E+02 +0.000000E+00 +0.000000E+00 +0.320599E-02 -0.164448E-02 +0.000000E+00 -0.587576E-03 +0.000000E+00 +0.000000E+00
 +0.130720E+01 -0.100170E+03 +0.243154E+03 -0.747321E+01 +0.777748E+02 -0.146888E+02 +0.000000E+00 +0.000000E+00 +0.314221E-02 -0.161971E-02 +0.000000E+00 -0.558173E-03 +0.000000E+00 +0.000000E+00
 +0.130720E+01 -0.100180E+03 +0.237898E+03 -0.816153E+01 +0.758131E+02 -0.139089E+02 +0.000000E+00 +0.000000E+00 +0.307962E-02 -0.159552E-02 +0.000000E+00 -0.528537E-03 +0.000000E+00 +0.000000E+00
 +0.130720E+01 -0.100190E+03 +0.233084E+03 -0.884463E+01 +0.739989E+02 -0.130999E+02 +0.000000E+00 +0.000000E+00 +0.302261E-02 -0.157403E-02 +0.000000E+00 -0.497795E-03 +0.000000E+00 +0.000000E+00
 +0.130720E+01 -0.100200E+03 +0.228358E+03 -0.952683E+01 +0.722143E+02 -0.122867E+02 +0.000000E+00 +0.000000E+00 +0.296673E-02 -0.155308E-02 +0.000000E+00 -0.466894E-03 +0.000000E+00 +0.000000E+00
 +0.130720E+01 -0.100210E+03 +0.224002E+03 -0.102053E+02 +0.705529E+02 -0.114562E+02 +0.000000E+00 +0.000000E+00 +0.291553E-02 -0.153441E-02 +0.000000E+00 -0.435335E-03 +0.000000E+00 +0.000000E+00
 +0.130720E+01 -0.100220E+03 +0.219731E+03 -0.108830E+02 +0.689200E+02 -0.106233E+02 +0.000000E+00 +0.000000E+00 +0.286542E-02 -0.151626E-02 +0.000000E+00 -0.403687E-03 +0.000000E+00 +0.000000E+00
 +0.130720E+01 -0.100230E+03 +0.215775E+03 -0.115580E+02 +0.673915E+02 -0.978172E+01 +0.000000E+00 +0.000000E+00 +0.281928E-02 -0.150004E-02 +0.000000E+00 -0.371706E-03 +0.000000E+00 +0.000000E+00
 +0.130720E+01 -0.100240E+03 +0.211900E+03 -0.122322E+02 +0.658903E+02 -0.893940E+01 +0.000000E+00 +0.000000E+00 +0.277418E-02 -0.148433E-02 +0.000000E+00 -0.339697E-03 +0.000000E+00 +0.000000E+00
 +0.130720E+01 -0.100250E+03 +0.208294E+03 -0.129041E+02 +0.644786E+02 -0.809472E+01 +0.000000E+00 +0.000000E+00 +0.273249E-02 -0.147027E-02 +0.000000E+00 -0.307599E-03 +0.000000E+00 +0.000000E+00
 +0.130720E+01 -0.100260E+03 +0.204766E+03 -0.135754E+02 +0.630930E+02 -0.725085E+01 +0.000000E+00 +0.000000E+00 +0.269179E-02 -0.145670E-02 +0.000000E+00 -0.275532E-03 +0.000000E+00 +0.000000E+00
 +0.130720E+01 -0.100270E+03 +0.201472E+03 -0.142446E+02 +0.617849E+02 -0.640940E+01 +0.000000E+00 +0.000000E+00 +0.265405E-02 -0.144456E-02 +0.000000E+00 -0.243557E-03 +0.000000E+00 +0.000000E+00
 +0.130720E+01 -0.100280E+03 +0.198252E+03 -0.149130E+02 +0.605020E+02 -0.557017E+01 +0.000000E+00 +0.000000E+00 +0.261726E-02 -0.143289E-02 +0.000000E+00 -0.211666E-03 +0.000000E+00 +0.000000E+00
 +0.130720E+01 -0.100290E+03 +0.195235E+03 -0.155794E+02 +0.592865E+02 -0.473693E+01 +0.000000E+00 +0.000000E+00 +0.258303E-02 -0.142245E-02 +0.000000E+00 -0.180003E-03 +0.000000E+00 +0.000000E+00
 +0.130720E+01 -0.100300E+03 +0.192291E+03 -0.162449E+02 +0.580952E+02 -0.390723E+01 +0.000000E+00 +0.000000E+00 +0.254972E-02 -0.141246E-02 +0.000000E+00 -0.148475E-03 +0.000000E+00 +0.000000E+00
 +0.130720E+01 -0.100310E+03 +0.189524E+03 -0.169082E+02 +0.569631E+02 -0.308616E+01 +0.000000E+00 +0.000000E+00 +0.251865E-02 -0.140355E-02 +0.000000E+00 -0.117274E-03 +0.000000E+00 +0.000000E+00
 +0.130720E+01 -0.100320E+03 +0.186826E+03 -0.175704E+02 +0.558543E+02 -0.226986E+01 +0.000000E+00 +0.000000E+00 +0.248846E-02 -0.139507E-02 +0.000000E+00 -0.862547E-04 +0.000000E+00 +0.000000E+00
 +0.130720E+01 -0.100330E+03 +0.184284E+03 -0.182303E+02 +0.547977E+02 -0.146414E+01 +0.000000E+00 +0.000000E+00 +0.246024E-02 -0.138753E-02 +0.000000E+00 -0.556372E-04 +0.000000E+00 +0.000000E+00
 +0.130720E+01 -0.100340E+03 +0.181809E+03 -0.188888E+02 +0.537637E+02 -0.664297E+00 +0.000000E+00 +0.000000E+00 +0.243286E-02 -0.138040E-02 +0.000000E+00 -0.252433E-04 +0.000000E+00 +0.000000E+00
 +0.130720E+01 -0.100350E+03 +0.179471E+03 -0.195446E+02 +0.527758E+02 +0.123585E+00 +0.000000E+00 +0.000000E+00 +0.240721E-02 -0.137409E-02 +0.000000E+00 +0.469624E-05 +0.000000E+00 +0.000000E+00
 +0.130720E+01 -0.100360E+03 +0.177198E+03 -0.201989E+02 +0.518097E+02 +0.904551E+00 +0.000000E+00 +0.000000E+00 +0.238238E-02 -0.136816E-02 +0.000000E+00 +0.343729E-04 +0.000000E+00 +0.000000E+00
 +0.130720E+01 -0.100370E+03 +0.175046E+03 -0.208502E+02 +0.508846E+02 +0.167262E+01 +0.000000E+00 +0.000000E+00 +0.235907E-02 -0.136296E-02 +0.000000E+00 +0.635597E-04 +0.000000E+00 +0.000000E+00
 +0.130720E+01 -0.100380E+03 +0.172956E+03 -0.214996E+02 +0.499807E+02 +0.243284E+01 +0.000000E+00 +0.000000E+00 +0.233654E-02 -0.135813E-02 +0.000000E+00 +0.924477E-04 +0.000000E+00 +0.000000E+00
 +0.130720E+01 -0.100390E+03 +0.170974E+03 -0.221457E+02 +0.491133E+02 +0.317958E+01 +0.000000E+00 +0.000000E+00 +0.231535E-02 -0.135392E-02 +0.000000E+00 +0.120824E-03 +0.000000E+00 +0.000000E+00
 +0.130720E+01 -0.100400E+03 +0.169051E+03 -0.227897E+02 +0.482664E+02 +0.391759E+01 +0.000000E+00 +0.000000E+00 +0.229492E-02 -0.135006E-02 +0.000000E+00 +0.148869E-03 +0.000000E+00 +0.000000E+00
 +0.130720E+01 -0.100410E+03 +0.167224E+03 -0.234301E+02 +0.474520E+02 +0.464185E+01 +0.000000E+00 +0.000000E+00 +0.227567E-02 -0.134676E-02 +0.000000E+00 +0.176390E-03 +0.000000E+00 +0.000000E+00
 +0.130720E+01 -0.100420E+03 +0.165454E+03 -0.240679E+02 +0.466575E+02 +0.535660E+01 +0.000000E+00 +0.000000E+00 +0.225714E-02 -0.134378E-02 +0.000000E+00 +0.203551E-03 +0.000000E+00 +0.000000E+00
 +0.130720E+01 -0.100430E+03 +0.163769E+03 -0.247020E+02 +0.458922E+02 +0.605753E+01 +0.000000E+00 +0.000000E+00 +0.223966E-02 -0.134129E-02 +0.000000E+00 +0.230186E-03 +0.000000E+00 +0.000000E+00
 +0.130720E+01 -0.100440E+03 +0.162140E+03 -0.253331E+02 +0.451462E+02 +0.674825E+01 +0.000000E+00 +0.000000E+00 +0.222288E-02 -0.133911E-02 +0.000000E+00 +0.256434E-03 +0.000000E+00 +0.000000E+00
 +0.130720E+01 -0.100450E+03 +0.160585E+03 -0.259602E+02 +0.444262E+02 +0.742527E+01 +0.000000E+00 +0.000000E+00 +0.220702E-02 -0.133734E-02 +0.000000E+00 +0.282160E-03 +0.000000E+00 +0.000000E+00
 +0.130720E+01 -0.100460E+03 +0.159084E+03 -0.265840E+02 +0.437251E+02 +0.809146E+01 +0.000000E+00 +0.000000E+00 +0.219182E-02 -0.133587E-02 +0.000000E+00 +0.307475E-03 +0.000000E+00 +0.000000E+00
 +0.130720E+01 -0.100470E+03 +0.157650E+03 -0.272036E+02 +0.430473E+02 +0.874420E+01 +0.000000E+00 +0.000000E+00 +0.217745E-02 -0.133477E-02 +0.000000E+00 +0.332280E-03 +0.000000E+00 +0.000000E+00
 +0.130720E+01 -0.100480E+03 +0.156267E+03 -0.278195E+02 +0.423878E+02 +0.938556E+01 +0.000000E+00 +0.000000E+00 +0.216371E-02 -0.133394E-02 +0.000000E+00 +0.356651E-03 +0.000000E+00 +0.000000E+00
 +0.130720E+01 -0.100490E+03 +0.154944E+03 -0.284311E+02 +0.417492E+02 +0.100139E+02 +0.000000E+00 +0.000000E+00 +0.215070E-02 -0.133343E-02 +0.000000E+00 +0.380526E-03 +0.000000E+00 +0.000000E+00
 +0.130720E+01 -0.100500E+03 +0.153670E+03 -0.290386E+02 +0.411284E+02 +0.106303E+02 +0.000000E+00 +0.000000E+00 +0.213829E-02 -0.133317E-02 +0.000000E+00 +0.403950E-03 +0.000000E+00 +0.000000E+00
 +0.130720E+01 -0.100510E+03 +0.152449E+03 -0.296417E+02 +0.405263E+02 +0.112341E+02 +0.000000E+00 +0.000000E+00 +0.212653E-02 -0.133319E-02 +0.000000E+00 +0.426895E-03 +0.000000E+00 +0.000000E+00
 +0.130720E+01 -0.100520E+03 +0.151275E+03 -0.302402E+02 +0.399416E+02 +0.118256E+02 +0.000000E+00 +0.000000E+00 +0.211534E-02 -0.133345E-02 +0.000000E+00 +0.449374E-03 +0.000000E+00 +0.000000E+00
 +0.130720E+01 -0.100530E+03 +0.150149E+03 -0.308344E+02 +0.393737E+02 +0.124051E+02 +0.000000E+00 +0.000000E+00 +0.210472E-02 -0.133395E-02 +0.000000E+00 +0.471393E-03 +0.000000E+00 +0.000000E+00
 +0.130720E+01 -0.100540E+03 +0.149068E+03 -0.314236E+02 +0.388226E+02 +0.129719E+02 +0.000000E+00 +0.000000E+00 +0.209466E-02 -0.133468E-02 +0.000000E+00 +0.492931E-03 +0.000000E+00 +0.000000E+00
 +0.130720E+01 -0.100550E+03 +0.148029E+03 -0.320083E+02 +0.382867E+02 +0.135272E+02 +0.000000E+00 +0.000000E+00 +0.208510E-02 -0.133561E-02 +0.000000E+00 +0.514033E-03 +0.000000E+00 +0.000000E+00
 +0.130720E+01 -0.100560E+03 +0.147033E+03 -0.325878E+02 +0.377670E+02 +0.140695E+02 +0.000000E+00 +0.000000E+00 +0.207606E-02 -0.133674E-02 +0.000000E+00 +0.534642E-03 +0.000000E+00 +0.000000E+00
 +0.130720E+01 -0.100570E+03 +0.146075E+03 -0.331628E+02 +0.372610E+02 +0.146010E+02 +0.000000E+00 +0.000000E+00 +0.206747E-02 -0.133805E-02 +0.000000E+00 +0.554837E-03 +0.000000E+00 +0.000000E+00
 +0.130720E+01 -0.100580E+03 +0.145159E+03 -0.337322E+02 +0.367708E+02 +0.151192E+02 +0.000000E+00 +0.000000E+00 +0.205937E-02 -0.133956E-02 +0.000000E+00 +0.574531E-03 +0.000000E+00 +0.000000E+00
 +0.130720E+01 -0.100590E+03 +0.144276E+03 -0.342972E+02 +0.362929E+02 +0.156272E+02 +0.000000E+00 +0.000000E+00 +0.205167E-02 -0.134121E-02 +0.000000E+00 +0.593835E-03 +0.000000E+00 +0.000000E+00
 +0.130720E+01 -0.100600E+03 +0.143433E+03 -0.348562E+02 +0.358303E+02 +0.161218E+02 +0.000000E+00 +0.000000E+00 +0.204445E-02 -0.134304E-02 +0.000000E+00 +0.612630E-03 +0.000000E+00 +0.000000E+00
 +0.130720E+01 -0.100610E+03 +0.142619E+03 -0.354109E+02 +0.353788E+02 +0.166068E+02 +0.000000E+00 +0.000000E+00 +0.203757E-02 -0.134500E-02 +0.000000E+00 +0.631059E-03 +0.000000E+00 +0.000000E+00
 +0.130720E+01 -0.100620E+03 +0.141844E+03 -0.359592E+02 +0.349421E+02 +0.170782E+02 +0.000000E+00 +0.000000E+00 +0.203114E-02 -0.134712E-02 +0.000000E+00 +0.648973E-03 +0.000000E+00 +0.000000E+00
 +0.130720E+01 -0.100630E+03 +0.141095E+03 -0.365033E+02 +0.345153E+02 +0.175407E+02 +0.000000E+00 +0.000000E+00 +0.202502E-02 -0.134935E-02 +0.000000E+00 +0.666546E-03 +0.000000E+00 +0.000000E+00
 +0.130720E+01 -0.100640E+03 +0.140383E+03 -0.370407E+02 +0.341030E+02 +0.179895E+02 +0.000000E+00 +0.000000E+00 +0.201932E-02 -0.135173E-02 +0.000000E+00 +0.683600E-03 +0.000000E+00 +0.000000E+00
 +0.130720E+01 -0.100650E+03 +0.139694E+03 -0.375741E+02 +0.336996E+02 +0.184299E+02 +0.000000E+00 +0.000000E+00 +0.201390E-02 -0.135420E-02 +0.000000E+00 +0.700337E-03 +0.000000E+00 +0.000000E+00
 +0.130720E+01 -0.100660E+03 +0.139041E+03 -0.381004E+02 +0.333102E+02 +0.188566E+02 +0.000000E+00 +0.000000E+00 +0.200888E-02 -0.135680E-02 +0.000000E+00 +0.716552E-03 +0.000000E+00 +0.000000E+00
 +0.130720E+01 -0.100670E+03 +0.138407E+03 -0.386229E+02 +0.329288E+02 +0.192756E+02 +0.000000E+00 +0.000000E+00 +0.200409E-02 -0.135948E-02 +0.000000E+00 +0.732474E-03 +0.000000E+00 +0.000000E+00
 +0.130720E+01 -0.100680E+03 +0.137808E+03 -0.391381E+02 +0.325610E+02 +0.196809E+02 +0.000000E+00 +0.000000E+00 +0.199969E-02 -0.136228E-02 +0.000000E+00 +0.747873E-03 +0.000000E+00 +0.000000E+00
 +0.130720E+01 -0.100690E+03 +0.137226E+03 -0.396495E+02 +0.322003E+02 +0.200790E+02 +0.000000E+00 +0.000000E+00 +0.199549E-02 -0.136515E-02 +0.000000E+00 +0.763002E-03 +0.000000E+00 +0.000000E+00
 +0.130720E+01 -0.100700E+03 +0.136677E+03 -0.401533E+02 +0.318528E+02 +0.204634E+02 +0.000000E+00 +0.000000E+00 +0.199166E-02 -0.136812E-02 +0.000000E+00 +0.777608E-03 +0.000000E+00 +0.000000E+00
 +0.130720E+01 -0.100710E+03 +0.136144E+03 -0.406536E+02 +0.315117E+02 +0.208412E+02 +0.000000E+00 +0.000000E+00 +0.198801E-02 -0.137114E-02 +0.000000E+00 +0.791966E-03 +0.000000E+00 +0.000000E+00
 +0.130720E+01 -0.100720E+03 +0.135641E+03 -0.411461E+02 +0.311834E+02 +0.212053E+02 +0.000000E+00 +0.000000E+00 +0.198470E-02 -0.137426E-02 +0.000000E+00 +0.805803E-03 +0.000000E+00 +0.000000E+00
 +0.130720E+01 -0.100730E+03 +0.135153E+03 -0.416352E+02 +0.308608E+02 +0.215635E+02 +0.000000E+00 +0.000000E+00 +0.198155E-02 -0.137742E-02 +0.000000E+00 +0.819414E-03 +0.000000E+00 +0.000000E+00
 +0.130720E+01 -0.100740E+03 +0.134694E+03 -0.421162E+02 +0.305507E+02 +0.219080E+02 +0.000000E+00 +0.000000E+00 +0.197872E-02 -0.138067E-02 +0.000000E+00 +0.832506E-03 +0.000000E+00 +0.000000E+00
 +0.130720E+01 -0.100750E+03 +0.134247E+03 -0.425941E+02 +0.302455E+02 +0.222472E+02 +0.000000E+00 +0.000000E+00 +0.197603E-02 -0.138395E-02 +0.000000E+00 +0.845393E-03 +0.000000E+00 +0.000000E+00
 +0.130720E+01 -0.100760E+03 +0.133829E+03 -0.430637E+02 +0.299525E+02 +0.225727E+02 +0.000000E+00 +0.000000E+00 +0.197365E-02 -0.138731E-02 +0.000000E+00 +0.857763E-03 +0.000000E+00 +0.000000E+00
 +0.130720E+01 -0.100770E+03 +0.133421E+03 -0.435303E+02 +0.296638E+02 +0.228934E+02 +0.000000E+00 +0.000000E+00 +0.197138E-02 -0.139069E-02 +0.000000E+00 +0.869949E-03 +0.000000E+00 +0.000000E+00
 +0.130720E+01 -0.100780E+03 +0.133040E+03 -0.439884E+02 +0.293870E+02 +0.232006E+02 +0.000000E+00 +0.000000E+00 +0.196941E-02 -0.139413E-02 +0.000000E+00 +0.881622E-03 +0.000000E+00 +0.000000E+00
 +0.130720E+01 -0.100790E+03 +0.132668E+03 -0.444439E+02 +0.291140E+02 +0.235034E+02 +0.000000E+00 +0.000000E+00 +0.196753E-02 -0.139760E-02 +0.000000E+00 +0.893130E-03 +0.000000E+00 +0.000000E+00
 +0.130720E+01 -0.100800E+03 +0.132322E+03 -0.448906E+02 +0.288525E+02 +0.237929E+02 +0.000000E+00 +0.000000E+00 +0.196593E-02 -0.140112E-02 +0.000000E+00 +0.904130E-03 +0.000000E+00 +0.000000E+00
 +0.130720E+01 -0.100810E+03 +0.131984E+03 -0.453348E+02 +0.285943E+02 +0.240785E+02 +0.000000E+00 +0.000000E+00 +0.196441E-02 -0.140465E-02 +0.000000E+00 +0.914983E-03 +0.000000E+00 +0.000000E+00
 +0.130720E+01 -0.100820E+03 +0.131671E+03 -0.457702E+02 +0.283473E+02 +0.243509E+02 +0.000000E+00 +0.000000E+00 +0.196315E-02 -0.140823E-02 +0.000000E+00 +0.925333E-03 +0.000000E+00 +0.000000E+00
 +0.130720E+01 -0.100830E+03 +0.131365E+03 -0.462033E+02 +0.281032E+02 +0.246198E+02 +0.000000E+00 +0.000000E+00 +0.196197E-02 -0.141182E-02 +0.000000E+00 +0.935554E-03 +0.000000E+00 +0.000000E+00
 +0.130720E+01 -0.100840E+03 +0.131082E+03 -0.466275E+02 +0.278700E+02 +0.248757E+02 +0.000000E+00 +0.000000E+00 +0.196103E-02 -0.141545E-02 +0.000000E+00 +0.945278E-03 +0.000000E+00 +0.000000E+00
 +0.130720E+01 -0.100850E+03 +0.130805E+03 -0.470495E+02 +0.276392E+02 +0.251287E+02 +0.000000E+00 +0.000000E+00 +0.196014E-02 -0.141909E-02 +0.000000E+00 +0.954889E-03 +0.000000E+00 +0.000000E+00
 +0.130720E+01 -0.100860E+03 +0.130550E+03 -0.474624E+02 +0.274189E+02 +0.253687E+02 +0.000000E+00 +0.000000E+00 +0.195949E-02 -0.142275E-02 +0.000000E+00 +0.964009E-03 +0.000000E+00 +0.000000E+00
 +0.130720E+01 -0.100870E+03 +0.130300E+03 -0.478735E+02 +0.272008E+02 +0.256061E+02 +0.000000E+00 +0.000000E+00 +0.195889E-02 -0.142641E-02 +0.000000E+00 +0.973032E-03 +0.000000E+00 +0.000000E+00
 +0.130720E+01 -0.100880E+03 +0.130072E+03 -0.482753E+02 +0.269929E+02 +0.258308E+02 +0.000000E+00 +0.000000E+00 +0.195850E-02 -0.143010E-02 +0.000000E+00 +0.981571E-03 +0.000000E+00 +0.000000E+00
 +0.130720E+01 -0.100890E+03 +0.129848E+03 -0.486756E+02 +0.267868E+02 +0.260534E+02 +0.000000E+00 +0.000000E+00 +0.195816E-02 -0.143378E-02 +0.000000E+00 +0.990027E-03 +0.000000E+00 +0.000000E+00
 +0.130720E+01 -0.100900E+03 +0.129644E+03 -0.490664E+02 +0.265906E+02 +0.262634E+02 +0.000000E+00 +0.000000E+00 +0.195801E-02 -0.143748E-02 +0.000000E+00 +0.998007E-03 +0.000000E+00 +0.000000E+00
 +0.130720E+01 -0.100910E+03 +0.129443E+03 -0.494559E+02 +0.263958E+02 +0.264715E+02 +0.000000E+00 +0.000000E+00 +0.195790E-02 -0.144118E-02 +0.000000E+00 +0.100592E-02 +0.000000E+00 +0.000000E+00
 +0.130720E+01 -0.100920E+03 +0.129262E+03 -0.498358E+02 +0.262108E+02 +0.266674E+02 +0.000000E+00 +0.000000E+00 +0.195798E-02 -0.144489E-02 +0.000000E+00 +0.101336E-02 +0.000000E+00 +0.000000E+00
 +0.130720E+01 -0.100930E+03 +0.129084E+03 -0.502147E+02 +0.260269E+02 +0.268617E+02 +0.000000E+00 +0.000000E+00 +0.195809E-02 -0.144859E-02 +0.000000E+00 +0.102075E-02 +0.000000E+00 +0.000000E+00
 +0.130720E+01 -0.100940E+03 +0.128925E+03 -0.505840E+02 +0.258524E+02 +0.270440E+02 +0.000000E+00 +0.000000E+00 +0.195837E-02 -0.145229E-02 +0.000000E+00 +0.102767E-02 +0.000000E+00 +0.000000E+00
 +0.130720E+01 -0.100950E+03 +0.128767E+03 -0.509523E+02 +0.256788E+02 +0.272250E+02 +0.000000E+00 +0.000000E+00 +0.195867E-02 -0.145599E-02 +0.000000E+00 +0.103455E-02 +0.000000E+00 +0.000000E+00
 +0.130720E+01 -0.100960E+03 +0.128627E+03 -0.513110E+02 +0.255143E+02 +0.273942E+02 +0.000000E+00 +0.000000E+00 +0.195914E-02 -0.145968E-02 +0.000000E+00 +0.104098E-02 +0.000000E+00 +0.000000E+00
 +0.130720E+01 -0.100970E+03 +0.128489E+03 -0.516690E+02 +0.253505E+02 +0.275625E+02 +0.000000E+00 +0.000000E+00 +0.195963E-02 -0.146337E-02 +0.000000E+00 +0.104737E-02 +0.000000E+00 +0.000000E+00
 +0.130720E+01 -0.100980E+03 +0.128368E+03 -0.520173E+02 +0.251956E+02 +0.277191E+02 +0.000000E+00 +0.000000E+00 +0.196027E-02 -0.146704E-02 +0.000000E+00 +0.105332E-02 +0.000000E+00 +0.000000E+00
 +0.130720E+01 -0.100990E+03 +0.128247E+03 -0.523650E+02 +0.250411E+02 +0.278750E+02 +0.000000E+00 +0.000000E+00 +0.196092E-02 -0.147072E-02 +0.000000E+00 +0.105925E-02 +0.000000E+00 +0.000000E+00
 +0.130720E+01 -0.101000E+03 +0.128143E+03 -0.527031E+02 +0.248953E+02 +0.280196E+02 +0.000000E+00 +0.000000E+00 +0.196171E-02 -0.147437E-02 +0.000000E+00 +0.106474E-02 +0.000000E+00 +0.000000E+00
 +0.130720E+01 -0.101010E+03 +0.128040E+03 -0.530408E+02 +0.247497E+02 +0.281638E+02 +0.000000E+00 +0.000000E+00 +0.196251E-02 -0.147802E-02 +0.000000E+00 +0.107022E-02 +0.000000E+00 +0.000000E+00
 +0.130720E+01 -0.101020E+03 +0.127952E+03 -0.533687E+02 +0.246124E+02 +0.282967E+02 +0.000000E+00 +0.000000E+00 +0.196345E-02 -0.148164E-02 +0.000000E+00 +0.107528E-02 +0.000000E+00 +0.000000E+00
 +0.130720E+01 -0.101030E+03 +0.127864E+03 -0.536965E+02 +0.244753E+02 +0.284295E+02 +0.000000E+00 +0.000000E+00 +0.196439E-02 -0.148526E-02 +0.000000E+00 +0.108032E-02 +0.000000E+00 +0.000000E+00
 +0.130720E+01 -0.101040E+03 +0.127791E+03 -0.540146E+02 +0.243462E+02 +0.285514E+02 +0.000000E+00 +0.000000E+00 +0.196545E-02 -0.148885E-02 +0.000000E+00 +0.108495E-02 +0.000000E+00 +0.000000E+00
 +0.130720E+01 -0.101050E+03 +0.127718E+03 -0.543324E+02 +0.242173E+02 +0.286731E+02 +0.000000E+00 +0.000000E+00 +0.196652E-02 -0.149244E-02 +0.000000E+00 +0.108958E-02 +0.000000E+00 +0.000000E+00
 +0.130720E+01 -0.101060E+03 +0.127659E+03 -0.546409E+02 +0.240959E+02 +0.287846E+02 +0.000000E+00 +0.000000E+00 +0.196769E-02 -0.149600E-02 +0.000000E+00 +0.109381E-02 +0.000000E+00 +0.000000E+00
 +0.130720E+01 -0.101070E+03 +0.127600E+03 -0.549490E+02 +0.239748E+02 +0.288956E+02 +0.000000E+00 +0.000000E+00 +0.196888E-02 -0.149955E-02 +0.000000E+00 +0.109803E-02 +0.000000E+00 +0.000000E+00
 +0.130720E+01 -0.101080E+03 +0.127553E+03 -0.552481E+02 +0.238607E+02 +0.289971E+02 +0.000000E+00 +0.000000E+00 +0.197016E-02 -0.150307E-02 +0.000000E+00 +0.110189E-02 +0.000000E+00 +0.000000E+00
 +0.130720E+01 -0.101090E+03 +0.127507E+03 -0.555466E+02 +0.237470E+02 +0.290979E+02 +0.000000E+00 +0.000000E+00 +0.197144E-02 -0.150658E-02 +0.000000E+00 +0.110572E-02 +0.000000E+00 +0.000000E+00
 +0.130720E+01 -0.101100E+03 +0.127472E+03 -0.558365E+02 +0.236398E+02 +0.291897E+02 +0.000000E+00 +0.000000E+00 +0.197282E-02 -0.151005E-02 +0.000000E+00 +0.110921E-02 +0.000000E+00 +0.000000E+00
 +0.130720E+01 -0.101110E+03 +0.127438E+03 -0.561256E+02 +0.235332E+02 +0.292808E+02 +0.000000E+00 +0.000000E+00 +0.197420E-02 -0.151352E-02 +0.000000E+00 +0.111267E-02 +0.000000E+00 +0.000000E+00
 +0.130720E+01 -0.101120E+03 +0.127415E+03 -0.564065E+02 +0.234327E+02 +0.293634E+02 +0.000000E+00 +0.000000E+00 +0.197566E-02 -0.151694E-02 +0.000000E+00 +0.111581E-02 +0.000000E+00 +0.000000E+00
 +0.130720E+01 -0.101130E+03 +0.127392E+03 -0.566864E+02 +0.233328E+02 +0.294451E+02 +0.000000E+00 +0.000000E+00 +0.197712E-02 -0.152036E-02 +0.000000E+00 +0.111891E-02 +0.000000E+00 +0.000000E+00
 +0.130720E+01 -0.101140E+03 +0.127378E+03 -0.569583E+02 +0.232386E+02 +0.295188E+02 +0.000000E+00 +0.000000E+00 +0.197866E-02 -0.152374E-02 +0.000000E+00 +0.112172E-02 +0.000000E+00 +0.000000E+00
 +0.130720E+01 -0.101150E+03 +0.127366E+03 -0.572292E+02 +0.231452E+02 +0.295915E+02 +0.000000E+00 +0.000000E+00 +0.198020E-02 -0.152711E-02 +0.000000E+00 +0.112448E-02 +0.000000E+00 +0.000000E+00
 +0.130720E+01 -0.101160E+03 +0.127362E+03 -0.574924E+02 +0.230570E+02 +0.296568E+02 +0.000000E+00 +0.000000E+00 +0.198180E-02 -0.153044E-02 +0.000000E+00 +0.112696E-02 +0.000000E+00 +0.000000E+00
 +0.130720E+01 -0.101170E+03 +0.127360E+03 -0.577545E+02 +0.229697E+02 +0.297209E+02 +0.000000E+00 +0.000000E+00 +0.198341E-02 -0.153376E-02 +0.000000E+00 +0.112940E-02 +0.000000E+00 +0.000000E+00
 +0.130720E+01 -0.101180E+03 +0.127365E+03 -0.580092E+02 +0.228873E+02 +0.297781E+02 +0.000000E+00 +0.000000E+00 +0.198507E-02 -0.153703E-02 +0.000000E+00 +0.113157E-02 +0.000000E+00 +0.000000E+00
 +0.130720E+01 -0.101190E+03 +0.127371E+03 -0.582625E+02 +0.228058E+02 +0.298340E+02 +0.000000E+00 +0.000000E+00 +0.198674E-02 -0.154030E-02 +0.000000E+00 +0.113369E-02 +0.000000E+00 +0.000000E+00
 +0.130720E+01 -0.101200E+03 +0.127384E+03 -0.585089E+02 +0.227290E+02 +0.298833E+02 +0.000000E+00 +0.000000E+00 +0.198845E-02 -0.154352E-02 +0.000000E+00 +0.113557E-02 +0.000000E+00 +0.000000E+00
 +0.130720E+01 -0.101210E+03 +0.127399E+03 -0.587537E+02 +0.226530E+02 +0.299313E+02 +0.000000E+00 +0.000000E+00 +0.199018E-02 -0.154673E-02 +0.000000E+00 +0.113739E-02 +0.000000E+00 +0.000000E+00
 +0.130720E+01 -0.101220E+03 +0.127420E+03 -0.589919E+02 +0.225814E+02 +0.299733E+02 +0.000000E+00 +0.000000E+00 +0.199194E-02 -0.154989E-02 +0.000000E+00 +0.113898E-02 +0.000000E+00 +0.000000E+00
 +0.130720E+01 -0.101230E+03 +0.127443E+03 -0.592284E+02 +0.225108E+02 +0.300137E+02 +0.000000E+00 +0.000000E+00 +0.199371E-02 -0.155304E-02 +0.000000E+00 +0.114052E-02 +0.000000E+00 +0.000000E+00
 +0.130720E+01 -0.101240E+03 +0.127471E+03 -0.594585E+02 +0.224442E+02 +0.300485E+02 +0.000000E+00 +0.000000E+00 +0.199551E-02 -0.155615E-02 +0.000000E+00 +0.114184E-02 +0.000000E+00 +0.000000E+00
 +0.130720E+01 -0.101250E+03 +0.127501E+03 -0.596869E+02 +0.223786E+02 +0.300818E+02 +0.000000E+00 +0.000000E+00 +0.199732E-02 -0.155925E-02 +0.000000E+00 +0.114311E-02 +0.000000E+00 +0.000000E+00
 +0.130720E+01 -0.101260E+03 +0.127536E+03 -0.599092E+02 +0.223168E+02 +0.301097E+02 +0.000000E+00 +0.000000E+00 +0.199916E-02 -0.156229E-02 +0.000000E+00 +0.114417E-02 +0.000000E+00 +0.000000E+00
 +0.130720E+01 -0.101270E+03 +0.127572E+03 -0.601297E+02 +0.222561E+02 +0.301361E+02 +0.000000E+00 +0.000000E+00 +0.200101E-02 -0.156533E-02 +0.000000E+00 +0.114517E-02 +0.000000E+00 +0.000000E+00
 +0.130720E+01 -0.101280E+03 +0.127613E+03 -0.603443E+02 +0.221988E+02 +0.301575E+02 +0.000000E+00 +0.000000E+00 +0.200288E-02 -0.156832E-02 +0.000000E+00 +0.114598E-02 +0.000000E+00 +0.000000E+00
 +0.130720E+01 -0.101290E+03 +0.127656E+03 -0.605569E+02 +0.221427E+02 +0.301772E+02 +0.000000E+00 +0.000000E+00 +0.200475E-02 -0.157129E-02 +0.000000E+00 +0.114673E-02 +0.000000E+00 +0.000000E+00
 +0.130720E+01 -0.101300E+03 +0.127703E+03 -0.607640E+02 +0.220898E+02 +0.301924E+02 +0.000000E+00 +0.000000E+00 +0.200665E-02 -0.157422E-02 +0.000000E+00 +0.114731E-02 +0.000000E+00 +0.000000E+00
 +0.130720E+01 -0.101310E+03 +0.127751E+03 -0.609691E+02 +0.220381E+02 +0.302059E+02 +0.000000E+00 +0.000000E+00 +0.200855E-02 -0.157714E-02 +0.000000E+00 +0.114782E-02 +0.000000E+00 +0.000000E+00
 +0.130720E+01 -0.101320E+03 +0.127803E+03 -0.611688E+02 +0.219894E+02 +0.302150E+02 +0.000000E+00 +0.000000E+00 +0.201047E-02 -0.158001E-02 +0.000000E+00 +0.114817E-02 +0.000000E+00 +0.000000E+00
 +0.130720E+01 -0.101330E+03 +0.127857E+03 -0.613664E+02 +0.219419E+02 +0.302225E+02 +0.000000E+00 +0.000000E+00 +0.201239E-02 -0.158286E-02 +0.000000E+00 +0.114845E-02 +0.000000E+00 +0.000000E+00
 +0.130720E+01 -0.101340E+03 +0.127914E+03 -0.615590E+02 +0.218972E+02 +0.302259E+02 +0.000000E+00 +0.000000E+00 +0.201432E-02 -0.158567E-02 +0.000000E+00 +0.114858E-02 +0.000000E+00 +0.000000E+00
 +0.130720E+01 -0.101350E+03 +0.127973E+03 -0.617494E+02 +0.218537E+02 +0.302276E+02 +0.000000E+00 +0.000000E+00 +0.201626E-02 -0.158846E-02 +0.000000E+00 +0.114865E-02 +0.000000E+00 +0.000000E+00
 +0.130720E+01 -0.101360E+03 +0.128034E+03 -0.619349E+02 +0.218128E+02 +0.302256E+02 +0.000000E+00 +0.000000E+00 +0.201821E-02 -0.159121E-02 +0.000000E+00 +0.114857E-02 +0.000000E+00 +0.000000E+00
 +0.130720E+01 -0.101370E+03 +0.128097E+03 -0.621182E+02 +0.217731E+02 +0.302218E+02 +0.000000E+00 +0.000000E+00 +0.202016E-02 -0.159393E-02 +0.000000E+00 +0.114843E-02 +0.000000E+00 +0.000000E+00
 +0.130720E+01 -0.101380E+03 +0.128163E+03 -0.622969E+02 +0.217359E+02 +0.302146E+02 +0.000000E+00 +0.000000E+00 +0.202212E-02 -0.159662E-02 +0.000000E+00 +0.114815E-02 +0.000000E+00 +0.000000E+00
 +0.130720E+01 -0.101390E+03 +0.128230E+03 -0.624732E+02 +0.216999E+02 +0.302056E+02 +0.000000E+00 +0.000000E+00 +0.202408E-02 -0.159929E-02 +0.000000E+00 +0.114781E-02 +0.000000E+00 +0.000000E+00
 +0.130720E+01 -0.101400E+03 +0.128300E+03 -0.626452E+02 +0.216661E+02 +0.301933E+02 +0.000000E+00 +0.000000E+00 +0.202604E-02 -0.160191E-02 +0.000000E+00 +0.114735E-02 +0.000000E+00 +0.000000E+00
 +0.130720E+01 -0.101410E+03 +0.128371E+03 -0.628147E+02 +0.216336E+02 +0.301793E+02 +0.000000E+00 +0.000000E+00 +0.202801E-02 -0.160452E-02 +0.000000E+00 +0.114681E-02 +0.000000E+00 +0.000000E+00
 +0.130720E+01 -0.101420E+03 +0.128444E+03 -0.629801E+02 +0.216031E+02 +0.301623E+02 +0.000000E+00 +0.000000E+00 +0.202998E-02 -0.160708E-02 +0.000000E+00 +0.114617E-02 +0.000000E+00 +0.000000E+00
 +0.130720E+01 -0.101430E+03 +0.128519E+03 -0.631431E+02 +0.215740E+02 +0.301436E+02 +0.000000E+00 +0.000000E+00 +0.203195E-02 -0.160962E-02 +0.000000E+00 +0.114546E-02 +0.000000E+00 +0.000000E+00
 +0.130720E+01 -0.101440E+03 +0.128595E+03 -0.633021E+02 +0.215467E+02 +0.301220E+02 +0.000000E+00 +0.000000E+00 +0.203392E-02 -0.161213E-02 +0.000000E+00 +0.114464E-02 +0.000000E+00 +0.000000E+00
 +0.130720E+01 -0.101450E+03 +0.128673E+03 -0.634586E+02 +0.215207E+02 +0.300987E+02 +0.000000E+00 +0.000000E+00 +0.203589E-02 -0.161461E-02 +0.000000E+00 +0.114375E-02 +0.000000E+00 +0.000000E+00
 +0.130720E+01 -0.101460E+03 +0.128752E+03 -0.636114E+02 +0.214965E+02 +0.300729E+02 +0.000000E+00 +0.000000E+00 +0.203786E-02 -0.161705E-02 +0.000000E+00 +0.114277E-02 +0.000000E+00 +0.000000E+00
 +0.130720E+01 -0.101470E+03 +0.128833E+03 -0.637616E+02 +0.214735E+02 +0.300452E+02 +0.000000E+00 +0.000000E+00 +0.203983E-02 -0.161947E-02 +0.000000E+00 +0.114172E-02 +0.000000E+00 +0.000000E+00
 +0.130720E+01 -0.101480E+03 +0.128915E+03 -0.639083E+02 +0.214522E+02 +0.300152E+02 +0.000000E+00 +0.000000E+00 +0.204179E-02 -0.162185E-02 +0.000000E+00 +0.114058E-02 +0.000000E+00 +0.000000E+00
 +0.130720E+01 -0.101490E+03 +0.128998E+03 -0.640523E+02 +0.214322E+02 +0.299834E+02 +0.000000E+00 +0.000000E+00 +0.204376E-02 -0.162421E-02 +0.000000E+00 +0.113937E-02 +0.000000E+00 +0.000000E+00
 +0.130720E+01 -0.101500E+03 +0.129083E+03 -0.641931E+02 +0.214137E+02 +0.299495E+02 +0.000000E+00 +0.000000E+00 +0.204572E-02 -0.162653E-02 +0.000000E+00 +0.113808E-02 +0.000000E+00 +0.000000E+00
 +0.130720E+01 -0.101510E+03 +0.129169E+03 -0.643311E+02 +0.213964E+02 +0.299138E+02 +0.000000E+00 +0.000000E+00 +0.204767E-02 -0.162882E-02 +0.000000E+00 +0.113672E-02 +0.000000E+00 +0.000000E+00
 +0.130720E+01 -0.101520E+03 +0.129256E+03 -0.644661E+02 +0.213806E+02 +0.298761E+02 +0.000000E+00 +0.000000E+00 +0.204963E-02 -0.163109E-02 +0.000000E+00 +0.113529E-02 +0.000000E+00 +0.000000E+00
 +0.130720E+01 -0.101530E+03 +0.129344E+03 -0.645983E+02 +0.213659E+02 +0.298367E+02 +0.000000E+00 +0.000000E+00 +0.205157E-02 -0.163332E-02 +0.000000E+00 +0.113379E-02 +0.000000E+00 +0.000000E+00
 +0.130720E+01 -0.101540E+03 +0.129433E+03 -0.647276E+02 +0.213526E+02 +0.297955E+02 +0.000000E+00 +0.000000E+00 +0.205352E-02 -0.163552E-02 +0.000000E+00 +0.113223E-02 +0.000000E+00 +0.000000E+00
 +0.130720E+01 -0.101550E+03 +0.129522E+03 -0.648540E+02 +0.213406E+02 +0.297525E+02 +0.000000E+00 +0.000000E+00 +0.205546E-02 -0.163770E-02 +0.000000E+00 +0.113059E-02 +0.000000E+00 +0.000000E+00
 +0.130720E+01 -0.101560E+03 +0.129613E+03 -0.649778E+02 +0.213297E+02 +0.297078E+02 +0.000000E+00 +0.000000E+00 +0.205739E-02 -0.163984E-02 +0.000000E+00 +0.112890E-02 +0.000000E+00 +0.000000E+00
 +0.130720E+01 -0.101570E+03 +0.129705E+03 -0.650987E+02 +0.213200E+02 +0.296615E+02 +0.000000E+00 +0.000000E+00 +0.205931E-02 -0.164196E-02 +0.000000E+00 +0.112714E-02 +0.000000E+00 +0.000000E+00
 +0.130720E+01 -0.101580E+03 +0.129797E+03 -0.652171E+02 +0.213115E+02 +0.296136E+02 +0.000000E+00 +0.000000E+00 +0.206123E-02 -0.164404E-02 +0.000000E+00 +0.112532E-02 +0.000000E+00 +0.000000E+00
 +0.130720E+01 -0.101590E+03 +0.129891E+03 -0.653326E+02 +0.213041E+02 +0.295640E+02 +0.000000E+00 +0.000000E+00 +0.206314E-02 -0.164610E-02 +0.000000E+00 +0.112343E-02 +0.000000E+00 +0.000000E+00
 +0.130720E+01 -0.101600E+03 +0.129985E+03 -0.654457E+02 +0.212978E+02 +0.295131E+02 +0.000000E+00 +0.000000E+00 +0.206505E-02 -0.164813E-02 +0.000000E+00 +0.112150E-02 +0.000000E+00 +0.000000E+00
 +0.130720E+01 -0.101610E+03 +0.130079E+03 -0.655560E+02 +0.212927E+02 +0.294605E+02 +0.000000E+00 +0.000000E+00 +0.206694E-02 -0.165012E-02 +0.000000E+00 +0.111950E-02 +0.000000E+00 +0.000000E+00
 +0.130720E+01 -0.101620E+03 +0.130174E+03 -0.656640E+02 +0.212885E+02 +0.294066E+02 +0.000000E+00 +0.000000E+00 +0.206883E-02 -0.165210E-02 +0.000000E+00 +0.111745E-02 +0.000000E+00 +0.000000E+00
 +0.130720E+01 -0.101630E+03 +0.130270E+03 -0.657690E+02 +0.212855E+02 +0.293511E+02 +0.000000E+00 +0.000000E+00 +0.207071E-02 -0.165404E-02 +0.000000E+00 +0.111534E-02 +0.000000E+00 +0.000000E+00
 +0.130720E+01 -0.101640E+03 +0.130367E+03 -0.658720E+02 +0.212833E+02 +0.292945E+02 +0.000000E+00 +0.000000E+00 +0.207259E-02 -0.165595E-02 +0.000000E+00 +0.111319E-02 +0.000000E+00 +0.000000E+00
 +0.130720E+01 -0.101650E+03 +0.130464E+03 -0.659721E+02 +0.212823E+02 +0.292362E+02 +0.000000E+00 +0.000000E+00 +0.207445E-02 -0.165783E-02 +0.000000E+00 +0.111098E-02 +0.000000E+00 +0.000000E+00
 +0.130720E+01 -0.101660E+03 +0.130561E+03 -0.660702E+02 +0.212821E+02 +0.291770E+02 +0.000000E+00 +0.000000E+00 +0.207631E-02 -0.165969E-02 +0.000000E+00 +0.110873E-02 +0.000000E+00 +0.000000E+00
 +0.130720E+01 -0.101670E+03 +0.130659E+03 -0.661653E+02 +0.212830E+02 +0.291162E+02 +0.000000E+00 +0.000000E+00 +0.207815E-02 -0.166152E-02 +0.000000E+00 +0.110641E-02 +0.000000E+00 +0.000000E+00
 +0.130720E+01 -0.101680E+03 +0.130758E+03 -0.662587E+02 +0.212846E+02 +0.290544E+02 +0.000000E+00 +0.000000E+00 +0.207999E-02 -0.166332E-02 +0.000000E+00 +0.110407E-02 +0.000000E+00 +0.000000E+00
 +0.130720E+01 -0.101690E+03 +0.130856E+03 -0.663491E+02 +0.212874E+02 +0.289911E+02 +0.000000E+00 +0.000000E+00 +0.208181E-02 -0.166509E-02 +0.000000E+00 +0.110166E-02 +0.000000E+00 +0.000000E+00
 +0.130720E+01 -0.101700E+03 +0.130955E+03 -0.664378E+02 +0.212908E+02 +0.289270E+02 +0.000000E+00 +0.000000E+00 +0.208363E-02 -0.166684E-02 +0.000000E+00 +0.109923E-02 +0.000000E+00 +0.000000E+00
 +0.130720E+01 -0.101710E+03 +0.131055E+03 -0.665236E+02 +0.212954E+02 +0.288614E+02 +0.000000E+00 +0.000000E+00 +0.208543E-02 -0.166856E-02 +0.000000E+00 +0.109673E-02 +0.000000E+00 +0.000000E+00
 +0.130720E+01 -0.101720E+03 +0.131155E+03 -0.666078E+02 +0.213005E+02 +0.287951E+02 +0.000000E+00 +0.000000E+00 +0.208723E-02 -0.167026E-02 +0.000000E+00 +0.109421E-02 +0.000000E+00 +0.000000E+00
 +0.130720E+01 -0.101730E+03 +0.131255E+03 -0.666890E+02 +0.213067E+02 +0.287273E+02 +0.000000E+00 +0.000000E+00 +0.208901E-02 -0.167192E-02 +0.000000E+00 +0.109164E-02 +0.000000E+00 +0.000000E+00
 +0.130720E+01 -0.101740E+03 +0.131355E+03 -0.667689E+02 +0.213134E+02 +0.286588E+02 +0.000000E+00 +0.000000E+00 +0.209079E-02 -0.167356E-02 +0.000000E+00 +0.108904E-02 +0.000000E+00 +0.000000E+00
 +0.130720E+01 -0.101750E+03 +0.131455E+03 -0.668457E+02 +0.213212E+02 +0.285890E+02 +0.000000E+00 +0.000000E+00 +0.209255E-02 -0.167517E-02 +0.000000E+00 +0.108638E-02 +0.000000E+00 +0.000000E+00
 +0.130720E+01 -0.101760E+03 +0.131556E+03 -0.669212E+02 +0.213295E+02 +0.285185E+02 +0.000000E+00 +0.000000E+00 +0.209431E-02 -0.167676E-02 +0.000000E+00 +0.108370E-02 +0.000000E+00 +0.000000E+00
 +0.130720E+01 -0.101770E+03 +0.131657E+03 -0.669938E+02 +0.213389E+02 +0.284467E+02 +0.000000E+00 +0.000000E+00 +0.209604E-02 -0.167832E-02 +0.000000E+00 +0.108098E-02 +0.000000E+00 +0.000000E+00
 +0.130720E+01 -0.101780E+03 +0.131758E+03 -0.670651E+02 +0.213486E+02 +0.283744E+02 +0.000000E+00 +0.000000E+00 +0.209778E-02 -0.167986E-02 +0.000000E+00 +0.107823E-02 +0.000000E+00 +0.000000E+00
 +0.130720E+01 -0.101790E+03 +0.131859E+03 -0.671335E+02 +0.213594E+02 +0.283007E+02 +0.000000E+00 +0.000000E+00 +0.209949E-02 -0.168137E-02 +0.000000E+00 +0.107543E-02 +0.000000E+00 +0.000000E+00
 +0.130720E+01 -0.101800E+03 +0.131960E+03 -0.672008E+02 +0.213706E+02 +0.282266E+02 +0.000000E+00 +0.000000E+00 +0.210120E-02 -0.168286E-02 +0.000000E+00 +0.107261E-02 +0.000000E+00 +0.000000E+00
 +0.130720E+01 -0.101810E+03 +0.132062E+03 -0.672650E+02 +0.213828E+02 +0.281512E+02 +0.000000E+00 +0.000000E+00 +0.210289E-02 -0.168431E-02 +0.000000E+00 +0.106975E-02 +0.000000E+00 +0.000000E+00
 +0.130720E+01 -0.101820E+03 +0.132163E+03 -0.673284E+02 +0.213954E+02 +0.280754E+02 +0.000000E+00 +0.000000E+00 +0.210458E-02 -0.168575E-02 +0.000000E+00 +0.106686E-02 +0.000000E+00 +0.000000E+00
 +0.130720E+01 -0.101830E+03 +0.132264E+03 -0.673887E+02 +0.214089E+02 +0.279983E+02 +0.000000E+00 +0.000000E+00 +0.210625E-02 -0.168715E-02 +0.000000E+00 +0.106394E-02 +0.000000E+00 +0.000000E+00
 +0.130720E+01 -0.101840E+03 +0.132366E+03 -0.674482E+02 +0.214228E+02 +0.279209E+02 +0.000000E+00 +0.000000E+00 +0.210791E-02 -0.168855E-02 +0.000000E+00 +0.106099E-02 +0.000000E+00 +0.000000E+00
 +0.130720E+01 -0.101850E+03 +0.132467E+03 -0.675046E+02 +0.214376E+02 +0.278423E+02 +0.000000E+00 +0.000000E+00 +0.210956E-02 -0.168990E-02 +0.000000E+00 +0.105801E-02 +0.000000E+00 +0.000000E+00
 +0.130720E+01 -0.101860E+03 +0.132568E+03 -0.675603E+02 +0.214527E+02 +0.277633E+02 +0.000000E+00 +0.000000E+00 +0.211120E-02 -0.169125E-02 +0.000000E+00 +0.105501E-02 +0.000000E+00 +0.000000E+00
 +0.130720E+01 -0.101870E+03 +0.132670E+03 -0.676129E+02 +0.214687E+02 +0.276831E+02 +0.000000E+00 +0.000000E+00 +0.211282E-02 -0.169255E-02 +0.000000E+00 +0.105196E-02 +0.000000E+00 +0.000000E+00
 +0.130720E+01 -0.101880E+03 +0.132771E+03 -0.676649E+02 +0.214850E+02 +0.276027E+02 +0.000000E+00 +0.000000E+00 +0.211443E-02 -0.169385E-02 +0.000000E+00 +0.104890E-02 +0.000000E+00 +0.000000E+00
 +0.130720E+01 -0.101890E+03 +0.132872E+03 -0.677138E+02 +0.215023E+02 +0.275210E+02 +0.000000E+00 +0.000000E+00 +0.211603E-02 -0.169511E-02 +0.000000E+00 +0.104580E-02 +0.000000E+00 +0.000000E+00
 +0.130720E+01 -0.101900E+03 +0.132974E+03 -0.677622E+02 +0.215198E+02 +0.274390E+02 +0.000000E+00 +0.000000E+00 +0.211762E-02 -0.169636E-02 +0.000000E+00 +0.104268E-02 +0.000000E+00 +0.000000E+00
 +0.130720E+01 -0.101910E+03 +0.133075E+03 -0.678075E+02 +0.215383E+02 +0.273558E+02 +0.000000E+00 +0.000000E+00 +0.211920E-02 -0.169757E-02 +0.000000E+00 +0.103952E-02 +0.000000E+00 +0.000000E+00
 +0.130720E+01 -0.101920E+03 +0.133176E+03 -0.678523E+02 +0.215569E+02 +0.272725E+02 +0.000000E+00 +0.000000E+00 +0.212077E-02 -0.169878E-02 +0.000000E+00 +0.103635E-02 +0.000000E+00 +0.000000E+00
 +0.130720E+01 -0.101930E+03 +0.133279E+03 -0.678946E+02 +0.215768E+02 +0.271873E+02 +0.000000E+00 +0.000000E+00 +0.212234E-02 -0.169996E-02 +0.000000E+00 +0.103312E-02 +0.000000E+00 +0.000000E+00
 +0.130720E+01 -0.101940E+03 +0.133382E+03 -0.679364E+02 +0.215969E+02 +0.271020E+02 +0.000000E+00 +0.000000E+00 +0.212391E-02 -0.170113E-02 +0.000000E+00 +0.102987E-02 +0.000000E+00 +0.000000E+00
 +0.130720E+01 -0.101950E+03 +0.133489E+03 -0.679902E+02 +0.216147E+02 +0.269792E+02 +0.000000E+00 +0.000000E+00 +0.212562E-02 -0.170249E-02 +0.000000E+00 +0.102521E-02 +0.000000E+00 +0.000000E+00
 +0.130720E+01 -0.101960E+03 +0.133597E+03 -0.680452E+02 +0.216322E+02 +0.268523E+02 +0.000000E+00 +0.000000E+00 +0.212734E-02 -0.170387E-02 +0.000000E+00 +0.102039E-02 +0.000000E+00 +0.000000E+00
 +0.130720E+01 -0.101970E+03 +0.133699E+03 -0.680672E+02 +0.216585E+02 +0.267954E+02 +0.000000E+00 +0.000000E+00 +0.212877E-02 -0.170479E-02 +0.000000E+00 +0.101822E-02 +0.000000E+00 +0.000000E+00
 +0.130720E+01 -0.101980E+03 +0.133800E+03 -0.680862E+02 +0.216856E+02 +0.267446E+02 +0.000000E+00 +0.000000E+00 +0.213018E-02 -0.170566E-02 +0.000000E+00 +0.101629E-02 +0.000000E+00 +0.000000E+00
 +0.130720E+01 -0.101990E+03 +0.133907E+03 -0.681222E+02 +0.217091E+02 +0.266529E+02 +0.000000E+00 +0.000000E+00 +0.213177E-02 -0.170679E-02 +0.000000E+00 +0.101281E-02 +0.000000E+00 +0.000000E+00
 +0.130720E+01 -0.102000E+03 +0.134015E+03 -0.681595E+02 +0.217324E+02 +0.265580E+02 +0.000000E+00 +0.000000E+00 +0.213337E-02 -0.170795E-02 +0.000000E+00 +0.100921E-02 +0.000000E+00 +0.000000E+00
 +0.130720E+01 -0.102010E+03 +0.134108E+03 -0.681943E+02 +0.217516E+02 +0.264686E+02 +0.000000E+00 +0.000000E+00 +0.213478E-02 -0.170897E-02 +0.000000E+00 +0.100581E-02 +0.000000E+00 +0.000000E+00
 +0.130720E+01 -0.102020E+03 +0.134202E+03 -0.682294E+02 +0.217711E+02 +0.263800E+02 +0.000000E+00 +0.000000E+00 +0.213620E-02 -0.171001E-02 +0.000000E+00 +0.100244E-02 +0.000000E+00 +0.000000E+00
 +0.130720E+01 -0.102030E+03 +0.134317E+03 -0.682504E+02 +0.218020E+02 +0.262962E+02 +0.000000E+00 +0.000000E+00 +0.213779E-02 -0.171100E-02 +0.000000E+00 +0.999255E-03 +0.000000E+00 +0.000000E+00
 +0.130720E+01 -0.102040E+03 +0.134390E+03 -0.682907E+02 +0.218126E+02 +0.262076E+02 +0.000000E+00 +0.000000E+00 +0.213896E-02 -0.171196E-02 +0.000000E+00 +0.995889E-03 +0.000000E+00 +0.000000E+00
 +0.130720E+01 -0.102050E+03 +0.134460E+03 -0.683311E+02 +0.218226E+02 +0.261184E+02 +0.000000E+00 +0.000000E+00 +0.214011E-02 -0.171292E-02 +0.000000E+00 +0.992499E-03 +0.000000E+00 +0.000000E+00
 +0.130720E+01 -0.102060E+03 +0.134547E+03 -0.683602E+02 +0.218415E+02 +0.260292E+02 +0.000000E+00 +0.000000E+00 +0.214140E-02 -0.171383E-02 +0.000000E+00 +0.989111E-03 +0.000000E+00 +0.000000E+00
 +0.130720E+01 -0.102070E+03 +0.134630E+03 -0.683902E+02 +0.218590E+02 +0.259400E+02 +0.000000E+00 +0.000000E+00 +0.214264E-02 -0.171473E-02 +0.000000E+00 +0.985720E-03 +0.000000E+00 +0.000000E+00
 +0.130720E+01 -0.102080E+03 +0.134707E+03 -0.684213E+02 +0.218744E+02 +0.258506E+02 +0.000000E+00 +0.000000E+00 +0.214383E-02 -0.171562E-02 +0.000000E+00 +0.982323E-03 +0.000000E+00 +0.000000E+00
 +0.130720E+01 -0.102090E+03 +0.134785E+03 -0.684525E+02 +0.218897E+02 +0.257612E+02 +0.000000E+00 +0.000000E+00 +0.214501E-02 -0.171650E-02 +0.000000E+00 +0.978926E-03 +0.000000E+00 +0.000000E+00
 +0.130720E+01 -0.102100E+03 +0.134874E+03 -0.684574E+02 +0.219175E+02 +0.256662E+02 +0.000000E+00 +0.000000E+00 +0.214617E-02 -0.171712E-02 +0.000000E+00 +0.975315E-03 +0.000000E+00 +0.000000E+00
 +0.130720E+01 -0.102110E+03 +0.134966E+03 -0.684667E+02 +0.219448E+02 +0.255752E+02 +0.000000E+00 +0.000000E+00 +0.214740E-02 -0.171782E-02 +0.000000E+00 +0.971856E-03 +0.000000E+00 +0.000000E+00
 +0.130720E+01 -0.102120E+03 +0.135060E+03 -0.684800E+02 +0.219716E+02 +0.254876E+02 +0.000000E+00 +0.000000E+00 +0.214869E-02 -0.171858E-02 +0.000000E+00 +0.968527E-03 +0.000000E+00 +0.000000E+00
 +0.130720E+01 -0.102130E+03 +0.135155E+03 -0.684933E+02 +0.219983E+02 +0.254000E+02 +0.000000E+00 +0.000000E+00 +0.214997E-02 -0.171934E-02 +0.000000E+00 +0.965198E-03 +0.000000E+00 +0.000000E+00
 +0.130720E+01 -0.102140E+03 +0.135254E+03 -0.685024E+02 +0.220279E+02 +0.253084E+02 +0.000000E+00 +0.000000E+00 +0.215129E-02 -0.172007E-02 +0.000000E+00 +0.961720E-03 +0.000000E+00 +0.000000E+00
 +0.130720E+01 -0.102150E+03 +0.135368E+03 -0.684804E+02 +0.220730E+02 +0.252106E+02 +0.000000E+00 +0.000000E+00 +0.215261E-02 -0.172051E-02 +0.000000E+00 +0.958003E-03 +0.000000E+00 +0.000000E+00
 +0.130720E+01 -0.102160E+03 +0.135487E+03 -0.684478E+02 +0.221230E+02 +0.251128E+02 +0.000000E+00 +0.000000E+00 +0.215392E-02 -0.172084E-02 +0.000000E+00 +0.954285E-03 +0.000000E+00 +0.000000E+00
 +0.130720E+01 -0.102170E+03 +0.135609E+03 -0.684180E+02 +0.221732E+02 +0.250114E+02 +0.000000E+00 +0.000000E+00 +0.215529E-02 -0.172123E-02 +0.000000E+00 +0.950435E-03 +0.000000E+00 +0.000000E+00
 +0.130720E+01 -0.102180E+03 +0.135729E+03 -0.683937E+02 +0.222205E+02 +0.249121E+02 +0.000000E+00 +0.000000E+00 +0.215665E-02 -0.172167E-02 +0.000000E+00 +0.946660E-03 +0.000000E+00 +0.000000E+00
 +0.130720E+01 -0.102190E+03 +0.135813E+03 -0.684118E+02 +0.222426E+02 +0.248222E+02 +0.000000E+00 +0.000000E+00 +0.215785E-02 -0.172243E-02 +0.000000E+00 +0.943243E-03 +0.000000E+00 +0.000000E+00
 +0.130720E+01 -0.102200E+03 +0.135892E+03 -0.684376E+02 +0.222598E+02 +0.247226E+02 +0.000000E+00 +0.000000E+00 +0.215900E-02 -0.172325E-02 +0.000000E+00 +0.939459E-03 +0.000000E+00 +0.000000E+00
 +0.130720E+01 -0.102210E+03 +0.135970E+03 -0.684634E+02 +0.222770E+02 +0.246231E+02 +0.000000E+00 +0.000000E+00 +0.216016E-02 -0.172407E-02 +0.000000E+00 +0.935676E-03 +0.000000E+00 +0.000000E+00
 +0.130720E+01 -0.102220E+03 +0.136048E+03 -0.684892E+02 +0.222943E+02 +0.245235E+02 +0.000000E+00 +0.000000E+00 +0.216131E-02 -0.172489E-02 +0.000000E+00 +0.931894E-03 +0.000000E+00 +0.000000E+00
 +0.130720E+01 -0.102230E+03 +0.136125E+03 -0.685125E+02 +0.223121E+02 +0.244286E+02 +0.000000E+00 +0.000000E+00 +0.216244E-02 -0.172567E-02 +0.000000E+00 +0.928287E-03 +0.000000E+00 +0.000000E+00
 +0.130720E+01 -0.102240E+03 +0.136202E+03 -0.685359E+02 +0.223298E+02 +0.243337E+02 +0.000000E+00 +0.000000E+00 +0.216357E-02 -0.172645E-02 +0.000000E+00 +0.924679E-03 +0.000000E+00 +0.000000E+00
 +0.130720E+01 -0.102250E+03 +0.136277E+03 -0.685404E+02 +0.223529E+02 +0.242367E+02 +0.000000E+00 +0.000000E+00 +0.216455E-02 -0.172697E-02 +0.000000E+00 +0.920993E-03 +0.000000E+00 +0.000000E+00
 +0.130720E+01 -0.102260E+03 +0.136350E+03 -0.685381E+02 +0.223780E+02 +0.241389E+02 +0.000000E+00 +0.000000E+00 +0.216547E-02 -0.172741E-02 +0.000000E+00 +0.917279E-03 +0.000000E+00 +0.000000E+00
 +0.130720E+01 -0.102270E+03 +0.136445E+03 -0.685215E+02 +0.224147E+02 +0.240384E+02 +0.000000E+00 +0.000000E+00 +0.216657E-02 -0.172779E-02 +0.000000E+00 +0.913459E-03 +0.000000E+00 +0.000000E+00
 +0.130720E+01 -0.102280E+03 +0.136556E+03 -0.684934E+02 +0.224606E+02 +0.239356E+02 +0.000000E+00 +0.000000E+00 +0.216781E-02 -0.172813E-02 +0.000000E+00 +0.909554E-03 +0.000000E+00 +0.000000E+00
 +0.130720E+01 -0.102290E+03 +0.136667E+03 -0.684653E+02 +0.225066E+02 +0.238329E+02 +0.000000E+00 +0.000000E+00 +0.216905E-02 -0.172847E-02 +0.000000E+00 +0.905649E-03 +0.000000E+00 +0.000000E+00
 +0.130720E+01 -0.102300E+03 +0.136778E+03 -0.684372E+02 +0.225525E+02 +0.237301E+02 +0.000000E+00 +0.000000E+00 +0.217029E-02 -0.172880E-02 +0.000000E+00 +0.901744E-03 +0.000000E+00 +0.000000E+00
 +0.130720E+01 -0.102310E+03 +0.136887E+03 -0.683890E+02 +0.226045E+02 +0.236250E+02 +0.000000E+00 +0.000000E+00 +0.217138E-02 -0.172888E-02 +0.000000E+00 +0.897752E-03 +0.000000E+00 +0.000000E+00
 +0.130720E+01 -0.102320E+03 +0.136981E+03 -0.683643E+02 +0.226436E+02 +0.235345E+02 +0.000000E+00 +0.000000E+00 +0.217242E-02 -0.172915E-02 +0.000000E+00 +0.894310E-03 +0.000000E+00 +0.000000E+00
 +0.130720E+01 -0.102330E+03 +0.137068E+03 -0.683593E+02 +0.226739E+02 +0.234523E+02 +0.000000E+00 +0.000000E+00 +0.217349E-02 -0.172963E-02 +0.000000E+00 +0.891187E-03 +0.000000E+00 +0.000000E+00
 +0.130720E+01 -0.102340E+03 +0.137155E+03 -0.683544E+02 +0.227042E+02 +0.233701E+02 +0.000000E+00 +0.000000E+00 +0.217457E-02 -0.173011E-02 +0.000000E+00 +0.888064E-03 +0.000000E+00 +0.000000E+00
 +0.130720E+01 -0.102350E+03 +0.137242E+03 -0.683494E+02 +0.227345E+02 +0.232879E+02 +0.000000E+00 +0.000000E+00 +0.217564E-02 -0.173060E-02 +0.000000E+00 +0.884940E-03 +0.000000E+00 +0.000000E+00
 +0.130720E+01 -0.102360E+03 +0.137329E+03 -0.683445E+02 +0.227648E+02 +0.232057E+02 +0.000000E+00 +0.000000E+00 +0.217672E-02 -0.173108E-02 +0.000000E+00 +0.881817E-03 +0.000000E+00 +0.000000E+00
 +0.130720E+01 -0.102370E+03 +0.137415E+03 -0.683441E+02 +0.227935E+02 +0.231243E+02 +0.000000E+00 +0.000000E+00 +0.217781E-02 -0.173161E-02 +0.000000E+00 +0.878722E-03 +0.000000E+00 +0.000000E+00
 +0.130720E+01 -0.102380E+03 +0.137497E+03 -0.683381E+02 +0.228223E+02 +0.230359E+02 +0.000000E+00 +0.000000E+00 +0.217881E-02 -0.173205E-02 +0.000000E+00 +0.875362E-03 +0.000000E+00 +0.000000E+00
 +0.130720E+01 -0.102390E+03 +0.137578E+03 -0.683322E+02 +0.228512E+02 +0.229474E+02 +0.000000E+00 +0.000000E+00 +0.217981E-02 -0.173248E-02 +0.000000E+00 +0.872003E-03 +0.000000E+00 +0.000000E+00
 +0.130720E+01 -0.102400E+03 +0.137660E+03 -0.683262E+02 +0.228800E+02 +0.228590E+02 +0.000000E+00 +0.000000E+00 +0.218081E-02 -0.173292E-02 +0.000000E+00 +0.868643E-03 +0.000000E+00 +0.000000E+00
 +0.130720E+01 -0.102410E+03 +0.137741E+03 -0.683202E+02 +0.229089E+02 +0.227706E+02 +0.000000E+00 +0.000000E+00 +0.218181E-02 -0.173335E-02 +0.000000E+00 +0.865283E-03 +0.000000E+00 +0.000000E+00
 +0.130720E+01 -0.102420E+03 +0.137822E+03 -0.683142E+02 +0.229377E+02 +0.226822E+02 +0.000000E+00 +0.000000E+00 +0.218281E-02 -0.173379E-02 +0.000000E+00 +0.861923E-03 +0.000000E+00 +0.000000E+00
 +0.130720E+01 -0.102430E+03 +0.137904E+03 -0.683083E+02 +0.229665E+02 +0.225938E+02 +0.000000E+00 +0.000000E+00 +0.218381E-02 -0.173422E-02 +0.000000E+00 +0.858563E-03 +0.000000E+00 +0.000000E+00
 +0.130720E+01 -0.102440E+03 +0.137985E+03 -0.683023E+02 +0.229954E+02 +0.225053E+02 +0.000000E+00 +0.000000E+00 +0.218481E-02 -0.173466E-02 +0.000000E+00 +0.855203E-03 +0.000000E+00 +0.000000E+00
 +0.130720E+01 -0.102450E+03 +0.138058E+03 -0.682919E+02 +0.230229E+02 +0.224134E+02 +0.000000E+00 +0.000000E+00 +0.218567E-02 -0.173498E-02 +0.000000E+00 +0.851709E-03 +0.000000E+00 +0.000000E+00
 +0.130720E+01 -0.102460E+03 +0.138135E+03 -0.682861E+02 +0.230500E+02 +0.223147E+02 +0.000000E+00 +0.000000E+00 +0.218661E-02 -0.173539E-02 +0.000000E+00 +0.847958E-03 +0.000000E+00 +0.000000E+00
 +0.130720E+01 -0.102470E+03 +0.138220E+03 -0.682576E+02 +0.230876E+02 +0.222087E+02 +0.000000E+00 +0.000000E+00 +0.218752E-02 -0.173556E-02 +0.000000E+00 +0.843930E-03 +0.000000E+00 +0.000000E+00
 +0.130720E+01 -0.102480E+03 +0.138305E+03 -0.682291E+02 +0.231251E+02 +0.221027E+02 +0.000000E+00 +0.000000E+00 +0.218842E-02 -0.173573E-02 +0.000000E+00 +0.839903E-03 +0.000000E+00 +0.000000E+00
 +0.130720E+01 -0.102490E+03 +0.138390E+03 -0.682005E+02 +0.231627E+02 +0.219967E+02 +0.000000E+00 +0.000000E+00 +0.218933E-02 -0.173590E-02 +0.000000E+00 +0.835876E-03 +0.000000E+00 +0.000000E+00
 +0.130720E+01 -0.102500E+03 +0.138476E+03 -0.681720E+02 +0.232002E+02 +0.218907E+02 +0.000000E+00 +0.000000E+00 +0.219023E-02 -0.173607E-02 +0.000000E+00 +0.831848E-03 +0.000000E+00 +0.000000E+00
 +0.130720E+01 -0.102510E+03 +0.138561E+03 -0.681434E+02 +0.232378E+02 +0.217848E+02 +0.000000E+00 +0.000000E+00 +0.219114E-02 -0.173624E-02 +0.000000E+00 +0.827821E-03 +0.000000E+00 +0.000000E+00
 +0.130720E+01 -0.102520E+03 +0.138646E+03 -0.681149E+02 +0.232753E+02 +0.216788E+02 +0.000000E+00 +0.000000E+00 +0.219205E-02 -0.173641E-02 +0.000000E+00 +0.823793E-03 +0.000000E+00 +0.000000E+00
 +0.130720E+01 -0.102530E+03 +0.138731E+03 -0.680864E+02 +0.233129E+02 +0.215728E+02 +0.000000E+00 +0.000000E+00 +0.219295E-02 -0.173659E-02 +0.000000E+00 +0.819766E-03 +0.000000E+00 +0.000000E+00
 +0.130720E+01 -0.102540E+03 +0.138813E+03 -0.680578E+02 +0.233492E+02 +0.214733E+02 +0.000000E+00 +0.000000E+00 +0.219381E-02 -0.173673E-02 +0.000000E+00 +0.815984E-03 +0.000000E+00 +0.000000E+00
 +0.130720E+01 -0.102550E+03 +0.138889E+03 -0.680291E+02 +0.233837E+02 +0.213831E+02 +0.000000E+00 +0.000000E+00 +0.219460E-02 -0.173684E-02 +0.000000E+00 +0.812557E-03 +0.000000E+00 +0.000000E+00
 +0.130720E+01 -0.102560E+03 +0.138965E+03 -0.680004E+02 +0.234182E+02 +0.212929E+02 +0.000000E+00 +0.000000E+00 +0.219538E-02 -0.173695E-02 +0.000000E+00 +0.809131E-03 +0.000000E+00 +0.000000E+00
 +0.130720E+01 -0.102570E+03 +0.139041E+03 -0.679718E+02 +0.234527E+02 +0.212027E+02 +0.000000E+00 +0.000000E+00 +0.219617E-02 -0.173707E-02 +0.000000E+00 +0.805704E-03 +0.000000E+00 +0.000000E+00
 +0.130720E+01 -0.102580E+03 +0.139117E+03 -0.679431E+02 +0.234872E+02 +0.211125E+02 +0.000000E+00 +0.000000E+00 +0.219696E-02 -0.173718E-02 +0.000000E+00 +0.802277E-03 +0.000000E+00 +0.000000E+00
 +0.130720E+01 -0.102590E+03 +0.139192E+03 -0.679144E+02 +0.235218E+02 +0.210224E+02 +0.000000E+00 +0.000000E+00 +0.219774E-02 -0.173729E-02 +0.000000E+00 +0.798850E-03 +0.000000E+00 +0.000000E+00
 +0.130720E+01 -0.102600E+03 +0.139268E+03 -0.678858E+02 +0.235563E+02 +0.209322E+02 +0.000000E+00 +0.000000E+00 +0.219853E-02 -0.173740E-02 +0.000000E+00 +0.795423E-03 +0.000000E+00 +0.000000E+00
 +0.130720E+01 -0.102610E+03 +0.139344E+03 -0.678571E+02 +0.235908E+02 +0.208420E+02 +0.000000E+00 +0.000000E+00 +0.219932E-02 -0.173751E-02 +0.000000E+00 +0.791996E-03 +0.000000E+00 +0.000000E+00
 +0.130720E+01 -0.102620E+03 +0.139420E+03 -0.678278E+02 +0.236254E+02 +0.207514E+02 +0.000000E+00 +0.000000E+00 +0.220010E-02 -0.173761E-02 +0.000000E+00 +0.788552E-03 +0.000000E+00 +0.000000E+00
 +0.130720E+01 -0.102630E+03 +0.139485E+03 -0.677940E+02 +0.236580E+02 +0.206564E+02 +0.000000E+00 +0.000000E+00 +0.220071E-02 -0.173759E-02 +0.000000E+00 +0.784944E-03 +0.000000E+00 +0.000000E+00
 +0.130720E+01 -0.102640E+03 +0.139557E+03 -0.677596E+02 +0.236930E+02 +0.205598E+02 +0.000000E+00 +0.000000E+00 +0.220141E-02 -0.173760E-02 +0.000000E+00 +0.781272E-03 +0.000000E+00 +0.000000E+00
 +0.130720E+01 -0.102650E+03 +0.139628E+03 -0.677253E+02 +0.237280E+02 +0.204632E+02 +0.000000E+00 +0.000000E+00 +0.220211E-02 -0.173761E-02 +0.000000E+00 +0.777601E-03 +0.000000E+00 +0.000000E+00
 +0.130720E+01 -0.102660E+03 +0.139700E+03 -0.676910E+02 +0.237630E+02 +0.203666E+02 +0.000000E+00 +0.000000E+00 +0.220281E-02 -0.173763E-02 +0.000000E+00 +0.773929E-03 +0.000000E+00 +0.000000E+00
 +0.130720E+01 -0.102670E+03 +0.139772E+03 -0.676566E+02 +0.237980E+02 +0.202699E+02 +0.000000E+00 +0.000000E+00 +0.220350E-02 -0.173764E-02 +0.000000E+00 +0.770258E-03 +0.000000E+00 +0.000000E+00
 +0.130720E+01 -0.102680E+03 +0.139844E+03 -0.676223E+02 +0.238331E+02 +0.201733E+02 +0.000000E+00 +0.000000E+00 +0.220420E-02 -0.173765E-02 +0.000000E+00 +0.766586E-03 +0.000000E+00 +0.000000E+00
 +0.130720E+01 -0.102690E+03 +0.139915E+03 -0.675880E+02 +0.238681E+02 +0.200767E+02 +0.000000E+00 +0.000000E+00 +0.220490E-02 -0.173767E-02 +0.000000E+00 +0.762914E-03 +0.000000E+00 +0.000000E+00
 +0.130720E+01 -0.102700E+03 +0.139987E+03 -0.675537E+02 +0.239031E+02 +0.199801E+02 +0.000000E+00 +0.000000E+00 +0.220560E-02 -0.173768E-02 +0.000000E+00 +0.759243E-03 +0.000000E+00 +0.000000E+00
 +0.130720E+01 -0.102710E+03 +0.140059E+03 -0.675193E+02 +0.239381E+02 +0.198835E+02 +0.000000E+00 +0.000000E+00 +0.220630E-02 -0.173769E-02 +0.000000E+00 +0.755571E-03 +0.000000E+00 +0.000000E+00
 +0.130720E+01 -0.102720E+03 +0.140119E+03 -0.675218E+02 +0.239571E+02 +0.197903E+02 +0.000000E+00 +0.000000E+00 +0.220708E-02 -0.173810E-02 +0.000000E+00 +0.752033E-03 +0.000000E+00 +0.000000E+00
 +0.130720E+01 -0.102730E+03 +0.140178E+03 -0.675271E+02 +0.239748E+02 +0.196975E+02 +0.000000E+00 +0.000000E+00 +0.220786E-02 -0.173854E-02 +0.000000E+00 +0.748505E-03 +0.000000E+00 +0.000000E+00
 +0.130720E+01 -0.102740E+03 +0.140237E+03 -0.675324E+02 +0.239926E+02 +0.196047E+02 +0.000000E+00 +0.000000E+00 +0.220865E-02 -0.173898E-02 +0.000000E+00 +0.744977E-03 +0.000000E+00 +0.000000E+00
 +0.130720E+01 -0.102750E+03 +0.140296E+03 -0.675377E+02 +0.240103E+02 +0.195118E+02 +0.000000E+00 +0.000000E+00 +0.220943E-02 -0.173941E-02 +0.000000E+00 +0.741449E-03 +0.000000E+00 +0.000000E+00
 +0.130720E+01 -0.102760E+03 +0.140355E+03 -0.675430E+02 +0.240281E+02 +0.194190E+02 +0.000000E+00 +0.000000E+00 +0.221022E-02 -0.173985E-02 +0.000000E+00 +0.737921E-03 +0.000000E+00 +0.000000E+00
 +0.130720E+01 -0.102770E+03 +0.140419E+03 -0.675394E+02 +0.240501E+02 +0.193253E+02 +0.000000E+00 +0.000000E+00 +0.221100E-02 -0.174020E-02 +0.000000E+00 +0.734362E-03 +0.000000E+00 +0.000000E+00
 +0.130720E+01 -0.102780E+03 +0.140501E+03 -0.674941E+02 +0.240922E+02 +0.192279E+02 +0.000000E+00 +0.000000E+00 +0.221176E-02 -0.174014E-02 +0.000000E+00 +0.730660E-03 +0.000000E+00 +0.000000E+00
 +0.130720E+01 -0.102790E+03 +0.140580E+03 -0.674468E+02 +0.241340E+02 +0.191350E+02 +0.000000E+00 +0.000000E+00 +0.221248E-02 -0.174003E-02 +0.000000E+00 +0.727130E-03 +0.000000E+00 +0.000000E+00
 +0.130720E+01 -0.102800E+03 +0.140649E+03 -0.673919E+02 +0.241747E+02 +0.190582E+02 +0.000000E+00 +0.000000E+00 +0.221301E-02 -0.173977E-02 +0.000000E+00 +0.724213E-03 +0.000000E+00 +0.000000E+00
 +0.130720E+01 -0.102810E+03 +0.140717E+03 -0.673371E+02 +0.242155E+02 +0.189815E+02 +0.000000E+00 +0.000000E+00 +0.221353E-02 -0.173950E-02 +0.000000E+00 +0.721296E-03 +0.000000E+00 +0.000000E+00
 +0.130720E+01 -0.102820E+03 +0.140786E+03 -0.672822E+02 +0.242562E+02 +0.189047E+02 +0.000000E+00 +0.000000E+00 +0.221406E-02 -0.173923E-02 +0.000000E+00 +0.718379E-03 +0.000000E+00 +0.000000E+00
 +0.130720E+01 -0.102830E+03 +0.140854E+03 -0.672274E+02 +0.242970E+02 +0.188280E+02 +0.000000E+00 +0.000000E+00 +0.221459E-02 -0.173896E-02 +0.000000E+00 +0.715463E-03 +0.000000E+00 +0.000000E+00
 +0.130720E+01 -0.102840E+03 +0.140923E+03 -0.671725E+02 +0.243377E+02 +0.187512E+02 +0.000000E+00 +0.000000E+00 +0.221512E-02 -0.173869E-02 +0.000000E+00 +0.712546E-03 +0.000000E+00 +0.000000E+00
 +0.130720E+01 -0.102850E+03 +0.140992E+03 -0.671176E+02 +0.243784E+02 +0.186744E+02 +0.000000E+00 +0.000000E+00 +0.221565E-02 -0.173843E-02 +0.000000E+00 +0.709629E-03 +0.000000E+00 +0.000000E+00
 +0.130720E+01 -0.102860E+03 +0.141060E+03 -0.670628E+02 +0.244192E+02 +0.185977E+02 +0.000000E+00 +0.000000E+00 +0.221618E-02 -0.173816E-02 +0.000000E+00 +0.706712E-03 +0.000000E+00 +0.000000E+00
 +0.130720E+01 -0.102870E+03 +0.141129E+03 -0.670079E+02 +0.244599E+02 +0.185209E+02 +0.000000E+00 +0.000000E+00 +0.221671E-02 -0.173789E-02 +0.000000E+00 +0.703795E-03 +0.000000E+00 +0.000000E+00
 +0.130720E+01 -0.102880E+03 +0.141197E+03 -0.669531E+02 +0.245006E+02 +0.184442E+02 +0.000000E+00 +0.000000E+00 +0.221724E-02 -0.173762E-02 +0.000000E+00 +0.700878E-03 +0.000000E+00 +0.000000E+00
 +0.130720E+01 -0.102890E+03 +0.141266E+03 -0.668982E+02 +0.245414E+02 +0.183674E+02 +0.000000E+00 +0.000000E+00 +0.221777E-02 -0.173735E-02 +0.000000E+00 +0.697962E-03 +0.000000E+00 +0.000000E+00
 +0.130720E+01 -0.102900E+03 +0.141335E+03 -0.668434E+02 +0.245821E+02 +0.182906E+02 +0.000000E+00 +0.000000E+00 +0.221830E-02 -0.173708E-02 +0.000000E+00 +0.695045E-03 +0.000000E+00 +0.000000E+00
 +0.130720E+01 -0.102910E+03 +0.141403E+03 -0.667885E+02 +0.246229E+02 +0.182139E+02 +0.000000E+00 +0.000000E+00 +0.221883E-02 -0.173682E-02 +0.000000E+00 +0.692128E-03 +0.000000E+00 +0.000000E+00
 +0.130720E+01 -0.102920E+03 +0.141472E+03 -0.667337E+02 +0.246636E+02 +0.181371E+02 +0.000000E+00 +0.000000E+00 +0.221936E-02 -0.173655E-02 +0.000000E+00 +0.689211E-03 +0.000000E+00 +0.000000E+00
 +0.130720E+01 -0.102930E+03 +0.141539E+03 -0.666829E+02 +0.247023E+02 +0.180588E+02 +0.000000E+00 +0.000000E+00 +0.221989E-02 -0.173632E-02 +0.000000E+00 +0.686233E-03 +0.000000E+00 +0.000000E+00
 +0.130720E+01 -0.102940E+03 +0.141593E+03 -0.666362E+02 +0.247358E+02 +0.179657E+02 +0.000000E+00 +0.000000E+00 +0.222029E-02 -0.173607E-02 +0.000000E+00 +0.682698E-03 +0.000000E+00 +0.000000E+00
 +0.130720E+01 -0.102950E+03 +0.141648E+03 -0.665894E+02 +0.247693E+02 +0.178727E+02 +0.000000E+00 +0.000000E+00 +0.222069E-02 -0.173581E-02 +0.000000E+00 +0.679162E-03 +0.000000E+00 +0.000000E+00
 +0.130720E+01 -0.102960E+03 +0.141703E+03 -0.665426E+02 +0.248028E+02 +0.177797E+02 +0.000000E+00 +0.000000E+00 +0.222110E-02 -0.173556E-02 +0.000000E+00 +0.675627E-03 +0.000000E+00 +0.000000E+00
 +0.130720E+01 -0.102970E+03 +0.141757E+03 -0.664958E+02 +0.248363E+02 +0.176866E+02 +0.000000E+00 +0.000000E+00 +0.222150E-02 -0.173531E-02 +0.000000E+00 +0.672091E-03 +0.000000E+00 +0.000000E+00
 +0.130720E+01 -0.102980E+03 +0.141812E+03 -0.664490E+02 +0.248698E+02 +0.175936E+02 +0.000000E+00 +0.000000E+00 +0.222190E-02 -0.173506E-02 +0.000000E+00 +0.668556E-03 +0.000000E+00 +0.000000E+00
 +0.130720E+01 -0.102990E+03 +0.141867E+03 -0.664022E+02 +0.249033E+02 +0.175005E+02 +0.000000E+00 +0.000000E+00 +0.222230E-02 -0.173480E-02 +0.000000E+00 +0.665020E-03 +0.000000E+00 +0.000000E+00
 +0.130720E+01 -0.103000E+03 +0.141921E+03 -0.663554E+02 +0.249368E+02 +0.174075E+02 +0.000000E+00 +0.000000E+00 +0.222271E-02 -0.173455E-02 +0.000000E+00 +0.661485E-03 +0.000000E+00 +0.000000E+00
 +0.130720E+01 -0.103010E+03 +0.141976E+03 -0.663086E+02 +0.249703E+02 +0.173145E+02 +0.000000E+00 +0.000000E+00 +0.222311E-02 -0.173430E-02 +0.000000E+00 +0.657949E-03 +0.000000E+00 +0.000000E+00
 +0.130720E+01 -0.103020E+03 +0.142031E+03 -0.662618E+02 +0.250038E+02 +0.172214E+02 +0.000000E+00 +0.000000E+00 +0.222351E-02 -0.173405E-02 +0.000000E+00 +0.654414E-03 +0.000000E+00 +0.000000E+00
 +0.130720E+01 -0.103030E+03 +0.142085E+03 -0.662150E+02 +0.250373E+02 +0.171284E+02 +0.000000E+00 +0.000000E+00 +0.222392E-02 -0.173379E-02 +0.000000E+00 +0.650878E-03 +0.000000E+00 +0.000000E+00
 +0.130720E+01 -0.103040E+03 +0.142140E+03 -0.661682E+02 +0.250708E+02 +0.170353E+02 +0.000000E+00 +0.000000E+00 +0.222432E-02 -0.173354E-02 +0.000000E+00 +0.647343E-03 +0.000000E+00 +0.000000E+00
 +0.130720E+01 -0.103050E+03 +0.142195E+03 -0.661214E+02 +0.251043E+02 +0.169423E+02 +0.000000E+00 +0.000000E+00 +0.222472E-02 -0.173329E-02 +0.000000E+00 +0.643807E-03 +0.000000E+00 +0.000000E+00
 +0.130720E+01 -0.103060E+03 +0.142250E+03 -0.660746E+02 +0.251377E+02 +0.168493E+02 +0.000000E+00 +0.000000E+00 +0.222512E-02 -0.173303E-02 +0.000000E+00 +0.640272E-03 +0.000000E+00 +0.000000E+00
 +0.130720E+01 -0.103070E+03 +0.142304E+03 -0.660278E+02 +0.251712E+02 +0.167562E+02 +0.000000E+00 +0.000000E+00 +0.222553E-02 -0.173278E-02 +0.000000E+00 +0.636736E-03 +0.000000E+00 +0.000000E+00
 +0.130720E+01 -0.103080E+03 +0.142359E+03 -0.659810E+02 +0.252047E+02 +0.166632E+02 +0.000000E+00 +0.000000E+00 +0.222593E-02 -0.173253E-02 +0.000000E+00 +0.633201E-03 +0.000000E+00 +0.000000E+00
 +0.130720E+01 -0.103090E+03 +0.142414E+03 -0.659342E+02 +0.252382E+02 +0.165701E+02 +0.000000E+00 +0.000000E+00 +0.222633E-02 -0.173228E-02 +0.000000E+00 +0.629665E-03 +0.000000E+00 +0.000000E+00
 +0.130720E+01 -0.103100E+03 +0.142468E+03 -0.658874E+02 +0.252715E+02 +0.164777E+02 +0.000000E+00 +0.000000E+00 +0.222673E-02 -0.173202E-02 +0.000000E+00 +0.626151E-03 +0.000000E+00 +0.000000E+00
 +0.130720E+01 -0.103110E+03 +0.142502E+03 -0.658413E+02 +0.252982E+02 +0.164052E+02 +0.000000E+00 +0.000000E+00 +0.222688E-02 -0.173165E-02 +0.000000E+00 +0.623396E-03 +0.000000E+00 +0.000000E+00
 +0.130720E+01 -0.103120E+03 +0.142537E+03 -0.657951E+02 +0.253249E+02 +0.163327E+02 +0.000000E+00 +0.000000E+00 +0.222703E-02 -0.173128E-02 +0.000000E+00 +0.620642E-03 +0.000000E+00 +0.000000E+00
 +0.130720E+01 -0.103130E+03 +0.142572E+03 -0.657489E+02 +0.253516E+02 +0.162602E+02 +0.000000E+00 +0.000000E+00 +0.222718E-02 -0.173091E-02 +0.000000E+00 +0.617887E-03 +0.000000E+00 +0.000000E+00
 +0.130720E+01 -0.103140E+03 +0.142606E+03 -0.657027E+02 +0.253782E+02 +0.161877E+02 +0.000000E+00 +0.000000E+00 +0.222734E-02 -0.173054E-02 +0.000000E+00 +0.615132E-03 +0.000000E+00 +0.000000E+00
 +0.130720E+01 -0.103150E+03 +0.142641E+03 -0.656565E+02 +0.254049E+02 +0.161152E+02 +0.000000E+00 +0.000000E+00 +0.222749E-02 -0.173017E-02 +0.000000E+00 +0.612377E-03 +0.000000E+00 +0.000000E+00
 +0.130720E+01 -0.103160E+03 +0.142676E+03 -0.656104E+02 +0.254316E+02 +0.160427E+02 +0.000000E+00 +0.000000E+00 +0.222764E-02 -0.172980E-02 +0.000000E+00 +0.609622E-03 +0.000000E+00 +0.000000E+00
 +0.130720E+01 -0.103170E+03 +0.142710E+03 -0.655642E+02 +0.254583E+02 +0.159702E+02 +0.000000E+00 +0.000000E+00 +0.222779E-02 -0.172943E-02 +0.000000E+00 +0.606867E-03 +0.000000E+00 +0.000000E+00
 +0.130720E+01 -0.103180E+03 +0.142745E+03 -0.655180E+02 +0.254849E+02 +0.158977E+02 +0.000000E+00 +0.000000E+00 +0.222794E-02 -0.172906E-02 +0.000000E+00 +0.604112E-03 +0.000000E+00 +0.000000E+00
 +0.130720E+01 -0.103190E+03 +0.142780E+03 -0.654718E+02 +0.255116E+02 +0.158252E+02 +0.000000E+00 +0.000000E+00 +0.222809E-02 -0.172869E-02 +0.000000E+00 +0.601358E-03 +0.000000E+00 +0.000000E+00
 +0.130720E+01 -0.103200E+03 +0.142814E+03 -0.654256E+02 +0.255383E+02 +0.157527E+02 +0.000000E+00 +0.000000E+00 +0.222825E-02 -0.172831E-02 +0.000000E+00 +0.598603E-03 +0.000000E+00 +0.000000E+00
 +0.130720E+01 -0.103210E+03 +0.142849E+03 -0.653796E+02 +0.255650E+02 +0.156801E+02 +0.000000E+00 +0.000000E+00 +0.222840E-02 -0.172795E-02 +0.000000E+00 +0.595843E-03 +0.000000E+00 +0.000000E+00
 +0.130720E+01 -0.103220E+03 +0.142908E+03 -0.653416E+02 +0.255968E+02 +0.156000E+02 +0.000000E+00 +0.000000E+00 +0.222891E-02 -0.172783E-02 +0.000000E+00 +0.592800E-03 +0.000000E+00 +0.000000E+00
 +0.130720E+01 -0.103230E+03 +0.142966E+03 -0.653035E+02 +0.256286E+02 +0.155199E+02 +0.000000E+00 +0.000000E+00 +0.222941E-02 -0.172771E-02 +0.000000E+00 +0.589758E-03 +0.000000E+00 +0.000000E+00
 +0.130720E+01 -0.103240E+03 +0.143024E+03 -0.652655E+02 +0.256604E+02 +0.154399E+02 +0.000000E+00 +0.000000E+00 +0.222991E-02 -0.172759E-02 +0.000000E+00 +0.586716E-03 +0.000000E+00 +0.000000E+00
 +0.130720E+01 -0.103250E+03 +0.143083E+03 -0.652274E+02 +0.256922E+02 +0.153598E+02 +0.000000E+00 +0.000000E+00 +0.223042E-02 -0.172747E-02 +0.000000E+00 +0.583673E-03 +0.000000E+00 +0.000000E+00
 +0.130720E+01 -0.103260E+03 +0.143141E+03 -0.651894E+02 +0.257240E+02 +0.152798E+02 +0.000000E+00 +0.000000E+00 +0.223092E-02 -0.172735E-02 +0.000000E+00 +0.580631E-03 +0.000000E+00 +0.000000E+00
 +0.130720E+01 -0.103270E+03 +0.143197E+03 -0.651345E+02 +0.257605E+02 +0.152057E+02 +0.000000E+00 +0.000000E+00 +0.223129E-02 -0.172700E-02 +0.000000E+00 +0.577817E-03 +0.000000E+00 +0.000000E+00
 +0.130720E+01 -0.103280E+03 +0.143251E+03 -0.650712E+02 +0.257994E+02 +0.151347E+02 +0.000000E+00 +0.000000E+00 +0.223158E-02 -0.172654E-02 +0.000000E+00 +0.575120E-03 +0.000000E+00 +0.000000E+00
 +0.130720E+01 -0.103290E+03 +0.143306E+03 -0.650078E+02 +0.258383E+02 +0.150637E+02 +0.000000E+00 +0.000000E+00 +0.223188E-02 -0.172608E-02 +0.000000E+00 +0.572422E-03 +0.000000E+00 +0.000000E+00
 +0.130720E+01 -0.103300E+03 +0.143360E+03 -0.649445E+02 +0.258773E+02 +0.149927E+02 +0.000000E+00 +0.000000E+00 +0.223218E-02 -0.172561E-02 +0.000000E+00 +0.569724E-03 +0.000000E+00 +0.000000E+00
 +0.130720E+01 -0.103310E+03 +0.143415E+03 -0.648812E+02 +0.259162E+02 +0.149217E+02 +0.000000E+00 +0.000000E+00 +0.223248E-02 -0.172515E-02 +0.000000E+00 +0.567026E-03 +0.000000E+00 +0.000000E+00
 +0.130720E+01 -0.103320E+03 +0.143470E+03 -0.648178E+02 +0.259551E+02 +0.148507E+02 +0.000000E+00 +0.000000E+00 +0.223278E-02 -0.172469E-02 +0.000000E+00 +0.564328E-03 +0.000000E+00 +0.000000E+00
 +0.130720E+01 -0.103330E+03 +0.143524E+03 -0.647545E+02 +0.259940E+02 +0.147797E+02 +0.000000E+00 +0.000000E+00 +0.223307E-02 -0.172422E-02 +0.000000E+00 +0.561630E-03 +0.000000E+00 +0.000000E+00
 +0.130720E+01 -0.103340E+03 +0.143579E+03 -0.646756E+02 +0.260381E+02 +0.147032E+02 +0.000000E+00 +0.000000E+00 +0.223327E-02 -0.172356E-02 +0.000000E+00 +0.558720E-03 +0.000000E+00 +0.000000E+00
 +0.130720E+01 -0.103350E+03 +0.143633E+03 -0.645877E+02 +0.260850E+02 +0.146234E+02 +0.000000E+00 +0.000000E+00 +0.223342E-02 -0.172278E-02 +0.000000E+00 +0.555690E-03 +0.000000E+00 +0.000000E+00
 +0.130720E+01 -0.103360E+03 +0.143688E+03 -0.644999E+02 +0.261320E+02 +0.145437E+02 +0.000000E+00 +0.000000E+00 +0.223356E-02 -0.172201E-02 +0.000000E+00 +0.552660E-03 +0.000000E+00 +0.000000E+00
 +0.130720E+01 -0.103370E+03 +0.143742E+03 -0.644121E+02 +0.261789E+02 +0.144639E+02 +0.000000E+00 +0.000000E+00 +0.223370E-02 -0.172123E-02 +0.000000E+00 +0.549629E-03 +0.000000E+00 +0.000000E+00
 +0.130720E+01 -0.103380E+03 +0.143797E+03 -0.643243E+02 +0.262259E+02 +0.143842E+02 +0.000000E+00 +0.000000E+00 +0.223384E-02 -0.172045E-02 +0.000000E+00 +0.546599E-03 +0.000000E+00 +0.000000E+00
 +0.130720E+01 -0.103390E+03 +0.143851E+03 -0.642365E+02 +0.262728E+02 +0.143044E+02 +0.000000E+00 +0.000000E+00 +0.223399E-02 -0.171968E-02 +0.000000E+00 +0.543569E-03 +0.000000E+00 +0.000000E+00
 +0.130720E+01 -0.103400E+03 +0.143906E+03 -0.641487E+02 +0.263198E+02 +0.142247E+02 +0.000000E+00 +0.000000E+00 +0.223413E-02 -0.171890E-02 +0.000000E+00 +0.540538E-03 +0.000000E+00 +0.000000E+00
 +0.130720E+01 -0.103410E+03 +0.143960E+03 -0.640609E+02 +0.263667E+02 +0.141449E+02 +0.000000E+00 +0.000000E+00 +0.223427E-02 -0.171812E-02 +0.000000E+00 +0.537508E-03 +0.000000E+00 +0.000000E+00
 +0.130720E+01 -0.103420E+03 +0.144000E+03 -0.640150E+02 +0.263949E+02 +0.140776E+02 +0.000000E+00 +0.000000E+00 +0.223449E-02 -0.171779E-02 +0.000000E+00 +0.534948E-03 +0.000000E+00 +0.000000E+00
 +0.130720E+01 -0.103430E+03 +0.144036E+03 -0.639791E+02 +0.264186E+02 +0.140132E+02 +0.000000E+00 +0.000000E+00 +0.223472E-02 -0.171756E-02 +0.000000E+00 +0.532502E-03 +0.000000E+00 +0.000000E+00
 +0.130720E+01 -0.103440E+03 +0.144071E+03 -0.639433E+02 +0.264423E+02 +0.139488E+02 +0.000000E+00 +0.000000E+00 +0.223495E-02 -0.171733E-02 +0.000000E+00 +0.530055E-03 +0.000000E+00 +0.000000E+00
 +0.130720E+01 -0.103450E+03 +0.144107E+03 -0.639075E+02 +0.264660E+02 +0.138844E+02 +0.000000E+00 +0.000000E+00 +0.223519E-02 -0.171710E-02 +0.000000E+00 +0.527609E-03 +0.000000E+00 +0.000000E+00
 +0.130720E+01 -0.103460E+03 +0.144143E+03 -0.638717E+02 +0.264897E+02 +0.138201E+02 +0.000000E+00 +0.000000E+00 +0.223542E-02 -0.171686E-02 +0.000000E+00 +0.525162E-03 +0.000000E+00 +0.000000E+00
 +0.130720E+01 -0.103470E+03 +0.144179E+03 -0.638358E+02 +0.265133E+02 +0.137557E+02 +0.000000E+00 +0.000000E+00 +0.223565E-02 -0.171663E-02 +0.000000E+00 +0.522715E-03 +0.000000E+00 +0.000000E+00
 +0.130720E+01 -0.103480E+03 +0.144215E+03 -0.638000E+02 +0.265370E+02 +0.136913E+02 +0.000000E+00 +0.000000E+00 +0.223589E-02 -0.171640E-02 +0.000000E+00 +0.520269E-03 +0.000000E+00 +0.000000E+00
 +0.130720E+01 -0.103490E+03 +0.144251E+03 -0.637642E+02 +0.265607E+02 +0.136269E+02 +0.000000E+00 +0.000000E+00 +0.223612E-02 -0.171617E-02 +0.000000E+00 +0.517822E-03 +0.000000E+00 +0.000000E+00
 +0.130720E+01 -0.103500E+03 +0.144287E+03 -0.637283E+02 +0.265844E+02 +0.135625E+02 +0.000000E+00 +0.000000E+00 +0.223635E-02 -0.171594E-02 +0.000000E+00 +0.515375E-03 +0.000000E+00 +0.000000E+00
 +0.130720E+01 -0.103510E+03 +0.144323E+03 -0.636925E+02 +0.266081E+02 +0.134981E+02 +0.000000E+00 +0.000000E+00 +0.223658E-02 -0.171571E-02 +0.000000E+00 +0.512929E-03 +0.000000E+00 +0.000000E+00
 +0.130720E+01 -0.103520E+03 +0.144359E+03 -0.636567E+02 +0.266318E+02 +0.134337E+02 +0.000000E+00 +0.000000E+00 +0.223682E-02 -0.171548E-02 +0.000000E+00 +0.510482E-03 +0.000000E+00 +0.000000E+00
 +0.130720E+01 -0.103530E+03 +0.144395E+03 -0.636209E+02 +0.266554E+02 +0.133694E+02 +0.000000E+00 +0.000000E+00 +0.223705E-02 -0.171525E-02 +0.000000E+00 +0.508036E-03 +0.000000E+00 +0.000000E+00
 +0.130720E+01 -0.103540E+03 +0.144431E+03 -0.635850E+02 +0.266791E+02 +0.133050E+02 +0.000000E+00 +0.000000E+00 +0.223728E-02 -0.171502E-02 +0.000000E+00 +0.505589E-03 +0.000000E+00 +0.000000E+00
 +0.130720E+01 -0.103550E+03 +0.144467E+03 -0.635492E+02 +0.267028E+02 +0.132406E+02 +0.000000E+00 +0.000000E+00 +0.223752E-02 -0.171479E-02 +0.000000E+00 +0.503142E-03 +0.000000E+00 +0.000000E+00
 +0.130720E+01 -0.103560E+03 +0.144503E+03 -0.635134E+02 +0.267265E+02 +0.131762E+02 +0.000000E+00 +0.000000E+00 +0.223775E-02 -0.171456E-02 +0.000000E+00 +0.500696E-03 +0.000000E+00 +0.000000E+00
 +0.130720E+01 -0.103570E+03 +0.144539E+03 -0.634775E+02 +0.267502E+02 +0.131118E+02 +0.000000E+00 +0.000000E+00 +0.223798E-02 -0.171433E-02 +0.000000E+00 +0.498249E-03 +0.000000E+00 +0.000000E+00
 +0.130720E+01 -0.103580E+03 +0.144575E+03 -0.634410E+02 +0.267742E+02 +0.130474E+02 +0.000000E+00 +0.000000E+00 +0.223821E-02 -0.171409E-02 +0.000000E+00 +0.495801E-03 +0.000000E+00 +0.000000E+00
 +0.130720E+01 -0.103590E+03 +0.144623E+03 -0.633504E+02 +0.268201E+02 +0.129797E+02 +0.000000E+00 +0.000000E+00 +0.223826E-02 -0.171324E-02 +0.000000E+00 +0.493229E-03 +0.000000E+00 +0.000000E+00
 +0.130720E+01 -0.103600E+03 +0.144672E+03 -0.632598E+02 +0.268660E+02 +0.129121E+02 +0.000000E+00 +0.000000E+00 +0.223831E-02 -0.171239E-02 +0.000000E+00 +0.490658E-03 +0.000000E+00 +0.000000E+00
 +0.130720E+01 -0.103610E+03 +0.144713E+03 -0.631738E+02 +0.269078E+02 +0.128512E+02 +0.000000E+00 +0.000000E+00 +0.223829E-02 -0.171155E-02 +0.000000E+00 +0.488344E-03 +0.000000E+00 +0.000000E+00
 +0.130720E+01 -0.103620E+03 +0.144746E+03 -0.630920E+02 +0.269459E+02 +0.127965E+02 +0.000000E+00 +0.000000E+00 +0.223821E-02 -0.171072E-02 +0.000000E+00 +0.486265E-03 +0.000000E+00 +0.000000E+00
 +0.130720E+01 -0.103630E+03 +0.144780E+03 -0.630102E+02 +0.269840E+02 +0.127417E+02 +0.000000E+00 +0.000000E+00 +0.223812E-02 -0.170989E-02 +0.000000E+00 +0.484186E-03 +0.000000E+00 +0.000000E+00
 +0.130720E+01 -0.103640E+03 +0.144813E+03 -0.629284E+02 +0.270220E+02 +0.126870E+02 +0.000000E+00 +0.000000E+00 +0.223803E-02 -0.170906E-02 +0.000000E+00 +0.482107E-03 +0.000000E+00 +0.000000E+00
 +0.130720E+01 -0.103650E+03 +0.144847E+03 -0.628466E+02 +0.270601E+02 +0.126323E+02 +0.000000E+00 +0.000000E+00 +0.223795E-02 -0.170823E-02 +0.000000E+00 +0.480028E-03 +0.000000E+00 +0.000000E+00
 +0.130720E+01 -0.103660E+03 +0.144880E+03 -0.627648E+02 +0.270982E+02 +0.125776E+02 +0.000000E+00 +0.000000E+00 +0.223786E-02 -0.170740E-02 +0.000000E+00 +0.477949E-03 +0.000000E+00 +0.000000E+00
 +0.130720E+01 -0.103670E+03 +0.144914E+03 -0.626829E+02 +0.271362E+02 +0.125229E+02 +0.000000E+00 +0.000000E+00 +0.223778E-02 -0.170656E-02 +0.000000E+00 +0.475870E-03 +0.000000E+00 +0.000000E+00
 +0.130720E+01 -0.103680E+03 +0.144947E+03 -0.626011E+02 +0.271743E+02 +0.124682E+02 +0.000000E+00 +0.000000E+00 +0.223769E-02 -0.170573E-02 +0.000000E+00 +0.473792E-03 +0.000000E+00 +0.000000E+00
 +0.130720E+01 -0.103690E+03 +0.144981E+03 -0.625193E+02 +0.272124E+02 +0.124135E+02 +0.000000E+00 +0.000000E+00 +0.223760E-02 -0.170490E-02 +0.000000E+00 +0.471713E-03 +0.000000E+00 +0.000000E+00
 +0.130720E+01 -0.103700E+03 +0.145015E+03 -0.624375E+02 +0.272504E+02 +0.123588E+02 +0.000000E+00 +0.000000E+00 +0.223752E-02 -0.170407E-02 +0.000000E+00 +0.469634E-03 +0.000000E+00 +0.000000E+00
 +0.130720E+01 -0.103710E+03 +0.145048E+03 -0.623557E+02 +0.272885E+02 +0.123041E+02 +0.000000E+00 +0.000000E+00 +0.223743E-02 -0.170324E-02 +0.000000E+00 +0.467555E-03 +0.000000E+00 +0.000000E+00
 +0.130720E+01 -0.103720E+03 +0.145082E+03 -0.622739E+02 +0.273266E+02 +0.122494E+02 +0.000000E+00 +0.000000E+00 +0.223735E-02 -0.170241E-02 +0.000000E+00 +0.465476E-03 +0.000000E+00 +0.000000E+00
 +0.130720E+01 -0.103730E+03 +0.145115E+03 -0.621921E+02 +0.273646E+02 +0.121947E+02 +0.000000E+00 +0.000000E+00 +0.223726E-02 -0.170158E-02 +0.000000E+00 +0.463397E-03 +0.000000E+00 +0.000000E+00
 +0.130720E+01 -0.103740E+03 +0.145149E+03 -0.621103E+02 +0.274027E+02 +0.121399E+02 +0.000000E+00 +0.000000E+00 +0.223718E-02 -0.170075E-02 +0.000000E+00 +0.461318E-03 +0.000000E+00 +0.000000E+00
 +0.130720E+01 -0.103750E+03 +0.145182E+03 -0.620285E+02 +0.274408E+02 +0.120852E+02 +0.000000E+00 +0.000000E+00 +0.223709E-02 -0.169992E-02 +0.000000E+00 +0.459239E-03 +0.000000E+00 +0.000000E+00
 +0.130720E+01 -0.103760E+03 +0.145216E+03 -0.619467E+02 +0.274788E+02 +0.120305E+02 +0.000000E+00 +0.000000E+00 +0.223700E-02 -0.169908E-02 +0.000000E+00 +0.457160E-03 +0.000000E+00 +0.000000E+00
 +0.130720E+01 -0.103770E+03 +0.145249E+03 -0.618649E+02 +0.275169E+02 +0.119758E+02 +0.000000E+00 +0.000000E+00 +0.223692E-02 -0.169825E-02 +0.000000E+00 +0.455081E-03 +0.000000E+00 +0.000000E+00
 +0.130720E+01 -0.103780E+03 +0.145283E+03 -0.617830E+02 +0.275550E+02 +0.119211E+02 +0.000000E+00 +0.000000E+00 +0.223683E-02 -0.169742E-02 +0.000000E+00 +0.453002E-03 +0.000000E+00 +0.000000E+00
 +0.130720E+01 -0.103790E+03 +0.145316E+03 -0.617012E+02 +0.275930E+02 +0.118664E+02 +0.000000E+00 +0.000000E+00 +0.223675E-02 -0.169659E-02 +0.000000E+00 +0.450923E-03 +0.000000E+00 +0.000000E+00
 +0.130720E+01 -0.103800E+03 +0.145350E+03 -0.616194E+02 +0.276311E+02 +0.118117E+02 +0.000000E+00 +0.000000E+00 +0.223666E-02 -0.169576E-02 +0.000000E+00 +0.448844E-03 +0.000000E+00 +0.000000E+00
 +0.130720E+01 -0.103810E+03 +0.145384E+03 -0.615376E+02 +0.276692E+02 +0.117570E+02 +0.000000E+00 +0.000000E+00 +0.223657E-02 -0.169493E-02 +0.000000E+00 +0.446765E-03 +0.000000E+00 +0.000000E+00
 +0.130720E+01 -0.103820E+03 +0.145417E+03 -0.614558E+02 +0.277072E+02 +0.117023E+02 +0.000000E+00 +0.000000E+00 +0.223649E-02 -0.169410E-02 +0.000000E+00 +0.444686E-03 +0.000000E+00 +0.000000E+00
 +0.130720E+01 -0.103830E+03 +0.145451E+03 -0.613740E+02 +0.277453E+02 +0.116476E+02 +0.000000E+00 +0.000000E+00 +0.223640E-02 -0.169327E-02 +0.000000E+00 +0.442607E-03 +0.000000E+00 +0.000000E+00
 +0.130720E+01 -0.103840E+03 +0.145484E+03 -0.612922E+02 +0.277834E+02 +0.115929E+02 +0.000000E+00 +0.000000E+00 +0.223632E-02 -0.169244E-02 +0.000000E+00 +0.440528E-03 +0.000000E+00 +0.000000E+00
 +0.130720E+01 -0.103850E+03 +0.145518E+03 -0.612104E+02 +0.278214E+02 +0.115381E+02 +0.000000E+00 +0.000000E+00 +0.223623E-02 -0.169160E-02 +0.000000E+00 +0.438450E-03 +0.000000E+00 +0.000000E+00
 +0.130720E+01 -0.103860E+03 +0.145551E+03 -0.611286E+02 +0.278595E+02 +0.114834E+02 +0.000000E+00 +0.000000E+00 +0.223614E-02 -0.169077E-02 +0.000000E+00 +0.436371E-03 +0.000000E+00 +0.000000E+00
 +0.130720E+01 -0.103870E+03 +0.145585E+03 -0.610468E+02 +0.278976E+02 +0.114287E+02 +0.000000E+00 +0.000000E+00 +0.223606E-02 -0.168994E-02 +0.000000E+00 +0.434292E-03 +0.000000E+00 +0.000000E+00
 +0.130720E+01 -0.103880E+03 +0.145618E+03 -0.609650E+02 +0.279356E+02 +0.113740E+02 +0.000000E+00 +0.000000E+00 +0.223597E-02 -0.168911E-02 +0.000000E+00 +0.432213E-03 +0.000000E+00 +0.000000E+00
 +0.130720E+01 -0.103890E+03 +0.145652E+03 -0.608831E+02 +0.279737E+02 +0.113193E+02 +0.000000E+00 +0.000000E+00 +0.223589E-02 -0.168828E-02 +0.000000E+00 +0.430134E-03 +0.000000E+00 +0.000000E+00
 +0.130720E+01 -0.103900E+03 +0.145686E+03 -0.608013E+02 +0.280118E+02 +0.112646E+02 +0.000000E+00 +0.000000E+00 +0.223580E-02 -0.168745E-02 +0.000000E+00 +0.428055E-03 +0.000000E+00 +0.000000E+00
 +0.130720E+01 -0.103910E+03 +0.145719E+03 -0.607195E+02 +0.280498E+02 +0.112099E+02 +0.000000E+00 +0.000000E+00 +0.223572E-02 -0.168662E-02 +0.000000E+00 +0.425976E-03 +0.000000E+00 +0.000000E+00
 +0.130720E+01 -0.103920E+03 +0.145753E+03 -0.606377E+02 +0.280879E+02 +0.111552E+02 +0.000000E+00 +0.000000E+00 +0.223563E-02 -0.168579E-02 +0.000000E+00 +0.423897E-03 +0.000000E+00 +0.000000E+00
 +0.130720E+01 -0.103930E+03 +0.145796E+03 -0.605786E+02 +0.281218E+02 +0.110809E+02 +0.000000E+00 +0.000000E+00 +0.223581E-02 -0.168531E-02 +0.000000E+00 +0.421073E-03 +0.000000E+00 +0.000000E+00
 +0.130720E+01 -0.103940E+03 +0.145841E+03 -0.605238E+02 +0.281548E+02 +0.110028E+02 +0.000000E+00 +0.000000E+00 +0.223605E-02 -0.168489E-02 +0.000000E+00 +0.418108E-03 +0.000000E+00 +0.000000E+00
 +0.130720E+01 -0.103950E+03 +0.145887E+03 -0.604690E+02 +0.281879E+02 +0.109248E+02 +0.000000E+00 +0.000000E+00 +0.223628E-02 -0.168448E-02 +0.000000E+00 +0.415142E-03 +0.000000E+00 +0.000000E+00
 +0.130720E+01 -0.103960E+03 +0.145932E+03 -0.604142E+02 +0.282209E+02 +0.108468E+02 +0.000000E+00 +0.000000E+00 +0.223651E-02 -0.168407E-02 +0.000000E+00 +0.412177E-03 +0.000000E+00 +0.000000E+00
 +0.130720E+01 -0.103970E+03 +0.145978E+03 -0.603595E+02 +0.282540E+02 +0.107687E+02 +0.000000E+00 +0.000000E+00 +0.223675E-02 -0.168366E-02 +0.000000E+00 +0.409212E-03 +0.000000E+00 +0.000000E+00
 +0.130720E+01 -0.103980E+03 +0.146023E+03 -0.603047E+02 +0.282870E+02 +0.106907E+02 +0.000000E+00 +0.000000E+00 +0.223698E-02 -0.168324E-02 +0.000000E+00 +0.406247E-03 +0.000000E+00 +0.000000E+00
 +0.130720E+01 -0.103990E+03 +0.146068E+03 -0.602499E+02 +0.283201E+02 +0.106127E+02 +0.000000E+00 +0.000000E+00 +0.223722E-02 -0.168283E-02 +0.000000E+00 +0.403281E-03 +0.000000E+00 +0.000000E+00
 +0.130720E+01 -0.104000E+03 +0.146114E+03 -0.601951E+02 +0.283532E+02 +0.105346E+02 +0.000000E+00 +0.000000E+00 +0.223745E-02 -0.168242E-02 +0.000000E+00 +0.400316E-03 +0.000000E+00 +0.000000E+00
 +0.130720E+01 -0.104010E+03 +0.146159E+03 -0.601403E+02 +0.283862E+02 +0.104566E+02 +0.000000E+00 +0.000000E+00 +0.223769E-02 -0.168200E-02 +0.000000E+00 +0.397351E-03 +0.000000E+00 +0.000000E+00
 +0.130720E+01 -0.104020E+03 +0.146204E+03 -0.600855E+02 +0.284193E+02 +0.103786E+02 +0.000000E+00 +0.000000E+00 +0.223792E-02 -0.168159E-02 +0.000000E+00 +0.394386E-03 +0.000000E+00 +0.000000E+00
 +0.130720E+01 -0.104030E+03 +0.146250E+03 -0.600307E+02 +0.284523E+02 +0.103005E+02 +0.000000E+00 +0.000000E+00 +0.223815E-02 -0.168118E-02 +0.000000E+00 +0.391421E-03 +0.000000E+00 +0.000000E+00
 +0.130720E+01 -0.104040E+03 +0.146295E+03 -0.599759E+02 +0.284854E+02 +0.102225E+02 +0.000000E+00 +0.000000E+00 +0.223839E-02 -0.168076E-02 +0.000000E+00 +0.388455E-03 +0.000000E+00 +0.000000E+00
 +0.130720E+01 -0.104050E+03 +0.146341E+03 -0.599211E+02 +0.285184E+02 +0.101445E+02 +0.000000E+00 +0.000000E+00 +0.223862E-02 -0.168035E-02 +0.000000E+00 +0.385490E-03 +0.000000E+00 +0.000000E+00
 +0.130720E+01 -0.104060E+03 +0.146386E+03 -0.598663E+02 +0.285515E+02 +0.100664E+02 +0.000000E+00 +0.000000E+00 +0.223886E-02 -0.167994E-02 +0.000000E+00 +0.382525E-03 +0.000000E+00 +0.000000E+00
 +0.130720E+01 -0.104070E+03 +0.146431E+03 -0.598115E+02 +0.285845E+02 +0.998841E+01 +0.000000E+00 +0.000000E+00 +0.223909E-02 -0.167953E-02 +0.000000E+00 +0.379560E-03 +0.000000E+00 +0.000000E+00
 +0.130720E+01 -0.104080E+03 +0.146477E+03 -0.597567E+02 +0.286176E+02 +0.991038E+01 +0.000000E+00 +0.000000E+00 +0.223932E-02 -0.167911E-02 +0.000000E+00 +0.376594E-03 +0.000000E+00 +0.000000E+00
 +0.130720E+01 -0.104090E+03 +0.146522E+03 -0.597020E+02 +0.286507E+02 +0.983234E+01 +0.000000E+00 +0.000000E+00 +0.223956E-02 -0.167870E-02 +0.000000E+00 +0.373629E-03 +0.000000E+00 +0.000000E+00
 +0.130720E+01 -0.104100E+03 +0.146568E+03 -0.596472E+02 +0.286837E+02 +0.975431E+01 +0.000000E+00 +0.000000E+00 +0.223979E-02 -0.167829E-02 +0.000000E+00 +0.370664E-03 +0.000000E+00 +0.000000E+00
 +0.130720E+01 -0.104110E+03 +0.146613E+03 -0.595924E+02 +0.287168E+02 +0.967628E+01 +0.000000E+00 +0.000000E+00 +0.224003E-02 -0.167787E-02 +0.000000E+00 +0.367699E-03 +0.000000E+00 +0.000000E+00
 +0.130720E+01 -0.104120E+03 +0.146658E+03 -0.595376E+02 +0.287498E+02 +0.959825E+01 +0.000000E+00 +0.000000E+00 +0.224026E-02 -0.167746E-02 +0.000000E+00 +0.364733E-03 +0.000000E+00 +0.000000E+00
 +0.130720E+01 -0.104130E+03 +0.146704E+03 -0.594828E+02 +0.287829E+02 +0.952021E+01 +0.000000E+00 +0.000000E+00 +0.224049E-02 -0.167705E-02 +0.000000E+00 +0.361768E-03 +0.000000E+00 +0.000000E+00
 +0.130720E+01 -0.104140E+03 +0.146749E+03 -0.594280E+02 +0.288159E+02 +0.944218E+01 +0.000000E+00 +0.000000E+00 +0.224073E-02 -0.167663E-02 +0.000000E+00 +0.358803E-03 +0.000000E+00 +0.000000E+00
 +0.130720E+01 -0.104150E+03 +0.146794E+03 -0.593732E+02 +0.288490E+02 +0.936415E+01 +0.000000E+00 +0.000000E+00 +0.224096E-02 -0.167622E-02 +0.000000E+00 +0.355838E-03 +0.000000E+00 +0.000000E+00
 +0.130720E+01 -0.104160E+03 +0.146840E+03 -0.593184E+02 +0.288821E+02 +0.928612E+01 +0.000000E+00 +0.000000E+00 +0.224120E-02 -0.167581E-02 +0.000000E+00 +0.352872E-03 +0.000000E+00 +0.000000E+00
 +0.130720E+01 -0.104170E+03 +0.146885E+03 -0.592636E+02 +0.289151E+02 +0.920808E+01 +0.000000E+00 +0.000000E+00 +0.224143E-02 -0.167540E-02 +0.000000E+00 +0.349907E-03 +0.000000E+00 +0.000000E+00
 +0.130720E+01 -0.104180E+03 +0.146931E+03 -0.592088E+02 +0.289482E+02 +0.913005E+01 +0.000000E+00 +0.000000E+00 +0.224167E-02 -0.167498E-02 +0.000000E+00 +0.346942E-03 +0.000000E+00 +0.000000E+00
 +0.130720E+01 -0.104190E+03 +0.146955E+03 -0.591918E+02 +0.289618E+02 +0.907981E+01 +0.000000E+00 +0.000000E+00 +0.224187E-02 -0.167492E-02 +0.000000E+00 +0.345033E-03 +0.000000E+00 +0.000000E+00
 +0.130720E+01 -0.104200E+03 +0.146979E+03 -0.591750E+02 +0.289753E+02 +0.902979E+01 +0.000000E+00 +0.000000E+00 +0.224207E-02 -0.167486E-02 +0.000000E+00 +0.343132E-03 +0.000000E+00 +0.000000E+00
 +0.130720E+01 -0.104210E+03 +0.147003E+03 -0.591582E+02 +0.289888E+02 +0.897976E+01 +0.000000E+00 +0.000000E+00 +0.224227E-02 -0.167479E-02 +0.000000E+00 +0.341231E-03 +0.000000E+00 +0.000000E+00
 +0.130720E+01 -0.104220E+03 +0.147027E+03 -0.591414E+02 +0.290023E+02 +0.892974E+01 +0.000000E+00 +0.000000E+00 +0.224247E-02 -0.167473E-02 +0.000000E+00 +0.339330E-03 +0.000000E+00 +0.000000E+00
 +0.130720E+01 -0.104230E+03 +0.147051E+03 -0.591246E+02 +0.290158E+02 +0.887972E+01 +0.000000E+00 +0.000000E+00 +0.224268E-02 -0.167467E-02 +0.000000E+00 +0.337429E-03 +0.000000E+00 +0.000000E+00
 +0.130720E+01 -0.104240E+03 +0.147075E+03 -0.591079E+02 +0.290293E+02 +0.882969E+01 +0.000000E+00 +0.000000E+00 +0.224288E-02 -0.167461E-02 +0.000000E+00 +0.335528E-03 +0.000000E+00 +0.000000E+00
 +0.130720E+01 -0.104250E+03 +0.147100E+03 -0.590911E+02 +0.290428E+02 +0.877967E+01 +0.000000E+00 +0.000000E+00 +0.224308E-02 -0.167454E-02 +0.000000E+00 +0.333627E-03 +0.000000E+00 +0.000000E+00
 +0.130720E+01 -0.104260E+03 +0.147124E+03 -0.590743E+02 +0.290563E+02 +0.872964E+01 +0.000000E+00 +0.000000E+00 +0.224328E-02 -0.167448E-02 +0.000000E+00 +0.331726E-03 +0.000000E+00 +0.000000E+00
 +0.130720E+01 -0.104270E+03 +0.147148E+03 -0.590575E+02 +0.290698E+02 +0.867962E+01 +0.000000E+00 +0.000000E+00 +0.224348E-02 -0.167442E-02 +0.000000E+00 +0.329826E-03 +0.000000E+00 +0.000000E+00
 +0.130720E+01 -0.104280E+03 +0.147172E+03 -0.590407E+02 +0.290833E+02 +0.862960E+01 +0.000000E+00 +0.000000E+00 +0.224368E-02 -0.167436E-02 +0.000000E+00 +0.327925E-03 +0.000000E+00 +0.000000E+00
 +0.130720E+01 -0.104290E+03 +0.147196E+03 -0.590239E+02 +0.290968E+02 +0.857957E+01 +0.000000E+00 +0.000000E+00 +0.224389E-02 -0.167429E-02 +0.000000E+00 +0.326024E-03 +0.000000E+00 +0.000000E+00
 +0.130720E+01 -0.104300E+03 +0.147220E+03 -0.590072E+02 +0.291103E+02 +0.852955E+01 +0.000000E+00 +0.000000E+00 +0.224409E-02 -0.167423E-02 +0.000000E+00 +0.324123E-03 +0.000000E+00 +0.000000E+00
 +0.130720E+01 -0.104310E+03 +0.147244E+03 -0.589904E+02 +0.291238E+02 +0.847953E+01 +0.000000E+00 +0.000000E+00 +0.224429E-02 -0.167417E-02 +0.000000E+00 +0.322222E-03 +0.000000E+00 +0.000000E+00
 +0.130720E+01 -0.104320E+03 +0.147269E+03 -0.589736E+02 +0.291373E+02 +0.842950E+01 +0.000000E+00 +0.000000E+00 +0.224449E-02 -0.167411E-02 +0.000000E+00 +0.320321E-03 +0.000000E+00 +0.000000E+00
 +0.130720E+01 -0.104330E+03 +0.147293E+03 -0.589568E+02 +0.291508E+02 +0.837948E+01 +0.000000E+00 +0.000000E+00 +0.224469E-02 -0.167405E-02 +0.000000E+00 +0.318420E-03 +0.000000E+00 +0.000000E+00
 +0.130720E+01 -0.104340E+03 +0.147317E+03 -0.589400E+02 +0.291643E+02 +0.832946E+01 +0.000000E+00 +0.000000E+00 +0.224490E-02 -0.167398E-02 +0.000000E+00 +0.316519E-03 +0.000000E+00 +0.000000E+00
 +0.130720E+01 -0.104350E+03 +0.147341E+03 -0.589233E+02 +0.291778E+02 +0.827943E+01 +0.000000E+00 +0.000000E+00 +0.224510E-02 -0.167392E-02 +0.000000E+00 +0.314618E-03 +0.000000E+00 +0.000000E+00
 +0.130720E+01 -0.104360E+03 +0.147365E+03 -0.589065E+02 +0.291913E+02 +0.822941E+01 +0.000000E+00 +0.000000E+00 +0.224530E-02 -0.167386E-02 +0.000000E+00 +0.312717E-03 +0.000000E+00 +0.000000E+00
 +0.130720E+01 -0.104370E+03 +0.147389E+03 -0.588897E+02 +0.292048E+02 +0.817938E+01 +0.000000E+00 +0.000000E+00 +0.224550E-02 -0.167380E-02 +0.000000E+00 +0.310817E-03 +0.000000E+00 +0.000000E+00
 +0.130720E+01 -0.104380E+03 +0.147413E+03 -0.588729E+02 +0.292183E+02 +0.812936E+01 +0.000000E+00 +0.000000E+00 +0.224570E-02 -0.167373E-02 +0.000000E+00 +0.308916E-03 +0.000000E+00 +0.000000E+00
 +0.130720E+01 -0.104390E+03 +0.147437E+03 -0.588561E+02 +0.292318E+02 +0.807934E+01 +0.000000E+00 +0.000000E+00 +0.224591E-02 -0.167367E-02 +0.000000E+00 +0.307015E-03 +0.000000E+00 +0.000000E+00
 +0.130720E+01 -0.104400E+03 +0.147447E+03 -0.588090E+02 +0.292504E+02 +0.802646E+01 +0.000000E+00 +0.000000E+00 +0.224573E-02 -0.167313E-02 +0.000000E+00 +0.305005E-03 +0.000000E+00 +0.000000E+00
 +0.130720E+01 -0.104410E+03 +0.147452E+03 -0.587531E+02 +0.292705E+02 +0.797276E+01 +0.000000E+00 +0.000000E+00 +0.224544E-02 -0.167245E-02 +0.000000E+00 +0.302965E-03 +0.000000E+00 +0.000000E+00
 +0.130720E+01 -0.104420E+03 +0.147457E+03 -0.586973E+02 +0.292906E+02 +0.791906E+01 +0.000000E+00 +0.000000E+00 +0.224516E-02 -0.167177E-02 +0.000000E+00 +0.300924E-03 +0.000000E+00 +0.000000E+00
 +0.130720E+01 -0.104430E+03 +0.147462E+03 -0.586415E+02 +0.293107E+02 +0.786536E+01 +0.000000E+00 +0.000000E+00 +0.224487E-02 -0.167109E-02 +0.000000E+00 +0.298884E-03 +0.000000E+00 +0.000000E+00
 +0.130720E+01 -0.104440E+03 +0.147467E+03 -0.585856E+02 +0.293308E+02 +0.781167E+01 +0.000000E+00 +0.000000E+00 +0.224458E-02 -0.167041E-02 +0.000000E+00 +0.296843E-03 +0.000000E+00 +0.000000E+00
 +0.130720E+01 -0.104450E+03 +0.147472E+03 -0.585298E+02 +0.293508E+02 +0.775797E+01 +0.000000E+00 +0.000000E+00 +0.224430E-02 -0.166973E-02 +0.000000E+00 +0.294803E-03 +0.000000E+00 +0.000000E+00
 +0.130720E+01 -0.104460E+03 +0.147477E+03 -0.584740E+02 +0.293709E+02 +0.770427E+01 +0.000000E+00 +0.000000E+00 +0.224401E-02 -0.166905E-02 +0.000000E+00 +0.292762E-03 +0.000000E+00 +0.000000E+00
 +0.130720E+01 -0.104470E+03 +0.147482E+03 -0.584181E+02 +0.293910E+02 +0.765058E+01 +0.000000E+00 +0.000000E+00 +0.224372E-02 -0.166837E-02 +0.000000E+00 +0.290722E-03 +0.000000E+00 +0.000000E+00
 +0.130720E+01 -0.104480E+03 +0.147487E+03 -0.583623E+02 +0.294111E+02 +0.759688E+01 +0.000000E+00 +0.000000E+00 +0.224344E-02 -0.166769E-02 +0.000000E+00 +0.288681E-03 +0.000000E+00 +0.000000E+00
 +0.130720E+01 -0.104490E+03 +0.147492E+03 -0.583065E+02 +0.294311E+02 +0.754318E+01 +0.000000E+00 +0.000000E+00 +0.224315E-02 -0.166701E-02 +0.000000E+00 +0.286641E-03 +0.000000E+00 +0.000000E+00
 +0.130720E+01 -0.104500E+03 +0.147497E+03 -0.582506E+02 +0.294512E+02 +0.748949E+01 +0.000000E+00 +0.000000E+00 +0.224287E-02 -0.166634E-02 +0.000000E+00 +0.284600E-03 +0.000000E+00 +0.000000E+00
 +0.130720E+01 -0.104510E+03 +0.147502E+03 -0.581948E+02 +0.294713E+02 +0.743579E+01 +0.000000E+00 +0.000000E+00 +0.224258E-02 -0.166566E-02 +0.000000E+00 +0.282560E-03 +0.000000E+00 +0.000000E+00
 +0.130720E+01 -0.104520E+03 +0.147507E+03 -0.581390E+02 +0.294914E+02 +0.738209E+01 +0.000000E+00 +0.000000E+00 +0.224229E-02 -0.166498E-02 +0.000000E+00 +0.280520E-03 +0.000000E+00 +0.000000E+00
 +0.130720E+01 -0.104530E+03 +0.147512E+03 -0.580831E+02 +0.295115E+02 +0.732840E+01 +0.000000E+00 +0.000000E+00 +0.224201E-02 -0.166430E-02 +0.000000E+00 +0.278479E-03 +0.000000E+00 +0.000000E+00
 +0.130720E+01 -0.104540E+03 +0.147517E+03 -0.580273E+02 +0.295315E+02 +0.727470E+01 +0.000000E+00 +0.000000E+00 +0.224172E-02 -0.166362E-02 +0.000000E+00 +0.276439E-03 +0.000000E+00 +0.000000E+00
 +0.130720E+01 -0.104550E+03 +0.147522E+03 -0.579715E+02 +0.295516E+02 +0.722100E+01 +0.000000E+00 +0.000000E+00 +0.224143E-02 -0.166294E-02 +0.000000E+00 +0.274398E-03 +0.000000E+00 +0.000000E+00
 +0.130720E+01 -0.104560E+03 +0.147527E+03 -0.579156E+02 +0.295717E+02 +0.716730E+01 +0.000000E+00 +0.000000E+00 +0.224115E-02 -0.166226E-02 +0.000000E+00 +0.272358E-03 +0.000000E+00 +0.000000E+00
 +0.130720E+01 -0.104570E+03 +0.147532E+03 -0.578598E+02 +0.295918E+02 +0.711361E+01 +0.000000E+00 +0.000000E+00 +0.224086E-02 -0.166158E-02 +0.000000E+00 +0.270317E-03 +0.000000E+00 +0.000000E+00
 +0.130720E+01 -0.104580E+03 +0.147545E+03 -0.578030E+02 +0.296149E+02 +0.706923E+01 +0.000000E+00 +0.000000E+00 +0.224067E-02 -0.166094E-02 +0.000000E+00 +0.268631E-03 +0.000000E+00 +0.000000E+00
 +0.130720E+01 -0.104590E+03 +0.147571E+03 -0.577446E+02 +0.296428E+02 +0.703969E+01 +0.000000E+00 +0.000000E+00 +0.224064E-02 -0.166036E-02 +0.000000E+00 +0.267508E-03 +0.000000E+00 +0.000000E+00
 +0.130720E+01 -0.104600E+03 +0.147597E+03 -0.576862E+02 +0.296707E+02 +0.701016E+01 +0.000000E+00 +0.000000E+00 +0.224061E-02 -0.165978E-02 +0.000000E+00 +0.266386E-03 +0.000000E+00 +0.000000E+00
 +0.130720E+01 -0.104610E+03 +0.147624E+03 -0.576279E+02 +0.296986E+02 +0.698063E+01 +0.000000E+00 +0.000000E+00 +0.224058E-02 -0.165920E-02 +0.000000E+00 +0.265264E-03 +0.000000E+00 +0.000000E+00
 +0.130720E+01 -0.104620E+03 +0.147650E+03 -0.575695E+02 +0.297265E+02 +0.695110E+01 +0.000000E+00 +0.000000E+00 +0.224054E-02 -0.165862E-02 +0.000000E+00 +0.264142E-03 +0.000000E+00 +0.000000E+00
 +0.130720E+01 -0.104630E+03 +0.147676E+03 -0.575111E+02 +0.297544E+02 +0.692156E+01 +0.000000E+00 +0.000000E+00 +0.224051E-02 -0.165804E-02 +0.000000E+00 +0.263019E-03 +0.000000E+00 +0.000000E+00
 +0.130720E+01 -0.104640E+03 +0.147702E+03 -0.574527E+02 +0.297823E+02 +0.689203E+01 +0.000000E+00 +0.000000E+00 +0.224048E-02 -0.165747E-02 +0.000000E+00 +0.261897E-03 +0.000000E+00 +0.000000E+00
 +0.130720E+01 -0.104650E+03 +0.147728E+03 -0.573943E+02 +0.298103E+02 +0.686250E+01 +0.000000E+00 +0.000000E+00 +0.224045E-02 -0.165689E-02 +0.000000E+00 +0.260775E-03 +0.000000E+00 +0.000000E+00
 +0.130720E+01 -0.104660E+03 +0.147755E+03 -0.573359E+02 +0.298382E+02 +0.683296E+01 +0.000000E+00 +0.000000E+00 +0.224041E-02 -0.165631E-02 +0.000000E+00 +0.259653E-03 +0.000000E+00 +0.000000E+00
 +0.130720E+01 -0.104670E+03 +0.147781E+03 -0.572776E+02 +0.298661E+02 +0.680343E+01 +0.000000E+00 +0.000000E+00 +0.224038E-02 -0.165573E-02 +0.000000E+00 +0.258530E-03 +0.000000E+00 +0.000000E+00
 +0.130720E+01 -0.104680E+03 +0.147807E+03 -0.572192E+02 +0.298940E+02 +0.677390E+01 +0.000000E+00 +0.000000E+00 +0.224035E-02 -0.165515E-02 +0.000000E+00 +0.257408E-03 +0.000000E+00 +0.000000E+00
 +0.130720E+01 -0.104690E+03 +0.147833E+03 -0.571608E+02 +0.299219E+02 +0.674436E+01 +0.000000E+00 +0.000000E+00 +0.224032E-02 -0.165457E-02 +0.000000E+00 +0.256286E-03 +0.000000E+00 +0.000000E+00
 +0.130720E+01 -0.104700E+03 +0.147859E+03 -0.571024E+02 +0.299498E+02 +0.671483E+01 +0.000000E+00 +0.000000E+00 +0.224028E-02 -0.165399E-02 +0.000000E+00 +0.255164E-03 +0.000000E+00 +0.000000E+00
 +0.130720E+01 -0.104710E+03 +0.147886E+03 -0.570440E+02 +0.299777E+02 +0.668530E+01 +0.000000E+00 +0.000000E+00 +0.224025E-02 -0.165341E-02 +0.000000E+00 +0.254041E-03 +0.000000E+00 +0.000000E+00
 +0.130720E+01 -0.104720E+03 +0.147912E+03 -0.569856E+02 +0.300056E+02 +0.665577E+01 +0.000000E+00 +0.000000E+00 +0.224022E-02 -0.165283E-02 +0.000000E+00 +0.252919E-03 +0.000000E+00 +0.000000E+00
 +0.130720E+01 -0.104730E+03 +0.147938E+03 -0.569273E+02 +0.300336E+02 +0.662623E+01 +0.000000E+00 +0.000000E+00 +0.224019E-02 -0.165226E-02 +0.000000E+00 +0.251797E-03 +0.000000E+00 +0.000000E+00
 +0.130720E+01 -0.104740E+03 +0.147964E+03 -0.568689E+02 +0.300615E+02 +0.659670E+01 +0.000000E+00 +0.000000E+00 +0.224015E-02 -0.165168E-02 +0.000000E+00 +0.250675E-03 +0.000000E+00 +0.000000E+00
 +0.130720E+01 -0.104750E+03 +0.147990E+03 -0.568105E+02 +0.300894E+02 +0.656717E+01 +0.000000E+00 +0.000000E+00 +0.224012E-02 -0.165110E-02 +0.000000E+00 +0.249552E-03 +0.000000E+00 +0.000000E+00
 +0.130720E+01 -0.104760E+03 +0.148017E+03 -0.567521E+02 +0.301173E+02 +0.653763E+01 +0.000000E+00 +0.000000E+00 +0.224009E-02 -0.165052E-02 +0.000000E+00 +0.248430E-03 +0.000000E+00 +0.000000E+00
 +0.130720E+01 -0.104770E+03 +0.148043E+03 -0.566937E+02 +0.301452E+02 +0.650810E+01 +0.000000E+00 +0.000000E+00 +0.224006E-02 -0.164994E-02 +0.000000E+00 +0.247308E-03 +0.000000E+00 +0.000000E+00
 +0.130720E+01 -0.104780E+03 +0.148069E+03 -0.566354E+02 +0.301731E+02 +0.647857E+01 +0.000000E+00 +0.000000E+00 +0.224002E-02 -0.164936E-02 +0.000000E+00 +0.246186E-03 +0.000000E+00 +0.000000E+00
 +0.130720E+01 -0.104790E+03 +0.148095E+03 -0.565770E+02 +0.302010E+02 +0.644903E+01 +0.000000E+00 +0.000000E+00 +0.223999E-02 -0.164878E-02 +0.000000E+00 +0.245063E-03 +0.000000E+00 +0.000000E+00
 +0.130720E+01 -0.104800E+03 +0.148121E+03 -0.565186E+02 +0.302289E+02 +0.641950E+01 +0.000000E+00 +0.000000E+00 +0.223996E-02 -0.164820E-02 +0.000000E+00 +0.243941E-03 +0.000000E+00 +0.000000E+00
 +0.130720E+01 -0.104810E+03 +0.148148E+03 -0.564602E+02 +0.302569E+02 +0.638997E+01 +0.000000E+00 +0.000000E+00 +0.223993E-02 -0.164762E-02 +0.000000E+00 +0.242819E-03 +0.000000E+00 +0.000000E+00
 +0.130720E+01 -0.104820E+03 +0.148174E+03 -0.564018E+02 +0.302848E+02 +0.636044E+01 +0.000000E+00 +0.000000E+00 +0.223989E-02 -0.164705E-02 +0.000000E+00 +0.241697E-03 +0.000000E+00 +0.000000E+00
 +0.130720E+01 -0.104830E+03 +0.148200E+03 -0.563434E+02 +0.303127E+02 +0.633090E+01 +0.000000E+00 +0.000000E+00 +0.223986E-02 -0.164647E-02 +0.000000E+00 +0.240574E-03 +0.000000E+00 +0.000000E+00
 +0.130720E+01 -0.104840E+03 +0.148226E+03 -0.562851E+02 +0.303406E+02 +0.630137E+01 +0.000000E+00 +0.000000E+00 +0.223983E-02 -0.164589E-02 +0.000000E+00 +0.239452E-03 +0.000000E+00 +0.000000E+00
 +0.130720E+01 -0.104850E+03 +0.148252E+03 -0.562267E+02 +0.303685E+02 +0.627184E+01 +0.000000E+00 +0.000000E+00 +0.223980E-02 -0.164531E-02 +0.000000E+00 +0.238330E-03 +0.000000E+00 +0.000000E+00
 +0.130720E+01 -0.104860E+03 +0.148279E+03 -0.561683E+02 +0.303964E+02 +0.624230E+01 +0.000000E+00 +0.000000E+00 +0.223976E-02 -0.164473E-02 +0.000000E+00 +0.237208E-03 +0.000000E+00 +0.000000E+00
 +0.130720E+01 -0.104870E+03 +0.148305E+03 -0.561099E+02 +0.304243E+02 +0.621277E+01 +0.000000E+00 +0.000000E+00 +0.223973E-02 -0.164415E-02 +0.000000E+00 +0.236085E-03 +0.000000E+00 +0.000000E+00
 +0.130720E+01 -0.104880E+03 +0.148331E+03 -0.560515E+02 +0.304522E+02 +0.618324E+01 +0.000000E+00 +0.000000E+00 +0.223970E-02 -0.164357E-02 +0.000000E+00 +0.234963E-03 +0.000000E+00 +0.000000E+00
 +0.130720E+01 -0.104890E+03 +0.148357E+03 -0.559931E+02 +0.304802E+02 +0.615370E+01 +0.000000E+00 +0.000000E+00 +0.223967E-02 -0.164299E-02 +0.000000E+00 +0.233841E-03 +0.000000E+00 +0.000000E+00
 +0.130720E+01 -0.104900E+03 +0.148383E+03 -0.559348E+02 +0.305081E+02 +0.612417E+01 +0.000000E+00 +0.000000E+00 +0.223963E-02 -0.164241E-02 +0.000000E+00 +0.232719E-03 +0.000000E+00 +0.000000E+00
 +0.130720E+01 -0.104910E+03 +0.148410E+03 -0.558764E+02 +0.305360E+02 +0.609464E+01 +0.000000E+00 +0.000000E+00 +0.223960E-02 -0.164183E-02 +0.000000E+00 +0.231596E-03 +0.000000E+00 +0.000000E+00
 +0.130720E+01 -0.104920E+03 +0.148436E+03 -0.558180E+02 +0.305639E+02 +0.606511E+01 +0.000000E+00 +0.000000E+00 +0.223957E-02 -0.164126E-02 +0.000000E+00 +0.230474E-03 +0.000000E+00 +0.000000E+00
 +0.130720E+01 -0.104930E+03 +0.148462E+03 -0.557596E+02 +0.305918E+02 +0.603557E+01 +0.000000E+00 +0.000000E+00 +0.223953E-02 -0.164068E-02 +0.000000E+00 +0.229352E-03 +0.000000E+00 +0.000000E+00
 +0.130720E+01 -0.104940E+03 +0.148488E+03 -0.557012E+02 +0.306197E+02 +0.600604E+01 +0.000000E+00 +0.000000E+00 +0.223950E-02 -0.164010E-02 +0.000000E+00 +0.228230E-03 +0.000000E+00 +0.000000E+00
 +0.130720E+01 -0.104950E+03 +0.148514E+03 -0.556429E+02 +0.306476E+02 +0.597651E+01 +0.000000E+00 +0.000000E+00 +0.223947E-02 -0.163952E-02 +0.000000E+00 +0.227107E-03 +0.000000E+00 +0.000000E+00
 +0.130720E+01 -0.104960E+03 +0.148541E+03 -0.555845E+02 +0.306755E+02 +0.594697E+01 +0.000000E+00 +0.000000E+00 +0.223944E-02 -0.163894E-02 +0.000000E+00 +0.225985E-03 +0.000000E+00 +0.000000E+00
 +0.130720E+01 -0.104970E+03 +0.148567E+03 -0.555261E+02 +0.307035E+02 +0.591744E+01 +0.000000E+00 +0.000000E+00 +0.223940E-02 -0.163836E-02 +0.000000E+00 +0.224863E-03 +0.000000E+00 +0.000000E+00
 +0.130720E+01 -0.104980E+03 +0.148593E+03 -0.554677E+02 +0.307314E+02 +0.588791E+01 +0.000000E+00 +0.000000E+00 +0.223937E-02 -0.163778E-02 +0.000000E+00 +0.223740E-03 +0.000000E+00 +0.000000E+00
 +0.130720E+01 -0.104990E+03 +0.148619E+03 -0.554093E+02 +0.307593E+02 +0.585837E+01 +0.000000E+00 +0.000000E+00 +0.223934E-02 -0.163720E-02 +0.000000E+00 +0.222618E-03 +0.000000E+00 +0.000000E+00
