%X Y s_xx s_yy s_zz s_xy s_xz s_yz e_xx e_yy e_zz e_xy e_xz e_yz
 +0.110366E+01 -0.100000E+03 -0.362175E+03 -0.215880E+02 -0.126642E+03 +0.301116E+02 +0.000000E+00 +0.000000E+00 -0.447513E-02 +0.199602E-02 +0.000000E+00 +0.114424E-02 +0.000000E+00 +0.000000E+00
 +0.110366E+01 -0.100010E+03 -0.355339E+03 -0.268466E+02 -0.126121E+03 +0.343489E+02 +0.000000E+00 +0.000000E+00 -0.435514E-02 +0.188622E-02 +0.000000E+00 +0.130526E-02 +0.000000E+00 +0.000000E+00
 +0.110366E+01 -0.100020E+03 -0.348504E+03 -0.320988E+02 -0.125599E+03 +0.386020E+02 +0.000000E+00 +0.000000E+00 -0.423520E-02 +0.177650E-02 +0.000000E+00 +0.146687E-02 +0.000000E+00 +0.000000E+00
 +0.110366E+01 -0.100030E+03 -0.341829E+03 -0.361894E+02 -0.124746E+03 +0.457469E+02 +0.000000E+00 +0.000000E+00 -0.412457E-02 +0.168258E-02 +0.000000E+00 +0.173838E-02 +0.000000E+00 +0.000000E+00
 +0.110366E+01 -0.100040E+03 -0.335169E+03 -0.402714E+02 -0.123895E+03 +0.528583E+02 +0.000000E+00 +0.000000E+00 -0.401420E-02 +0.158886E-02 +0.000000E+00 +0.200862E-02 +0.000000E+00 +0.000000E+00
 +0.110366E+01 -0.100050E+03 -0.329896E+03 -0.435779E+02 -0.123246E+03 +0.569218E+02 +0.000000E+00 +0.000000E+00 -0.392634E-02 +0.151370E-02 +0.000000E+00 +0.216303E-02 +0.000000E+00 +0.000000E+00
 +0.110366E+01 -0.100060E+03 -0.324634E+03 -0.468755E+02 -0.122598E+03 +0.609640E+02 +0.000000E+00 +0.000000E+00 -0.383868E-02 +0.143873E-02 +0.000000E+00 +0.231663E-02 +0.000000E+00 +0.000000E+00
 +0.110366E+01 -0.100070E+03 -0.320010E+03 -0.496337E+02 -0.121982E+03 +0.637298E+02 +0.000000E+00 +0.000000E+00 -0.376252E-02 +0.137462E-02 +0.000000E+00 +0.242173E-02 +0.000000E+00 +0.000000E+00
 +0.110366E+01 -0.100080E+03 -0.315396E+03 -0.523833E+02 -0.121367E+03 +0.664784E+02 +0.000000E+00 +0.000000E+00 -0.368655E-02 +0.131069E-02 +0.000000E+00 +0.252618E-02 +0.000000E+00 +0.000000E+00
 +0.110366E+01 -0.100090E+03 -0.311254E+03 -0.547415E+02 -0.120779E+03 +0.684518E+02 +0.000000E+00 +0.000000E+00 -0.361903E-02 +0.125470E-02 +0.000000E+00 +0.260117E-02 +0.000000E+00 +0.000000E+00
 +0.110366E+01 -0.100100E+03 -0.307122E+03 -0.570911E+02 -0.120190E+03 +0.704107E+02 +0.000000E+00 +0.000000E+00 -0.355170E-02 +0.119889E-02 +0.000000E+00 +0.267561E-02 +0.000000E+00 +0.000000E+00
 +0.110366E+01 -0.100110E+03 -0.303351E+03 -0.591357E+02 -0.119621E+03 +0.718504E+02 +0.000000E+00 +0.000000E+00 -0.349088E-02 +0.114922E-02 +0.000000E+00 +0.273032E-02 +0.000000E+00 +0.000000E+00
 +0.110366E+01 -0.100120E+03 -0.299591E+03 -0.611721E+02 -0.119052E+03 +0.732777E+02 +0.000000E+00 +0.000000E+00 -0.343024E-02 +0.109971E-02 +0.000000E+00 +0.278455E-02 +0.000000E+00 +0.000000E+00
 +0.110366E+01 -0.100130E+03 -0.296130E+03 -0.629616E+02 -0.118500E+03 +0.743349E+02 +0.000000E+00 +0.000000E+00 -0.337497E-02 +0.105524E-02 +0.000000E+00 +0.282472E-02 +0.000000E+00 +0.000000E+00
 +0.110366E+01 -0.100140E+03 -0.292680E+03 -0.647431E+02 -0.117950E+03 +0.753811E+02 +0.000000E+00 +0.000000E+00 -0.331988E-02 +0.101092E-02 +0.000000E+00 +0.286448E-02 +0.000000E+00 +0.000000E+00
 +0.110366E+01 -0.100150E+03 -0.289485E+03 -0.663194E+02 -0.117416E+03 +0.761522E+02 +0.000000E+00 +0.000000E+00 -0.326933E-02 +0.970827E-03 +0.000000E+00 +0.289378E-02 +0.000000E+00 +0.000000E+00
 +0.110366E+01 -0.100160E+03 -0.286301E+03 -0.678878E+02 -0.116882E+03 +0.769136E+02 +0.000000E+00 +0.000000E+00 -0.321895E-02 +0.930895E-03 +0.000000E+00 +0.292272E-02 +0.000000E+00 +0.000000E+00
 +0.110366E+01 -0.100170E+03 -0.283339E+03 -0.692827E+02 -0.116365E+03 +0.774656E+02 +0.000000E+00 +0.000000E+00 -0.317251E-02 +0.894569E-03 +0.000000E+00 +0.294369E-02 +0.000000E+00 +0.000000E+00
 +0.110366E+01 -0.100180E+03 -0.280388E+03 -0.706700E+02 -0.115849E+03 +0.780092E+02 +0.000000E+00 +0.000000E+00 -0.312624E-02 +0.858404E-03 +0.000000E+00 +0.296435E-02 +0.000000E+00 +0.000000E+00
 +0.110366E+01 -0.100190E+03 -0.277633E+03 -0.719087E+02 -0.115349E+03 +0.783904E+02 +0.000000E+00 +0.000000E+00 -0.308340E-02 +0.825362E-03 +0.000000E+00 +0.297884E-02 +0.000000E+00 +0.000000E+00
 +0.110366E+01 -0.100200E+03 -0.274888E+03 -0.731400E+02 -0.114849E+03 +0.787643E+02 +0.000000E+00 +0.000000E+00 -0.304074E-02 +0.792478E-03 +0.000000E+00 +0.299304E-02 +0.000000E+00 +0.000000E+00
 +0.110366E+01 -0.100210E+03 -0.272318E+03 -0.742431E+02 -0.114365E+03 +0.790107E+02 +0.000000E+00 +0.000000E+00 -0.300111E-02 +0.762321E-03 +0.000000E+00 +0.300241E-02 +0.000000E+00 +0.000000E+00
 +0.110366E+01 -0.100220E+03 -0.269758E+03 -0.753390E+02 -0.113882E+03 +0.792508E+02 +0.000000E+00 +0.000000E+00 -0.296165E-02 +0.732318E-03 +0.000000E+00 +0.301153E-02 +0.000000E+00 +0.000000E+00
 +0.110366E+01 -0.100230E+03 -0.267354E+03 -0.763235E+02 -0.113414E+03 +0.793902E+02 +0.000000E+00 +0.000000E+00 -0.292487E-02 +0.704712E-03 +0.000000E+00 +0.301683E-02 +0.000000E+00 +0.000000E+00
 +0.110366E+01 -0.100240E+03 -0.264960E+03 -0.773012E+02 -0.112946E+03 +0.795240E+02 +0.000000E+00 +0.000000E+00 -0.288826E-02 +0.677254E-03 +0.000000E+00 +0.302191E-02 +0.000000E+00 +0.000000E+00
 +0.110366E+01 -0.100250E+03 -0.262706E+03 -0.781816E+02 -0.112493E+03 +0.795777E+02 +0.000000E+00 +0.000000E+00 -0.285405E-02 +0.651913E-03 +0.000000E+00 +0.302395E-02 +0.000000E+00 +0.000000E+00
 +0.110366E+01 -0.100260E+03 -0.260461E+03 -0.790556E+02 -0.112041E+03 +0.796265E+02 +0.000000E+00 +0.000000E+00 -0.281999E-02 +0.626714E-03 +0.000000E+00 +0.302581E-02 +0.000000E+00 +0.000000E+00
 +0.110366E+01 -0.100270E+03 -0.258343E+03 -0.798443E+02 -0.111602E+03 +0.796113E+02 +0.000000E+00 +0.000000E+00 -0.278808E-02 +0.603390E-03 +0.000000E+00 +0.302523E-02 +0.000000E+00 +0.000000E+00
 +0.110366E+01 -0.100280E+03 -0.256233E+03 -0.806269E+02 -0.111164E+03 +0.795920E+02 +0.000000E+00 +0.000000E+00 -0.275632E-02 +0.580202E-03 +0.000000E+00 +0.302449E-02 +0.000000E+00 +0.000000E+00
 +0.110366E+01 -0.100290E+03 -0.254238E+03 -0.813346E+02 -0.110739E+03 +0.795213E+02 +0.000000E+00 +0.000000E+00 -0.272648E-02 +0.558680E-03 +0.000000E+00 +0.302181E-02 +0.000000E+00 +0.000000E+00
 +0.110366E+01 -0.100300E+03 -0.252251E+03 -0.820365E+02 -0.110315E+03 +0.794470E+02 +0.000000E+00 +0.000000E+00 -0.269679E-02 +0.537288E-03 +0.000000E+00 +0.301899E-02 +0.000000E+00 +0.000000E+00
 +0.110366E+01 -0.100310E+03 -0.250367E+03 -0.826725E+02 -0.109903E+03 +0.793315E+02 +0.000000E+00 +0.000000E+00 -0.266881E-02 +0.517378E-03 +0.000000E+00 +0.301460E-02 +0.000000E+00 +0.000000E+00
 +0.110366E+01 -0.100320E+03 -0.248491E+03 -0.833030E+02 -0.109492E+03 +0.792128E+02 +0.000000E+00 +0.000000E+00 -0.264099E-02 +0.497594E-03 +0.000000E+00 +0.301009E-02 +0.000000E+00 +0.000000E+00
 +0.110366E+01 -0.100330E+03 -0.246709E+03 -0.838754E+02 -0.109093E+03 +0.790610E+02 +0.000000E+00 +0.000000E+00 -0.261471E-02 +0.479131E-03 +0.000000E+00 +0.300432E-02 +0.000000E+00 +0.000000E+00
 +0.110366E+01 -0.100340E+03 -0.244935E+03 -0.844424E+02 -0.108694E+03 +0.789064E+02 +0.000000E+00 +0.000000E+00 -0.258857E-02 +0.460789E-03 +0.000000E+00 +0.299844E-02 +0.000000E+00 +0.000000E+00
 +0.110366E+01 -0.100350E+03 -0.243245E+03 -0.849581E+02 -0.108307E+03 +0.787251E+02 +0.000000E+00 +0.000000E+00 -0.256382E-02 +0.443627E-03 +0.000000E+00 +0.299156E-02 +0.000000E+00 +0.000000E+00
 +0.110366E+01 -0.100360E+03 -0.241563E+03 -0.854689E+02 -0.107920E+03 +0.785415E+02 +0.000000E+00 +0.000000E+00 -0.253921E-02 +0.426580E-03 +0.000000E+00 +0.298458E-02 +0.000000E+00 +0.000000E+00
 +0.110366E+01 -0.100370E+03 -0.239957E+03 -0.859340E+02 -0.107544E+03 +0.783362E+02 +0.000000E+00 +0.000000E+00 -0.251585E-02 +0.410591E-03 +0.000000E+00 +0.297678E-02 +0.000000E+00 +0.000000E+00
 +0.110366E+01 -0.100380E+03 -0.238360E+03 -0.863945E+02 -0.107169E+03 +0.781290E+02 +0.000000E+00 +0.000000E+00 -0.249262E-02 +0.394712E-03 +0.000000E+00 +0.296890E-02 +0.000000E+00 +0.000000E+00
 +0.110366E+01 -0.100390E+03 -0.236831E+03 -0.868145E+02 -0.106803E+03 +0.779042E+02 +0.000000E+00 +0.000000E+00 -0.247053E-02 +0.379782E-03 +0.000000E+00 +0.296036E-02 +0.000000E+00 +0.000000E+00
 +0.110366E+01 -0.100400E+03 -0.235310E+03 -0.872301E+02 -0.106438E+03 +0.776777E+02 +0.000000E+00 +0.000000E+00 -0.244857E-02 +0.364957E-03 +0.000000E+00 +0.295175E-02 +0.000000E+00 +0.000000E+00
 +0.110366E+01 -0.100410E+03 -0.233853E+03 -0.876096E+02 -0.106083E+03 +0.774371E+02 +0.000000E+00 +0.000000E+00 -0.242763E-02 +0.350986E-03 +0.000000E+00 +0.294261E-02 +0.000000E+00 +0.000000E+00
 +0.110366E+01 -0.100420E+03 -0.232403E+03 -0.879850E+02 -0.105728E+03 +0.771949E+02 +0.000000E+00 +0.000000E+00 -0.240682E-02 +0.337115E-03 +0.000000E+00 +0.293341E-02 +0.000000E+00 +0.000000E+00
 +0.110366E+01 -0.100430E+03 -0.231010E+03 -0.883282E+02 -0.105382E+03 +0.769412E+02 +0.000000E+00 +0.000000E+00 -0.238694E-02 +0.324015E-03 +0.000000E+00 +0.292377E-02 +0.000000E+00 +0.000000E+00
 +0.110366E+01 -0.100440E+03 -0.229624E+03 -0.886674E+02 -0.105036E+03 +0.766863E+02 +0.000000E+00 +0.000000E+00 -0.236718E-02 +0.311009E-03 +0.000000E+00 +0.291408E-02 +0.000000E+00 +0.000000E+00
 +0.110366E+01 -0.100450E+03 -0.228292E+03 -0.889778E+02 -0.104699E+03 +0.764220E+02 +0.000000E+00 +0.000000E+00 -0.234826E-02 +0.298702E-03 +0.000000E+00 +0.290404E-02 +0.000000E+00 +0.000000E+00
 +0.110366E+01 -0.100460E+03 -0.226966E+03 -0.892845E+02 -0.104363E+03 +0.761566E+02 +0.000000E+00 +0.000000E+00 -0.232946E-02 +0.286484E-03 +0.000000E+00 +0.289395E-02 +0.000000E+00 +0.000000E+00
 +0.110366E+01 -0.100470E+03 -0.225688E+03 -0.895652E+02 -0.104034E+03 +0.758836E+02 +0.000000E+00 +0.000000E+00 -0.231144E-02 +0.274900E-03 +0.000000E+00 +0.288357E-02 +0.000000E+00 +0.000000E+00
 +0.110366E+01 -0.100480E+03 -0.224417E+03 -0.898425E+02 -0.103706E+03 +0.756096E+02 +0.000000E+00 +0.000000E+00 -0.229352E-02 +0.263401E-03 +0.000000E+00 +0.287316E-02 +0.000000E+00 +0.000000E+00
 +0.110366E+01 -0.100490E+03 -0.223191E+03 -0.900964E+02 -0.103385E+03 +0.753294E+02 +0.000000E+00 +0.000000E+00 -0.227631E-02 +0.252479E-03 +0.000000E+00 +0.286252E-02 +0.000000E+00 +0.000000E+00
 +0.110366E+01 -0.100500E+03 -0.221971E+03 -0.903469E+02 -0.103065E+03 +0.750484E+02 +0.000000E+00 +0.000000E+00 -0.225921E-02 +0.241638E-03 +0.000000E+00 +0.285184E-02 +0.000000E+00 +0.000000E+00
 +0.110366E+01 -0.100510E+03 -0.220791E+03 -0.905764E+02 -0.102751E+03 +0.747622E+02 +0.000000E+00 +0.000000E+00 -0.224276E-02 +0.231323E-03 +0.000000E+00 +0.284097E-02 +0.000000E+00 +0.000000E+00
 +0.110366E+01 -0.100520E+03 -0.219618E+03 -0.908027E+02 -0.102439E+03 +0.744754E+02 +0.000000E+00 +0.000000E+00 -0.222641E-02 +0.221087E-03 +0.000000E+00 +0.283007E-02 +0.000000E+00 +0.000000E+00
 +0.110366E+01 -0.100530E+03 -0.218483E+03 -0.910099E+02 -0.102133E+03 +0.741845E+02 +0.000000E+00 +0.000000E+00 -0.221066E-02 +0.211332E-03 +0.000000E+00 +0.281901E-02 +0.000000E+00 +0.000000E+00
 +0.110366E+01 -0.100540E+03 -0.217354E+03 -0.912140E+02 -0.101827E+03 +0.738929E+02 +0.000000E+00 +0.000000E+00 -0.219500E-02 +0.201652E-03 +0.000000E+00 +0.280793E-02 +0.000000E+00 +0.000000E+00
 +0.110366E+01 -0.100550E+03 -0.216259E+03 -0.914008E+02 -0.101528E+03 +0.735979E+02 +0.000000E+00 +0.000000E+00 -0.217990E-02 +0.192414E-03 +0.000000E+00 +0.279672E-02 +0.000000E+00 +0.000000E+00
 +0.110366E+01 -0.100560E+03 -0.215171E+03 -0.915847E+02 -0.101229E+03 +0.733024E+02 +0.000000E+00 +0.000000E+00 -0.216489E-02 +0.183248E-03 +0.000000E+00 +0.278549E-02 +0.000000E+00 +0.000000E+00
 +0.110366E+01 -0.100570E+03 -0.214115E+03 -0.917527E+02 -0.100936E+03 +0.730041E+02 +0.000000E+00 +0.000000E+00 -0.215039E-02 +0.174488E-03 +0.000000E+00 +0.277416E-02 +0.000000E+00 +0.000000E+00
 +0.110366E+01 -0.100580E+03 -0.213064E+03 -0.919179E+02 -0.100644E+03 +0.727054E+02 +0.000000E+00 +0.000000E+00 -0.213598E-02 +0.165798E-03 +0.000000E+00 +0.276281E-02 +0.000000E+00 +0.000000E+00
 +0.110366E+01 -0.100590E+03 -0.212044E+03 -0.920686E+02 -0.100357E+03 +0.724044E+02 +0.000000E+00 +0.000000E+00 -0.212205E-02 +0.157483E-03 +0.000000E+00 +0.275137E-02 +0.000000E+00 +0.000000E+00
 +0.110366E+01 -0.100600E+03 -0.211029E+03 -0.922167E+02 -0.100071E+03 +0.721030E+02 +0.000000E+00 +0.000000E+00 -0.210821E-02 +0.149235E-03 +0.000000E+00 +0.273991E-02 +0.000000E+00 +0.000000E+00
 +0.110366E+01 -0.100610E+03 -0.210043E+03 -0.923514E+02 -0.997901E+02 +0.717997E+02 +0.000000E+00 +0.000000E+00 -0.209480E-02 +0.141335E-03 +0.000000E+00 +0.272839E-02 +0.000000E+00 +0.000000E+00
 +0.110366E+01 -0.100620E+03 -0.209062E+03 -0.924836E+02 -0.995099E+02 +0.714961E+02 +0.000000E+00 +0.000000E+00 -0.208148E-02 +0.133500E-03 +0.000000E+00 +0.271685E-02 +0.000000E+00 +0.000000E+00
 +0.110366E+01 -0.100630E+03 -0.208107E+03 -0.926035E+02 -0.992344E+02 +0.711910E+02 +0.000000E+00 +0.000000E+00 -0.206857E-02 +0.125987E-03 +0.000000E+00 +0.270526E-02 +0.000000E+00 +0.000000E+00
 +0.110366E+01 -0.100640E+03 -0.207157E+03 -0.927210E+02 -0.989597E+02 +0.708857E+02 +0.000000E+00 +0.000000E+00 -0.205575E-02 +0.118537E-03 +0.000000E+00 +0.269366E-02 +0.000000E+00 +0.000000E+00
 +0.110366E+01 -0.100650E+03 -0.206232E+03 -0.928270E+02 -0.986895E+02 +0.705791E+02 +0.000000E+00 +0.000000E+00 -0.204331E-02 +0.111387E-03 +0.000000E+00 +0.268200E-02 +0.000000E+00 +0.000000E+00
 +0.110366E+01 -0.100660E+03 -0.205312E+03 -0.929308E+02 -0.984202E+02 +0.702723E+02 +0.000000E+00 +0.000000E+00 -0.203095E-02 +0.104298E-03 +0.000000E+00 +0.267035E-02 +0.000000E+00 +0.000000E+00
 +0.110366E+01 -0.100670E+03 -0.204415E+03 -0.930240E+02 -0.981550E+02 +0.699645E+02 +0.000000E+00 +0.000000E+00 -0.201895E-02 +0.974896E-04 +0.000000E+00 +0.265865E-02 +0.000000E+00 +0.000000E+00
 +0.110366E+01 -0.100680E+03 -0.203524E+03 -0.931149E+02 -0.978907E+02 +0.696565E+02 +0.000000E+00 +0.000000E+00 -0.200703E-02 +0.907404E-04 +0.000000E+00 +0.264695E-02 +0.000000E+00 +0.000000E+00
 +0.110366E+01 -0.100690E+03 -0.202654E+03 -0.931960E+02 -0.976304E+02 +0.693478E+02 +0.000000E+00 +0.000000E+00 -0.199544E-02 +0.842534E-04 +0.000000E+00 +0.263522E-02 +0.000000E+00 +0.000000E+00
 +0.110366E+01 -0.100700E+03 -0.201789E+03 -0.932749E+02 -0.973710E+02 +0.690390E+02 +0.000000E+00 +0.000000E+00 -0.198393E-02 +0.778243E-04 +0.000000E+00 +0.262348E-02 +0.000000E+00 +0.000000E+00
 +0.110366E+01 -0.100710E+03 -0.200944E+03 -0.933447E+02 -0.971153E+02 +0.687295E+02 +0.000000E+00 +0.000000E+00 -0.197275E-02 +0.716410E-04 +0.000000E+00 +0.261172E-02 +0.000000E+00 +0.000000E+00
 +0.110366E+01 -0.100720E+03 -0.200104E+03 -0.934124E+02 -0.968605E+02 +0.684200E+02 +0.000000E+00 +0.000000E+00 -0.196163E-02 +0.655141E-04 +0.000000E+00 +0.259996E-02 +0.000000E+00 +0.000000E+00
 +0.110366E+01 -0.100730E+03 -0.199284E+03 -0.934715E+02 -0.966093E+02 +0.681101E+02 +0.000000E+00 +0.000000E+00 -0.195082E-02 +0.596185E-04 +0.000000E+00 +0.258818E-02 +0.000000E+00 +0.000000E+00
 +0.110366E+01 -0.100740E+03 -0.198468E+03 -0.935286E+02 -0.963590E+02 +0.678001E+02 +0.000000E+00 +0.000000E+00 -0.194008E-02 +0.537778E-04 +0.000000E+00 +0.257640E-02 +0.000000E+00 +0.000000E+00
 +0.110366E+01 -0.100750E+03 -0.197671E+03 -0.935777E+02 -0.961121E+02 +0.674898E+02 +0.000000E+00 +0.000000E+00 -0.192962E-02 +0.481551E-04 +0.000000E+00 +0.256461E-02 +0.000000E+00 +0.000000E+00
 +0.110366E+01 -0.100760E+03 -0.196879E+03 -0.936248E+02 -0.958661E+02 +0.671795E+02 +0.000000E+00 +0.000000E+00 -0.191924E-02 +0.425860E-04 +0.000000E+00 +0.255282E-02 +0.000000E+00 +0.000000E+00
 +0.110366E+01 -0.100770E+03 -0.196104E+03 -0.936643E+02 -0.956234E+02 +0.668690E+02 +0.000000E+00 +0.000000E+00 -0.190912E-02 +0.372228E-04 +0.000000E+00 +0.254102E-02 +0.000000E+00 +0.000000E+00
 +0.110366E+01 -0.100780E+03 -0.195333E+03 -0.937019E+02 -0.953815E+02 +0.665586E+02 +0.000000E+00 +0.000000E+00 -0.189908E-02 +0.319120E-04 +0.000000E+00 +0.252922E-02 +0.000000E+00 +0.000000E+00
 +0.110366E+01 -0.100790E+03 -0.194579E+03 -0.937325E+02 -0.951428E+02 +0.662481E+02 +0.000000E+00 +0.000000E+00 -0.188929E-02 +0.267960E-04 +0.000000E+00 +0.251743E-02 +0.000000E+00 +0.000000E+00
 +0.110366E+01 -0.100800E+03 -0.193829E+03 -0.937611E+02 -0.949049E+02 +0.659376E+02 +0.000000E+00 +0.000000E+00 -0.187957E-02 +0.217313E-04 +0.000000E+00 +0.250563E-02 +0.000000E+00 +0.000000E+00
 +0.110366E+01 -0.100810E+03 -0.193096E+03 -0.937831E+02 -0.946700E+02 +0.656272E+02 +0.000000E+00 +0.000000E+00 -0.187009E-02 +0.168512E-04 +0.000000E+00 +0.249383E-02 +0.000000E+00 +0.000000E+00
 +0.110366E+01 -0.100820E+03 -0.192366E+03 -0.938033E+02 -0.944360E+02 +0.653169E+02 +0.000000E+00 +0.000000E+00 -0.186068E-02 +0.120215E-04 +0.000000E+00 +0.248204E-02 +0.000000E+00 +0.000000E+00
 +0.110366E+01 -0.100830E+03 -0.191652E+03 -0.938171E+02 -0.942048E+02 +0.650068E+02 +0.000000E+00 +0.000000E+00 -0.185150E-02 +0.736696E-05 +0.000000E+00 +0.247026E-02 +0.000000E+00 +0.000000E+00
 +0.110366E+01 -0.100840E+03 -0.190942E+03 -0.938292E+02 -0.939745E+02 +0.646967E+02 +0.000000E+00 +0.000000E+00 -0.184238E-02 +0.276178E-05 +0.000000E+00 +0.245847E-02 +0.000000E+00 +0.000000E+00
 +0.110366E+01 -0.100850E+03 -0.190247E+03 -0.938353E+02 -0.937470E+02 +0.643869E+02 +0.000000E+00 +0.000000E+00 -0.183349E-02 -0.167679E-05 +0.000000E+00 +0.244670E-02 +0.000000E+00 +0.000000E+00
 +0.110366E+01 -0.100860E+03 -0.189555E+03 -0.938396E+02 -0.935203E+02 +0.640772E+02 +0.000000E+00 +0.000000E+00 -0.182466E-02 -0.606693E-05 +0.000000E+00 +0.243493E-02 +0.000000E+00 +0.000000E+00
 +0.110366E+01 -0.100870E+03 -0.188878E+03 -0.938383E+02 -0.932963E+02 +0.637679E+02 +0.000000E+00 +0.000000E+00 -0.181605E-02 -0.102985E-04 +0.000000E+00 +0.242318E-02 +0.000000E+00 +0.000000E+00
 +0.110366E+01 -0.100880E+03 -0.188204E+03 -0.938354E+02 -0.930731E+02 +0.634587E+02 +0.000000E+00 +0.000000E+00 -0.180749E-02 -0.144824E-04 +0.000000E+00 +0.241143E-02 +0.000000E+00 +0.000000E+00
 +0.110366E+01 -0.100890E+03 -0.187544E+03 -0.938270E+02 -0.928525E+02 +0.631499E+02 +0.000000E+00 +0.000000E+00 -0.179914E-02 -0.185152E-04 +0.000000E+00 +0.239970E-02 +0.000000E+00 +0.000000E+00
 +0.110366E+01 -0.100900E+03 -0.186888E+03 -0.938170E+02 -0.926327E+02 +0.628413E+02 +0.000000E+00 +0.000000E+00 -0.179085E-02 -0.225012E-04 +0.000000E+00 +0.238797E-02 +0.000000E+00 +0.000000E+00
 +0.110366E+01 -0.100910E+03 -0.186245E+03 -0.938019E+02 -0.924154E+02 +0.625332E+02 +0.000000E+00 +0.000000E+00 -0.178276E-02 -0.263429E-04 +0.000000E+00 +0.237626E-02 +0.000000E+00 +0.000000E+00
 +0.110366E+01 -0.100920E+03 -0.185606E+03 -0.937852E+02 -0.921990E+02 +0.622253E+02 +0.000000E+00 +0.000000E+00 -0.177473E-02 -0.301386E-04 +0.000000E+00 +0.236456E-02 +0.000000E+00 +0.000000E+00
 +0.110366E+01 -0.100930E+03 -0.184978E+03 -0.937636E+02 -0.919849E+02 +0.619180E+02 +0.000000E+00 +0.000000E+00 -0.176688E-02 -0.337965E-04 +0.000000E+00 +0.235288E-02 +0.000000E+00 +0.000000E+00
 +0.110366E+01 -0.100940E+03 -0.184355E+03 -0.937405E+02 -0.917716E+02 +0.616109E+02 +0.000000E+00 +0.000000E+00 -0.175909E-02 -0.374092E-04 +0.000000E+00 +0.234121E-02 +0.000000E+00 +0.000000E+00
 +0.110366E+01 -0.100950E+03 -0.183744E+03 -0.937128E+02 -0.915607E+02 +0.613044E+02 +0.000000E+00 +0.000000E+00 -0.175148E-02 -0.408901E-04 +0.000000E+00 +0.232957E-02 +0.000000E+00 +0.000000E+00
 +0.110366E+01 -0.100960E+03 -0.183136E+03 -0.936835E+02 -0.913505E+02 +0.609982E+02 +0.000000E+00 +0.000000E+00 -0.174393E-02 -0.443265E-04 +0.000000E+00 +0.231793E-02 +0.000000E+00 +0.000000E+00
 +0.110366E+01 -0.100970E+03 -0.182540E+03 -0.936498E+02 -0.911426E+02 +0.606927E+02 +0.000000E+00 +0.000000E+00 -0.173655E-02 -0.476368E-04 +0.000000E+00 +0.230632E-02 +0.000000E+00 +0.000000E+00
 +0.110366E+01 -0.100980E+03 -0.181948E+03 -0.936147E+02 -0.909356E+02 +0.603874E+02 +0.000000E+00 +0.000000E+00 -0.172923E-02 -0.509032E-04 +0.000000E+00 +0.229472E-02 +0.000000E+00 +0.000000E+00
 +0.110366E+01 -0.100990E+03 -0.181366E+03 -0.935753E+02 -0.907307E+02 +0.600829E+02 +0.000000E+00 +0.000000E+00 -0.172207E-02 -0.540490E-04 +0.000000E+00 +0.228315E-02 +0.000000E+00 +0.000000E+00
 +0.110366E+01 -0.101000E+03 -0.180788E+03 -0.935345E+02 -0.905265E+02 +0.597788E+02 +0.000000E+00 +0.000000E+00 -0.171497E-02 -0.571515E-04 +0.000000E+00 +0.227159E-02 +0.000000E+00 +0.000000E+00
 +0.110366E+01 -0.101010E+03 -0.180221E+03 -0.934897E+02 -0.903245E+02 +0.594754E+02 +0.000000E+00 +0.000000E+00 -0.170803E-02 -0.601384E-04 +0.000000E+00 +0.226007E-02 +0.000000E+00 +0.000000E+00
 +0.110366E+01 -0.101020E+03 -0.179658E+03 -0.934435E+02 -0.901233E+02 +0.591724E+02 +0.000000E+00 +0.000000E+00 -0.170115E-02 -0.630827E-04 +0.000000E+00 +0.224855E-02 +0.000000E+00 +0.000000E+00
 +0.110366E+01 -0.101030E+03 -0.179104E+03 -0.933935E+02 -0.899242E+02 +0.588702E+02 +0.000000E+00 +0.000000E+00 -0.169442E-02 -0.659162E-04 +0.000000E+00 +0.223707E-02 +0.000000E+00 +0.000000E+00
 +0.110366E+01 -0.101040E+03 -0.178554E+03 -0.933420E+02 -0.897258E+02 +0.585684E+02 +0.000000E+00 +0.000000E+00 -0.168774E-02 -0.687077E-04 +0.000000E+00 +0.222560E-02 +0.000000E+00 +0.000000E+00
 +0.110366E+01 -0.101050E+03 -0.178014E+03 -0.932870E+02 -0.895295E+02 +0.582675E+02 +0.000000E+00 +0.000000E+00 -0.168121E-02 -0.713930E-04 +0.000000E+00 +0.221417E-02 +0.000000E+00 +0.000000E+00
 +0.110366E+01 -0.101060E+03 -0.177478E+03 -0.932305E+02 -0.893339E+02 +0.579670E+02 +0.000000E+00 +0.000000E+00 -0.167474E-02 -0.740369E-04 +0.000000E+00 +0.220275E-02 +0.000000E+00 +0.000000E+00
 +0.110366E+01 -0.101070E+03 -0.176951E+03 -0.931707E+02 -0.891402E+02 +0.576675E+02 +0.000000E+00 +0.000000E+00 -0.166841E-02 -0.765787E-04 +0.000000E+00 +0.219137E-02 +0.000000E+00 +0.000000E+00
 +0.110366E+01 -0.101080E+03 -0.176428E+03 -0.931094E+02 -0.889473E+02 +0.573684E+02 +0.000000E+00 +0.000000E+00 -0.166213E-02 -0.790799E-04 +0.000000E+00 +0.218000E-02 +0.000000E+00 +0.000000E+00
 +0.110366E+01 -0.101090E+03 -0.175914E+03 -0.930449E+02 -0.887564E+02 +0.570703E+02 +0.000000E+00 +0.000000E+00 -0.165599E-02 -0.814832E-04 +0.000000E+00 +0.216867E-02 +0.000000E+00 +0.000000E+00
 +0.110366E+01 -0.101100E+03 -0.175403E+03 -0.929791E+02 -0.885662E+02 +0.567726E+02 +0.000000E+00 +0.000000E+00 -0.164990E-02 -0.838463E-04 +0.000000E+00 +0.215736E-02 +0.000000E+00 +0.000000E+00
 +0.110366E+01 -0.101110E+03 -0.174901E+03 -0.929102E+02 -0.883778E+02 +0.564760E+02 +0.000000E+00 +0.000000E+00 -0.164395E-02 -0.861154E-04 +0.000000E+00 +0.214609E-02 +0.000000E+00 +0.000000E+00
 +0.110366E+01 -0.101120E+03 -0.174403E+03 -0.928399E+02 -0.881902E+02 +0.561799E+02 +0.000000E+00 +0.000000E+00 -0.163804E-02 -0.883450E-04 +0.000000E+00 +0.213483E-02 +0.000000E+00 +0.000000E+00
 +0.110366E+01 -0.101130E+03 -0.173913E+03 -0.927667E+02 -0.880043E+02 +0.558848E+02 +0.000000E+00 +0.000000E+00 -0.163227E-02 -0.904843E-04 +0.000000E+00 +0.212362E-02 +0.000000E+00 +0.000000E+00
 +0.110366E+01 -0.101140E+03 -0.173427E+03 -0.926922E+02 -0.878193E+02 +0.555903E+02 +0.000000E+00 +0.000000E+00 -0.162654E-02 -0.925847E-04 +0.000000E+00 +0.211243E-02 +0.000000E+00 +0.000000E+00
 +0.110366E+01 -0.101150E+03 -0.172949E+03 -0.926149E+02 -0.876360E+02 +0.552968E+02 +0.000000E+00 +0.000000E+00 -0.162094E-02 -0.945984E-04 +0.000000E+00 +0.210128E-02 +0.000000E+00 +0.000000E+00
 +0.110366E+01 -0.101160E+03 -0.172474E+03 -0.925363E+02 -0.874535E+02 +0.550039E+02 +0.000000E+00 +0.000000E+00 -0.161539E-02 -0.965737E-04 +0.000000E+00 +0.209015E-02 +0.000000E+00 +0.000000E+00
 +0.110366E+01 -0.101170E+03 -0.172007E+03 -0.924550E+02 -0.872726E+02 +0.547122E+02 +0.000000E+00 +0.000000E+00 -0.160996E-02 -0.984657E-04 +0.000000E+00 +0.207906E-02 +0.000000E+00 +0.000000E+00
 +0.110366E+01 -0.101180E+03 -0.171544E+03 -0.923725E+02 -0.870925E+02 +0.544210E+02 +0.000000E+00 +0.000000E+00 -0.160458E-02 -0.100320E-03 +0.000000E+00 +0.206800E-02 +0.000000E+00 +0.000000E+00
 +0.110366E+01 -0.101190E+03 -0.171089E+03 -0.922875E+02 -0.869141E+02 +0.541310E+02 +0.000000E+00 +0.000000E+00 -0.159931E-02 -0.102094E-03 +0.000000E+00 +0.205698E-02 +0.000000E+00 +0.000000E+00
 +0.110366E+01 -0.101200E+03 -0.170636E+03 -0.922012E+02 -0.867364E+02 +0.538416E+02 +0.000000E+00 +0.000000E+00 -0.159410E-02 -0.103831E-03 +0.000000E+00 +0.204598E-02 +0.000000E+00 +0.000000E+00
 +0.110366E+01 -0.101210E+03 -0.170192E+03 -0.921125E+02 -0.865603E+02 +0.535534E+02 +0.000000E+00 +0.000000E+00 -0.158899E-02 -0.105491E-03 +0.000000E+00 +0.203503E-02 +0.000000E+00 +0.000000E+00
 +0.110366E+01 -0.101220E+03 -0.169750E+03 -0.920227E+02 -0.863850E+02 +0.532658E+02 +0.000000E+00 +0.000000E+00 -0.158394E-02 -0.107115E-03 +0.000000E+00 +0.202410E-02 +0.000000E+00 +0.000000E+00
 +0.110366E+01 -0.101230E+03 -0.169316E+03 -0.919305E+02 -0.862113E+02 +0.529794E+02 +0.000000E+00 +0.000000E+00 -0.157899E-02 -0.108664E-03 +0.000000E+00 +0.201322E-02 +0.000000E+00 +0.000000E+00
 +0.110366E+01 -0.101240E+03 -0.168885E+03 -0.918372E+02 -0.860383E+02 +0.526937E+02 +0.000000E+00 +0.000000E+00 -0.157409E-02 -0.110178E-03 +0.000000E+00 +0.200236E-02 +0.000000E+00 +0.000000E+00
 +0.110366E+01 -0.101250E+03 -0.168461E+03 -0.917417E+02 -0.858669E+02 +0.524092E+02 +0.000000E+00 +0.000000E+00 -0.156929E-02 -0.111620E-03 +0.000000E+00 +0.199155E-02 +0.000000E+00 +0.000000E+00
 +0.110366E+01 -0.101260E+03 -0.168040E+03 -0.916450E+02 -0.856962E+02 +0.521255E+02 +0.000000E+00 +0.000000E+00 -0.156454E-02 -0.113028E-03 +0.000000E+00 +0.198077E-02 +0.000000E+00 +0.000000E+00
 +0.110366E+01 -0.101270E+03 -0.167626E+03 -0.915463E+02 -0.855270E+02 +0.518430E+02 +0.000000E+00 +0.000000E+00 -0.155989E-02 -0.114366E-03 +0.000000E+00 +0.197003E-02 +0.000000E+00 +0.000000E+00
 +0.110366E+01 -0.101280E+03 -0.167216E+03 -0.914465E+02 -0.853586E+02 +0.515611E+02 +0.000000E+00 +0.000000E+00 -0.155529E-02 -0.115670E-03 +0.000000E+00 +0.195932E-02 +0.000000E+00 +0.000000E+00
 +0.110366E+01 -0.101290E+03 -0.166812E+03 -0.913447E+02 -0.851916E+02 +0.512806E+02 +0.000000E+00 +0.000000E+00 -0.155078E-02 -0.116909E-03 +0.000000E+00 +0.194866E-02 +0.000000E+00 +0.000000E+00
 +0.110366E+01 -0.101300E+03 -0.166411E+03 -0.912419E+02 -0.850254E+02 +0.510008E+02 +0.000000E+00 +0.000000E+00 -0.154632E-02 -0.118113E-03 +0.000000E+00 +0.193803E-02 +0.000000E+00 +0.000000E+00
 +0.110366E+01 -0.101310E+03 -0.166016E+03 -0.911371E+02 -0.848606E+02 +0.507224E+02 +0.000000E+00 +0.000000E+00 -0.154196E-02 -0.119254E-03 +0.000000E+00 +0.192745E-02 +0.000000E+00 +0.000000E+00
 +0.110366E+01 -0.101320E+03 -0.165625E+03 -0.910314E+02 -0.846965E+02 +0.504446E+02 +0.000000E+00 +0.000000E+00 -0.153764E-02 -0.120361E-03 +0.000000E+00 +0.191690E-02 +0.000000E+00 +0.000000E+00
 +0.110366E+01 -0.101330E+03 -0.165239E+03 -0.909238E+02 -0.845339E+02 +0.501682E+02 +0.000000E+00 +0.000000E+00 -0.153341E-02 -0.121408E-03 +0.000000E+00 +0.190639E-02 +0.000000E+00 +0.000000E+00
 +0.110366E+01 -0.101340E+03 -0.164857E+03 -0.908153E+02 -0.843720E+02 +0.498926E+02 +0.000000E+00 +0.000000E+00 -0.152922E-02 -0.122422E-03 +0.000000E+00 +0.189592E-02 +0.000000E+00 +0.000000E+00
 +0.110366E+01 -0.101350E+03 -0.164481E+03 -0.907050E+02 -0.842114E+02 +0.496183E+02 +0.000000E+00 +0.000000E+00 -0.152512E-02 -0.123378E-03 +0.000000E+00 +0.188550E-02 +0.000000E+00 +0.000000E+00
 +0.110366E+01 -0.101360E+03 -0.164108E+03 -0.905938E+02 -0.840516E+02 +0.493448E+02 +0.000000E+00 +0.000000E+00 -0.152107E-02 -0.124301E-03 +0.000000E+00 +0.187510E-02 +0.000000E+00 +0.000000E+00
 +0.110366E+01 -0.101370E+03 -0.163741E+03 -0.904809E+02 -0.838932E+02 +0.490727E+02 +0.000000E+00 +0.000000E+00 -0.151710E-02 -0.125168E-03 +0.000000E+00 +0.186476E-02 +0.000000E+00 +0.000000E+00
 +0.110366E+01 -0.101380E+03 -0.163377E+03 -0.903672E+02 -0.837354E+02 +0.488014E+02 +0.000000E+00 +0.000000E+00 -0.151318E-02 -0.126003E-03 +0.000000E+00 +0.185445E-02 +0.000000E+00 +0.000000E+00
 +0.110366E+01 -0.101390E+03 -0.163018E+03 -0.902519E+02 -0.835790E+02 +0.485314E+02 +0.000000E+00 +0.000000E+00 -0.150934E-02 -0.126785E-03 +0.000000E+00 +0.184419E-02 +0.000000E+00 +0.000000E+00
 +0.110366E+01 -0.101400E+03 -0.162662E+03 -0.901357E+02 -0.834233E+02 +0.482623E+02 +0.000000E+00 +0.000000E+00 -0.150554E-02 -0.127535E-03 +0.000000E+00 +0.183397E-02 +0.000000E+00 +0.000000E+00
 +0.110366E+01 -0.101410E+03 -0.162312E+03 -0.900180E+02 -0.832689E+02 +0.479946E+02 +0.000000E+00 +0.000000E+00 -0.150182E-02 -0.128234E-03 +0.000000E+00 +0.182379E-02 +0.000000E+00 +0.000000E+00
 +0.110366E+01 -0.101420E+03 -0.161965E+03 -0.898995E+02 -0.831152E+02 +0.477277E+02 +0.000000E+00 +0.000000E+00 -0.149814E-02 -0.128902E-03 +0.000000E+00 +0.181365E-02 +0.000000E+00 +0.000000E+00
 +0.110366E+01 -0.101430E+03 -0.161623E+03 -0.897796E+02 -0.829628E+02 +0.474622E+02 +0.000000E+00 +0.000000E+00 -0.149454E-02 -0.129520E-03 +0.000000E+00 +0.180356E-02 +0.000000E+00 +0.000000E+00
 +0.110366E+01 -0.101440E+03 -0.161284E+03 -0.896589E+02 -0.828111E+02 +0.471975E+02 +0.000000E+00 +0.000000E+00 -0.149098E-02 -0.130108E-03 +0.000000E+00 +0.179351E-02 +0.000000E+00 +0.000000E+00
 +0.110366E+01 -0.101450E+03 -0.160950E+03 -0.895368E+02 -0.826606E+02 +0.469343E+02 +0.000000E+00 +0.000000E+00 -0.148749E-02 -0.130649E-03 +0.000000E+00 +0.178350E-02 +0.000000E+00 +0.000000E+00
 +0.110366E+01 -0.101460E+03 -0.160619E+03 -0.894140E+02 -0.825108E+02 +0.466720E+02 +0.000000E+00 +0.000000E+00 -0.148405E-02 -0.131160E-03 +0.000000E+00 +0.177354E-02 +0.000000E+00 +0.000000E+00
 +0.110366E+01 -0.101470E+03 -0.160293E+03 -0.892899E+02 -0.823622E+02 +0.464110E+02 +0.000000E+00 +0.000000E+00 -0.148068E-02 -0.131625E-03 +0.000000E+00 +0.176362E-02 +0.000000E+00 +0.000000E+00
 +0.110366E+01 -0.101480E+03 -0.159970E+03 -0.891650E+02 -0.822144E+02 +0.461510E+02 +0.000000E+00 +0.000000E+00 -0.147735E-02 -0.132061E-03 +0.000000E+00 +0.175374E-02 +0.000000E+00 +0.000000E+00
 +0.110366E+01 -0.101490E+03 -0.159651E+03 -0.890389E+02 -0.820677E+02 +0.458923E+02 +0.000000E+00 +0.000000E+00 -0.147408E-02 -0.132453E-03 +0.000000E+00 +0.174391E-02 +0.000000E+00 +0.000000E+00
 +0.110366E+01 -0.101500E+03 -0.159336E+03 -0.889121E+02 -0.819218E+02 +0.456346E+02 +0.000000E+00 +0.000000E+00 -0.147086E-02 -0.132816E-03 +0.000000E+00 +0.173412E-02 +0.000000E+00 +0.000000E+00
 +0.110366E+01 -0.101510E+03 -0.159025E+03 -0.887842E+02 -0.817770E+02 +0.453783E+02 +0.000000E+00 +0.000000E+00 -0.146771E-02 -0.133138E-03 +0.000000E+00 +0.172438E-02 +0.000000E+00 +0.000000E+00
 +0.110366E+01 -0.101520E+03 -0.158717E+03 -0.886555E+02 -0.816329E+02 +0.451230E+02 +0.000000E+00 +0.000000E+00 -0.146460E-02 -0.133430E-03 +0.000000E+00 +0.171467E-02 +0.000000E+00 +0.000000E+00
 +0.110366E+01 -0.101530E+03 -0.158413E+03 -0.885258E+02 -0.814899E+02 +0.448690E+02 +0.000000E+00 +0.000000E+00 -0.146154E-02 -0.133682E-03 +0.000000E+00 +0.170502E-02 +0.000000E+00 +0.000000E+00
 +0.110366E+01 -0.101540E+03 -0.158113E+03 -0.883953E+02 -0.813476E+02 +0.446159E+02 +0.000000E+00 +0.000000E+00 -0.145854E-02 -0.133906E-03 +0.000000E+00 +0.169541E-02 +0.000000E+00 +0.000000E+00
 +0.110366E+01 -0.101550E+03 -0.157816E+03 -0.882638E+02 -0.812064E+02 +0.443643E+02 +0.000000E+00 +0.000000E+00 -0.145559E-02 -0.134091E-03 +0.000000E+00 +0.168584E-02 +0.000000E+00 +0.000000E+00
 +0.110366E+01 -0.101560E+03 -0.157523E+03 -0.881316E+02 -0.810660E+02 +0.441136E+02 +0.000000E+00 +0.000000E+00 -0.145268E-02 -0.134247E-03 +0.000000E+00 +0.167632E-02 +0.000000E+00 +0.000000E+00
 +0.110366E+01 -0.101570E+03 -0.157234E+03 -0.879983E+02 -0.809265E+02 +0.438643E+02 +0.000000E+00 +0.000000E+00 -0.144983E-02 -0.134365E-03 +0.000000E+00 +0.166684E-02 +0.000000E+00 +0.000000E+00
 +0.110366E+01 -0.101580E+03 -0.156947E+03 -0.878643E+02 -0.807878E+02 +0.436159E+02 +0.000000E+00 +0.000000E+00 -0.144703E-02 -0.134454E-03 +0.000000E+00 +0.165740E-02 +0.000000E+00 +0.000000E+00
 +0.110366E+01 -0.101590E+03 -0.156665E+03 -0.877293E+02 -0.806501E+02 +0.433689E+02 +0.000000E+00 +0.000000E+00 -0.144428E-02 -0.134506E-03 +0.000000E+00 +0.164802E-02 +0.000000E+00 +0.000000E+00
 +0.110366E+01 -0.101600E+03 -0.156385E+03 -0.875935E+02 -0.805131E+02 +0.431229E+02 +0.000000E+00 +0.000000E+00 -0.144158E-02 -0.134528E-03 +0.000000E+00 +0.163867E-02 +0.000000E+00 +0.000000E+00
 +0.110366E+01 -0.101610E+03 -0.156110E+03 -0.874566E+02 -0.803770E+02 +0.428780E+02 +0.000000E+00 +0.000000E+00 -0.143893E-02 -0.134513E-03 +0.000000E+00 +0.162936E-02 +0.000000E+00 +0.000000E+00
 +0.110366E+01 -0.101620E+03 -0.155837E+03 -0.873187E+02 -0.802416E+02 +0.426341E+02 +0.000000E+00 +0.000000E+00 -0.143632E-02 -0.134467E-03 +0.000000E+00 +0.162010E-02 +0.000000E+00 +0.000000E+00
 +0.110366E+01 -0.101630E+03 -0.155569E+03 -0.871796E+02 -0.801070E+02 +0.423915E+02 +0.000000E+00 +0.000000E+00 -0.143378E-02 -0.134380E-03 +0.000000E+00 +0.161088E-02 +0.000000E+00 +0.000000E+00
 +0.110366E+01 -0.101640E+03 -0.155292E+03 -0.870315E+02 -0.799666E+02 +0.421274E+02 +0.000000E+00 +0.000000E+00 -0.143117E-02 -0.134233E-03 +0.000000E+00 +0.160084E-02 +0.000000E+00 +0.000000E+00
 +0.110366E+01 -0.101650E+03 -0.155003E+03 -0.868722E+02 -0.798189E+02 +0.418367E+02 +0.000000E+00 +0.000000E+00 -0.142850E-02 -0.134012E-03 +0.000000E+00 +0.158980E-02 +0.000000E+00 +0.000000E+00
 +0.110366E+01 -0.101660E+03 -0.154738E+03 -0.867276E+02 -0.796838E+02 +0.415932E+02 +0.000000E+00 +0.000000E+00 -0.142604E-02 -0.133833E-03 +0.000000E+00 +0.158054E-02 +0.000000E+00 +0.000000E+00
 +0.110366E+01 -0.101670E+03 -0.154501E+03 -0.865997E+02 -0.795634E+02 +0.414058E+02 +0.000000E+00 +0.000000E+00 -0.142382E-02 -0.133692E-03 +0.000000E+00 +0.157342E-02 +0.000000E+00 +0.000000E+00
 +0.110366E+01 -0.101680E+03 -0.154248E+03 -0.864556E+02 -0.794322E+02 +0.411956E+02 +0.000000E+00 +0.000000E+00 -0.142150E-02 -0.133446E-03 +0.000000E+00 +0.156543E-02 +0.000000E+00 +0.000000E+00
 +0.110366E+01 -0.101690E+03 -0.153983E+03 -0.863042E+02 -0.792949E+02 +0.409550E+02 +0.000000E+00 +0.000000E+00 -0.141908E-02 -0.133176E-03 +0.000000E+00 +0.155629E-02 +0.000000E+00 +0.000000E+00
 +0.110366E+01 -0.101700E+03 -0.153729E+03 -0.861572E+02 -0.791624E+02 +0.407137E+02 +0.000000E+00 +0.000000E+00 -0.141676E-02 -0.132902E-03 +0.000000E+00 +0.154712E-02 +0.000000E+00 +0.000000E+00
 +0.110366E+01 -0.101710E+03 -0.153482E+03 -0.860085E+02 -0.790319E+02 +0.404846E+02 +0.000000E+00 +0.000000E+00 -0.141455E-02 -0.132556E-03 +0.000000E+00 +0.153842E-02 +0.000000E+00 +0.000000E+00
 +0.110366E+01 -0.101720E+03 -0.153240E+03 -0.858695E+02 -0.789060E+02 +0.402411E+02 +0.000000E+00 +0.000000E+00 -0.141234E-02 -0.132306E-03 +0.000000E+00 +0.152916E-02 +0.000000E+00 +0.000000E+00
 +0.110366E+01 -0.101730E+03 -0.153016E+03 -0.857324E+02 -0.787870E+02 +0.400063E+02 +0.000000E+00 +0.000000E+00 -0.141035E-02 -0.131962E-03 +0.000000E+00 +0.152024E-02 +0.000000E+00 +0.000000E+00
 +0.110366E+01 -0.101740E+03 -0.152790E+03 -0.855907E+02 -0.786657E+02 +0.397723E+02 +0.000000E+00 +0.000000E+00 -0.140836E-02 -0.131576E-03 +0.000000E+00 +0.151135E-02 +0.000000E+00 +0.000000E+00
 +0.110366E+01 -0.101750E+03 -0.152548E+03 -0.854399E+02 -0.785361E+02 +0.395339E+02 +0.000000E+00 +0.000000E+00 -0.140623E-02 -0.131173E-03 +0.000000E+00 +0.150229E-02 +0.000000E+00 +0.000000E+00
 +0.110366E+01 -0.101760E+03 -0.152323E+03 -0.853251E+02 -0.784239E+02 +0.393129E+02 +0.000000E+00 +0.000000E+00 -0.140408E-02 -0.131123E-03 +0.000000E+00 +0.149389E-02 +0.000000E+00 +0.000000E+00
 +0.110366E+01 -0.101770E+03 -0.152114E+03 -0.852116E+02 -0.783173E+02 +0.390985E+02 +0.000000E+00 +0.000000E+00 -0.140213E-02 -0.130992E-03 +0.000000E+00 +0.148574E-02 +0.000000E+00 +0.000000E+00
 +0.110366E+01 -0.101780E+03 -0.151911E+03 -0.850739E+02 -0.782049E+02 +0.388795E+02 +0.000000E+00 +0.000000E+00 -0.140041E-02 -0.130512E-03 +0.000000E+00 +0.147742E-02 +0.000000E+00 +0.000000E+00
 +0.110366E+01 -0.101790E+03 -0.151708E+03 -0.849362E+02 -0.780925E+02 +0.386605E+02 +0.000000E+00 +0.000000E+00 -0.139869E-02 -0.130032E-03 +0.000000E+00 +0.146910E-02 +0.000000E+00 +0.000000E+00
 +0.110366E+01 -0.101800E+03 -0.151485E+03 -0.848098E+02 -0.779774E+02 +0.384389E+02 +0.000000E+00 +0.000000E+00 -0.139665E-02 -0.129815E-03 +0.000000E+00 +0.146068E-02 +0.000000E+00 +0.000000E+00
 +0.110366E+01 -0.101810E+03 -0.151253E+03 -0.846853E+02 -0.778597E+02 +0.382165E+02 +0.000000E+00 +0.000000E+00 -0.139448E-02 -0.129685E-03 +0.000000E+00 +0.145223E-02 +0.000000E+00 +0.000000E+00
 +0.110366E+01 -0.101820E+03 -0.151023E+03 -0.845096E+02 -0.777257E+02 +0.380003E+02 +0.000000E+00 +0.000000E+00 -0.139264E-02 -0.128895E-03 +0.000000E+00 +0.144401E-02 +0.000000E+00 +0.000000E+00
 +0.110366E+01 -0.101830E+03 -0.150792E+03 -0.843340E+02 -0.775916E+02 +0.377841E+02 +0.000000E+00 +0.000000E+00 -0.139081E-02 -0.128104E-03 +0.000000E+00 +0.143580E-02 +0.000000E+00 +0.000000E+00
 +0.110366E+01 -0.101840E+03 -0.150582E+03 -0.841697E+02 -0.774680E+02 +0.375699E+02 +0.000000E+00 +0.000000E+00 -0.138916E-02 -0.127332E-03 +0.000000E+00 +0.142766E-02 +0.000000E+00 +0.000000E+00
 +0.110366E+01 -0.101850E+03 -0.150377E+03 -0.840086E+02 -0.773474E+02 +0.373562E+02 +0.000000E+00 +0.000000E+00 -0.138757E-02 -0.126564E-03 +0.000000E+00 +0.141954E-02 +0.000000E+00 +0.000000E+00
 +0.110366E+01 -0.101860E+03 -0.150153E+03 -0.838545E+02 -0.772225E+02 +0.371427E+02 +0.000000E+00 +0.000000E+00 -0.138568E-02 -0.126007E-03 +0.000000E+00 +0.141142E-02 +0.000000E+00 +0.000000E+00
 +0.110366E+01 -0.101870E+03 -0.149914E+03 -0.837056E+02 -0.770945E+02 +0.369292E+02 +0.000000E+00 +0.000000E+00 -0.138357E-02 -0.125612E-03 +0.000000E+00 +0.140331E-02 +0.000000E+00 +0.000000E+00
 +0.110366E+01 -0.101880E+03 -0.149692E+03 -0.835632E+02 -0.769742E+02 +0.367178E+02 +0.000000E+00 +0.000000E+00 -0.138164E-02 -0.125192E-03 +0.000000E+00 +0.139528E-02 +0.000000E+00 +0.000000E+00
 +0.110366E+01 -0.101890E+03 -0.149506E+03 -0.834344E+02 -0.768702E+02 +0.365110E+02 +0.000000E+00 +0.000000E+00 -0.138007E-02 -0.124719E-03 +0.000000E+00 +0.138742E-02 +0.000000E+00 +0.000000E+00
 +0.110366E+01 -0.101900E+03 -0.149320E+03 -0.833055E+02 -0.767663E+02 +0.363041E+02 +0.000000E+00 +0.000000E+00 -0.137851E-02 -0.124246E-03 +0.000000E+00 +0.137956E-02 +0.000000E+00 +0.000000E+00
 +0.110366E+01 -0.101910E+03 -0.149133E+03 -0.831767E+02 -0.766623E+02 +0.360973E+02 +0.000000E+00 +0.000000E+00 -0.137695E-02 -0.123773E-03 +0.000000E+00 +0.137170E-02 +0.000000E+00 +0.000000E+00
 +0.110366E+01 -0.101920E+03 -0.148942E+03 -0.830442E+02 -0.765556E+02 +0.358879E+02 +0.000000E+00 +0.000000E+00 -0.137535E-02 -0.123284E-03 +0.000000E+00 +0.136374E-02 +0.000000E+00 +0.000000E+00
 +0.110366E+01 -0.101930E+03 -0.148750E+03 -0.828767E+02 -0.764368E+02 +0.356836E+02 +0.000000E+00 +0.000000E+00 -0.137395E-02 -0.122358E-03 +0.000000E+00 +0.135598E-02 +0.000000E+00 +0.000000E+00
 +0.110366E+01 -0.101940E+03 -0.148568E+03 -0.826837E+02 -0.763131E+02 +0.354707E+02 +0.000000E+00 +0.000000E+00 -0.137285E-02 -0.121041E-03 +0.000000E+00 +0.134789E-02 +0.000000E+00 +0.000000E+00
 +0.110366E+01 -0.101950E+03 -0.148386E+03 -0.824906E+02 -0.761893E+02 +0.352578E+02 +0.000000E+00 +0.000000E+00 -0.137174E-02 -0.119725E-03 +0.000000E+00 +0.133980E-02 +0.000000E+00 +0.000000E+00
 +0.110366E+01 -0.101960E+03 -0.148204E+03 -0.822976E+02 -0.760656E+02 +0.350449E+02 +0.000000E+00 +0.000000E+00 -0.137063E-02 -0.118408E-03 +0.000000E+00 +0.133171E-02 +0.000000E+00 +0.000000E+00
 +0.110366E+01 -0.101970E+03 -0.148022E+03 -0.821069E+02 -0.759424E+02 +0.348325E+02 +0.000000E+00 +0.000000E+00 -0.136951E-02 -0.117124E-03 +0.000000E+00 +0.132364E-02 +0.000000E+00 +0.000000E+00
 +0.110366E+01 -0.101980E+03 -0.147826E+03 -0.819619E+02 -0.758300E+02 +0.346289E+02 +0.000000E+00 +0.000000E+00 -0.136793E-02 -0.116505E-03 +0.000000E+00 +0.131590E-02 +0.000000E+00 +0.000000E+00
 +0.110366E+01 -0.101990E+03 -0.147631E+03 -0.818169E+02 -0.757176E+02 +0.344252E+02 +0.000000E+00 +0.000000E+00 -0.136634E-02 -0.115885E-03 +0.000000E+00 +0.130816E-02 +0.000000E+00 +0.000000E+00
 +0.110366E+01 -0.102000E+03 -0.147435E+03 -0.816719E+02 -0.756052E+02 +0.342216E+02 +0.000000E+00 +0.000000E+00 -0.136476E-02 -0.115266E-03 +0.000000E+00 +0.130042E-02 +0.000000E+00 +0.000000E+00
 +0.110366E+01 -0.102010E+03 -0.147239E+03 -0.815269E+02 -0.754929E+02 +0.340180E+02 +0.000000E+00 +0.000000E+00 -0.136318E-02 -0.114646E-03 +0.000000E+00 +0.129268E-02 +0.000000E+00 +0.000000E+00
 +0.110366E+01 -0.102020E+03 -0.147052E+03 -0.813905E+02 -0.753861E+02 +0.338104E+02 +0.000000E+00 +0.000000E+00 -0.136166E-02 -0.114084E-03 +0.000000E+00 +0.128479E-02 +0.000000E+00 +0.000000E+00
 +0.110366E+01 -0.102030E+03 -0.146884E+03 -0.812717E+02 -0.752914E+02 +0.336160E+02 +0.000000E+00 +0.000000E+00 -0.136026E-02 -0.113624E-03 +0.000000E+00 +0.127741E-02 +0.000000E+00 +0.000000E+00
 +0.110366E+01 -0.102040E+03 -0.146728E+03 -0.811563E+02 -0.752019E+02 +0.334170E+02 +0.000000E+00 +0.000000E+00 -0.135900E-02 -0.113134E-03 +0.000000E+00 +0.126985E-02 +0.000000E+00 +0.000000E+00
 +0.110366E+01 -0.102050E+03 -0.146574E+03 -0.810410E+02 -0.751129E+02 +0.332147E+02 +0.000000E+00 +0.000000E+00 -0.135776E-02 -0.112633E-03 +0.000000E+00 +0.126216E-02 +0.000000E+00 +0.000000E+00
 +0.110366E+01 -0.102060E+03 -0.146419E+03 -0.809256E+02 -0.750239E+02 +0.330123E+02 +0.000000E+00 +0.000000E+00 -0.135652E-02 -0.112133E-03 +0.000000E+00 +0.125447E-02 +0.000000E+00 +0.000000E+00
 +0.110366E+01 -0.102070E+03 -0.146265E+03 -0.808102E+02 -0.749348E+02 +0.328100E+02 +0.000000E+00 +0.000000E+00 -0.135527E-02 -0.111632E-03 +0.000000E+00 +0.124678E-02 +0.000000E+00 +0.000000E+00
 +0.110366E+01 -0.102080E+03 -0.146126E+03 -0.806497E+02 -0.748359E+02 +0.326277E+02 +0.000000E+00 +0.000000E+00 -0.135451E-02 -0.110462E-03 +0.000000E+00 +0.123985E-02 +0.000000E+00 +0.000000E+00
 +0.110366E+01 -0.102090E+03 -0.145998E+03 -0.804542E+02 -0.747294E+02 +0.324610E+02 +0.000000E+00 +0.000000E+00 -0.135411E-02 -0.108771E-03 +0.000000E+00 +0.123352E-02 +0.000000E+00 +0.000000E+00
 +0.110366E+01 -0.102100E+03 -0.145871E+03 -0.802586E+02 -0.746228E+02 +0.322944E+02 +0.000000E+00 +0.000000E+00 -0.135372E-02 -0.107080E-03 +0.000000E+00 +0.122719E-02 +0.000000E+00 +0.000000E+00
 +0.110366E+01 -0.102110E+03 -0.145735E+03 -0.800624E+02 -0.745132E+02 +0.321200E+02 +0.000000E+00 +0.000000E+00 -0.135322E-02 -0.105435E-03 +0.000000E+00 +0.122056E-02 +0.000000E+00 +0.000000E+00
 +0.110366E+01 -0.102120E+03 -0.145573E+03 -0.798646E+02 -0.743945E+02 +0.319222E+02 +0.000000E+00 +0.000000E+00 -0.135240E-02 -0.103932E-03 +0.000000E+00 +0.121304E-02 +0.000000E+00 +0.000000E+00
 +0.110366E+01 -0.102130E+03 -0.145411E+03 -0.796667E+02 -0.742757E+02 +0.317244E+02 +0.000000E+00 +0.000000E+00 -0.135158E-02 -0.102429E-03 +0.000000E+00 +0.120553E-02 +0.000000E+00 +0.000000E+00
 +0.110366E+01 -0.102140E+03 -0.145249E+03 -0.794691E+02 -0.741571E+02 +0.315266E+02 +0.000000E+00 +0.000000E+00 -0.135075E-02 -0.100928E-03 +0.000000E+00 +0.119801E-02 +0.000000E+00 +0.000000E+00
 +0.110366E+01 -0.102150E+03 -0.145110E+03 -0.793585E+02 -0.740745E+02 +0.313431E+02 +0.000000E+00 +0.000000E+00 -0.134967E-02 -0.100396E-03 +0.000000E+00 +0.119104E-02 +0.000000E+00 +0.000000E+00
 +0.110366E+01 -0.102160E+03 -0.144970E+03 -0.792480E+02 -0.739920E+02 +0.311596E+02 +0.000000E+00 +0.000000E+00 -0.134859E-02 -0.998646E-04 +0.000000E+00 +0.118407E-02 +0.000000E+00 +0.000000E+00
 +0.110366E+01 -0.102170E+03 -0.144831E+03 -0.791375E+02 -0.739095E+02 +0.309761E+02 +0.000000E+00 +0.000000E+00 -0.134750E-02 -0.993331E-04 +0.000000E+00 +0.117709E-02 +0.000000E+00 +0.000000E+00
 +0.110366E+01 -0.102180E+03 -0.144692E+03 -0.790247E+02 -0.738265E+02 +0.307924E+02 +0.000000E+00 +0.000000E+00 -0.134645E-02 -0.987648E-04 +0.000000E+00 +0.117011E-02 +0.000000E+00 +0.000000E+00
 +0.110366E+01 -0.102190E+03 -0.144562E+03 -0.788931E+02 -0.737402E+02 +0.306071E+02 +0.000000E+00 +0.000000E+00 -0.134562E-02 -0.979047E-04 +0.000000E+00 +0.116307E-02 +0.000000E+00 +0.000000E+00
 +0.110366E+01 -0.102200E+03 -0.144432E+03 -0.787615E+02 -0.736539E+02 +0.304217E+02 +0.000000E+00 +0.000000E+00 -0.134479E-02 -0.970446E-04 +0.000000E+00 +0.115603E-02 +0.000000E+00 +0.000000E+00
 +0.110366E+01 -0.102210E+03 -0.144302E+03 -0.786299E+02 -0.735675E+02 +0.302364E+02 +0.000000E+00 +0.000000E+00 -0.134396E-02 -0.961846E-04 +0.000000E+00 +0.114898E-02 +0.000000E+00 +0.000000E+00
 +0.110366E+01 -0.102220E+03 -0.144172E+03 -0.784983E+02 -0.734812E+02 +0.300510E+02 +0.000000E+00 +0.000000E+00 -0.134313E-02 -0.953245E-04 +0.000000E+00 +0.114194E-02 +0.000000E+00 +0.000000E+00
 +0.110366E+01 -0.102230E+03 -0.144045E+03 -0.783659E+02 -0.733955E+02 +0.298713E+02 +0.000000E+00 +0.000000E+00 -0.134234E-02 -0.944364E-04 +0.000000E+00 +0.113511E-02 +0.000000E+00 +0.000000E+00
 +0.110366E+01 -0.102240E+03 -0.143924E+03 -0.782319E+02 -0.733113E+02 +0.297034E+02 +0.000000E+00 +0.000000E+00 -0.134163E-02 -0.934902E-04 +0.000000E+00 +0.112873E-02 +0.000000E+00 +0.000000E+00
 +0.110366E+01 -0.102250E+03 -0.143802E+03 -0.780979E+02 -0.732271E+02 +0.295354E+02 +0.000000E+00 +0.000000E+00 -0.134093E-02 -0.925440E-04 +0.000000E+00 +0.112235E-02 +0.000000E+00 +0.000000E+00
 +0.110366E+01 -0.102260E+03 -0.143681E+03 -0.779638E+02 -0.731429E+02 +0.293675E+02 +0.000000E+00 +0.000000E+00 -0.134023E-02 -0.915978E-04 +0.000000E+00 +0.111597E-02 +0.000000E+00 +0.000000E+00
 +0.110366E+01 -0.102270E+03 -0.143560E+03 -0.778298E+02 -0.730587E+02 +0.291996E+02 +0.000000E+00 +0.000000E+00 -0.133953E-02 -0.906516E-04 +0.000000E+00 +0.110958E-02 +0.000000E+00 +0.000000E+00
 +0.110366E+01 -0.102280E+03 -0.143439E+03 -0.776958E+02 -0.729745E+02 +0.290317E+02 +0.000000E+00 +0.000000E+00 -0.133883E-02 -0.897054E-04 +0.000000E+00 +0.110320E-02 +0.000000E+00 +0.000000E+00
 +0.110366E+01 -0.102290E+03 -0.143318E+03 -0.775618E+02 -0.728903E+02 +0.288637E+02 +0.000000E+00 +0.000000E+00 -0.133812E-02 -0.887592E-04 +0.000000E+00 +0.109682E-02 +0.000000E+00 +0.000000E+00
 +0.110366E+01 -0.102300E+03 -0.143197E+03 -0.774278E+02 -0.728061E+02 +0.286958E+02 +0.000000E+00 +0.000000E+00 -0.133742E-02 -0.878131E-04 +0.000000E+00 +0.109044E-02 +0.000000E+00 +0.000000E+00
 +0.110366E+01 -0.102310E+03 -0.143075E+03 -0.772938E+02 -0.727219E+02 +0.285279E+02 +0.000000E+00 +0.000000E+00 -0.133672E-02 -0.868669E-04 +0.000000E+00 +0.108406E-02 +0.000000E+00 +0.000000E+00
 +0.110366E+01 -0.102320E+03 -0.142955E+03 -0.771481E+02 -0.726341E+02 +0.283610E+02 +0.000000E+00 +0.000000E+00 -0.133610E-02 -0.857672E-04 +0.000000E+00 +0.107772E-02 +0.000000E+00 +0.000000E+00
 +0.110366E+01 -0.102330E+03 -0.142838E+03 -0.769926E+02 -0.725441E+02 +0.281955E+02 +0.000000E+00 +0.000000E+00 -0.133559E-02 -0.845208E-04 +0.000000E+00 +0.107143E-02 +0.000000E+00 +0.000000E+00
 +0.110366E+01 -0.102340E+03 -0.142721E+03 -0.768371E+02 -0.724542E+02 +0.280299E+02 +0.000000E+00 +0.000000E+00 -0.133507E-02 -0.832743E-04 +0.000000E+00 +0.106514E-02 +0.000000E+00 +0.000000E+00
 +0.110366E+01 -0.102350E+03 -0.142604E+03 -0.766815E+02 -0.723643E+02 +0.278644E+02 +0.000000E+00 +0.000000E+00 -0.133456E-02 -0.820279E-04 +0.000000E+00 +0.105885E-02 +0.000000E+00 +0.000000E+00
 +0.110366E+01 -0.102360E+03 -0.142487E+03 -0.765260E+02 -0.722743E+02 +0.276988E+02 +0.000000E+00 +0.000000E+00 -0.133404E-02 -0.807814E-04 +0.000000E+00 +0.105256E-02 +0.000000E+00 +0.000000E+00
 +0.110366E+01 -0.102370E+03 -0.142370E+03 -0.763704E+02 -0.721844E+02 +0.275333E+02 +0.000000E+00 +0.000000E+00 -0.133353E-02 -0.795350E-04 +0.000000E+00 +0.104626E-02 +0.000000E+00 +0.000000E+00
 +0.110366E+01 -0.102380E+03 -0.142253E+03 -0.762149E+02 -0.720944E+02 +0.273677E+02 +0.000000E+00 +0.000000E+00 -0.133301E-02 -0.782885E-04 +0.000000E+00 +0.103997E-02 +0.000000E+00 +0.000000E+00
 +0.110366E+01 -0.102390E+03 -0.142136E+03 -0.760593E+02 -0.720045E+02 +0.272022E+02 +0.000000E+00 +0.000000E+00 -0.133250E-02 -0.770421E-04 +0.000000E+00 +0.103368E-02 +0.000000E+00 +0.000000E+00
 +0.110366E+01 -0.102400E+03 -0.142019E+03 -0.759038E+02 -0.719145E+02 +0.270366E+02 +0.000000E+00 +0.000000E+00 -0.133199E-02 -0.757956E-04 +0.000000E+00 +0.102739E-02 +0.000000E+00 +0.000000E+00
 +0.110366E+01 -0.102410E+03 -0.141917E+03 -0.757669E+02 -0.718358E+02 +0.268780E+02 +0.000000E+00 +0.000000E+00 -0.133155E-02 -0.746910E-04 +0.000000E+00 +0.102136E-02 +0.000000E+00 +0.000000E+00
 +0.110366E+01 -0.102420E+03 -0.141820E+03 -0.756352E+02 -0.717602E+02 +0.267213E+02 +0.000000E+00 +0.000000E+00 -0.133113E-02 -0.736259E-04 +0.000000E+00 +0.101541E-02 +0.000000E+00 +0.000000E+00
 +0.110366E+01 -0.102430E+03 -0.141722E+03 -0.755036E+02 -0.716846E+02 +0.265647E+02 +0.000000E+00 +0.000000E+00 -0.133072E-02 -0.725609E-04 +0.000000E+00 +0.100946E-02 +0.000000E+00 +0.000000E+00
 +0.110366E+01 -0.102440E+03 -0.141619E+03 -0.753388E+02 -0.715961E+02 +0.264109E+02 +0.000000E+00 +0.000000E+00 -0.133044E-02 -0.711117E-04 +0.000000E+00 +0.100361E-02 +0.000000E+00 +0.000000E+00
 +0.110366E+01 -0.102450E+03 -0.141515E+03 -0.751721E+02 -0.715068E+02 +0.262573E+02 +0.000000E+00 +0.000000E+00 -0.133016E-02 -0.696401E-04 +0.000000E+00 +0.997778E-03 +0.000000E+00 +0.000000E+00
 +0.110366E+01 -0.102460E+03 -0.141411E+03 -0.750053E+02 -0.714175E+02 +0.261037E+02 +0.000000E+00 +0.000000E+00 -0.132988E-02 -0.681685E-04 +0.000000E+00 +0.991942E-03 +0.000000E+00 +0.000000E+00
 +0.110366E+01 -0.102470E+03 -0.141308E+03 -0.748386E+02 -0.713283E+02 +0.259502E+02 +0.000000E+00 +0.000000E+00 -0.132961E-02 -0.666969E-04 +0.000000E+00 +0.986106E-03 +0.000000E+00 +0.000000E+00
 +0.110366E+01 -0.102480E+03 -0.141204E+03 -0.746719E+02 -0.712390E+02 +0.257966E+02 +0.000000E+00 +0.000000E+00 -0.132933E-02 -0.652252E-04 +0.000000E+00 +0.980270E-03 +0.000000E+00 +0.000000E+00
 +0.110366E+01 -0.102490E+03 -0.141100E+03 -0.745052E+02 -0.711497E+02 +0.256430E+02 +0.000000E+00 +0.000000E+00 -0.132906E-02 -0.637536E-04 +0.000000E+00 +0.974434E-03 +0.000000E+00 +0.000000E+00
 +0.110366E+01 -0.102500E+03 -0.140996E+03 -0.743385E+02 -0.710605E+02 +0.254894E+02 +0.000000E+00 +0.000000E+00 -0.132878E-02 -0.622820E-04 +0.000000E+00 +0.968598E-03 +0.000000E+00 +0.000000E+00
 +0.110366E+01 -0.102510E+03 -0.140904E+03 -0.741903E+02 -0.709812E+02 +0.253413E+02 +0.000000E+00 +0.000000E+00 -0.132854E-02 -0.609732E-04 +0.000000E+00 +0.962969E-03 +0.000000E+00 +0.000000E+00
 +0.110366E+01 -0.102520E+03 -0.140826E+03 -0.740639E+02 -0.709136E+02 +0.251996E+02 +0.000000E+00 +0.000000E+00 -0.132833E-02 -0.598556E-04 +0.000000E+00 +0.957585E-03 +0.000000E+00 +0.000000E+00
 +0.110366E+01 -0.102530E+03 -0.140747E+03 -0.739374E+02 -0.708460E+02 +0.250579E+02 +0.000000E+00 +0.000000E+00 -0.132813E-02 -0.587381E-04 +0.000000E+00 +0.952201E-03 +0.000000E+00 +0.000000E+00
 +0.110366E+01 -0.102540E+03 -0.140669E+03 -0.738110E+02 -0.707783E+02 +0.249162E+02 +0.000000E+00 +0.000000E+00 -0.132792E-02 -0.576205E-04 +0.000000E+00 +0.946817E-03 +0.000000E+00 +0.000000E+00
 +0.110366E+01 -0.102550E+03 -0.140590E+03 -0.736846E+02 -0.707107E+02 +0.247745E+02 +0.000000E+00 +0.000000E+00 -0.132771E-02 -0.565029E-04 +0.000000E+00 +0.941433E-03 +0.000000E+00 +0.000000E+00
 +0.110366E+01 -0.102560E+03 -0.140512E+03 -0.735582E+02 -0.706431E+02 +0.246329E+02 +0.000000E+00 +0.000000E+00 -0.132751E-02 -0.553854E-04 +0.000000E+00 +0.936049E-03 +0.000000E+00 +0.000000E+00
 +0.110366E+01 -0.102570E+03 -0.140432E+03 -0.734226E+02 -0.705720E+02 +0.245009E+02 +0.000000E+00 +0.000000E+00 -0.132734E-02 -0.541617E-04 +0.000000E+00 +0.931033E-03 +0.000000E+00 +0.000000E+00
 +0.110366E+01 -0.102580E+03 -0.140352E+03 -0.732851E+02 -0.705001E+02 +0.243710E+02 +0.000000E+00 +0.000000E+00 -0.132718E-02 -0.529146E-04 +0.000000E+00 +0.926098E-03 +0.000000E+00 +0.000000E+00
 +0.110366E+01 -0.102590E+03 -0.140271E+03 -0.731476E+02 -0.704282E+02 +0.242411E+02 +0.000000E+00 +0.000000E+00 -0.132702E-02 -0.516676E-04 +0.000000E+00 +0.921162E-03 +0.000000E+00 +0.000000E+00
 +0.110366E+01 -0.102600E+03 -0.140191E+03 -0.730101E+02 -0.703564E+02 +0.241112E+02 +0.000000E+00 +0.000000E+00 -0.132686E-02 -0.504206E-04 +0.000000E+00 +0.916227E-03 +0.000000E+00 +0.000000E+00
 +0.110366E+01 -0.102610E+03 -0.140111E+03 -0.728726E+02 -0.702845E+02 +0.239814E+02 +0.000000E+00 +0.000000E+00 -0.132670E-02 -0.491735E-04 +0.000000E+00 +0.911292E-03 +0.000000E+00 +0.000000E+00
 +0.110366E+01 -0.102620E+03 -0.140030E+03 -0.727350E+02 -0.702126E+02 +0.238515E+02 +0.000000E+00 +0.000000E+00 -0.132654E-02 -0.479265E-04 +0.000000E+00 +0.906357E-03 +0.000000E+00 +0.000000E+00
 +0.110366E+01 -0.102630E+03 -0.139950E+03 -0.725975E+02 -0.701407E+02 +0.237216E+02 +0.000000E+00 +0.000000E+00 -0.132638E-02 -0.466795E-04 +0.000000E+00 +0.901421E-03 +0.000000E+00 +0.000000E+00
 +0.110366E+01 -0.102640E+03 -0.139870E+03 -0.724600E+02 -0.700688E+02 +0.235917E+02 +0.000000E+00 +0.000000E+00 -0.132622E-02 -0.454324E-04 +0.000000E+00 +0.896486E-03 +0.000000E+00 +0.000000E+00
 +0.110366E+01 -0.102650E+03 -0.139796E+03 -0.723323E+02 -0.700023E+02 +0.234643E+02 +0.000000E+00 +0.000000E+00 -0.132608E-02 -0.442696E-04 +0.000000E+00 +0.891643E-03 +0.000000E+00 +0.000000E+00
 +0.110366E+01 -0.102660E+03 -0.139724E+03 -0.722068E+02 -0.699370E+02 +0.233374E+02 +0.000000E+00 +0.000000E+00 -0.132594E-02 -0.431257E-04 +0.000000E+00 +0.886821E-03 +0.000000E+00 +0.000000E+00
 +0.110366E+01 -0.102670E+03 -0.139651E+03 -0.720813E+02 -0.698718E+02 +0.232105E+02 +0.000000E+00 +0.000000E+00 -0.132581E-02 -0.419818E-04 +0.000000E+00 +0.882000E-03 +0.000000E+00 +0.000000E+00
 +0.110366E+01 -0.102680E+03 -0.139579E+03 -0.719559E+02 -0.698065E+02 +0.230836E+02 +0.000000E+00 +0.000000E+00 -0.132568E-02 -0.408379E-04 +0.000000E+00 +0.877178E-03 +0.000000E+00 +0.000000E+00
 +0.110366E+01 -0.102690E+03 -0.139507E+03 -0.718304E+02 -0.697412E+02 +0.229567E+02 +0.000000E+00 +0.000000E+00 -0.132554E-02 -0.396940E-04 +0.000000E+00 +0.872356E-03 +0.000000E+00 +0.000000E+00
 +0.110366E+01 -0.102700E+03 -0.139434E+03 -0.717049E+02 -0.696760E+02 +0.228298E+02 +0.000000E+00 +0.000000E+00 -0.132541E-02 -0.385501E-04 +0.000000E+00 +0.867534E-03 +0.000000E+00 +0.000000E+00
 +0.110366E+01 -0.102710E+03 -0.139362E+03 -0.715794E+02 -0.696107E+02 +0.227029E+02 +0.000000E+00 +0.000000E+00 -0.132528E-02 -0.374062E-04 +0.000000E+00 +0.862712E-03 +0.000000E+00 +0.000000E+00
 +0.110366E+01 -0.102720E+03 -0.139294E+03 -0.714518E+02 -0.695461E+02 +0.225782E+02 +0.000000E+00 +0.000000E+00 -0.132521E-02 -0.362093E-04 +0.000000E+00 +0.857970E-03 +0.000000E+00 +0.000000E+00
 +0.110366E+01 -0.102730E+03 -0.139240E+03 -0.713166E+02 -0.694837E+02 +0.224608E+02 +0.000000E+00 +0.000000E+00 -0.132537E-02 -0.348253E-04 +0.000000E+00 +0.853512E-03 +0.000000E+00 +0.000000E+00
 +0.110366E+01 -0.102740E+03 -0.139186E+03 -0.711814E+02 -0.694213E+02 +0.223435E+02 +0.000000E+00 +0.000000E+00 -0.132553E-02 -0.334413E-04 +0.000000E+00 +0.849054E-03 +0.000000E+00 +0.000000E+00
 +0.110366E+01 -0.102750E+03 -0.139133E+03 -0.710462E+02 -0.693590E+02 +0.222262E+02 +0.000000E+00 +0.000000E+00 -0.132570E-02 -0.320573E-04 +0.000000E+00 +0.844596E-03 +0.000000E+00 +0.000000E+00
 +0.110366E+01 -0.102760E+03 -0.139079E+03 -0.709110E+02 -0.692966E+02 +0.221089E+02 +0.000000E+00 +0.000000E+00 -0.132586E-02 -0.306733E-04 +0.000000E+00 +0.840139E-03 +0.000000E+00 +0.000000E+00
 +0.110366E+01 -0.102770E+03 -0.139025E+03 -0.707758E+02 -0.692343E+02 +0.219916E+02 +0.000000E+00 +0.000000E+00 -0.132602E-02 -0.292892E-04 +0.000000E+00 +0.835681E-03 +0.000000E+00 +0.000000E+00
 +0.110366E+01 -0.102780E+03 -0.138971E+03 -0.706406E+02 -0.691719E+02 +0.218743E+02 +0.000000E+00 +0.000000E+00 -0.132619E-02 -0.279052E-04 +0.000000E+00 +0.831223E-03 +0.000000E+00 +0.000000E+00
 +0.110366E+01 -0.102790E+03 -0.138917E+03 -0.705054E+02 -0.691095E+02 +0.217570E+02 +0.000000E+00 +0.000000E+00 -0.132635E-02 -0.265212E-04 +0.000000E+00 +0.826765E-03 +0.000000E+00 +0.000000E+00
 +0.110366E+01 -0.102800E+03 -0.138861E+03 -0.703725E+02 -0.690472E+02 +0.216388E+02 +0.000000E+00 +0.000000E+00 -0.132647E-02 -0.251801E-04 +0.000000E+00 +0.822275E-03 +0.000000E+00 +0.000000E+00
 +0.110366E+01 -0.102810E+03 -0.138794E+03 -0.702515E+02 -0.689851E+02 +0.215163E+02 +0.000000E+00 +0.000000E+00 -0.132637E-02 -0.240611E-04 +0.000000E+00 +0.817618E-03 +0.000000E+00 +0.000000E+00
 +0.110366E+01 -0.102820E+03 -0.138727E+03 -0.701305E+02 -0.689230E+02 +0.213937E+02 +0.000000E+00 +0.000000E+00 -0.132628E-02 -0.229421E-04 +0.000000E+00 +0.812960E-03 +0.000000E+00 +0.000000E+00
 +0.110366E+01 -0.102830E+03 -0.138660E+03 -0.700094E+02 -0.688609E+02 +0.212711E+02 +0.000000E+00 +0.000000E+00 -0.132618E-02 -0.218231E-04 +0.000000E+00 +0.808303E-03 +0.000000E+00 +0.000000E+00
 +0.110366E+01 -0.102840E+03 -0.138593E+03 -0.698884E+02 -0.687987E+02 +0.211486E+02 +0.000000E+00 +0.000000E+00 -0.132608E-02 -0.207041E-04 +0.000000E+00 +0.803645E-03 +0.000000E+00 +0.000000E+00
 +0.110366E+01 -0.102850E+03 -0.138525E+03 -0.697674E+02 -0.687366E+02 +0.210260E+02 +0.000000E+00 +0.000000E+00 -0.132599E-02 -0.195851E-04 +0.000000E+00 +0.798988E-03 +0.000000E+00 +0.000000E+00
 +0.110366E+01 -0.102860E+03 -0.138458E+03 -0.696464E+02 -0.686745E+02 +0.209034E+02 +0.000000E+00 +0.000000E+00 -0.132589E-02 -0.184661E-04 +0.000000E+00 +0.794331E-03 +0.000000E+00 +0.000000E+00
 +0.110366E+01 -0.102870E+03 -0.138391E+03 -0.695254E+02 -0.686124E+02 +0.207809E+02 +0.000000E+00 +0.000000E+00 -0.132579E-02 -0.173471E-04 +0.000000E+00 +0.789673E-03 +0.000000E+00 +0.000000E+00
 +0.110366E+01 -0.102880E+03 -0.138324E+03 -0.694044E+02 -0.685503E+02 +0.206583E+02 +0.000000E+00 +0.000000E+00 -0.132570E-02 -0.162281E-04 +0.000000E+00 +0.785016E-03 +0.000000E+00 +0.000000E+00
 +0.110366E+01 -0.102890E+03 -0.138254E+03 -0.692503E+02 -0.684763E+02 +0.205412E+02 +0.000000E+00 +0.000000E+00 -0.132577E-02 -0.147073E-04 +0.000000E+00 +0.780565E-03 +0.000000E+00 +0.000000E+00
 +0.110366E+01 -0.102900E+03 -0.138182E+03 -0.690803E+02 -0.683965E+02 +0.204267E+02 +0.000000E+00 +0.000000E+00 -0.132592E-02 -0.129914E-04 +0.000000E+00 +0.776214E-03 +0.000000E+00 +0.000000E+00
 +0.110366E+01 -0.102910E+03 -0.138110E+03 -0.689102E+02 -0.683168E+02 +0.203122E+02 +0.000000E+00 +0.000000E+00 -0.132608E-02 -0.112754E-04 +0.000000E+00 +0.771862E-03 +0.000000E+00 +0.000000E+00
 +0.110366E+01 -0.102920E+03 -0.138039E+03 -0.687401E+02 -0.682370E+02 +0.201977E+02 +0.000000E+00 +0.000000E+00 -0.132623E-02 -0.955951E-05 +0.000000E+00 +0.767511E-03 +0.000000E+00 +0.000000E+00
 +0.110366E+01 -0.102930E+03 -0.137967E+03 -0.685701E+02 -0.681573E+02 +0.200832E+02 +0.000000E+00 +0.000000E+00 -0.132639E-02 -0.784359E-05 +0.000000E+00 +0.763160E-03 +0.000000E+00 +0.000000E+00
 +0.110366E+01 -0.102940E+03 -0.137895E+03 -0.684000E+02 -0.680775E+02 +0.199687E+02 +0.000000E+00 +0.000000E+00 -0.132654E-02 -0.612767E-05 +0.000000E+00 +0.758809E-03 +0.000000E+00 +0.000000E+00
 +0.110366E+01 -0.102950E+03 -0.137824E+03 -0.682299E+02 -0.679977E+02 +0.198542E+02 +0.000000E+00 +0.000000E+00 -0.132670E-02 -0.441174E-05 +0.000000E+00 +0.754458E-03 +0.000000E+00 +0.000000E+00
 +0.110366E+01 -0.102960E+03 -0.137754E+03 -0.680674E+02 -0.679211E+02 +0.197392E+02 +0.000000E+00 +0.000000E+00 -0.132683E-02 -0.278089E-05 +0.000000E+00 +0.750091E-03 +0.000000E+00 +0.000000E+00
 +0.110366E+01 -0.102970E+03 -0.137694E+03 -0.679468E+02 -0.678614E+02 +0.196220E+02 +0.000000E+00 +0.000000E+00 -0.132682E-02 -0.162207E-05 +0.000000E+00 +0.745637E-03 +0.000000E+00 +0.000000E+00
 +0.110366E+01 -0.102980E+03 -0.137634E+03 -0.678262E+02 -0.678018E+02 +0.195048E+02 +0.000000E+00 +0.000000E+00 -0.132681E-02 -0.463243E-06 +0.000000E+00 +0.741183E-03 +0.000000E+00 +0.000000E+00
 +0.110366E+01 -0.102990E+03 -0.137574E+03 -0.677055E+02 -0.677421E+02 +0.193876E+02 +0.000000E+00 +0.000000E+00 -0.132680E-02 +0.695580E-06 +0.000000E+00 +0.736729E-03 +0.000000E+00 +0.000000E+00
 +0.110366E+01 -0.103000E+03 -0.137514E+03 -0.675849E+02 -0.676825E+02 +0.192704E+02 +0.000000E+00 +0.000000E+00 -0.132679E-02 +0.185440E-05 +0.000000E+00 +0.732275E-03 +0.000000E+00 +0.000000E+00
 +0.110366E+01 -0.103010E+03 -0.137453E+03 -0.674642E+02 -0.676228E+02 +0.191532E+02 +0.000000E+00 +0.000000E+00 -0.132678E-02 +0.301323E-05 +0.000000E+00 +0.727820E-03 +0.000000E+00 +0.000000E+00
 +0.110366E+01 -0.103020E+03 -0.137393E+03 -0.673436E+02 -0.675632E+02 +0.190360E+02 +0.000000E+00 +0.000000E+00 -0.132677E-02 +0.417205E-05 +0.000000E+00 +0.723366E-03 +0.000000E+00 +0.000000E+00
 +0.110366E+01 -0.103030E+03 -0.137333E+03 -0.672230E+02 -0.675035E+02 +0.189187E+02 +0.000000E+00 +0.000000E+00 -0.132676E-02 +0.533087E-05 +0.000000E+00 +0.718912E-03 +0.000000E+00 +0.000000E+00
 +0.110366E+01 -0.103040E+03 -0.137273E+03 -0.671023E+02 -0.674439E+02 +0.188015E+02 +0.000000E+00 +0.000000E+00 -0.132675E-02 +0.648969E-05 +0.000000E+00 +0.714458E-03 +0.000000E+00 +0.000000E+00
 +0.110366E+01 -0.103050E+03 -0.137213E+03 -0.669817E+02 -0.673842E+02 +0.186843E+02 +0.000000E+00 +0.000000E+00 -0.132675E-02 +0.764852E-05 +0.000000E+00 +0.710004E-03 +0.000000E+00 +0.000000E+00
 +0.110366E+01 -0.103060E+03 -0.137175E+03 -0.668588E+02 -0.673313E+02 +0.185770E+02 +0.000000E+00 +0.000000E+00 -0.132704E-02 +0.897745E-05 +0.000000E+00 +0.705928E-03 +0.000000E+00 +0.000000E+00
 +0.110366E+01 -0.103070E+03 -0.137148E+03 -0.667350E+02 -0.672813E+02 +0.184740E+02 +0.000000E+00 +0.000000E+00 -0.132746E-02 +0.103782E-04 +0.000000E+00 +0.702011E-03 +0.000000E+00 +0.000000E+00
 +0.110366E+01 -0.103080E+03 -0.137120E+03 -0.666112E+02 -0.672312E+02 +0.183709E+02 +0.000000E+00 +0.000000E+00 -0.132788E-02 +0.117790E-04 +0.000000E+00 +0.698093E-03 +0.000000E+00 +0.000000E+00
 +0.110366E+01 -0.103090E+03 -0.137092E+03 -0.664875E+02 -0.671811E+02 +0.182678E+02 +0.000000E+00 +0.000000E+00 -0.132830E-02 +0.131798E-04 +0.000000E+00 +0.694176E-03 +0.000000E+00 +0.000000E+00
 +0.110366E+01 -0.103100E+03 -0.137064E+03 -0.663637E+02 -0.671311E+02 +0.181647E+02 +0.000000E+00 +0.000000E+00 -0.132872E-02 +0.145806E-04 +0.000000E+00 +0.690259E-03 +0.000000E+00 +0.000000E+00
 +0.110366E+01 -0.103110E+03 -0.137036E+03 -0.662399E+02 -0.670810E+02 +0.180616E+02 +0.000000E+00 +0.000000E+00 -0.132914E-02 +0.159814E-04 +0.000000E+00 +0.686342E-03 +0.000000E+00 +0.000000E+00
 +0.110366E+01 -0.103120E+03 -0.137008E+03 -0.661161E+02 -0.670309E+02 +0.179586E+02 +0.000000E+00 +0.000000E+00 -0.132956E-02 +0.173822E-04 +0.000000E+00 +0.682425E-03 +0.000000E+00 +0.000000E+00
 +0.110366E+01 -0.103130E+03 -0.136968E+03 -0.659968E+02 -0.669784E+02 +0.178703E+02 +0.000000E+00 +0.000000E+00 -0.132980E-02 +0.186498E-04 +0.000000E+00 +0.679072E-03 +0.000000E+00 +0.000000E+00
 +0.110366E+01 -0.103140E+03 -0.136927E+03 -0.658778E+02 -0.669257E+02 +0.177827E+02 +0.000000E+00 +0.000000E+00 -0.133003E-02 +0.199114E-04 +0.000000E+00 +0.675743E-03 +0.000000E+00 +0.000000E+00
 +0.110366E+01 -0.103150E+03 -0.136887E+03 -0.657587E+02 -0.668731E+02 +0.176951E+02 +0.000000E+00 +0.000000E+00 -0.133026E-02 +0.211731E-04 +0.000000E+00 +0.672414E-03 +0.000000E+00 +0.000000E+00
 +0.110366E+01 -0.103160E+03 -0.136846E+03 -0.656396E+02 -0.668204E+02 +0.176075E+02 +0.000000E+00 +0.000000E+00 -0.133050E-02 +0.224348E-04 +0.000000E+00 +0.669086E-03 +0.000000E+00 +0.000000E+00
 +0.110366E+01 -0.103170E+03 -0.136806E+03 -0.655206E+02 -0.667678E+02 +0.175199E+02 +0.000000E+00 +0.000000E+00 -0.133073E-02 +0.236965E-04 +0.000000E+00 +0.665757E-03 +0.000000E+00 +0.000000E+00
 +0.110366E+01 -0.103180E+03 -0.136765E+03 -0.654015E+02 -0.667151E+02 +0.174323E+02 +0.000000E+00 +0.000000E+00 -0.133096E-02 +0.249582E-04 +0.000000E+00 +0.662428E-03 +0.000000E+00 +0.000000E+00
 +0.110366E+01 -0.103190E+03 -0.136725E+03 -0.652825E+02 -0.666625E+02 +0.173447E+02 +0.000000E+00 +0.000000E+00 -0.133119E-02 +0.262198E-04 +0.000000E+00 +0.659099E-03 +0.000000E+00 +0.000000E+00
 +0.110366E+01 -0.103200E+03 -0.136684E+03 -0.651634E+02 -0.666098E+02 +0.172571E+02 +0.000000E+00 +0.000000E+00 -0.133142E-02 +0.274815E-04 +0.000000E+00 +0.655771E-03 +0.000000E+00 +0.000000E+00
 +0.110366E+01 -0.103210E+03 -0.136644E+03 -0.650443E+02 -0.665571E+02 +0.171695E+02 +0.000000E+00 +0.000000E+00 -0.133165E-02 +0.287432E-04 +0.000000E+00 +0.652442E-03 +0.000000E+00 +0.000000E+00
 +0.110366E+01 -0.103220E+03 -0.136603E+03 -0.649253E+02 -0.665045E+02 +0.170819E+02 +0.000000E+00 +0.000000E+00 -0.133188E-02 +0.300049E-04 +0.000000E+00 +0.649113E-03 +0.000000E+00 +0.000000E+00
 +0.110366E+01 -0.103230E+03 -0.136563E+03 -0.648062E+02 -0.664518E+02 +0.169943E+02 +0.000000E+00 +0.000000E+00 -0.133211E-02 +0.312666E-04 +0.000000E+00 +0.645785E-03 +0.000000E+00 +0.000000E+00
 +0.110366E+01 -0.103240E+03 -0.136522E+03 -0.646872E+02 -0.663992E+02 +0.169067E+02 +0.000000E+00 +0.000000E+00 -0.133234E-02 +0.325282E-04 +0.000000E+00 +0.642456E-03 +0.000000E+00 +0.000000E+00
 +0.110366E+01 -0.103250E+03 -0.136482E+03 -0.645681E+02 -0.663465E+02 +0.168191E+02 +0.000000E+00 +0.000000E+00 -0.133257E-02 +0.337899E-04 +0.000000E+00 +0.639127E-03 +0.000000E+00 +0.000000E+00
 +0.110366E+01 -0.103260E+03 -0.136441E+03 -0.644491E+02 -0.662939E+02 +0.167315E+02 +0.000000E+00 +0.000000E+00 -0.133280E-02 +0.350516E-04 +0.000000E+00 +0.635798E-03 +0.000000E+00 +0.000000E+00
 +0.110366E+01 -0.103270E+03 -0.136401E+03 -0.643300E+02 -0.662412E+02 +0.166439E+02 +0.000000E+00 +0.000000E+00 -0.133304E-02 +0.363133E-04 +0.000000E+00 +0.632470E-03 +0.000000E+00 +0.000000E+00
 +0.110366E+01 -0.103280E+03 -0.136360E+03 -0.642109E+02 -0.661886E+02 +0.165563E+02 +0.000000E+00 +0.000000E+00 -0.133327E-02 +0.375750E-04 +0.000000E+00 +0.629141E-03 +0.000000E+00 +0.000000E+00
 +0.110366E+01 -0.103290E+03 -0.136320E+03 -0.640919E+02 -0.661359E+02 +0.164687E+02 +0.000000E+00 +0.000000E+00 -0.133350E-02 +0.388366E-04 +0.000000E+00 +0.625812E-03 +0.000000E+00 +0.000000E+00
 +0.110366E+01 -0.103300E+03 -0.136279E+03 -0.639728E+02 -0.660833E+02 +0.163811E+02 +0.000000E+00 +0.000000E+00 -0.133373E-02 +0.400983E-04 +0.000000E+00 +0.622484E-03 +0.000000E+00 +0.000000E+00
 +0.110366E+01 -0.103310E+03 -0.136239E+03 -0.638538E+02 -0.660306E+02 +0.162935E+02 +0.000000E+00 +0.000000E+00 -0.133396E-02 +0.413600E-04 +0.000000E+00 +0.619155E-03 +0.000000E+00 +0.000000E+00
 +0.110366E+01 -0.103320E+03 -0.136196E+03 -0.637104E+02 -0.659690E+02 +0.161961E+02 +0.000000E+00 +0.000000E+00 -0.133431E-02 +0.429128E-04 +0.000000E+00 +0.615452E-03 +0.000000E+00 +0.000000E+00
 +0.110366E+01 -0.103330E+03 -0.136152E+03 -0.635644E+02 -0.659063E+02 +0.160976E+02 +0.000000E+00 +0.000000E+00 -0.133466E-02 +0.444968E-04 +0.000000E+00 +0.611708E-03 +0.000000E+00 +0.000000E+00
 +0.110366E+01 -0.103340E+03 -0.136108E+03 -0.634184E+02 -0.658437E+02 +0.159991E+02 +0.000000E+00 +0.000000E+00 -0.133502E-02 +0.460809E-04 +0.000000E+00 +0.607965E-03 +0.000000E+00 +0.000000E+00
 +0.110366E+01 -0.103350E+03 -0.136064E+03 -0.632724E+02 -0.657811E+02 +0.159006E+02 +0.000000E+00 +0.000000E+00 -0.133538E-02 +0.476649E-04 +0.000000E+00 +0.604221E-03 +0.000000E+00 +0.000000E+00
 +0.110366E+01 -0.103360E+03 -0.136020E+03 -0.631264E+02 -0.657185E+02 +0.158020E+02 +0.000000E+00 +0.000000E+00 -0.133574E-02 +0.492490E-04 +0.000000E+00 +0.600478E-03 +0.000000E+00 +0.000000E+00
 +0.110366E+01 -0.103370E+03 -0.135977E+03 -0.629804E+02 -0.656559E+02 +0.157035E+02 +0.000000E+00 +0.000000E+00 -0.133610E-02 +0.508330E-04 +0.000000E+00 +0.596734E-03 +0.000000E+00 +0.000000E+00
 +0.110366E+01 -0.103380E+03 -0.135933E+03 -0.628345E+02 -0.655932E+02 +0.156050E+02 +0.000000E+00 +0.000000E+00 -0.133645E-02 +0.524171E-04 +0.000000E+00 +0.592991E-03 +0.000000E+00 +0.000000E+00
 +0.110366E+01 -0.103390E+03 -0.135889E+03 -0.626885E+02 -0.655306E+02 +0.155065E+02 +0.000000E+00 +0.000000E+00 -0.133681E-02 +0.540011E-04 +0.000000E+00 +0.589247E-03 +0.000000E+00 +0.000000E+00
 +0.110366E+01 -0.103400E+03 -0.135845E+03 -0.625425E+02 -0.654680E+02 +0.154080E+02 +0.000000E+00 +0.000000E+00 -0.133717E-02 +0.555852E-04 +0.000000E+00 +0.585504E-03 +0.000000E+00 +0.000000E+00
 +0.110366E+01 -0.103410E+03 -0.135802E+03 -0.623965E+02 -0.654054E+02 +0.153095E+02 +0.000000E+00 +0.000000E+00 -0.133753E-02 +0.571692E-04 +0.000000E+00 +0.581760E-03 +0.000000E+00 +0.000000E+00
 +0.110366E+01 -0.103420E+03 -0.135758E+03 -0.622505E+02 -0.653428E+02 +0.152110E+02 +0.000000E+00 +0.000000E+00 -0.133789E-02 +0.587532E-04 +0.000000E+00 +0.578017E-03 +0.000000E+00 +0.000000E+00
 +0.110366E+01 -0.103430E+03 -0.135714E+03 -0.621045E+02 -0.652802E+02 +0.151125E+02 +0.000000E+00 +0.000000E+00 -0.133825E-02 +0.603373E-04 +0.000000E+00 +0.574274E-03 +0.000000E+00 +0.000000E+00
 +0.110366E+01 -0.103440E+03 -0.135670E+03 -0.619585E+02 -0.652175E+02 +0.150140E+02 +0.000000E+00 +0.000000E+00 -0.133860E-02 +0.619213E-04 +0.000000E+00 +0.570530E-03 +0.000000E+00 +0.000000E+00
 +0.110366E+01 -0.103450E+03 -0.135627E+03 -0.618125E+02 -0.651549E+02 +0.149154E+02 +0.000000E+00 +0.000000E+00 -0.133896E-02 +0.635054E-04 +0.000000E+00 +0.566787E-03 +0.000000E+00 +0.000000E+00
 +0.110366E+01 -0.103460E+03 -0.135583E+03 -0.616665E+02 -0.650923E+02 +0.148169E+02 +0.000000E+00 +0.000000E+00 -0.133932E-02 +0.650894E-04 +0.000000E+00 +0.563043E-03 +0.000000E+00 +0.000000E+00
 +0.110366E+01 -0.103470E+03 -0.135539E+03 -0.615206E+02 -0.650297E+02 +0.147184E+02 +0.000000E+00 +0.000000E+00 -0.133968E-02 +0.666735E-04 +0.000000E+00 +0.559300E-03 +0.000000E+00 +0.000000E+00
 +0.110366E+01 -0.103480E+03 -0.135495E+03 -0.613746E+02 -0.649671E+02 +0.146199E+02 +0.000000E+00 +0.000000E+00 -0.134004E-02 +0.682575E-04 +0.000000E+00 +0.555556E-03 +0.000000E+00 +0.000000E+00
 +0.110366E+01 -0.103490E+03 -0.135452E+03 -0.612286E+02 -0.649045E+02 +0.145214E+02 +0.000000E+00 +0.000000E+00 -0.134040E-02 +0.698416E-04 +0.000000E+00 +0.551813E-03 +0.000000E+00 +0.000000E+00
 +0.110366E+01 -0.103500E+03 -0.135408E+03 -0.610826E+02 -0.648418E+02 +0.144229E+02 +0.000000E+00 +0.000000E+00 -0.134075E-02 +0.714256E-04 +0.000000E+00 +0.548069E-03 +0.000000E+00 +0.000000E+00
 +0.110366E+01 -0.103510E+03 -0.135364E+03 -0.609366E+02 -0.647792E+02 +0.143244E+02 +0.000000E+00 +0.000000E+00 -0.134111E-02 +0.730097E-04 +0.000000E+00 +0.544326E-03 +0.000000E+00 +0.000000E+00
 +0.110366E+01 -0.103520E+03 -0.135320E+03 -0.607906E+02 -0.647166E+02 +0.142259E+02 +0.000000E+00 +0.000000E+00 -0.134147E-02 +0.745937E-04 +0.000000E+00 +0.540582E-03 +0.000000E+00 +0.000000E+00
 +0.110366E+01 -0.103530E+03 -0.135278E+03 -0.606514E+02 -0.646567E+02 +0.141290E+02 +0.000000E+00 +0.000000E+00 -0.134180E-02 +0.761001E-04 +0.000000E+00 +0.536900E-03 +0.000000E+00 +0.000000E+00
 +0.110366E+01 -0.103540E+03 -0.135251E+03 -0.605906E+02 -0.646278E+02 +0.140508E+02 +0.000000E+00 +0.000000E+00 -0.134184E-02 +0.767058E-04 +0.000000E+00 +0.533929E-03 +0.000000E+00 +0.000000E+00
 +0.110366E+01 -0.103550E+03 -0.135224E+03 -0.605299E+02 -0.645989E+02 +0.139726E+02 +0.000000E+00 +0.000000E+00 -0.134188E-02 +0.773116E-04 +0.000000E+00 +0.530957E-03 +0.000000E+00 +0.000000E+00
 +0.110366E+01 -0.103560E+03 -0.135198E+03 -0.604691E+02 -0.645700E+02 +0.138944E+02 +0.000000E+00 +0.000000E+00 -0.134192E-02 +0.779174E-04 +0.000000E+00 +0.527986E-03 +0.000000E+00 +0.000000E+00
 +0.110366E+01 -0.103570E+03 -0.135171E+03 -0.604083E+02 -0.645411E+02 +0.138162E+02 +0.000000E+00 +0.000000E+00 -0.134196E-02 +0.785231E-04 +0.000000E+00 +0.525014E-03 +0.000000E+00 +0.000000E+00
 +0.110366E+01 -0.103580E+03 -0.135144E+03 -0.603475E+02 -0.645122E+02 +0.137380E+02 +0.000000E+00 +0.000000E+00 -0.134200E-02 +0.791289E-04 +0.000000E+00 +0.522043E-03 +0.000000E+00 +0.000000E+00
 +0.110366E+01 -0.103590E+03 -0.135117E+03 -0.602868E+02 -0.644833E+02 +0.136598E+02 +0.000000E+00 +0.000000E+00 -0.134204E-02 +0.797347E-04 +0.000000E+00 +0.519071E-03 +0.000000E+00 +0.000000E+00
 +0.110366E+01 -0.103600E+03 -0.135090E+03 -0.602260E+02 -0.644544E+02 +0.135816E+02 +0.000000E+00 +0.000000E+00 -0.134208E-02 +0.803405E-04 +0.000000E+00 +0.516100E-03 +0.000000E+00 +0.000000E+00
 +0.110366E+01 -0.103610E+03 -0.135064E+03 -0.601652E+02 -0.644255E+02 +0.135034E+02 +0.000000E+00 +0.000000E+00 -0.134213E-02 +0.809462E-04 +0.000000E+00 +0.513128E-03 +0.000000E+00 +0.000000E+00
 +0.110366E+01 -0.103620E+03 -0.135037E+03 -0.601044E+02 -0.643966E+02 +0.134252E+02 +0.000000E+00 +0.000000E+00 -0.134217E-02 +0.815520E-04 +0.000000E+00 +0.510156E-03 +0.000000E+00 +0.000000E+00
 +0.110366E+01 -0.103630E+03 -0.135010E+03 -0.600437E+02 -0.643678E+02 +0.133470E+02 +0.000000E+00 +0.000000E+00 -0.134221E-02 +0.821578E-04 +0.000000E+00 +0.507185E-03 +0.000000E+00 +0.000000E+00
 +0.110366E+01 -0.103640E+03 -0.134983E+03 -0.599829E+02 -0.643389E+02 +0.132688E+02 +0.000000E+00 +0.000000E+00 -0.134225E-02 +0.827636E-04 +0.000000E+00 +0.504213E-03 +0.000000E+00 +0.000000E+00
 +0.110366E+01 -0.103650E+03 -0.134957E+03 -0.599221E+02 -0.643100E+02 +0.131906E+02 +0.000000E+00 +0.000000E+00 -0.134229E-02 +0.833693E-04 +0.000000E+00 +0.501242E-03 +0.000000E+00 +0.000000E+00
 +0.110366E+01 -0.103660E+03 -0.134930E+03 -0.598613E+02 -0.642811E+02 +0.131124E+02 +0.000000E+00 +0.000000E+00 -0.134233E-02 +0.839751E-04 +0.000000E+00 +0.498270E-03 +0.000000E+00 +0.000000E+00
 +0.110366E+01 -0.103670E+03 -0.134903E+03 -0.598006E+02 -0.642522E+02 +0.130342E+02 +0.000000E+00 +0.000000E+00 -0.134237E-02 +0.845809E-04 +0.000000E+00 +0.495299E-03 +0.000000E+00 +0.000000E+00
 +0.110366E+01 -0.103680E+03 -0.134876E+03 -0.597398E+02 -0.642233E+02 +0.129560E+02 +0.000000E+00 +0.000000E+00 -0.134241E-02 +0.851867E-04 +0.000000E+00 +0.492327E-03 +0.000000E+00 +0.000000E+00
 +0.110366E+01 -0.103690E+03 -0.134850E+03 -0.596790E+02 -0.641944E+02 +0.128778E+02 +0.000000E+00 +0.000000E+00 -0.134245E-02 +0.857924E-04 +0.000000E+00 +0.489356E-03 +0.000000E+00 +0.000000E+00
 +0.110366E+01 -0.103700E+03 -0.134823E+03 -0.596183E+02 -0.641655E+02 +0.127996E+02 +0.000000E+00 +0.000000E+00 -0.134249E-02 +0.863982E-04 +0.000000E+00 +0.486384E-03 +0.000000E+00 +0.000000E+00
 +0.110366E+01 -0.103710E+03 -0.134800E+03 -0.595514E+02 -0.641360E+02 +0.127233E+02 +0.000000E+00 +0.000000E+00 -0.134262E-02 +0.871069E-04 +0.000000E+00 +0.483484E-03 +0.000000E+00 +0.000000E+00
 +0.110366E+01 -0.103720E+03 -0.134798E+03 -0.594549E+02 -0.641035E+02 +0.126562E+02 +0.000000E+00 +0.000000E+00 -0.134320E-02 +0.883243E-04 +0.000000E+00 +0.480935E-03 +0.000000E+00 +0.000000E+00
 +0.110366E+01 -0.103730E+03 -0.134796E+03 -0.593583E+02 -0.640710E+02 +0.125891E+02 +0.000000E+00 +0.000000E+00 -0.134378E-02 +0.895417E-04 +0.000000E+00 +0.478386E-03 +0.000000E+00 +0.000000E+00
 +0.110366E+01 -0.103740E+03 -0.134794E+03 -0.592617E+02 -0.640385E+02 +0.125220E+02 +0.000000E+00 +0.000000E+00 -0.134436E-02 +0.907591E-04 +0.000000E+00 +0.475837E-03 +0.000000E+00 +0.000000E+00
 +0.110366E+01 -0.103750E+03 -0.134792E+03 -0.591651E+02 -0.640060E+02 +0.124550E+02 +0.000000E+00 +0.000000E+00 -0.134494E-02 +0.919765E-04 +0.000000E+00 +0.473288E-03 +0.000000E+00 +0.000000E+00
 +0.110366E+01 -0.103760E+03 -0.134790E+03 -0.590685E+02 -0.639734E+02 +0.123879E+02 +0.000000E+00 +0.000000E+00 -0.134552E-02 +0.931939E-04 +0.000000E+00 +0.470739E-03 +0.000000E+00 +0.000000E+00
 +0.110366E+01 -0.103770E+03 -0.134788E+03 -0.589719E+02 -0.639409E+02 +0.123208E+02 +0.000000E+00 +0.000000E+00 -0.134610E-02 +0.944113E-04 +0.000000E+00 +0.468191E-03 +0.000000E+00 +0.000000E+00
 +0.110366E+01 -0.103780E+03 -0.134787E+03 -0.588753E+02 -0.639084E+02 +0.122537E+02 +0.000000E+00 +0.000000E+00 -0.134668E-02 +0.956287E-04 +0.000000E+00 +0.465642E-03 +0.000000E+00 +0.000000E+00
 +0.110366E+01 -0.103790E+03 -0.134785E+03 -0.587787E+02 -0.638759E+02 +0.121867E+02 +0.000000E+00 +0.000000E+00 -0.134727E-02 +0.968461E-04 +0.000000E+00 +0.463093E-03 +0.000000E+00 +0.000000E+00
 +0.110366E+01 -0.103800E+03 -0.134783E+03 -0.586821E+02 -0.638434E+02 +0.121196E+02 +0.000000E+00 +0.000000E+00 -0.134785E-02 +0.980635E-04 +0.000000E+00 +0.460544E-03 +0.000000E+00 +0.000000E+00
 +0.110366E+01 -0.103810E+03 -0.134781E+03 -0.585856E+02 -0.638109E+02 +0.120525E+02 +0.000000E+00 +0.000000E+00 -0.134843E-02 +0.992809E-04 +0.000000E+00 +0.457995E-03 +0.000000E+00 +0.000000E+00
 +0.110366E+01 -0.103820E+03 -0.134779E+03 -0.584890E+02 -0.637784E+02 +0.119854E+02 +0.000000E+00 +0.000000E+00 -0.134901E-02 +0.100498E-03 +0.000000E+00 +0.455446E-03 +0.000000E+00 +0.000000E+00
 +0.110366E+01 -0.103830E+03 -0.134777E+03 -0.583924E+02 -0.637458E+02 +0.119184E+02 +0.000000E+00 +0.000000E+00 -0.134959E-02 +0.101716E-03 +0.000000E+00 +0.452897E-03 +0.000000E+00 +0.000000E+00
 +0.110366E+01 -0.103840E+03 -0.134775E+03 -0.582958E+02 -0.637133E+02 +0.118513E+02 +0.000000E+00 +0.000000E+00 -0.135017E-02 +0.102933E-03 +0.000000E+00 +0.450349E-03 +0.000000E+00 +0.000000E+00
 +0.110366E+01 -0.103850E+03 -0.134773E+03 -0.581992E+02 -0.636808E+02 +0.117842E+02 +0.000000E+00 +0.000000E+00 -0.135075E-02 +0.104150E-03 +0.000000E+00 +0.447800E-03 +0.000000E+00 +0.000000E+00
 +0.110366E+01 -0.103860E+03 -0.134771E+03 -0.581026E+02 -0.636483E+02 +0.117171E+02 +0.000000E+00 +0.000000E+00 -0.135133E-02 +0.105368E-03 +0.000000E+00 +0.445251E-03 +0.000000E+00 +0.000000E+00
 +0.110366E+01 -0.103870E+03 -0.134755E+03 -0.580126E+02 -0.636132E+02 +0.116604E+02 +0.000000E+00 +0.000000E+00 -0.135169E-02 +0.106410E-03 +0.000000E+00 +0.443095E-03 +0.000000E+00 +0.000000E+00
 +0.110366E+01 -0.103880E+03 -0.134730E+03 -0.579263E+02 -0.635766E+02 +0.116095E+02 +0.000000E+00 +0.000000E+00 -0.135191E-02 +0.107355E-03 +0.000000E+00 +0.441160E-03 +0.000000E+00 +0.000000E+00
 +0.110366E+01 -0.103890E+03 -0.134705E+03 -0.578400E+02 -0.635400E+02 +0.115586E+02 +0.000000E+00 +0.000000E+00 -0.135214E-02 +0.108299E-03 +0.000000E+00 +0.439225E-03 +0.000000E+00 +0.000000E+00
 +0.110366E+01 -0.103900E+03 -0.134681E+03 -0.577537E+02 -0.635034E+02 +0.115076E+02 +0.000000E+00 +0.000000E+00 -0.135237E-02 +0.109243E-03 +0.000000E+00 +0.437290E-03 +0.000000E+00 +0.000000E+00
 +0.110366E+01 -0.103910E+03 -0.134656E+03 -0.576674E+02 -0.634667E+02 +0.114567E+02 +0.000000E+00 +0.000000E+00 -0.135260E-02 +0.110187E-03 +0.000000E+00 +0.435356E-03 +0.000000E+00 +0.000000E+00
 +0.110366E+01 -0.103920E+03 -0.134631E+03 -0.575811E+02 -0.634301E+02 +0.114058E+02 +0.000000E+00 +0.000000E+00 -0.135282E-02 +0.111132E-03 +0.000000E+00 +0.433421E-03 +0.000000E+00 +0.000000E+00
 +0.110366E+01 -0.103930E+03 -0.134607E+03 -0.574948E+02 -0.633935E+02 +0.113549E+02 +0.000000E+00 +0.000000E+00 -0.135305E-02 +0.112076E-03 +0.000000E+00 +0.431486E-03 +0.000000E+00 +0.000000E+00
 +0.110366E+01 -0.103940E+03 -0.134582E+03 -0.574085E+02 -0.633569E+02 +0.113040E+02 +0.000000E+00 +0.000000E+00 -0.135328E-02 +0.113020E-03 +0.000000E+00 +0.429551E-03 +0.000000E+00 +0.000000E+00
 +0.110366E+01 -0.103950E+03 -0.134558E+03 -0.573222E+02 -0.633203E+02 +0.112531E+02 +0.000000E+00 +0.000000E+00 -0.135351E-02 +0.113964E-03 +0.000000E+00 +0.427617E-03 +0.000000E+00 +0.000000E+00
 +0.110366E+01 -0.103960E+03 -0.134533E+03 -0.572359E+02 -0.632837E+02 +0.112022E+02 +0.000000E+00 +0.000000E+00 -0.135374E-02 +0.114909E-03 +0.000000E+00 +0.425682E-03 +0.000000E+00 +0.000000E+00
 +0.110366E+01 -0.103970E+03 -0.134508E+03 -0.571496E+02 -0.632471E+02 +0.111512E+02 +0.000000E+00 +0.000000E+00 -0.135396E-02 +0.115853E-03 +0.000000E+00 +0.423747E-03 +0.000000E+00 +0.000000E+00
 +0.110366E+01 -0.103980E+03 -0.134484E+03 -0.570633E+02 -0.632105E+02 +0.111003E+02 +0.000000E+00 +0.000000E+00 -0.135419E-02 +0.116797E-03 +0.000000E+00 +0.421812E-03 +0.000000E+00 +0.000000E+00
 +0.110366E+01 -0.103990E+03 -0.134459E+03 -0.569770E+02 -0.631739E+02 +0.110494E+02 +0.000000E+00 +0.000000E+00 -0.135442E-02 +0.117741E-03 +0.000000E+00 +0.419878E-03 +0.000000E+00 +0.000000E+00
 +0.110366E+01 -0.104000E+03 -0.134435E+03 -0.568907E+02 -0.631373E+02 +0.109985E+02 +0.000000E+00 +0.000000E+00 -0.135465E-02 +0.118685E-03 +0.000000E+00 +0.417943E-03 +0.000000E+00 +0.000000E+00
 +0.110366E+01 -0.104010E+03 -0.134410E+03 -0.568044E+02 -0.631007E+02 +0.109476E+02 +0.000000E+00 +0.000000E+00 -0.135487E-02 +0.119630E-03 +0.000000E+00 +0.416008E-03 +0.000000E+00 +0.000000E+00
 +0.110366E+01 -0.104020E+03 -0.134385E+03 -0.567181E+02 -0.630641E+02 +0.108967E+02 +0.000000E+00 +0.000000E+00 -0.135510E-02 +0.120574E-03 +0.000000E+00 +0.414073E-03 +0.000000E+00 +0.000000E+00
 +0.110366E+01 -0.104030E+03 -0.134361E+03 -0.566318E+02 -0.630275E+02 +0.108457E+02 +0.000000E+00 +0.000000E+00 -0.135533E-02 +0.121518E-03 +0.000000E+00 +0.412138E-03 +0.000000E+00 +0.000000E+00
 +0.110366E+01 -0.104040E+03 -0.134336E+03 -0.565455E+02 -0.629909E+02 +0.107948E+02 +0.000000E+00 +0.000000E+00 -0.135556E-02 +0.122462E-03 +0.000000E+00 +0.410204E-03 +0.000000E+00 +0.000000E+00
 +0.110366E+01 -0.104050E+03 -0.134311E+03 -0.564592E+02 -0.629543E+02 +0.107439E+02 +0.000000E+00 +0.000000E+00 -0.135579E-02 +0.123407E-03 +0.000000E+00 +0.408269E-03 +0.000000E+00 +0.000000E+00
 +0.110366E+01 -0.104060E+03 -0.134287E+03 -0.563729E+02 -0.629177E+02 +0.106930E+02 +0.000000E+00 +0.000000E+00 -0.135601E-02 +0.124351E-03 +0.000000E+00 +0.406334E-03 +0.000000E+00 +0.000000E+00
 +0.110366E+01 -0.104070E+03 -0.134262E+03 -0.562866E+02 -0.628811E+02 +0.106421E+02 +0.000000E+00 +0.000000E+00 -0.135624E-02 +0.125295E-03 +0.000000E+00 +0.404399E-03 +0.000000E+00 +0.000000E+00
 +0.110366E+01 -0.104080E+03 -0.134238E+03 -0.562003E+02 -0.628445E+02 +0.105912E+02 +0.000000E+00 +0.000000E+00 -0.135647E-02 +0.126239E-03 +0.000000E+00 +0.402465E-03 +0.000000E+00 +0.000000E+00
 +0.110366E+01 -0.104090E+03 -0.134213E+03 -0.561140E+02 -0.628079E+02 +0.105403E+02 +0.000000E+00 +0.000000E+00 -0.135670E-02 +0.127183E-03 +0.000000E+00 +0.400530E-03 +0.000000E+00 +0.000000E+00
 +0.110366E+01 -0.104100E+03 -0.134188E+03 -0.560277E+02 -0.627713E+02 +0.104893E+02 +0.000000E+00 +0.000000E+00 -0.135692E-02 +0.128128E-03 +0.000000E+00 +0.398595E-03 +0.000000E+00 +0.000000E+00
 +0.110366E+01 -0.104110E+03 -0.134164E+03 -0.559414E+02 -0.627347E+02 +0.104384E+02 +0.000000E+00 +0.000000E+00 -0.135715E-02 +0.129072E-03 +0.000000E+00 +0.396660E-03 +0.000000E+00 +0.000000E+00
 +0.110366E+01 -0.104120E+03 -0.134139E+03 -0.558551E+02 -0.626981E+02 +0.103875E+02 +0.000000E+00 +0.000000E+00 -0.135738E-02 +0.130016E-03 +0.000000E+00 +0.394726E-03 +0.000000E+00 +0.000000E+00
 +0.110366E+01 -0.104130E+03 -0.134114E+03 -0.557688E+02 -0.626615E+02 +0.103366E+02 +0.000000E+00 +0.000000E+00 -0.135761E-02 +0.130960E-03 +0.000000E+00 +0.392791E-03 +0.000000E+00 +0.000000E+00
 +0.110366E+01 -0.104140E+03 -0.134090E+03 -0.556825E+02 -0.626249E+02 +0.102857E+02 +0.000000E+00 +0.000000E+00 -0.135783E-02 +0.131905E-03 +0.000000E+00 +0.390856E-03 +0.000000E+00 +0.000000E+00
 +0.110366E+01 -0.104150E+03 -0.134065E+03 -0.555962E+02 -0.625883E+02 +0.102348E+02 +0.000000E+00 +0.000000E+00 -0.135806E-02 +0.132849E-03 +0.000000E+00 +0.388921E-03 +0.000000E+00 +0.000000E+00
 +0.110366E+01 -0.104160E+03 -0.134041E+03 -0.555099E+02 -0.625517E+02 +0.101839E+02 +0.000000E+00 +0.000000E+00 -0.135829E-02 +0.133793E-03 +0.000000E+00 +0.386986E-03 +0.000000E+00 +0.000000E+00
 +0.110366E+01 -0.104170E+03 -0.134016E+03 -0.554236E+02 -0.625151E+02 +0.101329E+02 +0.000000E+00 +0.000000E+00 -0.135852E-02 +0.134737E-03 +0.000000E+00 +0.385052E-03 +0.000000E+00 +0.000000E+00
 +0.110366E+01 -0.104180E+03 -0.133991E+03 -0.553374E+02 -0.624785E+02 +0.100820E+02 +0.000000E+00 +0.000000E+00 -0.135875E-02 +0.135682E-03 +0.000000E+00 +0.383117E-03 +0.000000E+00 +0.000000E+00
 +0.110366E+01 -0.104190E+03 -0.133967E+03 -0.552511E+02 -0.624419E+02 +0.100311E+02 +0.000000E+00 +0.000000E+00 -0.135897E-02 +0.136626E-03 +0.000000E+00 +0.381182E-03 +0.000000E+00 +0.000000E+00
 +0.110366E+01 -0.104200E+03 -0.133942E+03 -0.551648E+02 -0.624053E+02 +0.998020E+01 +0.000000E+00 +0.000000E+00 -0.135920E-02 +0.137570E-03 +0.000000E+00 +0.379247E-03 +0.000000E+00 +0.000000E+00
 +0.110366E+01 -0.104210E+03 -0.133918E+03 -0.550785E+02 -0.623687E+02 +0.992928E+01 +0.000000E+00 +0.000000E+00 -0.135943E-02 +0.138514E-03 +0.000000E+00 +0.377313E-03 +0.000000E+00 +0.000000E+00
 +0.110366E+01 -0.104220E+03 -0.133893E+03 -0.549922E+02 -0.623321E+02 +0.987837E+01 +0.000000E+00 +0.000000E+00 -0.135966E-02 +0.139458E-03 +0.000000E+00 +0.375378E-03 +0.000000E+00 +0.000000E+00
 +0.110366E+01 -0.104230E+03 -0.133868E+03 -0.549059E+02 -0.622955E+02 +0.982745E+01 +0.000000E+00 +0.000000E+00 -0.135988E-02 +0.140403E-03 +0.000000E+00 +0.373443E-03 +0.000000E+00 +0.000000E+00
 +0.110366E+01 -0.104240E+03 -0.133844E+03 -0.548196E+02 -0.622589E+02 +0.977654E+01 +0.000000E+00 +0.000000E+00 -0.136011E-02 +0.141347E-03 +0.000000E+00 +0.371508E-03 +0.000000E+00 +0.000000E+00
 +0.110366E+01 -0.104250E+03 -0.133819E+03 -0.547333E+02 -0.622223E+02 +0.972562E+01 +0.000000E+00 +0.000000E+00 -0.136034E-02 +0.142291E-03 +0.000000E+00 +0.369574E-03 +0.000000E+00 +0.000000E+00
 +0.110366E+01 -0.104260E+03 -0.133800E+03 -0.546440E+02 -0.621866E+02 +0.968049E+01 +0.000000E+00 +0.000000E+00 -0.136066E-02 +0.143311E-03 +0.000000E+00 +0.367859E-03 +0.000000E+00 +0.000000E+00
 +0.110366E+01 -0.104270E+03 -0.133793E+03 -0.545515E+02 -0.621538E+02 +0.964048E+01 +0.000000E+00 +0.000000E+00 -0.136115E-02 +0.144444E-03 +0.000000E+00 +0.366338E-03 +0.000000E+00 +0.000000E+00
 +0.110366E+01 -0.104280E+03 -0.133786E+03 -0.544590E+02 -0.621209E+02 +0.960048E+01 +0.000000E+00 +0.000000E+00 -0.136164E-02 +0.145577E-03 +0.000000E+00 +0.364818E-03 +0.000000E+00 +0.000000E+00
 +0.110366E+01 -0.104290E+03 -0.133779E+03 -0.543665E+02 -0.620880E+02 +0.956047E+01 +0.000000E+00 +0.000000E+00 -0.136213E-02 +0.146710E-03 +0.000000E+00 +0.363298E-03 +0.000000E+00 +0.000000E+00
 +0.110366E+01 -0.104300E+03 -0.133772E+03 -0.542740E+02 -0.620552E+02 +0.952047E+01 +0.000000E+00 +0.000000E+00 -0.136262E-02 +0.147843E-03 +0.000000E+00 +0.361778E-03 +0.000000E+00 +0.000000E+00
 +0.110366E+01 -0.104310E+03 -0.133765E+03 -0.541815E+02 -0.620223E+02 +0.948046E+01 +0.000000E+00 +0.000000E+00 -0.136311E-02 +0.148976E-03 +0.000000E+00 +0.360257E-03 +0.000000E+00 +0.000000E+00
 +0.110366E+01 -0.104320E+03 -0.133758E+03 -0.540890E+02 -0.619895E+02 +0.944045E+01 +0.000000E+00 +0.000000E+00 -0.136360E-02 +0.150109E-03 +0.000000E+00 +0.358737E-03 +0.000000E+00 +0.000000E+00
 +0.110366E+01 -0.104330E+03 -0.133751E+03 -0.539965E+02 -0.619566E+02 +0.940045E+01 +0.000000E+00 +0.000000E+00 -0.136409E-02 +0.151242E-03 +0.000000E+00 +0.357217E-03 +0.000000E+00 +0.000000E+00
 +0.110366E+01 -0.104340E+03 -0.133744E+03 -0.539040E+02 -0.619237E+02 +0.936044E+01 +0.000000E+00 +0.000000E+00 -0.136458E-02 +0.152375E-03 +0.000000E+00 +0.355697E-03 +0.000000E+00 +0.000000E+00
 +0.110366E+01 -0.104350E+03 -0.133737E+03 -0.538115E+02 -0.618909E+02 +0.932044E+01 +0.000000E+00 +0.000000E+00 -0.136507E-02 +0.153508E-03 +0.000000E+00 +0.354177E-03 +0.000000E+00 +0.000000E+00
 +0.110366E+01 -0.104360E+03 -0.133729E+03 -0.537190E+02 -0.618580E+02 +0.928043E+01 +0.000000E+00 +0.000000E+00 -0.136556E-02 +0.154641E-03 +0.000000E+00 +0.352656E-03 +0.000000E+00 +0.000000E+00
 +0.110366E+01 -0.104370E+03 -0.133722E+03 -0.536265E+02 -0.618251E+02 +0.924043E+01 +0.000000E+00 +0.000000E+00 -0.136605E-02 +0.155774E-03 +0.000000E+00 +0.351136E-03 +0.000000E+00 +0.000000E+00
 +0.110366E+01 -0.104380E+03 -0.133715E+03 -0.535340E+02 -0.617923E+02 +0.920042E+01 +0.000000E+00 +0.000000E+00 -0.136654E-02 +0.156907E-03 +0.000000E+00 +0.349616E-03 +0.000000E+00 +0.000000E+00
 +0.110366E+01 -0.104390E+03 -0.133708E+03 -0.534415E+02 -0.617594E+02 +0.916042E+01 +0.000000E+00 +0.000000E+00 -0.136703E-02 +0.158040E-03 +0.000000E+00 +0.348096E-03 +0.000000E+00 +0.000000E+00
 +0.110366E+01 -0.104400E+03 -0.133701E+03 -0.533490E+02 -0.617265E+02 +0.912041E+01 +0.000000E+00 +0.000000E+00 -0.136752E-02 +0.159173E-03 +0.000000E+00 +0.346576E-03 +0.000000E+00 +0.000000E+00
 +0.110366E+01 -0.104410E+03 -0.133694E+03 -0.532565E+02 -0.616937E+02 +0.908040E+01 +0.000000E+00 +0.000000E+00 -0.136801E-02 +0.160306E-03 +0.000000E+00 +0.345055E-03 +0.000000E+00 +0.000000E+00
 +0.110366E+01 -0.104420E+03 -0.133687E+03 -0.531640E+02 -0.616608E+02 +0.904040E+01 +0.000000E+00 +0.000000E+00 -0.136850E-02 +0.161439E-03 +0.000000E+00 +0.343535E-03 +0.000000E+00 +0.000000E+00
 +0.110366E+01 -0.104430E+03 -0.133680E+03 -0.530715E+02 -0.616279E+02 +0.900039E+01 +0.000000E+00 +0.000000E+00 -0.136899E-02 +0.162572E-03 +0.000000E+00 +0.342015E-03 +0.000000E+00 +0.000000E+00
 +0.110366E+01 -0.104440E+03 -0.133673E+03 -0.529790E+02 -0.615951E+02 +0.896039E+01 +0.000000E+00 +0.000000E+00 -0.136948E-02 +0.163705E-03 +0.000000E+00 +0.340495E-03 +0.000000E+00 +0.000000E+00
 +0.110366E+01 -0.104450E+03 -0.133666E+03 -0.528865E+02 -0.615622E+02 +0.892038E+01 +0.000000E+00 +0.000000E+00 -0.136997E-02 +0.164838E-03 +0.000000E+00 +0.338975E-03 +0.000000E+00 +0.000000E+00
 +0.110366E+01 -0.104460E+03 -0.133659E+03 -0.527940E+02 -0.615294E+02 +0.888038E+01 +0.000000E+00 +0.000000E+00 -0.137046E-02 +0.165972E-03 +0.000000E+00 +0.337454E-03 +0.000000E+00 +0.000000E+00
 +0.110366E+01 -0.104470E+03 -0.133651E+03 -0.527015E+02 -0.614965E+02 +0.884037E+01 +0.000000E+00 +0.000000E+00 -0.137094E-02 +0.167105E-03 +0.000000E+00 +0.335934E-03 +0.000000E+00 +0.000000E+00
 +0.110366E+01 -0.104480E+03 -0.133644E+03 -0.526090E+02 -0.614636E+02 +0.880036E+01 +0.000000E+00 +0.000000E+00 -0.137143E-02 +0.168238E-03 +0.000000E+00 +0.334414E-03 +0.000000E+00 +0.000000E+00
 +0.110366E+01 -0.104490E+03 -0.133637E+03 -0.525165E+02 -0.614308E+02 +0.876036E+01 +0.000000E+00 +0.000000E+00 -0.137192E-02 +0.169371E-03 +0.000000E+00 +0.332894E-03 +0.000000E+00 +0.000000E+00
 +0.110366E+01 -0.104500E+03 -0.133630E+03 -0.524240E+02 -0.613979E+02 +0.872035E+01 +0.000000E+00 +0.000000E+00 -0.137241E-02 +0.170504E-03 +0.000000E+00 +0.331373E-03 +0.000000E+00 +0.000000E+00
 +0.110366E+01 -0.104510E+03 -0.133623E+03 -0.523315E+02 -0.613650E+02 +0.868035E+01 +0.000000E+00 +0.000000E+00 -0.137290E-02 +0.171637E-03 +0.000000E+00 +0.329853E-03 +0.000000E+00 +0.000000E+00
 +0.110366E+01 -0.104520E+03 -0.133616E+03 -0.522390E+02 -0.613322E+02 +0.864034E+01 +0.000000E+00 +0.000000E+00 -0.137339E-02 +0.172770E-03 +0.000000E+00 +0.328333E-03 +0.000000E+00 +0.000000E+00
 +0.110366E+01 -0.104530E+03 -0.133609E+03 -0.521465E+02 -0.612993E+02 +0.860034E+01 +0.000000E+00 +0.000000E+00 -0.137388E-02 +0.173903E-03 +0.000000E+00 +0.326813E-03 +0.000000E+00 +0.000000E+00
 +0.110366E+01 -0.104540E+03 -0.133602E+03 -0.520540E+02 -0.612664E+02 +0.856033E+01 +0.000000E+00 +0.000000E+00 -0.137437E-02 +0.175036E-03 +0.000000E+00 +0.325293E-03 +0.000000E+00 +0.000000E+00
 +0.110366E+01 -0.104550E+03 -0.133595E+03 -0.519615E+02 -0.612336E+02 +0.852033E+01 +0.000000E+00 +0.000000E+00 -0.137486E-02 +0.176169E-03 +0.000000E+00 +0.323772E-03 +0.000000E+00 +0.000000E+00
 +0.110366E+01 -0.104560E+03 -0.133588E+03 -0.518690E+02 -0.612007E+02 +0.848032E+01 +0.000000E+00 +0.000000E+00 -0.137535E-02 +0.177302E-03 +0.000000E+00 +0.322252E-03 +0.000000E+00 +0.000000E+00
 +0.110366E+01 -0.104570E+03 -0.133581E+03 -0.517765E+02 -0.611678E+02 +0.844031E+01 +0.000000E+00 +0.000000E+00 -0.137584E-02 +0.178435E-03 +0.000000E+00 +0.320732E-03 +0.000000E+00 +0.000000E+00
 +0.110366E+01 -0.104580E+03 -0.133573E+03 -0.516840E+02 -0.611350E+02 +0.840031E+01 +0.000000E+00 +0.000000E+00 -0.137633E-02 +0.179568E-03 +0.000000E+00 +0.319212E-03 +0.000000E+00 +0.000000E+00
 +0.110366E+01 -0.104590E+03 -0.133566E+03 -0.515915E+02 -0.611021E+02 +0.836030E+01 +0.000000E+00 +0.000000E+00 -0.137682E-02 +0.180701E-03 +0.000000E+00 +0.317692E-03 +0.000000E+00 +0.000000E+00
 +0.110366E+01 -0.104600E+03 -0.133559E+03 -0.514990E+02 -0.610693E+02 +0.832030E+01 +0.000000E+00 +0.000000E+00 -0.137731E-02 +0.181834E-03 +0.000000E+00 +0.316171E-03 +0.000000E+00 +0.000000E+00
 +0.110366E+01 -0.104610E+03 -0.133552E+03 -0.514065E+02 -0.610364E+02 +0.828029E+01 +0.000000E+00 +0.000000E+00 -0.137780E-02 +0.182967E-03 +0.000000E+00 +0.314651E-03 +0.000000E+00 +0.000000E+00
 +0.110366E+01 -0.104620E+03 -0.133545E+03 -0.513140E+02 -0.610035E+02 +0.824029E+01 +0.000000E+00 +0.000000E+00 -0.137829E-02 +0.184100E-03 +0.000000E+00 +0.313131E-03 +0.000000E+00 +0.000000E+00
 +0.110366E+01 -0.104630E+03 -0.133538E+03 -0.512215E+02 -0.609707E+02 +0.820028E+01 +0.000000E+00 +0.000000E+00 -0.137878E-02 +0.185233E-03 +0.000000E+00 +0.311611E-03 +0.000000E+00 +0.000000E+00
 +0.110366E+01 -0.104640E+03 -0.133531E+03 -0.511290E+02 -0.609378E+02 +0.816028E+01 +0.000000E+00 +0.000000E+00 -0.137927E-02 +0.186366E-03 +0.000000E+00 +0.310090E-03 +0.000000E+00 +0.000000E+00
 +0.110366E+01 -0.104650E+03 -0.133524E+03 -0.510365E+02 -0.609049E+02 +0.812027E+01 +0.000000E+00 +0.000000E+00 -0.137976E-02 +0.187499E-03 +0.000000E+00 +0.308570E-03 +0.000000E+00 +0.000000E+00
 +0.110366E+01 -0.104660E+03 -0.133517E+03 -0.509440E+02 -0.608721E+02 +0.808026E+01 +0.000000E+00 +0.000000E+00 -0.138025E-02 +0.188633E-03 +0.000000E+00 +0.307050E-03 +0.000000E+00 +0.000000E+00
 +0.110366E+01 -0.104670E+03 -0.133510E+03 -0.508515E+02 -0.608392E+02 +0.804026E+01 +0.000000E+00 +0.000000E+00 -0.138074E-02 +0.189766E-03 +0.000000E+00 +0.305530E-03 +0.000000E+00 +0.000000E+00
 +0.110366E+01 -0.104680E+03 -0.133503E+03 -0.507590E+02 -0.608063E+02 +0.800025E+01 +0.000000E+00 +0.000000E+00 -0.138123E-02 +0.190899E-03 +0.000000E+00 +0.304010E-03 +0.000000E+00 +0.000000E+00
 +0.110366E+01 -0.104690E+03 -0.133496E+03 -0.506665E+02 -0.607735E+02 +0.796025E+01 +0.000000E+00 +0.000000E+00 -0.138172E-02 +0.192032E-03 +0.000000E+00 +0.302489E-03 +0.000000E+00 +0.000000E+00
 +0.110366E+01 -0.104700E+03 -0.133488E+03 -0.505740E+02 -0.607406E+02 +0.792024E+01 +0.000000E+00 +0.000000E+00 -0.138221E-02 +0.193165E-03 +0.000000E+00 +0.300969E-03 +0.000000E+00 +0.000000E+00
 +0.110366E+01 -0.104710E+03 -0.133481E+03 -0.504816E+02 -0.607077E+02 +0.788024E+01 +0.000000E+00 +0.000000E+00 -0.138270E-02 +0.194298E-03 +0.000000E+00 +0.299449E-03 +0.000000E+00 +0.000000E+00
 +0.110366E+01 -0.104720E+03 -0.133474E+03 -0.503891E+02 -0.606749E+02 +0.784023E+01 +0.000000E+00 +0.000000E+00 -0.138319E-02 +0.195431E-03 +0.000000E+00 +0.297929E-03 +0.000000E+00 +0.000000E+00
 +0.110366E+01 -0.104730E+03 -0.133467E+03 -0.503212E+02 -0.606501E+02 +0.780054E+01 +0.000000E+00 +0.000000E+00 -0.138352E-02 +0.196249E-03 +0.000000E+00 +0.296421E-03 +0.000000E+00 +0.000000E+00
 +0.110366E+01 -0.104740E+03 -0.133460E+03 -0.502775E+02 -0.606333E+02 +0.776116E+01 +0.000000E+00 +0.000000E+00 -0.138370E-02 +0.196761E-03 +0.000000E+00 +0.294924E-03 +0.000000E+00 +0.000000E+00
 +0.110366E+01 -0.104750E+03 -0.133453E+03 -0.502337E+02 -0.606165E+02 +0.772178E+01 +0.000000E+00 +0.000000E+00 -0.138389E-02 +0.197272E-03 +0.000000E+00 +0.293428E-03 +0.000000E+00 +0.000000E+00
 +0.110366E+01 -0.104760E+03 -0.133445E+03 -0.501899E+02 -0.605996E+02 +0.768241E+01 +0.000000E+00 +0.000000E+00 -0.138407E-02 +0.197784E-03 +0.000000E+00 +0.291931E-03 +0.000000E+00 +0.000000E+00
 +0.110366E+01 -0.104770E+03 -0.133438E+03 -0.501462E+02 -0.605828E+02 +0.764303E+01 +0.000000E+00 +0.000000E+00 -0.138425E-02 +0.198295E-03 +0.000000E+00 +0.290435E-03 +0.000000E+00 +0.000000E+00
 +0.110366E+01 -0.104780E+03 -0.133431E+03 -0.501024E+02 -0.605659E+02 +0.760365E+01 +0.000000E+00 +0.000000E+00 -0.138443E-02 +0.198807E-03 +0.000000E+00 +0.288939E-03 +0.000000E+00 +0.000000E+00
 +0.110366E+01 -0.104790E+03 -0.133423E+03 -0.500586E+02 -0.605491E+02 +0.756427E+01 +0.000000E+00 +0.000000E+00 -0.138461E-02 +0.199319E-03 +0.000000E+00 +0.287442E-03 +0.000000E+00 +0.000000E+00
 +0.110366E+01 -0.104800E+03 -0.133416E+03 -0.500149E+02 -0.605322E+02 +0.752489E+01 +0.000000E+00 +0.000000E+00 -0.138479E-02 +0.199830E-03 +0.000000E+00 +0.285946E-03 +0.000000E+00 +0.000000E+00
 +0.110366E+01 -0.104810E+03 -0.133409E+03 -0.499711E+02 -0.605154E+02 +0.748551E+01 +0.000000E+00 +0.000000E+00 -0.138498E-02 +0.200342E-03 +0.000000E+00 +0.284449E-03 +0.000000E+00 +0.000000E+00
 +0.110366E+01 -0.104820E+03 -0.133402E+03 -0.499273E+02 -0.604986E+02 +0.744613E+01 +0.000000E+00 +0.000000E+00 -0.138516E-02 +0.200853E-03 +0.000000E+00 +0.282953E-03 +0.000000E+00 +0.000000E+00
 +0.110366E+01 -0.104830E+03 -0.133394E+03 -0.498836E+02 -0.604817E+02 +0.740675E+01 +0.000000E+00 +0.000000E+00 -0.138534E-02 +0.201365E-03 +0.000000E+00 +0.281457E-03 +0.000000E+00 +0.000000E+00
 +0.110366E+01 -0.104840E+03 -0.133387E+03 -0.498398E+02 -0.604649E+02 +0.736737E+01 +0.000000E+00 +0.000000E+00 -0.138552E-02 +0.201876E-03 +0.000000E+00 +0.279960E-03 +0.000000E+00 +0.000000E+00
 +0.110366E+01 -0.104850E+03 -0.133380E+03 -0.497960E+02 -0.604480E+02 +0.732800E+01 +0.000000E+00 +0.000000E+00 -0.138570E-02 +0.202388E-03 +0.000000E+00 +0.278464E-03 +0.000000E+00 +0.000000E+00
 +0.110366E+01 -0.104860E+03 -0.133373E+03 -0.497523E+02 -0.604312E+02 +0.728862E+01 +0.000000E+00 +0.000000E+00 -0.138589E-02 +0.202900E-03 +0.000000E+00 +0.276967E-03 +0.000000E+00 +0.000000E+00
 +0.110366E+01 -0.104870E+03 -0.133365E+03 -0.497085E+02 -0.604143E+02 +0.724924E+01 +0.000000E+00 +0.000000E+00 -0.138607E-02 +0.203411E-03 +0.000000E+00 +0.275471E-03 +0.000000E+00 +0.000000E+00
 +0.110366E+01 -0.104880E+03 -0.133358E+03 -0.496647E+02 -0.603975E+02 +0.720986E+01 +0.000000E+00 +0.000000E+00 -0.138625E-02 +0.203923E-03 +0.000000E+00 +0.273975E-03 +0.000000E+00 +0.000000E+00
 +0.110366E+01 -0.104890E+03 -0.133351E+03 -0.496210E+02 -0.603807E+02 +0.717048E+01 +0.000000E+00 +0.000000E+00 -0.138643E-02 +0.204434E-03 +0.000000E+00 +0.272478E-03 +0.000000E+00 +0.000000E+00
 +0.110366E+01 -0.104900E+03 -0.133343E+03 -0.495772E+02 -0.603638E+02 +0.713110E+01 +0.000000E+00 +0.000000E+00 -0.138661E-02 +0.204946E-03 +0.000000E+00 +0.270982E-03 +0.000000E+00 +0.000000E+00
 +0.110366E+01 -0.104910E+03 -0.133336E+03 -0.495334E+02 -0.603470E+02 +0.709172E+01 +0.000000E+00 +0.000000E+00 -0.138680E-02 +0.205458E-03 +0.000000E+00 +0.269485E-03 +0.000000E+00 +0.000000E+00
 +0.110366E+01 -0.104920E+03 -0.133329E+03 -0.494896E+02 -0.603301E+02 +0.705234E+01 +0.000000E+00 +0.000000E+00 -0.138698E-02 +0.205969E-03 +0.000000E+00 +0.267989E-03 +0.000000E+00 +0.000000E+00
 +0.110366E+01 -0.104930E+03 -0.133322E+03 -0.494459E+02 -0.603133E+02 +0.701296E+01 +0.000000E+00 +0.000000E+00 -0.138716E-02 +0.206481E-03 +0.000000E+00 +0.266493E-03 +0.000000E+00 +0.000000E+00
 +0.110366E+01 -0.104940E+03 -0.133314E+03 -0.494021E+02 -0.602964E+02 +0.697359E+01 +0.000000E+00 +0.000000E+00 -0.138734E-02 +0.206992E-03 +0.000000E+00 +0.264996E-03 +0.000000E+00 +0.000000E+00
 +0.110366E+01 -0.104950E+03 -0.133307E+03 -0.493583E+02 -0.602796E+02 +0.693421E+01 +0.000000E+00 +0.000000E+00 -0.138752E-02 +0.207504E-03 +0.000000E+00 +0.263500E-03 +0.000000E+00 +0.000000E+00
 +0.110366E+01 -0.104960E+03 -0.133300E+03 -0.493135E+02 -0.602626E+02 +0.689524E+01 +0.000000E+00 +0.000000E+00 -0.138772E-02 +0.208033E-03 +0.000000E+00 +0.262019E-03 +0.000000E+00 +0.000000E+00
 +0.110366E+01 -0.104970E+03 -0.133307E+03 -0.492456E+02 -0.602424E+02 +0.686517E+01 +0.000000E+00 +0.000000E+00 -0.138823E-02 +0.208938E-03 +0.000000E+00 +0.260876E-03 +0.000000E+00 +0.000000E+00
 +0.110366E+01 -0.104980E+03 -0.133314E+03 -0.491778E+02 -0.602222E+02 +0.683510E+01 +0.000000E+00 +0.000000E+00 -0.138874E-02 +0.209844E-03 +0.000000E+00 +0.259734E-03 +0.000000E+00 +0.000000E+00
 +0.110366E+01 -0.104990E+03 -0.133320E+03 -0.491099E+02 -0.602020E+02 +0.680503E+01 +0.000000E+00 +0.000000E+00 -0.138925E-02 +0.210749E-03 +0.000000E+00 +0.258591E-03 +0.000000E+00 +0.000000E+00
