%X Y s_xx s_yy s_zz s_xy s_xz s_yz e_xx e_yy e_zz e_xy e_xz e_yz
 +0.148320E+01 -0.100000E+03 +0.400792E+03 -0.120130E+02 +0.128297E+03 -0.700805E+01 +0.000000E+00 +0.000000E+00 +0.517740E-02 -0.266589E-02 +0.000000E+00 -0.266306E-03 +0.000000E+00 +0.000000E+00
 +0.148320E+01 -0.100010E+03 +0.383141E+03 -0.572352E+01 +0.124548E+03 -0.105461E+02 +0.000000E+00 +0.000000E+00 +0.491328E-02 -0.247516E-02 +0.000000E+00 -0.400751E-03 +0.000000E+00 +0.000000E+00
 +0.148320E+01 -0.100020E+03 +0.365469E+03 +0.475424E+00 +0.120762E+03 -0.140625E+02 +0.000000E+00 +0.000000E+00 +0.464944E-02 -0.228544E-02 +0.000000E+00 -0.534374E-03 +0.000000E+00 +0.000000E+00
 +0.148320E+01 -0.100030E+03 +0.346192E+03 +0.979173E-01 +0.114276E+03 -0.160070E+02 +0.000000E+00 +0.000000E+00 +0.440641E-02 -0.216938E-02 +0.000000E+00 -0.608265E-03 +0.000000E+00 +0.000000E+00
 +0.148320E+01 -0.100040E+03 +0.327054E+03 -0.289284E+00 +0.107832E+03 -0.178987E+02 +0.000000E+00 +0.000000E+00 +0.416521E-02 -0.205431E-02 +0.000000E+00 -0.680151E-03 +0.000000E+00 +0.000000E+00
 +0.148320E+01 -0.100050E+03 +0.312863E+03 -0.102394E+01 +0.102907E+03 -0.179001E+02 +0.000000E+00 +0.000000E+00 +0.398917E-02 -0.197469E-02 +0.000000E+00 -0.680203E-03 +0.000000E+00 +0.000000E+00
 +0.148320E+01 -0.100060E+03 +0.298787E+03 -0.176122E+01 +0.980185E+02 -0.178784E+02 +0.000000E+00 +0.000000E+00 +0.381460E-02 -0.189582E-02 +0.000000E+00 -0.679378E-03 +0.000000E+00 +0.000000E+00
 +0.148320E+01 -0.100070E+03 +0.287395E+03 -0.256039E+01 +0.939956E+02 -0.173138E+02 +0.000000E+00 +0.000000E+00 +0.367460E-02 -0.183456E-02 +0.000000E+00 -0.657924E-03 +0.000000E+00 +0.000000E+00
 +0.148320E+01 -0.100080E+03 +0.276106E+03 -0.336118E+01 +0.900057E+02 -0.167320E+02 +0.000000E+00 +0.000000E+00 +0.353590E-02 -0.177397E-02 +0.000000E+00 -0.635816E-03 +0.000000E+00 +0.000000E+00
 +0.148320E+01 -0.100090E+03 +0.266589E+03 -0.419045E+01 +0.865916E+02 -0.158504E+02 +0.000000E+00 +0.000000E+00 +0.341996E-02 -0.172486E-02 +0.000000E+00 -0.602315E-03 +0.000000E+00 +0.000000E+00
 +0.148320E+01 -0.100100E+03 +0.257167E+03 -0.502100E+01 +0.832080E+02 -0.149566E+02 +0.000000E+00 +0.000000E+00 +0.330521E-02 -0.167635E-02 +0.000000E+00 -0.568350E-03 +0.000000E+00 +0.000000E+00
 +0.148320E+01 -0.100110E+03 +0.249030E+03 -0.586907E+01 +0.802429E+02 -0.138948E+02 +0.000000E+00 +0.000000E+00 +0.320694E-02 -0.163613E-02 +0.000000E+00 -0.528003E-03 +0.000000E+00 +0.000000E+00
 +0.148320E+01 -0.100120E+03 +0.240980E+03 -0.671845E+01 +0.773062E+02 -0.128242E+02 +0.000000E+00 +0.000000E+00 +0.310980E-02 -0.159647E-02 +0.000000E+00 -0.487318E-03 +0.000000E+00 +0.000000E+00
 +0.148320E+01 -0.100130E+03 +0.233913E+03 -0.758253E+01 +0.746892E+02 -0.116533E+02 +0.000000E+00 +0.000000E+00 +0.302526E-02 -0.156316E-02 +0.000000E+00 -0.442824E-03 +0.000000E+00 +0.000000E+00
 +0.148320E+01 -0.100140E+03 +0.226929E+03 -0.844799E+01 +0.720989E+02 -0.104763E+02 +0.000000E+00 +0.000000E+00 +0.294178E-02 -0.153039E-02 +0.000000E+00 -0.398100E-03 +0.000000E+00 +0.000000E+00
 +0.148320E+01 -0.100150E+03 +0.220728E+03 -0.932657E+01 +0.697624E+02 -0.924162E+01 +0.000000E+00 +0.000000E+00 +0.286834E-02 -0.150269E-02 +0.000000E+00 -0.351181E-03 +0.000000E+00 +0.000000E+00
 +0.148320E+01 -0.100160E+03 +0.214604E+03 -0.102066E+02 +0.674511E+02 -0.800331E+01 +0.000000E+00 +0.000000E+00 +0.279590E-02 -0.147550E-02 +0.000000E+00 -0.304126E-03 +0.000000E+00 +0.000000E+00
 +0.148320E+01 -0.100170E+03 +0.209119E+03 -0.110982E+02 +0.653468E+02 -0.673536E+01 +0.000000E+00 +0.000000E+00 +0.273167E-02 -0.145246E-02 +0.000000E+00 -0.255944E-03 +0.000000E+00 +0.000000E+00
 +0.148320E+01 -0.100180E+03 +0.203708E+03 -0.119913E+02 +0.632666E+02 -0.546599E+01 +0.000000E+00 +0.000000E+00 +0.266839E-02 -0.142990E-02 +0.000000E+00 -0.207708E-03 +0.000000E+00 +0.000000E+00
 +0.148320E+01 -0.100190E+03 +0.198829E+03 -0.128943E+02 +0.613586E+02 -0.418644E+01 +0.000000E+00 +0.000000E+00 +0.261195E-02 -0.141080E-02 +0.000000E+00 -0.159085E-03 +0.000000E+00 +0.000000E+00
 +0.148320E+01 -0.100200E+03 +0.194021E+03 -0.137985E+02 +0.594735E+02 -0.290746E+01 +0.000000E+00 +0.000000E+00 +0.255641E-02 -0.139217E-02 +0.000000E+00 -0.110484E-03 +0.000000E+00 +0.000000E+00
 +0.148320E+01 -0.100210E+03 +0.189663E+03 -0.147106E+02 +0.577343E+02 -0.163212E+01 +0.000000E+00 +0.000000E+00 +0.250664E-02 -0.137645E-02 +0.000000E+00 -0.620207E-04 +0.000000E+00 +0.000000E+00
 +0.148320E+01 -0.100220E+03 +0.185372E+03 -0.156237E+02 +0.560170E+02 -0.359162E+00 +0.000000E+00 +0.000000E+00 +0.245775E-02 -0.136117E-02 +0.000000E+00 -0.136482E-04 +0.000000E+00 +0.000000E+00
 +0.148320E+01 -0.100230E+03 +0.181465E+03 -0.165425E+02 +0.544246E+02 +0.900264E+00 +0.000000E+00 +0.000000E+00 +0.241378E-02 -0.134837E-02 +0.000000E+00 +0.342100E-04 +0.000000E+00 +0.000000E+00
 +0.148320E+01 -0.100240E+03 +0.177623E+03 -0.174619E+02 +0.528533E+02 +0.215568E+01 +0.000000E+00 +0.000000E+00 +0.237063E-02 -0.133599E-02 +0.000000E+00 +0.819159E-04 +0.000000E+00 +0.000000E+00
 +0.148320E+01 -0.100250E+03 +0.174112E+03 -0.183849E+02 +0.513901E+02 +0.339049E+01 +0.000000E+00 +0.000000E+00 +0.233172E-02 -0.132572E-02 +0.000000E+00 +0.128839E-03 +0.000000E+00 +0.000000E+00
 +0.148320E+01 -0.100260E+03 +0.170663E+03 -0.193081E+02 +0.499472E+02 +0.461983E+01 +0.000000E+00 +0.000000E+00 +0.229360E-02 -0.131585E-02 +0.000000E+00 +0.175553E-03 +0.000000E+00 +0.000000E+00
 +0.148320E+01 -0.100270E+03 +0.167501E+03 -0.202326E+02 +0.485987E+02 +0.582360E+01 +0.000000E+00 +0.000000E+00 +0.225915E-02 -0.130779E-02 +0.000000E+00 +0.221297E-03 +0.000000E+00 +0.000000E+00
 +0.148320E+01 -0.100280E+03 +0.164399E+03 -0.211569E+02 +0.472697E+02 +0.702059E+01 +0.000000E+00 +0.000000E+00 +0.222545E-02 -0.130011E-02 +0.000000E+00 +0.266782E-03 +0.000000E+00 +0.000000E+00
 +0.148320E+01 -0.100290E+03 +0.161546E+03 -0.220804E+02 +0.460238E+02 +0.818865E+01 +0.000000E+00 +0.000000E+00 +0.219493E-02 -0.129398E-02 +0.000000E+00 +0.311169E-03 +0.000000E+00 +0.000000E+00
 +0.148320E+01 -0.100300E+03 +0.158751E+03 -0.230033E+02 +0.447966E+02 +0.934877E+01 +0.000000E+00 +0.000000E+00 +0.216512E-02 -0.128820E-02 +0.000000E+00 +0.355253E-03 +0.000000E+00 +0.000000E+00
 +0.148320E+01 -0.100310E+03 +0.156174E+03 -0.239234E+02 +0.436429E+02 +0.104778E+02 +0.000000E+00 +0.000000E+00 +0.213810E-02 -0.128376E-02 +0.000000E+00 +0.398157E-03 +0.000000E+00 +0.000000E+00
 +0.148320E+01 -0.100320E+03 +0.153652E+03 -0.248423E+02 +0.425072E+02 +0.115979E+02 +0.000000E+00 +0.000000E+00 +0.211175E-02 -0.127964E-02 +0.000000E+00 +0.440721E-03 +0.000000E+00 +0.000000E+00
 +0.148320E+01 -0.100330E+03 +0.151323E+03 -0.257568E+02 +0.414368E+02 +0.126858E+02 +0.000000E+00 +0.000000E+00 +0.208784E-02 -0.127668E-02 +0.000000E+00 +0.482059E-03 +0.000000E+00 +0.000000E+00
 +0.148320E+01 -0.100340E+03 +0.149045E+03 -0.266695E+02 +0.403839E+02 +0.137638E+02 +0.000000E+00 +0.000000E+00 +0.206456E-02 -0.127402E-02 +0.000000E+00 +0.523023E-03 +0.000000E+00 +0.000000E+00
 +0.148320E+01 -0.100350E+03 +0.146938E+03 -0.275764E+02 +0.393892E+02 +0.148090E+02 +0.000000E+00 +0.000000E+00 +0.204342E-02 -0.127235E-02 +0.000000E+00 +0.562743E-03 +0.000000E+00 +0.000000E+00
 +0.148320E+01 -0.100360E+03 +0.144879E+03 -0.284809E+02 +0.384114E+02 +0.158437E+02 +0.000000E+00 +0.000000E+00 +0.202289E-02 -0.127095E-02 +0.000000E+00 +0.602061E-03 +0.000000E+00 +0.000000E+00
 +0.148320E+01 -0.100370E+03 +0.142971E+03 -0.293782E+02 +0.374857E+02 +0.168457E+02 +0.000000E+00 +0.000000E+00 +0.200423E-02 -0.127041E-02 +0.000000E+00 +0.640137E-03 +0.000000E+00 +0.000000E+00
 +0.148320E+01 -0.100380E+03 +0.141110E+03 -0.302726E+02 +0.365764E+02 +0.178365E+02 +0.000000E+00 +0.000000E+00 +0.198614E-02 -0.127013E-02 +0.000000E+00 +0.677789E-03 +0.000000E+00 +0.000000E+00
 +0.148320E+01 -0.100390E+03 +0.139383E+03 -0.311588E+02 +0.357138E+02 +0.187952E+02 +0.000000E+00 +0.000000E+00 +0.196971E-02 -0.127058E-02 +0.000000E+00 +0.714216E-03 +0.000000E+00 +0.000000E+00
 +0.148320E+01 -0.100400E+03 +0.137699E+03 -0.320416E+02 +0.348670E+02 +0.197421E+02 +0.000000E+00 +0.000000E+00 +0.195381E-02 -0.127126E-02 +0.000000E+00 +0.750199E-03 +0.000000E+00 +0.000000E+00
 +0.148320E+01 -0.100410E+03 +0.136135E+03 -0.329153E+02 +0.340624E+02 +0.206576E+02 +0.000000E+00 +0.000000E+00 +0.193937E-02 -0.127258E-02 +0.000000E+00 +0.784988E-03 +0.000000E+00 +0.000000E+00
 +0.148320E+01 -0.100420E+03 +0.134612E+03 -0.337850E+02 +0.332730E+02 +0.215610E+02 +0.000000E+00 +0.000000E+00 +0.192545E-02 -0.127410E-02 +0.000000E+00 +0.819316E-03 +0.000000E+00 +0.000000E+00
 +0.148320E+01 -0.100430E+03 +0.133195E+03 -0.346449E+02 +0.325216E+02 +0.224339E+02 +0.000000E+00 +0.000000E+00 +0.191280E-02 -0.127617E-02 +0.000000E+00 +0.852490E-03 +0.000000E+00 +0.000000E+00
 +0.148320E+01 -0.100440E+03 +0.131819E+03 -0.355005E+02 +0.317850E+02 +0.232945E+02 +0.000000E+00 +0.000000E+00 +0.190064E-02 -0.127842E-02 +0.000000E+00 +0.885190E-03 +0.000000E+00 +0.000000E+00
 +0.148320E+01 -0.100450E+03 +0.130536E+03 -0.363457E+02 +0.310828E+02 +0.241258E+02 +0.000000E+00 +0.000000E+00 +0.188961E-02 -0.128114E-02 +0.000000E+00 +0.916779E-03 +0.000000E+00 +0.000000E+00
 +0.148320E+01 -0.100460E+03 +0.129292E+03 -0.371860E+02 +0.303948E+02 +0.249444E+02 +0.000000E+00 +0.000000E+00 +0.187904E-02 -0.128404E-02 +0.000000E+00 +0.947886E-03 +0.000000E+00 +0.000000E+00
 +0.148320E+01 -0.100470E+03 +0.128131E+03 -0.380156E+02 +0.297381E+02 +0.257350E+02 +0.000000E+00 +0.000000E+00 +0.186947E-02 -0.128732E-02 +0.000000E+00 +0.977930E-03 +0.000000E+00 +0.000000E+00
 +0.148320E+01 -0.100480E+03 +0.127007E+03 -0.388399E+02 +0.290951E+02 +0.265127E+02 +0.000000E+00 +0.000000E+00 +0.186032E-02 -0.129076E-02 +0.000000E+00 +0.100748E-02 +0.000000E+00 +0.000000E+00
 +0.148320E+01 -0.100490E+03 +0.125958E+03 -0.396533E+02 +0.284804E+02 +0.272639E+02 +0.000000E+00 +0.000000E+00 +0.185207E-02 -0.129454E-02 +0.000000E+00 +0.103603E-02 +0.000000E+00 +0.000000E+00
 +0.148320E+01 -0.100500E+03 +0.124943E+03 -0.404610E+02 +0.278790E+02 +0.280020E+02 +0.000000E+00 +0.000000E+00 +0.184421E-02 -0.129846E-02 +0.000000E+00 +0.106408E-02 +0.000000E+00 +0.000000E+00
 +0.148320E+01 -0.100510E+03 +0.123995E+03 -0.412576E+02 +0.273033E+02 +0.287148E+02 +0.000000E+00 +0.000000E+00 +0.183714E-02 -0.130266E-02 +0.000000E+00 +0.109116E-02 +0.000000E+00 +0.000000E+00
 +0.148320E+01 -0.100520E+03 +0.123080E+03 -0.420481E+02 +0.267405E+02 +0.294146E+02 +0.000000E+00 +0.000000E+00 +0.183045E-02 -0.130698E-02 +0.000000E+00 +0.111776E-02 +0.000000E+00 +0.000000E+00
 +0.148320E+01 -0.100530E+03 +0.122225E+03 -0.428275E+02 +0.262012E+02 +0.300905E+02 +0.000000E+00 +0.000000E+00 +0.182445E-02 -0.131155E-02 +0.000000E+00 +0.114344E-02 +0.000000E+00 +0.000000E+00
 +0.148320E+01 -0.100540E+03 +0.121401E+03 -0.436006E+02 +0.256742E+02 +0.307533E+02 +0.000000E+00 +0.000000E+00 +0.181881E-02 -0.131622E-02 +0.000000E+00 +0.116862E-02 +0.000000E+00 +0.000000E+00
 +0.148320E+01 -0.100550E+03 +0.120631E+03 -0.443626E+02 +0.251687E+02 +0.313935E+02 +0.000000E+00 +0.000000E+00 +0.181379E-02 -0.132109E-02 +0.000000E+00 +0.119295E-02 +0.000000E+00 +0.000000E+00
 +0.148320E+01 -0.100560E+03 +0.119891E+03 -0.451179E+02 +0.246751E+02 +0.320207E+02 +0.000000E+00 +0.000000E+00 +0.180910E-02 -0.132607E-02 +0.000000E+00 +0.121679E-02 +0.000000E+00 +0.000000E+00
 +0.148320E+01 -0.100570E+03 +0.119199E+03 -0.458622E+02 +0.242011E+02 +0.326266E+02 +0.000000E+00 +0.000000E+00 +0.180496E-02 -0.133120E-02 +0.000000E+00 +0.123981E-02 +0.000000E+00 +0.000000E+00
 +0.148320E+01 -0.100580E+03 +0.118535E+03 -0.465996E+02 +0.237386E+02 +0.332195E+02 +0.000000E+00 +0.000000E+00 +0.180113E-02 -0.133643E-02 +0.000000E+00 +0.126234E-02 +0.000000E+00 +0.000000E+00
 +0.148320E+01 -0.100590E+03 +0.117914E+03 -0.473262E+02 +0.232940E+02 +0.337924E+02 +0.000000E+00 +0.000000E+00 +0.179778E-02 -0.134178E-02 +0.000000E+00 +0.128411E-02 +0.000000E+00 +0.000000E+00
 +0.148320E+01 -0.100600E+03 +0.117320E+03 -0.480456E+02 +0.228605E+02 +0.343525E+02 +0.000000E+00 +0.000000E+00 +0.179473E-02 -0.134722E-02 +0.000000E+00 +0.130539E-02 +0.000000E+00 +0.000000E+00
 +0.148320E+01 -0.100610E+03 +0.116765E+03 -0.487545E+02 +0.224434E+02 +0.348938E+02 +0.000000E+00 +0.000000E+00 +0.179211E-02 -0.135276E-02 +0.000000E+00 +0.132596E-02 +0.000000E+00 +0.000000E+00
 +0.148320E+01 -0.100620E+03 +0.116235E+03 -0.494559E+02 +0.220371E+02 +0.354223E+02 +0.000000E+00 +0.000000E+00 +0.178976E-02 -0.135837E-02 +0.000000E+00 +0.134605E-02 +0.000000E+00 +0.000000E+00
 +0.148320E+01 -0.100630E+03 +0.115740E+03 -0.501470E+02 +0.216457E+02 +0.359332E+02 +0.000000E+00 +0.000000E+00 +0.178779E-02 -0.136406E-02 +0.000000E+00 +0.136546E-02 +0.000000E+00 +0.000000E+00
 +0.148320E+01 -0.100640E+03 +0.115269E+03 -0.508305E+02 +0.212648E+02 +0.364315E+02 +0.000000E+00 +0.000000E+00 +0.178609E-02 -0.136981E-02 +0.000000E+00 +0.138440E-02 +0.000000E+00 +0.000000E+00
 +0.148320E+01 -0.100650E+03 +0.114830E+03 -0.515041E+02 +0.208975E+02 +0.369133E+02 +0.000000E+00 +0.000000E+00 +0.178471E-02 -0.137563E-02 +0.000000E+00 +0.140271E-02 +0.000000E+00 +0.000000E+00
 +0.148320E+01 -0.100660E+03 +0.114413E+03 -0.521698E+02 +0.205404E+02 +0.373827E+02 +0.000000E+00 +0.000000E+00 +0.178359E-02 -0.138149E-02 +0.000000E+00 +0.142054E-02 +0.000000E+00 +0.000000E+00
 +0.148320E+01 -0.100670E+03 +0.114025E+03 -0.528259E+02 +0.201957E+02 +0.378366E+02 +0.000000E+00 +0.000000E+00 +0.178276E-02 -0.138741E-02 +0.000000E+00 +0.143779E-02 +0.000000E+00 +0.000000E+00
 +0.148320E+01 -0.100680E+03 +0.113658E+03 -0.534740E+02 +0.198609E+02 +0.382782E+02 +0.000000E+00 +0.000000E+00 +0.178215E-02 -0.139336E-02 +0.000000E+00 +0.145457E-02 +0.000000E+00 +0.000000E+00
 +0.148320E+01 -0.100690E+03 +0.113317E+03 -0.541128E+02 +0.195375E+02 +0.387055E+02 +0.000000E+00 +0.000000E+00 +0.178182E-02 -0.139935E-02 +0.000000E+00 +0.147081E-02 +0.000000E+00 +0.000000E+00
 +0.148320E+01 -0.100700E+03 +0.112997E+03 -0.547434E+02 +0.192236E+02 +0.391207E+02 +0.000000E+00 +0.000000E+00 +0.178169E-02 -0.140537E-02 +0.000000E+00 +0.148659E-02 +0.000000E+00 +0.000000E+00
 +0.148320E+01 -0.100710E+03 +0.112699E+03 -0.553651E+02 +0.189202E+02 +0.395224E+02 +0.000000E+00 +0.000000E+00 +0.178180E-02 -0.141142E-02 +0.000000E+00 +0.150185E-02 +0.000000E+00 +0.000000E+00
 +0.148320E+01 -0.100720E+03 +0.112421E+03 -0.559786E+02 +0.186259E+02 +0.399122E+02 +0.000000E+00 +0.000000E+00 +0.178210E-02 -0.141749E-02 +0.000000E+00 +0.151666E-02 +0.000000E+00 +0.000000E+00
 +0.148320E+01 -0.100730E+03 +0.112163E+03 -0.565834E+02 +0.183413E+02 +0.402895E+02 +0.000000E+00 +0.000000E+00 +0.178262E-02 -0.142357E-02 +0.000000E+00 +0.153100E-02 +0.000000E+00 +0.000000E+00
 +0.148320E+01 -0.100740E+03 +0.111924E+03 -0.571799E+02 +0.180656E+02 +0.406550E+02 +0.000000E+00 +0.000000E+00 +0.178331E-02 -0.142967E-02 +0.000000E+00 +0.154489E-02 +0.000000E+00 +0.000000E+00
 +0.148320E+01 -0.100750E+03 +0.111704E+03 -0.577682E+02 +0.177987E+02 +0.410089E+02 +0.000000E+00 +0.000000E+00 +0.178419E-02 -0.143577E-02 +0.000000E+00 +0.155834E-02 +0.000000E+00 +0.000000E+00
 +0.148320E+01 -0.100760E+03 +0.111501E+03 -0.583481E+02 +0.175404E+02 +0.413513E+02 +0.000000E+00 +0.000000E+00 +0.178525E-02 -0.144188E-02 +0.000000E+00 +0.157135E-02 +0.000000E+00 +0.000000E+00
 +0.148320E+01 -0.100770E+03 +0.111314E+03 -0.589200E+02 +0.172901E+02 +0.416828E+02 +0.000000E+00 +0.000000E+00 +0.178646E-02 -0.144799E-02 +0.000000E+00 +0.158395E-02 +0.000000E+00 +0.000000E+00
 +0.148320E+01 -0.100780E+03 +0.111145E+03 -0.594835E+02 +0.170482E+02 +0.420030E+02 +0.000000E+00 +0.000000E+00 +0.178783E-02 -0.145410E-02 +0.000000E+00 +0.159611E-02 +0.000000E+00 +0.000000E+00
 +0.148320E+01 -0.100790E+03 +0.110990E+03 -0.600394E+02 +0.168137E+02 +0.423132E+02 +0.000000E+00 +0.000000E+00 +0.178935E-02 -0.146021E-02 +0.000000E+00 +0.160790E-02 +0.000000E+00 +0.000000E+00
 +0.148320E+01 -0.100800E+03 +0.110851E+03 -0.605868E+02 +0.165873E+02 +0.426122E+02 +0.000000E+00 +0.000000E+00 +0.179102E-02 -0.146631E-02 +0.000000E+00 +0.161926E-02 +0.000000E+00 +0.000000E+00
 +0.148320E+01 -0.100810E+03 +0.110726E+03 -0.611270E+02 +0.163676E+02 +0.429018E+02 +0.000000E+00 +0.000000E+00 +0.179281E-02 -0.147240E-02 +0.000000E+00 +0.163027E-02 +0.000000E+00 +0.000000E+00
 +0.148320E+01 -0.100820E+03 +0.110616E+03 -0.616586E+02 +0.161558E+02 +0.431806E+02 +0.000000E+00 +0.000000E+00 +0.179474E-02 -0.147847E-02 +0.000000E+00 +0.164086E-02 +0.000000E+00 +0.000000E+00
 +0.148320E+01 -0.100830E+03 +0.110517E+03 -0.621834E+02 +0.159502E+02 +0.434507E+02 +0.000000E+00 +0.000000E+00 +0.179678E-02 -0.148454E-02 +0.000000E+00 +0.165113E-02 +0.000000E+00 +0.000000E+00
 +0.148320E+01 -0.100840E+03 +0.110433E+03 -0.626995E+02 +0.157522E+02 +0.437101E+02 +0.000000E+00 +0.000000E+00 +0.179894E-02 -0.149058E-02 +0.000000E+00 +0.166098E-02 +0.000000E+00 +0.000000E+00
 +0.148320E+01 -0.100850E+03 +0.110360E+03 -0.632092E+02 +0.155598E+02 +0.439614E+02 +0.000000E+00 +0.000000E+00 +0.180121E-02 -0.149661E-02 +0.000000E+00 +0.167053E-02 +0.000000E+00 +0.000000E+00
 +0.148320E+01 -0.100860E+03 +0.110301E+03 -0.637102E+02 +0.153748E+02 +0.442023E+02 +0.000000E+00 +0.000000E+00 +0.180359E-02 -0.150262E-02 +0.000000E+00 +0.167969E-02 +0.000000E+00 +0.000000E+00
 +0.148320E+01 -0.100870E+03 +0.110251E+03 -0.642051E+02 +0.151950E+02 +0.444358E+02 +0.000000E+00 +0.000000E+00 +0.180606E-02 -0.150860E-02 +0.000000E+00 +0.168856E-02 +0.000000E+00 +0.000000E+00
 +0.148320E+01 -0.100880E+03 +0.110213E+03 -0.646913E+02 +0.150223E+02 +0.446590E+02 +0.000000E+00 +0.000000E+00 +0.180863E-02 -0.151456E-02 +0.000000E+00 +0.169704E-02 +0.000000E+00 +0.000000E+00
 +0.148320E+01 -0.100890E+03 +0.110185E+03 -0.651716E+02 +0.148544E+02 +0.448752E+02 +0.000000E+00 +0.000000E+00 +0.181128E-02 -0.152049E-02 +0.000000E+00 +0.170526E-02 +0.000000E+00 +0.000000E+00
 +0.148320E+01 -0.100900E+03 +0.110169E+03 -0.656433E+02 +0.146934E+02 +0.450815E+02 +0.000000E+00 +0.000000E+00 +0.181403E-02 -0.152640E-02 +0.000000E+00 +0.171310E-02 +0.000000E+00 +0.000000E+00
 +0.148320E+01 -0.100910E+03 +0.110160E+03 -0.661095E+02 +0.145367E+02 +0.452814E+02 +0.000000E+00 +0.000000E+00 +0.181684E-02 -0.153228E-02 +0.000000E+00 +0.172069E-02 +0.000000E+00 +0.000000E+00
 +0.148320E+01 -0.100920E+03 +0.110163E+03 -0.665670E+02 +0.143867E+02 +0.454715E+02 +0.000000E+00 +0.000000E+00 +0.181975E-02 -0.153812E-02 +0.000000E+00 +0.172792E-02 +0.000000E+00 +0.000000E+00
 +0.148320E+01 -0.100930E+03 +0.110173E+03 -0.670193E+02 +0.142407E+02 +0.456556E+02 +0.000000E+00 +0.000000E+00 +0.182271E-02 -0.154394E-02 +0.000000E+00 +0.173491E-02 +0.000000E+00 +0.000000E+00
 +0.148320E+01 -0.100940E+03 +0.110194E+03 -0.674630E+02 +0.141011E+02 +0.458302E+02 +0.000000E+00 +0.000000E+00 +0.182576E-02 -0.154972E-02 +0.000000E+00 +0.174155E-02 +0.000000E+00 +0.000000E+00
 +0.148320E+01 -0.100950E+03 +0.110220E+03 -0.679017E+02 +0.139652E+02 +0.459994E+02 +0.000000E+00 +0.000000E+00 +0.182885E-02 -0.155547E-02 +0.000000E+00 +0.174798E-02 +0.000000E+00 +0.000000E+00
 +0.148320E+01 -0.100960E+03 +0.110258E+03 -0.683319E+02 +0.138355E+02 +0.461592E+02 +0.000000E+00 +0.000000E+00 +0.183202E-02 -0.156118E-02 +0.000000E+00 +0.175405E-02 +0.000000E+00 +0.000000E+00
 +0.148320E+01 -0.100970E+03 +0.110300E+03 -0.687573E+02 +0.137092E+02 +0.463140E+02 +0.000000E+00 +0.000000E+00 +0.183523E-02 -0.156686E-02 +0.000000E+00 +0.175993E-02 +0.000000E+00 +0.000000E+00
 +0.148320E+01 -0.100980E+03 +0.110353E+03 -0.691742E+02 +0.135889E+02 +0.464596E+02 +0.000000E+00 +0.000000E+00 +0.183851E-02 -0.157250E-02 +0.000000E+00 +0.176546E-02 +0.000000E+00 +0.000000E+00
 +0.148320E+01 -0.100990E+03 +0.110410E+03 -0.695868E+02 +0.134717E+02 +0.466006E+02 +0.000000E+00 +0.000000E+00 +0.184183E-02 -0.157811E-02 +0.000000E+00 +0.177082E-02 +0.000000E+00 +0.000000E+00
 +0.148320E+01 -0.101000E+03 +0.110477E+03 -0.699907E+02 +0.133603E+02 +0.467327E+02 +0.000000E+00 +0.000000E+00 +0.184521E-02 -0.158367E-02 +0.000000E+00 +0.177584E-02 +0.000000E+00 +0.000000E+00
 +0.148320E+01 -0.101010E+03 +0.110547E+03 -0.703906E+02 +0.132517E+02 +0.468606E+02 +0.000000E+00 +0.000000E+00 +0.184862E-02 -0.158920E-02 +0.000000E+00 +0.178070E-02 +0.000000E+00 +0.000000E+00
 +0.148320E+01 -0.101020E+03 +0.110627E+03 -0.707819E+02 +0.131488E+02 +0.469797E+02 +0.000000E+00 +0.000000E+00 +0.185208E-02 -0.159468E-02 +0.000000E+00 +0.178523E-02 +0.000000E+00 +0.000000E+00
 +0.148320E+01 -0.101030E+03 +0.110710E+03 -0.711695E+02 +0.130484E+02 +0.470950E+02 +0.000000E+00 +0.000000E+00 +0.185557E-02 -0.160014E-02 +0.000000E+00 +0.178961E-02 +0.000000E+00 +0.000000E+00
 +0.148320E+01 -0.101040E+03 +0.110801E+03 -0.715485E+02 +0.129535E+02 +0.472017E+02 +0.000000E+00 +0.000000E+00 +0.185911E-02 -0.160554E-02 +0.000000E+00 +0.179366E-02 +0.000000E+00 +0.000000E+00
 +0.148320E+01 -0.101050E+03 +0.110896E+03 -0.719239E+02 +0.128609E+02 +0.473049E+02 +0.000000E+00 +0.000000E+00 +0.186267E-02 -0.161091E-02 +0.000000E+00 +0.179758E-02 +0.000000E+00 +0.000000E+00
 +0.148320E+01 -0.101060E+03 +0.110999E+03 -0.722909E+02 +0.127736E+02 +0.473997E+02 +0.000000E+00 +0.000000E+00 +0.186628E-02 -0.161623E-02 +0.000000E+00 +0.180119E-02 +0.000000E+00 +0.000000E+00
 +0.148320E+01 -0.101070E+03 +0.111104E+03 -0.726545E+02 +0.126884E+02 +0.474914E+02 +0.000000E+00 +0.000000E+00 +0.186990E-02 -0.162152E-02 +0.000000E+00 +0.180467E-02 +0.000000E+00 +0.000000E+00
 +0.148320E+01 -0.101080E+03 +0.111217E+03 -0.730097E+02 +0.126083E+02 +0.475749E+02 +0.000000E+00 +0.000000E+00 +0.187356E-02 -0.162674E-02 +0.000000E+00 +0.180785E-02 +0.000000E+00 +0.000000E+00
 +0.148320E+01 -0.101090E+03 +0.111332E+03 -0.733619E+02 +0.125302E+02 +0.476555E+02 +0.000000E+00 +0.000000E+00 +0.187724E-02 -0.163195E-02 +0.000000E+00 +0.181091E-02 +0.000000E+00 +0.000000E+00
 +0.148320E+01 -0.101100E+03 +0.111454E+03 -0.737056E+02 +0.124570E+02 +0.477282E+02 +0.000000E+00 +0.000000E+00 +0.188095E-02 -0.163709E-02 +0.000000E+00 +0.181367E-02 +0.000000E+00 +0.000000E+00
 +0.148320E+01 -0.101110E+03 +0.111578E+03 -0.740465E+02 +0.123855E+02 +0.477981E+02 +0.000000E+00 +0.000000E+00 +0.188466E-02 -0.164221E-02 +0.000000E+00 +0.181633E-02 +0.000000E+00 +0.000000E+00
 +0.148320E+01 -0.101120E+03 +0.111709E+03 -0.743791E+02 +0.123189E+02 +0.478604E+02 +0.000000E+00 +0.000000E+00 +0.188841E-02 -0.164726E-02 +0.000000E+00 +0.181870E-02 +0.000000E+00 +0.000000E+00
 +0.148320E+01 -0.101130E+03 +0.111842E+03 -0.747090E+02 +0.122538E+02 +0.479203E+02 +0.000000E+00 +0.000000E+00 +0.189217E-02 -0.165229E-02 +0.000000E+00 +0.182097E-02 +0.000000E+00 +0.000000E+00
 +0.148320E+01 -0.101140E+03 +0.111980E+03 -0.750306E+02 +0.121934E+02 +0.479726E+02 +0.000000E+00 +0.000000E+00 +0.189595E-02 -0.165726E-02 +0.000000E+00 +0.182296E-02 +0.000000E+00 +0.000000E+00
 +0.148320E+01 -0.101150E+03 +0.112120E+03 -0.753498E+02 +0.121343E+02 +0.480228E+02 +0.000000E+00 +0.000000E+00 +0.189974E-02 -0.166220E-02 +0.000000E+00 +0.182487E-02 +0.000000E+00 +0.000000E+00
 +0.148320E+01 -0.101160E+03 +0.112266E+03 -0.756608E+02 +0.120798E+02 +0.480656E+02 +0.000000E+00 +0.000000E+00 +0.190354E-02 -0.166707E-02 +0.000000E+00 +0.182649E-02 +0.000000E+00 +0.000000E+00
 +0.148320E+01 -0.101170E+03 +0.112414E+03 -0.759695E+02 +0.120265E+02 +0.481065E+02 +0.000000E+00 +0.000000E+00 +0.190735E-02 -0.167192E-02 +0.000000E+00 +0.182805E-02 +0.000000E+00 +0.000000E+00
 +0.148320E+01 -0.101180E+03 +0.112566E+03 -0.762701E+02 +0.119777E+02 +0.481403E+02 +0.000000E+00 +0.000000E+00 +0.191118E-02 -0.167671E-02 +0.000000E+00 +0.182933E-02 +0.000000E+00 +0.000000E+00
 +0.148320E+01 -0.101190E+03 +0.112720E+03 -0.765686E+02 +0.119299E+02 +0.481723E+02 +0.000000E+00 +0.000000E+00 +0.191501E-02 -0.168147E-02 +0.000000E+00 +0.183055E-02 +0.000000E+00 +0.000000E+00
 +0.148320E+01 -0.101200E+03 +0.112878E+03 -0.768590E+02 +0.118863E+02 +0.481973E+02 +0.000000E+00 +0.000000E+00 +0.191885E-02 -0.168616E-02 +0.000000E+00 +0.183150E-02 +0.000000E+00 +0.000000E+00
 +0.148320E+01 -0.101210E+03 +0.113038E+03 -0.771475E+02 +0.118438E+02 +0.482208E+02 +0.000000E+00 +0.000000E+00 +0.192269E-02 -0.169084E-02 +0.000000E+00 +0.183239E-02 +0.000000E+00 +0.000000E+00
 +0.148320E+01 -0.101220E+03 +0.113202E+03 -0.774280E+02 +0.118054E+02 +0.482375E+02 +0.000000E+00 +0.000000E+00 +0.192653E-02 -0.169543E-02 +0.000000E+00 +0.183303E-02 +0.000000E+00 +0.000000E+00
 +0.148320E+01 -0.101230E+03 +0.113367E+03 -0.777068E+02 +0.117678E+02 +0.482529E+02 +0.000000E+00 +0.000000E+00 +0.193038E-02 -0.170002E-02 +0.000000E+00 +0.183361E-02 +0.000000E+00 +0.000000E+00
 +0.148320E+01 -0.101240E+03 +0.113536E+03 -0.779777E+02 +0.117342E+02 +0.482616E+02 +0.000000E+00 +0.000000E+00 +0.193423E-02 -0.170453E-02 +0.000000E+00 +0.183394E-02 +0.000000E+00 +0.000000E+00
 +0.148320E+01 -0.101250E+03 +0.113706E+03 -0.782470E+02 +0.117014E+02 +0.482692E+02 +0.000000E+00 +0.000000E+00 +0.193808E-02 -0.170902E-02 +0.000000E+00 +0.183423E-02 +0.000000E+00 +0.000000E+00
 +0.148320E+01 -0.101260E+03 +0.113879E+03 -0.785084E+02 +0.116724E+02 +0.482703E+02 +0.000000E+00 +0.000000E+00 +0.194193E-02 -0.171343E-02 +0.000000E+00 +0.183427E-02 +0.000000E+00 +0.000000E+00
 +0.148320E+01 -0.101270E+03 +0.114054E+03 -0.787684E+02 +0.116441E+02 +0.482704E+02 +0.000000E+00 +0.000000E+00 +0.194578E-02 -0.171784E-02 +0.000000E+00 +0.183428E-02 +0.000000E+00 +0.000000E+00
 +0.148320E+01 -0.101280E+03 +0.114231E+03 -0.790206E+02 +0.116195E+02 +0.482643E+02 +0.000000E+00 +0.000000E+00 +0.194962E-02 -0.172216E-02 +0.000000E+00 +0.183404E-02 +0.000000E+00 +0.000000E+00
 +0.148320E+01 -0.101290E+03 +0.114410E+03 -0.792716E+02 +0.115955E+02 +0.482573E+02 +0.000000E+00 +0.000000E+00 +0.195347E-02 -0.172648E-02 +0.000000E+00 +0.183378E-02 +0.000000E+00 +0.000000E+00
 +0.148320E+01 -0.101300E+03 +0.114591E+03 -0.795148E+02 +0.115752E+02 +0.482442E+02 +0.000000E+00 +0.000000E+00 +0.195730E-02 -0.173071E-02 +0.000000E+00 +0.183328E-02 +0.000000E+00 +0.000000E+00
 +0.148320E+01 -0.101310E+03 +0.114773E+03 -0.797569E+02 +0.115553E+02 +0.482304E+02 +0.000000E+00 +0.000000E+00 +0.196113E-02 -0.173493E-02 +0.000000E+00 +0.183275E-02 +0.000000E+00 +0.000000E+00
 +0.148320E+01 -0.101320E+03 +0.114958E+03 -0.799914E+02 +0.115389E+02 +0.482107E+02 +0.000000E+00 +0.000000E+00 +0.196496E-02 -0.173907E-02 +0.000000E+00 +0.183200E-02 +0.000000E+00 +0.000000E+00
 +0.148320E+01 -0.101330E+03 +0.115143E+03 -0.802249E+02 +0.115229E+02 +0.481903E+02 +0.000000E+00 +0.000000E+00 +0.196878E-02 -0.174321E-02 +0.000000E+00 +0.183123E-02 +0.000000E+00 +0.000000E+00
 +0.148320E+01 -0.101340E+03 +0.115331E+03 -0.804508E+02 +0.115103E+02 +0.481642E+02 +0.000000E+00 +0.000000E+00 +0.197258E-02 -0.174726E-02 +0.000000E+00 +0.183024E-02 +0.000000E+00 +0.000000E+00
 +0.148320E+01 -0.101350E+03 +0.115519E+03 -0.806759E+02 +0.114981E+02 +0.481376E+02 +0.000000E+00 +0.000000E+00 +0.197639E-02 -0.175131E-02 +0.000000E+00 +0.182923E-02 +0.000000E+00 +0.000000E+00
 +0.148320E+01 -0.101360E+03 +0.115709E+03 -0.808934E+02 +0.114891E+02 +0.481054E+02 +0.000000E+00 +0.000000E+00 +0.198018E-02 -0.175527E-02 +0.000000E+00 +0.182801E-02 +0.000000E+00 +0.000000E+00
 +0.148320E+01 -0.101370E+03 +0.115899E+03 -0.811103E+02 +0.114804E+02 +0.480728E+02 +0.000000E+00 +0.000000E+00 +0.198396E-02 -0.175922E-02 +0.000000E+00 +0.182677E-02 +0.000000E+00 +0.000000E+00
 +0.148320E+01 -0.101380E+03 +0.116092E+03 -0.813197E+02 +0.114749E+02 +0.480349E+02 +0.000000E+00 +0.000000E+00 +0.198773E-02 -0.176310E-02 +0.000000E+00 +0.182533E-02 +0.000000E+00 +0.000000E+00
 +0.148320E+01 -0.101390E+03 +0.116285E+03 -0.815286E+02 +0.114696E+02 +0.479966E+02 +0.000000E+00 +0.000000E+00 +0.199149E-02 -0.176697E-02 +0.000000E+00 +0.182387E-02 +0.000000E+00 +0.000000E+00
 +0.148320E+01 -0.101400E+03 +0.116480E+03 -0.817301E+02 +0.114674E+02 +0.479532E+02 +0.000000E+00 +0.000000E+00 +0.199523E-02 -0.177075E-02 +0.000000E+00 +0.182222E-02 +0.000000E+00 +0.000000E+00
 +0.148320E+01 -0.101410E+03 +0.116674E+03 -0.819312E+02 +0.114653E+02 +0.479094E+02 +0.000000E+00 +0.000000E+00 +0.199897E-02 -0.177453E-02 +0.000000E+00 +0.182056E-02 +0.000000E+00 +0.000000E+00
 +0.148320E+01 -0.101420E+03 +0.116871E+03 -0.821249E+02 +0.114662E+02 +0.478607E+02 +0.000000E+00 +0.000000E+00 +0.200269E-02 -0.177823E-02 +0.000000E+00 +0.181870E-02 +0.000000E+00 +0.000000E+00
 +0.148320E+01 -0.101430E+03 +0.117067E+03 -0.823183E+02 +0.114672E+02 +0.478117E+02 +0.000000E+00 +0.000000E+00 +0.200640E-02 -0.178192E-02 +0.000000E+00 +0.181685E-02 +0.000000E+00 +0.000000E+00
 +0.148320E+01 -0.101440E+03 +0.117265E+03 -0.825045E+02 +0.114711E+02 +0.477579E+02 +0.000000E+00 +0.000000E+00 +0.201009E-02 -0.178554E-02 +0.000000E+00 +0.181480E-02 +0.000000E+00 +0.000000E+00
 +0.148320E+01 -0.101450E+03 +0.117463E+03 -0.826904E+02 +0.114750E+02 +0.477040E+02 +0.000000E+00 +0.000000E+00 +0.201378E-02 -0.178914E-02 +0.000000E+00 +0.181275E-02 +0.000000E+00 +0.000000E+00
 +0.148320E+01 -0.101460E+03 +0.117662E+03 -0.828692E+02 +0.114817E+02 +0.476454E+02 +0.000000E+00 +0.000000E+00 +0.201743E-02 -0.179267E-02 +0.000000E+00 +0.181053E-02 +0.000000E+00 +0.000000E+00
 +0.148320E+01 -0.101470E+03 +0.117862E+03 -0.830479E+02 +0.114885E+02 +0.475867E+02 +0.000000E+00 +0.000000E+00 +0.202109E-02 -0.179619E-02 +0.000000E+00 +0.180830E-02 +0.000000E+00 +0.000000E+00
 +0.148320E+01 -0.101480E+03 +0.118062E+03 -0.832195E+02 +0.114979E+02 +0.475236E+02 +0.000000E+00 +0.000000E+00 +0.202471E-02 -0.179963E-02 +0.000000E+00 +0.180589E-02 +0.000000E+00 +0.000000E+00
 +0.148320E+01 -0.101490E+03 +0.118262E+03 -0.833910E+02 +0.115074E+02 +0.474603E+02 +0.000000E+00 +0.000000E+00 +0.202834E-02 -0.180307E-02 +0.000000E+00 +0.180349E-02 +0.000000E+00 +0.000000E+00
 +0.148320E+01 -0.101500E+03 +0.118463E+03 -0.835557E+02 +0.115194E+02 +0.473928E+02 +0.000000E+00 +0.000000E+00 +0.203193E-02 -0.180643E-02 +0.000000E+00 +0.180093E-02 +0.000000E+00 +0.000000E+00
 +0.148320E+01 -0.101510E+03 +0.118664E+03 -0.837202E+02 +0.115314E+02 +0.473252E+02 +0.000000E+00 +0.000000E+00 +0.203552E-02 -0.180978E-02 +0.000000E+00 +0.179836E-02 +0.000000E+00 +0.000000E+00
 +0.148320E+01 -0.101520E+03 +0.118865E+03 -0.838781E+02 +0.115458E+02 +0.472536E+02 +0.000000E+00 +0.000000E+00 +0.203907E-02 -0.181305E-02 +0.000000E+00 +0.179564E-02 +0.000000E+00 +0.000000E+00
 +0.148320E+01 -0.101530E+03 +0.119067E+03 -0.840357E+02 +0.115603E+02 +0.471818E+02 +0.000000E+00 +0.000000E+00 +0.204263E-02 -0.181632E-02 +0.000000E+00 +0.179291E-02 +0.000000E+00 +0.000000E+00
 +0.148320E+01 -0.101540E+03 +0.119269E+03 -0.841871E+02 +0.115770E+02 +0.471063E+02 +0.000000E+00 +0.000000E+00 +0.204614E-02 -0.181952E-02 +0.000000E+00 +0.179004E-02 +0.000000E+00 +0.000000E+00
 +0.148320E+01 -0.101550E+03 +0.119471E+03 -0.843380E+02 +0.115938E+02 +0.470305E+02 +0.000000E+00 +0.000000E+00 +0.204966E-02 -0.182270E-02 +0.000000E+00 +0.178716E-02 +0.000000E+00 +0.000000E+00
 +0.148320E+01 -0.101560E+03 +0.119673E+03 -0.844829E+02 +0.116127E+02 +0.469512E+02 +0.000000E+00 +0.000000E+00 +0.205314E-02 -0.182582E-02 +0.000000E+00 +0.178415E-02 +0.000000E+00 +0.000000E+00
 +0.148320E+01 -0.101570E+03 +0.119875E+03 -0.846274E+02 +0.116317E+02 +0.468717E+02 +0.000000E+00 +0.000000E+00 +0.205662E-02 -0.182892E-02 +0.000000E+00 +0.178113E-02 +0.000000E+00 +0.000000E+00
 +0.148320E+01 -0.101580E+03 +0.120077E+03 -0.847660E+02 +0.116527E+02 +0.467889E+02 +0.000000E+00 +0.000000E+00 +0.206007E-02 -0.183196E-02 +0.000000E+00 +0.177798E-02 +0.000000E+00 +0.000000E+00
 +0.148320E+01 -0.101590E+03 +0.120280E+03 -0.849041E+02 +0.116739E+02 +0.467058E+02 +0.000000E+00 +0.000000E+00 +0.206351E-02 -0.183498E-02 +0.000000E+00 +0.177482E-02 +0.000000E+00 +0.000000E+00
 +0.148320E+01 -0.101600E+03 +0.120482E+03 -0.850366E+02 +0.116969E+02 +0.466196E+02 +0.000000E+00 +0.000000E+00 +0.206691E-02 -0.183794E-02 +0.000000E+00 +0.177154E-02 +0.000000E+00 +0.000000E+00
 +0.148320E+01 -0.101610E+03 +0.120684E+03 -0.851685E+02 +0.117201E+02 +0.465330E+02 +0.000000E+00 +0.000000E+00 +0.207031E-02 -0.184088E-02 +0.000000E+00 +0.176826E-02 +0.000000E+00 +0.000000E+00
 +0.148320E+01 -0.101620E+03 +0.120886E+03 -0.852951E+02 +0.117450E+02 +0.464436E+02 +0.000000E+00 +0.000000E+00 +0.207368E-02 -0.184376E-02 +0.000000E+00 +0.176486E-02 +0.000000E+00 +0.000000E+00
 +0.148320E+01 -0.101630E+03 +0.121088E+03 -0.854209E+02 +0.117701E+02 +0.463539E+02 +0.000000E+00 +0.000000E+00 +0.207704E-02 -0.184663E-02 +0.000000E+00 +0.176145E-02 +0.000000E+00 +0.000000E+00
 +0.148320E+01 -0.101640E+03 +0.121290E+03 -0.855416E+02 +0.117968E+02 +0.462614E+02 +0.000000E+00 +0.000000E+00 +0.208036E-02 -0.184943E-02 +0.000000E+00 +0.175793E-02 +0.000000E+00 +0.000000E+00
 +0.148320E+01 -0.101650E+03 +0.121491E+03 -0.856616E+02 +0.118238E+02 +0.461685E+02 +0.000000E+00 +0.000000E+00 +0.208368E-02 -0.185222E-02 +0.000000E+00 +0.175440E-02 +0.000000E+00 +0.000000E+00
 +0.148320E+01 -0.101660E+03 +0.121692E+03 -0.857766E+02 +0.118522E+02 +0.460731E+02 +0.000000E+00 +0.000000E+00 +0.208696E-02 -0.185495E-02 +0.000000E+00 +0.175078E-02 +0.000000E+00 +0.000000E+00
 +0.148320E+01 -0.101670E+03 +0.121894E+03 -0.858909E+02 +0.118809E+02 +0.459774E+02 +0.000000E+00 +0.000000E+00 +0.209024E-02 -0.185766E-02 +0.000000E+00 +0.174714E-02 +0.000000E+00 +0.000000E+00
 +0.148320E+01 -0.101680E+03 +0.122094E+03 -0.860003E+02 +0.119110E+02 +0.458792E+02 +0.000000E+00 +0.000000E+00 +0.209348E-02 -0.186031E-02 +0.000000E+00 +0.174341E-02 +0.000000E+00 +0.000000E+00
 +0.148320E+01 -0.101690E+03 +0.122295E+03 -0.861090E+02 +0.119413E+02 +0.457807E+02 +0.000000E+00 +0.000000E+00 +0.209671E-02 -0.186295E-02 +0.000000E+00 +0.173967E-02 +0.000000E+00 +0.000000E+00
 +0.148320E+01 -0.101700E+03 +0.122495E+03 -0.862130E+02 +0.119729E+02 +0.456799E+02 +0.000000E+00 +0.000000E+00 +0.209991E-02 -0.186553E-02 +0.000000E+00 +0.173584E-02 +0.000000E+00 +0.000000E+00
 +0.148320E+01 -0.101710E+03 +0.122694E+03 -0.863162E+02 +0.120048E+02 +0.455788E+02 +0.000000E+00 +0.000000E+00 +0.210310E-02 -0.186810E-02 +0.000000E+00 +0.173199E-02 +0.000000E+00 +0.000000E+00
 +0.148320E+01 -0.101720E+03 +0.122894E+03 -0.864150E+02 +0.120380E+02 +0.454756E+02 +0.000000E+00 +0.000000E+00 +0.210626E-02 -0.187061E-02 +0.000000E+00 +0.172807E-02 +0.000000E+00 +0.000000E+00
 +0.148320E+01 -0.101730E+03 +0.123093E+03 -0.865128E+02 +0.120714E+02 +0.453719E+02 +0.000000E+00 +0.000000E+00 +0.210941E-02 -0.187310E-02 +0.000000E+00 +0.172413E-02 +0.000000E+00 +0.000000E+00
 +0.148320E+01 -0.101740E+03 +0.123291E+03 -0.866064E+02 +0.121059E+02 +0.452663E+02 +0.000000E+00 +0.000000E+00 +0.211252E-02 -0.187553E-02 +0.000000E+00 +0.172012E-02 +0.000000E+00 +0.000000E+00
 +0.148320E+01 -0.101750E+03 +0.123489E+03 -0.866991E+02 +0.121407E+02 +0.451603E+02 +0.000000E+00 +0.000000E+00 +0.211562E-02 -0.187796E-02 +0.000000E+00 +0.171609E-02 +0.000000E+00 +0.000000E+00
 +0.148320E+01 -0.101760E+03 +0.123687E+03 -0.867877E+02 +0.121766E+02 +0.450526E+02 +0.000000E+00 +0.000000E+00 +0.211869E-02 -0.188032E-02 +0.000000E+00 +0.171200E-02 +0.000000E+00 +0.000000E+00
 +0.148320E+01 -0.101770E+03 +0.123884E+03 -0.868753E+02 +0.122128E+02 +0.449443E+02 +0.000000E+00 +0.000000E+00 +0.212175E-02 -0.188267E-02 +0.000000E+00 +0.170789E-02 +0.000000E+00 +0.000000E+00
 +0.148320E+01 -0.101780E+03 +0.124080E+03 -0.869590E+02 +0.122499E+02 +0.448345E+02 +0.000000E+00 +0.000000E+00 +0.212477E-02 -0.188497E-02 +0.000000E+00 +0.170371E-02 +0.000000E+00 +0.000000E+00
 +0.148320E+01 -0.101790E+03 +0.124276E+03 -0.870416E+02 +0.122874E+02 +0.447242E+02 +0.000000E+00 +0.000000E+00 +0.212779E-02 -0.188725E-02 +0.000000E+00 +0.169952E-02 +0.000000E+00 +0.000000E+00
 +0.148320E+01 -0.101800E+03 +0.124471E+03 -0.871205E+02 +0.123258E+02 +0.446123E+02 +0.000000E+00 +0.000000E+00 +0.213077E-02 -0.188948E-02 +0.000000E+00 +0.169527E-02 +0.000000E+00 +0.000000E+00
 +0.148320E+01 -0.101810E+03 +0.124666E+03 -0.871984E+02 +0.123644E+02 +0.445000E+02 +0.000000E+00 +0.000000E+00 +0.213374E-02 -0.189169E-02 +0.000000E+00 +0.169100E-02 +0.000000E+00 +0.000000E+00
 +0.148320E+01 -0.101820E+03 +0.124860E+03 -0.872727E+02 +0.124040E+02 +0.443863E+02 +0.000000E+00 +0.000000E+00 +0.213667E-02 -0.189386E-02 +0.000000E+00 +0.168668E-02 +0.000000E+00 +0.000000E+00
 +0.148320E+01 -0.101830E+03 +0.125054E+03 -0.873458E+02 +0.124438E+02 +0.442722E+02 +0.000000E+00 +0.000000E+00 +0.213960E-02 -0.189600E-02 +0.000000E+00 +0.168234E-02 +0.000000E+00 +0.000000E+00
 +0.148320E+01 -0.101840E+03 +0.125247E+03 -0.874155E+02 +0.124844E+02 +0.441568E+02 +0.000000E+00 +0.000000E+00 +0.214249E-02 -0.189810E-02 +0.000000E+00 +0.167796E-02 +0.000000E+00 +0.000000E+00
 +0.148320E+01 -0.101850E+03 +0.125440E+03 -0.874841E+02 +0.125253E+02 +0.440409E+02 +0.000000E+00 +0.000000E+00 +0.214537E-02 -0.190018E-02 +0.000000E+00 +0.167355E-02 +0.000000E+00 +0.000000E+00
 +0.148320E+01 -0.101860E+03 +0.125631E+03 -0.875494E+02 +0.125669E+02 +0.439238E+02 +0.000000E+00 +0.000000E+00 +0.214822E-02 -0.190221E-02 +0.000000E+00 +0.166910E-02 +0.000000E+00 +0.000000E+00
 +0.148320E+01 -0.101870E+03 +0.125822E+03 -0.876136E+02 +0.126089E+02 +0.438063E+02 +0.000000E+00 +0.000000E+00 +0.215105E-02 -0.190423E-02 +0.000000E+00 +0.166464E-02 +0.000000E+00 +0.000000E+00
 +0.148320E+01 -0.101880E+03 +0.126013E+03 -0.876746E+02 +0.126515E+02 +0.436877E+02 +0.000000E+00 +0.000000E+00 +0.215386E-02 -0.190620E-02 +0.000000E+00 +0.166013E-02 +0.000000E+00 +0.000000E+00
 +0.148320E+01 -0.101890E+03 +0.126202E+03 -0.877343E+02 +0.126944E+02 +0.435686E+02 +0.000000E+00 +0.000000E+00 +0.215665E-02 -0.190815E-02 +0.000000E+00 +0.165561E-02 +0.000000E+00 +0.000000E+00
 +0.148320E+01 -0.101900E+03 +0.126391E+03 -0.877911E+02 +0.127380E+02 +0.434485E+02 +0.000000E+00 +0.000000E+00 +0.215941E-02 -0.191005E-02 +0.000000E+00 +0.165104E-02 +0.000000E+00 +0.000000E+00
 +0.148320E+01 -0.101910E+03 +0.126580E+03 -0.878467E+02 +0.127818E+02 +0.433281E+02 +0.000000E+00 +0.000000E+00 +0.216216E-02 -0.191194E-02 +0.000000E+00 +0.164647E-02 +0.000000E+00 +0.000000E+00
 +0.148320E+01 -0.101920E+03 +0.126767E+03 -0.878994E+02 +0.128263E+02 +0.432067E+02 +0.000000E+00 +0.000000E+00 +0.216487E-02 -0.191379E-02 +0.000000E+00 +0.164185E-02 +0.000000E+00 +0.000000E+00
 +0.148320E+01 -0.101930E+03 +0.126954E+03 -0.879508E+02 +0.128710E+02 +0.430848E+02 +0.000000E+00 +0.000000E+00 +0.216757E-02 -0.191561E-02 +0.000000E+00 +0.163722E-02 +0.000000E+00 +0.000000E+00
 +0.148320E+01 -0.101940E+03 +0.127140E+03 -0.879995E+02 +0.129163E+02 +0.429622E+02 +0.000000E+00 +0.000000E+00 +0.217025E-02 -0.191740E-02 +0.000000E+00 +0.163256E-02 +0.000000E+00 +0.000000E+00
 +0.148320E+01 -0.101950E+03 +0.127325E+03 -0.880469E+02 +0.129618E+02 +0.428391E+02 +0.000000E+00 +0.000000E+00 +0.217290E-02 -0.191917E-02 +0.000000E+00 +0.162789E-02 +0.000000E+00 +0.000000E+00
 +0.148320E+01 -0.101960E+03 +0.127510E+03 -0.880917E+02 +0.130079E+02 +0.427153E+02 +0.000000E+00 +0.000000E+00 +0.217553E-02 -0.192089E-02 +0.000000E+00 +0.162318E-02 +0.000000E+00 +0.000000E+00
 +0.148320E+01 -0.101970E+03 +0.127694E+03 -0.881352E+02 +0.130542E+02 +0.425911E+02 +0.000000E+00 +0.000000E+00 +0.217815E-02 -0.192260E-02 +0.000000E+00 +0.161846E-02 +0.000000E+00 +0.000000E+00
 +0.148320E+01 -0.101980E+03 +0.127876E+03 -0.881762E+02 +0.131011E+02 +0.424661E+02 +0.000000E+00 +0.000000E+00 +0.218073E-02 -0.192427E-02 +0.000000E+00 +0.161371E-02 +0.000000E+00 +0.000000E+00
 +0.148320E+01 -0.101990E+03 +0.128059E+03 -0.882159E+02 +0.131481E+02 +0.423408E+02 +0.000000E+00 +0.000000E+00 +0.218330E-02 -0.192592E-02 +0.000000E+00 +0.160895E-02 +0.000000E+00 +0.000000E+00
 +0.148320E+01 -0.102000E+03 +0.128240E+03 -0.882533E+02 +0.131956E+02 +0.422149E+02 +0.000000E+00 +0.000000E+00 +0.218584E-02 -0.192753E-02 +0.000000E+00 +0.160417E-02 +0.000000E+00 +0.000000E+00
 +0.148320E+01 -0.102010E+03 +0.128421E+03 -0.882892E+02 +0.132434E+02 +0.420886E+02 +0.000000E+00 +0.000000E+00 +0.218837E-02 -0.192912E-02 +0.000000E+00 +0.159937E-02 +0.000000E+00 +0.000000E+00
 +0.148320E+01 -0.102020E+03 +0.128600E+03 -0.883230E+02 +0.132916E+02 +0.419618E+02 +0.000000E+00 +0.000000E+00 +0.219087E-02 -0.193068E-02 +0.000000E+00 +0.159455E-02 +0.000000E+00 +0.000000E+00
 +0.148320E+01 -0.102030E+03 +0.128779E+03 -0.883553E+02 +0.133400E+02 +0.418346E+02 +0.000000E+00 +0.000000E+00 +0.219335E-02 -0.193221E-02 +0.000000E+00 +0.158971E-02 +0.000000E+00 +0.000000E+00
 +0.148320E+01 -0.102040E+03 +0.128958E+03 -0.883855E+02 +0.133888E+02 +0.417068E+02 +0.000000E+00 +0.000000E+00 +0.219581E-02 -0.193371E-02 +0.000000E+00 +0.158486E-02 +0.000000E+00 +0.000000E+00
 +0.148320E+01 -0.102050E+03 +0.129135E+03 -0.884144E+02 +0.134378E+02 +0.415788E+02 +0.000000E+00 +0.000000E+00 +0.219825E-02 -0.193519E-02 +0.000000E+00 +0.157999E-02 +0.000000E+00 +0.000000E+00
 +0.148320E+01 -0.102060E+03 +0.129311E+03 -0.884411E+02 +0.134872E+02 +0.414502E+02 +0.000000E+00 +0.000000E+00 +0.220066E-02 -0.193664E-02 +0.000000E+00 +0.157511E-02 +0.000000E+00 +0.000000E+00
 +0.148320E+01 -0.102070E+03 +0.129487E+03 -0.884665E+02 +0.135368E+02 +0.413213E+02 +0.000000E+00 +0.000000E+00 +0.220306E-02 -0.193806E-02 +0.000000E+00 +0.157021E-02 +0.000000E+00 +0.000000E+00
 +0.148320E+01 -0.102080E+03 +0.129662E+03 -0.884900E+02 +0.135867E+02 +0.411920E+02 +0.000000E+00 +0.000000E+00 +0.220543E-02 -0.193946E-02 +0.000000E+00 +0.156530E-02 +0.000000E+00 +0.000000E+00
 +0.148320E+01 -0.102090E+03 +0.129836E+03 -0.885120E+02 +0.136368E+02 +0.410624E+02 +0.000000E+00 +0.000000E+00 +0.220778E-02 -0.194083E-02 +0.000000E+00 +0.156037E-02 +0.000000E+00 +0.000000E+00
 +0.148320E+01 -0.102100E+03 +0.130009E+03 -0.885321E+02 +0.136873E+02 +0.409324E+02 +0.000000E+00 +0.000000E+00 +0.221011E-02 -0.194217E-02 +0.000000E+00 +0.155543E-02 +0.000000E+00 +0.000000E+00
 +0.148320E+01 -0.102110E+03 +0.130181E+03 -0.885509E+02 +0.137380E+02 +0.408020E+02 +0.000000E+00 +0.000000E+00 +0.221242E-02 -0.194349E-02 +0.000000E+00 +0.155048E-02 +0.000000E+00 +0.000000E+00
 +0.148320E+01 -0.102120E+03 +0.130352E+03 -0.885678E+02 +0.137889E+02 +0.406713E+02 +0.000000E+00 +0.000000E+00 +0.221471E-02 -0.194478E-02 +0.000000E+00 +0.154551E-02 +0.000000E+00 +0.000000E+00
 +0.148320E+01 -0.102130E+03 +0.130523E+03 -0.885834E+02 +0.138400E+02 +0.405402E+02 +0.000000E+00 +0.000000E+00 +0.221697E-02 -0.194604E-02 +0.000000E+00 +0.154053E-02 +0.000000E+00 +0.000000E+00
 +0.148320E+01 -0.102140E+03 +0.130692E+03 -0.885971E+02 +0.138915E+02 +0.404087E+02 +0.000000E+00 +0.000000E+00 +0.221922E-02 -0.194728E-02 +0.000000E+00 +0.153553E-02 +0.000000E+00 +0.000000E+00
 +0.148320E+01 -0.102150E+03 +0.130861E+03 -0.886095E+02 +0.139431E+02 +0.402768E+02 +0.000000E+00 +0.000000E+00 +0.222145E-02 -0.194850E-02 +0.000000E+00 +0.153052E-02 +0.000000E+00 +0.000000E+00
 +0.148320E+01 -0.102160E+03 +0.131029E+03 -0.886202E+02 +0.139949E+02 +0.401446E+02 +0.000000E+00 +0.000000E+00 +0.222365E-02 -0.194969E-02 +0.000000E+00 +0.152549E-02 +0.000000E+00 +0.000000E+00
 +0.148320E+01 -0.102170E+03 +0.131196E+03 -0.886295E+02 +0.140470E+02 +0.400119E+02 +0.000000E+00 +0.000000E+00 +0.222584E-02 -0.195085E-02 +0.000000E+00 +0.152045E-02 +0.000000E+00 +0.000000E+00
 +0.148320E+01 -0.102180E+03 +0.131363E+03 -0.886373E+02 +0.140993E+02 +0.398788E+02 +0.000000E+00 +0.000000E+00 +0.222800E-02 -0.195200E-02 +0.000000E+00 +0.151540E-02 +0.000000E+00 +0.000000E+00
 +0.148320E+01 -0.102190E+03 +0.131528E+03 -0.886438E+02 +0.141518E+02 +0.397457E+02 +0.000000E+00 +0.000000E+00 +0.223015E-02 -0.195312E-02 +0.000000E+00 +0.151034E-02 +0.000000E+00 +0.000000E+00
 +0.148320E+01 -0.102200E+03 +0.131693E+03 -0.886490E+02 +0.142045E+02 +0.396125E+02 +0.000000E+00 +0.000000E+00 +0.223228E-02 -0.195422E-02 +0.000000E+00 +0.150527E-02 +0.000000E+00 +0.000000E+00
 +0.148320E+01 -0.102210E+03 +0.131862E+03 -0.886585E+02 +0.142570E+02 +0.394565E+02 +0.000000E+00 +0.000000E+00 +0.223449E-02 -0.195540E-02 +0.000000E+00 +0.149935E-02 +0.000000E+00 +0.000000E+00
 +0.148320E+01 -0.102220E+03 +0.132034E+03 -0.886722E+02 +0.143094E+02 +0.392782E+02 +0.000000E+00 +0.000000E+00 +0.223677E-02 -0.195665E-02 +0.000000E+00 +0.149257E-02 +0.000000E+00 +0.000000E+00
 +0.148320E+01 -0.102230E+03 +0.132198E+03 -0.886692E+02 +0.143646E+02 +0.391485E+02 +0.000000E+00 +0.000000E+00 +0.223884E-02 -0.195764E-02 +0.000000E+00 +0.148764E-02 +0.000000E+00 +0.000000E+00
 +0.148320E+01 -0.102240E+03 +0.132354E+03 -0.886526E+02 +0.144215E+02 +0.390626E+02 +0.000000E+00 +0.000000E+00 +0.224072E-02 -0.195841E-02 +0.000000E+00 +0.148438E-02 +0.000000E+00 +0.000000E+00
 +0.148320E+01 -0.102250E+03 +0.132498E+03 -0.886732E+02 +0.144621E+02 +0.389448E+02 +0.000000E+00 +0.000000E+00 +0.224268E-02 -0.195957E-02 +0.000000E+00 +0.147990E-02 +0.000000E+00 +0.000000E+00
 +0.148320E+01 -0.102260E+03 +0.132652E+03 -0.886793E+02 +0.145111E+02 +0.388024E+02 +0.000000E+00 +0.000000E+00 +0.224468E-02 -0.196062E-02 +0.000000E+00 +0.147449E-02 +0.000000E+00 +0.000000E+00
 +0.148320E+01 -0.102270E+03 +0.132798E+03 -0.886659E+02 +0.145636E+02 +0.386713E+02 +0.000000E+00 +0.000000E+00 +0.224645E-02 -0.196136E-02 +0.000000E+00 +0.146951E-02 +0.000000E+00 +0.000000E+00
 +0.148320E+01 -0.102280E+03 +0.132942E+03 -0.886358E+02 +0.146210E+02 +0.385428E+02 +0.000000E+00 +0.000000E+00 +0.224809E-02 -0.196188E-02 +0.000000E+00 +0.146463E-02 +0.000000E+00 +0.000000E+00
 +0.148320E+01 -0.102290E+03 +0.133112E+03 -0.886119E+02 +0.146851E+02 +0.384090E+02 +0.000000E+00 +0.000000E+00 +0.225012E-02 -0.196264E-02 +0.000000E+00 +0.145954E-02 +0.000000E+00 +0.000000E+00
 +0.148320E+01 -0.102300E+03 +0.133288E+03 -0.886040E+02 +0.147456E+02 +0.382628E+02 +0.000000E+00 +0.000000E+00 +0.225230E-02 -0.196364E-02 +0.000000E+00 +0.145399E-02 +0.000000E+00 +0.000000E+00
 +0.148320E+01 -0.102310E+03 +0.133438E+03 -0.886149E+02 +0.147917E+02 +0.381247E+02 +0.000000E+00 +0.000000E+00 +0.225428E-02 -0.196472E-02 +0.000000E+00 +0.144874E-02 +0.000000E+00 +0.000000E+00
 +0.148320E+01 -0.102320E+03 +0.133570E+03 -0.886397E+02 +0.148270E+02 +0.379926E+02 +0.000000E+00 +0.000000E+00 +0.225612E-02 -0.196587E-02 +0.000000E+00 +0.144372E-02 +0.000000E+00 +0.000000E+00
 +0.148320E+01 -0.102330E+03 +0.133704E+03 -0.886567E+02 +0.148656E+02 +0.378539E+02 +0.000000E+00 +0.000000E+00 +0.225793E-02 -0.196692E-02 +0.000000E+00 +0.143845E-02 +0.000000E+00 +0.000000E+00
 +0.148320E+01 -0.102340E+03 +0.133849E+03 -0.886566E+02 +0.149136E+02 +0.377150E+02 +0.000000E+00 +0.000000E+00 +0.225978E-02 -0.196783E-02 +0.000000E+00 +0.143317E-02 +0.000000E+00 +0.000000E+00
 +0.148320E+01 -0.102350E+03 +0.134004E+03 -0.886458E+02 +0.149681E+02 +0.375811E+02 +0.000000E+00 +0.000000E+00 +0.226168E-02 -0.196866E-02 +0.000000E+00 +0.142808E-02 +0.000000E+00 +0.000000E+00
 +0.148320E+01 -0.102360E+03 +0.134158E+03 -0.886349E+02 +0.150227E+02 +0.374472E+02 +0.000000E+00 +0.000000E+00 +0.226358E-02 -0.196950E-02 +0.000000E+00 +0.142299E-02 +0.000000E+00 +0.000000E+00
 +0.148320E+01 -0.102370E+03 +0.134315E+03 -0.886140E+02 +0.150812E+02 +0.373141E+02 +0.000000E+00 +0.000000E+00 +0.226543E-02 -0.197021E-02 +0.000000E+00 +0.141794E-02 +0.000000E+00 +0.000000E+00
 +0.148320E+01 -0.102380E+03 +0.134455E+03 -0.885865E+02 +0.151367E+02 +0.371872E+02 +0.000000E+00 +0.000000E+00 +0.226705E-02 -0.197074E-02 +0.000000E+00 +0.141311E-02 +0.000000E+00 +0.000000E+00
 +0.148320E+01 -0.102390E+03 +0.134590E+03 -0.885633E+02 +0.151890E+02 +0.370615E+02 +0.000000E+00 +0.000000E+00 +0.226863E-02 -0.197129E-02 +0.000000E+00 +0.140834E-02 +0.000000E+00 +0.000000E+00
 +0.148320E+01 -0.102400E+03 +0.134733E+03 -0.885345E+02 +0.152454E+02 +0.369351E+02 +0.000000E+00 +0.000000E+00 +0.227026E-02 -0.197182E-02 +0.000000E+00 +0.140353E-02 +0.000000E+00 +0.000000E+00
 +0.148320E+01 -0.102410E+03 +0.134882E+03 -0.885104E+02 +0.153025E+02 +0.368040E+02 +0.000000E+00 +0.000000E+00 +0.227200E-02 -0.197245E-02 +0.000000E+00 +0.139855E-02 +0.000000E+00 +0.000000E+00
 +0.148320E+01 -0.102420E+03 +0.135042E+03 -0.884671E+02 +0.153698E+02 +0.366545E+02 +0.000000E+00 +0.000000E+00 +0.227378E-02 -0.197290E-02 +0.000000E+00 +0.139287E-02 +0.000000E+00 +0.000000E+00
 +0.148320E+01 -0.102430E+03 +0.135203E+03 -0.884238E+02 +0.154371E+02 +0.365050E+02 +0.000000E+00 +0.000000E+00 +0.227555E-02 -0.197336E-02 +0.000000E+00 +0.138719E-02 +0.000000E+00 +0.000000E+00
 +0.148320E+01 -0.102440E+03 +0.135364E+03 -0.883804E+02 +0.155045E+02 +0.363554E+02 +0.000000E+00 +0.000000E+00 +0.227732E-02 -0.197381E-02 +0.000000E+00 +0.138151E-02 +0.000000E+00 +0.000000E+00
 +0.148320E+01 -0.102450E+03 +0.135501E+03 -0.883549E+02 +0.155582E+02 +0.362265E+02 +0.000000E+00 +0.000000E+00 +0.227891E-02 -0.197435E-02 +0.000000E+00 +0.137661E-02 +0.000000E+00 +0.000000E+00
 +0.148320E+01 -0.102460E+03 +0.135648E+03 -0.883148E+02 +0.156198E+02 +0.361014E+02 +0.000000E+00 +0.000000E+00 +0.228053E-02 -0.197476E-02 +0.000000E+00 +0.137185E-02 +0.000000E+00 +0.000000E+00
 +0.148320E+01 -0.102470E+03 +0.135800E+03 -0.882675E+02 +0.156856E+02 +0.359761E+02 +0.000000E+00 +0.000000E+00 +0.228217E-02 -0.197511E-02 +0.000000E+00 +0.136709E-02 +0.000000E+00 +0.000000E+00
 +0.148320E+01 -0.102480E+03 +0.135952E+03 -0.882201E+02 +0.157514E+02 +0.358508E+02 +0.000000E+00 +0.000000E+00 +0.228380E-02 -0.197546E-02 +0.000000E+00 +0.136233E-02 +0.000000E+00 +0.000000E+00
 +0.148320E+01 -0.102490E+03 +0.136108E+03 -0.881779E+02 +0.158170E+02 +0.357246E+02 +0.000000E+00 +0.000000E+00 +0.228553E-02 -0.197590E-02 +0.000000E+00 +0.135754E-02 +0.000000E+00 +0.000000E+00
 +0.148320E+01 -0.102500E+03 +0.136269E+03 -0.881403E+02 +0.158824E+02 +0.355977E+02 +0.000000E+00 +0.000000E+00 +0.228734E-02 -0.197643E-02 +0.000000E+00 +0.135271E-02 +0.000000E+00 +0.000000E+00
 +0.148320E+01 -0.102510E+03 +0.136429E+03 -0.881026E+02 +0.159479E+02 +0.354707E+02 +0.000000E+00 +0.000000E+00 +0.228915E-02 -0.197696E-02 +0.000000E+00 +0.134789E-02 +0.000000E+00 +0.000000E+00
 +0.148320E+01 -0.102520E+03 +0.136577E+03 -0.880722E+02 +0.160065E+02 +0.353360E+02 +0.000000E+00 +0.000000E+00 +0.229083E-02 -0.197750E-02 +0.000000E+00 +0.134277E-02 +0.000000E+00 +0.000000E+00
 +0.148320E+01 -0.102530E+03 +0.136713E+03 -0.880480E+02 +0.160594E+02 +0.351949E+02 +0.000000E+00 +0.000000E+00 +0.229241E-02 -0.197804E-02 +0.000000E+00 +0.133741E-02 +0.000000E+00 +0.000000E+00
 +0.148320E+01 -0.102540E+03 +0.136859E+03 -0.880166E+02 +0.161180E+02 +0.350618E+02 +0.000000E+00 +0.000000E+00 +0.229408E-02 -0.197856E-02 +0.000000E+00 +0.133235E-02 +0.000000E+00 +0.000000E+00
 +0.148320E+01 -0.102550E+03 +0.137007E+03 -0.879837E+02 +0.161778E+02 +0.349303E+02 +0.000000E+00 +0.000000E+00 +0.229576E-02 -0.197907E-02 +0.000000E+00 +0.132735E-02 +0.000000E+00 +0.000000E+00
 +0.148320E+01 -0.102560E+03 +0.137156E+03 -0.879507E+02 +0.162377E+02 +0.347988E+02 +0.000000E+00 +0.000000E+00 +0.229745E-02 -0.197958E-02 +0.000000E+00 +0.132235E-02 +0.000000E+00 +0.000000E+00
 +0.148320E+01 -0.102570E+03 +0.137275E+03 -0.879502E+02 +0.162771E+02 +0.346674E+02 +0.000000E+00 +0.000000E+00 +0.229895E-02 -0.198032E-02 +0.000000E+00 +0.131736E-02 +0.000000E+00 +0.000000E+00
 +0.148320E+01 -0.102580E+03 +0.137404E+03 -0.879132E+02 +0.163318E+02 +0.345368E+02 +0.000000E+00 +0.000000E+00 +0.230036E-02 -0.198066E-02 +0.000000E+00 +0.131240E-02 +0.000000E+00 +0.000000E+00
 +0.148320E+01 -0.102590E+03 +0.137537E+03 -0.878607E+02 +0.163933E+02 +0.344065E+02 +0.000000E+00 +0.000000E+00 +0.230174E-02 -0.198083E-02 +0.000000E+00 +0.130745E-02 +0.000000E+00 +0.000000E+00
 +0.148320E+01 -0.102600E+03 +0.137670E+03 -0.878090E+02 +0.164542E+02 +0.342759E+02 +0.000000E+00 +0.000000E+00 +0.230310E-02 -0.198100E-02 +0.000000E+00 +0.130248E-02 +0.000000E+00 +0.000000E+00
 +0.148320E+01 -0.102610E+03 +0.137793E+03 -0.877633E+02 +0.165099E+02 +0.341424E+02 +0.000000E+00 +0.000000E+00 +0.230438E-02 -0.198119E-02 +0.000000E+00 +0.129741E-02 +0.000000E+00 +0.000000E+00
 +0.148320E+01 -0.102620E+03 +0.137916E+03 -0.877176E+02 +0.165656E+02 +0.340089E+02 +0.000000E+00 +0.000000E+00 +0.230566E-02 -0.198138E-02 +0.000000E+00 +0.129234E-02 +0.000000E+00 +0.000000E+00
 +0.148320E+01 -0.102630E+03 +0.138040E+03 -0.876636E+02 +0.166244E+02 +0.338848E+02 +0.000000E+00 +0.000000E+00 +0.230691E-02 -0.198147E-02 +0.000000E+00 +0.128762E-02 +0.000000E+00 +0.000000E+00
 +0.148320E+01 -0.102640E+03 +0.138158E+03 -0.876225E+02 +0.166766E+02 +0.337741E+02 +0.000000E+00 +0.000000E+00 +0.230814E-02 -0.198168E-02 +0.000000E+00 +0.128341E-02 +0.000000E+00 +0.000000E+00
 +0.148320E+01 -0.102650E+03 +0.138258E+03 -0.876009E+02 +0.167168E+02 +0.336541E+02 +0.000000E+00 +0.000000E+00 +0.230928E-02 -0.198204E-02 +0.000000E+00 +0.127885E-02 +0.000000E+00 +0.000000E+00
 +0.148320E+01 -0.102660E+03 +0.138358E+03 -0.875793E+02 +0.167570E+02 +0.335341E+02 +0.000000E+00 +0.000000E+00 +0.231042E-02 -0.198239E-02 +0.000000E+00 +0.127430E-02 +0.000000E+00 +0.000000E+00
 +0.148320E+01 -0.102670E+03 +0.138458E+03 -0.875577E+02 +0.167972E+02 +0.334141E+02 +0.000000E+00 +0.000000E+00 +0.231156E-02 -0.198274E-02 +0.000000E+00 +0.126974E-02 +0.000000E+00 +0.000000E+00
 +0.148320E+01 -0.102680E+03 +0.138558E+03 -0.875360E+02 +0.168373E+02 +0.332941E+02 +0.000000E+00 +0.000000E+00 +0.231270E-02 -0.198309E-02 +0.000000E+00 +0.126518E-02 +0.000000E+00 +0.000000E+00
 +0.148320E+01 -0.102690E+03 +0.138671E+03 -0.874995E+02 +0.168867E+02 +0.331760E+02 +0.000000E+00 +0.000000E+00 +0.231391E-02 -0.198334E-02 +0.000000E+00 +0.126069E-02 +0.000000E+00 +0.000000E+00
 +0.148320E+01 -0.102700E+03 +0.138797E+03 -0.874483E+02 +0.169450E+02 +0.330597E+02 +0.000000E+00 +0.000000E+00 +0.231518E-02 -0.198347E-02 +0.000000E+00 +0.125627E-02 +0.000000E+00 +0.000000E+00
 +0.148320E+01 -0.102710E+03 +0.138922E+03 -0.873971E+02 +0.170033E+02 +0.329434E+02 +0.000000E+00 +0.000000E+00 +0.231646E-02 -0.198361E-02 +0.000000E+00 +0.125185E-02 +0.000000E+00 +0.000000E+00
 +0.148320E+01 -0.102720E+03 +0.139047E+03 -0.873462E+02 +0.170613E+02 +0.328267E+02 +0.000000E+00 +0.000000E+00 +0.231773E-02 -0.198374E-02 +0.000000E+00 +0.124742E-02 +0.000000E+00 +0.000000E+00
 +0.148320E+01 -0.102730E+03 +0.139151E+03 -0.873131E+02 +0.171066E+02 +0.326944E+02 +0.000000E+00 +0.000000E+00 +0.231885E-02 -0.198397E-02 +0.000000E+00 +0.124239E-02 +0.000000E+00 +0.000000E+00
 +0.148320E+01 -0.102740E+03 +0.139256E+03 -0.872800E+02 +0.171519E+02 +0.325620E+02 +0.000000E+00 +0.000000E+00 +0.231997E-02 -0.198421E-02 +0.000000E+00 +0.123736E-02 +0.000000E+00 +0.000000E+00
 +0.148320E+01 -0.102750E+03 +0.139364E+03 -0.872360E+02 +0.172022E+02 +0.324286E+02 +0.000000E+00 +0.000000E+00 +0.232107E-02 -0.198433E-02 +0.000000E+00 +0.123229E-02 +0.000000E+00 +0.000000E+00
 +0.148320E+01 -0.102760E+03 +0.139479E+03 -0.871737E+02 +0.172609E+02 +0.322932E+02 +0.000000E+00 +0.000000E+00 +0.232215E-02 -0.198426E-02 +0.000000E+00 +0.122714E-02 +0.000000E+00 +0.000000E+00
 +0.148320E+01 -0.102770E+03 +0.139595E+03 -0.871113E+02 +0.173196E+02 +0.321579E+02 +0.000000E+00 +0.000000E+00 +0.232323E-02 -0.198419E-02 +0.000000E+00 +0.122200E-02 +0.000000E+00 +0.000000E+00
 +0.148320E+01 -0.102780E+03 +0.139710E+03 -0.870617E+02 +0.173738E+02 +0.320129E+02 +0.000000E+00 +0.000000E+00 +0.232438E-02 -0.198428E-02 +0.000000E+00 +0.121649E-02 +0.000000E+00 +0.000000E+00
 +0.148320E+01 -0.102790E+03 +0.139824E+03 -0.870171E+02 +0.174263E+02 +0.318642E+02 +0.000000E+00 +0.000000E+00 +0.232556E-02 -0.198442E-02 +0.000000E+00 +0.121084E-02 +0.000000E+00 +0.000000E+00
 +0.148320E+01 -0.102800E+03 +0.139939E+03 -0.869724E+02 +0.174789E+02 +0.317155E+02 +0.000000E+00 +0.000000E+00 +0.232674E-02 -0.198457E-02 +0.000000E+00 +0.120519E-02 +0.000000E+00 +0.000000E+00
 +0.148320E+01 -0.102810E+03 +0.140053E+03 -0.869277E+02 +0.175314E+02 +0.315668E+02 +0.000000E+00 +0.000000E+00 +0.232791E-02 -0.198472E-02 +0.000000E+00 +0.119954E-02 +0.000000E+00 +0.000000E+00
 +0.148320E+01 -0.102820E+03 +0.140168E+03 -0.868830E+02 +0.175839E+02 +0.314181E+02 +0.000000E+00 +0.000000E+00 +0.232909E-02 -0.198487E-02 +0.000000E+00 +0.119389E-02 +0.000000E+00 +0.000000E+00
 +0.148320E+01 -0.102830E+03 +0.140277E+03 -0.868351E+02 +0.176358E+02 +0.312795E+02 +0.000000E+00 +0.000000E+00 +0.233018E-02 -0.198495E-02 +0.000000E+00 +0.118862E-02 +0.000000E+00 +0.000000E+00
 +0.148320E+01 -0.102840E+03 +0.140377E+03 -0.867819E+02 +0.176865E+02 +0.311575E+02 +0.000000E+00 +0.000000E+00 +0.233113E-02 -0.198490E-02 +0.000000E+00 +0.118399E-02 +0.000000E+00 +0.000000E+00
 +0.148320E+01 -0.102850E+03 +0.140478E+03 -0.867287E+02 +0.177373E+02 +0.310355E+02 +0.000000E+00 +0.000000E+00 +0.233208E-02 -0.198485E-02 +0.000000E+00 +0.117935E-02 +0.000000E+00 +0.000000E+00
 +0.148320E+01 -0.102860E+03 +0.140579E+03 -0.866755E+02 +0.177881E+02 +0.309135E+02 +0.000000E+00 +0.000000E+00 +0.233302E-02 -0.198481E-02 +0.000000E+00 +0.117471E-02 +0.000000E+00 +0.000000E+00
 +0.148320E+01 -0.102870E+03 +0.140679E+03 -0.866223E+02 +0.178388E+02 +0.307916E+02 +0.000000E+00 +0.000000E+00 +0.233397E-02 -0.198476E-02 +0.000000E+00 +0.117008E-02 +0.000000E+00 +0.000000E+00
 +0.148320E+01 -0.102880E+03 +0.140780E+03 -0.865691E+02 +0.178896E+02 +0.306696E+02 +0.000000E+00 +0.000000E+00 +0.233492E-02 -0.198472E-02 +0.000000E+00 +0.116544E-02 +0.000000E+00 +0.000000E+00
 +0.148320E+01 -0.102890E+03 +0.140882E+03 -0.865133E+02 +0.179416E+02 +0.305461E+02 +0.000000E+00 +0.000000E+00 +0.233586E-02 -0.198464E-02 +0.000000E+00 +0.116075E-02 +0.000000E+00 +0.000000E+00
 +0.148320E+01 -0.102900E+03 +0.140989E+03 -0.864437E+02 +0.180001E+02 +0.304149E+02 +0.000000E+00 +0.000000E+00 +0.233680E-02 -0.198443E-02 +0.000000E+00 +0.115577E-02 +0.000000E+00 +0.000000E+00
 +0.148320E+01 -0.102910E+03 +0.141097E+03 -0.863740E+02 +0.180585E+02 +0.302837E+02 +0.000000E+00 +0.000000E+00 +0.233773E-02 -0.198422E-02 +0.000000E+00 +0.115078E-02 +0.000000E+00 +0.000000E+00
 +0.148320E+01 -0.102920E+03 +0.141181E+03 -0.863195E+02 +0.181043E+02 +0.301552E+02 +0.000000E+00 +0.000000E+00 +0.233846E-02 -0.198405E-02 +0.000000E+00 +0.114590E-02 +0.000000E+00 +0.000000E+00
 +0.148320E+01 -0.102930E+03 +0.141259E+03 -0.862686E+02 +0.181470E+02 +0.300275E+02 +0.000000E+00 +0.000000E+00 +0.233914E-02 -0.198390E-02 +0.000000E+00 +0.114104E-02 +0.000000E+00 +0.000000E+00
 +0.148320E+01 -0.102940E+03 +0.141354E+03 -0.862130E+02 +0.181964E+02 +0.299013E+02 +0.000000E+00 +0.000000E+00 +0.233999E-02 -0.198378E-02 +0.000000E+00 +0.113625E-02 +0.000000E+00 +0.000000E+00
 +0.148320E+01 -0.102950E+03 +0.141458E+03 -0.861542E+02 +0.182503E+02 +0.297761E+02 +0.000000E+00 +0.000000E+00 +0.234095E-02 -0.198369E-02 +0.000000E+00 +0.113149E-02 +0.000000E+00 +0.000000E+00
 +0.148320E+01 -0.102960E+03 +0.141563E+03 -0.860954E+02 +0.183043E+02 +0.296510E+02 +0.000000E+00 +0.000000E+00 +0.234192E-02 -0.198359E-02 +0.000000E+00 +0.112674E-02 +0.000000E+00 +0.000000E+00
 +0.148320E+01 -0.102970E+03 +0.141668E+03 -0.860366E+02 +0.183583E+02 +0.295258E+02 +0.000000E+00 +0.000000E+00 +0.234288E-02 -0.198350E-02 +0.000000E+00 +0.112198E-02 +0.000000E+00 +0.000000E+00
 +0.148320E+01 -0.102980E+03 +0.141772E+03 -0.859778E+02 +0.184122E+02 +0.294007E+02 +0.000000E+00 +0.000000E+00 +0.234384E-02 -0.198341E-02 +0.000000E+00 +0.111723E-02 +0.000000E+00 +0.000000E+00
 +0.148320E+01 -0.102990E+03 +0.141877E+03 -0.859190E+02 +0.184662E+02 +0.292755E+02 +0.000000E+00 +0.000000E+00 +0.234481E-02 -0.198332E-02 +0.000000E+00 +0.111247E-02 +0.000000E+00 +0.000000E+00
 +0.148320E+01 -0.103000E+03 +0.141983E+03 -0.858572E+02 +0.185215E+02 +0.291503E+02 +0.000000E+00 +0.000000E+00 +0.234577E-02 -0.198319E-02 +0.000000E+00 +0.110771E-02 +0.000000E+00 +0.000000E+00
 +0.148320E+01 -0.103010E+03 +0.142094E+03 -0.857803E+02 +0.185835E+02 +0.290244E+02 +0.000000E+00 +0.000000E+00 +0.234670E-02 -0.198291E-02 +0.000000E+00 +0.110293E-02 +0.000000E+00 +0.000000E+00
 +0.148320E+01 -0.103020E+03 +0.142205E+03 -0.857035E+02 +0.186454E+02 +0.288986E+02 +0.000000E+00 +0.000000E+00 +0.234763E-02 -0.198263E-02 +0.000000E+00 +0.109815E-02 +0.000000E+00 +0.000000E+00
 +0.148320E+01 -0.103030E+03 +0.142316E+03 -0.856267E+02 +0.187074E+02 +0.287727E+02 +0.000000E+00 +0.000000E+00 +0.234856E-02 -0.198235E-02 +0.000000E+00 +0.109336E-02 +0.000000E+00 +0.000000E+00
 +0.148320E+01 -0.103040E+03 +0.142427E+03 -0.855499E+02 +0.187693E+02 +0.286469E+02 +0.000000E+00 +0.000000E+00 +0.234949E-02 -0.198207E-02 +0.000000E+00 +0.108858E-02 +0.000000E+00 +0.000000E+00
 +0.148320E+01 -0.103050E+03 +0.142538E+03 -0.854731E+02 +0.188313E+02 +0.285210E+02 +0.000000E+00 +0.000000E+00 +0.235042E-02 -0.198178E-02 +0.000000E+00 +0.108380E-02 +0.000000E+00 +0.000000E+00
 +0.148320E+01 -0.103060E+03 +0.142639E+03 -0.853609E+02 +0.189018E+02 +0.284068E+02 +0.000000E+00 +0.000000E+00 +0.235101E-02 -0.198099E-02 +0.000000E+00 +0.107946E-02 +0.000000E+00 +0.000000E+00
 +0.148320E+01 -0.103070E+03 +0.142739E+03 -0.852428E+02 +0.189736E+02 +0.282946E+02 +0.000000E+00 +0.000000E+00 +0.235154E-02 -0.198011E-02 +0.000000E+00 +0.107519E-02 +0.000000E+00 +0.000000E+00
 +0.148320E+01 -0.103080E+03 +0.142838E+03 -0.851247E+02 +0.190455E+02 +0.281823E+02 +0.000000E+00 +0.000000E+00 +0.235207E-02 -0.197923E-02 +0.000000E+00 +0.107093E-02 +0.000000E+00 +0.000000E+00
 +0.148320E+01 -0.103090E+03 +0.142919E+03 -0.850588E+02 +0.190939E+02 +0.280751E+02 +0.000000E+00 +0.000000E+00 +0.235268E-02 -0.197890E-02 +0.000000E+00 +0.106685E-02 +0.000000E+00 +0.000000E+00
 +0.148320E+01 -0.103100E+03 +0.142996E+03 -0.850029E+02 +0.191377E+02 +0.279688E+02 +0.000000E+00 +0.000000E+00 +0.235331E-02 -0.197867E-02 +0.000000E+00 +0.106282E-02 +0.000000E+00 +0.000000E+00
 +0.148320E+01 -0.103110E+03 +0.143073E+03 -0.849470E+02 +0.191815E+02 +0.278626E+02 +0.000000E+00 +0.000000E+00 +0.235393E-02 -0.197844E-02 +0.000000E+00 +0.105878E-02 +0.000000E+00 +0.000000E+00
 +0.148320E+01 -0.103120E+03 +0.143150E+03 -0.848911E+02 +0.192253E+02 +0.277564E+02 +0.000000E+00 +0.000000E+00 +0.235456E-02 -0.197821E-02 +0.000000E+00 +0.105474E-02 +0.000000E+00 +0.000000E+00
 +0.148320E+01 -0.103130E+03 +0.143226E+03 -0.848352E+02 +0.192691E+02 +0.276501E+02 +0.000000E+00 +0.000000E+00 +0.235519E-02 -0.197798E-02 +0.000000E+00 +0.105070E-02 +0.000000E+00 +0.000000E+00
 +0.148320E+01 -0.103140E+03 +0.143303E+03 -0.847793E+02 +0.193129E+02 +0.275439E+02 +0.000000E+00 +0.000000E+00 +0.235582E-02 -0.197775E-02 +0.000000E+00 +0.104667E-02 +0.000000E+00 +0.000000E+00
 +0.148320E+01 -0.103150E+03 +0.143380E+03 -0.847234E+02 +0.193567E+02 +0.274376E+02 +0.000000E+00 +0.000000E+00 +0.235644E-02 -0.197752E-02 +0.000000E+00 +0.104263E-02 +0.000000E+00 +0.000000E+00
 +0.148320E+01 -0.103160E+03 +0.143457E+03 -0.846675E+02 +0.194005E+02 +0.273314E+02 +0.000000E+00 +0.000000E+00 +0.235707E-02 -0.197729E-02 +0.000000E+00 +0.103859E-02 +0.000000E+00 +0.000000E+00
 +0.148320E+01 -0.103170E+03 +0.143554E+03 -0.846064E+02 +0.194527E+02 +0.272116E+02 +0.000000E+00 +0.000000E+00 +0.235792E-02 -0.197712E-02 +0.000000E+00 +0.103404E-02 +0.000000E+00 +0.000000E+00
 +0.148320E+01 -0.103180E+03 +0.143679E+03 -0.845381E+02 +0.195164E+02 +0.270727E+02 +0.000000E+00 +0.000000E+00 +0.235909E-02 -0.197704E-02 +0.000000E+00 +0.102876E-02 +0.000000E+00 +0.000000E+00
 +0.148320E+01 -0.103190E+03 +0.143804E+03 -0.844699E+02 +0.195802E+02 +0.269338E+02 +0.000000E+00 +0.000000E+00 +0.236025E-02 -0.197695E-02 +0.000000E+00 +0.102348E-02 +0.000000E+00 +0.000000E+00
 +0.148320E+01 -0.103200E+03 +0.143901E+03 -0.844040E+02 +0.196341E+02 +0.268148E+02 +0.000000E+00 +0.000000E+00 +0.236108E-02 -0.197672E-02 +0.000000E+00 +0.101896E-02 +0.000000E+00 +0.000000E+00
 +0.148320E+01 -0.103210E+03 +0.143983E+03 -0.843395E+02 +0.196823E+02 +0.267074E+02 +0.000000E+00 +0.000000E+00 +0.236171E-02 -0.197641E-02 +0.000000E+00 +0.101488E-02 +0.000000E+00 +0.000000E+00
 +0.148320E+01 -0.103220E+03 +0.144064E+03 -0.842750E+02 +0.197305E+02 +0.266000E+02 +0.000000E+00 +0.000000E+00 +0.236234E-02 -0.197610E-02 +0.000000E+00 +0.101080E-02 +0.000000E+00 +0.000000E+00
 +0.148320E+01 -0.103230E+03 +0.144146E+03 -0.842106E+02 +0.197786E+02 +0.264926E+02 +0.000000E+00 +0.000000E+00 +0.236298E-02 -0.197580E-02 +0.000000E+00 +0.100672E-02 +0.000000E+00 +0.000000E+00
 +0.148320E+01 -0.103240E+03 +0.144227E+03 -0.841461E+02 +0.198268E+02 +0.263852E+02 +0.000000E+00 +0.000000E+00 +0.236361E-02 -0.197549E-02 +0.000000E+00 +0.100264E-02 +0.000000E+00 +0.000000E+00
 +0.148320E+01 -0.103250E+03 +0.144309E+03 -0.840816E+02 +0.198750E+02 +0.262778E+02 +0.000000E+00 +0.000000E+00 +0.236424E-02 -0.197518E-02 +0.000000E+00 +0.998555E-03 +0.000000E+00 +0.000000E+00
 +0.148320E+01 -0.103260E+03 +0.144390E+03 -0.840171E+02 +0.199232E+02 +0.261704E+02 +0.000000E+00 +0.000000E+00 +0.236488E-02 -0.197487E-02 +0.000000E+00 +0.994474E-03 +0.000000E+00 +0.000000E+00
 +0.148320E+01 -0.103270E+03 +0.144472E+03 -0.839527E+02 +0.199714E+02 +0.260630E+02 +0.000000E+00 +0.000000E+00 +0.236551E-02 -0.197456E-02 +0.000000E+00 +0.990392E-03 +0.000000E+00 +0.000000E+00
 +0.148320E+01 -0.103280E+03 +0.144554E+03 -0.838882E+02 +0.200196E+02 +0.259555E+02 +0.000000E+00 +0.000000E+00 +0.236615E-02 -0.197425E-02 +0.000000E+00 +0.986311E-03 +0.000000E+00 +0.000000E+00
 +0.148320E+01 -0.103290E+03 +0.144635E+03 -0.838255E+02 +0.200672E+02 +0.258473E+02 +0.000000E+00 +0.000000E+00 +0.236679E-02 -0.197396E-02 +0.000000E+00 +0.982196E-03 +0.000000E+00 +0.000000E+00
 +0.148320E+01 -0.103300E+03 +0.144718E+03 -0.837736E+02 +0.201115E+02 +0.257336E+02 +0.000000E+00 +0.000000E+00 +0.236752E-02 -0.197382E-02 +0.000000E+00 +0.977877E-03 +0.000000E+00 +0.000000E+00
 +0.148320E+01 -0.103310E+03 +0.144800E+03 -0.837217E+02 +0.201559E+02 +0.256200E+02 +0.000000E+00 +0.000000E+00 +0.236824E-02 -0.197367E-02 +0.000000E+00 +0.973559E-03 +0.000000E+00 +0.000000E+00
 +0.148320E+01 -0.103320E+03 +0.144883E+03 -0.836698E+02 +0.202002E+02 +0.255063E+02 +0.000000E+00 +0.000000E+00 +0.236896E-02 -0.197353E-02 +0.000000E+00 +0.969240E-03 +0.000000E+00 +0.000000E+00
 +0.148320E+01 -0.103330E+03 +0.144965E+03 -0.836179E+02 +0.202445E+02 +0.253927E+02 +0.000000E+00 +0.000000E+00 +0.236969E-02 -0.197339E-02 +0.000000E+00 +0.964921E-03 +0.000000E+00 +0.000000E+00
 +0.148320E+01 -0.103340E+03 +0.145047E+03 -0.835660E+02 +0.202889E+02 +0.252790E+02 +0.000000E+00 +0.000000E+00 +0.237041E-02 -0.197324E-02 +0.000000E+00 +0.960602E-03 +0.000000E+00 +0.000000E+00
 +0.148320E+01 -0.103350E+03 +0.145125E+03 -0.835137E+02 +0.203318E+02 +0.251733E+02 +0.000000E+00 +0.000000E+00 +0.237107E-02 -0.197306E-02 +0.000000E+00 +0.956585E-03 +0.000000E+00 +0.000000E+00
 +0.148320E+01 -0.103360E+03 +0.145199E+03 -0.834611E+02 +0.203734E+02 +0.250742E+02 +0.000000E+00 +0.000000E+00 +0.237168E-02 -0.197286E-02 +0.000000E+00 +0.952820E-03 +0.000000E+00 +0.000000E+00
 +0.148320E+01 -0.103370E+03 +0.145272E+03 -0.834085E+02 +0.204150E+02 +0.249752E+02 +0.000000E+00 +0.000000E+00 +0.237229E-02 -0.197265E-02 +0.000000E+00 +0.949056E-03 +0.000000E+00 +0.000000E+00
 +0.148320E+01 -0.103380E+03 +0.145341E+03 -0.833418E+02 +0.204596E+02 +0.248678E+02 +0.000000E+00 +0.000000E+00 +0.237274E-02 -0.197223E-02 +0.000000E+00 +0.944975E-03 +0.000000E+00 +0.000000E+00
 +0.148320E+01 -0.103390E+03 +0.145407E+03 -0.832684E+02 +0.205057E+02 +0.247564E+02 +0.000000E+00 +0.000000E+00 +0.237312E-02 -0.197171E-02 +0.000000E+00 +0.940744E-03 +0.000000E+00 +0.000000E+00
 +0.148320E+01 -0.103400E+03 +0.145473E+03 -0.831951E+02 +0.205518E+02 +0.246451E+02 +0.000000E+00 +0.000000E+00 +0.237351E-02 -0.197119E-02 +0.000000E+00 +0.936514E-03 +0.000000E+00 +0.000000E+00
 +0.148320E+01 -0.103410E+03 +0.145539E+03 -0.831217E+02 +0.205978E+02 +0.245338E+02 +0.000000E+00 +0.000000E+00 +0.237389E-02 -0.197067E-02 +0.000000E+00 +0.932283E-03 +0.000000E+00 +0.000000E+00
 +0.148320E+01 -0.103420E+03 +0.145606E+03 -0.830483E+02 +0.206439E+02 +0.244224E+02 +0.000000E+00 +0.000000E+00 +0.237427E-02 -0.197015E-02 +0.000000E+00 +0.928052E-03 +0.000000E+00 +0.000000E+00
 +0.148320E+01 -0.103430E+03 +0.145672E+03 -0.829749E+02 +0.206900E+02 +0.243111E+02 +0.000000E+00 +0.000000E+00 +0.237465E-02 -0.196963E-02 +0.000000E+00 +0.923821E-03 +0.000000E+00 +0.000000E+00
 +0.148320E+01 -0.103440E+03 +0.145738E+03 -0.829016E+02 +0.207360E+02 +0.241997E+02 +0.000000E+00 +0.000000E+00 +0.237504E-02 -0.196911E-02 +0.000000E+00 +0.919590E-03 +0.000000E+00 +0.000000E+00
 +0.148320E+01 -0.103450E+03 +0.145804E+03 -0.828282E+02 +0.207821E+02 +0.240884E+02 +0.000000E+00 +0.000000E+00 +0.237542E-02 -0.196860E-02 +0.000000E+00 +0.915359E-03 +0.000000E+00 +0.000000E+00
 +0.148320E+01 -0.103460E+03 +0.145870E+03 -0.827548E+02 +0.208281E+02 +0.239770E+02 +0.000000E+00 +0.000000E+00 +0.237580E-02 -0.196808E-02 +0.000000E+00 +0.911128E-03 +0.000000E+00 +0.000000E+00
 +0.148320E+01 -0.103470E+03 +0.145937E+03 -0.826814E+02 +0.208742E+02 +0.238657E+02 +0.000000E+00 +0.000000E+00 +0.237619E-02 -0.196756E-02 +0.000000E+00 +0.906897E-03 +0.000000E+00 +0.000000E+00
 +0.148320E+01 -0.103480E+03 +0.146003E+03 -0.826081E+02 +0.209203E+02 +0.237544E+02 +0.000000E+00 +0.000000E+00 +0.237657E-02 -0.196704E-02 +0.000000E+00 +0.902666E-03 +0.000000E+00 +0.000000E+00
 +0.148320E+01 -0.103490E+03 +0.146069E+03 -0.825347E+02 +0.209663E+02 +0.236430E+02 +0.000000E+00 +0.000000E+00 +0.237695E-02 -0.196652E-02 +0.000000E+00 +0.898435E-03 +0.000000E+00 +0.000000E+00
 +0.148320E+01 -0.103500E+03 +0.146135E+03 -0.824608E+02 +0.210125E+02 +0.235327E+02 +0.000000E+00 +0.000000E+00 +0.237733E-02 -0.196599E-02 +0.000000E+00 +0.894242E-03 +0.000000E+00 +0.000000E+00
 +0.148320E+01 -0.103510E+03 +0.146198E+03 -0.823779E+02 +0.210605E+02 +0.234385E+02 +0.000000E+00 +0.000000E+00 +0.237761E-02 -0.196533E-02 +0.000000E+00 +0.890662E-03 +0.000000E+00 +0.000000E+00
 +0.148320E+01 -0.103520E+03 +0.146260E+03 -0.822950E+02 +0.211086E+02 +0.233443E+02 +0.000000E+00 +0.000000E+00 +0.237788E-02 -0.196467E-02 +0.000000E+00 +0.887083E-03 +0.000000E+00 +0.000000E+00
 +0.148320E+01 -0.103530E+03 +0.146323E+03 -0.822121E+02 +0.211566E+02 +0.232501E+02 +0.000000E+00 +0.000000E+00 +0.237816E-02 -0.196401E-02 +0.000000E+00 +0.883503E-03 +0.000000E+00 +0.000000E+00
 +0.148320E+01 -0.103540E+03 +0.146386E+03 -0.821292E+02 +0.212047E+02 +0.231559E+02 +0.000000E+00 +0.000000E+00 +0.237844E-02 -0.196334E-02 +0.000000E+00 +0.879923E-03 +0.000000E+00 +0.000000E+00
 +0.148320E+01 -0.103550E+03 +0.146448E+03 -0.820463E+02 +0.212527E+02 +0.230617E+02 +0.000000E+00 +0.000000E+00 +0.237872E-02 -0.196268E-02 +0.000000E+00 +0.876344E-03 +0.000000E+00 +0.000000E+00
 +0.148320E+01 -0.103560E+03 +0.146511E+03 -0.819634E+02 +0.213008E+02 +0.229675E+02 +0.000000E+00 +0.000000E+00 +0.237900E-02 -0.196202E-02 +0.000000E+00 +0.872764E-03 +0.000000E+00 +0.000000E+00
 +0.148320E+01 -0.103570E+03 +0.146574E+03 -0.818805E+02 +0.213488E+02 +0.228733E+02 +0.000000E+00 +0.000000E+00 +0.237928E-02 -0.196136E-02 +0.000000E+00 +0.869184E-03 +0.000000E+00 +0.000000E+00
 +0.148320E+01 -0.103580E+03 +0.146637E+03 -0.817976E+02 +0.213968E+02 +0.227791E+02 +0.000000E+00 +0.000000E+00 +0.237955E-02 -0.196069E-02 +0.000000E+00 +0.865605E-03 +0.000000E+00 +0.000000E+00
 +0.148320E+01 -0.103590E+03 +0.146699E+03 -0.817147E+02 +0.214449E+02 +0.226849E+02 +0.000000E+00 +0.000000E+00 +0.237983E-02 -0.196003E-02 +0.000000E+00 +0.862025E-03 +0.000000E+00 +0.000000E+00
 +0.148320E+01 -0.103600E+03 +0.146762E+03 -0.816318E+02 +0.214929E+02 +0.225907E+02 +0.000000E+00 +0.000000E+00 +0.238011E-02 -0.195937E-02 +0.000000E+00 +0.858445E-03 +0.000000E+00 +0.000000E+00
 +0.148320E+01 -0.103610E+03 +0.146825E+03 -0.815489E+02 +0.215410E+02 +0.224965E+02 +0.000000E+00 +0.000000E+00 +0.238039E-02 -0.195871E-02 +0.000000E+00 +0.854866E-03 +0.000000E+00 +0.000000E+00
 +0.148320E+01 -0.103620E+03 +0.146887E+03 -0.814660E+02 +0.215890E+02 +0.224023E+02 +0.000000E+00 +0.000000E+00 +0.238067E-02 -0.195805E-02 +0.000000E+00 +0.851286E-03 +0.000000E+00 +0.000000E+00
 +0.148320E+01 -0.103630E+03 +0.146950E+03 -0.813831E+02 +0.216371E+02 +0.223081E+02 +0.000000E+00 +0.000000E+00 +0.238095E-02 -0.195738E-02 +0.000000E+00 +0.847707E-03 +0.000000E+00 +0.000000E+00
 +0.148320E+01 -0.103640E+03 +0.147013E+03 -0.813002E+02 +0.216851E+02 +0.222139E+02 +0.000000E+00 +0.000000E+00 +0.238122E-02 -0.195672E-02 +0.000000E+00 +0.844127E-03 +0.000000E+00 +0.000000E+00
 +0.148320E+01 -0.103650E+03 +0.147072E+03 -0.812086E+02 +0.217349E+02 +0.221146E+02 +0.000000E+00 +0.000000E+00 +0.238140E-02 -0.195593E-02 +0.000000E+00 +0.840356E-03 +0.000000E+00 +0.000000E+00
 +0.148320E+01 -0.103660E+03 +0.147128E+03 -0.811084E+02 +0.217865E+02 +0.220105E+02 +0.000000E+00 +0.000000E+00 +0.238149E-02 -0.195500E-02 +0.000000E+00 +0.836398E-03 +0.000000E+00 +0.000000E+00
 +0.148320E+01 -0.103670E+03 +0.147181E+03 -0.810091E+02 +0.218368E+02 +0.219199E+02 +0.000000E+00 +0.000000E+00 +0.238154E-02 -0.195407E-02 +0.000000E+00 +0.832955E-03 +0.000000E+00 +0.000000E+00
 +0.148320E+01 -0.103680E+03 +0.147234E+03 -0.809110E+02 +0.218868E+02 +0.218320E+02 +0.000000E+00 +0.000000E+00 +0.238161E-02 -0.195316E-02 +0.000000E+00 +0.829616E-03 +0.000000E+00 +0.000000E+00
 +0.148320E+01 -0.103690E+03 +0.147295E+03 -0.808283E+02 +0.219340E+02 +0.217349E+02 +0.000000E+00 +0.000000E+00 +0.238186E-02 -0.195248E-02 +0.000000E+00 +0.825928E-03 +0.000000E+00 +0.000000E+00
 +0.148320E+01 -0.103700E+03 +0.147355E+03 -0.807456E+02 +0.219812E+02 +0.216379E+02 +0.000000E+00 +0.000000E+00 +0.238211E-02 -0.195181E-02 +0.000000E+00 +0.822240E-03 +0.000000E+00 +0.000000E+00
 +0.148320E+01 -0.103710E+03 +0.147416E+03 -0.806629E+02 +0.220284E+02 +0.215408E+02 +0.000000E+00 +0.000000E+00 +0.238236E-02 -0.195114E-02 +0.000000E+00 +0.818551E-03 +0.000000E+00 +0.000000E+00
 +0.148320E+01 -0.103720E+03 +0.147476E+03 -0.805802E+02 +0.220756E+02 +0.214438E+02 +0.000000E+00 +0.000000E+00 +0.238261E-02 -0.195046E-02 +0.000000E+00 +0.814863E-03 +0.000000E+00 +0.000000E+00
 +0.148320E+01 -0.103730E+03 +0.147537E+03 -0.804975E+02 +0.221229E+02 +0.213467E+02 +0.000000E+00 +0.000000E+00 +0.238286E-02 -0.194979E-02 +0.000000E+00 +0.811174E-03 +0.000000E+00 +0.000000E+00
 +0.148320E+01 -0.103740E+03 +0.147597E+03 -0.804148E+02 +0.221701E+02 +0.212496E+02 +0.000000E+00 +0.000000E+00 +0.238311E-02 -0.194911E-02 +0.000000E+00 +0.807486E-03 +0.000000E+00 +0.000000E+00
 +0.148320E+01 -0.103750E+03 +0.147657E+03 -0.803322E+02 +0.222173E+02 +0.211526E+02 +0.000000E+00 +0.000000E+00 +0.238336E-02 -0.194844E-02 +0.000000E+00 +0.803797E-03 +0.000000E+00 +0.000000E+00
 +0.148320E+01 -0.103760E+03 +0.147718E+03 -0.802495E+02 +0.222645E+02 +0.210555E+02 +0.000000E+00 +0.000000E+00 +0.238361E-02 -0.194777E-02 +0.000000E+00 +0.800109E-03 +0.000000E+00 +0.000000E+00
 +0.148320E+01 -0.103770E+03 +0.147778E+03 -0.801668E+02 +0.223118E+02 +0.209584E+02 +0.000000E+00 +0.000000E+00 +0.238386E-02 -0.194709E-02 +0.000000E+00 +0.796421E-03 +0.000000E+00 +0.000000E+00
 +0.148320E+01 -0.103780E+03 +0.147839E+03 -0.800841E+02 +0.223590E+02 +0.208614E+02 +0.000000E+00 +0.000000E+00 +0.238411E-02 -0.194642E-02 +0.000000E+00 +0.792732E-03 +0.000000E+00 +0.000000E+00
 +0.148320E+01 -0.103790E+03 +0.147899E+03 -0.800014E+02 +0.224062E+02 +0.207643E+02 +0.000000E+00 +0.000000E+00 +0.238436E-02 -0.194574E-02 +0.000000E+00 +0.789044E-03 +0.000000E+00 +0.000000E+00
 +0.148320E+01 -0.103800E+03 +0.147959E+03 -0.799187E+02 +0.224534E+02 +0.206672E+02 +0.000000E+00 +0.000000E+00 +0.238461E-02 -0.194507E-02 +0.000000E+00 +0.785355E-03 +0.000000E+00 +0.000000E+00
 +0.148320E+01 -0.103810E+03 +0.148020E+03 -0.798360E+02 +0.225006E+02 +0.205702E+02 +0.000000E+00 +0.000000E+00 +0.238486E-02 -0.194440E-02 +0.000000E+00 +0.781667E-03 +0.000000E+00 +0.000000E+00
 +0.148320E+01 -0.103820E+03 +0.148080E+03 -0.797534E+02 +0.225479E+02 +0.204731E+02 +0.000000E+00 +0.000000E+00 +0.238511E-02 -0.194372E-02 +0.000000E+00 +0.777978E-03 +0.000000E+00 +0.000000E+00
 +0.148320E+01 -0.103830E+03 +0.148141E+03 -0.796707E+02 +0.225951E+02 +0.203761E+02 +0.000000E+00 +0.000000E+00 +0.238537E-02 -0.194305E-02 +0.000000E+00 +0.774290E-03 +0.000000E+00 +0.000000E+00
 +0.148320E+01 -0.103840E+03 +0.148201E+03 -0.795888E+02 +0.226419E+02 +0.202874E+02 +0.000000E+00 +0.000000E+00 +0.238561E-02 -0.194238E-02 +0.000000E+00 +0.770919E-03 +0.000000E+00 +0.000000E+00
 +0.148320E+01 -0.103850E+03 +0.148260E+03 -0.795079E+02 +0.226881E+02 +0.202095E+02 +0.000000E+00 +0.000000E+00 +0.238586E-02 -0.194172E-02 +0.000000E+00 +0.767962E-03 +0.000000E+00 +0.000000E+00
 +0.148320E+01 -0.103860E+03 +0.148319E+03 -0.794270E+02 +0.227344E+02 +0.201317E+02 +0.000000E+00 +0.000000E+00 +0.238611E-02 -0.194107E-02 +0.000000E+00 +0.765005E-03 +0.000000E+00 +0.000000E+00
 +0.148320E+01 -0.103870E+03 +0.148378E+03 -0.793461E+02 +0.227807E+02 +0.200539E+02 +0.000000E+00 +0.000000E+00 +0.238636E-02 -0.194041E-02 +0.000000E+00 +0.762047E-03 +0.000000E+00 +0.000000E+00
 +0.148320E+01 -0.103880E+03 +0.148438E+03 -0.792652E+02 +0.228269E+02 +0.199761E+02 +0.000000E+00 +0.000000E+00 +0.238660E-02 -0.193975E-02 +0.000000E+00 +0.759090E-03 +0.000000E+00 +0.000000E+00
 +0.148320E+01 -0.103890E+03 +0.148497E+03 -0.791843E+02 +0.228732E+02 +0.198982E+02 +0.000000E+00 +0.000000E+00 +0.238685E-02 -0.193909E-02 +0.000000E+00 +0.756133E-03 +0.000000E+00 +0.000000E+00
 +0.148320E+01 -0.103900E+03 +0.148556E+03 -0.791034E+02 +0.229194E+02 +0.198204E+02 +0.000000E+00 +0.000000E+00 +0.238710E-02 -0.193843E-02 +0.000000E+00 +0.753175E-03 +0.000000E+00 +0.000000E+00
 +0.148320E+01 -0.103910E+03 +0.148616E+03 -0.790225E+02 +0.229657E+02 +0.197426E+02 +0.000000E+00 +0.000000E+00 +0.238735E-02 -0.193778E-02 +0.000000E+00 +0.750218E-03 +0.000000E+00 +0.000000E+00
 +0.148320E+01 -0.103920E+03 +0.148675E+03 -0.789417E+02 +0.230120E+02 +0.196647E+02 +0.000000E+00 +0.000000E+00 +0.238759E-02 -0.193712E-02 +0.000000E+00 +0.747260E-03 +0.000000E+00 +0.000000E+00
 +0.148320E+01 -0.103930E+03 +0.148734E+03 -0.788608E+02 +0.230582E+02 +0.195869E+02 +0.000000E+00 +0.000000E+00 +0.238784E-02 -0.193646E-02 +0.000000E+00 +0.744303E-03 +0.000000E+00 +0.000000E+00
 +0.148320E+01 -0.103940E+03 +0.148793E+03 -0.787799E+02 +0.231045E+02 +0.195091E+02 +0.000000E+00 +0.000000E+00 +0.238809E-02 -0.193580E-02 +0.000000E+00 +0.741346E-03 +0.000000E+00 +0.000000E+00
 +0.148320E+01 -0.103950E+03 +0.148853E+03 -0.786990E+02 +0.231507E+02 +0.194313E+02 +0.000000E+00 +0.000000E+00 +0.238834E-02 -0.193514E-02 +0.000000E+00 +0.738388E-03 +0.000000E+00 +0.000000E+00
 +0.148320E+01 -0.103960E+03 +0.148912E+03 -0.786181E+02 +0.231970E+02 +0.193534E+02 +0.000000E+00 +0.000000E+00 +0.238858E-02 -0.193449E-02 +0.000000E+00 +0.735431E-03 +0.000000E+00 +0.000000E+00
 +0.148320E+01 -0.103970E+03 +0.148971E+03 -0.785372E+02 +0.232432E+02 +0.192756E+02 +0.000000E+00 +0.000000E+00 +0.238883E-02 -0.193383E-02 +0.000000E+00 +0.732474E-03 +0.000000E+00 +0.000000E+00
 +0.148320E+01 -0.103980E+03 +0.149031E+03 -0.784563E+02 +0.232895E+02 +0.191978E+02 +0.000000E+00 +0.000000E+00 +0.238908E-02 -0.193317E-02 +0.000000E+00 +0.729516E-03 +0.000000E+00 +0.000000E+00
 +0.148320E+01 -0.103990E+03 +0.149090E+03 -0.783754E+02 +0.233358E+02 +0.191200E+02 +0.000000E+00 +0.000000E+00 +0.238933E-02 -0.193251E-02 +0.000000E+00 +0.726559E-03 +0.000000E+00 +0.000000E+00
 +0.148320E+01 -0.104000E+03 +0.149149E+03 -0.782945E+02 +0.233820E+02 +0.190421E+02 +0.000000E+00 +0.000000E+00 +0.238958E-02 -0.193185E-02 +0.000000E+00 +0.723602E-03 +0.000000E+00 +0.000000E+00
 +0.148320E+01 -0.104010E+03 +0.149208E+03 -0.782136E+02 +0.234283E+02 +0.189643E+02 +0.000000E+00 +0.000000E+00 +0.238982E-02 -0.193120E-02 +0.000000E+00 +0.720644E-03 +0.000000E+00 +0.000000E+00
 +0.148320E+01 -0.104020E+03 +0.149262E+03 -0.781231E+02 +0.234758E+02 +0.188821E+02 +0.000000E+00 +0.000000E+00 +0.238993E-02 -0.193038E-02 +0.000000E+00 +0.717519E-03 +0.000000E+00 +0.000000E+00
 +0.148320E+01 -0.104030E+03 +0.149309E+03 -0.780233E+02 +0.235243E+02 +0.187975E+02 +0.000000E+00 +0.000000E+00 +0.238991E-02 -0.192941E-02 +0.000000E+00 +0.714305E-03 +0.000000E+00 +0.000000E+00
 +0.148320E+01 -0.104040E+03 +0.149358E+03 -0.779315E+02 +0.235708E+02 +0.187334E+02 +0.000000E+00 +0.000000E+00 +0.238996E-02 -0.192854E-02 +0.000000E+00 +0.711868E-03 +0.000000E+00 +0.000000E+00
 +0.148320E+01 -0.104050E+03 +0.149396E+03 -0.778571E+02 +0.236078E+02 +0.186508E+02 +0.000000E+00 +0.000000E+00 +0.238997E-02 -0.192783E-02 +0.000000E+00 +0.708730E-03 +0.000000E+00 +0.000000E+00
 +0.148320E+01 -0.104060E+03 +0.149432E+03 -0.777842E+02 +0.236439E+02 +0.185666E+02 +0.000000E+00 +0.000000E+00 +0.238998E-02 -0.192713E-02 +0.000000E+00 +0.705532E-03 +0.000000E+00 +0.000000E+00
 +0.148320E+01 -0.104070E+03 +0.149469E+03 -0.777113E+02 +0.236801E+02 +0.184824E+02 +0.000000E+00 +0.000000E+00 +0.238999E-02 -0.192644E-02 +0.000000E+00 +0.702333E-03 +0.000000E+00 +0.000000E+00
 +0.148320E+01 -0.104080E+03 +0.149506E+03 -0.776384E+02 +0.237162E+02 +0.183983E+02 +0.000000E+00 +0.000000E+00 +0.239000E-02 -0.192574E-02 +0.000000E+00 +0.699134E-03 +0.000000E+00 +0.000000E+00
 +0.148320E+01 -0.104090E+03 +0.149542E+03 -0.775655E+02 +0.237524E+02 +0.183141E+02 +0.000000E+00 +0.000000E+00 +0.239001E-02 -0.192504E-02 +0.000000E+00 +0.695936E-03 +0.000000E+00 +0.000000E+00
 +0.148320E+01 -0.104100E+03 +0.149579E+03 -0.774927E+02 +0.237885E+02 +0.182299E+02 +0.000000E+00 +0.000000E+00 +0.239002E-02 -0.192434E-02 +0.000000E+00 +0.692737E-03 +0.000000E+00 +0.000000E+00
 +0.148320E+01 -0.104110E+03 +0.149616E+03 -0.774198E+02 +0.238247E+02 +0.181457E+02 +0.000000E+00 +0.000000E+00 +0.239003E-02 -0.192364E-02 +0.000000E+00 +0.689538E-03 +0.000000E+00 +0.000000E+00
 +0.148320E+01 -0.104120E+03 +0.149652E+03 -0.773469E+02 +0.238608E+02 +0.180616E+02 +0.000000E+00 +0.000000E+00 +0.239004E-02 -0.192295E-02 +0.000000E+00 +0.686340E-03 +0.000000E+00 +0.000000E+00
 +0.148320E+01 -0.104130E+03 +0.149689E+03 -0.772740E+02 +0.238970E+02 +0.179774E+02 +0.000000E+00 +0.000000E+00 +0.239005E-02 -0.192225E-02 +0.000000E+00 +0.683141E-03 +0.000000E+00 +0.000000E+00
 +0.148320E+01 -0.104140E+03 +0.149726E+03 -0.772011E+02 +0.239331E+02 +0.178932E+02 +0.000000E+00 +0.000000E+00 +0.239006E-02 -0.192155E-02 +0.000000E+00 +0.679943E-03 +0.000000E+00 +0.000000E+00
 +0.148320E+01 -0.104150E+03 +0.149762E+03 -0.771282E+02 +0.239693E+02 +0.178091E+02 +0.000000E+00 +0.000000E+00 +0.239007E-02 -0.192085E-02 +0.000000E+00 +0.676744E-03 +0.000000E+00 +0.000000E+00
 +0.148320E+01 -0.104160E+03 +0.149799E+03 -0.770553E+02 +0.240054E+02 +0.177249E+02 +0.000000E+00 +0.000000E+00 +0.239008E-02 -0.192015E-02 +0.000000E+00 +0.673545E-03 +0.000000E+00 +0.000000E+00
 +0.148320E+01 -0.104170E+03 +0.149836E+03 -0.769825E+02 +0.240416E+02 +0.176407E+02 +0.000000E+00 +0.000000E+00 +0.239009E-02 -0.191946E-02 +0.000000E+00 +0.670347E-03 +0.000000E+00 +0.000000E+00
 +0.148320E+01 -0.104180E+03 +0.149872E+03 -0.769096E+02 +0.240777E+02 +0.175565E+02 +0.000000E+00 +0.000000E+00 +0.239010E-02 -0.191876E-02 +0.000000E+00 +0.667148E-03 +0.000000E+00 +0.000000E+00
 +0.148320E+01 -0.104190E+03 +0.149909E+03 -0.768367E+02 +0.241139E+02 +0.174724E+02 +0.000000E+00 +0.000000E+00 +0.239011E-02 -0.191806E-02 +0.000000E+00 +0.663950E-03 +0.000000E+00 +0.000000E+00
 +0.148320E+01 -0.104200E+03 +0.149946E+03 -0.767638E+02 +0.241500E+02 +0.173882E+02 +0.000000E+00 +0.000000E+00 +0.239012E-02 -0.191736E-02 +0.000000E+00 +0.660751E-03 +0.000000E+00 +0.000000E+00
 +0.148320E+01 -0.104210E+03 +0.149982E+03 -0.766909E+02 +0.241862E+02 +0.173040E+02 +0.000000E+00 +0.000000E+00 +0.239013E-02 -0.191666E-02 +0.000000E+00 +0.657552E-03 +0.000000E+00 +0.000000E+00
 +0.148320E+01 -0.104220E+03 +0.150019E+03 -0.766180E+02 +0.242223E+02 +0.172198E+02 +0.000000E+00 +0.000000E+00 +0.239014E-02 -0.191597E-02 +0.000000E+00 +0.654354E-03 +0.000000E+00 +0.000000E+00
 +0.148320E+01 -0.104230E+03 +0.150056E+03 -0.765451E+02 +0.242585E+02 +0.171357E+02 +0.000000E+00 +0.000000E+00 +0.239015E-02 -0.191527E-02 +0.000000E+00 +0.651155E-03 +0.000000E+00 +0.000000E+00
 +0.148320E+01 -0.104240E+03 +0.150096E+03 -0.764579E+02 +0.243006E+02 +0.170611E+02 +0.000000E+00 +0.000000E+00 +0.239011E-02 -0.191441E-02 +0.000000E+00 +0.648320E-03 +0.000000E+00 +0.000000E+00
 +0.148320E+01 -0.104250E+03 +0.150138E+03 -0.763666E+02 +0.243445E+02 +0.169891E+02 +0.000000E+00 +0.000000E+00 +0.239007E-02 -0.191351E-02 +0.000000E+00 +0.645587E-03 +0.000000E+00 +0.000000E+00
 +0.148320E+01 -0.104260E+03 +0.150179E+03 -0.762753E+02 +0.243883E+02 +0.169172E+02 +0.000000E+00 +0.000000E+00 +0.239003E-02 -0.191261E-02 +0.000000E+00 +0.642853E-03 +0.000000E+00 +0.000000E+00
 +0.148320E+01 -0.104270E+03 +0.150221E+03 -0.761840E+02 +0.244321E+02 +0.168453E+02 +0.000000E+00 +0.000000E+00 +0.238998E-02 -0.191171E-02 +0.000000E+00 +0.640120E-03 +0.000000E+00 +0.000000E+00
 +0.148320E+01 -0.104280E+03 +0.150262E+03 -0.760927E+02 +0.244760E+02 +0.167733E+02 +0.000000E+00 +0.000000E+00 +0.238994E-02 -0.191081E-02 +0.000000E+00 +0.637387E-03 +0.000000E+00 +0.000000E+00
 +0.148320E+01 -0.104290E+03 +0.150304E+03 -0.760014E+02 +0.245198E+02 +0.167014E+02 +0.000000E+00 +0.000000E+00 +0.238990E-02 -0.190990E-02 +0.000000E+00 +0.634654E-03 +0.000000E+00 +0.000000E+00
 +0.148320E+01 -0.104300E+03 +0.150345E+03 -0.759102E+02 +0.245637E+02 +0.166295E+02 +0.000000E+00 +0.000000E+00 +0.238985E-02 -0.190900E-02 +0.000000E+00 +0.631920E-03 +0.000000E+00 +0.000000E+00
 +0.148320E+01 -0.104310E+03 +0.150387E+03 -0.758189E+02 +0.246075E+02 +0.165576E+02 +0.000000E+00 +0.000000E+00 +0.238981E-02 -0.190810E-02 +0.000000E+00 +0.629187E-03 +0.000000E+00 +0.000000E+00
 +0.148320E+01 -0.104320E+03 +0.150429E+03 -0.757276E+02 +0.246513E+02 +0.164856E+02 +0.000000E+00 +0.000000E+00 +0.238977E-02 -0.190720E-02 +0.000000E+00 +0.626454E-03 +0.000000E+00 +0.000000E+00
 +0.148320E+01 -0.104330E+03 +0.150470E+03 -0.756363E+02 +0.246952E+02 +0.164137E+02 +0.000000E+00 +0.000000E+00 +0.238972E-02 -0.190630E-02 +0.000000E+00 +0.623721E-03 +0.000000E+00 +0.000000E+00
 +0.148320E+01 -0.104340E+03 +0.150512E+03 -0.755450E+02 +0.247390E+02 +0.163418E+02 +0.000000E+00 +0.000000E+00 +0.238968E-02 -0.190540E-02 +0.000000E+00 +0.620987E-03 +0.000000E+00 +0.000000E+00
 +0.148320E+01 -0.104350E+03 +0.150553E+03 -0.754537E+02 +0.247829E+02 +0.162698E+02 +0.000000E+00 +0.000000E+00 +0.238964E-02 -0.190449E-02 +0.000000E+00 +0.618254E-03 +0.000000E+00 +0.000000E+00
 +0.148320E+01 -0.104360E+03 +0.150595E+03 -0.753624E+02 +0.248267E+02 +0.161979E+02 +0.000000E+00 +0.000000E+00 +0.238959E-02 -0.190359E-02 +0.000000E+00 +0.615521E-03 +0.000000E+00 +0.000000E+00
 +0.148320E+01 -0.104370E+03 +0.150636E+03 -0.752711E+02 +0.248705E+02 +0.161260E+02 +0.000000E+00 +0.000000E+00 +0.238955E-02 -0.190269E-02 +0.000000E+00 +0.612788E-03 +0.000000E+00 +0.000000E+00
 +0.148320E+01 -0.104380E+03 +0.150678E+03 -0.751798E+02 +0.249144E+02 +0.160541E+02 +0.000000E+00 +0.000000E+00 +0.238951E-02 -0.190179E-02 +0.000000E+00 +0.610054E-03 +0.000000E+00 +0.000000E+00
 +0.148320E+01 -0.104390E+03 +0.150719E+03 -0.750885E+02 +0.249582E+02 +0.159821E+02 +0.000000E+00 +0.000000E+00 +0.238946E-02 -0.190089E-02 +0.000000E+00 +0.607321E-03 +0.000000E+00 +0.000000E+00
 +0.148320E+01 -0.104400E+03 +0.150761E+03 -0.749973E+02 +0.250020E+02 +0.159102E+02 +0.000000E+00 +0.000000E+00 +0.238942E-02 -0.189999E-02 +0.000000E+00 +0.604588E-03 +0.000000E+00 +0.000000E+00
 +0.148320E+01 -0.104410E+03 +0.150803E+03 -0.749060E+02 +0.250459E+02 +0.158383E+02 +0.000000E+00 +0.000000E+00 +0.238938E-02 -0.189909E-02 +0.000000E+00 +0.601855E-03 +0.000000E+00 +0.000000E+00
 +0.148320E+01 -0.104420E+03 +0.150844E+03 -0.748147E+02 +0.250897E+02 +0.157664E+02 +0.000000E+00 +0.000000E+00 +0.238933E-02 -0.189818E-02 +0.000000E+00 +0.599121E-03 +0.000000E+00 +0.000000E+00
 +0.148320E+01 -0.104430E+03 +0.150886E+03 -0.747234E+02 +0.251336E+02 +0.156944E+02 +0.000000E+00 +0.000000E+00 +0.238929E-02 -0.189728E-02 +0.000000E+00 +0.596388E-03 +0.000000E+00 +0.000000E+00
 +0.148320E+01 -0.104440E+03 +0.150927E+03 -0.746321E+02 +0.251774E+02 +0.156225E+02 +0.000000E+00 +0.000000E+00 +0.238925E-02 -0.189638E-02 +0.000000E+00 +0.593655E-03 +0.000000E+00 +0.000000E+00
 +0.148320E+01 -0.104450E+03 +0.150969E+03 -0.745411E+02 +0.252212E+02 +0.155501E+02 +0.000000E+00 +0.000000E+00 +0.238921E-02 -0.189548E-02 +0.000000E+00 +0.590904E-03 +0.000000E+00 +0.000000E+00
 +0.148320E+01 -0.104460E+03 +0.151013E+03 -0.744572E+02 +0.252636E+02 +0.154665E+02 +0.000000E+00 +0.000000E+00 +0.238925E-02 -0.189469E-02 +0.000000E+00 +0.587726E-03 +0.000000E+00 +0.000000E+00
 +0.148320E+01 -0.104470E+03 +0.151058E+03 -0.743733E+02 +0.253059E+02 +0.153829E+02 +0.000000E+00 +0.000000E+00 +0.238929E-02 -0.189390E-02 +0.000000E+00 +0.584548E-03 +0.000000E+00 +0.000000E+00
 +0.148320E+01 -0.104480E+03 +0.151102E+03 -0.742893E+02 +0.253483E+02 +0.152992E+02 +0.000000E+00 +0.000000E+00 +0.238933E-02 -0.189312E-02 +0.000000E+00 +0.581371E-03 +0.000000E+00 +0.000000E+00
 +0.148320E+01 -0.104490E+03 +0.151147E+03 -0.742054E+02 +0.253907E+02 +0.152156E+02 +0.000000E+00 +0.000000E+00 +0.238937E-02 -0.189233E-02 +0.000000E+00 +0.578193E-03 +0.000000E+00 +0.000000E+00
 +0.148320E+01 -0.104500E+03 +0.151191E+03 -0.741215E+02 +0.254330E+02 +0.151320E+02 +0.000000E+00 +0.000000E+00 +0.238941E-02 -0.189154E-02 +0.000000E+00 +0.575015E-03 +0.000000E+00 +0.000000E+00
 +0.148320E+01 -0.104510E+03 +0.151236E+03 -0.740376E+02 +0.254754E+02 +0.150484E+02 +0.000000E+00 +0.000000E+00 +0.238945E-02 -0.189075E-02 +0.000000E+00 +0.571838E-03 +0.000000E+00 +0.000000E+00
 +0.148320E+01 -0.104520E+03 +0.151280E+03 -0.739537E+02 +0.255178E+02 +0.149647E+02 +0.000000E+00 +0.000000E+00 +0.238949E-02 -0.188996E-02 +0.000000E+00 +0.568660E-03 +0.000000E+00 +0.000000E+00
 +0.148320E+01 -0.104530E+03 +0.151325E+03 -0.738697E+02 +0.255602E+02 +0.148811E+02 +0.000000E+00 +0.000000E+00 +0.238953E-02 -0.188917E-02 +0.000000E+00 +0.565482E-03 +0.000000E+00 +0.000000E+00
 +0.148320E+01 -0.104540E+03 +0.151369E+03 -0.737858E+02 +0.256025E+02 +0.147975E+02 +0.000000E+00 +0.000000E+00 +0.238957E-02 -0.188838E-02 +0.000000E+00 +0.562305E-03 +0.000000E+00 +0.000000E+00
 +0.148320E+01 -0.104550E+03 +0.151414E+03 -0.737019E+02 +0.256449E+02 +0.147139E+02 +0.000000E+00 +0.000000E+00 +0.238961E-02 -0.188759E-02 +0.000000E+00 +0.559127E-03 +0.000000E+00 +0.000000E+00
 +0.148320E+01 -0.104560E+03 +0.151458E+03 -0.736180E+02 +0.256873E+02 +0.146302E+02 +0.000000E+00 +0.000000E+00 +0.238965E-02 -0.188680E-02 +0.000000E+00 +0.555949E-03 +0.000000E+00 +0.000000E+00
 +0.148320E+01 -0.104570E+03 +0.151503E+03 -0.735340E+02 +0.257296E+02 +0.145466E+02 +0.000000E+00 +0.000000E+00 +0.238969E-02 -0.188601E-02 +0.000000E+00 +0.552772E-03 +0.000000E+00 +0.000000E+00
 +0.148320E+01 -0.104580E+03 +0.151547E+03 -0.734501E+02 +0.257720E+02 +0.144630E+02 +0.000000E+00 +0.000000E+00 +0.238973E-02 -0.188522E-02 +0.000000E+00 +0.549594E-03 +0.000000E+00 +0.000000E+00
 +0.148320E+01 -0.104590E+03 +0.151592E+03 -0.733662E+02 +0.258144E+02 +0.143794E+02 +0.000000E+00 +0.000000E+00 +0.238977E-02 -0.188443E-02 +0.000000E+00 +0.546417E-03 +0.000000E+00 +0.000000E+00
 +0.148320E+01 -0.104600E+03 +0.151636E+03 -0.732823E+02 +0.258567E+02 +0.142958E+02 +0.000000E+00 +0.000000E+00 +0.238981E-02 -0.188364E-02 +0.000000E+00 +0.543239E-03 +0.000000E+00 +0.000000E+00
 +0.148320E+01 -0.104610E+03 +0.151681E+03 -0.731984E+02 +0.258991E+02 +0.142121E+02 +0.000000E+00 +0.000000E+00 +0.238985E-02 -0.188285E-02 +0.000000E+00 +0.540061E-03 +0.000000E+00 +0.000000E+00
 +0.148320E+01 -0.104620E+03 +0.151725E+03 -0.731144E+02 +0.259415E+02 +0.141285E+02 +0.000000E+00 +0.000000E+00 +0.238989E-02 -0.188206E-02 +0.000000E+00 +0.536884E-03 +0.000000E+00 +0.000000E+00
 +0.148320E+01 -0.104630E+03 +0.151769E+03 -0.730305E+02 +0.259839E+02 +0.140449E+02 +0.000000E+00 +0.000000E+00 +0.238993E-02 -0.188127E-02 +0.000000E+00 +0.533706E-03 +0.000000E+00 +0.000000E+00
 +0.148320E+01 -0.104640E+03 +0.151814E+03 -0.729466E+02 +0.260262E+02 +0.139613E+02 +0.000000E+00 +0.000000E+00 +0.238997E-02 -0.188048E-02 +0.000000E+00 +0.530528E-03 +0.000000E+00 +0.000000E+00
 +0.148320E+01 -0.104650E+03 +0.151858E+03 -0.728627E+02 +0.260686E+02 +0.138776E+02 +0.000000E+00 +0.000000E+00 +0.239001E-02 -0.187969E-02 +0.000000E+00 +0.527351E-03 +0.000000E+00 +0.000000E+00
 +0.148320E+01 -0.104660E+03 +0.151903E+03 -0.727788E+02 +0.261110E+02 +0.137940E+02 +0.000000E+00 +0.000000E+00 +0.239005E-02 -0.187890E-02 +0.000000E+00 +0.524173E-03 +0.000000E+00 +0.000000E+00
 +0.148320E+01 -0.104670E+03 +0.151947E+03 -0.726948E+02 +0.261533E+02 +0.137104E+02 +0.000000E+00 +0.000000E+00 +0.239009E-02 -0.187812E-02 +0.000000E+00 +0.520995E-03 +0.000000E+00 +0.000000E+00
 +0.148320E+01 -0.104680E+03 +0.151992E+03 -0.726109E+02 +0.261957E+02 +0.136268E+02 +0.000000E+00 +0.000000E+00 +0.239013E-02 -0.187733E-02 +0.000000E+00 +0.517818E-03 +0.000000E+00 +0.000000E+00
 +0.148320E+01 -0.104690E+03 +0.152036E+03 -0.725270E+02 +0.262381E+02 +0.135432E+02 +0.000000E+00 +0.000000E+00 +0.239017E-02 -0.187654E-02 +0.000000E+00 +0.514640E-03 +0.000000E+00 +0.000000E+00
 +0.148320E+01 -0.104700E+03 +0.152081E+03 -0.724431E+02 +0.262805E+02 +0.134595E+02 +0.000000E+00 +0.000000E+00 +0.239021E-02 -0.187575E-02 +0.000000E+00 +0.511462E-03 +0.000000E+00 +0.000000E+00
 +0.148320E+01 -0.104710E+03 +0.152125E+03 -0.723591E+02 +0.263228E+02 +0.133759E+02 +0.000000E+00 +0.000000E+00 +0.239025E-02 -0.187496E-02 +0.000000E+00 +0.508285E-03 +0.000000E+00 +0.000000E+00
 +0.148320E+01 -0.104720E+03 +0.152170E+03 -0.722752E+02 +0.263652E+02 +0.132923E+02 +0.000000E+00 +0.000000E+00 +0.239029E-02 -0.187417E-02 +0.000000E+00 +0.505107E-03 +0.000000E+00 +0.000000E+00
 +0.148320E+01 -0.104730E+03 +0.152214E+03 -0.721913E+02 +0.264076E+02 +0.132087E+02 +0.000000E+00 +0.000000E+00 +0.239033E-02 -0.187338E-02 +0.000000E+00 +0.501929E-03 +0.000000E+00 +0.000000E+00
 +0.148320E+01 -0.104740E+03 +0.152259E+03 -0.721074E+02 +0.264499E+02 +0.131250E+02 +0.000000E+00 +0.000000E+00 +0.239037E-02 -0.187259E-02 +0.000000E+00 +0.498752E-03 +0.000000E+00 +0.000000E+00
 +0.148320E+01 -0.104750E+03 +0.152290E+03 -0.720623E+02 +0.264751E+02 +0.130587E+02 +0.000000E+00 +0.000000E+00 +0.239048E-02 -0.187221E-02 +0.000000E+00 +0.496231E-03 +0.000000E+00 +0.000000E+00
 +0.148320E+01 -0.104760E+03 +0.152316E+03 -0.720330E+02 +0.264934E+02 +0.129993E+02 +0.000000E+00 +0.000000E+00 +0.239063E-02 -0.187200E-02 +0.000000E+00 +0.493975E-03 +0.000000E+00 +0.000000E+00
 +0.148320E+01 -0.104770E+03 +0.152342E+03 -0.720037E+02 +0.265116E+02 +0.129400E+02 +0.000000E+00 +0.000000E+00 +0.239078E-02 -0.187179E-02 +0.000000E+00 +0.491720E-03 +0.000000E+00 +0.000000E+00
 +0.148320E+01 -0.104780E+03 +0.152368E+03 -0.719744E+02 +0.265298E+02 +0.128806E+02 +0.000000E+00 +0.000000E+00 +0.239092E-02 -0.187158E-02 +0.000000E+00 +0.489464E-03 +0.000000E+00 +0.000000E+00
 +0.148320E+01 -0.104790E+03 +0.152394E+03 -0.719451E+02 +0.265481E+02 +0.128213E+02 +0.000000E+00 +0.000000E+00 +0.239107E-02 -0.187137E-02 +0.000000E+00 +0.487209E-03 +0.000000E+00 +0.000000E+00
 +0.148320E+01 -0.104800E+03 +0.152420E+03 -0.719158E+02 +0.265663E+02 +0.127619E+02 +0.000000E+00 +0.000000E+00 +0.239121E-02 -0.187116E-02 +0.000000E+00 +0.484954E-03 +0.000000E+00 +0.000000E+00
 +0.148320E+01 -0.104810E+03 +0.152446E+03 -0.718865E+02 +0.265845E+02 +0.127026E+02 +0.000000E+00 +0.000000E+00 +0.239136E-02 -0.187095E-02 +0.000000E+00 +0.482698E-03 +0.000000E+00 +0.000000E+00
 +0.148320E+01 -0.104820E+03 +0.152472E+03 -0.718572E+02 +0.266028E+02 +0.126432E+02 +0.000000E+00 +0.000000E+00 +0.239151E-02 -0.187074E-02 +0.000000E+00 +0.480443E-03 +0.000000E+00 +0.000000E+00
 +0.148320E+01 -0.104830E+03 +0.152498E+03 -0.718279E+02 +0.266210E+02 +0.125839E+02 +0.000000E+00 +0.000000E+00 +0.239165E-02 -0.187053E-02 +0.000000E+00 +0.478187E-03 +0.000000E+00 +0.000000E+00
 +0.148320E+01 -0.104840E+03 +0.152523E+03 -0.717986E+02 +0.266392E+02 +0.125245E+02 +0.000000E+00 +0.000000E+00 +0.239180E-02 -0.187032E-02 +0.000000E+00 +0.475932E-03 +0.000000E+00 +0.000000E+00
 +0.148320E+01 -0.104850E+03 +0.152549E+03 -0.717692E+02 +0.266574E+02 +0.124652E+02 +0.000000E+00 +0.000000E+00 +0.239195E-02 -0.187011E-02 +0.000000E+00 +0.473677E-03 +0.000000E+00 +0.000000E+00
 +0.148320E+01 -0.104860E+03 +0.152575E+03 -0.717399E+02 +0.266757E+02 +0.124058E+02 +0.000000E+00 +0.000000E+00 +0.239209E-02 -0.186990E-02 +0.000000E+00 +0.471421E-03 +0.000000E+00 +0.000000E+00
 +0.148320E+01 -0.104870E+03 +0.152601E+03 -0.717106E+02 +0.266939E+02 +0.123465E+02 +0.000000E+00 +0.000000E+00 +0.239224E-02 -0.186969E-02 +0.000000E+00 +0.469166E-03 +0.000000E+00 +0.000000E+00
 +0.148320E+01 -0.104880E+03 +0.152627E+03 -0.716813E+02 +0.267121E+02 +0.122871E+02 +0.000000E+00 +0.000000E+00 +0.239239E-02 -0.186948E-02 +0.000000E+00 +0.466911E-03 +0.000000E+00 +0.000000E+00
 +0.148320E+01 -0.104890E+03 +0.152653E+03 -0.716520E+02 +0.267304E+02 +0.122278E+02 +0.000000E+00 +0.000000E+00 +0.239253E-02 -0.186927E-02 +0.000000E+00 +0.464655E-03 +0.000000E+00 +0.000000E+00
 +0.148320E+01 -0.104900E+03 +0.152679E+03 -0.716227E+02 +0.267486E+02 +0.121684E+02 +0.000000E+00 +0.000000E+00 +0.239268E-02 -0.186905E-02 +0.000000E+00 +0.462400E-03 +0.000000E+00 +0.000000E+00
 +0.148320E+01 -0.104910E+03 +0.152705E+03 -0.715934E+02 +0.267668E+02 +0.121091E+02 +0.000000E+00 +0.000000E+00 +0.239283E-02 -0.186884E-02 +0.000000E+00 +0.460144E-03 +0.000000E+00 +0.000000E+00
 +0.148320E+01 -0.104920E+03 +0.152731E+03 -0.715641E+02 +0.267851E+02 +0.120497E+02 +0.000000E+00 +0.000000E+00 +0.239297E-02 -0.186863E-02 +0.000000E+00 +0.457889E-03 +0.000000E+00 +0.000000E+00
 +0.148320E+01 -0.104930E+03 +0.152757E+03 -0.715348E+02 +0.268033E+02 +0.119904E+02 +0.000000E+00 +0.000000E+00 +0.239312E-02 -0.186842E-02 +0.000000E+00 +0.455634E-03 +0.000000E+00 +0.000000E+00
 +0.148320E+01 -0.104940E+03 +0.152783E+03 -0.715055E+02 +0.268215E+02 +0.119310E+02 +0.000000E+00 +0.000000E+00 +0.239327E-02 -0.186821E-02 +0.000000E+00 +0.453378E-03 +0.000000E+00 +0.000000E+00
 +0.148320E+01 -0.104950E+03 +0.152809E+03 -0.714762E+02 +0.268398E+02 +0.118717E+02 +0.000000E+00 +0.000000E+00 +0.239341E-02 -0.186800E-02 +0.000000E+00 +0.451123E-03 +0.000000E+00 +0.000000E+00
 +0.148320E+01 -0.104960E+03 +0.152835E+03 -0.714469E+02 +0.268580E+02 +0.118123E+02 +0.000000E+00 +0.000000E+00 +0.239356E-02 -0.186779E-02 +0.000000E+00 +0.448867E-03 +0.000000E+00 +0.000000E+00
 +0.148320E+01 -0.104970E+03 +0.152861E+03 -0.714175E+02 +0.268762E+02 +0.117529E+02 +0.000000E+00 +0.000000E+00 +0.239370E-02 -0.186758E-02 +0.000000E+00 +0.446612E-03 +0.000000E+00 +0.000000E+00
 +0.148320E+01 -0.104980E+03 +0.152887E+03 -0.713882E+02 +0.268945E+02 +0.116936E+02 +0.000000E+00 +0.000000E+00 +0.239385E-02 -0.186737E-02 +0.000000E+00 +0.444357E-03 +0.000000E+00 +0.000000E+00
 +0.148320E+01 -0.104990E+03 +0.152900E+03 -0.713338E+02 +0.269169E+02 +0.116347E+02 +0.000000E+00 +0.000000E+00 +0.239368E-02 -0.186676E-02 +0.000000E+00 +0.442119E-03 +0.000000E+00 +0.000000E+00
