%X Y s_xx s_yy s_zz s_xy s_xz s_yz e_xx e_yy e_zz e_xy e_xz e_yz
 +0.148320E+01 -0.100000E+03 -0.327290E+03 -0.225803E+02 -0.115457E+03 +0.318794E+02 +0.000000E+00 +0.000000E+00 -0.402482E-02 +0.176466E-02 +0.000000E+00 +0.121142E-02 +0.000000E+00 +0.000000E+00
 +0.148320E+01 -0.100010E+03 -0.320825E+03 -0.282503E+02 -0.115195E+03 +0.370519E+02 +0.000000E+00 +0.000000E+00 -0.390698E-02 +0.165195E-02 +0.000000E+00 +0.140797E-02 +0.000000E+00 +0.000000E+00
 +0.148320E+01 -0.100020E+03 -0.314357E+03 -0.339146E+02 -0.114930E+03 +0.422644E+02 +0.000000E+00 +0.000000E+00 -0.378912E-02 +0.153929E-02 +0.000000E+00 +0.160605E-02 +0.000000E+00 +0.000000E+00
 +0.148320E+01 -0.100030E+03 -0.307644E+03 -0.391630E+02 -0.114446E+03 +0.503883E+02 +0.000000E+00 +0.000000E+00 -0.367075E-02 +0.143038E-02 +0.000000E+00 +0.191476E-02 +0.000000E+00 +0.000000E+00
 +0.148320E+01 -0.100040E+03 -0.300969E+03 -0.443758E+02 -0.113964E+03 +0.584125E+02 +0.000000E+00 +0.000000E+00 -0.355310E-02 +0.132217E-02 +0.000000E+00 +0.221968E-02 +0.000000E+00 +0.000000E+00
 +0.148320E+01 -0.100050E+03 -0.295698E+03 -0.483136E+02 -0.113524E+03 +0.628599E+02 +0.000000E+00 +0.000000E+00 -0.346130E-02 +0.123899E-02 +0.000000E+00 +0.238868E-02 +0.000000E+00 +0.000000E+00
 +0.148320E+01 -0.100060E+03 -0.290456E+03 -0.522224E+02 -0.113084E+03 +0.672471E+02 +0.000000E+00 +0.000000E+00 -0.337007E-02 +0.115637E-02 +0.000000E+00 +0.255539E-02 +0.000000E+00 +0.000000E+00
 +0.148320E+01 -0.100070E+03 -0.285921E+03 -0.554470E+02 -0.112652E+03 +0.702156E+02 +0.000000E+00 +0.000000E+00 -0.329212E-02 +0.108689E-02 +0.000000E+00 +0.266819E-02 +0.000000E+00 +0.000000E+00
 +0.148320E+01 -0.100080E+03 -0.281416E+03 -0.586436E+02 -0.112220E+03 +0.731346E+02 +0.000000E+00 +0.000000E+00 -0.321473E-02 +0.101795E-02 +0.000000E+00 +0.277911E-02 +0.000000E+00 +0.000000E+00
 +0.148320E+01 -0.100090E+03 -0.277432E+03 -0.613528E+02 -0.111799E+03 +0.751920E+02 +0.000000E+00 +0.000000E+00 -0.314702E-02 +0.958477E-03 +0.000000E+00 +0.285730E-02 +0.000000E+00 +0.000000E+00
 +0.148320E+01 -0.100100E+03 -0.273477E+03 -0.640349E+02 -0.111379E+03 +0.772096E+02 +0.000000E+00 +0.000000E+00 -0.307987E-02 +0.899538E-03 +0.000000E+00 +0.293396E-02 +0.000000E+00 +0.000000E+00
 +0.148320E+01 -0.100110E+03 -0.269934E+03 -0.663468E+02 -0.110972E+03 +0.786805E+02 +0.000000E+00 +0.000000E+00 -0.302026E-02 +0.847889E-03 +0.000000E+00 +0.298986E-02 +0.000000E+00 +0.000000E+00
 +0.148320E+01 -0.100120E+03 -0.266420E+03 -0.686327E+02 -0.110567E+03 +0.801180E+02 +0.000000E+00 +0.000000E+00 -0.296120E-02 +0.796758E-03 +0.000000E+00 +0.304448E-02 +0.000000E+00 +0.000000E+00
 +0.148320E+01 -0.100130E+03 -0.263245E+03 -0.706258E+02 -0.110177E+03 +0.811797E+02 +0.000000E+00 +0.000000E+00 -0.290829E-02 +0.751481E-03 +0.000000E+00 +0.308483E-02 +0.000000E+00 +0.000000E+00
 +0.148320E+01 -0.100140E+03 -0.260100E+03 -0.725940E+02 -0.109789E+03 +0.822137E+02 +0.000000E+00 +0.000000E+00 -0.285591E-02 +0.706707E-03 +0.000000E+00 +0.312412E-02 +0.000000E+00 +0.000000E+00
 +0.148320E+01 -0.100150E+03 -0.257240E+03 -0.743256E+02 -0.109417E+03 +0.829838E+02 +0.000000E+00 +0.000000E+00 -0.280865E-02 +0.666731E-03 +0.000000E+00 +0.315339E-02 +0.000000E+00 +0.000000E+00
 +0.148320E+01 -0.100160E+03 -0.254410E+03 -0.760337E+02 -0.109046E+03 +0.837308E+02 +0.000000E+00 +0.000000E+00 -0.276191E-02 +0.627241E-03 +0.000000E+00 +0.318177E-02 +0.000000E+00 +0.000000E+00
 +0.148320E+01 -0.100170E+03 -0.251821E+03 -0.775480E+02 -0.108692E+03 +0.842880E+02 +0.000000E+00 +0.000000E+00 -0.271946E-02 +0.591733E-03 +0.000000E+00 +0.320294E-02 +0.000000E+00 +0.000000E+00
 +0.148320E+01 -0.100180E+03 -0.249261E+03 -0.790401E+02 -0.108339E+03 +0.848260E+02 +0.000000E+00 +0.000000E+00 -0.267752E-02 +0.556688E-03 +0.000000E+00 +0.322339E-02 +0.000000E+00 +0.000000E+00
 +0.148320E+01 -0.100190E+03 -0.246908E+03 -0.803724E+02 -0.108002E+03 +0.852261E+02 +0.000000E+00 +0.000000E+00 -0.263920E-02 +0.524970E-03 +0.000000E+00 +0.323859E-02 +0.000000E+00 +0.000000E+00
 +0.148320E+01 -0.100200E+03 -0.244582E+03 -0.816840E+02 -0.107668E+03 +0.856104E+02 +0.000000E+00 +0.000000E+00 -0.260137E-02 +0.493690E-03 +0.000000E+00 +0.325319E-02 +0.000000E+00 +0.000000E+00
 +0.148320E+01 -0.100210E+03 -0.242432E+03 -0.828630E+02 -0.107347E+03 +0.858936E+02 +0.000000E+00 +0.000000E+00 -0.256661E-02 +0.465201E-03 +0.000000E+00 +0.326396E-02 +0.000000E+00 +0.000000E+00
 +0.148320E+01 -0.100220E+03 -0.240308E+03 -0.840228E+02 -0.107029E+03 +0.861638E+02 +0.000000E+00 +0.000000E+00 -0.253230E-02 +0.437124E-03 +0.000000E+00 +0.327423E-02 +0.000000E+00 +0.000000E+00
 +0.148320E+01 -0.100230E+03 -0.238336E+03 -0.850723E+02 -0.106725E+03 +0.863597E+02 +0.000000E+00 +0.000000E+00 -0.250061E-02 +0.411393E-03 +0.000000E+00 +0.328167E-02 +0.000000E+00 +0.000000E+00
 +0.148320E+01 -0.100240E+03 -0.236388E+03 -0.861040E+02 -0.106422E+03 +0.865448E+02 +0.000000E+00 +0.000000E+00 -0.246935E-02 +0.386048E-03 +0.000000E+00 +0.328870E-02 +0.000000E+00 +0.000000E+00
 +0.148320E+01 -0.100250E+03 -0.234569E+03 -0.870438E+02 -0.106132E+03 +0.866748E+02 +0.000000E+00 +0.000000E+00 -0.244030E-02 +0.362680E-03 +0.000000E+00 +0.329364E-02 +0.000000E+00 +0.000000E+00
 +0.148320E+01 -0.100260E+03 -0.232774E+03 -0.879671E+02 -0.105844E+03 +0.867961E+02 +0.000000E+00 +0.000000E+00 -0.241166E-02 +0.339670E-03 +0.000000E+00 +0.329825E-02 +0.000000E+00 +0.000000E+00
 +0.148320E+01 -0.100270E+03 -0.231089E+03 -0.888135E+02 -0.105568E+03 +0.868765E+02 +0.000000E+00 +0.000000E+00 -0.238490E-02 +0.318330E-03 +0.000000E+00 +0.330131E-02 +0.000000E+00 +0.000000E+00
 +0.148320E+01 -0.100280E+03 -0.229426E+03 -0.896448E+02 -0.105293E+03 +0.869497E+02 +0.000000E+00 +0.000000E+00 -0.235852E-02 +0.297321E-03 +0.000000E+00 +0.330409E-02 +0.000000E+00 +0.000000E+00
 +0.148320E+01 -0.100290E+03 -0.227857E+03 -0.904116E+02 -0.105029E+03 +0.869923E+02 +0.000000E+00 +0.000000E+00 -0.233374E-02 +0.277725E-03 +0.000000E+00 +0.330571E-02 +0.000000E+00 +0.000000E+00
 +0.148320E+01 -0.100300E+03 -0.226309E+03 -0.911645E+02 -0.104766E+03 +0.870290E+02 +0.000000E+00 +0.000000E+00 -0.230932E-02 +0.258435E-03 +0.000000E+00 +0.330710E-02 +0.000000E+00 +0.000000E+00
 +0.148320E+01 -0.100310E+03 -0.224842E+03 -0.918632E+02 -0.104513E+03 +0.870427E+02 +0.000000E+00 +0.000000E+00 -0.228626E-02 +0.240343E-03 +0.000000E+00 +0.330762E-02 +0.000000E+00 +0.000000E+00
 +0.148320E+01 -0.100320E+03 -0.223395E+03 -0.925492E+02 -0.104261E+03 +0.870515E+02 +0.000000E+00 +0.000000E+00 -0.226353E-02 +0.222533E-03 +0.000000E+00 +0.330796E-02 +0.000000E+00 +0.000000E+00
 +0.148320E+01 -0.100330E+03 -0.222016E+03 -0.931893E+02 -0.104018E+03 +0.870428E+02 +0.000000E+00 +0.000000E+00 -0.224197E-02 +0.205742E-03 +0.000000E+00 +0.330763E-02 +0.000000E+00 +0.000000E+00
 +0.148320E+01 -0.100340E+03 -0.220656E+03 -0.938177E+02 -0.103776E+03 +0.870301E+02 +0.000000E+00 +0.000000E+00 -0.222071E-02 +0.189211E-03 +0.000000E+00 +0.330714E-02 +0.000000E+00 +0.000000E+00
 +0.148320E+01 -0.100350E+03 -0.219355E+03 -0.944073E+02 -0.103542E+03 +0.870039E+02 +0.000000E+00 +0.000000E+00 -0.220045E-02 +0.173550E-03 +0.000000E+00 +0.330615E-02 +0.000000E+00 +0.000000E+00
 +0.148320E+01 -0.100360E+03 -0.218071E+03 -0.949862E+02 -0.103309E+03 +0.869743E+02 +0.000000E+00 +0.000000E+00 -0.218048E-02 +0.158129E-03 +0.000000E+00 +0.330502E-02 +0.000000E+00 +0.000000E+00
 +0.148320E+01 -0.100370E+03 -0.216838E+03 -0.955319E+02 -0.103082E+03 +0.869341E+02 +0.000000E+00 +0.000000E+00 -0.216136E-02 +0.143452E-03 +0.000000E+00 +0.330350E-02 +0.000000E+00 +0.000000E+00
 +0.148320E+01 -0.100380E+03 -0.215620E+03 -0.960678E+02 -0.102857E+03 +0.868911E+02 +0.000000E+00 +0.000000E+00 -0.214250E-02 +0.128998E-03 +0.000000E+00 +0.330186E-02 +0.000000E+00 +0.000000E+00
 +0.148320E+01 -0.100390E+03 -0.214448E+03 -0.965753E+02 -0.102638E+03 +0.868396E+02 +0.000000E+00 +0.000000E+00 -0.212439E-02 +0.115183E-03 +0.000000E+00 +0.329991E-02 +0.000000E+00 +0.000000E+00
 +0.148320E+01 -0.100400E+03 -0.213289E+03 -0.970737E+02 -0.102420E+03 +0.867856E+02 +0.000000E+00 +0.000000E+00 -0.210652E-02 +0.101573E-03 +0.000000E+00 +0.329785E-02 +0.000000E+00 +0.000000E+00
 +0.148320E+01 -0.100410E+03 -0.212169E+03 -0.975476E+02 -0.102206E+03 +0.867248E+02 +0.000000E+00 +0.000000E+00 -0.208928E-02 +0.885164E-04 +0.000000E+00 +0.329554E-02 +0.000000E+00 +0.000000E+00
 +0.148320E+01 -0.100420E+03 -0.211062E+03 -0.980131E+02 -0.101995E+03 +0.866616E+02 +0.000000E+00 +0.000000E+00 -0.207227E-02 +0.756504E-04 +0.000000E+00 +0.329314E-02 +0.000000E+00 +0.000000E+00
 +0.148320E+01 -0.100430E+03 -0.209988E+03 -0.984575E+02 -0.101787E+03 +0.865928E+02 +0.000000E+00 +0.000000E+00 -0.205582E-02 +0.632634E-04 +0.000000E+00 +0.329053E-02 +0.000000E+00 +0.000000E+00
 +0.148320E+01 -0.100440E+03 -0.208927E+03 -0.988939E+02 -0.101581E+03 +0.865219E+02 +0.000000E+00 +0.000000E+00 -0.203958E-02 +0.510542E-04 +0.000000E+00 +0.328783E-02 +0.000000E+00 +0.000000E+00
 +0.148320E+01 -0.100450E+03 -0.207895E+03 -0.993120E+02 -0.101378E+03 +0.864461E+02 +0.000000E+00 +0.000000E+00 -0.202382E-02 +0.392626E-04 +0.000000E+00 +0.328495E-02 +0.000000E+00 +0.000000E+00
 +0.148320E+01 -0.100460E+03 -0.206875E+03 -0.997226E+02 -0.101177E+03 +0.863684E+02 +0.000000E+00 +0.000000E+00 -0.200826E-02 +0.276371E-04 +0.000000E+00 +0.328200E-02 +0.000000E+00 +0.000000E+00
 +0.148320E+01 -0.100470E+03 -0.205880E+03 -0.100117E+03 -0.100979E+03 +0.862864E+02 +0.000000E+00 +0.000000E+00 -0.199312E-02 +0.163776E-04 +0.000000E+00 +0.327888E-02 +0.000000E+00 +0.000000E+00
 +0.148320E+01 -0.100480E+03 -0.204896E+03 -0.100505E+03 -0.100782E+03 +0.862025E+02 +0.000000E+00 +0.000000E+00 -0.197816E-02 +0.527373E-05 +0.000000E+00 +0.327569E-02 +0.000000E+00 +0.000000E+00
 +0.148320E+01 -0.100490E+03 -0.203935E+03 -0.100878E+03 -0.100588E+03 +0.861147E+02 +0.000000E+00 +0.000000E+00 -0.196358E-02 -0.550777E-05 +0.000000E+00 +0.327236E-02 +0.000000E+00 +0.000000E+00
 +0.148320E+01 -0.100500E+03 -0.202983E+03 -0.101245E+03 -0.100395E+03 +0.860251E+02 +0.000000E+00 +0.000000E+00 -0.194917E-02 -0.161427E-04 +0.000000E+00 +0.326896E-02 +0.000000E+00 +0.000000E+00
 +0.148320E+01 -0.100510E+03 -0.202051E+03 -0.101599E+03 -0.100205E+03 +0.859320E+02 +0.000000E+00 +0.000000E+00 -0.193509E-02 -0.264921E-04 +0.000000E+00 +0.326542E-02 +0.000000E+00 +0.000000E+00
 +0.148320E+01 -0.100520E+03 -0.201129E+03 -0.101947E+03 -0.100015E+03 +0.858371E+02 +0.000000E+00 +0.000000E+00 -0.192117E-02 -0.367029E-04 +0.000000E+00 +0.326181E-02 +0.000000E+00 +0.000000E+00
 +0.148320E+01 -0.100530E+03 -0.200225E+03 -0.102283E+03 -0.998277E+02 +0.857390E+02 +0.000000E+00 +0.000000E+00 -0.190754E-02 -0.466595E-04 +0.000000E+00 +0.325808E-02 +0.000000E+00 +0.000000E+00
 +0.148320E+01 -0.100540E+03 -0.199329E+03 -0.102614E+03 -0.996413E+02 +0.856390E+02 +0.000000E+00 +0.000000E+00 -0.189407E-02 -0.564846E-04 +0.000000E+00 +0.325428E-02 +0.000000E+00 +0.000000E+00
 +0.148320E+01 -0.100550E+03 -0.198449E+03 -0.102935E+03 -0.994566E+02 +0.855359E+02 +0.000000E+00 +0.000000E+00 -0.188086E-02 -0.660821E-04 +0.000000E+00 +0.325036E-02 +0.000000E+00 +0.000000E+00
 +0.148320E+01 -0.100560E+03 -0.197578E+03 -0.103249E+03 -0.992729E+02 +0.854310E+02 +0.000000E+00 +0.000000E+00 -0.186779E-02 -0.755542E-04 +0.000000E+00 +0.324638E-02 +0.000000E+00 +0.000000E+00
 +0.148320E+01 -0.100570E+03 -0.196720E+03 -0.103555E+03 -0.990908E+02 +0.853232E+02 +0.000000E+00 +0.000000E+00 -0.185496E-02 -0.848216E-04 +0.000000E+00 +0.324228E-02 +0.000000E+00 +0.000000E+00
 +0.148320E+01 -0.100580E+03 -0.195871E+03 -0.103855E+03 -0.989095E+02 +0.852135E+02 +0.000000E+00 +0.000000E+00 -0.184226E-02 -0.939687E-04 +0.000000E+00 +0.323811E-02 +0.000000E+00 +0.000000E+00
 +0.148320E+01 -0.100590E+03 -0.195034E+03 -0.104147E+03 -0.987296E+02 +0.851010E+02 +0.000000E+00 +0.000000E+00 -0.182978E-02 -0.102931E-03 +0.000000E+00 +0.323384E-02 +0.000000E+00 +0.000000E+00
 +0.148320E+01 -0.100600E+03 -0.194204E+03 -0.104434E+03 -0.985505E+02 +0.849866E+02 +0.000000E+00 +0.000000E+00 -0.181742E-02 -0.111777E-03 +0.000000E+00 +0.322949E-02 +0.000000E+00 +0.000000E+00
 +0.148320E+01 -0.100610E+03 -0.193387E+03 -0.104712E+03 -0.983726E+02 +0.848695E+02 +0.000000E+00 +0.000000E+00 -0.180526E-02 -0.120456E-03 +0.000000E+00 +0.322504E-02 +0.000000E+00 +0.000000E+00
 +0.148320E+01 -0.100620E+03 -0.192576E+03 -0.104986E+03 -0.981955E+02 +0.847505E+02 +0.000000E+00 +0.000000E+00 -0.179323E-02 -0.129022E-03 +0.000000E+00 +0.322052E-02 +0.000000E+00 +0.000000E+00
 +0.148320E+01 -0.100630E+03 -0.191776E+03 -0.105253E+03 -0.980194E+02 +0.846289E+02 +0.000000E+00 +0.000000E+00 -0.178137E-02 -0.137435E-03 +0.000000E+00 +0.321590E-02 +0.000000E+00 +0.000000E+00
 +0.148320E+01 -0.100640E+03 -0.190982E+03 -0.105515E+03 -0.978440E+02 +0.845053E+02 +0.000000E+00 +0.000000E+00 -0.176963E-02 -0.145741E-03 +0.000000E+00 +0.321120E-02 +0.000000E+00 +0.000000E+00
 +0.148320E+01 -0.100650E+03 -0.190199E+03 -0.105770E+03 -0.976696E+02 +0.843793E+02 +0.000000E+00 +0.000000E+00 -0.175805E-02 -0.153905E-03 +0.000000E+00 +0.320641E-02 +0.000000E+00 +0.000000E+00
 +0.148320E+01 -0.100660E+03 -0.189422E+03 -0.106020E+03 -0.974958E+02 +0.842512E+02 +0.000000E+00 +0.000000E+00 -0.174659E-02 -0.161964E-03 +0.000000E+00 +0.320155E-02 +0.000000E+00 +0.000000E+00
 +0.148320E+01 -0.100670E+03 -0.188653E+03 -0.106265E+03 -0.973228E+02 +0.841207E+02 +0.000000E+00 +0.000000E+00 -0.173527E-02 -0.169893E-03 +0.000000E+00 +0.319659E-02 +0.000000E+00 +0.000000E+00
 +0.148320E+01 -0.100680E+03 -0.187891E+03 -0.106504E+03 -0.971504E+02 +0.839882E+02 +0.000000E+00 +0.000000E+00 -0.172407E-02 -0.177720E-03 +0.000000E+00 +0.319155E-02 +0.000000E+00 +0.000000E+00
 +0.148320E+01 -0.100690E+03 -0.187137E+03 -0.106738E+03 -0.969787E+02 +0.838533E+02 +0.000000E+00 +0.000000E+00 -0.171301E-02 -0.185427E-03 +0.000000E+00 +0.318643E-02 +0.000000E+00 +0.000000E+00
 +0.148320E+01 -0.100700E+03 -0.186389E+03 -0.106967E+03 -0.968077E+02 +0.837164E+02 +0.000000E+00 +0.000000E+00 -0.170205E-02 -0.193033E-03 +0.000000E+00 +0.318122E-02 +0.000000E+00 +0.000000E+00
 +0.148320E+01 -0.100710E+03 -0.185649E+03 -0.107191E+03 -0.966372E+02 +0.835773E+02 +0.000000E+00 +0.000000E+00 -0.169122E-02 -0.200529E-03 +0.000000E+00 +0.317594E-02 +0.000000E+00 +0.000000E+00
 +0.148320E+01 -0.100720E+03 -0.184915E+03 -0.107411E+03 -0.964674E+02 +0.834360E+02 +0.000000E+00 +0.000000E+00 -0.168050E-02 -0.207926E-03 +0.000000E+00 +0.317057E-02 +0.000000E+00 +0.000000E+00
 +0.148320E+01 -0.100730E+03 -0.184187E+03 -0.107625E+03 -0.962981E+02 +0.832926E+02 +0.000000E+00 +0.000000E+00 -0.166989E-02 -0.215219E-03 +0.000000E+00 +0.316512E-02 +0.000000E+00 +0.000000E+00
 +0.148320E+01 -0.100740E+03 -0.183465E+03 -0.107835E+03 -0.961293E+02 +0.831471E+02 +0.000000E+00 +0.000000E+00 -0.165939E-02 -0.222416E-03 +0.000000E+00 +0.315959E-02 +0.000000E+00 +0.000000E+00
 +0.148320E+01 -0.100750E+03 -0.182750E+03 -0.108041E+03 -0.959610E+02 +0.829996E+02 +0.000000E+00 +0.000000E+00 -0.164899E-02 -0.229516E-03 +0.000000E+00 +0.315398E-02 +0.000000E+00 +0.000000E+00
 +0.148320E+01 -0.100760E+03 -0.182041E+03 -0.108242E+03 -0.957932E+02 +0.828499E+02 +0.000000E+00 +0.000000E+00 -0.163870E-02 -0.236520E-03 +0.000000E+00 +0.314829E-02 +0.000000E+00 +0.000000E+00
 +0.148320E+01 -0.100770E+03 -0.181337E+03 -0.108438E+03 -0.956259E+02 +0.826982E+02 +0.000000E+00 +0.000000E+00 -0.162851E-02 -0.243434E-03 +0.000000E+00 +0.314253E-02 +0.000000E+00 +0.000000E+00
 +0.148320E+01 -0.100780E+03 -0.180640E+03 -0.108630E+03 -0.954591E+02 +0.825444E+02 +0.000000E+00 +0.000000E+00 -0.161843E-02 -0.250254E-03 +0.000000E+00 +0.313669E-02 +0.000000E+00 +0.000000E+00
 +0.148320E+01 -0.100790E+03 -0.179947E+03 -0.108818E+03 -0.952926E+02 +0.823887E+02 +0.000000E+00 +0.000000E+00 -0.160844E-02 -0.256989E-03 +0.000000E+00 +0.313077E-02 +0.000000E+00 +0.000000E+00
 +0.148320E+01 -0.100800E+03 -0.179261E+03 -0.109002E+03 -0.951267E+02 +0.822309E+02 +0.000000E+00 +0.000000E+00 -0.159855E-02 -0.263631E-03 +0.000000E+00 +0.312477E-02 +0.000000E+00 +0.000000E+00
 +0.148320E+01 -0.100810E+03 -0.178579E+03 -0.109182E+03 -0.949611E+02 +0.820712E+02 +0.000000E+00 +0.000000E+00 -0.158874E-02 -0.270193E-03 +0.000000E+00 +0.311871E-02 +0.000000E+00 +0.000000E+00
 +0.148320E+01 -0.100820E+03 -0.177903E+03 -0.109357E+03 -0.947960E+02 +0.819095E+02 +0.000000E+00 +0.000000E+00 -0.157904E-02 -0.276662E-03 +0.000000E+00 +0.311256E-02 +0.000000E+00 +0.000000E+00
 +0.148320E+01 -0.100830E+03 -0.177232E+03 -0.109529E+03 -0.946312E+02 +0.817460E+02 +0.000000E+00 +0.000000E+00 -0.156942E-02 -0.283057E-03 +0.000000E+00 +0.310635E-02 +0.000000E+00 +0.000000E+00
 +0.148320E+01 -0.100840E+03 -0.176567E+03 -0.109696E+03 -0.944669E+02 +0.815804E+02 +0.000000E+00 +0.000000E+00 -0.155990E-02 -0.289359E-03 +0.000000E+00 +0.310005E-02 +0.000000E+00 +0.000000E+00
 +0.148320E+01 -0.100850E+03 -0.175906E+03 -0.109860E+03 -0.943029E+02 +0.814132E+02 +0.000000E+00 +0.000000E+00 -0.155046E-02 -0.295592E-03 +0.000000E+00 +0.309370E-02 +0.000000E+00 +0.000000E+00
 +0.148320E+01 -0.100860E+03 -0.175251E+03 -0.110020E+03 -0.941393E+02 +0.812438E+02 +0.000000E+00 +0.000000E+00 -0.154112E-02 -0.301732E-03 +0.000000E+00 +0.308726E-02 +0.000000E+00 +0.000000E+00
 +0.148320E+01 -0.100870E+03 -0.174599E+03 -0.110176E+03 -0.939760E+02 +0.810729E+02 +0.000000E+00 +0.000000E+00 -0.153185E-02 -0.307806E-03 +0.000000E+00 +0.308077E-02 +0.000000E+00 +0.000000E+00
 +0.148320E+01 -0.100880E+03 -0.173954E+03 -0.110328E+03 -0.938132E+02 +0.808999E+02 +0.000000E+00 +0.000000E+00 -0.152267E-02 -0.313789E-03 +0.000000E+00 +0.307420E-02 +0.000000E+00 +0.000000E+00
 +0.148320E+01 -0.100890E+03 -0.173312E+03 -0.110477E+03 -0.936506E+02 +0.807255E+02 +0.000000E+00 +0.000000E+00 -0.151357E-02 -0.319710E-03 +0.000000E+00 +0.306757E-02 +0.000000E+00 +0.000000E+00
 +0.148320E+01 -0.100900E+03 -0.172676E+03 -0.110622E+03 -0.934884E+02 +0.805489E+02 +0.000000E+00 +0.000000E+00 -0.150457E-02 -0.325539E-03 +0.000000E+00 +0.306086E-02 +0.000000E+00 +0.000000E+00
 +0.148320E+01 -0.100910E+03 -0.172044E+03 -0.110764E+03 -0.933265E+02 +0.803711E+02 +0.000000E+00 +0.000000E+00 -0.149563E-02 -0.331310E-03 +0.000000E+00 +0.305410E-02 +0.000000E+00 +0.000000E+00
 +0.148320E+01 -0.100920E+03 -0.171417E+03 -0.110901E+03 -0.931651E+02 +0.801911E+02 +0.000000E+00 +0.000000E+00 -0.148679E-02 -0.336990E-03 +0.000000E+00 +0.304726E-02 +0.000000E+00 +0.000000E+00
 +0.148320E+01 -0.100930E+03 -0.170794E+03 -0.111036E+03 -0.930038E+02 +0.800099E+02 +0.000000E+00 +0.000000E+00 -0.147801E-02 -0.342615E-03 +0.000000E+00 +0.304037E-02 +0.000000E+00 +0.000000E+00
 +0.148320E+01 -0.100940E+03 -0.170176E+03 -0.111167E+03 -0.928430E+02 +0.798266E+02 +0.000000E+00 +0.000000E+00 -0.146932E-02 -0.348149E-03 +0.000000E+00 +0.303341E-02 +0.000000E+00 +0.000000E+00
 +0.148320E+01 -0.100950E+03 -0.169561E+03 -0.111295E+03 -0.926825E+02 +0.796421E+02 +0.000000E+00 +0.000000E+00 -0.146070E-02 -0.353630E-03 +0.000000E+00 +0.302640E-02 +0.000000E+00 +0.000000E+00
 +0.148320E+01 -0.100960E+03 -0.168953E+03 -0.111418E+03 -0.925223E+02 +0.794556E+02 +0.000000E+00 +0.000000E+00 -0.145217E-02 -0.359021E-03 +0.000000E+00 +0.301931E-02 +0.000000E+00 +0.000000E+00
 +0.148320E+01 -0.100970E+03 -0.168347E+03 -0.111539E+03 -0.923624E+02 +0.792681E+02 +0.000000E+00 +0.000000E+00 -0.144370E-02 -0.364363E-03 +0.000000E+00 +0.301219E-02 +0.000000E+00 +0.000000E+00
 +0.148320E+01 -0.100980E+03 -0.167747E+03 -0.111656E+03 -0.922029E+02 +0.790785E+02 +0.000000E+00 +0.000000E+00 -0.143533E-02 -0.369614E-03 +0.000000E+00 +0.300498E-02 +0.000000E+00 +0.000000E+00
 +0.148320E+01 -0.100990E+03 -0.167149E+03 -0.111771E+03 -0.920437E+02 +0.788879E+02 +0.000000E+00 +0.000000E+00 -0.142701E-02 -0.374819E-03 +0.000000E+00 +0.299774E-02 +0.000000E+00 +0.000000E+00
 +0.148320E+01 -0.101000E+03 -0.166558E+03 -0.111881E+03 -0.918848E+02 +0.786954E+02 +0.000000E+00 +0.000000E+00 -0.141878E-02 -0.379934E-03 +0.000000E+00 +0.299042E-02 +0.000000E+00 +0.000000E+00
 +0.148320E+01 -0.101010E+03 -0.165969E+03 -0.111990E+03 -0.917262E+02 +0.785019E+02 +0.000000E+00 +0.000000E+00 -0.141060E-02 -0.385005E-03 +0.000000E+00 +0.298307E-02 +0.000000E+00 +0.000000E+00
 +0.148320E+01 -0.101020E+03 -0.165385E+03 -0.112094E+03 -0.915680E+02 +0.783065E+02 +0.000000E+00 +0.000000E+00 -0.140253E-02 -0.389985E-03 +0.000000E+00 +0.297565E-02 +0.000000E+00 +0.000000E+00
 +0.148320E+01 -0.101030E+03 -0.164804E+03 -0.112196E+03 -0.914100E+02 +0.781103E+02 +0.000000E+00 +0.000000E+00 -0.139450E-02 -0.394925E-03 +0.000000E+00 +0.296819E-02 +0.000000E+00 +0.000000E+00
 +0.148320E+01 -0.101040E+03 -0.164229E+03 -0.112293E+03 -0.912525E+02 +0.779122E+02 +0.000000E+00 +0.000000E+00 -0.138656E-02 -0.399773E-03 +0.000000E+00 +0.296066E-02 +0.000000E+00 +0.000000E+00
 +0.148320E+01 -0.101050E+03 -0.163657E+03 -0.112389E+03 -0.910951E+02 +0.777133E+02 +0.000000E+00 +0.000000E+00 -0.137867E-02 -0.404584E-03 +0.000000E+00 +0.295310E-02 +0.000000E+00 +0.000000E+00
 +0.148320E+01 -0.101060E+03 -0.163090E+03 -0.112480E+03 -0.909382E+02 +0.775125E+02 +0.000000E+00 +0.000000E+00 -0.137088E-02 -0.409304E-03 +0.000000E+00 +0.294548E-02 +0.000000E+00 +0.000000E+00
 +0.148320E+01 -0.101070E+03 -0.162525E+03 -0.112570E+03 -0.907815E+02 +0.773111E+02 +0.000000E+00 +0.000000E+00 -0.136313E-02 -0.413988E-03 +0.000000E+00 +0.293782E-02 +0.000000E+00 +0.000000E+00
 +0.148320E+01 -0.101080E+03 -0.161966E+03 -0.112656E+03 -0.906252E+02 +0.771079E+02 +0.000000E+00 +0.000000E+00 -0.135548E-02 -0.418581E-03 +0.000000E+00 +0.293010E-02 +0.000000E+00 +0.000000E+00
 +0.148320E+01 -0.101090E+03 -0.161409E+03 -0.112740E+03 -0.904691E+02 +0.769040E+02 +0.000000E+00 +0.000000E+00 -0.134786E-02 -0.423141E-03 +0.000000E+00 +0.292235E-02 +0.000000E+00 +0.000000E+00
 +0.148320E+01 -0.101100E+03 -0.160858E+03 -0.112819E+03 -0.903135E+02 +0.766984E+02 +0.000000E+00 +0.000000E+00 -0.134035E-02 -0.427610E-03 +0.000000E+00 +0.291454E-02 +0.000000E+00 +0.000000E+00
 +0.148320E+01 -0.101110E+03 -0.160309E+03 -0.112897E+03 -0.901581E+02 +0.764922E+02 +0.000000E+00 +0.000000E+00 -0.133287E-02 -0.432047E-03 +0.000000E+00 +0.290670E-02 +0.000000E+00 +0.000000E+00
 +0.148320E+01 -0.101120E+03 -0.159766E+03 -0.112971E+03 -0.900032E+02 +0.762843E+02 +0.000000E+00 +0.000000E+00 -0.132549E-02 -0.436394E-03 +0.000000E+00 +0.289880E-02 +0.000000E+00 +0.000000E+00
 +0.148320E+01 -0.101130E+03 -0.159224E+03 -0.113044E+03 -0.898484E+02 +0.760759E+02 +0.000000E+00 +0.000000E+00 -0.131814E-02 -0.440712E-03 +0.000000E+00 +0.289088E-02 +0.000000E+00 +0.000000E+00
 +0.148320E+01 -0.101140E+03 -0.158688E+03 -0.113112E+03 -0.896941E+02 +0.758659E+02 +0.000000E+00 +0.000000E+00 -0.131089E-02 -0.444939E-03 +0.000000E+00 +0.288290E-02 +0.000000E+00 +0.000000E+00
 +0.148320E+01 -0.101150E+03 -0.158154E+03 -0.113179E+03 -0.895400E+02 +0.756554E+02 +0.000000E+00 +0.000000E+00 -0.130367E-02 -0.449140E-03 +0.000000E+00 +0.287491E-02 +0.000000E+00 +0.000000E+00
 +0.148320E+01 -0.101160E+03 -0.157626E+03 -0.113242E+03 -0.893864E+02 +0.754434E+02 +0.000000E+00 +0.000000E+00 -0.129656E-02 -0.453249E-03 +0.000000E+00 +0.286685E-02 +0.000000E+00 +0.000000E+00
 +0.148320E+01 -0.101170E+03 -0.157100E+03 -0.113303E+03 -0.892330E+02 +0.752309E+02 +0.000000E+00 +0.000000E+00 -0.128947E-02 -0.457333E-03 +0.000000E+00 +0.285877E-02 +0.000000E+00 +0.000000E+00
 +0.148320E+01 -0.101180E+03 -0.156579E+03 -0.113360E+03 -0.890801E+02 +0.750170E+02 +0.000000E+00 +0.000000E+00 -0.128248E-02 -0.461327E-03 +0.000000E+00 +0.285064E-02 +0.000000E+00 +0.000000E+00
 +0.148320E+01 -0.101190E+03 -0.156060E+03 -0.113417E+03 -0.889273E+02 +0.748026E+02 +0.000000E+00 +0.000000E+00 -0.127552E-02 -0.465298E-03 +0.000000E+00 +0.284250E-02 +0.000000E+00 +0.000000E+00
 +0.148320E+01 -0.101200E+03 -0.155547E+03 -0.113469E+03 -0.887750E+02 +0.745869E+02 +0.000000E+00 +0.000000E+00 -0.126866E-02 -0.469177E-03 +0.000000E+00 +0.283430E-02 +0.000000E+00 +0.000000E+00
 +0.148320E+01 -0.101210E+03 -0.155035E+03 -0.113520E+03 -0.886229E+02 +0.743708E+02 +0.000000E+00 +0.000000E+00 -0.126183E-02 -0.473036E-03 +0.000000E+00 +0.282609E-02 +0.000000E+00 +0.000000E+00
 +0.148320E+01 -0.101220E+03 -0.154529E+03 -0.113566E+03 -0.884714E+02 +0.741533E+02 +0.000000E+00 +0.000000E+00 -0.125509E-02 -0.476804E-03 +0.000000E+00 +0.281783E-02 +0.000000E+00 +0.000000E+00
 +0.148320E+01 -0.101230E+03 -0.154024E+03 -0.113612E+03 -0.883200E+02 +0.739356E+02 +0.000000E+00 +0.000000E+00 -0.124838E-02 -0.480553E-03 +0.000000E+00 +0.280955E-02 +0.000000E+00 +0.000000E+00
 +0.148320E+01 -0.101240E+03 -0.153525E+03 -0.113654E+03 -0.881692E+02 +0.737165E+02 +0.000000E+00 +0.000000E+00 -0.124177E-02 -0.484211E-03 +0.000000E+00 +0.280123E-02 +0.000000E+00 +0.000000E+00
 +0.148320E+01 -0.101250E+03 -0.153028E+03 -0.113695E+03 -0.880185E+02 +0.734972E+02 +0.000000E+00 +0.000000E+00 -0.123518E-02 -0.487852E-03 +0.000000E+00 +0.279289E-02 +0.000000E+00 +0.000000E+00
 +0.148320E+01 -0.101260E+03 -0.152536E+03 -0.113732E+03 -0.878683E+02 +0.732767E+02 +0.000000E+00 +0.000000E+00 -0.122869E-02 -0.491402E-03 +0.000000E+00 +0.278451E-02 +0.000000E+00 +0.000000E+00
 +0.148320E+01 -0.101270E+03 -0.152046E+03 -0.113768E+03 -0.877183E+02 +0.730560E+02 +0.000000E+00 +0.000000E+00 -0.122222E-02 -0.494937E-03 +0.000000E+00 +0.277613E-02 +0.000000E+00 +0.000000E+00
 +0.148320E+01 -0.101280E+03 -0.151561E+03 -0.113800E+03 -0.875689E+02 +0.728341E+02 +0.000000E+00 +0.000000E+00 -0.121585E-02 -0.498381E-03 +0.000000E+00 +0.276769E-02 +0.000000E+00 +0.000000E+00
 +0.148320E+01 -0.101290E+03 -0.151077E+03 -0.113831E+03 -0.874197E+02 +0.726120E+02 +0.000000E+00 +0.000000E+00 -0.120949E-02 -0.501811E-03 +0.000000E+00 +0.275926E-02 +0.000000E+00 +0.000000E+00
 +0.148320E+01 -0.101300E+03 -0.150600E+03 -0.113858E+03 -0.872710E+02 +0.723888E+02 +0.000000E+00 +0.000000E+00 -0.120325E-02 -0.505151E-03 +0.000000E+00 +0.275078E-02 +0.000000E+00 +0.000000E+00
 +0.148320E+01 -0.101310E+03 -0.150123E+03 -0.113884E+03 -0.871224E+02 +0.721655E+02 +0.000000E+00 +0.000000E+00 -0.119701E-02 -0.508478E-03 +0.000000E+00 +0.274229E-02 +0.000000E+00 +0.000000E+00
 +0.148320E+01 -0.101320E+03 -0.149652E+03 -0.113907E+03 -0.869745E+02 +0.719412E+02 +0.000000E+00 +0.000000E+00 -0.119088E-02 -0.511715E-03 +0.000000E+00 +0.273376E-02 +0.000000E+00 +0.000000E+00
 +0.148320E+01 -0.101330E+03 -0.149182E+03 -0.113929E+03 -0.868266E+02 +0.717167E+02 +0.000000E+00 +0.000000E+00 -0.118476E-02 -0.514942E-03 +0.000000E+00 +0.272523E-02 +0.000000E+00 +0.000000E+00
 +0.148320E+01 -0.101340E+03 -0.148718E+03 -0.113947E+03 -0.866795E+02 +0.714913E+02 +0.000000E+00 +0.000000E+00 -0.117874E-02 -0.518078E-03 +0.000000E+00 +0.271667E-02 +0.000000E+00 +0.000000E+00
 +0.148320E+01 -0.101350E+03 -0.148255E+03 -0.113964E+03 -0.865324E+02 +0.712658E+02 +0.000000E+00 +0.000000E+00 -0.117273E-02 -0.521205E-03 +0.000000E+00 +0.270810E-02 +0.000000E+00 +0.000000E+00
 +0.148320E+01 -0.101360E+03 -0.147798E+03 -0.113978E+03 -0.863859E+02 +0.710394E+02 +0.000000E+00 +0.000000E+00 -0.116683E-02 -0.524242E-03 +0.000000E+00 +0.269950E-02 +0.000000E+00 +0.000000E+00
 +0.148320E+01 -0.101370E+03 -0.147341E+03 -0.113991E+03 -0.862396E+02 +0.708129E+02 +0.000000E+00 +0.000000E+00 -0.116093E-02 -0.527272E-03 +0.000000E+00 +0.269089E-02 +0.000000E+00 +0.000000E+00
 +0.148320E+01 -0.101380E+03 -0.146891E+03 -0.114000E+03 -0.860939E+02 +0.705856E+02 +0.000000E+00 +0.000000E+00 -0.115514E-02 -0.530212E-03 +0.000000E+00 +0.268225E-02 +0.000000E+00 +0.000000E+00
 +0.148320E+01 -0.101390E+03 -0.146441E+03 -0.114009E+03 -0.859483E+02 +0.703583E+02 +0.000000E+00 +0.000000E+00 -0.114936E-02 -0.533146E-03 +0.000000E+00 +0.267361E-02 +0.000000E+00 +0.000000E+00
 +0.148320E+01 -0.101400E+03 -0.145997E+03 -0.114013E+03 -0.858034E+02 +0.701302E+02 +0.000000E+00 +0.000000E+00 -0.114368E-02 -0.535990E-03 +0.000000E+00 +0.266495E-02 +0.000000E+00 +0.000000E+00
 +0.148320E+01 -0.101410E+03 -0.145553E+03 -0.114018E+03 -0.856586E+02 +0.699021E+02 +0.000000E+00 +0.000000E+00 -0.113800E-02 -0.538829E-03 +0.000000E+00 +0.265628E-02 +0.000000E+00 +0.000000E+00
 +0.148320E+01 -0.101420E+03 -0.145116E+03 -0.114019E+03 -0.855145E+02 +0.696733E+02 +0.000000E+00 +0.000000E+00 -0.113243E-02 -0.541580E-03 +0.000000E+00 +0.264759E-02 +0.000000E+00 +0.000000E+00
 +0.148320E+01 -0.101430E+03 -0.144679E+03 -0.114019E+03 -0.853704E+02 +0.694445E+02 +0.000000E+00 +0.000000E+00 -0.112686E-02 -0.544326E-03 +0.000000E+00 +0.263889E-02 +0.000000E+00 +0.000000E+00
 +0.148320E+01 -0.101440E+03 -0.144248E+03 -0.114016E+03 -0.852271E+02 +0.692151E+02 +0.000000E+00 +0.000000E+00 -0.112140E-02 -0.546984E-03 +0.000000E+00 +0.263018E-02 +0.000000E+00 +0.000000E+00
 +0.148320E+01 -0.101450E+03 -0.143817E+03 -0.114012E+03 -0.850838E+02 +0.689857E+02 +0.000000E+00 +0.000000E+00 -0.111594E-02 -0.549640E-03 +0.000000E+00 +0.262146E-02 +0.000000E+00 +0.000000E+00
 +0.148320E+01 -0.101460E+03 -0.143393E+03 -0.114005E+03 -0.849412E+02 +0.687558E+02 +0.000000E+00 +0.000000E+00 -0.111058E-02 -0.552207E-03 +0.000000E+00 +0.261272E-02 +0.000000E+00 +0.000000E+00
 +0.148320E+01 -0.101470E+03 -0.142969E+03 -0.113997E+03 -0.847987E+02 +0.685259E+02 +0.000000E+00 +0.000000E+00 -0.110523E-02 -0.554773E-03 +0.000000E+00 +0.260398E-02 +0.000000E+00 +0.000000E+00
 +0.148320E+01 -0.101480E+03 -0.142550E+03 -0.113986E+03 -0.846570E+02 +0.682955E+02 +0.000000E+00 +0.000000E+00 -0.109997E-02 -0.557252E-03 +0.000000E+00 +0.259523E-02 +0.000000E+00 +0.000000E+00
 +0.148320E+01 -0.101490E+03 -0.142132E+03 -0.113975E+03 -0.845153E+02 +0.680651E+02 +0.000000E+00 +0.000000E+00 -0.109472E-02 -0.559729E-03 +0.000000E+00 +0.258648E-02 +0.000000E+00 +0.000000E+00
 +0.148320E+01 -0.101500E+03 -0.141720E+03 -0.113960E+03 -0.843743E+02 +0.678344E+02 +0.000000E+00 +0.000000E+00 -0.108957E-02 -0.562121E-03 +0.000000E+00 +0.257771E-02 +0.000000E+00 +0.000000E+00
 +0.148320E+01 -0.101510E+03 -0.141308E+03 -0.113945E+03 -0.842334E+02 +0.676037E+02 +0.000000E+00 +0.000000E+00 -0.108442E-02 -0.564511E-03 +0.000000E+00 +0.256894E-02 +0.000000E+00 +0.000000E+00
 +0.148320E+01 -0.101520E+03 -0.140902E+03 -0.113926E+03 -0.840933E+02 +0.673726E+02 +0.000000E+00 +0.000000E+00 -0.107937E-02 -0.566818E-03 +0.000000E+00 +0.256016E-02 +0.000000E+00 +0.000000E+00
 +0.148320E+01 -0.101530E+03 -0.140497E+03 -0.113907E+03 -0.839532E+02 +0.671416E+02 +0.000000E+00 +0.000000E+00 -0.107433E-02 -0.569122E-03 +0.000000E+00 +0.255138E-02 +0.000000E+00 +0.000000E+00
 +0.148320E+01 -0.101540E+03 -0.140097E+03 -0.113885E+03 -0.838138E+02 +0.669104E+02 +0.000000E+00 +0.000000E+00 -0.106937E-02 -0.571346E-03 +0.000000E+00 +0.254259E-02 +0.000000E+00 +0.000000E+00
 +0.148320E+01 -0.101550E+03 -0.139697E+03 -0.113862E+03 -0.836746E+02 +0.666791E+02 +0.000000E+00 +0.000000E+00 -0.106443E-02 -0.573566E-03 +0.000000E+00 +0.253381E-02 +0.000000E+00 +0.000000E+00
 +0.148320E+01 -0.101560E+03 -0.139303E+03 -0.113836E+03 -0.835360E+02 +0.664477E+02 +0.000000E+00 +0.000000E+00 -0.105957E-02 -0.575708E-03 +0.000000E+00 +0.252501E-02 +0.000000E+00 +0.000000E+00
 +0.148320E+01 -0.101570E+03 -0.138909E+03 -0.113810E+03 -0.833976E+02 +0.662163E+02 +0.000000E+00 +0.000000E+00 -0.105473E-02 -0.577845E-03 +0.000000E+00 +0.251622E-02 +0.000000E+00 +0.000000E+00
 +0.148320E+01 -0.101580E+03 -0.138521E+03 -0.113781E+03 -0.832599E+02 +0.659849E+02 +0.000000E+00 +0.000000E+00 -0.104997E-02 -0.579907E-03 +0.000000E+00 +0.250743E-02 +0.000000E+00 +0.000000E+00
 +0.148320E+01 -0.101590E+03 -0.138134E+03 -0.113752E+03 -0.831222E+02 +0.657534E+02 +0.000000E+00 +0.000000E+00 -0.104522E-02 -0.581962E-03 +0.000000E+00 +0.249863E-02 +0.000000E+00 +0.000000E+00
 +0.148320E+01 -0.101600E+03 -0.137751E+03 -0.113719E+03 -0.829854E+02 +0.655220E+02 +0.000000E+00 +0.000000E+00 -0.104056E-02 -0.583946E-03 +0.000000E+00 +0.248983E-02 +0.000000E+00 +0.000000E+00
 +0.148320E+01 -0.101610E+03 -0.137370E+03 -0.113687E+03 -0.828486E+02 +0.652905E+02 +0.000000E+00 +0.000000E+00 -0.103590E-02 -0.585922E-03 +0.000000E+00 +0.248104E-02 +0.000000E+00 +0.000000E+00
 +0.148320E+01 -0.101620E+03 -0.136993E+03 -0.113651E+03 -0.827125E+02 +0.650591E+02 +0.000000E+00 +0.000000E+00 -0.103133E-02 -0.587828E-03 +0.000000E+00 +0.247225E-02 +0.000000E+00 +0.000000E+00
 +0.148320E+01 -0.101630E+03 -0.136617E+03 -0.113615E+03 -0.825765E+02 +0.648277E+02 +0.000000E+00 +0.000000E+00 -0.102677E-02 -0.589725E-03 +0.000000E+00 +0.246345E-02 +0.000000E+00 +0.000000E+00
 +0.148320E+01 -0.101640E+03 -0.136246E+03 -0.113576E+03 -0.824413E+02 +0.645964E+02 +0.000000E+00 +0.000000E+00 -0.102230E-02 -0.591556E-03 +0.000000E+00 +0.245466E-02 +0.000000E+00 +0.000000E+00
 +0.148320E+01 -0.101650E+03 -0.135876E+03 -0.113537E+03 -0.823062E+02 +0.643651E+02 +0.000000E+00 +0.000000E+00 -0.101783E-02 -0.593377E-03 +0.000000E+00 +0.244588E-02 +0.000000E+00 +0.000000E+00
 +0.148320E+01 -0.101660E+03 -0.135511E+03 -0.113495E+03 -0.821718E+02 +0.641340E+02 +0.000000E+00 +0.000000E+00 -0.101344E-02 -0.595132E-03 +0.000000E+00 +0.243709E-02 +0.000000E+00 +0.000000E+00
 +0.148320E+01 -0.101670E+03 -0.135146E+03 -0.113452E+03 -0.820375E+02 +0.639030E+02 +0.000000E+00 +0.000000E+00 -0.100907E-02 -0.596878E-03 +0.000000E+00 +0.242831E-02 +0.000000E+00 +0.000000E+00
 +0.148320E+01 -0.101680E+03 -0.134787E+03 -0.113407E+03 -0.819040E+02 +0.636721E+02 +0.000000E+00 +0.000000E+00 -0.100477E-02 -0.598561E-03 +0.000000E+00 +0.241954E-02 +0.000000E+00 +0.000000E+00
 +0.148320E+01 -0.101690E+03 -0.134428E+03 -0.113362E+03 -0.817705E+02 +0.634413E+02 +0.000000E+00 +0.000000E+00 -0.100049E-02 -0.600233E-03 +0.000000E+00 +0.241077E-02 +0.000000E+00 +0.000000E+00
 +0.148320E+01 -0.101700E+03 -0.134073E+03 -0.113314E+03 -0.816378E+02 +0.632107E+02 +0.000000E+00 +0.000000E+00 -0.996278E-03 -0.601844E-03 +0.000000E+00 +0.240201E-02 +0.000000E+00 +0.000000E+00
 +0.148320E+01 -0.101710E+03 -0.133720E+03 -0.113265E+03 -0.815052E+02 +0.629802E+02 +0.000000E+00 +0.000000E+00 -0.992083E-03 -0.603443E-03 +0.000000E+00 +0.239325E-02 +0.000000E+00 +0.000000E+00
 +0.148320E+01 -0.101720E+03 -0.133371E+03 -0.113215E+03 -0.813734E+02 +0.627500E+02 +0.000000E+00 +0.000000E+00 -0.987961E-03 -0.604984E-03 +0.000000E+00 +0.238450E-02 +0.000000E+00 +0.000000E+00
 +0.148320E+01 -0.101730E+03 -0.133023E+03 -0.113163E+03 -0.812416E+02 +0.625198E+02 +0.000000E+00 +0.000000E+00 -0.983854E-03 -0.606513E-03 +0.000000E+00 +0.237575E-02 +0.000000E+00 +0.000000E+00
 +0.148320E+01 -0.101740E+03 -0.132680E+03 -0.113110E+03 -0.811106E+02 +0.622900E+02 +0.000000E+00 +0.000000E+00 -0.979816E-03 -0.607985E-03 +0.000000E+00 +0.236702E-02 +0.000000E+00 +0.000000E+00
 +0.148320E+01 -0.101750E+03 -0.132337E+03 -0.113056E+03 -0.809797E+02 +0.620603E+02 +0.000000E+00 +0.000000E+00 -0.975796E-03 -0.609444E-03 +0.000000E+00 +0.235829E-02 +0.000000E+00 +0.000000E+00
 +0.148320E+01 -0.101760E+03 -0.131999E+03 -0.112999E+03 -0.808495E+02 +0.618309E+02 +0.000000E+00 +0.000000E+00 -0.971843E-03 -0.610849E-03 +0.000000E+00 +0.234958E-02 +0.000000E+00 +0.000000E+00
 +0.148320E+01 -0.101770E+03 -0.131662E+03 -0.112943E+03 -0.807195E+02 +0.616017E+02 +0.000000E+00 +0.000000E+00 -0.967907E-03 -0.612239E-03 +0.000000E+00 +0.234086E-02 +0.000000E+00 +0.000000E+00
 +0.148320E+01 -0.101780E+03 -0.131329E+03 -0.112884E+03 -0.805902E+02 +0.613728E+02 +0.000000E+00 +0.000000E+00 -0.964036E-03 -0.613578E-03 +0.000000E+00 +0.233217E-02 +0.000000E+00 +0.000000E+00
 +0.148320E+01 -0.101790E+03 -0.130997E+03 -0.112824E+03 -0.804611E+02 +0.611441E+02 +0.000000E+00 +0.000000E+00 -0.960184E-03 -0.614902E-03 +0.000000E+00 +0.232347E-02 +0.000000E+00 +0.000000E+00
 +0.148320E+01 -0.101800E+03 -0.130669E+03 -0.112763E+03 -0.803326E+02 +0.609158E+02 +0.000000E+00 +0.000000E+00 -0.956396E-03 -0.616175E-03 +0.000000E+00 +0.231480E-02 +0.000000E+00 +0.000000E+00
 +0.148320E+01 -0.101810E+03 -0.130342E+03 -0.112701E+03 -0.802043E+02 +0.606876E+02 +0.000000E+00 +0.000000E+00 -0.952626E-03 -0.617434E-03 +0.000000E+00 +0.230613E-02 +0.000000E+00 +0.000000E+00
 +0.148320E+01 -0.101820E+03 -0.130020E+03 -0.112637E+03 -0.800767E+02 +0.604599E+02 +0.000000E+00 +0.000000E+00 -0.948917E-03 -0.618644E-03 +0.000000E+00 +0.229748E-02 +0.000000E+00 +0.000000E+00
 +0.148320E+01 -0.101830E+03 -0.129698E+03 -0.112572E+03 -0.799492E+02 +0.602324E+02 +0.000000E+00 +0.000000E+00 -0.945228E-03 -0.619838E-03 +0.000000E+00 +0.228883E-02 +0.000000E+00 +0.000000E+00
 +0.148320E+01 -0.101840E+03 -0.129380E+03 -0.112506E+03 -0.798224E+02 +0.600053E+02 +0.000000E+00 +0.000000E+00 -0.941599E-03 -0.620986E-03 +0.000000E+00 +0.228020E-02 +0.000000E+00 +0.000000E+00
 +0.148320E+01 -0.101850E+03 -0.129064E+03 -0.112439E+03 -0.796959E+02 +0.597784E+02 +0.000000E+00 +0.000000E+00 -0.937990E-03 -0.622118E-03 +0.000000E+00 +0.227158E-02 +0.000000E+00 +0.000000E+00
 +0.148320E+01 -0.101860E+03 -0.128751E+03 -0.112370E+03 -0.795700E+02 +0.595520E+02 +0.000000E+00 +0.000000E+00 -0.934438E-03 -0.623204E-03 +0.000000E+00 +0.226298E-02 +0.000000E+00 +0.000000E+00
 +0.148320E+01 -0.101870E+03 -0.128439E+03 -0.112301E+03 -0.794443E+02 +0.593258E+02 +0.000000E+00 +0.000000E+00 -0.930907E-03 -0.624274E-03 +0.000000E+00 +0.225438E-02 +0.000000E+00 +0.000000E+00
 +0.148320E+01 -0.101880E+03 -0.128131E+03 -0.112230E+03 -0.793192E+02 +0.591002E+02 +0.000000E+00 +0.000000E+00 -0.927432E-03 -0.625301E-03 +0.000000E+00 +0.224581E-02 +0.000000E+00 +0.000000E+00
 +0.148320E+01 -0.101890E+03 -0.127825E+03 -0.112158E+03 -0.791944E+02 +0.588747E+02 +0.000000E+00 +0.000000E+00 -0.923978E-03 -0.626311E-03 +0.000000E+00 +0.223724E-02 +0.000000E+00 +0.000000E+00
 +0.148320E+01 -0.101900E+03 -0.127522E+03 -0.112085E+03 -0.790701E+02 +0.586498E+02 +0.000000E+00 +0.000000E+00 -0.920578E-03 -0.627280E-03 +0.000000E+00 +0.222869E-02 +0.000000E+00 +0.000000E+00
 +0.148320E+01 -0.101910E+03 -0.127220E+03 -0.112011E+03 -0.789462E+02 +0.584252E+02 +0.000000E+00 +0.000000E+00 -0.917201E-03 -0.628231E-03 +0.000000E+00 +0.222016E-02 +0.000000E+00 +0.000000E+00
 +0.148320E+01 -0.101920E+03 -0.126921E+03 -0.111936E+03 -0.788228E+02 +0.582011E+02 +0.000000E+00 +0.000000E+00 -0.913875E-03 -0.629142E-03 +0.000000E+00 +0.221164E-02 +0.000000E+00 +0.000000E+00
 +0.148320E+01 -0.101930E+03 -0.126625E+03 -0.111859E+03 -0.786997E+02 +0.579772E+02 +0.000000E+00 +0.000000E+00 -0.910572E-03 -0.630035E-03 +0.000000E+00 +0.220314E-02 +0.000000E+00 +0.000000E+00
 +0.148320E+01 -0.101940E+03 -0.126331E+03 -0.111782E+03 -0.785772E+02 +0.577540E+02 +0.000000E+00 +0.000000E+00 -0.907318E-03 -0.630890E-03 +0.000000E+00 +0.219465E-02 +0.000000E+00 +0.000000E+00
 +0.148320E+01 -0.101950E+03 -0.126039E+03 -0.111704E+03 -0.784550E+02 +0.575310E+02 +0.000000E+00 +0.000000E+00 -0.904089E-03 -0.631727E-03 +0.000000E+00 +0.218618E-02 +0.000000E+00 +0.000000E+00
 +0.148320E+01 -0.101960E+03 -0.125749E+03 -0.111624E+03 -0.783333E+02 +0.573086E+02 +0.000000E+00 +0.000000E+00 -0.900907E-03 -0.632527E-03 +0.000000E+00 +0.217773E-02 +0.000000E+00 +0.000000E+00
 +0.148320E+01 -0.101970E+03 -0.125462E+03 -0.111544E+03 -0.782120E+02 +0.570865E+02 +0.000000E+00 +0.000000E+00 -0.897750E-03 -0.633309E-03 +0.000000E+00 +0.216929E-02 +0.000000E+00 +0.000000E+00
 +0.148320E+01 -0.101980E+03 -0.125177E+03 -0.111462E+03 -0.780912E+02 +0.568650E+02 +0.000000E+00 +0.000000E+00 -0.894638E-03 -0.634055E-03 +0.000000E+00 +0.216087E-02 +0.000000E+00 +0.000000E+00
 +0.148320E+01 -0.101990E+03 -0.124894E+03 -0.111380E+03 -0.779707E+02 +0.566439E+02 +0.000000E+00 +0.000000E+00 -0.891552E-03 -0.634783E-03 +0.000000E+00 +0.215247E-02 +0.000000E+00 +0.000000E+00
 +0.148320E+01 -0.102000E+03 -0.124614E+03 -0.111297E+03 -0.778507E+02 +0.564233E+02 +0.000000E+00 +0.000000E+00 -0.888510E-03 -0.635477E-03 +0.000000E+00 +0.214408E-02 +0.000000E+00 +0.000000E+00
 +0.148320E+01 -0.102010E+03 -0.124336E+03 -0.111213E+03 -0.777311E+02 +0.562031E+02 +0.000000E+00 +0.000000E+00 -0.885494E-03 -0.636151E-03 +0.000000E+00 +0.213572E-02 +0.000000E+00 +0.000000E+00
 +0.148320E+01 -0.102020E+03 -0.124060E+03 -0.111127E+03 -0.776120E+02 +0.559834E+02 +0.000000E+00 +0.000000E+00 -0.882520E-03 -0.636793E-03 +0.000000E+00 +0.212737E-02 +0.000000E+00 +0.000000E+00
 +0.148320E+01 -0.102030E+03 -0.123786E+03 -0.111041E+03 -0.774932E+02 +0.557642E+02 +0.000000E+00 +0.000000E+00 -0.879572E-03 -0.637416E-03 +0.000000E+00 +0.211904E-02 +0.000000E+00 +0.000000E+00
 +0.148320E+01 -0.102040E+03 -0.123515E+03 -0.110954E+03 -0.773750E+02 +0.555456E+02 +0.000000E+00 +0.000000E+00 -0.876665E-03 -0.638008E-03 +0.000000E+00 +0.211073E-02 +0.000000E+00 +0.000000E+00
 +0.148320E+01 -0.102050E+03 -0.123246E+03 -0.110867E+03 -0.772570E+02 +0.553273E+02 +0.000000E+00 +0.000000E+00 -0.873785E-03 -0.638580E-03 +0.000000E+00 +0.210244E-02 +0.000000E+00 +0.000000E+00
 +0.148320E+01 -0.102060E+03 -0.122979E+03 -0.110778E+03 -0.771396E+02 +0.551096E+02 +0.000000E+00 +0.000000E+00 -0.870945E-03 -0.639122E-03 +0.000000E+00 +0.209417E-02 +0.000000E+00 +0.000000E+00
 +0.148320E+01 -0.102070E+03 -0.122714E+03 -0.110688E+03 -0.770226E+02 +0.548924E+02 +0.000000E+00 +0.000000E+00 -0.868131E-03 -0.639644E-03 +0.000000E+00 +0.208591E-02 +0.000000E+00 +0.000000E+00
 +0.148320E+01 -0.102080E+03 -0.122451E+03 -0.110597E+03 -0.769060E+02 +0.546757E+02 +0.000000E+00 +0.000000E+00 -0.865356E-03 -0.640138E-03 +0.000000E+00 +0.207768E-02 +0.000000E+00 +0.000000E+00
 +0.148320E+01 -0.102090E+03 -0.122190E+03 -0.110506E+03 -0.767898E+02 +0.544595E+02 +0.000000E+00 +0.000000E+00 -0.862608E-03 -0.640611E-03 +0.000000E+00 +0.206946E-02 +0.000000E+00 +0.000000E+00
 +0.148320E+01 -0.102100E+03 -0.121932E+03 -0.110414E+03 -0.766741E+02 +0.542438E+02 +0.000000E+00 +0.000000E+00 -0.859897E-03 -0.641057E-03 +0.000000E+00 +0.206126E-02 +0.000000E+00 +0.000000E+00
 +0.148320E+01 -0.102110E+03 -0.121675E+03 -0.110321E+03 -0.765587E+02 +0.540285E+02 +0.000000E+00 +0.000000E+00 -0.857213E-03 -0.641482E-03 +0.000000E+00 +0.205308E-02 +0.000000E+00 +0.000000E+00
 +0.148320E+01 -0.102120E+03 -0.121421E+03 -0.110227E+03 -0.764438E+02 +0.538137E+02 +0.000000E+00 +0.000000E+00 -0.854566E-03 -0.641880E-03 +0.000000E+00 +0.204492E-02 +0.000000E+00 +0.000000E+00
 +0.148320E+01 -0.102130E+03 -0.121169E+03 -0.110132E+03 -0.763293E+02 +0.535994E+02 +0.000000E+00 +0.000000E+00 -0.851947E-03 -0.642257E-03 +0.000000E+00 +0.203678E-02 +0.000000E+00 +0.000000E+00
 +0.148320E+01 -0.102140E+03 -0.120919E+03 -0.110037E+03 -0.762152E+02 +0.533855E+02 +0.000000E+00 +0.000000E+00 -0.849362E-03 -0.642609E-03 +0.000000E+00 +0.202865E-02 +0.000000E+00 +0.000000E+00
 +0.148320E+01 -0.102150E+03 -0.120670E+03 -0.109940E+03 -0.761015E+02 +0.531720E+02 +0.000000E+00 +0.000000E+00 -0.846807E-03 -0.642939E-03 +0.000000E+00 +0.202054E-02 +0.000000E+00 +0.000000E+00
 +0.148320E+01 -0.102160E+03 -0.120424E+03 -0.109843E+03 -0.759882E+02 +0.529590E+02 +0.000000E+00 +0.000000E+00 -0.844284E-03 -0.643243E-03 +0.000000E+00 +0.201244E-02 +0.000000E+00 +0.000000E+00
 +0.148320E+01 -0.102170E+03 -0.120180E+03 -0.109745E+03 -0.758753E+02 +0.527462E+02 +0.000000E+00 +0.000000E+00 -0.841790E-03 -0.643527E-03 +0.000000E+00 +0.200436E-02 +0.000000E+00 +0.000000E+00
 +0.148320E+01 -0.102180E+03 -0.119938E+03 -0.109646E+03 -0.757628E+02 +0.525337E+02 +0.000000E+00 +0.000000E+00 -0.839327E-03 -0.643787E-03 +0.000000E+00 +0.199628E-02 +0.000000E+00 +0.000000E+00
 +0.148320E+01 -0.102190E+03 -0.119697E+03 -0.109547E+03 -0.756506E+02 +0.523217E+02 +0.000000E+00 +0.000000E+00 -0.836891E-03 -0.644026E-03 +0.000000E+00 +0.198822E-02 +0.000000E+00 +0.000000E+00
 +0.148320E+01 -0.102200E+03 -0.119459E+03 -0.109446E+03 -0.755387E+02 +0.521103E+02 +0.000000E+00 +0.000000E+00 -0.834482E-03 -0.644245E-03 +0.000000E+00 +0.198019E-02 +0.000000E+00 +0.000000E+00
 +0.148320E+01 -0.102210E+03 -0.119212E+03 -0.109342E+03 -0.754229E+02 +0.518751E+02 +0.000000E+00 +0.000000E+00 -0.831988E-03 -0.644472E-03 +0.000000E+00 +0.197125E-02 +0.000000E+00 +0.000000E+00
 +0.148320E+01 -0.102220E+03 -0.118956E+03 -0.109235E+03 -0.753032E+02 +0.516168E+02 +0.000000E+00 +0.000000E+00 -0.829412E-03 -0.644705E-03 +0.000000E+00 +0.196144E-02 +0.000000E+00 +0.000000E+00
 +0.148320E+01 -0.102230E+03 -0.118722E+03 -0.109131E+03 -0.751914E+02 +0.514109E+02 +0.000000E+00 +0.000000E+00 -0.827077E-03 -0.644851E-03 +0.000000E+00 +0.195361E-02 +0.000000E+00 +0.000000E+00
 +0.148320E+01 -0.102240E+03 -0.118507E+03 -0.109031E+03 -0.750874E+02 +0.512521E+02 +0.000000E+00 +0.000000E+00 -0.824965E-03 -0.644928E-03 +0.000000E+00 +0.194758E-02 +0.000000E+00 +0.000000E+00
 +0.148320E+01 -0.102250E+03 -0.118301E+03 -0.108957E+03 -0.749952E+02 +0.510586E+02 +0.000000E+00 +0.000000E+00 -0.822805E-03 -0.645283E-03 +0.000000E+00 +0.194023E-02 +0.000000E+00 +0.000000E+00
 +0.148320E+01 -0.102260E+03 -0.118080E+03 -0.108862E+03 -0.748909E+02 +0.508403E+02 +0.000000E+00 +0.000000E+00 -0.820590E-03 -0.645456E-03 +0.000000E+00 +0.193193E-02 +0.000000E+00 +0.000000E+00
 +0.148320E+01 -0.102270E+03 -0.117873E+03 -0.108756E+03 -0.747874E+02 +0.506428E+02 +0.000000E+00 +0.000000E+00 -0.818624E-03 -0.645397E-03 +0.000000E+00 +0.192443E-02 +0.000000E+00 +0.000000E+00
 +0.148320E+01 -0.102280E+03 -0.117668E+03 -0.108634E+03 -0.746799E+02 +0.504512E+02 +0.000000E+00 +0.000000E+00 -0.816782E-03 -0.645134E-03 +0.000000E+00 +0.191715E-02 +0.000000E+00 +0.000000E+00
 +0.148320E+01 -0.102290E+03 -0.117428E+03 -0.108507E+03 -0.745584E+02 +0.502437E+02 +0.000000E+00 +0.000000E+00 -0.814520E-03 -0.645018E-03 +0.000000E+00 +0.190926E-02 +0.000000E+00 +0.000000E+00
 +0.148320E+01 -0.102300E+03 -0.117176E+03 -0.108379E+03 -0.744331E+02 +0.500129E+02 +0.000000E+00 +0.000000E+00 -0.812108E-03 -0.644976E-03 +0.000000E+00 +0.190049E-02 +0.000000E+00 +0.000000E+00
 +0.148320E+01 -0.102310E+03 -0.116957E+03 -0.108280E+03 -0.743284E+02 +0.498008E+02 +0.000000E+00 +0.000000E+00 -0.809948E-03 -0.645087E-03 +0.000000E+00 +0.189243E-02 +0.000000E+00 +0.000000E+00
 +0.148320E+01 -0.102320E+03 -0.116764E+03 -0.108203E+03 -0.742390E+02 +0.496027E+02 +0.000000E+00 +0.000000E+00 -0.807974E-03 -0.645312E-03 +0.000000E+00 +0.188490E-02 +0.000000E+00 +0.000000E+00
 +0.148320E+01 -0.102330E+03 -0.116569E+03 -0.108122E+03 -0.741479E+02 +0.493987E+02 +0.000000E+00 +0.000000E+00 -0.805999E-03 -0.645502E-03 +0.000000E+00 +0.187715E-02 +0.000000E+00 +0.000000E+00
 +0.148320E+01 -0.102340E+03 -0.116365E+03 -0.108033E+03 -0.740513E+02 +0.491966E+02 +0.000000E+00 +0.000000E+00 -0.803956E-03 -0.645654E-03 +0.000000E+00 +0.186947E-02 +0.000000E+00 +0.000000E+00
 +0.148320E+01 -0.102350E+03 -0.116153E+03 -0.107940E+03 -0.739506E+02 +0.490009E+02 +0.000000E+00 +0.000000E+00 -0.801847E-03 -0.645792E-03 +0.000000E+00 +0.186203E-02 +0.000000E+00 +0.000000E+00
 +0.148320E+01 -0.102360E+03 -0.115941E+03 -0.107846E+03 -0.738499E+02 +0.488051E+02 +0.000000E+00 +0.000000E+00 -0.799738E-03 -0.645931E-03 +0.000000E+00 +0.185459E-02 +0.000000E+00 +0.000000E+00
 +0.148320E+01 -0.102370E+03 -0.115728E+03 -0.107739E+03 -0.737443E+02 +0.486091E+02 +0.000000E+00 +0.000000E+00 -0.797694E-03 -0.645908E-03 +0.000000E+00 +0.184715E-02 +0.000000E+00 +0.000000E+00
 +0.148320E+01 -0.102380E+03 -0.115527E+03 -0.107612E+03 -0.736356E+02 +0.484144E+02 +0.000000E+00 +0.000000E+00 -0.795928E-03 -0.645544E-03 +0.000000E+00 +0.183975E-02 +0.000000E+00 +0.000000E+00
 +0.148320E+01 -0.102390E+03 -0.115329E+03 -0.107486E+03 -0.735289E+02 +0.482203E+02 +0.000000E+00 +0.000000E+00 -0.794202E-03 -0.645183E-03 +0.000000E+00 +0.183237E-02 +0.000000E+00 +0.000000E+00
 +0.148320E+01 -0.102400E+03 -0.115124E+03 -0.107353E+03 -0.734175E+02 +0.480249E+02 +0.000000E+00 +0.000000E+00 -0.792428E-03 -0.644775E-03 +0.000000E+00 +0.182495E-02 +0.000000E+00 +0.000000E+00
 +0.148320E+01 -0.102410E+03 -0.114914E+03 -0.107231E+03 -0.733078E+02 +0.478273E+02 +0.000000E+00 +0.000000E+00 -0.790509E-03 -0.644546E-03 +0.000000E+00 +0.181744E-02 +0.000000E+00 +0.000000E+00
 +0.148320E+01 -0.102420E+03 -0.114704E+03 -0.107111E+03 -0.731989E+02 +0.476176E+02 +0.000000E+00 +0.000000E+00 -0.788595E-03 -0.644329E-03 +0.000000E+00 +0.180947E-02 +0.000000E+00 +0.000000E+00
 +0.148320E+01 -0.102430E+03 -0.114494E+03 -0.106991E+03 -0.730900E+02 +0.474078E+02 +0.000000E+00 +0.000000E+00 -0.786682E-03 -0.644111E-03 +0.000000E+00 +0.180150E-02 +0.000000E+00 +0.000000E+00
 +0.148320E+01 -0.102440E+03 -0.114285E+03 -0.106870E+03 -0.729812E+02 +0.471980E+02 +0.000000E+00 +0.000000E+00 -0.784768E-03 -0.643894E-03 +0.000000E+00 +0.179352E-02 +0.000000E+00 +0.000000E+00
 +0.148320E+01 -0.102450E+03 -0.114100E+03 -0.106758E+03 -0.728830E+02 +0.470035E+02 +0.000000E+00 +0.000000E+00 -0.783118E-03 -0.643621E-03 +0.000000E+00 +0.178613E-02 +0.000000E+00 +0.000000E+00
 +0.148320E+01 -0.102460E+03 -0.113903E+03 -0.106621E+03 -0.727727E+02 +0.468165E+02 +0.000000E+00 +0.000000E+00 -0.781470E-03 -0.643111E-03 +0.000000E+00 +0.177903E-02 +0.000000E+00 +0.000000E+00
 +0.148320E+01 -0.102470E+03 -0.113699E+03 -0.106473E+03 -0.726569E+02 +0.466312E+02 +0.000000E+00 +0.000000E+00 -0.779800E-03 -0.642513E-03 +0.000000E+00 +0.177199E-02 +0.000000E+00 +0.000000E+00
 +0.148320E+01 -0.102480E+03 -0.113495E+03 -0.106326E+03 -0.725410E+02 +0.464459E+02 +0.000000E+00 +0.000000E+00 -0.778131E-03 -0.641915E-03 +0.000000E+00 +0.176495E-02 +0.000000E+00 +0.000000E+00
 +0.148320E+01 -0.102490E+03 -0.113290E+03 -0.106195E+03 -0.724301E+02 +0.462629E+02 +0.000000E+00 +0.000000E+00 -0.776338E-03 -0.641537E-03 +0.000000E+00 +0.175799E-02 +0.000000E+00 +0.000000E+00
 +0.148320E+01 -0.102500E+03 -0.113083E+03 -0.106079E+03 -0.723236E+02 +0.460819E+02 +0.000000E+00 +0.000000E+00 -0.774436E-03 -0.641354E-03 +0.000000E+00 +0.175111E-02 +0.000000E+00 +0.000000E+00
 +0.148320E+01 -0.102510E+03 -0.112877E+03 -0.105963E+03 -0.722171E+02 +0.459009E+02 +0.000000E+00 +0.000000E+00 -0.772534E-03 -0.641171E-03 +0.000000E+00 +0.174423E-02 +0.000000E+00 +0.000000E+00
 +0.148320E+01 -0.102520E+03 -0.112683E+03 -0.105854E+03 -0.721172E+02 +0.457141E+02 +0.000000E+00 +0.000000E+00 -0.770750E-03 -0.640998E-03 +0.000000E+00 +0.173714E-02 +0.000000E+00 +0.000000E+00
 +0.148320E+01 -0.102530E+03 -0.112500E+03 -0.105751E+03 -0.720227E+02 +0.455224E+02 +0.000000E+00 +0.000000E+00 -0.769063E-03 -0.640835E-03 +0.000000E+00 +0.172985E-02 +0.000000E+00 +0.000000E+00
 +0.148320E+01 -0.102540E+03 -0.112304E+03 -0.105639E+03 -0.719213E+02 +0.453358E+02 +0.000000E+00 +0.000000E+00 -0.767277E-03 -0.640636E-03 +0.000000E+00 +0.172276E-02 +0.000000E+00 +0.000000E+00
 +0.148320E+01 -0.102550E+03 -0.112106E+03 -0.105525E+03 -0.718183E+02 +0.451504E+02 +0.000000E+00 +0.000000E+00 -0.765469E-03 -0.640430E-03 +0.000000E+00 +0.171571E-02 +0.000000E+00 +0.000000E+00
 +0.148320E+01 -0.102560E+03 -0.111908E+03 -0.105411E+03 -0.717154E+02 +0.449649E+02 +0.000000E+00 +0.000000E+00 -0.763661E-03 -0.640223E-03 +0.000000E+00 +0.170867E-02 +0.000000E+00 +0.000000E+00
 +0.148320E+01 -0.102570E+03 -0.111742E+03 -0.105324E+03 -0.716319E+02 +0.447772E+02 +0.000000E+00 +0.000000E+00 -0.762097E-03 -0.640152E-03 +0.000000E+00 +0.170153E-02 +0.000000E+00 +0.000000E+00
 +0.148320E+01 -0.102580E+03 -0.111571E+03 -0.105207E+03 -0.715369E+02 +0.445908E+02 +0.000000E+00 +0.000000E+00 -0.760656E-03 -0.639734E-03 +0.000000E+00 +0.169445E-02 +0.000000E+00 +0.000000E+00
 +0.148320E+01 -0.102590E+03 -0.111398E+03 -0.105078E+03 -0.714368E+02 +0.444050E+02 +0.000000E+00 +0.000000E+00 -0.759254E-03 -0.639175E-03 +0.000000E+00 +0.168739E-02 +0.000000E+00 +0.000000E+00
 +0.148320E+01 -0.102600E+03 -0.111225E+03 -0.104949E+03 -0.713374E+02 +0.442187E+02 +0.000000E+00 +0.000000E+00 -0.757868E-03 -0.638614E-03 +0.000000E+00 +0.168031E-02 +0.000000E+00 +0.000000E+00
 +0.148320E+01 -0.102610E+03 -0.111065E+03 -0.104825E+03 -0.712438E+02 +0.440292E+02 +0.000000E+00 +0.000000E+00 -0.756605E-03 -0.638047E-03 +0.000000E+00 +0.167311E-02 +0.000000E+00 +0.000000E+00
 +0.148320E+01 -0.102620E+03 -0.110905E+03 -0.104702E+03 -0.711502E+02 +0.438396E+02 +0.000000E+00 +0.000000E+00 -0.755341E-03 -0.637479E-03 +0.000000E+00 +0.166591E-02 +0.000000E+00 +0.000000E+00
 +0.148320E+01 -0.102630E+03 -0.110742E+03 -0.104567E+03 -0.710518E+02 +0.436642E+02 +0.000000E+00 +0.000000E+00 -0.754113E-03 -0.636780E-03 +0.000000E+00 +0.165924E-02 +0.000000E+00 +0.000000E+00
 +0.148320E+01 -0.102640E+03 -0.110592E+03 -0.104457E+03 -0.709662E+02 +0.435122E+02 +0.000000E+00 +0.000000E+00 -0.752897E-03 -0.636321E-03 +0.000000E+00 +0.165346E-02 +0.000000E+00 +0.000000E+00
 +0.148320E+01 -0.102650E+03 -0.110457E+03 -0.104354E+03 -0.708877E+02 +0.433448E+02 +0.000000E+00 +0.000000E+00 -0.751814E-03 -0.635867E-03 +0.000000E+00 +0.164710E-02 +0.000000E+00 +0.000000E+00
 +0.148320E+01 -0.102660E+03 -0.110321E+03 -0.104252E+03 -0.708092E+02 +0.431774E+02 +0.000000E+00 +0.000000E+00 -0.750731E-03 -0.635413E-03 +0.000000E+00 +0.164074E-02 +0.000000E+00 +0.000000E+00
 +0.148320E+01 -0.102670E+03 -0.110186E+03 -0.104150E+03 -0.707307E+02 +0.430100E+02 +0.000000E+00 +0.000000E+00 -0.749648E-03 -0.634960E-03 +0.000000E+00 +0.163438E-02 +0.000000E+00 +0.000000E+00
 +0.148320E+01 -0.102680E+03 -0.110050E+03 -0.104047E+03 -0.706522E+02 +0.428426E+02 +0.000000E+00 +0.000000E+00 -0.748565E-03 -0.634506E-03 +0.000000E+00 +0.162802E-02 +0.000000E+00 +0.000000E+00
 +0.148320E+01 -0.102690E+03 -0.109899E+03 -0.103929E+03 -0.705633E+02 +0.426743E+02 +0.000000E+00 +0.000000E+00 -0.747381E-03 -0.633949E-03 +0.000000E+00 +0.162162E-02 +0.000000E+00 +0.000000E+00
 +0.148320E+01 -0.102700E+03 -0.109732E+03 -0.103795E+03 -0.704640E+02 +0.425053E+02 +0.000000E+00 +0.000000E+00 -0.746097E-03 -0.633290E-03 +0.000000E+00 +0.161520E-02 +0.000000E+00 +0.000000E+00
 +0.148320E+01 -0.102710E+03 -0.109566E+03 -0.103661E+03 -0.703648E+02 +0.423364E+02 +0.000000E+00 +0.000000E+00 -0.744814E-03 -0.632631E-03 +0.000000E+00 +0.160878E-02 +0.000000E+00 +0.000000E+00
 +0.148320E+01 -0.102720E+03 -0.109399E+03 -0.103528E+03 -0.702658E+02 +0.421670E+02 +0.000000E+00 +0.000000E+00 -0.743535E-03 -0.631972E-03 +0.000000E+00 +0.160235E-02 +0.000000E+00 +0.000000E+00
 +0.148320E+01 -0.102730E+03 -0.109257E+03 -0.103407E+03 -0.701790E+02 +0.419802E+02 +0.000000E+00 +0.000000E+00 -0.742482E-03 -0.631326E-03 +0.000000E+00 +0.159525E-02 +0.000000E+00 +0.000000E+00
 +0.148320E+01 -0.102740E+03 -0.109115E+03 -0.103286E+03 -0.700922E+02 +0.417933E+02 +0.000000E+00 +0.000000E+00 -0.741429E-03 -0.630679E-03 +0.000000E+00 +0.158815E-02 +0.000000E+00 +0.000000E+00
 +0.148320E+01 -0.102750E+03 -0.108972E+03 -0.103164E+03 -0.700049E+02 +0.416092E+02 +0.000000E+00 +0.000000E+00 -0.740380E-03 -0.630018E-03 +0.000000E+00 +0.158115E-02 +0.000000E+00 +0.000000E+00
 +0.148320E+01 -0.102760E+03 -0.108829E+03 -0.103040E+03 -0.699167E+02 +0.414295E+02 +0.000000E+00 +0.000000E+00 -0.739341E-03 -0.629333E-03 +0.000000E+00 +0.157432E-02 +0.000000E+00 +0.000000E+00
 +0.148320E+01 -0.102770E+03 -0.108687E+03 -0.102915E+03 -0.698286E+02 +0.412499E+02 +0.000000E+00 +0.000000E+00 -0.738301E-03 -0.628647E-03 +0.000000E+00 +0.156749E-02 +0.000000E+00 +0.000000E+00
 +0.148320E+01 -0.102780E+03 -0.108544E+03 -0.102802E+03 -0.697440E+02 +0.410598E+02 +0.000000E+00 +0.000000E+00 -0.737196E-03 -0.628095E-03 +0.000000E+00 +0.156027E-02 +0.000000E+00 +0.000000E+00
 +0.148320E+01 -0.102790E+03 -0.108401E+03 -0.102692E+03 -0.696606E+02 +0.408657E+02 +0.000000E+00 +0.000000E+00 -0.736067E-03 -0.627593E-03 +0.000000E+00 +0.155290E-02 +0.000000E+00 +0.000000E+00
 +0.148320E+01 -0.102800E+03 -0.108258E+03 -0.102582E+03 -0.695773E+02 +0.406716E+02 +0.000000E+00 +0.000000E+00 -0.734937E-03 -0.627091E-03 +0.000000E+00 +0.154552E-02 +0.000000E+00 +0.000000E+00
 +0.148320E+01 -0.102810E+03 -0.108115E+03 -0.102472E+03 -0.694940E+02 +0.404774E+02 +0.000000E+00 +0.000000E+00 -0.733808E-03 -0.626589E-03 +0.000000E+00 +0.153814E-02 +0.000000E+00 +0.000000E+00
 +0.148320E+01 -0.102820E+03 -0.107973E+03 -0.102363E+03 -0.694106E+02 +0.402833E+02 +0.000000E+00 +0.000000E+00 -0.732678E-03 -0.626087E-03 +0.000000E+00 +0.153077E-02 +0.000000E+00 +0.000000E+00
 +0.148320E+01 -0.102830E+03 -0.107835E+03 -0.102250E+03 -0.693279E+02 +0.401003E+02 +0.000000E+00 +0.000000E+00 -0.731634E-03 -0.625512E-03 +0.000000E+00 +0.152381E-02 +0.000000E+00 +0.000000E+00
 +0.148320E+01 -0.102840E+03 -0.107705E+03 -0.102131E+03 -0.692460E+02 +0.399356E+02 +0.000000E+00 +0.000000E+00 -0.730729E-03 -0.624814E-03 +0.000000E+00 +0.151755E-02 +0.000000E+00 +0.000000E+00
 +0.148320E+01 -0.102850E+03 -0.107576E+03 -0.102012E+03 -0.691642E+02 +0.397708E+02 +0.000000E+00 +0.000000E+00 -0.729825E-03 -0.624117E-03 +0.000000E+00 +0.151129E-02 +0.000000E+00 +0.000000E+00
 +0.148320E+01 -0.102860E+03 -0.107447E+03 -0.101894E+03 -0.690823E+02 +0.396061E+02 +0.000000E+00 +0.000000E+00 -0.728920E-03 -0.623419E-03 +0.000000E+00 +0.150503E-02 +0.000000E+00 +0.000000E+00
 +0.148320E+01 -0.102870E+03 -0.107317E+03 -0.101775E+03 -0.690005E+02 +0.394414E+02 +0.000000E+00 +0.000000E+00 -0.728015E-03 -0.622722E-03 +0.000000E+00 +0.149877E-02 +0.000000E+00 +0.000000E+00
 +0.148320E+01 -0.102880E+03 -0.107188E+03 -0.101657E+03 -0.689187E+02 +0.392766E+02 +0.000000E+00 +0.000000E+00 -0.727110E-03 -0.622024E-03 +0.000000E+00 +0.149251E-02 +0.000000E+00 +0.000000E+00
 +0.148320E+01 -0.102890E+03 -0.107057E+03 -0.101535E+03 -0.688356E+02 +0.391108E+02 +0.000000E+00 +0.000000E+00 -0.726216E-03 -0.621293E-03 +0.000000E+00 +0.148621E-02 +0.000000E+00 +0.000000E+00
 +0.148320E+01 -0.102900E+03 -0.106924E+03 -0.101398E+03 -0.687460E+02 +0.389391E+02 +0.000000E+00 +0.000000E+00 -0.725372E-03 -0.620383E-03 +0.000000E+00 +0.147969E-02 +0.000000E+00 +0.000000E+00
 +0.148320E+01 -0.102910E+03 -0.106790E+03 -0.101260E+03 -0.686565E+02 +0.387674E+02 +0.000000E+00 +0.000000E+00 -0.724528E-03 -0.619474E-03 +0.000000E+00 +0.147316E-02 +0.000000E+00 +0.000000E+00
 +0.148320E+01 -0.102920E+03 -0.106680E+03 -0.101140E+03 -0.685808E+02 +0.386000E+02 +0.000000E+00 +0.000000E+00 -0.723888E-03 -0.618633E-03 +0.000000E+00 +0.146680E-02 +0.000000E+00 +0.000000E+00
 +0.148320E+01 -0.102930E+03 -0.106577E+03 -0.101025E+03 -0.685085E+02 +0.384337E+02 +0.000000E+00 +0.000000E+00 -0.723297E-03 -0.617809E-03 +0.000000E+00 +0.146048E-02 +0.000000E+00 +0.000000E+00
 +0.148320E+01 -0.102940E+03 -0.106459E+03 -0.100903E+03 -0.684293E+02 +0.382682E+02 +0.000000E+00 +0.000000E+00 -0.722559E-03 -0.616996E-03 +0.000000E+00 +0.145419E-02 +0.000000E+00 +0.000000E+00
 +0.148320E+01 -0.102950E+03 -0.106331E+03 -0.100777E+03 -0.683454E+02 +0.381033E+02 +0.000000E+00 +0.000000E+00 -0.721721E-03 -0.616192E-03 +0.000000E+00 +0.144793E-02 +0.000000E+00 +0.000000E+00
 +0.148320E+01 -0.102960E+03 -0.106203E+03 -0.100650E+03 -0.682615E+02 +0.379384E+02 +0.000000E+00 +0.000000E+00 -0.720883E-03 -0.615387E-03 +0.000000E+00 +0.144166E-02 +0.000000E+00 +0.000000E+00
 +0.148320E+01 -0.102970E+03 -0.106075E+03 -0.100524E+03 -0.681776E+02 +0.377736E+02 +0.000000E+00 +0.000000E+00 -0.720046E-03 -0.614583E-03 +0.000000E+00 +0.143540E-02 +0.000000E+00 +0.000000E+00
 +0.148320E+01 -0.102980E+03 -0.105947E+03 -0.100398E+03 -0.680937E+02 +0.376087E+02 +0.000000E+00 +0.000000E+00 -0.719208E-03 -0.613778E-03 +0.000000E+00 +0.142913E-02 +0.000000E+00 +0.000000E+00
 +0.148320E+01 -0.102990E+03 -0.105819E+03 -0.100272E+03 -0.680098E+02 +0.374438E+02 +0.000000E+00 +0.000000E+00 -0.718370E-03 -0.612974E-03 +0.000000E+00 +0.142286E-02 +0.000000E+00 +0.000000E+00
 +0.148320E+01 -0.103000E+03 -0.105690E+03 -0.100143E+03 -0.679247E+02 +0.372790E+02 +0.000000E+00 +0.000000E+00 -0.717531E-03 -0.612147E-03 +0.000000E+00 +0.141660E-02 +0.000000E+00 +0.000000E+00
 +0.148320E+01 -0.103010E+03 -0.105554E+03 -0.100003E+03 -0.678338E+02 +0.371149E+02 +0.000000E+00 +0.000000E+00 -0.716686E-03 -0.611212E-03 +0.000000E+00 +0.141037E-02 +0.000000E+00 +0.000000E+00
 +0.148320E+01 -0.103020E+03 -0.105419E+03 -0.998627E+02 -0.677428E+02 +0.369507E+02 +0.000000E+00 +0.000000E+00 -0.715841E-03 -0.610277E-03 +0.000000E+00 +0.140413E-02 +0.000000E+00 +0.000000E+00
 +0.148320E+01 -0.103030E+03 -0.105283E+03 -0.997225E+02 -0.676519E+02 +0.367866E+02 +0.000000E+00 +0.000000E+00 -0.714996E-03 -0.609341E-03 +0.000000E+00 +0.139789E-02 +0.000000E+00 +0.000000E+00
 +0.148320E+01 -0.103040E+03 -0.105148E+03 -0.995823E+02 -0.675609E+02 +0.366224E+02 +0.000000E+00 +0.000000E+00 -0.714151E-03 -0.608406E-03 +0.000000E+00 +0.139165E-02 +0.000000E+00 +0.000000E+00
 +0.148320E+01 -0.103050E+03 -0.105012E+03 -0.994421E+02 -0.674700E+02 +0.364582E+02 +0.000000E+00 +0.000000E+00 -0.713306E-03 -0.607471E-03 +0.000000E+00 +0.138541E-02 +0.000000E+00 +0.000000E+00
 +0.148320E+01 -0.103060E+03 -0.104895E+03 -0.992800E+02 -0.673778E+02 +0.363132E+02 +0.000000E+00 +0.000000E+00 -0.712830E-03 -0.606141E-03 +0.000000E+00 +0.137990E-02 +0.000000E+00 +0.000000E+00
 +0.148320E+01 -0.103070E+03 -0.104781E+03 -0.991141E+02 -0.672854E+02 +0.361714E+02 +0.000000E+00 +0.000000E+00 -0.712417E-03 -0.604746E-03 +0.000000E+00 +0.137451E-02 +0.000000E+00 +0.000000E+00
 +0.148320E+01 -0.103080E+03 -0.104667E+03 -0.989482E+02 -0.671930E+02 +0.360295E+02 +0.000000E+00 +0.000000E+00 -0.712003E-03 -0.603350E-03 +0.000000E+00 +0.136912E-02 +0.000000E+00 +0.000000E+00
 +0.148320E+01 -0.103090E+03 -0.104567E+03 -0.988211E+02 -0.671181E+02 +0.358879E+02 +0.000000E+00 +0.000000E+00 -0.711532E-03 -0.602356E-03 +0.000000E+00 +0.136374E-02 +0.000000E+00 +0.000000E+00
 +0.148320E+01 -0.103100E+03 -0.104470E+03 -0.987014E+02 -0.670467E+02 +0.357463E+02 +0.000000E+00 +0.000000E+00 -0.711051E-03 -0.601439E-03 +0.000000E+00 +0.135836E-02 +0.000000E+00 +0.000000E+00
 +0.148320E+01 -0.103110E+03 -0.104374E+03 -0.985817E+02 -0.669753E+02 +0.356047E+02 +0.000000E+00 +0.000000E+00 -0.710569E-03 -0.600523E-03 +0.000000E+00 +0.135298E-02 +0.000000E+00 +0.000000E+00
 +0.148320E+01 -0.103120E+03 -0.104277E+03 -0.984621E+02 -0.669038E+02 +0.354631E+02 +0.000000E+00 +0.000000E+00 -0.710087E-03 -0.599606E-03 +0.000000E+00 +0.134760E-02 +0.000000E+00 +0.000000E+00
 +0.148320E+01 -0.103130E+03 -0.104180E+03 -0.983424E+02 -0.668324E+02 +0.353215E+02 +0.000000E+00 +0.000000E+00 -0.709606E-03 -0.598689E-03 +0.000000E+00 +0.134222E-02 +0.000000E+00 +0.000000E+00
 +0.148320E+01 -0.103140E+03 -0.104083E+03 -0.982227E+02 -0.667610E+02 +0.351800E+02 +0.000000E+00 +0.000000E+00 -0.709124E-03 -0.597773E-03 +0.000000E+00 +0.133684E-02 +0.000000E+00 +0.000000E+00
 +0.148320E+01 -0.103150E+03 -0.103987E+03 -0.981030E+02 -0.666896E+02 +0.350384E+02 +0.000000E+00 +0.000000E+00 -0.708643E-03 -0.596856E-03 +0.000000E+00 +0.133146E-02 +0.000000E+00 +0.000000E+00
 +0.148320E+01 -0.103160E+03 -0.103890E+03 -0.979834E+02 -0.666181E+02 +0.348968E+02 +0.000000E+00 +0.000000E+00 -0.708161E-03 -0.595939E-03 +0.000000E+00 +0.132608E-02 +0.000000E+00 +0.000000E+00
 +0.148320E+01 -0.103170E+03 -0.103771E+03 -0.978481E+02 -0.665343E+02 +0.347387E+02 +0.000000E+00 +0.000000E+00 -0.707495E-03 -0.594963E-03 +0.000000E+00 +0.132007E-02 +0.000000E+00 +0.000000E+00
 +0.148320E+01 -0.103180E+03 -0.103621E+03 -0.976910E+02 -0.664329E+02 +0.345574E+02 +0.000000E+00 +0.000000E+00 -0.706571E-03 -0.593903E-03 +0.000000E+00 +0.131318E-02 +0.000000E+00 +0.000000E+00
 +0.148320E+01 -0.103190E+03 -0.103471E+03 -0.975338E+02 -0.663316E+02 +0.343760E+02 +0.000000E+00 +0.000000E+00 -0.705647E-03 -0.592843E-03 +0.000000E+00 +0.130629E-02 +0.000000E+00 +0.000000E+00
 +0.148320E+01 -0.103200E+03 -0.103355E+03 -0.974035E+02 -0.662502E+02 +0.342226E+02 +0.000000E+00 +0.000000E+00 -0.704987E-03 -0.591912E-03 +0.000000E+00 +0.130046E-02 +0.000000E+00 +0.000000E+00
 +0.148320E+01 -0.103210E+03 -0.103258E+03 -0.972887E+02 -0.661805E+02 +0.340854E+02 +0.000000E+00 +0.000000E+00 -0.704479E-03 -0.591055E-03 +0.000000E+00 +0.129525E-02 +0.000000E+00 +0.000000E+00
 +0.148320E+01 -0.103220E+03 -0.103162E+03 -0.971738E+02 -0.661108E+02 +0.339482E+02 +0.000000E+00 +0.000000E+00 -0.703972E-03 -0.590197E-03 +0.000000E+00 +0.129003E-02 +0.000000E+00 +0.000000E+00
 +0.148320E+01 -0.103230E+03 -0.103065E+03 -0.970590E+02 -0.660411E+02 +0.338109E+02 +0.000000E+00 +0.000000E+00 -0.703464E-03 -0.589340E-03 +0.000000E+00 +0.128482E-02 +0.000000E+00 +0.000000E+00
 +0.148320E+01 -0.103240E+03 -0.102969E+03 -0.969441E+02 -0.659713E+02 +0.336737E+02 +0.000000E+00 +0.000000E+00 -0.702956E-03 -0.588483E-03 +0.000000E+00 +0.127960E-02 +0.000000E+00 +0.000000E+00
 +0.148320E+01 -0.103250E+03 -0.102873E+03 -0.968293E+02 -0.659016E+02 +0.335365E+02 +0.000000E+00 +0.000000E+00 -0.702448E-03 -0.587626E-03 +0.000000E+00 +0.127439E-02 +0.000000E+00 +0.000000E+00
 +0.148320E+01 -0.103260E+03 -0.102776E+03 -0.967144E+02 -0.658319E+02 +0.333993E+02 +0.000000E+00 +0.000000E+00 -0.701941E-03 -0.586768E-03 +0.000000E+00 +0.126917E-02 +0.000000E+00 +0.000000E+00
 +0.148320E+01 -0.103270E+03 -0.102680E+03 -0.965996E+02 -0.657622E+02 +0.332620E+02 +0.000000E+00 +0.000000E+00 -0.701433E-03 -0.585911E-03 +0.000000E+00 +0.126396E-02 +0.000000E+00 +0.000000E+00
 +0.148320E+01 -0.103280E+03 -0.102583E+03 -0.964847E+02 -0.656924E+02 +0.331248E+02 +0.000000E+00 +0.000000E+00 -0.700925E-03 -0.585054E-03 +0.000000E+00 +0.125874E-02 +0.000000E+00 +0.000000E+00
 +0.148320E+01 -0.103290E+03 -0.102487E+03 -0.963706E+02 -0.656229E+02 +0.329866E+02 +0.000000E+00 +0.000000E+00 -0.700412E-03 -0.584206E-03 +0.000000E+00 +0.125349E-02 +0.000000E+00 +0.000000E+00
 +0.148320E+01 -0.103300E+03 -0.102390E+03 -0.962613E+02 -0.655549E+02 +0.328426E+02 +0.000000E+00 +0.000000E+00 -0.699867E-03 -0.583420E-03 +0.000000E+00 +0.124802E-02 +0.000000E+00 +0.000000E+00
 +0.148320E+01 -0.103310E+03 -0.102293E+03 -0.961519E+02 -0.654869E+02 +0.326985E+02 +0.000000E+00 +0.000000E+00 -0.699322E-03 -0.582634E-03 +0.000000E+00 +0.124254E-02 +0.000000E+00 +0.000000E+00
 +0.148320E+01 -0.103320E+03 -0.102197E+03 -0.960425E+02 -0.654190E+02 +0.325545E+02 +0.000000E+00 +0.000000E+00 -0.698777E-03 -0.581848E-03 +0.000000E+00 +0.123707E-02 +0.000000E+00 +0.000000E+00
 +0.148320E+01 -0.103330E+03 -0.102100E+03 -0.959332E+02 -0.653510E+02 +0.324105E+02 +0.000000E+00 +0.000000E+00 -0.698232E-03 -0.581062E-03 +0.000000E+00 +0.123160E-02 +0.000000E+00 +0.000000E+00
 +0.148320E+01 -0.103340E+03 -0.102003E+03 -0.958238E+02 -0.652830E+02 +0.322664E+02 +0.000000E+00 +0.000000E+00 -0.697688E-03 -0.580276E-03 +0.000000E+00 +0.122612E-02 +0.000000E+00 +0.000000E+00
 +0.148320E+01 -0.103350E+03 -0.101912E+03 -0.957175E+02 -0.652176E+02 +0.321305E+02 +0.000000E+00 +0.000000E+00 -0.697186E-03 -0.579498E-03 +0.000000E+00 +0.122096E-02 +0.000000E+00 +0.000000E+00
 +0.148320E+01 -0.103360E+03 -0.101824E+03 -0.956138E+02 -0.651545E+02 +0.320013E+02 +0.000000E+00 +0.000000E+00 -0.696722E-03 -0.578727E-03 +0.000000E+00 +0.121605E-02 +0.000000E+00 +0.000000E+00
 +0.148320E+01 -0.103370E+03 -0.101736E+03 -0.955101E+02 -0.650914E+02 +0.318722E+02 +0.000000E+00 +0.000000E+00 -0.696257E-03 -0.577956E-03 +0.000000E+00 +0.121114E-02 +0.000000E+00 +0.000000E+00
 +0.148320E+01 -0.103380E+03 -0.101657E+03 -0.953919E+02 -0.650263E+02 +0.317378E+02 +0.000000E+00 +0.000000E+00 -0.695991E-03 -0.576947E-03 +0.000000E+00 +0.120603E-02 +0.000000E+00 +0.000000E+00
 +0.148320E+01 -0.103390E+03 -0.101582E+03 -0.952668E+02 -0.649602E+02 +0.316009E+02 +0.000000E+00 +0.000000E+00 -0.695820E-03 -0.575825E-03 +0.000000E+00 +0.120083E-02 +0.000000E+00 +0.000000E+00
 +0.148320E+01 -0.103400E+03 -0.101507E+03 -0.951417E+02 -0.648941E+02 +0.314640E+02 +0.000000E+00 +0.000000E+00 -0.695649E-03 -0.574703E-03 +0.000000E+00 +0.119563E-02 +0.000000E+00 +0.000000E+00
 +0.148320E+01 -0.103410E+03 -0.101432E+03 -0.950166E+02 -0.648281E+02 +0.313271E+02 +0.000000E+00 +0.000000E+00 -0.695478E-03 -0.573581E-03 +0.000000E+00 +0.119043E-02 +0.000000E+00 +0.000000E+00
 +0.148320E+01 -0.103420E+03 -0.101357E+03 -0.948914E+02 -0.647620E+02 +0.311902E+02 +0.000000E+00 +0.000000E+00 -0.695306E-03 -0.572459E-03 +0.000000E+00 +0.118523E-02 +0.000000E+00 +0.000000E+00
 +0.148320E+01 -0.103430E+03 -0.101282E+03 -0.947663E+02 -0.646959E+02 +0.310534E+02 +0.000000E+00 +0.000000E+00 -0.695135E-03 -0.571337E-03 +0.000000E+00 +0.118003E-02 +0.000000E+00 +0.000000E+00
 +0.148320E+01 -0.103440E+03 -0.101207E+03 -0.946412E+02 -0.646299E+02 +0.309165E+02 +0.000000E+00 +0.000000E+00 -0.694964E-03 -0.570215E-03 +0.000000E+00 +0.117483E-02 +0.000000E+00 +0.000000E+00
 +0.148320E+01 -0.103450E+03 -0.101132E+03 -0.945161E+02 -0.645638E+02 +0.307796E+02 +0.000000E+00 +0.000000E+00 -0.694793E-03 -0.569093E-03 +0.000000E+00 +0.116962E-02 +0.000000E+00 +0.000000E+00
 +0.148320E+01 -0.103460E+03 -0.101057E+03 -0.943909E+02 -0.644977E+02 +0.306427E+02 +0.000000E+00 +0.000000E+00 -0.694622E-03 -0.567971E-03 +0.000000E+00 +0.116442E-02 +0.000000E+00 +0.000000E+00
 +0.148320E+01 -0.103470E+03 -0.100982E+03 -0.942658E+02 -0.644317E+02 +0.305058E+02 +0.000000E+00 +0.000000E+00 -0.694450E-03 -0.566849E-03 +0.000000E+00 +0.115922E-02 +0.000000E+00 +0.000000E+00
 +0.148320E+01 -0.103480E+03 -0.100907E+03 -0.941407E+02 -0.643656E+02 +0.303690E+02 +0.000000E+00 +0.000000E+00 -0.694279E-03 -0.565727E-03 +0.000000E+00 +0.115402E-02 +0.000000E+00 +0.000000E+00
 +0.148320E+01 -0.103490E+03 -0.100832E+03 -0.940156E+02 -0.642996E+02 +0.302321E+02 +0.000000E+00 +0.000000E+00 -0.694108E-03 -0.564604E-03 +0.000000E+00 +0.114882E-02 +0.000000E+00 +0.000000E+00
 +0.148320E+01 -0.103500E+03 -0.100757E+03 -0.938903E+02 -0.642335E+02 +0.300961E+02 +0.000000E+00 +0.000000E+00 -0.693940E-03 -0.563479E-03 +0.000000E+00 +0.114365E-02 +0.000000E+00 +0.000000E+00
 +0.148320E+01 -0.103510E+03 -0.100685E+03 -0.937628E+02 -0.641676E+02 +0.299757E+02 +0.000000E+00 +0.000000E+00 -0.693823E-03 -0.562307E-03 +0.000000E+00 +0.113908E-02 +0.000000E+00 +0.000000E+00
 +0.148320E+01 -0.103520E+03 -0.100613E+03 -0.936352E+02 -0.641018E+02 +0.298552E+02 +0.000000E+00 +0.000000E+00 -0.693706E-03 -0.561135E-03 +0.000000E+00 +0.113450E-02 +0.000000E+00 +0.000000E+00
 +0.148320E+01 -0.103530E+03 -0.100541E+03 -0.935076E+02 -0.640359E+02 +0.297348E+02 +0.000000E+00 +0.000000E+00 -0.693588E-03 -0.559963E-03 +0.000000E+00 +0.112992E-02 +0.000000E+00 +0.000000E+00
 +0.148320E+01 -0.103540E+03 -0.100469E+03 -0.933801E+02 -0.639700E+02 +0.296143E+02 +0.000000E+00 +0.000000E+00 -0.693471E-03 -0.558791E-03 +0.000000E+00 +0.112534E-02 +0.000000E+00 +0.000000E+00
 +0.148320E+01 -0.103550E+03 -0.100396E+03 -0.932525E+02 -0.639042E+02 +0.294939E+02 +0.000000E+00 +0.000000E+00 -0.693354E-03 -0.557618E-03 +0.000000E+00 +0.112077E-02 +0.000000E+00 +0.000000E+00
 +0.148320E+01 -0.103560E+03 -0.100324E+03 -0.931249E+02 -0.638383E+02 +0.293734E+02 +0.000000E+00 +0.000000E+00 -0.693237E-03 -0.556446E-03 +0.000000E+00 +0.111619E-02 +0.000000E+00 +0.000000E+00
 +0.148320E+01 -0.103570E+03 -0.100252E+03 -0.929974E+02 -0.637724E+02 +0.292530E+02 +0.000000E+00 +0.000000E+00 -0.693120E-03 -0.555274E-03 +0.000000E+00 +0.111161E-02 +0.000000E+00 +0.000000E+00
 +0.148320E+01 -0.103580E+03 -0.100180E+03 -0.928698E+02 -0.637066E+02 +0.291325E+02 +0.000000E+00 +0.000000E+00 -0.693003E-03 -0.554102E-03 +0.000000E+00 +0.110704E-02 +0.000000E+00 +0.000000E+00
 +0.148320E+01 -0.103590E+03 -0.100108E+03 -0.927423E+02 -0.636407E+02 +0.290121E+02 +0.000000E+00 +0.000000E+00 -0.692885E-03 -0.552930E-03 +0.000000E+00 +0.110246E-02 +0.000000E+00 +0.000000E+00
 +0.148320E+01 -0.103600E+03 -0.100036E+03 -0.926147E+02 -0.635748E+02 +0.288916E+02 +0.000000E+00 +0.000000E+00 -0.692768E-03 -0.551757E-03 +0.000000E+00 +0.109788E-02 +0.000000E+00 +0.000000E+00
 +0.148320E+01 -0.103610E+03 -0.999643E+02 -0.924871E+02 -0.635090E+02 +0.287712E+02 +0.000000E+00 +0.000000E+00 -0.692651E-03 -0.550585E-03 +0.000000E+00 +0.109330E-02 +0.000000E+00 +0.000000E+00
 +0.148320E+01 -0.103620E+03 -0.998923E+02 -0.923596E+02 -0.634431E+02 +0.286507E+02 +0.000000E+00 +0.000000E+00 -0.692534E-03 -0.549413E-03 +0.000000E+00 +0.108873E-02 +0.000000E+00 +0.000000E+00
 +0.148320E+01 -0.103630E+03 -0.998202E+02 -0.922320E+02 -0.633772E+02 +0.285302E+02 +0.000000E+00 +0.000000E+00 -0.692417E-03 -0.548241E-03 +0.000000E+00 +0.108415E-02 +0.000000E+00 +0.000000E+00
 +0.148320E+01 -0.103640E+03 -0.997482E+02 -0.921045E+02 -0.633114E+02 +0.284098E+02 +0.000000E+00 +0.000000E+00 -0.692300E-03 -0.547069E-03 +0.000000E+00 +0.107957E-02 +0.000000E+00 +0.000000E+00
 +0.148320E+01 -0.103650E+03 -0.996811E+02 -0.919685E+02 -0.632444E+02 +0.282869E+02 +0.000000E+00 +0.000000E+00 -0.692298E-03 -0.545758E-03 +0.000000E+00 +0.107490E-02 +0.000000E+00 +0.000000E+00
 +0.148320E+01 -0.103660E+03 -0.996188E+02 -0.918242E+02 -0.631762E+02 +0.281616E+02 +0.000000E+00 +0.000000E+00 -0.692410E-03 -0.544313E-03 +0.000000E+00 +0.107014E-02 +0.000000E+00 +0.000000E+00
 +0.148320E+01 -0.103670E+03 -0.995588E+02 -0.916863E+02 -0.631109E+02 +0.280498E+02 +0.000000E+00 +0.000000E+00 -0.692510E-03 -0.542933E-03 +0.000000E+00 +0.106589E-02 +0.000000E+00 +0.000000E+00
 +0.148320E+01 -0.103680E+03 -0.994988E+02 -0.915505E+02 -0.630463E+02 +0.279407E+02 +0.000000E+00 +0.000000E+00 -0.692598E-03 -0.541581E-03 +0.000000E+00 +0.106175E-02 +0.000000E+00 +0.000000E+00
 +0.148320E+01 -0.103690E+03 -0.994324E+02 -0.914232E+02 -0.629823E+02 +0.278221E+02 +0.000000E+00 +0.000000E+00 -0.692551E-03 -0.540376E-03 +0.000000E+00 +0.105724E-02 +0.000000E+00 +0.000000E+00
 +0.148320E+01 -0.103700E+03 -0.993659E+02 -0.912958E+02 -0.629184E+02 +0.277034E+02 +0.000000E+00 +0.000000E+00 -0.692503E-03 -0.539172E-03 +0.000000E+00 +0.105273E-02 +0.000000E+00 +0.000000E+00
 +0.148320E+01 -0.103710E+03 -0.992994E+02 -0.911685E+02 -0.628544E+02 +0.275848E+02 +0.000000E+00 +0.000000E+00 -0.692455E-03 -0.537968E-03 +0.000000E+00 +0.104822E-02 +0.000000E+00 +0.000000E+00
 +0.148320E+01 -0.103720E+03 -0.992330E+02 -0.910412E+02 -0.627905E+02 +0.274661E+02 +0.000000E+00 +0.000000E+00 -0.692408E-03 -0.536763E-03 +0.000000E+00 +0.104371E-02 +0.000000E+00 +0.000000E+00
 +0.148320E+01 -0.103730E+03 -0.991665E+02 -0.909138E+02 -0.627265E+02 +0.273475E+02 +0.000000E+00 +0.000000E+00 -0.692360E-03 -0.535559E-03 +0.000000E+00 +0.103920E-02 +0.000000E+00 +0.000000E+00
 +0.148320E+01 -0.103740E+03 -0.991001E+02 -0.907865E+02 -0.626626E+02 +0.272288E+02 +0.000000E+00 +0.000000E+00 -0.692313E-03 -0.534355E-03 +0.000000E+00 +0.103470E-02 +0.000000E+00 +0.000000E+00
 +0.148320E+01 -0.103750E+03 -0.990336E+02 -0.906592E+02 -0.625986E+02 +0.271102E+02 +0.000000E+00 +0.000000E+00 -0.692265E-03 -0.533150E-03 +0.000000E+00 +0.103019E-02 +0.000000E+00 +0.000000E+00
 +0.148320E+01 -0.103760E+03 -0.989672E+02 -0.905318E+02 -0.625347E+02 +0.269915E+02 +0.000000E+00 +0.000000E+00 -0.692217E-03 -0.531946E-03 +0.000000E+00 +0.102568E-02 +0.000000E+00 +0.000000E+00
 +0.148320E+01 -0.103770E+03 -0.989007E+02 -0.904045E+02 -0.624707E+02 +0.268729E+02 +0.000000E+00 +0.000000E+00 -0.692170E-03 -0.530742E-03 +0.000000E+00 +0.102117E-02 +0.000000E+00 +0.000000E+00
 +0.148320E+01 -0.103780E+03 -0.988342E+02 -0.902771E+02 -0.624068E+02 +0.267542E+02 +0.000000E+00 +0.000000E+00 -0.692122E-03 -0.529537E-03 +0.000000E+00 +0.101666E-02 +0.000000E+00 +0.000000E+00
 +0.148320E+01 -0.103790E+03 -0.987678E+02 -0.901498E+02 -0.623428E+02 +0.266356E+02 +0.000000E+00 +0.000000E+00 -0.692075E-03 -0.528333E-03 +0.000000E+00 +0.101215E-02 +0.000000E+00 +0.000000E+00
 +0.148320E+01 -0.103800E+03 -0.987013E+02 -0.900225E+02 -0.622788E+02 +0.265169E+02 +0.000000E+00 +0.000000E+00 -0.692027E-03 -0.527129E-03 +0.000000E+00 +0.100764E-02 +0.000000E+00 +0.000000E+00
 +0.148320E+01 -0.103810E+03 -0.986349E+02 -0.898951E+02 -0.622149E+02 +0.263983E+02 +0.000000E+00 +0.000000E+00 -0.691979E-03 -0.525924E-03 +0.000000E+00 +0.100314E-02 +0.000000E+00 +0.000000E+00
 +0.148320E+01 -0.103820E+03 -0.985684E+02 -0.897678E+02 -0.621509E+02 +0.262796E+02 +0.000000E+00 +0.000000E+00 -0.691932E-03 -0.524720E-03 +0.000000E+00 +0.998627E-03 +0.000000E+00 +0.000000E+00
 +0.148320E+01 -0.103830E+03 -0.985019E+02 -0.896404E+02 -0.620870E+02 +0.261610E+02 +0.000000E+00 +0.000000E+00 -0.691884E-03 -0.523516E-03 +0.000000E+00 +0.994118E-03 +0.000000E+00 +0.000000E+00
 +0.148320E+01 -0.103840E+03 -0.984364E+02 -0.895182E+02 -0.620250E+02 +0.260511E+02 +0.000000E+00 +0.000000E+00 -0.691816E-03 -0.522371E-03 +0.000000E+00 +0.989942E-03 +0.000000E+00 +0.000000E+00
 +0.148320E+01 -0.103850E+03 -0.983721E+02 -0.894026E+02 -0.619657E+02 +0.259526E+02 +0.000000E+00 +0.000000E+00 -0.691722E-03 -0.521303E-03 +0.000000E+00 +0.986199E-03 +0.000000E+00 +0.000000E+00
 +0.148320E+01 -0.103860E+03 -0.983077E+02 -0.892871E+02 -0.619063E+02 +0.258541E+02 +0.000000E+00 +0.000000E+00 -0.691627E-03 -0.520235E-03 +0.000000E+00 +0.982455E-03 +0.000000E+00 +0.000000E+00
 +0.148320E+01 -0.103870E+03 -0.982434E+02 -0.891715E+02 -0.618469E+02 +0.257556E+02 +0.000000E+00 +0.000000E+00 -0.691533E-03 -0.519167E-03 +0.000000E+00 +0.978712E-03 +0.000000E+00 +0.000000E+00
 +0.148320E+01 -0.103880E+03 -0.981790E+02 -0.890559E+02 -0.617875E+02 +0.256571E+02 +0.000000E+00 +0.000000E+00 -0.691439E-03 -0.518099E-03 +0.000000E+00 +0.974969E-03 +0.000000E+00 +0.000000E+00
 +0.148320E+01 -0.103890E+03 -0.981147E+02 -0.889403E+02 -0.617282E+02 +0.255586E+02 +0.000000E+00 +0.000000E+00 -0.691344E-03 -0.517031E-03 +0.000000E+00 +0.971225E-03 +0.000000E+00 +0.000000E+00
 +0.148320E+01 -0.103900E+03 -0.980504E+02 -0.888248E+02 -0.616688E+02 +0.254600E+02 +0.000000E+00 +0.000000E+00 -0.691250E-03 -0.515963E-03 +0.000000E+00 +0.967482E-03 +0.000000E+00 +0.000000E+00
 +0.148320E+01 -0.103910E+03 -0.979860E+02 -0.887092E+02 -0.616094E+02 +0.253615E+02 +0.000000E+00 +0.000000E+00 -0.691155E-03 -0.514896E-03 +0.000000E+00 +0.963738E-03 +0.000000E+00 +0.000000E+00
 +0.148320E+01 -0.103920E+03 -0.979217E+02 -0.885936E+02 -0.615500E+02 +0.252630E+02 +0.000000E+00 +0.000000E+00 -0.691061E-03 -0.513828E-03 +0.000000E+00 +0.959995E-03 +0.000000E+00 +0.000000E+00
 +0.148320E+01 -0.103930E+03 -0.978573E+02 -0.884780E+02 -0.614907E+02 +0.251645E+02 +0.000000E+00 +0.000000E+00 -0.690967E-03 -0.512760E-03 +0.000000E+00 +0.956252E-03 +0.000000E+00 +0.000000E+00
 +0.148320E+01 -0.103940E+03 -0.977930E+02 -0.883625E+02 -0.614313E+02 +0.250660E+02 +0.000000E+00 +0.000000E+00 -0.690872E-03 -0.511692E-03 +0.000000E+00 +0.952508E-03 +0.000000E+00 +0.000000E+00
 +0.148320E+01 -0.103950E+03 -0.977287E+02 -0.882469E+02 -0.613719E+02 +0.249675E+02 +0.000000E+00 +0.000000E+00 -0.690778E-03 -0.510624E-03 +0.000000E+00 +0.948765E-03 +0.000000E+00 +0.000000E+00
 +0.148320E+01 -0.103960E+03 -0.976643E+02 -0.881313E+02 -0.613126E+02 +0.248690E+02 +0.000000E+00 +0.000000E+00 -0.690684E-03 -0.509556E-03 +0.000000E+00 +0.945021E-03 +0.000000E+00 +0.000000E+00
 +0.148320E+01 -0.103970E+03 -0.976000E+02 -0.880157E+02 -0.612532E+02 +0.247705E+02 +0.000000E+00 +0.000000E+00 -0.690589E-03 -0.508488E-03 +0.000000E+00 +0.941278E-03 +0.000000E+00 +0.000000E+00
 +0.148320E+01 -0.103980E+03 -0.975356E+02 -0.879002E+02 -0.611938E+02 +0.246720E+02 +0.000000E+00 +0.000000E+00 -0.690495E-03 -0.507421E-03 +0.000000E+00 +0.937535E-03 +0.000000E+00 +0.000000E+00
 +0.148320E+01 -0.103990E+03 -0.974713E+02 -0.877846E+02 -0.611344E+02 +0.245735E+02 +0.000000E+00 +0.000000E+00 -0.690400E-03 -0.506353E-03 +0.000000E+00 +0.933791E-03 +0.000000E+00 +0.000000E+00
 +0.148320E+01 -0.104000E+03 -0.974070E+02 -0.876690E+02 -0.610751E+02 +0.244749E+02 +0.000000E+00 +0.000000E+00 -0.690306E-03 -0.505285E-03 +0.000000E+00 +0.930048E-03 +0.000000E+00 +0.000000E+00
 +0.148320E+01 -0.104010E+03 -0.973426E+02 -0.875534E+02 -0.610157E+02 +0.243764E+02 +0.000000E+00 +0.000000E+00 -0.690212E-03 -0.504217E-03 +0.000000E+00 +0.926305E-03 +0.000000E+00 +0.000000E+00
 +0.148320E+01 -0.104020E+03 -0.972860E+02 -0.874286E+02 -0.609558E+02 +0.242762E+02 +0.000000E+00 +0.000000E+00 -0.690273E-03 -0.502983E-03 +0.000000E+00 +0.922495E-03 +0.000000E+00 +0.000000E+00
 +0.148320E+01 -0.104030E+03 -0.972376E+02 -0.872956E+02 -0.608960E+02 +0.241762E+02 +0.000000E+00 +0.000000E+00 -0.690492E-03 -0.501593E-03 +0.000000E+00 +0.918696E-03 +0.000000E+00 +0.000000E+00
 +0.148320E+01 -0.104040E+03 -0.971911E+02 -0.871771E+02 -0.608415E+02 +0.240954E+02 +0.000000E+00 +0.000000E+00 -0.690642E-03 -0.500376E-03 +0.000000E+00 +0.915623E-03 +0.000000E+00 +0.000000E+00
 +0.148320E+01 -0.104050E+03 -0.971524E+02 -0.870672E+02 -0.607925E+02 +0.239972E+02 +0.000000E+00 +0.000000E+00 -0.690838E-03 -0.499221E-03 +0.000000E+00 +0.911894E-03 +0.000000E+00 +0.000000E+00
 +0.148320E+01 -0.104060E+03 -0.971144E+02 -0.869581E+02 -0.607439E+02 +0.238976E+02 +0.000000E+00 +0.000000E+00 -0.691039E-03 -0.498070E-03 +0.000000E+00 +0.908107E-03 +0.000000E+00 +0.000000E+00
 +0.148320E+01 -0.104070E+03 -0.970764E+02 -0.868490E+02 -0.606954E+02 +0.237979E+02 +0.000000E+00 +0.000000E+00 -0.691239E-03 -0.496919E-03 +0.000000E+00 +0.904320E-03 +0.000000E+00 +0.000000E+00
 +0.148320E+01 -0.104080E+03 -0.970384E+02 -0.867399E+02 -0.606469E+02 +0.236982E+02 +0.000000E+00 +0.000000E+00 -0.691439E-03 -0.495769E-03 +0.000000E+00 +0.900533E-03 +0.000000E+00 +0.000000E+00
 +0.148320E+01 -0.104090E+03 -0.970004E+02 -0.866308E+02 -0.605983E+02 +0.235986E+02 +0.000000E+00 +0.000000E+00 -0.691640E-03 -0.494618E-03 +0.000000E+00 +0.896747E-03 +0.000000E+00 +0.000000E+00
 +0.148320E+01 -0.104100E+03 -0.969624E+02 -0.865217E+02 -0.605498E+02 +0.234989E+02 +0.000000E+00 +0.000000E+00 -0.691840E-03 -0.493467E-03 +0.000000E+00 +0.892960E-03 +0.000000E+00 +0.000000E+00
 +0.148320E+01 -0.104110E+03 -0.969244E+02 -0.864126E+02 -0.605012E+02 +0.233993E+02 +0.000000E+00 +0.000000E+00 -0.692041E-03 -0.492317E-03 +0.000000E+00 +0.889173E-03 +0.000000E+00 +0.000000E+00
 +0.148320E+01 -0.104120E+03 -0.968864E+02 -0.863035E+02 -0.604527E+02 +0.232996E+02 +0.000000E+00 +0.000000E+00 -0.692241E-03 -0.491166E-03 +0.000000E+00 +0.885386E-03 +0.000000E+00 +0.000000E+00
 +0.148320E+01 -0.104130E+03 -0.968484E+02 -0.861944E+02 -0.604041E+02 +0.232000E+02 +0.000000E+00 +0.000000E+00 -0.692441E-03 -0.490015E-03 +0.000000E+00 +0.881600E-03 +0.000000E+00 +0.000000E+00
 +0.148320E+01 -0.104140E+03 -0.968104E+02 -0.860853E+02 -0.603556E+02 +0.231003E+02 +0.000000E+00 +0.000000E+00 -0.692642E-03 -0.488865E-03 +0.000000E+00 +0.877813E-03 +0.000000E+00 +0.000000E+00
 +0.148320E+01 -0.104150E+03 -0.967724E+02 -0.859762E+02 -0.603070E+02 +0.230007E+02 +0.000000E+00 +0.000000E+00 -0.692842E-03 -0.487714E-03 +0.000000E+00 +0.874026E-03 +0.000000E+00 +0.000000E+00
 +0.148320E+01 -0.104160E+03 -0.967344E+02 -0.858671E+02 -0.602585E+02 +0.229010E+02 +0.000000E+00 +0.000000E+00 -0.693042E-03 -0.486563E-03 +0.000000E+00 +0.870239E-03 +0.000000E+00 +0.000000E+00
 +0.148320E+01 -0.104170E+03 -0.966964E+02 -0.857580E+02 -0.602100E+02 +0.228014E+02 +0.000000E+00 +0.000000E+00 -0.693243E-03 -0.485413E-03 +0.000000E+00 +0.866453E-03 +0.000000E+00 +0.000000E+00
 +0.148320E+01 -0.104180E+03 -0.966584E+02 -0.856489E+02 -0.601614E+02 +0.227017E+02 +0.000000E+00 +0.000000E+00 -0.693443E-03 -0.484262E-03 +0.000000E+00 +0.862666E-03 +0.000000E+00 +0.000000E+00
 +0.148320E+01 -0.104190E+03 -0.966204E+02 -0.855398E+02 -0.601129E+02 +0.226021E+02 +0.000000E+00 +0.000000E+00 -0.693643E-03 -0.483112E-03 +0.000000E+00 +0.858879E-03 +0.000000E+00 +0.000000E+00
 +0.148320E+01 -0.104200E+03 -0.965824E+02 -0.854307E+02 -0.600643E+02 +0.225024E+02 +0.000000E+00 +0.000000E+00 -0.693844E-03 -0.481961E-03 +0.000000E+00 +0.855092E-03 +0.000000E+00 +0.000000E+00
 +0.148320E+01 -0.104210E+03 -0.965444E+02 -0.853216E+02 -0.600158E+02 +0.224028E+02 +0.000000E+00 +0.000000E+00 -0.694044E-03 -0.480810E-03 +0.000000E+00 +0.851306E-03 +0.000000E+00 +0.000000E+00
 +0.148320E+01 -0.104220E+03 -0.965064E+02 -0.852125E+02 -0.599672E+02 +0.223031E+02 +0.000000E+00 +0.000000E+00 -0.694244E-03 -0.479660E-03 +0.000000E+00 +0.847519E-03 +0.000000E+00 +0.000000E+00
 +0.148320E+01 -0.104230E+03 -0.964684E+02 -0.851034E+02 -0.599187E+02 +0.222035E+02 +0.000000E+00 +0.000000E+00 -0.694445E-03 -0.478509E-03 +0.000000E+00 +0.843732E-03 +0.000000E+00 +0.000000E+00
 +0.148320E+01 -0.104240E+03 -0.964306E+02 -0.849906E+02 -0.598690E+02 +0.221137E+02 +0.000000E+00 +0.000000E+00 -0.694671E-03 -0.477310E-03 +0.000000E+00 +0.840320E-03 +0.000000E+00 +0.000000E+00
 +0.148320E+01 -0.104250E+03 -0.963929E+02 -0.848768E+02 -0.598190E+02 +0.220266E+02 +0.000000E+00 +0.000000E+00 -0.694904E-03 -0.476098E-03 +0.000000E+00 +0.837012E-03 +0.000000E+00 +0.000000E+00
 +0.148320E+01 -0.104260E+03 -0.963552E+02 -0.847630E+02 -0.597690E+02 +0.219396E+02 +0.000000E+00 +0.000000E+00 -0.695137E-03 -0.474886E-03 +0.000000E+00 +0.833705E-03 +0.000000E+00 +0.000000E+00
 +0.148320E+01 -0.104270E+03 -0.963174E+02 -0.846492E+02 -0.597190E+02 +0.218526E+02 +0.000000E+00 +0.000000E+00 -0.695371E-03 -0.473674E-03 +0.000000E+00 +0.830397E-03 +0.000000E+00 +0.000000E+00
 +0.148320E+01 -0.104280E+03 -0.962797E+02 -0.845354E+02 -0.596690E+02 +0.217655E+02 +0.000000E+00 +0.000000E+00 -0.695604E-03 -0.472461E-03 +0.000000E+00 +0.827090E-03 +0.000000E+00 +0.000000E+00
 +0.148320E+01 -0.104290E+03 -0.962420E+02 -0.844216E+02 -0.596190E+02 +0.216785E+02 +0.000000E+00 +0.000000E+00 -0.695837E-03 -0.471249E-03 +0.000000E+00 +0.823783E-03 +0.000000E+00 +0.000000E+00
 +0.148320E+01 -0.104300E+03 -0.962043E+02 -0.843078E+02 -0.595690E+02 +0.215915E+02 +0.000000E+00 +0.000000E+00 -0.696071E-03 -0.470037E-03 +0.000000E+00 +0.820475E-03 +0.000000E+00 +0.000000E+00
 +0.148320E+01 -0.104310E+03 -0.961665E+02 -0.841939E+02 -0.595190E+02 +0.215044E+02 +0.000000E+00 +0.000000E+00 -0.696304E-03 -0.468825E-03 +0.000000E+00 +0.817168E-03 +0.000000E+00 +0.000000E+00
 +0.148320E+01 -0.104320E+03 -0.961288E+02 -0.840801E+02 -0.594690E+02 +0.214174E+02 +0.000000E+00 +0.000000E+00 -0.696537E-03 -0.467613E-03 +0.000000E+00 +0.813861E-03 +0.000000E+00 +0.000000E+00
 +0.148320E+01 -0.104330E+03 -0.960911E+02 -0.839663E+02 -0.594189E+02 +0.213303E+02 +0.000000E+00 +0.000000E+00 -0.696771E-03 -0.466400E-03 +0.000000E+00 +0.810553E-03 +0.000000E+00 +0.000000E+00
 +0.148320E+01 -0.104340E+03 -0.960534E+02 -0.838525E+02 -0.593689E+02 +0.212433E+02 +0.000000E+00 +0.000000E+00 -0.697004E-03 -0.465188E-03 +0.000000E+00 +0.807246E-03 +0.000000E+00 +0.000000E+00
 +0.148320E+01 -0.104350E+03 -0.960156E+02 -0.837387E+02 -0.593189E+02 +0.211563E+02 +0.000000E+00 +0.000000E+00 -0.697237E-03 -0.463976E-03 +0.000000E+00 +0.803938E-03 +0.000000E+00 +0.000000E+00
 +0.148320E+01 -0.104360E+03 -0.959779E+02 -0.836249E+02 -0.592689E+02 +0.210692E+02 +0.000000E+00 +0.000000E+00 -0.697470E-03 -0.462764E-03 +0.000000E+00 +0.800631E-03 +0.000000E+00 +0.000000E+00
 +0.148320E+01 -0.104370E+03 -0.959402E+02 -0.835111E+02 -0.592189E+02 +0.209822E+02 +0.000000E+00 +0.000000E+00 -0.697704E-03 -0.461551E-03 +0.000000E+00 +0.797324E-03 +0.000000E+00 +0.000000E+00
 +0.148320E+01 -0.104380E+03 -0.959024E+02 -0.833973E+02 -0.591689E+02 +0.208952E+02 +0.000000E+00 +0.000000E+00 -0.697937E-03 -0.460339E-03 +0.000000E+00 +0.794016E-03 +0.000000E+00 +0.000000E+00
 +0.148320E+01 -0.104390E+03 -0.958647E+02 -0.832835E+02 -0.591189E+02 +0.208081E+02 +0.000000E+00 +0.000000E+00 -0.698170E-03 -0.459127E-03 +0.000000E+00 +0.790709E-03 +0.000000E+00 +0.000000E+00
 +0.148320E+01 -0.104400E+03 -0.958270E+02 -0.831697E+02 -0.590689E+02 +0.207211E+02 +0.000000E+00 +0.000000E+00 -0.698404E-03 -0.457915E-03 +0.000000E+00 +0.787402E-03 +0.000000E+00 +0.000000E+00
 +0.148320E+01 -0.104410E+03 -0.957893E+02 -0.830559E+02 -0.590189E+02 +0.206341E+02 +0.000000E+00 +0.000000E+00 -0.698637E-03 -0.456703E-03 +0.000000E+00 +0.784094E-03 +0.000000E+00 +0.000000E+00
 +0.148320E+01 -0.104420E+03 -0.957515E+02 -0.829421E+02 -0.589689E+02 +0.205470E+02 +0.000000E+00 +0.000000E+00 -0.698870E-03 -0.455490E-03 +0.000000E+00 +0.780787E-03 +0.000000E+00 +0.000000E+00
 +0.148320E+01 -0.104430E+03 -0.957138E+02 -0.828283E+02 -0.589189E+02 +0.204600E+02 +0.000000E+00 +0.000000E+00 -0.699104E-03 -0.454278E-03 +0.000000E+00 +0.777479E-03 +0.000000E+00 +0.000000E+00
 +0.148320E+01 -0.104440E+03 -0.956761E+02 -0.827145E+02 -0.588689E+02 +0.203729E+02 +0.000000E+00 +0.000000E+00 -0.699337E-03 -0.453066E-03 +0.000000E+00 +0.774172E-03 +0.000000E+00 +0.000000E+00
 +0.148320E+01 -0.104450E+03 -0.956381E+02 -0.826002E+02 -0.588186E+02 +0.202856E+02 +0.000000E+00 +0.000000E+00 -0.699569E-03 -0.451850E-03 +0.000000E+00 +0.770853E-03 +0.000000E+00 +0.000000E+00
 +0.148320E+01 -0.104460E+03 -0.955929E+02 -0.824753E+02 -0.587625E+02 +0.201913E+02 +0.000000E+00 +0.000000E+00 -0.699778E-03 -0.450543E-03 +0.000000E+00 +0.767268E-03 +0.000000E+00 +0.000000E+00
 +0.148320E+01 -0.104470E+03 -0.955478E+02 -0.823504E+02 -0.587064E+02 +0.200969E+02 +0.000000E+00 +0.000000E+00 -0.699986E-03 -0.449236E-03 +0.000000E+00 +0.763683E-03 +0.000000E+00 +0.000000E+00
 +0.148320E+01 -0.104480E+03 -0.955026E+02 -0.822255E+02 -0.586503E+02 +0.200026E+02 +0.000000E+00 +0.000000E+00 -0.700194E-03 -0.447929E-03 +0.000000E+00 +0.760098E-03 +0.000000E+00 +0.000000E+00
 +0.148320E+01 -0.104490E+03 -0.954575E+02 -0.821006E+02 -0.585942E+02 +0.199082E+02 +0.000000E+00 +0.000000E+00 -0.700403E-03 -0.446622E-03 +0.000000E+00 +0.756513E-03 +0.000000E+00 +0.000000E+00
 +0.148320E+01 -0.104500E+03 -0.954123E+02 -0.819757E+02 -0.585381E+02 +0.198139E+02 +0.000000E+00 +0.000000E+00 -0.700611E-03 -0.445316E-03 +0.000000E+00 +0.752927E-03 +0.000000E+00 +0.000000E+00
 +0.148320E+01 -0.104510E+03 -0.953672E+02 -0.818508E+02 -0.584819E+02 +0.197195E+02 +0.000000E+00 +0.000000E+00 -0.700820E-03 -0.444009E-03 +0.000000E+00 +0.749342E-03 +0.000000E+00 +0.000000E+00
 +0.148320E+01 -0.104520E+03 -0.953220E+02 -0.817259E+02 -0.584258E+02 +0.196252E+02 +0.000000E+00 +0.000000E+00 -0.701028E-03 -0.442702E-03 +0.000000E+00 +0.745757E-03 +0.000000E+00 +0.000000E+00
 +0.148320E+01 -0.104530E+03 -0.952769E+02 -0.816010E+02 -0.583697E+02 +0.195308E+02 +0.000000E+00 +0.000000E+00 -0.701236E-03 -0.441395E-03 +0.000000E+00 +0.742172E-03 +0.000000E+00 +0.000000E+00
 +0.148320E+01 -0.104540E+03 -0.952317E+02 -0.814761E+02 -0.583136E+02 +0.194365E+02 +0.000000E+00 +0.000000E+00 -0.701445E-03 -0.440088E-03 +0.000000E+00 +0.738586E-03 +0.000000E+00 +0.000000E+00
 +0.148320E+01 -0.104550E+03 -0.951866E+02 -0.813512E+02 -0.582575E+02 +0.193421E+02 +0.000000E+00 +0.000000E+00 -0.701653E-03 -0.438781E-03 +0.000000E+00 +0.735001E-03 +0.000000E+00 +0.000000E+00
 +0.148320E+01 -0.104560E+03 -0.951415E+02 -0.812263E+02 -0.582014E+02 +0.192478E+02 +0.000000E+00 +0.000000E+00 -0.701862E-03 -0.437474E-03 +0.000000E+00 +0.731416E-03 +0.000000E+00 +0.000000E+00
 +0.148320E+01 -0.104570E+03 -0.950963E+02 -0.811014E+02 -0.581453E+02 +0.191534E+02 +0.000000E+00 +0.000000E+00 -0.702070E-03 -0.436167E-03 +0.000000E+00 +0.727831E-03 +0.000000E+00 +0.000000E+00
 +0.148320E+01 -0.104580E+03 -0.950512E+02 -0.809765E+02 -0.580891E+02 +0.190591E+02 +0.000000E+00 +0.000000E+00 -0.702278E-03 -0.434861E-03 +0.000000E+00 +0.724245E-03 +0.000000E+00 +0.000000E+00
 +0.148320E+01 -0.104590E+03 -0.950060E+02 -0.808516E+02 -0.580330E+02 +0.189647E+02 +0.000000E+00 +0.000000E+00 -0.702487E-03 -0.433554E-03 +0.000000E+00 +0.720660E-03 +0.000000E+00 +0.000000E+00
 +0.148320E+01 -0.104600E+03 -0.949609E+02 -0.807267E+02 -0.579769E+02 +0.188704E+02 +0.000000E+00 +0.000000E+00 -0.702695E-03 -0.432247E-03 +0.000000E+00 +0.717075E-03 +0.000000E+00 +0.000000E+00
 +0.148320E+01 -0.104610E+03 -0.949157E+02 -0.806019E+02 -0.579208E+02 +0.187760E+02 +0.000000E+00 +0.000000E+00 -0.702904E-03 -0.430940E-03 +0.000000E+00 +0.713490E-03 +0.000000E+00 +0.000000E+00
 +0.148320E+01 -0.104620E+03 -0.948706E+02 -0.804770E+02 -0.578647E+02 +0.186817E+02 +0.000000E+00 +0.000000E+00 -0.703112E-03 -0.429633E-03 +0.000000E+00 +0.709905E-03 +0.000000E+00 +0.000000E+00
 +0.148320E+01 -0.104630E+03 -0.948254E+02 -0.803521E+02 -0.578086E+02 +0.185874E+02 +0.000000E+00 +0.000000E+00 -0.703320E-03 -0.428326E-03 +0.000000E+00 +0.706319E-03 +0.000000E+00 +0.000000E+00
 +0.148320E+01 -0.104640E+03 -0.947803E+02 -0.802272E+02 -0.577525E+02 +0.184930E+02 +0.000000E+00 +0.000000E+00 -0.703529E-03 -0.427019E-03 +0.000000E+00 +0.702734E-03 +0.000000E+00 +0.000000E+00
 +0.148320E+01 -0.104650E+03 -0.947351E+02 -0.801023E+02 -0.576963E+02 +0.183987E+02 +0.000000E+00 +0.000000E+00 -0.703737E-03 -0.425712E-03 +0.000000E+00 +0.699149E-03 +0.000000E+00 +0.000000E+00
 +0.148320E+01 -0.104660E+03 -0.946900E+02 -0.799774E+02 -0.576402E+02 +0.183043E+02 +0.000000E+00 +0.000000E+00 -0.703946E-03 -0.424406E-03 +0.000000E+00 +0.695564E-03 +0.000000E+00 +0.000000E+00
 +0.148320E+01 -0.104670E+03 -0.946449E+02 -0.798525E+02 -0.575841E+02 +0.182100E+02 +0.000000E+00 +0.000000E+00 -0.704154E-03 -0.423099E-03 +0.000000E+00 +0.691978E-03 +0.000000E+00 +0.000000E+00
 +0.148320E+01 -0.104680E+03 -0.945997E+02 -0.797276E+02 -0.575280E+02 +0.181156E+02 +0.000000E+00 +0.000000E+00 -0.704362E-03 -0.421792E-03 +0.000000E+00 +0.688393E-03 +0.000000E+00 +0.000000E+00
 +0.148320E+01 -0.104690E+03 -0.945546E+02 -0.796027E+02 -0.574719E+02 +0.180213E+02 +0.000000E+00 +0.000000E+00 -0.704571E-03 -0.420485E-03 +0.000000E+00 +0.684808E-03 +0.000000E+00 +0.000000E+00
 +0.148320E+01 -0.104700E+03 -0.945094E+02 -0.794778E+02 -0.574158E+02 +0.179269E+02 +0.000000E+00 +0.000000E+00 -0.704779E-03 -0.419178E-03 +0.000000E+00 +0.681223E-03 +0.000000E+00 +0.000000E+00
 +0.148320E+01 -0.104710E+03 -0.944643E+02 -0.793529E+02 -0.573597E+02 +0.178326E+02 +0.000000E+00 +0.000000E+00 -0.704988E-03 -0.417871E-03 +0.000000E+00 +0.677638E-03 +0.000000E+00 +0.000000E+00
 +0.148320E+01 -0.104720E+03 -0.944191E+02 -0.792280E+02 -0.573035E+02 +0.177382E+02 +0.000000E+00 +0.000000E+00 -0.705196E-03 -0.416564E-03 +0.000000E+00 +0.674052E-03 +0.000000E+00 +0.000000E+00
 +0.148320E+01 -0.104730E+03 -0.943740E+02 -0.791031E+02 -0.572474E+02 +0.176439E+02 +0.000000E+00 +0.000000E+00 -0.705404E-03 -0.415258E-03 +0.000000E+00 +0.670467E-03 +0.000000E+00 +0.000000E+00
 +0.148320E+01 -0.104740E+03 -0.943288E+02 -0.789782E+02 -0.571913E+02 +0.175495E+02 +0.000000E+00 +0.000000E+00 -0.705613E-03 -0.413951E-03 +0.000000E+00 +0.666882E-03 +0.000000E+00 +0.000000E+00
 +0.148320E+01 -0.104750E+03 -0.942974E+02 -0.789045E+02 -0.571567E+02 +0.174702E+02 +0.000000E+00 +0.000000E+00 -0.705675E-03 -0.413210E-03 +0.000000E+00 +0.663869E-03 +0.000000E+00 +0.000000E+00
 +0.148320E+01 -0.104760E+03 -0.942716E+02 -0.788517E+02 -0.571307E+02 +0.173970E+02 +0.000000E+00 +0.000000E+00 -0.705677E-03 -0.412699E-03 +0.000000E+00 +0.661088E-03 +0.000000E+00 +0.000000E+00
 +0.148320E+01 -0.104770E+03 -0.942457E+02 -0.787988E+02 -0.571047E+02 +0.173239E+02 +0.000000E+00 +0.000000E+00 -0.705680E-03 -0.412187E-03 +0.000000E+00 +0.658307E-03 +0.000000E+00 +0.000000E+00
 +0.148320E+01 -0.104780E+03 -0.942199E+02 -0.787459E+02 -0.570787E+02 +0.172507E+02 +0.000000E+00 +0.000000E+00 -0.705683E-03 -0.411676E-03 +0.000000E+00 +0.655525E-03 +0.000000E+00 +0.000000E+00
 +0.148320E+01 -0.104790E+03 -0.941941E+02 -0.786930E+02 -0.570527E+02 +0.171775E+02 +0.000000E+00 +0.000000E+00 -0.705685E-03 -0.411165E-03 +0.000000E+00 +0.652744E-03 +0.000000E+00 +0.000000E+00
 +0.148320E+01 -0.104800E+03 -0.941682E+02 -0.786401E+02 -0.570267E+02 +0.171043E+02 +0.000000E+00 +0.000000E+00 -0.705688E-03 -0.410654E-03 +0.000000E+00 +0.649963E-03 +0.000000E+00 +0.000000E+00
 +0.148320E+01 -0.104810E+03 -0.941424E+02 -0.785872E+02 -0.570008E+02 +0.170311E+02 +0.000000E+00 +0.000000E+00 -0.705691E-03 -0.410142E-03 +0.000000E+00 +0.647182E-03 +0.000000E+00 +0.000000E+00
 +0.148320E+01 -0.104820E+03 -0.941165E+02 -0.785343E+02 -0.569748E+02 +0.169579E+02 +0.000000E+00 +0.000000E+00 -0.705693E-03 -0.409631E-03 +0.000000E+00 +0.644401E-03 +0.000000E+00 +0.000000E+00
 +0.148320E+01 -0.104830E+03 -0.940907E+02 -0.784814E+02 -0.569488E+02 +0.168847E+02 +0.000000E+00 +0.000000E+00 -0.705696E-03 -0.409120E-03 +0.000000E+00 +0.641620E-03 +0.000000E+00 +0.000000E+00
 +0.148320E+01 -0.104840E+03 -0.940648E+02 -0.784285E+02 -0.569228E+02 +0.168115E+02 +0.000000E+00 +0.000000E+00 -0.705699E-03 -0.408608E-03 +0.000000E+00 +0.638839E-03 +0.000000E+00 +0.000000E+00
 +0.148320E+01 -0.104850E+03 -0.940390E+02 -0.783756E+02 -0.568968E+02 +0.167384E+02 +0.000000E+00 +0.000000E+00 -0.705701E-03 -0.408097E-03 +0.000000E+00 +0.636057E-03 +0.000000E+00 +0.000000E+00
 +0.148320E+01 -0.104860E+03 -0.940132E+02 -0.783227E+02 -0.568708E+02 +0.166652E+02 +0.000000E+00 +0.000000E+00 -0.705704E-03 -0.407586E-03 +0.000000E+00 +0.633276E-03 +0.000000E+00 +0.000000E+00
 +0.148320E+01 -0.104870E+03 -0.939873E+02 -0.782698E+02 -0.568449E+02 +0.165920E+02 +0.000000E+00 +0.000000E+00 -0.705707E-03 -0.407074E-03 +0.000000E+00 +0.630495E-03 +0.000000E+00 +0.000000E+00
 +0.148320E+01 -0.104880E+03 -0.939615E+02 -0.782169E+02 -0.568189E+02 +0.165188E+02 +0.000000E+00 +0.000000E+00 -0.705709E-03 -0.406563E-03 +0.000000E+00 +0.627714E-03 +0.000000E+00 +0.000000E+00
 +0.148320E+01 -0.104890E+03 -0.939356E+02 -0.781640E+02 -0.567929E+02 +0.164456E+02 +0.000000E+00 +0.000000E+00 -0.705712E-03 -0.406052E-03 +0.000000E+00 +0.624933E-03 +0.000000E+00 +0.000000E+00
 +0.148320E+01 -0.104900E+03 -0.939098E+02 -0.781111E+02 -0.567669E+02 +0.163724E+02 +0.000000E+00 +0.000000E+00 -0.705715E-03 -0.405541E-03 +0.000000E+00 +0.622152E-03 +0.000000E+00 +0.000000E+00
 +0.148320E+01 -0.104910E+03 -0.938839E+02 -0.780583E+02 -0.567409E+02 +0.162992E+02 +0.000000E+00 +0.000000E+00 -0.705717E-03 -0.405029E-03 +0.000000E+00 +0.619371E-03 +0.000000E+00 +0.000000E+00
 +0.148320E+01 -0.104920E+03 -0.938581E+02 -0.780054E+02 -0.567149E+02 +0.162260E+02 +0.000000E+00 +0.000000E+00 -0.705720E-03 -0.404518E-03 +0.000000E+00 +0.616589E-03 +0.000000E+00 +0.000000E+00
 +0.148320E+01 -0.104930E+03 -0.938323E+02 -0.779525E+02 -0.566890E+02 +0.161529E+02 +0.000000E+00 +0.000000E+00 -0.705723E-03 -0.404007E-03 +0.000000E+00 +0.613808E-03 +0.000000E+00 +0.000000E+00
 +0.148320E+01 -0.104940E+03 -0.938064E+02 -0.778996E+02 -0.566630E+02 +0.160797E+02 +0.000000E+00 +0.000000E+00 -0.705725E-03 -0.403495E-03 +0.000000E+00 +0.611027E-03 +0.000000E+00 +0.000000E+00
 +0.148320E+01 -0.104950E+03 -0.937806E+02 -0.778467E+02 -0.566370E+02 +0.160065E+02 +0.000000E+00 +0.000000E+00 -0.705728E-03 -0.402984E-03 +0.000000E+00 +0.608246E-03 +0.000000E+00 +0.000000E+00
 +0.148320E+01 -0.104960E+03 -0.937547E+02 -0.777938E+02 -0.566110E+02 +0.159333E+02 +0.000000E+00 +0.000000E+00 -0.705731E-03 -0.402473E-03 +0.000000E+00 +0.605465E-03 +0.000000E+00 +0.000000E+00
 +0.148320E+01 -0.104970E+03 -0.937289E+02 -0.777409E+02 -0.565850E+02 +0.158601E+02 +0.000000E+00 +0.000000E+00 -0.705733E-03 -0.401961E-03 +0.000000E+00 +0.602684E-03 +0.000000E+00 +0.000000E+00
 +0.148320E+01 -0.104980E+03 -0.937030E+02 -0.776880E+02 -0.565590E+02 +0.157869E+02 +0.000000E+00 +0.000000E+00 -0.705736E-03 -0.401450E-03 +0.000000E+00 +0.599903E-03 +0.000000E+00 +0.000000E+00
 +0.148320E+01 -0.104990E+03 -0.936922E+02 -0.776122E+02 -0.565305E+02 +0.157192E+02 +0.000000E+00 +0.000000E+00 -0.706074E-03 -0.400553E-03 +0.000000E+00 +0.597330E-03 +0.000000E+00 +0.000000E+00
