%X Y s_xx s_yy s_zz s_xy s_xz s_yz e_xx e_yy e_zz e_xy e_xz e_yz
 +0.148320E+01 -0.100000E+03 -0.379206E+03 -0.232305E+02 -0.132804E+03 +0.326612E+02 +0.000000E+00 +0.000000E+00 -0.468164E-02 +0.208190E-02 +0.000000E+00 +0.124113E-02 +0.000000E+00 +0.000000E+00
 +0.148320E+01 -0.100010E+03 -0.372486E+03 -0.289850E+02 -0.132485E+03 +0.378960E+02 +0.000000E+00 +0.000000E+00 -0.456001E-02 +0.196651E-02 +0.000000E+00 +0.144005E-02 +0.000000E+00 +0.000000E+00
 +0.148320E+01 -0.100020E+03 -0.365762E+03 -0.347318E+02 -0.132163E+03 +0.431726E+02 +0.000000E+00 +0.000000E+00 -0.443838E-02 +0.185119E-02 +0.000000E+00 +0.164056E-02 +0.000000E+00 +0.000000E+00
 +0.148320E+01 -0.100030E+03 -0.358841E+03 -0.399272E+02 -0.131593E+03 +0.514949E+02 +0.000000E+00 +0.000000E+00 -0.431770E-02 +0.174166E-02 +0.000000E+00 +0.195680E-02 +0.000000E+00 +0.000000E+00
 +0.148320E+01 -0.100040E+03 -0.351959E+03 -0.450885E+02 -0.131026E+03 +0.597179E+02 +0.000000E+00 +0.000000E+00 -0.419774E-02 +0.163281E-02 +0.000000E+00 +0.226928E-02 +0.000000E+00 +0.000000E+00
 +0.148320E+01 -0.100050E+03 -0.346518E+03 -0.490309E+02 -0.130531E+03 +0.643855E+02 +0.000000E+00 +0.000000E+00 -0.410375E-02 +0.154851E-02 +0.000000E+00 +0.244665E-02 +0.000000E+00 +0.000000E+00
 +0.148320E+01 -0.100060E+03 -0.341106E+03 -0.529456E+02 -0.130037E+03 +0.689924E+02 +0.000000E+00 +0.000000E+00 -0.401032E-02 +0.146474E-02 +0.000000E+00 +0.262171E-02 +0.000000E+00 +0.000000E+00
 +0.148320E+01 -0.100070E+03 -0.336382E+03 -0.562102E+02 -0.129556E+03 +0.721717E+02 +0.000000E+00 +0.000000E+00 -0.392971E-02 +0.139356E-02 +0.000000E+00 +0.274253E-02 +0.000000E+00 +0.000000E+00
 +0.148320E+01 -0.100080E+03 -0.331687E+03 -0.594481E+02 -0.129075E+03 +0.753007E+02 +0.000000E+00 +0.000000E+00 -0.384963E-02 +0.132290E-02 +0.000000E+00 +0.286143E-02 +0.000000E+00 +0.000000E+00
 +0.148320E+01 -0.100090E+03 -0.327490E+03 -0.622219E+02 -0.128605E+03 +0.775523E+02 +0.000000E+00 +0.000000E+00 -0.377881E-02 +0.126128E-02 +0.000000E+00 +0.294699E-02 +0.000000E+00 +0.000000E+00
 +0.148320E+01 -0.100100E+03 -0.323321E+03 -0.649699E+02 -0.128136E+03 +0.797625E+02 +0.000000E+00 +0.000000E+00 -0.370852E-02 +0.120016E-02 +0.000000E+00 +0.303098E-02 +0.000000E+00 +0.000000E+00
 +0.148320E+01 -0.100110E+03 -0.319542E+03 -0.673636E+02 -0.127679E+03 +0.814055E+02 +0.000000E+00 +0.000000E+00 -0.364540E-02 +0.114599E-02 +0.000000E+00 +0.309341E-02 +0.000000E+00 +0.000000E+00
 +0.148320E+01 -0.100120E+03 -0.315791E+03 -0.697324E+02 -0.127223E+03 +0.830131E+02 +0.000000E+00 +0.000000E+00 -0.358280E-02 +0.109232E-02 +0.000000E+00 +0.315450E-02 +0.000000E+00 +0.000000E+00
 +0.148320E+01 -0.100130E+03 -0.312363E+03 -0.718187E+02 -0.126780E+03 +0.842221E+02 +0.000000E+00 +0.000000E+00 -0.352608E-02 +0.104426E-02 +0.000000E+00 +0.320044E-02 +0.000000E+00 +0.000000E+00
 +0.148320E+01 -0.100140E+03 -0.308963E+03 -0.738808E+02 -0.126339E+03 +0.854010E+02 +0.000000E+00 +0.000000E+00 -0.346987E-02 +0.996698E-03 +0.000000E+00 +0.324524E-02 +0.000000E+00 +0.000000E+00
 +0.148320E+01 -0.100150E+03 -0.305837E+03 -0.757119E+02 -0.125911E+03 +0.862927E+02 +0.000000E+00 +0.000000E+00 -0.341859E-02 +0.953784E-03 +0.000000E+00 +0.327912E-02 +0.000000E+00 +0.000000E+00
 +0.148320E+01 -0.100160E+03 -0.302739E+03 -0.775196E+02 -0.125485E+03 +0.871584E+02 +0.000000E+00 +0.000000E+00 -0.336782E-02 +0.911347E-03 +0.000000E+00 +0.331202E-02 +0.000000E+00 +0.000000E+00
 +0.148320E+01 -0.100170E+03 -0.299875E+03 -0.791354E+02 -0.125074E+03 +0.878114E+02 +0.000000E+00 +0.000000E+00 -0.332124E-02 +0.872826E-03 +0.000000E+00 +0.333683E-02 +0.000000E+00 +0.000000E+00
 +0.148320E+01 -0.100180E+03 -0.297041E+03 -0.807288E+02 -0.124664E+03 +0.884422E+02 +0.000000E+00 +0.000000E+00 -0.327516E-02 +0.834767E-03 +0.000000E+00 +0.336080E-02 +0.000000E+00 +0.000000E+00
 +0.148320E+01 -0.100190E+03 -0.294409E+03 -0.821611E+02 -0.124268E+03 +0.889137E+02 +0.000000E+00 +0.000000E+00 -0.323268E-02 +0.800036E-03 +0.000000E+00 +0.337872E-02 +0.000000E+00 +0.000000E+00
 +0.148320E+01 -0.100200E+03 -0.291806E+03 -0.835720E+02 -0.123875E+03 +0.893662E+02 +0.000000E+00 +0.000000E+00 -0.319069E-02 +0.765752E-03 +0.000000E+00 +0.339591E-02 +0.000000E+00 +0.000000E+00
 +0.148320E+01 -0.100210E+03 -0.289380E+03 -0.848469E+02 -0.123495E+03 +0.896980E+02 +0.000000E+00 +0.000000E+00 -0.315182E-02 +0.734312E-03 +0.000000E+00 +0.340852E-02 +0.000000E+00 +0.000000E+00
 +0.148320E+01 -0.100220E+03 -0.286981E+03 -0.861015E+02 -0.123117E+03 +0.900136E+02 +0.000000E+00 +0.000000E+00 -0.311341E-02 +0.703300E-03 +0.000000E+00 +0.342052E-02 +0.000000E+00 +0.000000E+00
 +0.148320E+01 -0.100230E+03 -0.284737E+03 -0.872406E+02 -0.122753E+03 +0.902375E+02 +0.000000E+00 +0.000000E+00 -0.307771E-02 +0.674730E-03 +0.000000E+00 +0.342902E-02 +0.000000E+00 +0.000000E+00
 +0.148320E+01 -0.100240E+03 -0.282520E+03 -0.883606E+02 -0.122390E+03 +0.904476E+02 +0.000000E+00 +0.000000E+00 -0.304245E-02 +0.646568E-03 +0.000000E+00 +0.343701E-02 +0.000000E+00 +0.000000E+00
 +0.148320E+01 -0.100250E+03 -0.280437E+03 -0.893822E+02 -0.122040E+03 +0.905875E+02 +0.000000E+00 +0.000000E+00 -0.300954E-02 +0.620506E-03 +0.000000E+00 +0.344233E-02 +0.000000E+00 +0.000000E+00
 +0.148320E+01 -0.100260E+03 -0.278380E+03 -0.903859E+02 -0.121693E+03 +0.907159E+02 +0.000000E+00 +0.000000E+00 -0.297706E-02 +0.594832E-03 +0.000000E+00 +0.344720E-02 +0.000000E+00 +0.000000E+00
 +0.148320E+01 -0.100270E+03 -0.276442E+03 -0.913058E+02 -0.121357E+03 +0.907905E+02 +0.000000E+00 +0.000000E+00 -0.294662E-02 +0.570967E-03 +0.000000E+00 +0.345004E-02 +0.000000E+00 +0.000000E+00
 +0.148320E+01 -0.100280E+03 -0.274527E+03 -0.922088E+02 -0.121023E+03 +0.908553E+02 +0.000000E+00 +0.000000E+00 -0.291659E-02 +0.547469E-03 +0.000000E+00 +0.345250E-02 +0.000000E+00 +0.000000E+00
 +0.148320E+01 -0.100290E+03 -0.272717E+03 -0.930401E+02 -0.120700E+03 +0.908788E+02 +0.000000E+00 +0.000000E+00 -0.288832E-02 +0.525534E-03 +0.000000E+00 +0.345340E-02 +0.000000E+00 +0.000000E+00
 +0.148320E+01 -0.100300E+03 -0.270929E+03 -0.938557E+02 -0.120379E+03 +0.908942E+02 +0.000000E+00 +0.000000E+00 -0.286045E-02 +0.503944E-03 +0.000000E+00 +0.345398E-02 +0.000000E+00 +0.000000E+00
 +0.148320E+01 -0.100310E+03 -0.269232E+03 -0.946099E+02 -0.120068E+03 +0.908777E+02 +0.000000E+00 +0.000000E+00 -0.283412E-02 +0.483704E-03 +0.000000E+00 +0.345335E-02 +0.000000E+00 +0.000000E+00
 +0.148320E+01 -0.100320E+03 -0.267558E+03 -0.953494E+02 -0.119759E+03 +0.908544E+02 +0.000000E+00 +0.000000E+00 -0.280817E-02 +0.463788E-03 +0.000000E+00 +0.345247E-02 +0.000000E+00 +0.000000E+00
 +0.148320E+01 -0.100330E+03 -0.265962E+03 -0.960363E+02 -0.119460E+03 +0.908065E+02 +0.000000E+00 +0.000000E+00 -0.278355E-02 +0.445042E-03 +0.000000E+00 +0.345065E-02 +0.000000E+00 +0.000000E+00
 +0.148320E+01 -0.100340E+03 -0.264388E+03 -0.967095E+02 -0.119162E+03 +0.907530E+02 +0.000000E+00 +0.000000E+00 -0.275929E-02 +0.426600E-03 +0.000000E+00 +0.344861E-02 +0.000000E+00 +0.000000E+00
 +0.148320E+01 -0.100350E+03 -0.262883E+03 -0.973374E+02 -0.118873E+03 +0.906804E+02 +0.000000E+00 +0.000000E+00 -0.273620E-02 +0.409172E-03 +0.000000E+00 +0.344585E-02 +0.000000E+00 +0.000000E+00
 +0.148320E+01 -0.100360E+03 -0.261398E+03 -0.979527E+02 -0.118586E+03 +0.906030E+02 +0.000000E+00 +0.000000E+00 -0.271344E-02 +0.392030E-03 +0.000000E+00 +0.344292E-02 +0.000000E+00 +0.000000E+00
 +0.148320E+01 -0.100370E+03 -0.259975E+03 -0.985289E+02 -0.118306E+03 +0.905109E+02 +0.000000E+00 +0.000000E+00 -0.269170E-02 +0.375768E-03 +0.000000E+00 +0.343941E-02 +0.000000E+00 +0.000000E+00
 +0.148320E+01 -0.100380E+03 -0.258569E+03 -0.990933E+02 -0.118029E+03 +0.904148E+02 +0.000000E+00 +0.000000E+00 -0.267027E-02 +0.359773E-03 +0.000000E+00 +0.343576E-02 +0.000000E+00 +0.000000E+00
 +0.148320E+01 -0.100390E+03 -0.257218E+03 -0.996239E+02 -0.117758E+03 +0.903071E+02 +0.000000E+00 +0.000000E+00 -0.264975E-02 +0.344545E-03 +0.000000E+00 +0.343167E-02 +0.000000E+00 +0.000000E+00
 +0.148320E+01 -0.100400E+03 -0.255885E+03 -0.100144E+03 -0.117489E+03 +0.901961E+02 +0.000000E+00 +0.000000E+00 -0.262951E-02 +0.329567E-03 +0.000000E+00 +0.342745E-02 +0.000000E+00 +0.000000E+00
 +0.148320E+01 -0.100410E+03 -0.254598E+03 -0.100634E+03 -0.117227E+03 +0.900759E+02 +0.000000E+00 +0.000000E+00 -0.261006E-02 +0.315259E-03 +0.000000E+00 +0.342289E-02 +0.000000E+00 +0.000000E+00
 +0.148320E+01 -0.100420E+03 -0.253328E+03 -0.101114E+03 -0.116966E+03 +0.899529E+02 +0.000000E+00 +0.000000E+00 -0.259089E-02 +0.301185E-03 +0.000000E+00 +0.341821E-02 +0.000000E+00 +0.000000E+00
 +0.148320E+01 -0.100430E+03 -0.252101E+03 -0.101569E+03 -0.116711E+03 +0.898227E+02 +0.000000E+00 +0.000000E+00 -0.257240E-02 +0.287697E-03 +0.000000E+00 +0.341326E-02 +0.000000E+00 +0.000000E+00
 +0.148320E+01 -0.100440E+03 -0.250888E+03 -0.102014E+03 -0.116458E+03 +0.896901E+02 +0.000000E+00 +0.000000E+00 -0.255418E-02 +0.274429E-03 +0.000000E+00 +0.340822E-02 +0.000000E+00 +0.000000E+00
 +0.148320E+01 -0.100450E+03 -0.249713E+03 -0.102437E+03 -0.116210E+03 +0.895516E+02 +0.000000E+00 +0.000000E+00 -0.253657E-02 +0.261676E-03 +0.000000E+00 +0.340296E-02 +0.000000E+00 +0.000000E+00
 +0.148320E+01 -0.100460E+03 -0.248553E+03 -0.102851E+03 -0.115963E+03 +0.894110E+02 +0.000000E+00 +0.000000E+00 -0.251920E-02 +0.249128E-03 +0.000000E+00 +0.339762E-02 +0.000000E+00 +0.000000E+00
 +0.148320E+01 -0.100470E+03 -0.247425E+03 -0.103246E+03 -0.115721E+03 +0.892657E+02 +0.000000E+00 +0.000000E+00 -0.250237E-02 +0.237034E-03 +0.000000E+00 +0.339210E-02 +0.000000E+00 +0.000000E+00
 +0.148320E+01 -0.100480E+03 -0.246311E+03 -0.103632E+03 -0.115481E+03 +0.891185E+02 +0.000000E+00 +0.000000E+00 -0.248577E-02 +0.225133E-03 +0.000000E+00 +0.338650E-02 +0.000000E+00 +0.000000E+00
 +0.148320E+01 -0.100490E+03 -0.245226E+03 -0.104001E+03 -0.115245E+03 +0.889675E+02 +0.000000E+00 +0.000000E+00 -0.246964E-02 +0.213634E-03 +0.000000E+00 +0.338076E-02 +0.000000E+00 +0.000000E+00
 +0.148320E+01 -0.100500E+03 -0.244155E+03 -0.104362E+03 -0.115011E+03 +0.888147E+02 +0.000000E+00 +0.000000E+00 -0.245374E-02 +0.202317E-03 +0.000000E+00 +0.337496E-02 +0.000000E+00 +0.000000E+00
 +0.148320E+01 -0.100510E+03 -0.243109E+03 -0.104709E+03 -0.114780E+03 +0.886587E+02 +0.000000E+00 +0.000000E+00 -0.243826E-02 +0.191355E-03 +0.000000E+00 +0.336903E-02 +0.000000E+00 +0.000000E+00
 +0.148320E+01 -0.100520E+03 -0.242076E+03 -0.105047E+03 -0.114551E+03 +0.885011E+02 +0.000000E+00 +0.000000E+00 -0.242298E-02 +0.180566E-03 +0.000000E+00 +0.336304E-02 +0.000000E+00 +0.000000E+00
 +0.148320E+01 -0.100530E+03 -0.241066E+03 -0.105373E+03 -0.114325E+03 +0.883407E+02 +0.000000E+00 +0.000000E+00 -0.240809E-02 +0.170093E-03 +0.000000E+00 +0.335695E-02 +0.000000E+00 +0.000000E+00
 +0.148320E+01 -0.100540E+03 -0.240068E+03 -0.105691E+03 -0.114100E+03 +0.881789E+02 +0.000000E+00 +0.000000E+00 -0.239339E-02 +0.159783E-03 +0.000000E+00 +0.335080E-02 +0.000000E+00 +0.000000E+00
 +0.148320E+01 -0.100550E+03 -0.239091E+03 -0.105997E+03 -0.113879E+03 +0.880147E+02 +0.000000E+00 +0.000000E+00 -0.237902E-02 +0.149756E-03 +0.000000E+00 +0.334456E-02 +0.000000E+00 +0.000000E+00
 +0.148320E+01 -0.100560E+03 -0.238125E+03 -0.106297E+03 -0.113659E+03 +0.878491E+02 +0.000000E+00 +0.000000E+00 -0.236485E-02 +0.139884E-03 +0.000000E+00 +0.333826E-02 +0.000000E+00 +0.000000E+00
 +0.148320E+01 -0.100570E+03 -0.237177E+03 -0.106586E+03 -0.113442E+03 +0.876813E+02 +0.000000E+00 +0.000000E+00 -0.235098E-02 +0.130266E-03 +0.000000E+00 +0.333189E-02 +0.000000E+00 +0.000000E+00
 +0.148320E+01 -0.100580E+03 -0.236241E+03 -0.106868E+03 -0.113226E+03 +0.875122E+02 +0.000000E+00 +0.000000E+00 -0.233728E-02 +0.120795E-03 +0.000000E+00 +0.332546E-02 +0.000000E+00 +0.000000E+00
 +0.148320E+01 -0.100590E+03 -0.235321E+03 -0.107141E+03 -0.113013E+03 +0.873411E+02 +0.000000E+00 +0.000000E+00 -0.232386E-02 +0.111553E-03 +0.000000E+00 +0.331896E-02 +0.000000E+00 +0.000000E+00
 +0.148320E+01 -0.100600E+03 -0.234411E+03 -0.107408E+03 -0.112800E+03 +0.871688E+02 +0.000000E+00 +0.000000E+00 -0.231061E-02 +0.102451E-03 +0.000000E+00 +0.331242E-02 +0.000000E+00 +0.000000E+00
 +0.148320E+01 -0.100610E+03 -0.233517E+03 -0.107666E+03 -0.112590E+03 +0.869947E+02 +0.000000E+00 +0.000000E+00 -0.229760E-02 +0.935561E-04 +0.000000E+00 +0.330580E-02 +0.000000E+00 +0.000000E+00
 +0.148320E+01 -0.100620E+03 -0.232632E+03 -0.107919E+03 -0.112382E+03 +0.868193E+02 +0.000000E+00 +0.000000E+00 -0.228476E-02 +0.847963E-04 +0.000000E+00 +0.329913E-02 +0.000000E+00 +0.000000E+00
 +0.148320E+01 -0.100630E+03 -0.231761E+03 -0.108163E+03 -0.112175E+03 +0.866423E+02 +0.000000E+00 +0.000000E+00 -0.227214E-02 +0.762231E-04 +0.000000E+00 +0.329241E-02 +0.000000E+00 +0.000000E+00
 +0.148320E+01 -0.100640E+03 -0.230900E+03 -0.108402E+03 -0.111970E+03 +0.864640E+02 +0.000000E+00 +0.000000E+00 -0.225967E-02 +0.677803E-04 +0.000000E+00 +0.328563E-02 +0.000000E+00 +0.000000E+00
 +0.148320E+01 -0.100650E+03 -0.230051E+03 -0.108634E+03 -0.111766E+03 +0.862842E+02 +0.000000E+00 +0.000000E+00 -0.224741E-02 +0.595073E-04 +0.000000E+00 +0.327880E-02 +0.000000E+00 +0.000000E+00
 +0.148320E+01 -0.100660E+03 -0.229211E+03 -0.108860E+03 -0.111564E+03 +0.861031E+02 +0.000000E+00 +0.000000E+00 -0.223530E-02 +0.513599E-04 +0.000000E+00 +0.327192E-02 +0.000000E+00 +0.000000E+00
 +0.148320E+01 -0.100670E+03 -0.228383E+03 -0.109080E+03 -0.111363E+03 +0.859205E+02 +0.000000E+00 +0.000000E+00 -0.222338E-02 +0.433674E-04 +0.000000E+00 +0.326498E-02 +0.000000E+00 +0.000000E+00
 +0.148320E+01 -0.100680E+03 -0.227563E+03 -0.109295E+03 -0.111163E+03 +0.857367E+02 +0.000000E+00 +0.000000E+00 -0.221160E-02 +0.354966E-04 +0.000000E+00 +0.325799E-02 +0.000000E+00 +0.000000E+00
 +0.148320E+01 -0.100690E+03 -0.226754E+03 -0.109503E+03 -0.110965E+03 +0.855514E+02 +0.000000E+00 +0.000000E+00 -0.219999E-02 +0.277675E-04 +0.000000E+00 +0.325096E-02 +0.000000E+00 +0.000000E+00
 +0.148320E+01 -0.100700E+03 -0.225953E+03 -0.109707E+03 -0.110768E+03 +0.853650E+02 +0.000000E+00 +0.000000E+00 -0.218852E-02 +0.201564E-04 +0.000000E+00 +0.324387E-02 +0.000000E+00 +0.000000E+00
 +0.148320E+01 -0.100710E+03 -0.225162E+03 -0.109905E+03 -0.110572E+03 +0.851772E+02 +0.000000E+00 +0.000000E+00 -0.217720E-02 +0.126755E-04 +0.000000E+00 +0.323673E-02 +0.000000E+00 +0.000000E+00
 +0.148320E+01 -0.100720E+03 -0.224379E+03 -0.110098E+03 -0.110377E+03 +0.849881E+02 +0.000000E+00 +0.000000E+00 -0.216603E-02 +0.530934E-05 +0.000000E+00 +0.322955E-02 +0.000000E+00 +0.000000E+00
 +0.148320E+01 -0.100730E+03 -0.223604E+03 -0.110286E+03 -0.110184E+03 +0.847977E+02 +0.000000E+00 +0.000000E+00 -0.215499E-02 -0.193688E-05 +0.000000E+00 +0.322231E-02 +0.000000E+00 +0.000000E+00
 +0.148320E+01 -0.100740E+03 -0.222838E+03 -0.110469E+03 -0.109991E+03 +0.846061E+02 +0.000000E+00 +0.000000E+00 -0.214409E-02 -0.907131E-05 +0.000000E+00 +0.321503E-02 +0.000000E+00 +0.000000E+00
 +0.148320E+01 -0.100750E+03 -0.222080E+03 -0.110647E+03 -0.109800E+03 +0.844132E+02 +0.000000E+00 +0.000000E+00 -0.213332E-02 -0.160949E-04 +0.000000E+00 +0.320770E-02 +0.000000E+00 +0.000000E+00
 +0.148320E+01 -0.100760E+03 -0.221330E+03 -0.110821E+03 -0.109610E+03 +0.842191E+02 +0.000000E+00 +0.000000E+00 -0.212268E-02 -0.230093E-04 +0.000000E+00 +0.320033E-02 +0.000000E+00 +0.000000E+00
 +0.148320E+01 -0.100770E+03 -0.220587E+03 -0.110990E+03 -0.109420E+03 +0.840238E+02 +0.000000E+00 +0.000000E+00 -0.211216E-02 -0.298212E-04 +0.000000E+00 +0.319290E-02 +0.000000E+00 +0.000000E+00
 +0.148320E+01 -0.100780E+03 -0.219851E+03 -0.111154E+03 -0.109232E+03 +0.838272E+02 +0.000000E+00 +0.000000E+00 -0.210177E-02 -0.365260E-04 +0.000000E+00 +0.318543E-02 +0.000000E+00 +0.000000E+00
 +0.148320E+01 -0.100790E+03 -0.219123E+03 -0.111315E+03 -0.109044E+03 +0.836295E+02 +0.000000E+00 +0.000000E+00 -0.209149E-02 -0.431357E-04 +0.000000E+00 +0.317792E-02 +0.000000E+00 +0.000000E+00
 +0.148320E+01 -0.100800E+03 -0.218402E+03 -0.111471E+03 -0.108858E+03 +0.834305E+02 +0.000000E+00 +0.000000E+00 -0.208134E-02 -0.496404E-04 +0.000000E+00 +0.317036E-02 +0.000000E+00 +0.000000E+00
 +0.148320E+01 -0.100810E+03 -0.217687E+03 -0.111623E+03 -0.108672E+03 +0.832304E+02 +0.000000E+00 +0.000000E+00 -0.207129E-02 -0.560567E-04 +0.000000E+00 +0.316276E-02 +0.000000E+00 +0.000000E+00
 +0.148320E+01 -0.100820E+03 -0.216980E+03 -0.111770E+03 -0.108488E+03 +0.830290E+02 +0.000000E+00 +0.000000E+00 -0.206136E-02 -0.623697E-04 +0.000000E+00 +0.315510E-02 +0.000000E+00 +0.000000E+00
 +0.148320E+01 -0.100830E+03 -0.216279E+03 -0.111914E+03 -0.108304E+03 +0.828266E+02 +0.000000E+00 +0.000000E+00 -0.205153E-02 -0.686004E-04 +0.000000E+00 +0.314741E-02 +0.000000E+00 +0.000000E+00
 +0.148320E+01 -0.100840E+03 -0.215585E+03 -0.112054E+03 -0.108121E+03 +0.826230E+02 +0.000000E+00 +0.000000E+00 -0.204182E-02 -0.747294E-04 +0.000000E+00 +0.313967E-02 +0.000000E+00 +0.000000E+00
 +0.148320E+01 -0.100850E+03 -0.214896E+03 -0.112190E+03 -0.107938E+03 +0.824183E+02 +0.000000E+00 +0.000000E+00 -0.203220E-02 -0.807816E-04 +0.000000E+00 +0.313190E-02 +0.000000E+00 +0.000000E+00
 +0.148320E+01 -0.100860E+03 -0.214215E+03 -0.112322E+03 -0.107757E+03 +0.822124E+02 +0.000000E+00 +0.000000E+00 -0.202269E-02 -0.867335E-04 +0.000000E+00 +0.312407E-02 +0.000000E+00 +0.000000E+00
 +0.148320E+01 -0.100870E+03 -0.213538E+03 -0.112451E+03 -0.107576E+03 +0.820055E+02 +0.000000E+00 +0.000000E+00 -0.201328E-02 -0.926137E-04 +0.000000E+00 +0.311621E-02 +0.000000E+00 +0.000000E+00
 +0.148320E+01 -0.100880E+03 -0.212869E+03 -0.112575E+03 -0.107397E+03 +0.817974E+02 +0.000000E+00 +0.000000E+00 -0.200397E-02 -0.983948E-04 +0.000000E+00 +0.310830E-02 +0.000000E+00 +0.000000E+00
 +0.148320E+01 -0.100890E+03 -0.212204E+03 -0.112697E+03 -0.107217E+03 +0.815884E+02 +0.000000E+00 +0.000000E+00 -0.199475E-02 -0.104109E-03 +0.000000E+00 +0.310036E-02 +0.000000E+00 +0.000000E+00
 +0.148320E+01 -0.100900E+03 -0.211547E+03 -0.112814E+03 -0.107039E+03 +0.813781E+02 +0.000000E+00 +0.000000E+00 -0.198565E-02 -0.109725E-03 +0.000000E+00 +0.309237E-02 +0.000000E+00 +0.000000E+00
 +0.148320E+01 -0.100910E+03 -0.210894E+03 -0.112929E+03 -0.106861E+03 +0.811670E+02 +0.000000E+00 +0.000000E+00 -0.197661E-02 -0.115279E-03 +0.000000E+00 +0.308435E-02 +0.000000E+00 +0.000000E+00
 +0.148320E+01 -0.100920E+03 -0.210247E+03 -0.113039E+03 -0.106684E+03 +0.809547E+02 +0.000000E+00 +0.000000E+00 -0.196769E-02 -0.120735E-03 +0.000000E+00 +0.307628E-02 +0.000000E+00 +0.000000E+00
 +0.148320E+01 -0.100930E+03 -0.209605E+03 -0.113147E+03 -0.106508E+03 +0.807416E+02 +0.000000E+00 +0.000000E+00 -0.195884E-02 -0.126133E-03 +0.000000E+00 +0.306818E-02 +0.000000E+00 +0.000000E+00
 +0.148320E+01 -0.100940E+03 -0.208970E+03 -0.113250E+03 -0.106333E+03 +0.805272E+02 +0.000000E+00 +0.000000E+00 -0.195011E-02 -0.131434E-03 +0.000000E+00 +0.306003E-02 +0.000000E+00 +0.000000E+00
 +0.148320E+01 -0.100950E+03 -0.208338E+03 -0.113351E+03 -0.106158E+03 +0.803122E+02 +0.000000E+00 +0.000000E+00 -0.194143E-02 -0.136681E-03 +0.000000E+00 +0.305186E-02 +0.000000E+00 +0.000000E+00
 +0.148320E+01 -0.100960E+03 -0.207714E+03 -0.113448E+03 -0.105983E+03 +0.800959E+02 +0.000000E+00 +0.000000E+00 -0.193287E-02 -0.141832E-03 +0.000000E+00 +0.304364E-02 +0.000000E+00 +0.000000E+00
 +0.148320E+01 -0.100970E+03 -0.207092E+03 -0.113543E+03 -0.105810E+03 +0.798789E+02 +0.000000E+00 +0.000000E+00 -0.192437E-02 -0.146932E-03 +0.000000E+00 +0.303540E-02 +0.000000E+00 +0.000000E+00
 +0.148320E+01 -0.100980E+03 -0.206478E+03 -0.113633E+03 -0.105637E+03 +0.796607E+02 +0.000000E+00 +0.000000E+00 -0.191598E-02 -0.151937E-03 +0.000000E+00 +0.302711E-02 +0.000000E+00 +0.000000E+00
 +0.148320E+01 -0.100990E+03 -0.205867E+03 -0.113722E+03 -0.105464E+03 +0.794419E+02 +0.000000E+00 +0.000000E+00 -0.190765E-02 -0.156894E-03 +0.000000E+00 +0.301879E-02 +0.000000E+00 +0.000000E+00
 +0.148320E+01 -0.101000E+03 -0.205263E+03 -0.113806E+03 -0.105293E+03 +0.792220E+02 +0.000000E+00 +0.000000E+00 -0.189943E-02 -0.161756E-03 +0.000000E+00 +0.301044E-02 +0.000000E+00 +0.000000E+00
 +0.148320E+01 -0.101010E+03 -0.204662E+03 -0.113889E+03 -0.105122E+03 +0.790015E+02 +0.000000E+00 +0.000000E+00 -0.189126E-02 -0.166574E-03 +0.000000E+00 +0.300206E-02 +0.000000E+00 +0.000000E+00
 +0.148320E+01 -0.101020E+03 -0.204067E+03 -0.113967E+03 -0.104951E+03 +0.787798E+02 +0.000000E+00 +0.000000E+00 -0.188320E-02 -0.171298E-03 +0.000000E+00 +0.299363E-02 +0.000000E+00 +0.000000E+00
 +0.148320E+01 -0.101030E+03 -0.203475E+03 -0.114043E+03 -0.104781E+03 +0.785576E+02 +0.000000E+00 +0.000000E+00 -0.187519E-02 -0.175980E-03 +0.000000E+00 +0.298519E-02 +0.000000E+00 +0.000000E+00
 +0.148320E+01 -0.101040E+03 -0.202890E+03 -0.114116E+03 -0.104612E+03 +0.783342E+02 +0.000000E+00 +0.000000E+00 -0.186729E-02 -0.180569E-03 +0.000000E+00 +0.297670E-02 +0.000000E+00 +0.000000E+00
 +0.148320E+01 -0.101050E+03 -0.202308E+03 -0.114186E+03 -0.104443E+03 +0.781104E+02 +0.000000E+00 +0.000000E+00 -0.185944E-02 -0.185119E-03 +0.000000E+00 +0.296820E-02 +0.000000E+00 +0.000000E+00
 +0.148320E+01 -0.101060E+03 -0.201733E+03 -0.114253E+03 -0.104275E+03 +0.778855E+02 +0.000000E+00 +0.000000E+00 -0.185169E-02 -0.189576E-03 +0.000000E+00 +0.295965E-02 +0.000000E+00 +0.000000E+00
 +0.148320E+01 -0.101070E+03 -0.201160E+03 -0.114318E+03 -0.104108E+03 +0.776602E+02 +0.000000E+00 +0.000000E+00 -0.184399E-02 -0.193996E-03 +0.000000E+00 +0.295109E-02 +0.000000E+00 +0.000000E+00
 +0.148320E+01 -0.101080E+03 -0.200593E+03 -0.114379E+03 -0.103941E+03 +0.774339E+02 +0.000000E+00 +0.000000E+00 -0.183640E-02 -0.198324E-03 +0.000000E+00 +0.294249E-02 +0.000000E+00 +0.000000E+00
 +0.148320E+01 -0.101090E+03 -0.200029E+03 -0.114438E+03 -0.103774E+03 +0.772071E+02 +0.000000E+00 +0.000000E+00 -0.182884E-02 -0.202618E-03 +0.000000E+00 +0.293387E-02 +0.000000E+00 +0.000000E+00
 +0.148320E+01 -0.101100E+03 -0.199472E+03 -0.114494E+03 -0.103609E+03 +0.769793E+02 +0.000000E+00 +0.000000E+00 -0.182140E-02 -0.206820E-03 +0.000000E+00 +0.292521E-02 +0.000000E+00 +0.000000E+00
 +0.148320E+01 -0.101110E+03 -0.198916E+03 -0.114548E+03 -0.103443E+03 +0.767512E+02 +0.000000E+00 +0.000000E+00 -0.181399E-02 -0.210991E-03 +0.000000E+00 +0.291654E-02 +0.000000E+00 +0.000000E+00
 +0.148320E+01 -0.101120E+03 -0.198368E+03 -0.114598E+03 -0.103279E+03 +0.765221E+02 +0.000000E+00 +0.000000E+00 -0.180669E-02 -0.215070E-03 +0.000000E+00 +0.290784E-02 +0.000000E+00 +0.000000E+00
 +0.148320E+01 -0.101130E+03 -0.197821E+03 -0.114647E+03 -0.103114E+03 +0.762927E+02 +0.000000E+00 +0.000000E+00 -0.179942E-02 -0.219120E-03 +0.000000E+00 +0.289912E-02 +0.000000E+00 +0.000000E+00
 +0.148320E+01 -0.101140E+03 -0.197281E+03 -0.114692E+03 -0.102951E+03 +0.760623E+02 +0.000000E+00 +0.000000E+00 -0.179226E-02 -0.223078E-03 +0.000000E+00 +0.289037E-02 +0.000000E+00 +0.000000E+00
 +0.148320E+01 -0.101150E+03 -0.196742E+03 -0.114736E+03 -0.102788E+03 +0.758317E+02 +0.000000E+00 +0.000000E+00 -0.178514E-02 -0.227009E-03 +0.000000E+00 +0.288160E-02 +0.000000E+00 +0.000000E+00
 +0.148320E+01 -0.101160E+03 -0.196211E+03 -0.114775E+03 -0.102625E+03 +0.756002E+02 +0.000000E+00 +0.000000E+00 -0.177812E-02 -0.230849E-03 +0.000000E+00 +0.287281E-02 +0.000000E+00 +0.000000E+00
 +0.148320E+01 -0.101170E+03 -0.195681E+03 -0.114814E+03 -0.102463E+03 +0.753684E+02 +0.000000E+00 +0.000000E+00 -0.177113E-02 -0.234665E-03 +0.000000E+00 +0.286400E-02 +0.000000E+00 +0.000000E+00
 +0.148320E+01 -0.101180E+03 -0.195157E+03 -0.114849E+03 -0.102302E+03 +0.751358E+02 +0.000000E+00 +0.000000E+00 -0.176425E-02 -0.238389E-03 +0.000000E+00 +0.285516E-02 +0.000000E+00 +0.000000E+00
 +0.148320E+01 -0.101190E+03 -0.194636E+03 -0.114883E+03 -0.102141E+03 +0.749030E+02 +0.000000E+00 +0.000000E+00 -0.175740E-02 -0.242091E-03 +0.000000E+00 +0.284632E-02 +0.000000E+00 +0.000000E+00
 +0.148320E+01 -0.101200E+03 -0.194120E+03 -0.114913E+03 -0.101981E+03 +0.746694E+02 +0.000000E+00 +0.000000E+00 -0.175065E-02 -0.245703E-03 +0.000000E+00 +0.283744E-02 +0.000000E+00 +0.000000E+00
 +0.148320E+01 -0.101210E+03 -0.193606E+03 -0.114942E+03 -0.101821E+03 +0.744357E+02 +0.000000E+00 +0.000000E+00 -0.174393E-02 -0.249294E-03 +0.000000E+00 +0.282856E-02 +0.000000E+00 +0.000000E+00
 +0.148320E+01 -0.101220E+03 -0.193099E+03 -0.114967E+03 -0.101662E+03 +0.742012E+02 +0.000000E+00 +0.000000E+00 -0.173731E-02 -0.252794E-03 +0.000000E+00 +0.281964E-02 +0.000000E+00 +0.000000E+00
 +0.148320E+01 -0.101230E+03 -0.192593E+03 -0.114991E+03 -0.101503E+03 +0.739665E+02 +0.000000E+00 +0.000000E+00 -0.173072E-02 -0.256276E-03 +0.000000E+00 +0.281073E-02 +0.000000E+00 +0.000000E+00
 +0.148320E+01 -0.101240E+03 -0.192094E+03 -0.115011E+03 -0.101345E+03 +0.737311E+02 +0.000000E+00 +0.000000E+00 -0.172423E-02 -0.259667E-03 +0.000000E+00 +0.280178E-02 +0.000000E+00 +0.000000E+00
 +0.148320E+01 -0.101250E+03 -0.191596E+03 -0.115031E+03 -0.101187E+03 +0.734957E+02 +0.000000E+00 +0.000000E+00 -0.171777E-02 -0.263042E-03 +0.000000E+00 +0.279284E-02 +0.000000E+00 +0.000000E+00
 +0.148320E+01 -0.101260E+03 -0.191104E+03 -0.115047E+03 -0.101030E+03 +0.732595E+02 +0.000000E+00 +0.000000E+00 -0.171141E-02 -0.266327E-03 +0.000000E+00 +0.278386E-02 +0.000000E+00 +0.000000E+00
 +0.148320E+01 -0.101270E+03 -0.190613E+03 -0.115062E+03 -0.100873E+03 +0.730233E+02 +0.000000E+00 +0.000000E+00 -0.170507E-02 -0.269597E-03 +0.000000E+00 +0.277489E-02 +0.000000E+00 +0.000000E+00
 +0.148320E+01 -0.101280E+03 -0.190129E+03 -0.115074E+03 -0.100717E+03 +0.727865E+02 +0.000000E+00 +0.000000E+00 -0.169883E-02 -0.272778E-03 +0.000000E+00 +0.276589E-02 +0.000000E+00 +0.000000E+00
 +0.148320E+01 -0.101290E+03 -0.189646E+03 -0.115085E+03 -0.100561E+03 +0.725496E+02 +0.000000E+00 +0.000000E+00 -0.169262E-02 -0.275945E-03 +0.000000E+00 +0.275689E-02 +0.000000E+00 +0.000000E+00
 +0.148320E+01 -0.101300E+03 -0.189170E+03 -0.115092E+03 -0.100406E+03 +0.723122E+02 +0.000000E+00 +0.000000E+00 -0.168650E-02 -0.279023E-03 +0.000000E+00 +0.274786E-02 +0.000000E+00 +0.000000E+00
 +0.148320E+01 -0.101310E+03 -0.188694E+03 -0.115098E+03 -0.100251E+03 +0.720748E+02 +0.000000E+00 +0.000000E+00 -0.168041E-02 -0.282090E-03 +0.000000E+00 +0.273884E-02 +0.000000E+00 +0.000000E+00
 +0.148320E+01 -0.101320E+03 -0.188225E+03 -0.115101E+03 -0.100098E+03 +0.718368E+02 +0.000000E+00 +0.000000E+00 -0.167442E-02 -0.285067E-03 +0.000000E+00 +0.272980E-02 +0.000000E+00 +0.000000E+00
 +0.148320E+01 -0.101330E+03 -0.187756E+03 -0.115103E+03 -0.999438E+02 +0.715988E+02 +0.000000E+00 +0.000000E+00 -0.166844E-02 -0.288035E-03 +0.000000E+00 +0.272076E-02 +0.000000E+00 +0.000000E+00
 +0.148320E+01 -0.101340E+03 -0.187294E+03 -0.115102E+03 -0.997909E+02 +0.713604E+02 +0.000000E+00 +0.000000E+00 -0.166257E-02 -0.290914E-03 +0.000000E+00 +0.271170E-02 +0.000000E+00 +0.000000E+00
 +0.148320E+01 -0.101350E+03 -0.186833E+03 -0.115100E+03 -0.996381E+02 +0.711220E+02 +0.000000E+00 +0.000000E+00 -0.165671E-02 -0.293784E-03 +0.000000E+00 +0.270264E-02 +0.000000E+00 +0.000000E+00
 +0.148320E+01 -0.101360E+03 -0.186379E+03 -0.115095E+03 -0.994863E+02 +0.708832E+02 +0.000000E+00 +0.000000E+00 -0.165095E-02 -0.296567E-03 +0.000000E+00 +0.269356E-02 +0.000000E+00 +0.000000E+00
 +0.148320E+01 -0.101370E+03 -0.185924E+03 -0.115089E+03 -0.993345E+02 +0.706444E+02 +0.000000E+00 +0.000000E+00 -0.164521E-02 -0.299342E-03 +0.000000E+00 +0.268449E-02 +0.000000E+00 +0.000000E+00
 +0.148320E+01 -0.101380E+03 -0.185477E+03 -0.115080E+03 -0.991837E+02 +0.704053E+02 +0.000000E+00 +0.000000E+00 -0.163957E-02 -0.302029E-03 +0.000000E+00 +0.267540E-02 +0.000000E+00 +0.000000E+00
 +0.148320E+01 -0.101390E+03 -0.185029E+03 -0.115070E+03 -0.990329E+02 +0.701662E+02 +0.000000E+00 +0.000000E+00 -0.163393E-02 -0.304711E-03 +0.000000E+00 +0.266632E-02 +0.000000E+00 +0.000000E+00
 +0.148320E+01 -0.101400E+03 -0.184589E+03 -0.115057E+03 -0.988831E+02 +0.699269E+02 +0.000000E+00 +0.000000E+00 -0.162841E-02 -0.307306E-03 +0.000000E+00 +0.265722E-02 +0.000000E+00 +0.000000E+00
 +0.148320E+01 -0.101410E+03 -0.184148E+03 -0.115044E+03 -0.987334E+02 +0.696875E+02 +0.000000E+00 +0.000000E+00 -0.162289E-02 -0.309896E-03 +0.000000E+00 +0.264813E-02 +0.000000E+00 +0.000000E+00
 +0.148320E+01 -0.101420E+03 -0.183715E+03 -0.115027E+03 -0.985846E+02 +0.694480E+02 +0.000000E+00 +0.000000E+00 -0.161747E-02 -0.312399E-03 +0.000000E+00 +0.263902E-02 +0.000000E+00 +0.000000E+00
 +0.148320E+01 -0.101430E+03 -0.183281E+03 -0.115009E+03 -0.984359E+02 +0.692085E+02 +0.000000E+00 +0.000000E+00 -0.161206E-02 -0.314899E-03 +0.000000E+00 +0.262992E-02 +0.000000E+00 +0.000000E+00
 +0.148320E+01 -0.101440E+03 -0.182854E+03 -0.114989E+03 -0.982881E+02 +0.689689E+02 +0.000000E+00 +0.000000E+00 -0.160675E-02 -0.317313E-03 +0.000000E+00 +0.262082E-02 +0.000000E+00 +0.000000E+00
 +0.148320E+01 -0.101450E+03 -0.182427E+03 -0.114968E+03 -0.981403E+02 +0.687293E+02 +0.000000E+00 +0.000000E+00 -0.160145E-02 -0.319725E-03 +0.000000E+00 +0.261171E-02 +0.000000E+00 +0.000000E+00
 +0.148320E+01 -0.101460E+03 -0.182007E+03 -0.114944E+03 -0.979936E+02 +0.684896E+02 +0.000000E+00 +0.000000E+00 -0.159625E-02 -0.322051E-03 +0.000000E+00 +0.260260E-02 +0.000000E+00 +0.000000E+00
 +0.148320E+01 -0.101470E+03 -0.181586E+03 -0.114919E+03 -0.978468E+02 +0.682499E+02 +0.000000E+00 +0.000000E+00 -0.159105E-02 -0.324376E-03 +0.000000E+00 +0.259350E-02 +0.000000E+00 +0.000000E+00
 +0.148320E+01 -0.101480E+03 -0.181172E+03 -0.114891E+03 -0.977011E+02 +0.680103E+02 +0.000000E+00 +0.000000E+00 -0.158596E-02 -0.326617E-03 +0.000000E+00 +0.258439E-02 +0.000000E+00 +0.000000E+00
 +0.148320E+01 -0.101490E+03 -0.180759E+03 -0.114864E+03 -0.975553E+02 +0.677707E+02 +0.000000E+00 +0.000000E+00 -0.158086E-02 -0.328856E-03 +0.000000E+00 +0.257529E-02 +0.000000E+00 +0.000000E+00
 +0.148320E+01 -0.101500E+03 -0.180351E+03 -0.114832E+03 -0.974105E+02 +0.675311E+02 +0.000000E+00 +0.000000E+00 -0.157587E-02 -0.331013E-03 +0.000000E+00 +0.256618E-02 +0.000000E+00 +0.000000E+00
 +0.148320E+01 -0.101510E+03 -0.179944E+03 -0.114801E+03 -0.972658E+02 +0.672916E+02 +0.000000E+00 +0.000000E+00 -0.157088E-02 -0.333168E-03 +0.000000E+00 +0.255708E-02 +0.000000E+00 +0.000000E+00
 +0.148320E+01 -0.101520E+03 -0.179543E+03 -0.114766E+03 -0.971220E+02 +0.670522E+02 +0.000000E+00 +0.000000E+00 -0.156599E-02 -0.335243E-03 +0.000000E+00 +0.254798E-02 +0.000000E+00 +0.000000E+00
 +0.148320E+01 -0.101530E+03 -0.179142E+03 -0.114732E+03 -0.969783E+02 +0.668128E+02 +0.000000E+00 +0.000000E+00 -0.156111E-02 -0.337315E-03 +0.000000E+00 +0.253889E-02 +0.000000E+00 +0.000000E+00
 +0.148320E+01 -0.101540E+03 -0.178747E+03 -0.114694E+03 -0.968355E+02 +0.665736E+02 +0.000000E+00 +0.000000E+00 -0.155632E-02 -0.339311E-03 +0.000000E+00 +0.252980E-02 +0.000000E+00 +0.000000E+00
 +0.148320E+01 -0.101550E+03 -0.178352E+03 -0.114656E+03 -0.966927E+02 +0.663344E+02 +0.000000E+00 +0.000000E+00 -0.155153E-02 -0.341301E-03 +0.000000E+00 +0.252071E-02 +0.000000E+00 +0.000000E+00
 +0.148320E+01 -0.101560E+03 -0.177964E+03 -0.114615E+03 -0.965509E+02 +0.660954E+02 +0.000000E+00 +0.000000E+00 -0.154684E-02 -0.343218E-03 +0.000000E+00 +0.251163E-02 +0.000000E+00 +0.000000E+00
 +0.148320E+01 -0.101570E+03 -0.177575E+03 -0.114574E+03 -0.964092E+02 +0.658565E+02 +0.000000E+00 +0.000000E+00 -0.154215E-02 -0.345130E-03 +0.000000E+00 +0.250255E-02 +0.000000E+00 +0.000000E+00
 +0.148320E+01 -0.101580E+03 -0.177192E+03 -0.114530E+03 -0.962684E+02 +0.656178E+02 +0.000000E+00 +0.000000E+00 -0.153756E-02 -0.346969E-03 +0.000000E+00 +0.249348E-02 +0.000000E+00 +0.000000E+00
 +0.148320E+01 -0.101590E+03 -0.176810E+03 -0.114486E+03 -0.961276E+02 +0.653792E+02 +0.000000E+00 +0.000000E+00 -0.153297E-02 -0.348803E-03 +0.000000E+00 +0.248441E-02 +0.000000E+00 +0.000000E+00
 +0.148320E+01 -0.101600E+03 -0.176433E+03 -0.114439E+03 -0.959878E+02 +0.651410E+02 +0.000000E+00 +0.000000E+00 -0.152847E-02 -0.350567E-03 +0.000000E+00 +0.247536E-02 +0.000000E+00 +0.000000E+00
 +0.148320E+01 -0.101610E+03 -0.176057E+03 -0.114391E+03 -0.958480E+02 +0.649027E+02 +0.000000E+00 +0.000000E+00 -0.152397E-02 -0.352324E-03 +0.000000E+00 +0.246630E-02 +0.000000E+00 +0.000000E+00
 +0.148320E+01 -0.101620E+03 -0.175686E+03 -0.114341E+03 -0.957091E+02 +0.646649E+02 +0.000000E+00 +0.000000E+00 -0.151956E-02 -0.354014E-03 +0.000000E+00 +0.245726E-02 +0.000000E+00 +0.000000E+00
 +0.148320E+01 -0.101630E+03 -0.175316E+03 -0.114291E+03 -0.955704E+02 +0.644271E+02 +0.000000E+00 +0.000000E+00 -0.151517E-02 -0.355696E-03 +0.000000E+00 +0.244823E-02 +0.000000E+00 +0.000000E+00
 +0.148320E+01 -0.101640E+03 -0.174951E+03 -0.114238E+03 -0.954325E+02 +0.641897E+02 +0.000000E+00 +0.000000E+00 -0.151085E-02 -0.357314E-03 +0.000000E+00 +0.243921E-02 +0.000000E+00 +0.000000E+00
 +0.148320E+01 -0.101650E+03 -0.174586E+03 -0.114185E+03 -0.952947E+02 +0.639523E+02 +0.000000E+00 +0.000000E+00 -0.150654E-02 -0.358922E-03 +0.000000E+00 +0.243019E-02 +0.000000E+00 +0.000000E+00
 +0.148320E+01 -0.101660E+03 -0.174227E+03 -0.114130E+03 -0.951578E+02 +0.637154E+02 +0.000000E+00 +0.000000E+00 -0.150232E-02 -0.360469E-03 +0.000000E+00 +0.242119E-02 +0.000000E+00 +0.000000E+00
 +0.148320E+01 -0.101670E+03 -0.173868E+03 -0.114074E+03 -0.950210E+02 +0.634786E+02 +0.000000E+00 +0.000000E+00 -0.149810E-02 -0.362005E-03 +0.000000E+00 +0.241219E-02 +0.000000E+00 +0.000000E+00
 +0.148320E+01 -0.101680E+03 -0.173515E+03 -0.114016E+03 -0.948850E+02 +0.632423E+02 +0.000000E+00 +0.000000E+00 -0.149396E-02 -0.363482E-03 +0.000000E+00 +0.240321E-02 +0.000000E+00 +0.000000E+00
 +0.148320E+01 -0.101690E+03 -0.173162E+03 -0.113957E+03 -0.947492E+02 +0.630061E+02 +0.000000E+00 +0.000000E+00 -0.148984E-02 -0.364948E-03 +0.000000E+00 +0.239423E-02 +0.000000E+00 +0.000000E+00
 +0.148320E+01 -0.101700E+03 -0.172814E+03 -0.113896E+03 -0.946142E+02 +0.627704E+02 +0.000000E+00 +0.000000E+00 -0.148579E-02 -0.366356E-03 +0.000000E+00 +0.238527E-02 +0.000000E+00 +0.000000E+00
 +0.148320E+01 -0.101710E+03 -0.172466E+03 -0.113835E+03 -0.944794E+02 +0.625347E+02 +0.000000E+00 +0.000000E+00 -0.148175E-02 -0.367753E-03 +0.000000E+00 +0.237632E-02 +0.000000E+00 +0.000000E+00
 +0.148320E+01 -0.101720E+03 -0.172124E+03 -0.113771E+03 -0.943454E+02 +0.622997E+02 +0.000000E+00 +0.000000E+00 -0.147779E-02 -0.369095E-03 +0.000000E+00 +0.236739E-02 +0.000000E+00 +0.000000E+00
 +0.148320E+01 -0.101730E+03 -0.171782E+03 -0.113708E+03 -0.942116E+02 +0.620647E+02 +0.000000E+00 +0.000000E+00 -0.147384E-02 -0.370424E-03 +0.000000E+00 +0.235846E-02 +0.000000E+00 +0.000000E+00
 +0.148320E+01 -0.101740E+03 -0.171445E+03 -0.113642E+03 -0.940785E+02 +0.618303E+02 +0.000000E+00 +0.000000E+00 -0.146996E-02 -0.371700E-03 +0.000000E+00 +0.234955E-02 +0.000000E+00 +0.000000E+00
 +0.148320E+01 -0.101750E+03 -0.171108E+03 -0.113575E+03 -0.939456E+02 +0.615961E+02 +0.000000E+00 +0.000000E+00 -0.146609E-02 -0.372963E-03 +0.000000E+00 +0.234065E-02 +0.000000E+00 +0.000000E+00
 +0.148320E+01 -0.101760E+03 -0.170777E+03 -0.113507E+03 -0.938135E+02 +0.613624E+02 +0.000000E+00 +0.000000E+00 -0.146230E-02 -0.374175E-03 +0.000000E+00 +0.233177E-02 +0.000000E+00 +0.000000E+00
 +0.148320E+01 -0.101770E+03 -0.170446E+03 -0.113438E+03 -0.936816E+02 +0.611289E+02 +0.000000E+00 +0.000000E+00 -0.145852E-02 -0.375373E-03 +0.000000E+00 +0.232290E-02 +0.000000E+00 +0.000000E+00
 +0.148320E+01 -0.101780E+03 -0.170119E+03 -0.113367E+03 -0.935505E+02 +0.608960E+02 +0.000000E+00 +0.000000E+00 -0.145480E-02 -0.376521E-03 +0.000000E+00 +0.231405E-02 +0.000000E+00 +0.000000E+00
 +0.148320E+01 -0.101790E+03 -0.169793E+03 -0.113296E+03 -0.934196E+02 +0.606633E+02 +0.000000E+00 +0.000000E+00 -0.145110E-02 -0.377656E-03 +0.000000E+00 +0.230521E-02 +0.000000E+00 +0.000000E+00
 +0.148320E+01 -0.101800E+03 -0.169472E+03 -0.113223E+03 -0.932894E+02 +0.604313E+02 +0.000000E+00 +0.000000E+00 -0.144747E-02 -0.378743E-03 +0.000000E+00 +0.229639E-02 +0.000000E+00 +0.000000E+00
 +0.148320E+01 -0.101810E+03 -0.169152E+03 -0.113150E+03 -0.931594E+02 +0.601994E+02 +0.000000E+00 +0.000000E+00 -0.144385E-02 -0.379816E-03 +0.000000E+00 +0.228758E-02 +0.000000E+00 +0.000000E+00
 +0.148320E+01 -0.101820E+03 -0.168835E+03 -0.113075E+03 -0.930302E+02 +0.599681E+02 +0.000000E+00 +0.000000E+00 -0.144029E-02 -0.380842E-03 +0.000000E+00 +0.227879E-02 +0.000000E+00 +0.000000E+00
 +0.148320E+01 -0.101830E+03 -0.168520E+03 -0.112999E+03 -0.929012E+02 +0.597371E+02 +0.000000E+00 +0.000000E+00 -0.143676E-02 -0.381854E-03 +0.000000E+00 +0.227001E-02 +0.000000E+00 +0.000000E+00
 +0.148320E+01 -0.101840E+03 -0.168209E+03 -0.112921E+03 -0.927729E+02 +0.595067E+02 +0.000000E+00 +0.000000E+00 -0.143328E-02 -0.382821E-03 +0.000000E+00 +0.226126E-02 +0.000000E+00 +0.000000E+00
 +0.148320E+01 -0.101850E+03 -0.167899E+03 -0.112843E+03 -0.926449E+02 +0.592766E+02 +0.000000E+00 +0.000000E+00 -0.142982E-02 -0.383773E-03 +0.000000E+00 +0.225251E-02 +0.000000E+00 +0.000000E+00
 +0.148320E+01 -0.101860E+03 -0.167592E+03 -0.112764E+03 -0.925176E+02 +0.590472E+02 +0.000000E+00 +0.000000E+00 -0.142642E-02 -0.384683E-03 +0.000000E+00 +0.224379E-02 +0.000000E+00 +0.000000E+00
 +0.148320E+01 -0.101870E+03 -0.167287E+03 -0.112684E+03 -0.923905E+02 +0.588180E+02 +0.000000E+00 +0.000000E+00 -0.142304E-02 -0.385577E-03 +0.000000E+00 +0.223508E-02 +0.000000E+00 +0.000000E+00
 +0.148320E+01 -0.101880E+03 -0.166986E+03 -0.112603E+03 -0.922641E+02 +0.585894E+02 +0.000000E+00 +0.000000E+00 -0.141971E-02 -0.386430E-03 +0.000000E+00 +0.222640E-02 +0.000000E+00 +0.000000E+00
 +0.148320E+01 -0.101890E+03 -0.166686E+03 -0.112520E+03 -0.921380E+02 +0.583612E+02 +0.000000E+00 +0.000000E+00 -0.141640E-02 -0.387267E-03 +0.000000E+00 +0.221773E-02 +0.000000E+00 +0.000000E+00
 +0.148320E+01 -0.101900E+03 -0.166389E+03 -0.112437E+03 -0.920125E+02 +0.581337E+02 +0.000000E+00 +0.000000E+00 -0.141315E-02 -0.388064E-03 +0.000000E+00 +0.220908E-02 +0.000000E+00 +0.000000E+00
 +0.148320E+01 -0.101910E+03 -0.166094E+03 -0.112353E+03 -0.918874E+02 +0.579064E+02 +0.000000E+00 +0.000000E+00 -0.140992E-02 -0.388845E-03 +0.000000E+00 +0.220044E-02 +0.000000E+00 +0.000000E+00
 +0.148320E+01 -0.101920E+03 -0.165802E+03 -0.112267E+03 -0.917628E+02 +0.576799E+02 +0.000000E+00 +0.000000E+00 -0.140674E-02 -0.389588E-03 +0.000000E+00 +0.219184E-02 +0.000000E+00 +0.000000E+00
 +0.148320E+01 -0.101930E+03 -0.165511E+03 -0.112182E+03 -0.916386E+02 +0.574537E+02 +0.000000E+00 +0.000000E+00 -0.140358E-02 -0.390315E-03 +0.000000E+00 +0.218324E-02 +0.000000E+00 +0.000000E+00
 +0.148320E+01 -0.101940E+03 -0.165224E+03 -0.112094E+03 -0.915150E+02 +0.572282E+02 +0.000000E+00 +0.000000E+00 -0.140047E-02 -0.391005E-03 +0.000000E+00 +0.217467E-02 +0.000000E+00 +0.000000E+00
 +0.148320E+01 -0.101950E+03 -0.164938E+03 -0.112006E+03 -0.913918E+02 +0.570030E+02 +0.000000E+00 +0.000000E+00 -0.139738E-02 -0.391678E-03 +0.000000E+00 +0.216611E-02 +0.000000E+00 +0.000000E+00
 +0.148320E+01 -0.101960E+03 -0.164656E+03 -0.111917E+03 -0.912691E+02 +0.567785E+02 +0.000000E+00 +0.000000E+00 -0.139435E-02 -0.392317E-03 +0.000000E+00 +0.215758E-02 +0.000000E+00 +0.000000E+00
 +0.148320E+01 -0.101970E+03 -0.164375E+03 -0.111828E+03 -0.911468E+02 +0.565544E+02 +0.000000E+00 +0.000000E+00 -0.139133E-02 -0.392937E-03 +0.000000E+00 +0.214907E-02 +0.000000E+00 +0.000000E+00
 +0.148320E+01 -0.101980E+03 -0.164097E+03 -0.111737E+03 -0.910250E+02 +0.563310E+02 +0.000000E+00 +0.000000E+00 -0.138836E-02 -0.393525E-03 +0.000000E+00 +0.214058E-02 +0.000000E+00 +0.000000E+00
 +0.148320E+01 -0.101990E+03 -0.163820E+03 -0.111645E+03 -0.909036E+02 +0.561081E+02 +0.000000E+00 +0.000000E+00 -0.138541E-02 -0.394095E-03 +0.000000E+00 +0.213211E-02 +0.000000E+00 +0.000000E+00
 +0.148320E+01 -0.102000E+03 -0.163547E+03 -0.111553E+03 -0.907828E+02 +0.558858E+02 +0.000000E+00 +0.000000E+00 -0.138251E-02 -0.394633E-03 +0.000000E+00 +0.212366E-02 +0.000000E+00 +0.000000E+00
 +0.148320E+01 -0.102010E+03 -0.163275E+03 -0.111460E+03 -0.906624E+02 +0.556639E+02 +0.000000E+00 +0.000000E+00 -0.137963E-02 -0.395153E-03 +0.000000E+00 +0.211523E-02 +0.000000E+00 +0.000000E+00
 +0.148320E+01 -0.102020E+03 -0.163005E+03 -0.111366E+03 -0.905425E+02 +0.554427E+02 +0.000000E+00 +0.000000E+00 -0.137680E-02 -0.395642E-03 +0.000000E+00 +0.210682E-02 +0.000000E+00 +0.000000E+00
 +0.148320E+01 -0.102030E+03 -0.162738E+03 -0.111271E+03 -0.904229E+02 +0.552220E+02 +0.000000E+00 +0.000000E+00 -0.137398E-02 -0.396113E-03 +0.000000E+00 +0.209844E-02 +0.000000E+00 +0.000000E+00
 +0.148320E+01 -0.102040E+03 -0.162473E+03 -0.111175E+03 -0.903040E+02 +0.550019E+02 +0.000000E+00 +0.000000E+00 -0.137121E-02 -0.396555E-03 +0.000000E+00 +0.209007E-02 +0.000000E+00 +0.000000E+00
 +0.148320E+01 -0.102050E+03 -0.162210E+03 -0.111079E+03 -0.901854E+02 +0.547824E+02 +0.000000E+00 +0.000000E+00 -0.136847E-02 -0.396978E-03 +0.000000E+00 +0.208173E-02 +0.000000E+00 +0.000000E+00
 +0.148320E+01 -0.102060E+03 -0.161950E+03 -0.110982E+03 -0.900673E+02 +0.545635E+02 +0.000000E+00 +0.000000E+00 -0.136576E-02 -0.397373E-03 +0.000000E+00 +0.207341E-02 +0.000000E+00 +0.000000E+00
 +0.148320E+01 -0.102070E+03 -0.161691E+03 -0.110884E+03 -0.899496E+02 +0.543450E+02 +0.000000E+00 +0.000000E+00 -0.136308E-02 -0.397749E-03 +0.000000E+00 +0.206511E-02 +0.000000E+00 +0.000000E+00
 +0.148320E+01 -0.102080E+03 -0.161435E+03 -0.110785E+03 -0.898324E+02 +0.541273E+02 +0.000000E+00 +0.000000E+00 -0.136044E-02 -0.398098E-03 +0.000000E+00 +0.205684E-02 +0.000000E+00 +0.000000E+00
 +0.148320E+01 -0.102090E+03 -0.161180E+03 -0.110686E+03 -0.897156E+02 +0.539100E+02 +0.000000E+00 +0.000000E+00 -0.135782E-02 -0.398428E-03 +0.000000E+00 +0.204858E-02 +0.000000E+00 +0.000000E+00
 +0.148320E+01 -0.102100E+03 -0.160928E+03 -0.110585E+03 -0.895994E+02 +0.536933E+02 +0.000000E+00 +0.000000E+00 -0.135524E-02 -0.398732E-03 +0.000000E+00 +0.204035E-02 +0.000000E+00 +0.000000E+00
 +0.148320E+01 -0.102110E+03 -0.160678E+03 -0.110484E+03 -0.894835E+02 +0.534772E+02 +0.000000E+00 +0.000000E+00 -0.135269E-02 -0.399017E-03 +0.000000E+00 +0.203213E-02 +0.000000E+00 +0.000000E+00
 +0.148320E+01 -0.102120E+03 -0.160430E+03 -0.110383E+03 -0.893681E+02 +0.532616E+02 +0.000000E+00 +0.000000E+00 -0.135017E-02 -0.399276E-03 +0.000000E+00 +0.202394E-02 +0.000000E+00 +0.000000E+00
 +0.148320E+01 -0.102130E+03 -0.160184E+03 -0.110280E+03 -0.892531E+02 +0.530465E+02 +0.000000E+00 +0.000000E+00 -0.134768E-02 -0.399515E-03 +0.000000E+00 +0.201577E-02 +0.000000E+00 +0.000000E+00
 +0.148320E+01 -0.102140E+03 -0.159940E+03 -0.110177E+03 -0.891386E+02 +0.528320E+02 +0.000000E+00 +0.000000E+00 -0.134522E-02 -0.399730E-03 +0.000000E+00 +0.200761E-02 +0.000000E+00 +0.000000E+00
 +0.148320E+01 -0.102150E+03 -0.159698E+03 -0.110073E+03 -0.890245E+02 +0.526179E+02 +0.000000E+00 +0.000000E+00 -0.134280E-02 -0.399925E-03 +0.000000E+00 +0.199948E-02 +0.000000E+00 +0.000000E+00
 +0.148320E+01 -0.102160E+03 -0.159458E+03 -0.109968E+03 -0.889108E+02 +0.524042E+02 +0.000000E+00 +0.000000E+00 -0.134040E-02 -0.400096E-03 +0.000000E+00 +0.199136E-02 +0.000000E+00 +0.000000E+00
 +0.148320E+01 -0.102170E+03 -0.159220E+03 -0.109863E+03 -0.887975E+02 +0.521909E+02 +0.000000E+00 +0.000000E+00 -0.133803E-02 -0.400246E-03 +0.000000E+00 +0.198326E-02 +0.000000E+00 +0.000000E+00
 +0.148320E+01 -0.102180E+03 -0.158984E+03 -0.109757E+03 -0.886846E+02 +0.519780E+02 +0.000000E+00 +0.000000E+00 -0.133569E-02 -0.400374E-03 +0.000000E+00 +0.197516E-02 +0.000000E+00 +0.000000E+00
 +0.148320E+01 -0.102190E+03 -0.158750E+03 -0.109650E+03 -0.885720E+02 +0.517656E+02 +0.000000E+00 +0.000000E+00 -0.133338E-02 -0.400483E-03 +0.000000E+00 +0.196709E-02 +0.000000E+00 +0.000000E+00
 +0.148320E+01 -0.102200E+03 -0.158518E+03 -0.109543E+03 -0.884599E+02 +0.515538E+02 +0.000000E+00 +0.000000E+00 -0.133110E-02 -0.400573E-03 +0.000000E+00 +0.195904E-02 +0.000000E+00 +0.000000E+00
 +0.148320E+01 -0.102210E+03 -0.158276E+03 -0.109431E+03 -0.883433E+02 +0.513185E+02 +0.000000E+00 +0.000000E+00 -0.132873E-02 -0.400658E-03 +0.000000E+00 +0.195010E-02 +0.000000E+00 +0.000000E+00
 +0.148320E+01 -0.102220E+03 -0.158027E+03 -0.109314E+03 -0.882226E+02 +0.510605E+02 +0.000000E+00 +0.000000E+00 -0.132628E-02 -0.400738E-03 +0.000000E+00 +0.194030E-02 +0.000000E+00 +0.000000E+00
 +0.148320E+01 -0.102230E+03 -0.157798E+03 -0.109203E+03 -0.881105E+02 +0.508543E+02 +0.000000E+00 +0.000000E+00 -0.132407E-02 -0.400761E-03 +0.000000E+00 +0.193246E-02 +0.000000E+00 +0.000000E+00
 +0.148320E+01 -0.102240E+03 -0.157589E+03 -0.109099E+03 -0.880071E+02 +0.506949E+02 +0.000000E+00 +0.000000E+00 -0.132206E-02 -0.400742E-03 +0.000000E+00 +0.192641E-02 +0.000000E+00 +0.000000E+00
 +0.148320E+01 -0.102250E+03 -0.157389E+03 -0.109019E+03 -0.879149E+02 +0.505010E+02 +0.000000E+00 +0.000000E+00 -0.132002E-02 -0.400985E-03 +0.000000E+00 +0.191904E-02 +0.000000E+00 +0.000000E+00
 +0.148320E+01 -0.102260E+03 -0.157175E+03 -0.108918E+03 -0.878104E+02 +0.502827E+02 +0.000000E+00 +0.000000E+00 -0.131792E-02 -0.401037E-03 +0.000000E+00 +0.191074E-02 +0.000000E+00 +0.000000E+00
 +0.148320E+01 -0.102270E+03 -0.156974E+03 -0.108805E+03 -0.877070E+02 +0.500855E+02 +0.000000E+00 +0.000000E+00 -0.131607E-02 -0.400867E-03 +0.000000E+00 +0.190325E-02 +0.000000E+00 +0.000000E+00
 +0.148320E+01 -0.102280E+03 -0.156775E+03 -0.108679E+03 -0.875996E+02 +0.498944E+02 +0.000000E+00 +0.000000E+00 -0.131433E-02 -0.400499E-03 +0.000000E+00 +0.189599E-02 +0.000000E+00 +0.000000E+00
 +0.148320E+01 -0.102290E+03 -0.156540E+03 -0.108545E+03 -0.874779E+02 +0.496868E+02 +0.000000E+00 +0.000000E+00 -0.131218E-02 -0.400269E-03 +0.000000E+00 +0.188810E-02 +0.000000E+00 +0.000000E+00
 +0.148320E+01 -0.102300E+03 -0.156292E+03 -0.108409E+03 -0.873516E+02 +0.494555E+02 +0.000000E+00 +0.000000E+00 -0.130988E-02 -0.400098E-03 +0.000000E+00 +0.187931E-02 +0.000000E+00 +0.000000E+00
 +0.148320E+01 -0.102310E+03 -0.156079E+03 -0.108303E+03 -0.872463E+02 +0.492435E+02 +0.000000E+00 +0.000000E+00 -0.130783E-02 -0.400085E-03 +0.000000E+00 +0.187125E-02 +0.000000E+00 +0.000000E+00
 +0.148320E+01 -0.102320E+03 -0.155892E+03 -0.108219E+03 -0.871565E+02 +0.490458E+02 +0.000000E+00 +0.000000E+00 -0.130597E-02 -0.400188E-03 +0.000000E+00 +0.186374E-02 +0.000000E+00 +0.000000E+00
 +0.148320E+01 -0.102330E+03 -0.155702E+03 -0.108132E+03 -0.870651E+02 +0.488424E+02 +0.000000E+00 +0.000000E+00 -0.130410E-02 -0.400262E-03 +0.000000E+00 +0.185601E-02 +0.000000E+00 +0.000000E+00
 +0.148320E+01 -0.102340E+03 -0.155504E+03 -0.108038E+03 -0.869687E+02 +0.486409E+02 +0.000000E+00 +0.000000E+00 -0.130217E-02 -0.400308E-03 +0.000000E+00 +0.184836E-02 +0.000000E+00 +0.000000E+00
 +0.148320E+01 -0.102350E+03 -0.155298E+03 -0.107939E+03 -0.868684E+02 +0.484457E+02 +0.000000E+00 +0.000000E+00 -0.130017E-02 -0.400349E-03 +0.000000E+00 +0.184094E-02 +0.000000E+00 +0.000000E+00
 +0.148320E+01 -0.102360E+03 -0.155093E+03 -0.107841E+03 -0.867682E+02 +0.482504E+02 +0.000000E+00 +0.000000E+00 -0.129816E-02 -0.400390E-03 +0.000000E+00 +0.183352E-02 +0.000000E+00 +0.000000E+00
 +0.148320E+01 -0.102370E+03 -0.154885E+03 -0.107730E+03 -0.866629E+02 +0.480550E+02 +0.000000E+00 +0.000000E+00 -0.129623E-02 -0.400266E-03 +0.000000E+00 +0.182609E-02 +0.000000E+00 +0.000000E+00
 +0.148320E+01 -0.102380E+03 -0.154689E+03 -0.107596E+03 -0.865538E+02 +0.478608E+02 +0.000000E+00 +0.000000E+00 -0.129456E-02 -0.399793E-03 +0.000000E+00 +0.181871E-02 +0.000000E+00 +0.000000E+00
 +0.148320E+01 -0.102390E+03 -0.154496E+03 -0.107463E+03 -0.864466E+02 +0.476671E+02 +0.000000E+00 +0.000000E+00 -0.129294E-02 -0.399320E-03 +0.000000E+00 +0.181135E-02 +0.000000E+00 +0.000000E+00
 +0.148320E+01 -0.102400E+03 -0.154296E+03 -0.107324E+03 -0.863347E+02 +0.474722E+02 +0.000000E+00 +0.000000E+00 -0.129127E-02 -0.398799E-03 +0.000000E+00 +0.180394E-02 +0.000000E+00 +0.000000E+00
 +0.148320E+01 -0.102410E+03 -0.154091E+03 -0.107197E+03 -0.862248E+02 +0.472752E+02 +0.000000E+00 +0.000000E+00 -0.128945E-02 -0.398462E-03 +0.000000E+00 +0.179646E-02 +0.000000E+00 +0.000000E+00
 +0.148320E+01 -0.102420E+03 -0.153888E+03 -0.107072E+03 -0.861168E+02 +0.470664E+02 +0.000000E+00 +0.000000E+00 -0.128765E-02 -0.398153E-03 +0.000000E+00 +0.178852E-02 +0.000000E+00 +0.000000E+00
 +0.148320E+01 -0.102430E+03 -0.153685E+03 -0.106948E+03 -0.860088E+02 +0.468577E+02 +0.000000E+00 +0.000000E+00 -0.128584E-02 -0.397844E-03 +0.000000E+00 +0.178059E-02 +0.000000E+00 +0.000000E+00
 +0.148320E+01 -0.102440E+03 -0.153482E+03 -0.106824E+03 -0.859008E+02 +0.466489E+02 +0.000000E+00 +0.000000E+00 -0.128404E-02 -0.397535E-03 +0.000000E+00 +0.177266E-02 +0.000000E+00 +0.000000E+00
 +0.148320E+01 -0.102450E+03 -0.153302E+03 -0.106706E+03 -0.858028E+02 +0.464548E+02 +0.000000E+00 +0.000000E+00 -0.128249E-02 -0.397165E-03 +0.000000E+00 +0.176528E-02 +0.000000E+00 +0.000000E+00
 +0.148320E+01 -0.102460E+03 -0.153111E+03 -0.106564E+03 -0.856926E+02 +0.462684E+02 +0.000000E+00 +0.000000E+00 -0.128094E-02 -0.396553E-03 +0.000000E+00 +0.175820E-02 +0.000000E+00 +0.000000E+00
 +0.148320E+01 -0.102470E+03 -0.152912E+03 -0.106411E+03 -0.855768E+02 +0.460839E+02 +0.000000E+00 +0.000000E+00 -0.127938E-02 -0.395851E-03 +0.000000E+00 +0.175119E-02 +0.000000E+00 +0.000000E+00
 +0.148320E+01 -0.102480E+03 -0.152714E+03 -0.106258E+03 -0.854609E+02 +0.458995E+02 +0.000000E+00 +0.000000E+00 -0.127781E-02 -0.395150E-03 +0.000000E+00 +0.174418E-02 +0.000000E+00 +0.000000E+00
 +0.148320E+01 -0.102490E+03 -0.152515E+03 -0.106123E+03 -0.853504E+02 +0.457174E+02 +0.000000E+00 +0.000000E+00 -0.127612E-02 -0.394676E-03 +0.000000E+00 +0.173726E-02 +0.000000E+00 +0.000000E+00
 +0.148320E+01 -0.102500E+03 -0.152314E+03 -0.106002E+03 -0.852444E+02 +0.455375E+02 +0.000000E+00 +0.000000E+00 -0.127432E-02 -0.394403E-03 +0.000000E+00 +0.173042E-02 +0.000000E+00 +0.000000E+00
 +0.148320E+01 -0.102510E+03 -0.152113E+03 -0.105882E+03 -0.851385E+02 +0.453575E+02 +0.000000E+00 +0.000000E+00 -0.127252E-02 -0.394130E-03 +0.000000E+00 +0.172359E-02 +0.000000E+00 +0.000000E+00
 +0.148320E+01 -0.102520E+03 -0.151925E+03 -0.105769E+03 -0.850390E+02 +0.451720E+02 +0.000000E+00 +0.000000E+00 -0.127084E-02 -0.393868E-03 +0.000000E+00 +0.171654E-02 +0.000000E+00 +0.000000E+00
 +0.148320E+01 -0.102530E+03 -0.151747E+03 -0.105662E+03 -0.849449E+02 +0.449818E+02 +0.000000E+00 +0.000000E+00 -0.126924E-02 -0.393616E-03 +0.000000E+00 +0.170931E-02 +0.000000E+00 +0.000000E+00
 +0.148320E+01 -0.102540E+03 -0.151557E+03 -0.105545E+03 -0.848437E+02 +0.447966E+02 +0.000000E+00 +0.000000E+00 -0.126755E-02 -0.393333E-03 +0.000000E+00 +0.170227E-02 +0.000000E+00 +0.000000E+00
 +0.148320E+01 -0.102550E+03 -0.151363E+03 -0.105428E+03 -0.847410E+02 +0.446124E+02 +0.000000E+00 +0.000000E+00 -0.126583E-02 -0.393044E-03 +0.000000E+00 +0.169527E-02 +0.000000E+00 +0.000000E+00
 +0.148320E+01 -0.102560E+03 -0.151170E+03 -0.105310E+03 -0.846384E+02 +0.444282E+02 +0.000000E+00 +0.000000E+00 -0.126411E-02 -0.392754E-03 +0.000000E+00 +0.168827E-02 +0.000000E+00 +0.000000E+00
 +0.148320E+01 -0.102570E+03 -0.151009E+03 -0.105217E+03 -0.845547E+02 +0.442415E+02 +0.000000E+00 +0.000000E+00 -0.126263E-02 -0.392591E-03 +0.000000E+00 +0.168118E-02 +0.000000E+00 +0.000000E+00
 +0.148320E+01 -0.102580E+03 -0.150843E+03 -0.105096E+03 -0.844600E+02 +0.440561E+02 +0.000000E+00 +0.000000E+00 -0.126128E-02 -0.392088E-03 +0.000000E+00 +0.167413E-02 +0.000000E+00 +0.000000E+00
 +0.148320E+01 -0.102590E+03 -0.150675E+03 -0.104963E+03 -0.843603E+02 +0.438713E+02 +0.000000E+00 +0.000000E+00 -0.125997E-02 -0.391448E-03 +0.000000E+00 +0.166711E-02 +0.000000E+00 +0.000000E+00
 +0.148320E+01 -0.102600E+03 -0.150507E+03 -0.104830E+03 -0.842614E+02 +0.436860E+02 +0.000000E+00 +0.000000E+00 -0.125867E-02 -0.390806E-03 +0.000000E+00 +0.166007E-02 +0.000000E+00 +0.000000E+00
 +0.148320E+01 -0.102610E+03 -0.150353E+03 -0.104703E+03 -0.841682E+02 +0.434975E+02 +0.000000E+00 +0.000000E+00 -0.125750E-02 -0.390154E-03 +0.000000E+00 +0.165290E-02 +0.000000E+00 +0.000000E+00
 +0.148320E+01 -0.102620E+03 -0.150198E+03 -0.104575E+03 -0.840750E+02 +0.433089E+02 +0.000000E+00 +0.000000E+00 -0.125633E-02 -0.389502E-03 +0.000000E+00 +0.164574E-02 +0.000000E+00 +0.000000E+00
 +0.148320E+01 -0.102630E+03 -0.150040E+03 -0.104436E+03 -0.839769E+02 +0.431347E+02 +0.000000E+00 +0.000000E+00 -0.125519E-02 -0.388722E-03 +0.000000E+00 +0.163912E-02 +0.000000E+00 +0.000000E+00
 +0.148320E+01 -0.102640E+03 -0.149895E+03 -0.104323E+03 -0.838919E+02 +0.429843E+02 +0.000000E+00 +0.000000E+00 -0.125406E-02 -0.388183E-03 +0.000000E+00 +0.163340E-02 +0.000000E+00 +0.000000E+00
 +0.148320E+01 -0.102650E+03 -0.149764E+03 -0.104216E+03 -0.838134E+02 +0.428181E+02 +0.000000E+00 +0.000000E+00 -0.125307E-02 -0.387644E-03 +0.000000E+00 +0.162709E-02 +0.000000E+00 +0.000000E+00
 +0.148320E+01 -0.102660E+03 -0.149633E+03 -0.104109E+03 -0.837350E+02 +0.426520E+02 +0.000000E+00 +0.000000E+00 -0.125207E-02 -0.387105E-03 +0.000000E+00 +0.162078E-02 +0.000000E+00 +0.000000E+00
 +0.148320E+01 -0.102670E+03 -0.149503E+03 -0.104002E+03 -0.836565E+02 +0.424858E+02 +0.000000E+00 +0.000000E+00 -0.125107E-02 -0.386566E-03 +0.000000E+00 +0.161446E-02 +0.000000E+00 +0.000000E+00
 +0.148320E+01 -0.102680E+03 -0.149372E+03 -0.103895E+03 -0.835781E+02 +0.423197E+02 +0.000000E+00 +0.000000E+00 -0.125008E-02 -0.386027E-03 +0.000000E+00 +0.160815E-02 +0.000000E+00 +0.000000E+00
 +0.148320E+01 -0.102690E+03 -0.149225E+03 -0.103773E+03 -0.834892E+02 +0.421526E+02 +0.000000E+00 +0.000000E+00 -0.124898E-02 -0.385389E-03 +0.000000E+00 +0.160180E-02 +0.000000E+00 +0.000000E+00
 +0.148320E+01 -0.102700E+03 -0.149062E+03 -0.103635E+03 -0.833901E+02 +0.419845E+02 +0.000000E+00 +0.000000E+00 -0.124777E-02 -0.384655E-03 +0.000000E+00 +0.159541E-02 +0.000000E+00 +0.000000E+00
 +0.148320E+01 -0.102710E+03 -0.148900E+03 -0.103497E+03 -0.832910E+02 +0.418165E+02 +0.000000E+00 +0.000000E+00 -0.124656E-02 -0.383920E-03 +0.000000E+00 +0.158903E-02 +0.000000E+00 +0.000000E+00
 +0.148320E+01 -0.102720E+03 -0.148738E+03 -0.103360E+03 -0.831922E+02 +0.416482E+02 +0.000000E+00 +0.000000E+00 -0.124536E-02 -0.383186E-03 +0.000000E+00 +0.158263E-02 +0.000000E+00 +0.000000E+00
 +0.148320E+01 -0.102730E+03 -0.148599E+03 -0.103235E+03 -0.831052E+02 +0.414624E+02 +0.000000E+00 +0.000000E+00 -0.124439E-02 -0.382460E-03 +0.000000E+00 +0.157557E-02 +0.000000E+00 +0.000000E+00
 +0.148320E+01 -0.102740E+03 -0.148461E+03 -0.103110E+03 -0.830183E+02 +0.412766E+02 +0.000000E+00 +0.000000E+00 -0.124341E-02 -0.381734E-03 +0.000000E+00 +0.156851E-02 +0.000000E+00 +0.000000E+00
 +0.148320E+01 -0.102750E+03 -0.148323E+03 -0.102984E+03 -0.829312E+02 +0.410937E+02 +0.000000E+00 +0.000000E+00 -0.124244E-02 -0.381001E-03 +0.000000E+00 +0.156156E-02 +0.000000E+00 +0.000000E+00
 +0.148320E+01 -0.102760E+03 -0.148185E+03 -0.102857E+03 -0.828438E+02 +0.409157E+02 +0.000000E+00 +0.000000E+00 -0.124148E-02 -0.380255E-03 +0.000000E+00 +0.155480E-02 +0.000000E+00 +0.000000E+00
 +0.148320E+01 -0.102770E+03 -0.148046E+03 -0.102731E+03 -0.827565E+02 +0.407377E+02 +0.000000E+00 +0.000000E+00 -0.124051E-02 -0.379510E-03 +0.000000E+00 +0.154803E-02 +0.000000E+00 +0.000000E+00
 +0.148320E+01 -0.102780E+03 -0.147908E+03 -0.102614E+03 -0.826725E+02 +0.405493E+02 +0.000000E+00 +0.000000E+00 -0.123948E-02 -0.378894E-03 +0.000000E+00 +0.154087E-02 +0.000000E+00 +0.000000E+00
 +0.148320E+01 -0.102790E+03 -0.147770E+03 -0.102502E+03 -0.825899E+02 +0.403568E+02 +0.000000E+00 +0.000000E+00 -0.123843E-02 -0.378329E-03 +0.000000E+00 +0.153356E-02 +0.000000E+00 +0.000000E+00
 +0.148320E+01 -0.102800E+03 -0.147632E+03 -0.102389E+03 -0.825072E+02 +0.401644E+02 +0.000000E+00 +0.000000E+00 -0.123738E-02 -0.377763E-03 +0.000000E+00 +0.152625E-02 +0.000000E+00 +0.000000E+00
 +0.148320E+01 -0.102810E+03 -0.147494E+03 -0.102277E+03 -0.824246E+02 +0.399719E+02 +0.000000E+00 +0.000000E+00 -0.123633E-02 -0.377197E-03 +0.000000E+00 +0.151893E-02 +0.000000E+00 +0.000000E+00
 +0.148320E+01 -0.102820E+03 -0.147356E+03 -0.102165E+03 -0.823419E+02 +0.397795E+02 +0.000000E+00 +0.000000E+00 -0.123527E-02 -0.376631E-03 +0.000000E+00 +0.151162E-02 +0.000000E+00 +0.000000E+00
 +0.148320E+01 -0.102830E+03 -0.147223E+03 -0.102049E+03 -0.822598E+02 +0.395981E+02 +0.000000E+00 +0.000000E+00 -0.123430E-02 -0.375993E-03 +0.000000E+00 +0.150473E-02 +0.000000E+00 +0.000000E+00
 +0.148320E+01 -0.102840E+03 -0.147098E+03 -0.101928E+03 -0.821784E+02 +0.394349E+02 +0.000000E+00 +0.000000E+00 -0.123347E-02 -0.375236E-03 +0.000000E+00 +0.149852E-02 +0.000000E+00 +0.000000E+00
 +0.148320E+01 -0.102850E+03 -0.146972E+03 -0.101806E+03 -0.820970E+02 +0.392716E+02 +0.000000E+00 +0.000000E+00 -0.123263E-02 -0.374480E-03 +0.000000E+00 +0.149232E-02 +0.000000E+00 +0.000000E+00
 +0.148320E+01 -0.102860E+03 -0.146847E+03 -0.101685E+03 -0.820156E+02 +0.391084E+02 +0.000000E+00 +0.000000E+00 -0.123179E-02 -0.373723E-03 +0.000000E+00 +0.148612E-02 +0.000000E+00 +0.000000E+00
 +0.148320E+01 -0.102870E+03 -0.146721E+03 -0.101564E+03 -0.819342E+02 +0.389452E+02 +0.000000E+00 +0.000000E+00 -0.123096E-02 -0.372966E-03 +0.000000E+00 +0.147992E-02 +0.000000E+00 +0.000000E+00
 +0.148320E+01 -0.102880E+03 -0.146596E+03 -0.101443E+03 -0.818528E+02 +0.387820E+02 +0.000000E+00 +0.000000E+00 -0.123012E-02 -0.372210E-03 +0.000000E+00 +0.147371E-02 +0.000000E+00 +0.000000E+00
 +0.148320E+01 -0.102890E+03 -0.146470E+03 -0.101319E+03 -0.817702E+02 +0.386177E+02 +0.000000E+00 +0.000000E+00 -0.122929E-02 -0.371419E-03 +0.000000E+00 +0.146747E-02 +0.000000E+00 +0.000000E+00
 +0.148320E+01 -0.102900E+03 -0.146340E+03 -0.101179E+03 -0.816812E+02 +0.384478E+02 +0.000000E+00 +0.000000E+00 -0.122852E-02 -0.370450E-03 +0.000000E+00 +0.146102E-02 +0.000000E+00 +0.000000E+00
 +0.148320E+01 -0.102910E+03 -0.146211E+03 -0.101039E+03 -0.815923E+02 +0.382779E+02 +0.000000E+00 +0.000000E+00 -0.122775E-02 -0.369482E-03 +0.000000E+00 +0.145456E-02 +0.000000E+00 +0.000000E+00
 +0.148320E+01 -0.102920E+03 -0.146105E+03 -0.100916E+03 -0.815170E+02 +0.381124E+02 +0.000000E+00 +0.000000E+00 -0.122717E-02 -0.368585E-03 +0.000000E+00 +0.144827E-02 +0.000000E+00 +0.000000E+00
 +0.148320E+01 -0.102930E+03 -0.146005E+03 -0.100798E+03 -0.814450E+02 +0.379479E+02 +0.000000E+00 +0.000000E+00 -0.122664E-02 -0.367705E-03 +0.000000E+00 +0.144202E-02 +0.000000E+00 +0.000000E+00
 +0.148320E+01 -0.102940E+03 -0.145891E+03 -0.100673E+03 -0.813662E+02 +0.377841E+02 +0.000000E+00 +0.000000E+00 -0.122597E-02 -0.366835E-03 +0.000000E+00 +0.143580E-02 +0.000000E+00 +0.000000E+00
 +0.148320E+01 -0.102950E+03 -0.145767E+03 -0.100545E+03 -0.812829E+02 +0.376209E+02 +0.000000E+00 +0.000000E+00 -0.122520E-02 -0.365973E-03 +0.000000E+00 +0.142959E-02 +0.000000E+00 +0.000000E+00
 +0.148320E+01 -0.102960E+03 -0.145643E+03 -0.100416E+03 -0.811995E+02 +0.374577E+02 +0.000000E+00 +0.000000E+00 -0.122443E-02 -0.365111E-03 +0.000000E+00 +0.142339E-02 +0.000000E+00 +0.000000E+00
 +0.148320E+01 -0.102970E+03 -0.145519E+03 -0.100287E+03 -0.811161E+02 +0.372945E+02 +0.000000E+00 +0.000000E+00 -0.122366E-02 -0.364249E-03 +0.000000E+00 +0.141719E-02 +0.000000E+00 +0.000000E+00
 +0.148320E+01 -0.102980E+03 -0.145395E+03 -0.100158E+03 -0.810327E+02 +0.371313E+02 +0.000000E+00 +0.000000E+00 -0.122289E-02 -0.363387E-03 +0.000000E+00 +0.141099E-02 +0.000000E+00 +0.000000E+00
 +0.148320E+01 -0.102990E+03 -0.145271E+03 -0.100030E+03 -0.809493E+02 +0.369681E+02 +0.000000E+00 +0.000000E+00 -0.122212E-02 -0.362524E-03 +0.000000E+00 +0.140479E-02 +0.000000E+00 +0.000000E+00
 +0.148320E+01 -0.103000E+03 -0.145146E+03 -0.998985E+02 -0.808647E+02 +0.368050E+02 +0.000000E+00 +0.000000E+00 -0.122135E-02 -0.361642E-03 +0.000000E+00 +0.139859E-02 +0.000000E+00 +0.000000E+00
 +0.148320E+01 -0.103010E+03 -0.145014E+03 -0.997563E+02 -0.807743E+02 +0.366426E+02 +0.000000E+00 +0.000000E+00 -0.122056E-02 -0.360659E-03 +0.000000E+00 +0.139242E-02 +0.000000E+00 +0.000000E+00
 +0.148320E+01 -0.103020E+03 -0.144882E+03 -0.996142E+02 -0.806839E+02 +0.364802E+02 +0.000000E+00 +0.000000E+00 -0.121977E-02 -0.359676E-03 +0.000000E+00 +0.138625E-02 +0.000000E+00 +0.000000E+00
 +0.148320E+01 -0.103030E+03 -0.144751E+03 -0.994720E+02 -0.805935E+02 +0.363177E+02 +0.000000E+00 +0.000000E+00 -0.121899E-02 -0.358693E-03 +0.000000E+00 +0.138007E-02 +0.000000E+00 +0.000000E+00
 +0.148320E+01 -0.103040E+03 -0.144619E+03 -0.993299E+02 -0.805031E+02 +0.361553E+02 +0.000000E+00 +0.000000E+00 -0.121820E-02 -0.357710E-03 +0.000000E+00 +0.137390E-02 +0.000000E+00 +0.000000E+00
 +0.148320E+01 -0.103050E+03 -0.144487E+03 -0.991877E+02 -0.804126E+02 +0.359929E+02 +0.000000E+00 +0.000000E+00 -0.121741E-02 -0.356727E-03 +0.000000E+00 +0.136773E-02 +0.000000E+00 +0.000000E+00
 +0.148320E+01 -0.103060E+03 -0.144373E+03 -0.990245E+02 -0.803214E+02 +0.358497E+02 +0.000000E+00 +0.000000E+00 -0.121699E-02 -0.355361E-03 +0.000000E+00 +0.136229E-02 +0.000000E+00 +0.000000E+00
 +0.148320E+01 -0.103070E+03 -0.144263E+03 -0.988578E+02 -0.802299E+02 +0.357098E+02 +0.000000E+00 +0.000000E+00 -0.121663E-02 -0.353931E-03 +0.000000E+00 +0.135697E-02 +0.000000E+00 +0.000000E+00
 +0.148320E+01 -0.103080E+03 -0.144153E+03 -0.986911E+02 -0.801385E+02 +0.355699E+02 +0.000000E+00 +0.000000E+00 -0.121627E-02 -0.352500E-03 +0.000000E+00 +0.135166E-02 +0.000000E+00 +0.000000E+00
 +0.148320E+01 -0.103090E+03 -0.144057E+03 -0.985621E+02 -0.800641E+02 +0.354298E+02 +0.000000E+00 +0.000000E+00 -0.121586E-02 -0.351461E-03 +0.000000E+00 +0.134633E-02 +0.000000E+00 +0.000000E+00
 +0.148320E+01 -0.103100E+03 -0.143963E+03 -0.984403E+02 -0.799931E+02 +0.352896E+02 +0.000000E+00 +0.000000E+00 -0.121543E-02 -0.350496E-03 +0.000000E+00 +0.134100E-02 +0.000000E+00 +0.000000E+00
 +0.148320E+01 -0.103110E+03 -0.143870E+03 -0.983185E+02 -0.799220E+02 +0.351494E+02 +0.000000E+00 +0.000000E+00 -0.121500E-02 -0.349532E-03 +0.000000E+00 +0.133568E-02 +0.000000E+00 +0.000000E+00
 +0.148320E+01 -0.103120E+03 -0.143776E+03 -0.981966E+02 -0.798510E+02 +0.350092E+02 +0.000000E+00 +0.000000E+00 -0.121458E-02 -0.348567E-03 +0.000000E+00 +0.133035E-02 +0.000000E+00 +0.000000E+00
 +0.148320E+01 -0.103130E+03 -0.143683E+03 -0.980748E+02 -0.797799E+02 +0.348689E+02 +0.000000E+00 +0.000000E+00 -0.121415E-02 -0.347603E-03 +0.000000E+00 +0.132502E-02 +0.000000E+00 +0.000000E+00
 +0.148320E+01 -0.103140E+03 -0.143589E+03 -0.979530E+02 -0.797089E+02 +0.347287E+02 +0.000000E+00 +0.000000E+00 -0.121372E-02 -0.346638E-03 +0.000000E+00 +0.131969E-02 +0.000000E+00 +0.000000E+00
 +0.148320E+01 -0.103150E+03 -0.143496E+03 -0.978312E+02 -0.796379E+02 +0.345885E+02 +0.000000E+00 +0.000000E+00 -0.121330E-02 -0.345673E-03 +0.000000E+00 +0.131436E-02 +0.000000E+00 +0.000000E+00
 +0.148320E+01 -0.103160E+03 -0.143402E+03 -0.977094E+02 -0.795668E+02 +0.344483E+02 +0.000000E+00 +0.000000E+00 -0.121287E-02 -0.344709E-03 +0.000000E+00 +0.130904E-02 +0.000000E+00 +0.000000E+00
 +0.148320E+01 -0.103170E+03 -0.143287E+03 -0.975717E+02 -0.794833E+02 +0.342918E+02 +0.000000E+00 +0.000000E+00 -0.121227E-02 -0.343680E-03 +0.000000E+00 +0.130309E-02 +0.000000E+00 +0.000000E+00
 +0.148320E+01 -0.103180E+03 -0.143140E+03 -0.974117E+02 -0.793822E+02 +0.341124E+02 +0.000000E+00 +0.000000E+00 -0.121141E-02 -0.342561E-03 +0.000000E+00 +0.129627E-02 +0.000000E+00 +0.000000E+00
 +0.148320E+01 -0.103190E+03 -0.142994E+03 -0.972518E+02 -0.792811E+02 +0.339330E+02 +0.000000E+00 +0.000000E+00 -0.121055E-02 -0.341442E-03 +0.000000E+00 +0.128945E-02 +0.000000E+00 +0.000000E+00
 +0.148320E+01 -0.103200E+03 -0.142881E+03 -0.971195E+02 -0.792003E+02 +0.337814E+02 +0.000000E+00 +0.000000E+00 -0.120994E-02 -0.340466E-03 +0.000000E+00 +0.128369E-02 +0.000000E+00 +0.000000E+00
 +0.148320E+01 -0.103210E+03 -0.142788E+03 -0.970034E+02 -0.791312E+02 +0.336459E+02 +0.000000E+00 +0.000000E+00 -0.120948E-02 -0.339572E-03 +0.000000E+00 +0.127854E-02 +0.000000E+00 +0.000000E+00
 +0.148320E+01 -0.103220E+03 -0.142695E+03 -0.968872E+02 -0.790620E+02 +0.335104E+02 +0.000000E+00 +0.000000E+00 -0.120902E-02 -0.338678E-03 +0.000000E+00 +0.127339E-02 +0.000000E+00 +0.000000E+00
 +0.148320E+01 -0.103230E+03 -0.142601E+03 -0.967710E+02 -0.789929E+02 +0.333749E+02 +0.000000E+00 +0.000000E+00 -0.120856E-02 -0.337784E-03 +0.000000E+00 +0.126824E-02 +0.000000E+00 +0.000000E+00
 +0.148320E+01 -0.103240E+03 -0.142508E+03 -0.966548E+02 -0.789237E+02 +0.332394E+02 +0.000000E+00 +0.000000E+00 -0.120810E-02 -0.336890E-03 +0.000000E+00 +0.126310E-02 +0.000000E+00 +0.000000E+00
 +0.148320E+01 -0.103250E+03 -0.142415E+03 -0.965386E+02 -0.788546E+02 +0.331039E+02 +0.000000E+00 +0.000000E+00 -0.120764E-02 -0.335996E-03 +0.000000E+00 +0.125795E-02 +0.000000E+00 +0.000000E+00
 +0.148320E+01 -0.103260E+03 -0.142321E+03 -0.964225E+02 -0.787855E+02 +0.329683E+02 +0.000000E+00 +0.000000E+00 -0.120718E-02 -0.335103E-03 +0.000000E+00 +0.125280E-02 +0.000000E+00 +0.000000E+00
 +0.148320E+01 -0.103270E+03 -0.142228E+03 -0.963063E+02 -0.787163E+02 +0.328328E+02 +0.000000E+00 +0.000000E+00 -0.120672E-02 -0.334209E-03 +0.000000E+00 +0.124765E-02 +0.000000E+00 +0.000000E+00
 +0.148320E+01 -0.103280E+03 -0.142135E+03 -0.961901E+02 -0.786472E+02 +0.326973E+02 +0.000000E+00 +0.000000E+00 -0.120626E-02 -0.333315E-03 +0.000000E+00 +0.124250E-02 +0.000000E+00 +0.000000E+00
 +0.148320E+01 -0.103290E+03 -0.142041E+03 -0.960746E+02 -0.785783E+02 +0.325609E+02 +0.000000E+00 +0.000000E+00 -0.120580E-02 -0.332430E-03 +0.000000E+00 +0.123731E-02 +0.000000E+00 +0.000000E+00
 +0.148320E+01 -0.103300E+03 -0.141948E+03 -0.959635E+02 -0.785108E+02 +0.324186E+02 +0.000000E+00 +0.000000E+00 -0.120531E-02 -0.331601E-03 +0.000000E+00 +0.123191E-02 +0.000000E+00 +0.000000E+00
 +0.148320E+01 -0.103310E+03 -0.141854E+03 -0.958523E+02 -0.784432E+02 +0.322763E+02 +0.000000E+00 +0.000000E+00 -0.120481E-02 -0.330773E-03 +0.000000E+00 +0.122650E-02 +0.000000E+00 +0.000000E+00
 +0.148320E+01 -0.103320E+03 -0.141761E+03 -0.957412E+02 -0.783757E+02 +0.321340E+02 +0.000000E+00 +0.000000E+00 -0.120432E-02 -0.329944E-03 +0.000000E+00 +0.122109E-02 +0.000000E+00 +0.000000E+00
 +0.148320E+01 -0.103330E+03 -0.141667E+03 -0.956300E+02 -0.783082E+02 +0.319917E+02 +0.000000E+00 +0.000000E+00 -0.120383E-02 -0.329115E-03 +0.000000E+00 +0.121568E-02 +0.000000E+00 +0.000000E+00
 +0.148320E+01 -0.103340E+03 -0.141574E+03 -0.955189E+02 -0.782406E+02 +0.318494E+02 +0.000000E+00 +0.000000E+00 -0.120333E-02 -0.328286E-03 +0.000000E+00 +0.121028E-02 +0.000000E+00 +0.000000E+00
 +0.148320E+01 -0.103350E+03 -0.141485E+03 -0.954110E+02 -0.781758E+02 +0.317150E+02 +0.000000E+00 +0.000000E+00 -0.120288E-02 -0.327469E-03 +0.000000E+00 +0.120517E-02 +0.000000E+00 +0.000000E+00
 +0.148320E+01 -0.103360E+03 -0.141401E+03 -0.953059E+02 -0.781131E+02 +0.315873E+02 +0.000000E+00 +0.000000E+00 -0.120246E-02 -0.326663E-03 +0.000000E+00 +0.120032E-02 +0.000000E+00 +0.000000E+00
 +0.148320E+01 -0.103370E+03 -0.141316E+03 -0.952008E+02 -0.780505E+02 +0.314596E+02 +0.000000E+00 +0.000000E+00 -0.120204E-02 -0.325856E-03 +0.000000E+00 +0.119546E-02 +0.000000E+00 +0.000000E+00
 +0.148320E+01 -0.103380E+03 -0.141240E+03 -0.950814E+02 -0.779859E+02 +0.313269E+02 +0.000000E+00 +0.000000E+00 -0.120182E-02 -0.324815E-03 +0.000000E+00 +0.119042E-02 +0.000000E+00 +0.000000E+00
 +0.148320E+01 -0.103390E+03 -0.141167E+03 -0.949552E+02 -0.779204E+02 +0.311919E+02 +0.000000E+00 +0.000000E+00 -0.120169E-02 -0.323661E-03 +0.000000E+00 +0.118529E-02 +0.000000E+00 +0.000000E+00
 +0.148320E+01 -0.103400E+03 -0.141095E+03 -0.948290E+02 -0.778549E+02 +0.310569E+02 +0.000000E+00 +0.000000E+00 -0.120156E-02 -0.322507E-03 +0.000000E+00 +0.118016E-02 +0.000000E+00 +0.000000E+00
 +0.148320E+01 -0.103410E+03 -0.141023E+03 -0.947028E+02 -0.777895E+02 +0.309219E+02 +0.000000E+00 +0.000000E+00 -0.120143E-02 -0.321354E-03 +0.000000E+00 +0.117503E-02 +0.000000E+00 +0.000000E+00
 +0.148320E+01 -0.103420E+03 -0.140951E+03 -0.945766E+02 -0.777240E+02 +0.307869E+02 +0.000000E+00 +0.000000E+00 -0.120131E-02 -0.320200E-03 +0.000000E+00 +0.116990E-02 +0.000000E+00 +0.000000E+00
 +0.148320E+01 -0.103430E+03 -0.140878E+03 -0.944504E+02 -0.776585E+02 +0.306519E+02 +0.000000E+00 +0.000000E+00 -0.120118E-02 -0.319046E-03 +0.000000E+00 +0.116477E-02 +0.000000E+00 +0.000000E+00
 +0.148320E+01 -0.103440E+03 -0.140806E+03 -0.943242E+02 -0.775930E+02 +0.305169E+02 +0.000000E+00 +0.000000E+00 -0.120105E-02 -0.317892E-03 +0.000000E+00 +0.115964E-02 +0.000000E+00 +0.000000E+00
 +0.148320E+01 -0.103450E+03 -0.140734E+03 -0.941980E+02 -0.775276E+02 +0.303819E+02 +0.000000E+00 +0.000000E+00 -0.120092E-02 -0.316739E-03 +0.000000E+00 +0.115451E-02 +0.000000E+00 +0.000000E+00
 +0.148320E+01 -0.103460E+03 -0.140662E+03 -0.940718E+02 -0.774621E+02 +0.302469E+02 +0.000000E+00 +0.000000E+00 -0.120079E-02 -0.315585E-03 +0.000000E+00 +0.114938E-02 +0.000000E+00 +0.000000E+00
 +0.148320E+01 -0.103470E+03 -0.140590E+03 -0.939456E+02 -0.773966E+02 +0.301119E+02 +0.000000E+00 +0.000000E+00 -0.120067E-02 -0.314431E-03 +0.000000E+00 +0.114425E-02 +0.000000E+00 +0.000000E+00
 +0.148320E+01 -0.103480E+03 -0.140517E+03 -0.938194E+02 -0.773311E+02 +0.299769E+02 +0.000000E+00 +0.000000E+00 -0.120054E-02 -0.313278E-03 +0.000000E+00 +0.113912E-02 +0.000000E+00 +0.000000E+00
 +0.148320E+01 -0.103490E+03 -0.140445E+03 -0.936932E+02 -0.772656E+02 +0.298419E+02 +0.000000E+00 +0.000000E+00 -0.120041E-02 -0.312124E-03 +0.000000E+00 +0.113399E-02 +0.000000E+00 +0.000000E+00
 +0.148320E+01 -0.103500E+03 -0.140373E+03 -0.935669E+02 -0.772002E+02 +0.297078E+02 +0.000000E+00 +0.000000E+00 -0.120028E-02 -0.310968E-03 +0.000000E+00 +0.112890E-02 +0.000000E+00 +0.000000E+00
 +0.148320E+01 -0.103510E+03 -0.140303E+03 -0.934387E+02 -0.771349E+02 +0.295889E+02 +0.000000E+00 +0.000000E+00 -0.120020E-02 -0.309772E-03 +0.000000E+00 +0.112438E-02 +0.000000E+00 +0.000000E+00
 +0.148320E+01 -0.103520E+03 -0.140234E+03 -0.933105E+02 -0.770696E+02 +0.294699E+02 +0.000000E+00 +0.000000E+00 -0.120012E-02 -0.308577E-03 +0.000000E+00 +0.111986E-02 +0.000000E+00 +0.000000E+00
 +0.148320E+01 -0.103530E+03 -0.140164E+03 -0.931823E+02 -0.770043E+02 +0.293510E+02 +0.000000E+00 +0.000000E+00 -0.120004E-02 -0.307381E-03 +0.000000E+00 +0.111534E-02 +0.000000E+00 +0.000000E+00
 +0.148320E+01 -0.103540E+03 -0.140095E+03 -0.930541E+02 -0.769390E+02 +0.292321E+02 +0.000000E+00 +0.000000E+00 -0.119995E-02 -0.306186E-03 +0.000000E+00 +0.111082E-02 +0.000000E+00 +0.000000E+00
 +0.148320E+01 -0.103550E+03 -0.140025E+03 -0.929259E+02 -0.768737E+02 +0.291132E+02 +0.000000E+00 +0.000000E+00 -0.119987E-02 -0.304990E-03 +0.000000E+00 +0.110630E-02 +0.000000E+00 +0.000000E+00
 +0.148320E+01 -0.103560E+03 -0.139955E+03 -0.927976E+02 -0.768085E+02 +0.289942E+02 +0.000000E+00 +0.000000E+00 -0.119979E-02 -0.303795E-03 +0.000000E+00 +0.110178E-02 +0.000000E+00 +0.000000E+00
 +0.148320E+01 -0.103570E+03 -0.139886E+03 -0.926694E+02 -0.767432E+02 +0.288753E+02 +0.000000E+00 +0.000000E+00 -0.119971E-02 -0.302599E-03 +0.000000E+00 +0.109726E-02 +0.000000E+00 +0.000000E+00
 +0.148320E+01 -0.103580E+03 -0.139816E+03 -0.925412E+02 -0.766779E+02 +0.287564E+02 +0.000000E+00 +0.000000E+00 -0.119962E-02 -0.301403E-03 +0.000000E+00 +0.109274E-02 +0.000000E+00 +0.000000E+00
 +0.148320E+01 -0.103590E+03 -0.139746E+03 -0.924130E+02 -0.766126E+02 +0.286374E+02 +0.000000E+00 +0.000000E+00 -0.119954E-02 -0.300208E-03 +0.000000E+00 +0.108822E-02 +0.000000E+00 +0.000000E+00
 +0.148320E+01 -0.103600E+03 -0.139677E+03 -0.922848E+02 -0.765473E+02 +0.285185E+02 +0.000000E+00 +0.000000E+00 -0.119946E-02 -0.299012E-03 +0.000000E+00 +0.108370E-02 +0.000000E+00 +0.000000E+00
 +0.148320E+01 -0.103610E+03 -0.139607E+03 -0.921566E+02 -0.764820E+02 +0.283996E+02 +0.000000E+00 +0.000000E+00 -0.119938E-02 -0.297817E-03 +0.000000E+00 +0.107918E-02 +0.000000E+00 +0.000000E+00
 +0.148320E+01 -0.103620E+03 -0.139537E+03 -0.920284E+02 -0.764167E+02 +0.282807E+02 +0.000000E+00 +0.000000E+00 -0.119929E-02 -0.296621E-03 +0.000000E+00 +0.107466E-02 +0.000000E+00 +0.000000E+00
 +0.148320E+01 -0.103630E+03 -0.139468E+03 -0.919002E+02 -0.763514E+02 +0.281617E+02 +0.000000E+00 +0.000000E+00 -0.119921E-02 -0.295426E-03 +0.000000E+00 +0.107015E-02 +0.000000E+00 +0.000000E+00
 +0.148320E+01 -0.103640E+03 -0.139398E+03 -0.917720E+02 -0.762862E+02 +0.280428E+02 +0.000000E+00 +0.000000E+00 -0.119913E-02 -0.294230E-03 +0.000000E+00 +0.106563E-02 +0.000000E+00 +0.000000E+00
 +0.148320E+01 -0.103650E+03 -0.139334E+03 -0.916355E+02 -0.762198E+02 +0.279216E+02 +0.000000E+00 +0.000000E+00 -0.119916E-02 -0.292898E-03 +0.000000E+00 +0.106102E-02 +0.000000E+00 +0.000000E+00
 +0.148320E+01 -0.103660E+03 -0.139274E+03 -0.914909E+02 -0.761523E+02 +0.277982E+02 +0.000000E+00 +0.000000E+00 -0.119931E-02 -0.291433E-03 +0.000000E+00 +0.105633E-02 +0.000000E+00 +0.000000E+00
 +0.148320E+01 -0.103670E+03 -0.139216E+03 -0.913529E+02 -0.760876E+02 +0.276881E+02 +0.000000E+00 +0.000000E+00 -0.119943E-02 -0.290040E-03 +0.000000E+00 +0.105215E-02 +0.000000E+00 +0.000000E+00
 +0.148320E+01 -0.103680E+03 -0.139158E+03 -0.912171E+02 -0.760237E+02 +0.275806E+02 +0.000000E+00 +0.000000E+00 -0.119955E-02 -0.288674E-03 +0.000000E+00 +0.104806E-02 +0.000000E+00 +0.000000E+00
 +0.148320E+01 -0.103690E+03 -0.139093E+03 -0.910893E+02 -0.759603E+02 +0.274636E+02 +0.000000E+00 +0.000000E+00 -0.119953E-02 -0.287450E-03 +0.000000E+00 +0.104362E-02 +0.000000E+00 +0.000000E+00
 +0.148320E+01 -0.103700E+03 -0.139029E+03 -0.909614E+02 -0.758969E+02 +0.273466E+02 +0.000000E+00 +0.000000E+00 -0.119951E-02 -0.286226E-03 +0.000000E+00 +0.103917E-02 +0.000000E+00 +0.000000E+00
 +0.148320E+01 -0.103710E+03 -0.138965E+03 -0.908336E+02 -0.758336E+02 +0.272296E+02 +0.000000E+00 +0.000000E+00 -0.119950E-02 -0.285001E-03 +0.000000E+00 +0.103473E-02 +0.000000E+00 +0.000000E+00
 +0.148320E+01 -0.103720E+03 -0.138901E+03 -0.907058E+02 -0.757702E+02 +0.271126E+02 +0.000000E+00 +0.000000E+00 -0.119948E-02 -0.283777E-03 +0.000000E+00 +0.103028E-02 +0.000000E+00 +0.000000E+00
 +0.148320E+01 -0.103730E+03 -0.138837E+03 -0.905780E+02 -0.757068E+02 +0.269957E+02 +0.000000E+00 +0.000000E+00 -0.119947E-02 -0.282553E-03 +0.000000E+00 +0.102583E-02 +0.000000E+00 +0.000000E+00
 +0.148320E+01 -0.103740E+03 -0.138772E+03 -0.904502E+02 -0.756434E+02 +0.268787E+02 +0.000000E+00 +0.000000E+00 -0.119945E-02 -0.281328E-03 +0.000000E+00 +0.102139E-02 +0.000000E+00 +0.000000E+00
 +0.148320E+01 -0.103750E+03 -0.138708E+03 -0.903224E+02 -0.755801E+02 +0.267617E+02 +0.000000E+00 +0.000000E+00 -0.119943E-02 -0.280104E-03 +0.000000E+00 +0.101694E-02 +0.000000E+00 +0.000000E+00
 +0.148320E+01 -0.103760E+03 -0.138644E+03 -0.901946E+02 -0.755167E+02 +0.266447E+02 +0.000000E+00 +0.000000E+00 -0.119942E-02 -0.278880E-03 +0.000000E+00 +0.101250E-02 +0.000000E+00 +0.000000E+00
 +0.148320E+01 -0.103770E+03 -0.138580E+03 -0.900667E+02 -0.754533E+02 +0.265277E+02 +0.000000E+00 +0.000000E+00 -0.119940E-02 -0.277655E-03 +0.000000E+00 +0.100805E-02 +0.000000E+00 +0.000000E+00
 +0.148320E+01 -0.103780E+03 -0.138515E+03 -0.899389E+02 -0.753899E+02 +0.264107E+02 +0.000000E+00 +0.000000E+00 -0.119938E-02 -0.276431E-03 +0.000000E+00 +0.100361E-02 +0.000000E+00 +0.000000E+00
 +0.148320E+01 -0.103790E+03 -0.138451E+03 -0.898111E+02 -0.753266E+02 +0.262937E+02 +0.000000E+00 +0.000000E+00 -0.119937E-02 -0.275206E-03 +0.000000E+00 +0.999160E-03 +0.000000E+00 +0.000000E+00
 +0.148320E+01 -0.103800E+03 -0.138387E+03 -0.896833E+02 -0.752632E+02 +0.261767E+02 +0.000000E+00 +0.000000E+00 -0.119935E-02 -0.273982E-03 +0.000000E+00 +0.994715E-03 +0.000000E+00 +0.000000E+00
 +0.148320E+01 -0.103810E+03 -0.138323E+03 -0.895555E+02 -0.751998E+02 +0.260597E+02 +0.000000E+00 +0.000000E+00 -0.119934E-02 -0.272758E-03 +0.000000E+00 +0.990269E-03 +0.000000E+00 +0.000000E+00
 +0.148320E+01 -0.103820E+03 -0.138259E+03 -0.894277E+02 -0.751364E+02 +0.259427E+02 +0.000000E+00 +0.000000E+00 -0.119932E-02 -0.271533E-03 +0.000000E+00 +0.985823E-03 +0.000000E+00 +0.000000E+00
 +0.148320E+01 -0.103830E+03 -0.138194E+03 -0.892999E+02 -0.750731E+02 +0.258257E+02 +0.000000E+00 +0.000000E+00 -0.119930E-02 -0.270309E-03 +0.000000E+00 +0.981377E-03 +0.000000E+00 +0.000000E+00
 +0.148320E+01 -0.103840E+03 -0.138131E+03 -0.891773E+02 -0.750117E+02 +0.257173E+02 +0.000000E+00 +0.000000E+00 -0.119926E-02 -0.269147E-03 +0.000000E+00 +0.977259E-03 +0.000000E+00 +0.000000E+00
 +0.148320E+01 -0.103850E+03 -0.138068E+03 -0.890616E+02 -0.749529E+02 +0.256202E+02 +0.000000E+00 +0.000000E+00 -0.119919E-02 -0.268065E-03 +0.000000E+00 +0.973566E-03 +0.000000E+00 +0.000000E+00
 +0.148320E+01 -0.103860E+03 -0.138006E+03 -0.889459E+02 -0.748941E+02 +0.255230E+02 +0.000000E+00 +0.000000E+00 -0.119913E-02 -0.266983E-03 +0.000000E+00 +0.969873E-03 +0.000000E+00 +0.000000E+00
 +0.148320E+01 -0.103870E+03 -0.137944E+03 -0.888301E+02 -0.748353E+02 +0.254258E+02 +0.000000E+00 +0.000000E+00 -0.119906E-02 -0.265901E-03 +0.000000E+00 +0.966180E-03 +0.000000E+00 +0.000000E+00
 +0.148320E+01 -0.103880E+03 -0.137881E+03 -0.887144E+02 -0.747765E+02 +0.253286E+02 +0.000000E+00 +0.000000E+00 -0.119899E-02 -0.264819E-03 +0.000000E+00 +0.962487E-03 +0.000000E+00 +0.000000E+00
 +0.148320E+01 -0.103890E+03 -0.137819E+03 -0.885987E+02 -0.747178E+02 +0.252314E+02 +0.000000E+00 +0.000000E+00 -0.119892E-02 -0.263738E-03 +0.000000E+00 +0.958794E-03 +0.000000E+00 +0.000000E+00
 +0.148320E+01 -0.103900E+03 -0.137756E+03 -0.884830E+02 -0.746590E+02 +0.251342E+02 +0.000000E+00 +0.000000E+00 -0.119885E-02 -0.262656E-03 +0.000000E+00 +0.955101E-03 +0.000000E+00 +0.000000E+00
 +0.148320E+01 -0.103910E+03 -0.137694E+03 -0.883672E+02 -0.746002E+02 +0.250371E+02 +0.000000E+00 +0.000000E+00 -0.119878E-02 -0.261574E-03 +0.000000E+00 +0.951408E-03 +0.000000E+00 +0.000000E+00
 +0.148320E+01 -0.103920E+03 -0.137632E+03 -0.882515E+02 -0.745414E+02 +0.249399E+02 +0.000000E+00 +0.000000E+00 -0.119871E-02 -0.260492E-03 +0.000000E+00 +0.947715E-03 +0.000000E+00 +0.000000E+00
 +0.148320E+01 -0.103930E+03 -0.137569E+03 -0.881358E+02 -0.744826E+02 +0.248427E+02 +0.000000E+00 +0.000000E+00 -0.119864E-02 -0.259411E-03 +0.000000E+00 +0.944022E-03 +0.000000E+00 +0.000000E+00
 +0.148320E+01 -0.103940E+03 -0.137507E+03 -0.880201E+02 -0.744238E+02 +0.247455E+02 +0.000000E+00 +0.000000E+00 -0.119857E-02 -0.258329E-03 +0.000000E+00 +0.940329E-03 +0.000000E+00 +0.000000E+00
 +0.148320E+01 -0.103950E+03 -0.137444E+03 -0.879044E+02 -0.743650E+02 +0.246483E+02 +0.000000E+00 +0.000000E+00 -0.119851E-02 -0.257247E-03 +0.000000E+00 +0.936637E-03 +0.000000E+00 +0.000000E+00
 +0.148320E+01 -0.103960E+03 -0.137382E+03 -0.877886E+02 -0.743063E+02 +0.245511E+02 +0.000000E+00 +0.000000E+00 -0.119844E-02 -0.256165E-03 +0.000000E+00 +0.932944E-03 +0.000000E+00 +0.000000E+00
 +0.148320E+01 -0.103970E+03 -0.137319E+03 -0.876729E+02 -0.742475E+02 +0.244540E+02 +0.000000E+00 +0.000000E+00 -0.119837E-02 -0.255083E-03 +0.000000E+00 +0.929251E-03 +0.000000E+00 +0.000000E+00
 +0.148320E+01 -0.103980E+03 -0.137257E+03 -0.875572E+02 -0.741887E+02 +0.243568E+02 +0.000000E+00 +0.000000E+00 -0.119830E-02 -0.254002E-03 +0.000000E+00 +0.925558E-03 +0.000000E+00 +0.000000E+00
 +0.148320E+01 -0.103990E+03 -0.137195E+03 -0.874415E+02 -0.741299E+02 +0.242596E+02 +0.000000E+00 +0.000000E+00 -0.119823E-02 -0.252920E-03 +0.000000E+00 +0.921865E-03 +0.000000E+00 +0.000000E+00
 +0.148320E+01 -0.104000E+03 -0.137132E+03 -0.873258E+02 -0.740711E+02 +0.241624E+02 +0.000000E+00 +0.000000E+00 -0.119816E-02 -0.251838E-03 +0.000000E+00 +0.918172E-03 +0.000000E+00 +0.000000E+00
 +0.148320E+01 -0.104010E+03 -0.137070E+03 -0.872100E+02 -0.740123E+02 +0.240652E+02 +0.000000E+00 +0.000000E+00 -0.119809E-02 -0.250756E-03 +0.000000E+00 +0.914479E-03 +0.000000E+00 +0.000000E+00
 +0.148320E+01 -0.104020E+03 -0.137015E+03 -0.870852E+02 -0.739531E+02 +0.239665E+02 +0.000000E+00 +0.000000E+00 -0.119818E-02 -0.249510E-03 +0.000000E+00 +0.910726E-03 +0.000000E+00 +0.000000E+00
 +0.148320E+01 -0.104030E+03 -0.136969E+03 -0.869524E+02 -0.738939E+02 +0.238681E+02 +0.000000E+00 +0.000000E+00 -0.119842E-02 -0.248112E-03 +0.000000E+00 +0.906990E-03 +0.000000E+00 +0.000000E+00
 +0.148320E+01 -0.104040E+03 -0.136924E+03 -0.868343E+02 -0.738401E+02 +0.237885E+02 +0.000000E+00 +0.000000E+00 -0.119859E-02 -0.246889E-03 +0.000000E+00 +0.903964E-03 +0.000000E+00 +0.000000E+00
 +0.148320E+01 -0.104050E+03 -0.136887E+03 -0.867243E+02 -0.737916E+02 +0.236919E+02 +0.000000E+00 +0.000000E+00 -0.119881E-02 -0.245721E-03 +0.000000E+00 +0.900290E-03 +0.000000E+00 +0.000000E+00
 +0.148320E+01 -0.104060E+03 -0.136850E+03 -0.866150E+02 -0.737435E+02 +0.235937E+02 +0.000000E+00 +0.000000E+00 -0.119903E-02 -0.244558E-03 +0.000000E+00 +0.896560E-03 +0.000000E+00 +0.000000E+00
 +0.148320E+01 -0.104070E+03 -0.136814E+03 -0.865058E+02 -0.736955E+02 +0.234955E+02 +0.000000E+00 +0.000000E+00 -0.119925E-02 -0.243396E-03 +0.000000E+00 +0.892830E-03 +0.000000E+00 +0.000000E+00
 +0.148320E+01 -0.104080E+03 -0.136777E+03 -0.863965E+02 -0.736474E+02 +0.233974E+02 +0.000000E+00 +0.000000E+00 -0.119947E-02 -0.242233E-03 +0.000000E+00 +0.889100E-03 +0.000000E+00 +0.000000E+00
 +0.148320E+01 -0.104090E+03 -0.136741E+03 -0.862873E+02 -0.735994E+02 +0.232992E+02 +0.000000E+00 +0.000000E+00 -0.119969E-02 -0.241070E-03 +0.000000E+00 +0.885370E-03 +0.000000E+00 +0.000000E+00
 +0.148320E+01 -0.104100E+03 -0.136705E+03 -0.861780E+02 -0.735513E+02 +0.232010E+02 +0.000000E+00 +0.000000E+00 -0.119992E-02 -0.239907E-03 +0.000000E+00 +0.881640E-03 +0.000000E+00 +0.000000E+00
 +0.148320E+01 -0.104110E+03 -0.136668E+03 -0.860688E+02 -0.735033E+02 +0.231029E+02 +0.000000E+00 +0.000000E+00 -0.120014E-02 -0.238745E-03 +0.000000E+00 +0.877909E-03 +0.000000E+00 +0.000000E+00
 +0.148320E+01 -0.104120E+03 -0.136632E+03 -0.859595E+02 -0.734552E+02 +0.230047E+02 +0.000000E+00 +0.000000E+00 -0.120036E-02 -0.237582E-03 +0.000000E+00 +0.874179E-03 +0.000000E+00 +0.000000E+00
 +0.148320E+01 -0.104130E+03 -0.136596E+03 -0.858503E+02 -0.734071E+02 +0.229066E+02 +0.000000E+00 +0.000000E+00 -0.120058E-02 -0.236419E-03 +0.000000E+00 +0.870449E-03 +0.000000E+00 +0.000000E+00
 +0.148320E+01 -0.104140E+03 -0.136559E+03 -0.857410E+02 -0.733591E+02 +0.228084E+02 +0.000000E+00 +0.000000E+00 -0.120080E-02 -0.235256E-03 +0.000000E+00 +0.866719E-03 +0.000000E+00 +0.000000E+00
 +0.148320E+01 -0.104150E+03 -0.136523E+03 -0.856317E+02 -0.733110E+02 +0.227102E+02 +0.000000E+00 +0.000000E+00 -0.120103E-02 -0.234094E-03 +0.000000E+00 +0.862989E-03 +0.000000E+00 +0.000000E+00
 +0.148320E+01 -0.104160E+03 -0.136486E+03 -0.855225E+02 -0.732630E+02 +0.226121E+02 +0.000000E+00 +0.000000E+00 -0.120125E-02 -0.232931E-03 +0.000000E+00 +0.859259E-03 +0.000000E+00 +0.000000E+00
 +0.148320E+01 -0.104170E+03 -0.136450E+03 -0.854132E+02 -0.732149E+02 +0.225139E+02 +0.000000E+00 +0.000000E+00 -0.120147E-02 -0.231768E-03 +0.000000E+00 +0.855528E-03 +0.000000E+00 +0.000000E+00
 +0.148320E+01 -0.104180E+03 -0.136414E+03 -0.853040E+02 -0.731668E+02 +0.224157E+02 +0.000000E+00 +0.000000E+00 -0.120169E-02 -0.230605E-03 +0.000000E+00 +0.851798E-03 +0.000000E+00 +0.000000E+00
 +0.148320E+01 -0.104190E+03 -0.136377E+03 -0.851947E+02 -0.731188E+02 +0.223176E+02 +0.000000E+00 +0.000000E+00 -0.120191E-02 -0.229443E-03 +0.000000E+00 +0.848068E-03 +0.000000E+00 +0.000000E+00
 +0.148320E+01 -0.104200E+03 -0.136341E+03 -0.850855E+02 -0.730707E+02 +0.222194E+02 +0.000000E+00 +0.000000E+00 -0.120213E-02 -0.228280E-03 +0.000000E+00 +0.844338E-03 +0.000000E+00 +0.000000E+00
 +0.148320E+01 -0.104210E+03 -0.136305E+03 -0.849762E+02 -0.730227E+02 +0.221213E+02 +0.000000E+00 +0.000000E+00 -0.120236E-02 -0.227117E-03 +0.000000E+00 +0.840608E-03 +0.000000E+00 +0.000000E+00
 +0.148320E+01 -0.104220E+03 -0.136268E+03 -0.848669E+02 -0.729746E+02 +0.220231E+02 +0.000000E+00 +0.000000E+00 -0.120258E-02 -0.225954E-03 +0.000000E+00 +0.836878E-03 +0.000000E+00 +0.000000E+00
 +0.148320E+01 -0.104230E+03 -0.136232E+03 -0.847577E+02 -0.729266E+02 +0.219249E+02 +0.000000E+00 +0.000000E+00 -0.120280E-02 -0.224792E-03 +0.000000E+00 +0.833148E-03 +0.000000E+00 +0.000000E+00
 +0.148320E+01 -0.104240E+03 -0.136196E+03 -0.846452E+02 -0.728775E+02 +0.218365E+02 +0.000000E+00 +0.000000E+00 -0.120304E-02 -0.223587E-03 +0.000000E+00 +0.829786E-03 +0.000000E+00 +0.000000E+00
 +0.148320E+01 -0.104250E+03 -0.136159E+03 -0.845319E+02 -0.728281E+02 +0.217507E+02 +0.000000E+00 +0.000000E+00 -0.120330E-02 -0.222371E-03 +0.000000E+00 +0.826527E-03 +0.000000E+00 +0.000000E+00
 +0.148320E+01 -0.104260E+03 -0.136123E+03 -0.844185E+02 -0.727788E+02 +0.216650E+02 +0.000000E+00 +0.000000E+00 -0.120355E-02 -0.221155E-03 +0.000000E+00 +0.823268E-03 +0.000000E+00 +0.000000E+00
 +0.148320E+01 -0.104270E+03 -0.136087E+03 -0.843052E+02 -0.727295E+02 +0.215792E+02 +0.000000E+00 +0.000000E+00 -0.120380E-02 -0.219938E-03 +0.000000E+00 +0.820010E-03 +0.000000E+00 +0.000000E+00
 +0.148320E+01 -0.104280E+03 -0.136051E+03 -0.841918E+02 -0.726801E+02 +0.214935E+02 +0.000000E+00 +0.000000E+00 -0.120405E-02 -0.218722E-03 +0.000000E+00 +0.816751E-03 +0.000000E+00 +0.000000E+00
 +0.148320E+01 -0.104290E+03 -0.136015E+03 -0.840784E+02 -0.726308E+02 +0.214077E+02 +0.000000E+00 +0.000000E+00 -0.120430E-02 -0.217506E-03 +0.000000E+00 +0.813493E-03 +0.000000E+00 +0.000000E+00
 +0.148320E+01 -0.104300E+03 -0.135979E+03 -0.839651E+02 -0.725814E+02 +0.213220E+02 +0.000000E+00 +0.000000E+00 -0.120455E-02 -0.216289E-03 +0.000000E+00 +0.810234E-03 +0.000000E+00 +0.000000E+00
 +0.148320E+01 -0.104310E+03 -0.135942E+03 -0.838517E+02 -0.725321E+02 +0.212362E+02 +0.000000E+00 +0.000000E+00 -0.120480E-02 -0.215073E-03 +0.000000E+00 +0.806976E-03 +0.000000E+00 +0.000000E+00
 +0.148320E+01 -0.104320E+03 -0.135906E+03 -0.837384E+02 -0.724827E+02 +0.211504E+02 +0.000000E+00 +0.000000E+00 -0.120505E-02 -0.213857E-03 +0.000000E+00 +0.803717E-03 +0.000000E+00 +0.000000E+00
 +0.148320E+01 -0.104330E+03 -0.135870E+03 -0.836250E+02 -0.724334E+02 +0.210647E+02 +0.000000E+00 +0.000000E+00 -0.120530E-02 -0.212641E-03 +0.000000E+00 +0.800458E-03 +0.000000E+00 +0.000000E+00
 +0.148320E+01 -0.104340E+03 -0.135834E+03 -0.835116E+02 -0.723840E+02 +0.209789E+02 +0.000000E+00 +0.000000E+00 -0.120555E-02 -0.211424E-03 +0.000000E+00 +0.797200E-03 +0.000000E+00 +0.000000E+00
 +0.148320E+01 -0.104350E+03 -0.135798E+03 -0.833983E+02 -0.723347E+02 +0.208932E+02 +0.000000E+00 +0.000000E+00 -0.120580E-02 -0.210208E-03 +0.000000E+00 +0.793941E-03 +0.000000E+00 +0.000000E+00
 +0.148320E+01 -0.104360E+03 -0.135762E+03 -0.832849E+02 -0.722853E+02 +0.208074E+02 +0.000000E+00 +0.000000E+00 -0.120605E-02 -0.208992E-03 +0.000000E+00 +0.790683E-03 +0.000000E+00 +0.000000E+00
 +0.148320E+01 -0.104370E+03 -0.135725E+03 -0.831716E+02 -0.722360E+02 +0.207217E+02 +0.000000E+00 +0.000000E+00 -0.120630E-02 -0.207776E-03 +0.000000E+00 +0.787424E-03 +0.000000E+00 +0.000000E+00
 +0.148320E+01 -0.104380E+03 -0.135689E+03 -0.830582E+02 -0.721867E+02 +0.206359E+02 +0.000000E+00 +0.000000E+00 -0.120655E-02 -0.206559E-03 +0.000000E+00 +0.784166E-03 +0.000000E+00 +0.000000E+00
 +0.148320E+01 -0.104390E+03 -0.135653E+03 -0.829448E+02 -0.721373E+02 +0.205502E+02 +0.000000E+00 +0.000000E+00 -0.120680E-02 -0.205343E-03 +0.000000E+00 +0.780907E-03 +0.000000E+00 +0.000000E+00
 +0.148320E+01 -0.104400E+03 -0.135617E+03 -0.828315E+02 -0.720880E+02 +0.204644E+02 +0.000000E+00 +0.000000E+00 -0.120705E-02 -0.204127E-03 +0.000000E+00 +0.777648E-03 +0.000000E+00 +0.000000E+00
 +0.148320E+01 -0.104410E+03 -0.135581E+03 -0.827181E+02 -0.720386E+02 +0.203787E+02 +0.000000E+00 +0.000000E+00 -0.120730E-02 -0.202911E-03 +0.000000E+00 +0.774390E-03 +0.000000E+00 +0.000000E+00
 +0.148320E+01 -0.104420E+03 -0.135545E+03 -0.826048E+02 -0.719893E+02 +0.202929E+02 +0.000000E+00 +0.000000E+00 -0.120755E-02 -0.201694E-03 +0.000000E+00 +0.771131E-03 +0.000000E+00 +0.000000E+00
 +0.148320E+01 -0.104430E+03 -0.135508E+03 -0.824914E+02 -0.719399E+02 +0.202072E+02 +0.000000E+00 +0.000000E+00 -0.120780E-02 -0.200478E-03 +0.000000E+00 +0.767873E-03 +0.000000E+00 +0.000000E+00
 +0.148320E+01 -0.104440E+03 -0.135472E+03 -0.823780E+02 -0.718906E+02 +0.201214E+02 +0.000000E+00 +0.000000E+00 -0.120805E-02 -0.199262E-03 +0.000000E+00 +0.764614E-03 +0.000000E+00 +0.000000E+00
 +0.148320E+01 -0.104450E+03 -0.135436E+03 -0.822642E+02 -0.718410E+02 +0.200354E+02 +0.000000E+00 +0.000000E+00 -0.120830E-02 -0.198042E-03 +0.000000E+00 +0.761345E-03 +0.000000E+00 +0.000000E+00
 +0.148320E+01 -0.104460E+03 -0.135392E+03 -0.821394E+02 -0.717853E+02 +0.199425E+02 +0.000000E+00 +0.000000E+00 -0.120852E-02 -0.196728E-03 +0.000000E+00 +0.757815E-03 +0.000000E+00 +0.000000E+00
 +0.148320E+01 -0.104470E+03 -0.135348E+03 -0.820146E+02 -0.717296E+02 +0.198496E+02 +0.000000E+00 +0.000000E+00 -0.120875E-02 -0.195414E-03 +0.000000E+00 +0.754285E-03 +0.000000E+00 +0.000000E+00
 +0.148320E+01 -0.104480E+03 -0.135304E+03 -0.818897E+02 -0.716739E+02 +0.197567E+02 +0.000000E+00 +0.000000E+00 -0.120897E-02 -0.194100E-03 +0.000000E+00 +0.750755E-03 +0.000000E+00 +0.000000E+00
 +0.148320E+01 -0.104490E+03 -0.135260E+03 -0.817649E+02 -0.716182E+02 +0.196638E+02 +0.000000E+00 +0.000000E+00 -0.120919E-02 -0.192787E-03 +0.000000E+00 +0.747225E-03 +0.000000E+00 +0.000000E+00
 +0.148320E+01 -0.104500E+03 -0.135216E+03 -0.816401E+02 -0.715625E+02 +0.195709E+02 +0.000000E+00 +0.000000E+00 -0.120942E-02 -0.191473E-03 +0.000000E+00 +0.743695E-03 +0.000000E+00 +0.000000E+00
 +0.148320E+01 -0.104510E+03 -0.135172E+03 -0.815152E+02 -0.715069E+02 +0.194780E+02 +0.000000E+00 +0.000000E+00 -0.120964E-02 -0.190159E-03 +0.000000E+00 +0.740165E-03 +0.000000E+00 +0.000000E+00
 +0.148320E+01 -0.104520E+03 -0.135128E+03 -0.813904E+02 -0.714512E+02 +0.193851E+02 +0.000000E+00 +0.000000E+00 -0.120987E-02 -0.188846E-03 +0.000000E+00 +0.736635E-03 +0.000000E+00 +0.000000E+00
 +0.148320E+01 -0.104530E+03 -0.135084E+03 -0.812656E+02 -0.713955E+02 +0.192923E+02 +0.000000E+00 +0.000000E+00 -0.121009E-02 -0.187532E-03 +0.000000E+00 +0.733106E-03 +0.000000E+00 +0.000000E+00
 +0.148320E+01 -0.104540E+03 -0.135040E+03 -0.811408E+02 -0.713398E+02 +0.191994E+02 +0.000000E+00 +0.000000E+00 -0.121031E-02 -0.186218E-03 +0.000000E+00 +0.729576E-03 +0.000000E+00 +0.000000E+00
 +0.148320E+01 -0.104550E+03 -0.134997E+03 -0.810159E+02 -0.712841E+02 +0.191065E+02 +0.000000E+00 +0.000000E+00 -0.121054E-02 -0.184905E-03 +0.000000E+00 +0.726046E-03 +0.000000E+00 +0.000000E+00
 +0.148320E+01 -0.104560E+03 -0.134953E+03 -0.808911E+02 -0.712284E+02 +0.190136E+02 +0.000000E+00 +0.000000E+00 -0.121076E-02 -0.183591E-03 +0.000000E+00 +0.722516E-03 +0.000000E+00 +0.000000E+00
 +0.148320E+01 -0.104570E+03 -0.134909E+03 -0.807663E+02 -0.711727E+02 +0.189207E+02 +0.000000E+00 +0.000000E+00 -0.121098E-02 -0.182277E-03 +0.000000E+00 +0.718986E-03 +0.000000E+00 +0.000000E+00
 +0.148320E+01 -0.104580E+03 -0.134865E+03 -0.806415E+02 -0.711171E+02 +0.188278E+02 +0.000000E+00 +0.000000E+00 -0.121121E-02 -0.180963E-03 +0.000000E+00 +0.715456E-03 +0.000000E+00 +0.000000E+00
 +0.148320E+01 -0.104590E+03 -0.134821E+03 -0.805166E+02 -0.710614E+02 +0.187349E+02 +0.000000E+00 +0.000000E+00 -0.121143E-02 -0.179650E-03 +0.000000E+00 +0.711926E-03 +0.000000E+00 +0.000000E+00
 +0.148320E+01 -0.104600E+03 -0.134777E+03 -0.803918E+02 -0.710057E+02 +0.186420E+02 +0.000000E+00 +0.000000E+00 -0.121165E-02 -0.178336E-03 +0.000000E+00 +0.708396E-03 +0.000000E+00 +0.000000E+00
 +0.148320E+01 -0.104610E+03 -0.134733E+03 -0.802670E+02 -0.709500E+02 +0.185491E+02 +0.000000E+00 +0.000000E+00 -0.121188E-02 -0.177022E-03 +0.000000E+00 +0.704866E-03 +0.000000E+00 +0.000000E+00
 +0.148320E+01 -0.104620E+03 -0.134689E+03 -0.801421E+02 -0.708943E+02 +0.184562E+02 +0.000000E+00 +0.000000E+00 -0.121210E-02 -0.175709E-03 +0.000000E+00 +0.701337E-03 +0.000000E+00 +0.000000E+00
 +0.148320E+01 -0.104630E+03 -0.134645E+03 -0.800173E+02 -0.708386E+02 +0.183633E+02 +0.000000E+00 +0.000000E+00 -0.121232E-02 -0.174395E-03 +0.000000E+00 +0.697807E-03 +0.000000E+00 +0.000000E+00
 +0.148320E+01 -0.104640E+03 -0.134601E+03 -0.798925E+02 -0.707829E+02 +0.182704E+02 +0.000000E+00 +0.000000E+00 -0.121255E-02 -0.173081E-03 +0.000000E+00 +0.694277E-03 +0.000000E+00 +0.000000E+00
 +0.148320E+01 -0.104650E+03 -0.134557E+03 -0.797677E+02 -0.707273E+02 +0.181776E+02 +0.000000E+00 +0.000000E+00 -0.121277E-02 -0.171768E-03 +0.000000E+00 +0.690747E-03 +0.000000E+00 +0.000000E+00
 +0.148320E+01 -0.104660E+03 -0.134513E+03 -0.796428E+02 -0.706716E+02 +0.180847E+02 +0.000000E+00 +0.000000E+00 -0.121300E-02 -0.170454E-03 +0.000000E+00 +0.687217E-03 +0.000000E+00 +0.000000E+00
 +0.148320E+01 -0.104670E+03 -0.134470E+03 -0.795180E+02 -0.706159E+02 +0.179918E+02 +0.000000E+00 +0.000000E+00 -0.121322E-02 -0.169140E-03 +0.000000E+00 +0.683687E-03 +0.000000E+00 +0.000000E+00
 +0.148320E+01 -0.104680E+03 -0.134426E+03 -0.793932E+02 -0.705602E+02 +0.178989E+02 +0.000000E+00 +0.000000E+00 -0.121344E-02 -0.167826E-03 +0.000000E+00 +0.680157E-03 +0.000000E+00 +0.000000E+00
 +0.148320E+01 -0.104690E+03 -0.134382E+03 -0.792683E+02 -0.705045E+02 +0.178060E+02 +0.000000E+00 +0.000000E+00 -0.121367E-02 -0.166513E-03 +0.000000E+00 +0.676627E-03 +0.000000E+00 +0.000000E+00
 +0.148320E+01 -0.104700E+03 -0.134338E+03 -0.791435E+02 -0.704488E+02 +0.177131E+02 +0.000000E+00 +0.000000E+00 -0.121389E-02 -0.165199E-03 +0.000000E+00 +0.673098E-03 +0.000000E+00 +0.000000E+00
 +0.148320E+01 -0.104710E+03 -0.134294E+03 -0.790187E+02 -0.703931E+02 +0.176202E+02 +0.000000E+00 +0.000000E+00 -0.121411E-02 -0.163885E-03 +0.000000E+00 +0.669568E-03 +0.000000E+00 +0.000000E+00
 +0.148320E+01 -0.104720E+03 -0.134250E+03 -0.788939E+02 -0.703375E+02 +0.175273E+02 +0.000000E+00 +0.000000E+00 -0.121434E-02 -0.162572E-03 +0.000000E+00 +0.666038E-03 +0.000000E+00 +0.000000E+00
 +0.148320E+01 -0.104730E+03 -0.134206E+03 -0.787690E+02 -0.702818E+02 +0.174344E+02 +0.000000E+00 +0.000000E+00 -0.121456E-02 -0.161258E-03 +0.000000E+00 +0.662508E-03 +0.000000E+00 +0.000000E+00
 +0.148320E+01 -0.104740E+03 -0.134162E+03 -0.786442E+02 -0.702261E+02 +0.173415E+02 +0.000000E+00 +0.000000E+00 -0.121478E-02 -0.159944E-03 +0.000000E+00 +0.658978E-03 +0.000000E+00 +0.000000E+00
 +0.148320E+01 -0.104750E+03 -0.134132E+03 -0.785705E+02 -0.701917E+02 +0.172633E+02 +0.000000E+00 +0.000000E+00 -0.121486E-02 -0.159196E-03 +0.000000E+00 +0.656004E-03 +0.000000E+00 +0.000000E+00
 +0.148320E+01 -0.104760E+03 -0.134107E+03 -0.785175E+02 -0.701660E+02 +0.171909E+02 +0.000000E+00 +0.000000E+00 -0.121488E-02 -0.158677E-03 +0.000000E+00 +0.653256E-03 +0.000000E+00 +0.000000E+00
 +0.148320E+01 -0.104770E+03 -0.134082E+03 -0.784645E+02 -0.701403E+02 +0.171186E+02 +0.000000E+00 +0.000000E+00 -0.121489E-02 -0.158158E-03 +0.000000E+00 +0.650507E-03 +0.000000E+00 +0.000000E+00
 +0.148320E+01 -0.104780E+03 -0.134057E+03 -0.784114E+02 -0.701146E+02 +0.170463E+02 +0.000000E+00 +0.000000E+00 -0.121491E-02 -0.157640E-03 +0.000000E+00 +0.647759E-03 +0.000000E+00 +0.000000E+00
 +0.148320E+01 -0.104790E+03 -0.134032E+03 -0.783584E+02 -0.700889E+02 +0.169740E+02 +0.000000E+00 +0.000000E+00 -0.121492E-02 -0.157121E-03 +0.000000E+00 +0.645011E-03 +0.000000E+00 +0.000000E+00
 +0.148320E+01 -0.104800E+03 -0.134007E+03 -0.783054E+02 -0.700632E+02 +0.169016E+02 +0.000000E+00 +0.000000E+00 -0.121494E-02 -0.156602E-03 +0.000000E+00 +0.642262E-03 +0.000000E+00 +0.000000E+00
 +0.148320E+01 -0.104810E+03 -0.133982E+03 -0.782524E+02 -0.700375E+02 +0.168293E+02 +0.000000E+00 +0.000000E+00 -0.121495E-02 -0.156083E-03 +0.000000E+00 +0.639514E-03 +0.000000E+00 +0.000000E+00
 +0.148320E+01 -0.104820E+03 -0.133958E+03 -0.781994E+02 -0.700118E+02 +0.167570E+02 +0.000000E+00 +0.000000E+00 -0.121497E-02 -0.155564E-03 +0.000000E+00 +0.636765E-03 +0.000000E+00 +0.000000E+00
 +0.148320E+01 -0.104830E+03 -0.133933E+03 -0.781464E+02 -0.699861E+02 +0.166847E+02 +0.000000E+00 +0.000000E+00 -0.121499E-02 -0.155045E-03 +0.000000E+00 +0.634017E-03 +0.000000E+00 +0.000000E+00
 +0.148320E+01 -0.104840E+03 -0.133908E+03 -0.780934E+02 -0.699604E+02 +0.166123E+02 +0.000000E+00 +0.000000E+00 -0.121500E-02 -0.154526E-03 +0.000000E+00 +0.631268E-03 +0.000000E+00 +0.000000E+00
 +0.148320E+01 -0.104850E+03 -0.133883E+03 -0.780404E+02 -0.699347E+02 +0.165400E+02 +0.000000E+00 +0.000000E+00 -0.121502E-02 -0.154007E-03 +0.000000E+00 +0.628520E-03 +0.000000E+00 +0.000000E+00
 +0.148320E+01 -0.104860E+03 -0.133858E+03 -0.779873E+02 -0.699090E+02 +0.164677E+02 +0.000000E+00 +0.000000E+00 -0.121503E-02 -0.153489E-03 +0.000000E+00 +0.625772E-03 +0.000000E+00 +0.000000E+00
 +0.148320E+01 -0.104870E+03 -0.133833E+03 -0.779343E+02 -0.698833E+02 +0.163953E+02 +0.000000E+00 +0.000000E+00 -0.121505E-02 -0.152970E-03 +0.000000E+00 +0.623023E-03 +0.000000E+00 +0.000000E+00
 +0.148320E+01 -0.104880E+03 -0.133808E+03 -0.778813E+02 -0.698576E+02 +0.163230E+02 +0.000000E+00 +0.000000E+00 -0.121506E-02 -0.152451E-03 +0.000000E+00 +0.620275E-03 +0.000000E+00 +0.000000E+00
 +0.148320E+01 -0.104890E+03 -0.133783E+03 -0.778283E+02 -0.698319E+02 +0.162507E+02 +0.000000E+00 +0.000000E+00 -0.121508E-02 -0.151932E-03 +0.000000E+00 +0.617526E-03 +0.000000E+00 +0.000000E+00
 +0.148320E+01 -0.104900E+03 -0.133759E+03 -0.777753E+02 -0.698062E+02 +0.161784E+02 +0.000000E+00 +0.000000E+00 -0.121510E-02 -0.151413E-03 +0.000000E+00 +0.614778E-03 +0.000000E+00 +0.000000E+00
 +0.148320E+01 -0.104910E+03 -0.133734E+03 -0.777223E+02 -0.697805E+02 +0.161060E+02 +0.000000E+00 +0.000000E+00 -0.121511E-02 -0.150894E-03 +0.000000E+00 +0.612030E-03 +0.000000E+00 +0.000000E+00
 +0.148320E+01 -0.104920E+03 -0.133709E+03 -0.776693E+02 -0.697548E+02 +0.160337E+02 +0.000000E+00 +0.000000E+00 -0.121513E-02 -0.150375E-03 +0.000000E+00 +0.609281E-03 +0.000000E+00 +0.000000E+00
 +0.148320E+01 -0.104930E+03 -0.133684E+03 -0.776162E+02 -0.697291E+02 +0.159614E+02 +0.000000E+00 +0.000000E+00 -0.121514E-02 -0.149856E-03 +0.000000E+00 +0.606533E-03 +0.000000E+00 +0.000000E+00
 +0.148320E+01 -0.104940E+03 -0.133659E+03 -0.775632E+02 -0.697034E+02 +0.158891E+02 +0.000000E+00 +0.000000E+00 -0.121516E-02 -0.149338E-03 +0.000000E+00 +0.603784E-03 +0.000000E+00 +0.000000E+00
 +0.148320E+01 -0.104950E+03 -0.133634E+03 -0.775102E+02 -0.696777E+02 +0.158167E+02 +0.000000E+00 +0.000000E+00 -0.121517E-02 -0.148819E-03 +0.000000E+00 +0.601036E-03 +0.000000E+00 +0.000000E+00
 +0.148320E+01 -0.104960E+03 -0.133609E+03 -0.774572E+02 -0.696520E+02 +0.157444E+02 +0.000000E+00 +0.000000E+00 -0.121519E-02 -0.148300E-03 +0.000000E+00 +0.598287E-03 +0.000000E+00 +0.000000E+00
 +0.148320E+01 -0.104970E+03 -0.133584E+03 -0.774042E+02 -0.696263E+02 +0.156721E+02 +0.000000E+00 +0.000000E+00 -0.121521E-02 -0.147781E-03 +0.000000E+00 +0.595539E-03 +0.000000E+00 +0.000000E+00
 +0.148320E+01 -0.104980E+03 -0.133560E+03 -0.773512E+02 -0.696005E+02 +0.155998E+02 +0.000000E+00 +0.000000E+00 -0.121522E-02 -0.147262E-03 +0.000000E+00 +0.592791E-03 +0.000000E+00 +0.000000E+00
 +0.148320E+01 -0.104990E+03 -0.133550E+03 -0.772756E+02 -0.695723E+02 +0.155331E+02 +0.000000E+00 +0.000000E+00 -0.121557E-02 -0.146363E-03 +0.000000E+00 +0.590256E-03 +0.000000E+00 +0.000000E+00
