%X Y s_xx s_yy s_zz s_xy s_xz s_yz e_xx e_yy e_zz e_xy e_xz e_yz
 +0.148320E+01 -0.100000E+03 +0.398847E+03 -0.135654E+02 +0.127143E+03 -0.701736E+01 +0.000000E+00 +0.000000E+00 +0.516238E-02 -0.267346E-02 +0.000000E+00 -0.266660E-03 +0.000000E+00 +0.000000E+00
 +0.148320E+01 -0.100010E+03 +0.380448E+03 -0.687791E+01 +0.123278E+03 -0.103376E+02 +0.000000E+00 +0.000000E+00 +0.488623E-02 -0.247297E-02 +0.000000E+00 -0.392829E-03 +0.000000E+00 +0.000000E+00
 +0.148320E+01 -0.100020E+03 +0.362034E+03 -0.288015E+00 +0.119376E+03 -0.136316E+02 +0.000000E+00 +0.000000E+00 +0.461050E-02 -0.227362E-02 +0.000000E+00 -0.518002E-03 +0.000000E+00 +0.000000E+00
 +0.148320E+01 -0.100030E+03 +0.342490E+03 -0.794194E+00 +0.112760E+03 -0.150186E+02 +0.000000E+00 +0.000000E+00 +0.436488E-02 -0.215752E-02 +0.000000E+00 -0.570706E-03 +0.000000E+00 +0.000000E+00
 +0.148320E+01 -0.100040E+03 +0.323091E+03 -0.130831E+01 +0.106188E+03 -0.163568E+02 +0.000000E+00 +0.000000E+00 +0.412116E-02 -0.204244E-02 +0.000000E+00 -0.621559E-03 +0.000000E+00 +0.000000E+00
 +0.148320E+01 -0.100050E+03 +0.308920E+03 -0.210690E+01 +0.101248E+03 -0.159491E+02 +0.000000E+00 +0.000000E+00 +0.394577E-02 -0.196375E-02 +0.000000E+00 -0.606066E-03 +0.000000E+00 +0.000000E+00
 +0.148320E+01 -0.100060E+03 +0.294867E+03 -0.290810E+01 +0.963464E+02 -0.155204E+02 +0.000000E+00 +0.000000E+00 +0.377189E-02 -0.188583E-02 +0.000000E+00 -0.589773E-03 +0.000000E+00 +0.000000E+00
 +0.148320E+01 -0.100070E+03 +0.283573E+03 -0.377047E+01 +0.923348E+02 -0.145957E+02 +0.000000E+00 +0.000000E+00 +0.363352E-02 -0.182600E-02 +0.000000E+00 -0.554635E-03 +0.000000E+00 +0.000000E+00
 +0.148320E+01 -0.100080E+03 +0.272384E+03 -0.463512E+01 +0.883572E+02 -0.136551E+02 +0.000000E+00 +0.000000E+00 +0.349651E-02 -0.176685E-02 +0.000000E+00 -0.518896E-03 +0.000000E+00 +0.000000E+00
 +0.148320E+01 -0.100090E+03 +0.263025E+03 -0.553920E+01 +0.849704E+02 -0.124389E+02 +0.000000E+00 +0.000000E+00 +0.338304E-02 -0.171968E-02 +0.000000E+00 -0.472677E-03 +0.000000E+00 +0.000000E+00
 +0.148320E+01 -0.100100E+03 +0.253763E+03 -0.644548E+01 +0.816148E+02 -0.112120E+02 +0.000000E+00 +0.000000E+00 +0.327082E-02 -0.167315E-02 +0.000000E+00 -0.426055E-03 +0.000000E+00 +0.000000E+00
 +0.148320E+01 -0.100110E+03 +0.245827E+03 -0.738188E+01 +0.786868E+02 -0.983962E+01 +0.000000E+00 +0.000000E+00 +0.317566E-02 -0.163531E-02 +0.000000E+00 -0.373905E-03 +0.000000E+00 +0.000000E+00
 +0.148320E+01 -0.100120E+03 +0.237981E+03 -0.832060E+01 +0.757878E+02 -0.846025E+01 +0.000000E+00 +0.000000E+00 +0.308166E-02 -0.159806E-02 +0.000000E+00 -0.321490E-03 +0.000000E+00 +0.000000E+00
 +0.148320E+01 -0.100130E+03 +0.231150E+03 -0.928534E+01 +0.732154E+02 -0.700197E+01 +0.000000E+00 +0.000000E+00 +0.300076E-02 -0.156751E-02 +0.000000E+00 -0.266075E-03 +0.000000E+00 +0.000000E+00
 +0.148320E+01 -0.100140E+03 +0.224404E+03 -0.102524E+02 +0.706702E+02 -0.553991E+01 +0.000000E+00 +0.000000E+00 +0.292095E-02 -0.153753E-02 +0.000000E+00 -0.210517E-03 +0.000000E+00 +0.000000E+00
 +0.148320E+01 -0.100150E+03 +0.218467E+03 -0.112417E+02 +0.683842E+02 -0.404190E+01 +0.000000E+00 +0.000000E+00 +0.285156E-02 -0.151289E-02 +0.000000E+00 -0.153592E-03 +0.000000E+00 +0.000000E+00
 +0.148320E+01 -0.100160E+03 +0.212609E+03 -0.122332E+02 +0.661240E+02 -0.254292E+01 +0.000000E+00 +0.000000E+00 +0.278321E-02 -0.148879E-02 +0.000000E+00 -0.966310E-04 +0.000000E+00 +0.000000E+00
 +0.148320E+01 -0.100170E+03 +0.207410E+03 -0.132430E+02 +0.640751E+02 -0.103599E+01 +0.000000E+00 +0.000000E+00 +0.272336E-02 -0.146904E-02 +0.000000E+00 -0.393676E-04 +0.000000E+00 +0.000000E+00
 +0.148320E+01 -0.100180E+03 +0.202287E+03 -0.142547E+02 +0.620507E+02 +0.469386E+00 +0.000000E+00 +0.000000E+00 +0.266449E-02 -0.144980E-02 +0.000000E+00 +0.178367E-04 +0.000000E+00 +0.000000E+00
 +0.148320E+01 -0.100190E+03 +0.197711E+03 -0.152805E+02 +0.602021E+02 +0.196360E+01 +0.000000E+00 +0.000000E+00 +0.261267E-02 -0.143417E-02 +0.000000E+00 +0.746168E-04 +0.000000E+00 +0.000000E+00
 +0.148320E+01 -0.100200E+03 +0.193208E+03 -0.163078E+02 +0.583770E+02 +0.345401E+01 +0.000000E+00 +0.000000E+00 +0.256178E-02 -0.141901E-02 +0.000000E+00 +0.131252E-03 +0.000000E+00 +0.000000E+00
 +0.148320E+01 -0.100210E+03 +0.189165E+03 -0.173450E+02 +0.567005E+02 +0.492020E+01 +0.000000E+00 +0.000000E+00 +0.251682E-02 -0.140686E-02 +0.000000E+00 +0.186968E-03 +0.000000E+00 +0.000000E+00
 +0.148320E+01 -0.100220E+03 +0.185190E+03 -0.183831E+02 +0.550463E+02 +0.638060E+01 +0.000000E+00 +0.000000E+00 +0.247273E-02 -0.139516E-02 +0.000000E+00 +0.242463E-03 +0.000000E+00 +0.000000E+00
 +0.148320E+01 -0.100230E+03 +0.181607E+03 -0.194271E+02 +0.535193E+02 +0.780798E+01 +0.000000E+00 +0.000000E+00 +0.243366E-02 -0.138598E-02 +0.000000E+00 +0.296703E-03 +0.000000E+00 +0.000000E+00
 +0.148320E+01 -0.100240E+03 +0.178089E+03 -0.204714E+02 +0.520137E+02 +0.922781E+01 +0.000000E+00 +0.000000E+00 +0.239543E-02 -0.137722E-02 +0.000000E+00 +0.350657E-03 +0.000000E+00 +0.000000E+00
 +0.148320E+01 -0.100250E+03 +0.174906E+03 -0.215177E+02 +0.506181E+02 +0.106089E+02 +0.000000E+00 +0.000000E+00 +0.236147E-02 -0.137058E-02 +0.000000E+00 +0.403138E-03 +0.000000E+00 +0.000000E+00
 +0.148320E+01 -0.100260E+03 +0.171785E+03 -0.225637E+02 +0.492430E+02 +0.119809E+02 +0.000000E+00 +0.000000E+00 +0.232830E-02 -0.136433E-02 +0.000000E+00 +0.455274E-03 +0.000000E+00 +0.000000E+00
 +0.148320E+01 -0.100270E+03 +0.168953E+03 -0.236083E+02 +0.479636E+02 +0.133107E+02 +0.000000E+00 +0.000000E+00 +0.229879E-02 -0.135987E-02 +0.000000E+00 +0.505806E-03 +0.000000E+00 +0.000000E+00
 +0.148320E+01 -0.100280E+03 +0.166179E+03 -0.246518E+02 +0.467039E+02 +0.146301E+02 +0.000000E+00 +0.000000E+00 +0.227002E-02 -0.135576E-02 +0.000000E+00 +0.555945E-03 +0.000000E+00 +0.000000E+00
 +0.148320E+01 -0.100290E+03 +0.163655E+03 -0.256909E+02 +0.455282E+02 +0.159055E+02 +0.000000E+00 +0.000000E+00 +0.224441E-02 -0.135316E-02 +0.000000E+00 +0.604410E-03 +0.000000E+00 +0.000000E+00
 +0.148320E+01 -0.100300E+03 +0.161187E+03 -0.267282E+02 +0.443714E+02 +0.171695E+02 +0.000000E+00 +0.000000E+00 +0.221950E-02 -0.135089E-02 +0.000000E+00 +0.652442E-03 +0.000000E+00 +0.000000E+00
 +0.148320E+01 -0.100310E+03 +0.158936E+03 -0.277586E+02 +0.432886E+02 +0.183889E+02 +0.000000E+00 +0.000000E+00 +0.219730E-02 -0.134990E-02 +0.000000E+00 +0.698778E-03 +0.000000E+00 +0.000000E+00
 +0.148320E+01 -0.100320E+03 +0.156738E+03 -0.287864E+02 +0.422240E+02 +0.195960E+02 +0.000000E+00 +0.000000E+00 +0.217577E-02 -0.134920E-02 +0.000000E+00 +0.744647E-03 +0.000000E+00 +0.000000E+00
 +0.148320E+01 -0.100330E+03 +0.154729E+03 -0.298052E+02 +0.412250E+02 +0.207587E+02 +0.000000E+00 +0.000000E+00 +0.215658E-02 -0.134957E-02 +0.000000E+00 +0.788832E-03 +0.000000E+00 +0.000000E+00
 +0.148320E+01 -0.100340E+03 +0.152770E+03 -0.308207E+02 +0.402434E+02 +0.219085E+02 +0.000000E+00 +0.000000E+00 +0.213801E-02 -0.135022E-02 +0.000000E+00 +0.832523E-03 +0.000000E+00 +0.000000E+00
 +0.148320E+01 -0.100350E+03 +0.150977E+03 -0.318255E+02 +0.393201E+02 +0.230149E+02 +0.000000E+00 +0.000000E+00 +0.212149E-02 -0.135177E-02 +0.000000E+00 +0.874567E-03 +0.000000E+00 +0.000000E+00
 +0.148320E+01 -0.100360E+03 +0.149231E+03 -0.328263E+02 +0.384137E+02 +0.241078E+02 +0.000000E+00 +0.000000E+00 +0.210554E-02 -0.135356E-02 +0.000000E+00 +0.916096E-03 +0.000000E+00 +0.000000E+00
 +0.148320E+01 -0.100370E+03 +0.147631E+03 -0.338150E+02 +0.375592E+02 +0.251587E+02 +0.000000E+00 +0.000000E+00 +0.209136E-02 -0.135611E-02 +0.000000E+00 +0.956031E-03 +0.000000E+00 +0.000000E+00
 +0.148320E+01 -0.100380E+03 +0.146075E+03 -0.347992E+02 +0.367209E+02 +0.261957E+02 +0.000000E+00 +0.000000E+00 +0.207772E-02 -0.135888E-02 +0.000000E+00 +0.995435E-03 +0.000000E+00 +0.000000E+00
 +0.148320E+01 -0.100390E+03 +0.144646E+03 -0.357702E+02 +0.359291E+02 +0.271924E+02 +0.000000E+00 +0.000000E+00 +0.206563E-02 -0.136229E-02 +0.000000E+00 +0.103331E-02 +0.000000E+00 +0.000000E+00
 +0.148320E+01 -0.100400E+03 +0.143260E+03 -0.367361E+02 +0.351529E+02 +0.281748E+02 +0.000000E+00 +0.000000E+00 +0.205404E-02 -0.136589E-02 +0.000000E+00 +0.107064E-02 +0.000000E+00 +0.000000E+00
 +0.148320E+01 -0.100410E+03 +0.141987E+03 -0.376882E+02 +0.344185E+02 +0.291189E+02 +0.000000E+00 +0.000000E+00 +0.204379E-02 -0.137003E-02 +0.000000E+00 +0.110652E-02 +0.000000E+00 +0.000000E+00
 +0.148320E+01 -0.100420E+03 +0.140753E+03 -0.386346E+02 +0.336990E+02 +0.300485E+02 +0.000000E+00 +0.000000E+00 +0.203402E-02 -0.137434E-02 +0.000000E+00 +0.114184E-02 +0.000000E+00 +0.000000E+00
 +0.148320E+01 -0.100430E+03 +0.139618E+03 -0.395666E+02 +0.330171E+02 +0.309418E+02 +0.000000E+00 +0.000000E+00 +0.202542E-02 -0.137909E-02 +0.000000E+00 +0.117579E-02 +0.000000E+00 +0.000000E+00
 +0.148320E+01 -0.100440E+03 +0.138521E+03 -0.404925E+02 +0.323495E+02 +0.318204E+02 +0.000000E+00 +0.000000E+00 +0.201727E-02 -0.138400E-02 +0.000000E+00 +0.120918E-02 +0.000000E+00 +0.000000E+00
 +0.148320E+01 -0.100450E+03 +0.137512E+03 -0.414038E+02 +0.317159E+02 +0.326648E+02 +0.000000E+00 +0.000000E+00 +0.201014E-02 -0.138927E-02 +0.000000E+00 +0.124126E-02 +0.000000E+00 +0.000000E+00
 +0.148320E+01 -0.100460E+03 +0.136539E+03 -0.423085E+02 +0.310961E+02 +0.334945E+02 +0.000000E+00 +0.000000E+00 +0.200341E-02 -0.139469E-02 +0.000000E+00 +0.127279E-02 +0.000000E+00 +0.000000E+00
 +0.148320E+01 -0.100470E+03 +0.135643E+03 -0.431985E+02 +0.305068E+02 +0.342919E+02 +0.000000E+00 +0.000000E+00 +0.199760E-02 -0.140040E-02 +0.000000E+00 +0.130309E-02 +0.000000E+00 +0.000000E+00
 +0.148320E+01 -0.100480E+03 +0.134781E+03 -0.440814E+02 +0.299310E+02 +0.350747E+02 +0.000000E+00 +0.000000E+00 +0.199216E-02 -0.140624E-02 +0.000000E+00 +0.133284E-02 +0.000000E+00 +0.000000E+00
 +0.148320E+01 -0.100490E+03 +0.133988E+03 -0.449498E+02 +0.293827E+02 +0.358272E+02 +0.000000E+00 +0.000000E+00 +0.198751E-02 -0.141232E-02 +0.000000E+00 +0.136143E-02 +0.000000E+00 +0.000000E+00
 +0.148320E+01 -0.100500E+03 +0.133227E+03 -0.458108E+02 +0.288474E+02 +0.365652E+02 +0.000000E+00 +0.000000E+00 +0.198321E-02 -0.141850E-02 +0.000000E+00 +0.138948E-02 +0.000000E+00 +0.000000E+00
 +0.148320E+01 -0.100510E+03 +0.132527E+03 -0.466573E+02 +0.283370E+02 +0.372747E+02 +0.000000E+00 +0.000000E+00 +0.197961E-02 -0.142489E-02 +0.000000E+00 +0.141644E-02 +0.000000E+00 +0.000000E+00
 +0.148320E+01 -0.100520E+03 +0.131857E+03 -0.474962E+02 +0.278391E+02 +0.379699E+02 +0.000000E+00 +0.000000E+00 +0.197634E-02 -0.143137E-02 +0.000000E+00 +0.144286E-02 +0.000000E+00 +0.000000E+00
 +0.148320E+01 -0.100530E+03 +0.131242E+03 -0.483209E+02 +0.273639E+02 +0.386385E+02 +0.000000E+00 +0.000000E+00 +0.197368E-02 -0.143801E-02 +0.000000E+00 +0.146826E-02 +0.000000E+00 +0.000000E+00
 +0.148320E+01 -0.100540E+03 +0.130655E+03 -0.491375E+02 +0.269006E+02 +0.392928E+02 +0.000000E+00 +0.000000E+00 +0.197133E-02 -0.144473E-02 +0.000000E+00 +0.149313E-02 +0.000000E+00 +0.000000E+00
 +0.148320E+01 -0.100550E+03 +0.130116E+03 -0.499404E+02 +0.264580E+02 +0.399223E+02 +0.000000E+00 +0.000000E+00 +0.196950E-02 -0.145157E-02 +0.000000E+00 +0.151705E-02 +0.000000E+00 +0.000000E+00
 +0.148320E+01 -0.100560E+03 +0.129604E+03 -0.507350E+02 +0.260269E+02 +0.405377E+02 +0.000000E+00 +0.000000E+00 +0.196797E-02 -0.145848E-02 +0.000000E+00 +0.154043E-02 +0.000000E+00 +0.000000E+00
 +0.148320E+01 -0.100570E+03 +0.129136E+03 -0.515162E+02 +0.256145E+02 +0.411300E+02 +0.000000E+00 +0.000000E+00 +0.196691E-02 -0.146548E-02 +0.000000E+00 +0.156294E-02 +0.000000E+00 +0.000000E+00
 +0.148320E+01 -0.100580E+03 +0.128693E+03 -0.522890E+02 +0.252133E+02 +0.417084E+02 +0.000000E+00 +0.000000E+00 +0.196611E-02 -0.147254E-02 +0.000000E+00 +0.158492E-02 +0.000000E+00 +0.000000E+00
 +0.148320E+01 -0.100590E+03 +0.128288E+03 -0.530487E+02 +0.248291E+02 +0.422653E+02 +0.000000E+00 +0.000000E+00 +0.196573E-02 -0.147968E-02 +0.000000E+00 +0.160608E-02 +0.000000E+00 +0.000000E+00
 +0.148320E+01 -0.100600E+03 +0.127908E+03 -0.537998E+02 +0.244556E+02 +0.428084E+02 +0.000000E+00 +0.000000E+00 +0.196559E-02 -0.148685E-02 +0.000000E+00 +0.162672E-02 +0.000000E+00 +0.000000E+00
 +0.148320E+01 -0.100610E+03 +0.127562E+03 -0.545384E+02 +0.240977E+02 +0.433315E+02 +0.000000E+00 +0.000000E+00 +0.196582E-02 -0.149409E-02 +0.000000E+00 +0.164660E-02 +0.000000E+00 +0.000000E+00
 +0.148320E+01 -0.100620E+03 +0.127238E+03 -0.552682E+02 +0.237501E+02 +0.438411E+02 +0.000000E+00 +0.000000E+00 +0.196627E-02 -0.150135E-02 +0.000000E+00 +0.166596E-02 +0.000000E+00 +0.000000E+00
 +0.148320E+01 -0.100630E+03 +0.126946E+03 -0.559859E+02 +0.234167E+02 +0.443321E+02 +0.000000E+00 +0.000000E+00 +0.196705E-02 -0.150865E-02 +0.000000E+00 +0.168462E-02 +0.000000E+00 +0.000000E+00
 +0.148320E+01 -0.100640E+03 +0.126674E+03 -0.566948E+02 +0.230932E+02 +0.448098E+02 +0.000000E+00 +0.000000E+00 +0.196804E-02 -0.151597E-02 +0.000000E+00 +0.170277E-02 +0.000000E+00 +0.000000E+00
 +0.148320E+01 -0.100650E+03 +0.126431E+03 -0.573920E+02 +0.227827E+02 +0.452701E+02 +0.000000E+00 +0.000000E+00 +0.196931E-02 -0.152332E-02 +0.000000E+00 +0.172026E-02 +0.000000E+00 +0.000000E+00
 +0.148320E+01 -0.100660E+03 +0.126207E+03 -0.580802E+02 +0.224818E+02 +0.457174E+02 +0.000000E+00 +0.000000E+00 +0.197078E-02 -0.153068E-02 +0.000000E+00 +0.173726E-02 +0.000000E+00 +0.000000E+00
 +0.148320E+01 -0.100670E+03 +0.126008E+03 -0.587574E+02 +0.221927E+02 +0.461487E+02 +0.000000E+00 +0.000000E+00 +0.197249E-02 -0.153805E-02 +0.000000E+00 +0.175365E-02 +0.000000E+00 +0.000000E+00
 +0.148320E+01 -0.100680E+03 +0.125828E+03 -0.594254E+02 +0.219129E+02 +0.465671E+02 +0.000000E+00 +0.000000E+00 +0.197439E-02 -0.154543E-02 +0.000000E+00 +0.176955E-02 +0.000000E+00 +0.000000E+00
 +0.148320E+01 -0.100690E+03 +0.125671E+03 -0.600829E+02 +0.216439E+02 +0.469706E+02 +0.000000E+00 +0.000000E+00 +0.197651E-02 -0.155281E-02 +0.000000E+00 +0.178488E-02 +0.000000E+00 +0.000000E+00
 +0.148320E+01 -0.100700E+03 +0.125531E+03 -0.607312E+02 +0.213838E+02 +0.473615E+02 +0.000000E+00 +0.000000E+00 +0.197879E-02 -0.156019E-02 +0.000000E+00 +0.179974E-02 +0.000000E+00 +0.000000E+00
 +0.148320E+01 -0.100710E+03 +0.125411E+03 -0.613694E+02 +0.211336E+02 +0.477386E+02 +0.000000E+00 +0.000000E+00 +0.198126E-02 -0.156756E-02 +0.000000E+00 +0.181407E-02 +0.000000E+00 +0.000000E+00
 +0.148320E+01 -0.100720E+03 +0.125308E+03 -0.619983E+02 +0.208921E+02 +0.481034E+02 +0.000000E+00 +0.000000E+00 +0.198390E-02 -0.157492E-02 +0.000000E+00 +0.182793E-02 +0.000000E+00 +0.000000E+00
 +0.148320E+01 -0.100730E+03 +0.125222E+03 -0.626176E+02 +0.206595E+02 +0.484552E+02 +0.000000E+00 +0.000000E+00 +0.198669E-02 -0.158227E-02 +0.000000E+00 +0.184130E-02 +0.000000E+00 +0.000000E+00
 +0.148320E+01 -0.100740E+03 +0.125153E+03 -0.632277E+02 +0.204353E+02 +0.487951E+02 +0.000000E+00 +0.000000E+00 +0.198963E-02 -0.158960E-02 +0.000000E+00 +0.185421E-02 +0.000000E+00 +0.000000E+00
 +0.148320E+01 -0.100750E+03 +0.125099E+03 -0.638286E+02 +0.202194E+02 +0.491230E+02 +0.000000E+00 +0.000000E+00 +0.199272E-02 -0.159691E-02 +0.000000E+00 +0.186667E-02 +0.000000E+00 +0.000000E+00
 +0.148320E+01 -0.100760E+03 +0.125061E+03 -0.644203E+02 +0.200115E+02 +0.494391E+02 +0.000000E+00 +0.000000E+00 +0.199594E-02 -0.160420E-02 +0.000000E+00 +0.187868E-02 +0.000000E+00 +0.000000E+00
 +0.148320E+01 -0.100770E+03 +0.125037E+03 -0.650032E+02 +0.198111E+02 +0.497441E+02 +0.000000E+00 +0.000000E+00 +0.199929E-02 -0.161147E-02 +0.000000E+00 +0.189027E-02 +0.000000E+00 +0.000000E+00
 +0.148320E+01 -0.100780E+03 +0.125027E+03 -0.655769E+02 +0.196185E+02 +0.500375E+02 +0.000000E+00 +0.000000E+00 +0.200276E-02 -0.161871E-02 +0.000000E+00 +0.190143E-02 +0.000000E+00 +0.000000E+00
 +0.148320E+01 -0.100790E+03 +0.125030E+03 -0.661422E+02 +0.194328E+02 +0.503208E+02 +0.000000E+00 +0.000000E+00 +0.200634E-02 -0.162593E-02 +0.000000E+00 +0.191219E-02 +0.000000E+00 +0.000000E+00
 +0.148320E+01 -0.100800E+03 +0.125046E+03 -0.666983E+02 +0.192546E+02 +0.505927E+02 +0.000000E+00 +0.000000E+00 +0.201003E-02 -0.163311E-02 +0.000000E+00 +0.192252E-02 +0.000000E+00 +0.000000E+00
 +0.148320E+01 -0.100810E+03 +0.125073E+03 -0.672466E+02 +0.190828E+02 +0.508551E+02 +0.000000E+00 +0.000000E+00 +0.201382E-02 -0.164026E-02 +0.000000E+00 +0.193249E-02 +0.000000E+00 +0.000000E+00
 +0.148320E+01 -0.100820E+03 +0.125113E+03 -0.677856E+02 +0.189182E+02 +0.511064E+02 +0.000000E+00 +0.000000E+00 +0.201771E-02 -0.164737E-02 +0.000000E+00 +0.194204E-02 +0.000000E+00 +0.000000E+00
 +0.148320E+01 -0.100830E+03 +0.125164E+03 -0.683171E+02 +0.187593E+02 +0.513490E+02 +0.000000E+00 +0.000000E+00 +0.202168E-02 -0.165445E-02 +0.000000E+00 +0.195126E-02 +0.000000E+00 +0.000000E+00
 +0.148320E+01 -0.100840E+03 +0.125226E+03 -0.688394E+02 +0.186075E+02 +0.515808E+02 +0.000000E+00 +0.000000E+00 +0.202575E-02 -0.166149E-02 +0.000000E+00 +0.196007E-02 +0.000000E+00 +0.000000E+00
 +0.148320E+01 -0.100850E+03 +0.125297E+03 -0.693547E+02 +0.184609E+02 +0.518044E+02 +0.000000E+00 +0.000000E+00 +0.202988E-02 -0.166850E-02 +0.000000E+00 +0.196857E-02 +0.000000E+00 +0.000000E+00
 +0.148320E+01 -0.100860E+03 +0.125379E+03 -0.698607E+02 +0.183211E+02 +0.520174E+02 +0.000000E+00 +0.000000E+00 +0.203411E-02 -0.167546E-02 +0.000000E+00 +0.197666E-02 +0.000000E+00 +0.000000E+00
 +0.148320E+01 -0.100870E+03 +0.125470E+03 -0.703602E+02 +0.181862E+02 +0.522230E+02 +0.000000E+00 +0.000000E+00 +0.203839E-02 -0.168238E-02 +0.000000E+00 +0.198447E-02 +0.000000E+00 +0.000000E+00
 +0.148320E+01 -0.100880E+03 +0.125571E+03 -0.708503E+02 +0.180578E+02 +0.524182E+02 +0.000000E+00 +0.000000E+00 +0.204275E-02 -0.168925E-02 +0.000000E+00 +0.199189E-02 +0.000000E+00 +0.000000E+00
 +0.148320E+01 -0.100890E+03 +0.125679E+03 -0.713343E+02 +0.179337E+02 +0.526065E+02 +0.000000E+00 +0.000000E+00 +0.204716E-02 -0.169609E-02 +0.000000E+00 +0.199905E-02 +0.000000E+00 +0.000000E+00
 +0.148320E+01 -0.100900E+03 +0.125797E+03 -0.718090E+02 +0.178161E+02 +0.527847E+02 +0.000000E+00 +0.000000E+00 +0.205164E-02 -0.170288E-02 +0.000000E+00 +0.200582E-02 +0.000000E+00 +0.000000E+00
 +0.148320E+01 -0.100910E+03 +0.125921E+03 -0.722779E+02 +0.177024E+02 +0.529565E+02 +0.000000E+00 +0.000000E+00 +0.205616E-02 -0.170963E-02 +0.000000E+00 +0.201235E-02 +0.000000E+00 +0.000000E+00
 +0.148320E+01 -0.100920E+03 +0.126055E+03 -0.727376E+02 +0.175948E+02 +0.531184E+02 +0.000000E+00 +0.000000E+00 +0.206075E-02 -0.171632E-02 +0.000000E+00 +0.201850E-02 +0.000000E+00 +0.000000E+00
 +0.148320E+01 -0.100930E+03 +0.126195E+03 -0.731918E+02 +0.174909E+02 +0.532744E+02 +0.000000E+00 +0.000000E+00 +0.206537E-02 -0.172297E-02 +0.000000E+00 +0.202443E-02 +0.000000E+00 +0.000000E+00
 +0.148320E+01 -0.100940E+03 +0.126343E+03 -0.736368E+02 +0.173930E+02 +0.534209E+02 +0.000000E+00 +0.000000E+00 +0.207005E-02 -0.172957E-02 +0.000000E+00 +0.202999E-02 +0.000000E+00 +0.000000E+00
 +0.148320E+01 -0.100950E+03 +0.126496E+03 -0.740767E+02 +0.172983E+02 +0.535618E+02 +0.000000E+00 +0.000000E+00 +0.207475E-02 -0.173612E-02 +0.000000E+00 +0.203535E-02 +0.000000E+00 +0.000000E+00
 +0.148320E+01 -0.100960E+03 +0.126657E+03 -0.745074E+02 +0.172094E+02 +0.536934E+02 +0.000000E+00 +0.000000E+00 +0.207951E-02 -0.174262E-02 +0.000000E+00 +0.204035E-02 +0.000000E+00 +0.000000E+00
 +0.148320E+01 -0.100970E+03 +0.126823E+03 -0.749333E+02 +0.171235E+02 +0.538200E+02 +0.000000E+00 +0.000000E+00 +0.208429E-02 -0.174908E-02 +0.000000E+00 +0.204516E-02 +0.000000E+00 +0.000000E+00
 +0.148320E+01 -0.100980E+03 +0.126996E+03 -0.753502E+02 +0.170431E+02 +0.539375E+02 +0.000000E+00 +0.000000E+00 +0.208911E-02 -0.175547E-02 +0.000000E+00 +0.204962E-02 +0.000000E+00 +0.000000E+00
 +0.148320E+01 -0.100990E+03 +0.127173E+03 -0.757625E+02 +0.169655E+02 +0.540503E+02 +0.000000E+00 +0.000000E+00 +0.209395E-02 -0.176183E-02 +0.000000E+00 +0.205391E-02 +0.000000E+00 +0.000000E+00
 +0.148320E+01 -0.101000E+03 +0.127358E+03 -0.761658E+02 +0.168933E+02 +0.541542E+02 +0.000000E+00 +0.000000E+00 +0.209882E-02 -0.176812E-02 +0.000000E+00 +0.205786E-02 +0.000000E+00 +0.000000E+00
 +0.148320E+01 -0.101010E+03 +0.127545E+03 -0.765648E+02 +0.168235E+02 +0.542539E+02 +0.000000E+00 +0.000000E+00 +0.210371E-02 -0.177438E-02 +0.000000E+00 +0.206165E-02 +0.000000E+00 +0.000000E+00
 +0.148320E+01 -0.101020E+03 +0.127740E+03 -0.769549E+02 +0.167590E+02 +0.543449E+02 +0.000000E+00 +0.000000E+00 +0.210863E-02 -0.178056E-02 +0.000000E+00 +0.206511E-02 +0.000000E+00 +0.000000E+00
 +0.148320E+01 -0.101030E+03 +0.127937E+03 -0.773410E+02 +0.166967E+02 +0.544320E+02 +0.000000E+00 +0.000000E+00 +0.211357E-02 -0.178672E-02 +0.000000E+00 +0.206842E-02 +0.000000E+00 +0.000000E+00
 +0.148320E+01 -0.101040E+03 +0.128140E+03 -0.777183E+02 +0.166393E+02 +0.545106E+02 +0.000000E+00 +0.000000E+00 +0.211852E-02 -0.179279E-02 +0.000000E+00 +0.207140E-02 +0.000000E+00 +0.000000E+00
 +0.148320E+01 -0.101050E+03 +0.128347E+03 -0.780918E+02 +0.165841E+02 +0.545857E+02 +0.000000E+00 +0.000000E+00 +0.212349E-02 -0.179884E-02 +0.000000E+00 +0.207426E-02 +0.000000E+00 +0.000000E+00
 +0.148320E+01 -0.101060E+03 +0.128558E+03 -0.784565E+02 +0.165337E+02 +0.546525E+02 +0.000000E+00 +0.000000E+00 +0.212847E-02 -0.180481E-02 +0.000000E+00 +0.207680E-02 +0.000000E+00 +0.000000E+00
 +0.148320E+01 -0.101070E+03 +0.128773E+03 -0.788177E+02 +0.164851E+02 +0.547161E+02 +0.000000E+00 +0.000000E+00 +0.213346E-02 -0.181075E-02 +0.000000E+00 +0.207921E-02 +0.000000E+00 +0.000000E+00
 +0.148320E+01 -0.101080E+03 +0.128992E+03 -0.791702E+02 +0.164412E+02 +0.547717E+02 +0.000000E+00 +0.000000E+00 +0.213847E-02 -0.181662E-02 +0.000000E+00 +0.208132E-02 +0.000000E+00 +0.000000E+00
 +0.148320E+01 -0.101090E+03 +0.129213E+03 -0.795195E+02 +0.163990E+02 +0.548243E+02 +0.000000E+00 +0.000000E+00 +0.214347E-02 -0.182245E-02 +0.000000E+00 +0.208332E-02 +0.000000E+00 +0.000000E+00
 +0.148320E+01 -0.101100E+03 +0.129440E+03 -0.798601E+02 +0.163612E+02 +0.548690E+02 +0.000000E+00 +0.000000E+00 +0.214849E-02 -0.182821E-02 +0.000000E+00 +0.208502E-02 +0.000000E+00 +0.000000E+00
 +0.148320E+01 -0.101110E+03 +0.129668E+03 -0.801977E+02 +0.163250E+02 +0.549111E+02 +0.000000E+00 +0.000000E+00 +0.215351E-02 -0.183393E-02 +0.000000E+00 +0.208662E-02 +0.000000E+00 +0.000000E+00
 +0.148320E+01 -0.101120E+03 +0.129900E+03 -0.805267E+02 +0.162932E+02 +0.549455E+02 +0.000000E+00 +0.000000E+00 +0.215853E-02 -0.183958E-02 +0.000000E+00 +0.208793E-02 +0.000000E+00 +0.000000E+00
 +0.148320E+01 -0.101130E+03 +0.130134E+03 -0.808529E+02 +0.162627E+02 +0.549776E+02 +0.000000E+00 +0.000000E+00 +0.216355E-02 -0.184520E-02 +0.000000E+00 +0.208915E-02 +0.000000E+00 +0.000000E+00
 +0.148320E+01 -0.101140E+03 +0.130372E+03 -0.811706E+02 +0.162364E+02 +0.550021E+02 +0.000000E+00 +0.000000E+00 +0.216857E-02 -0.185073E-02 +0.000000E+00 +0.209008E-02 +0.000000E+00 +0.000000E+00
 +0.148320E+01 -0.101150E+03 +0.130611E+03 -0.814858E+02 +0.162113E+02 +0.550245E+02 +0.000000E+00 +0.000000E+00 +0.217359E-02 -0.185624E-02 +0.000000E+00 +0.209093E-02 +0.000000E+00 +0.000000E+00
 +0.148320E+01 -0.101160E+03 +0.130854E+03 -0.817924E+02 +0.161903E+02 +0.550397E+02 +0.000000E+00 +0.000000E+00 +0.217861E-02 -0.186167E-02 +0.000000E+00 +0.209151E-02 +0.000000E+00 +0.000000E+00
 +0.148320E+01 -0.101170E+03 +0.131098E+03 -0.820968E+02 +0.161704E+02 +0.550529E+02 +0.000000E+00 +0.000000E+00 +0.218362E-02 -0.186708E-02 +0.000000E+00 +0.209201E-02 +0.000000E+00 +0.000000E+00
 +0.148320E+01 -0.101180E+03 +0.131345E+03 -0.823927E+02 +0.161543E+02 +0.550590E+02 +0.000000E+00 +0.000000E+00 +0.218863E-02 -0.187239E-02 +0.000000E+00 +0.209224E-02 +0.000000E+00 +0.000000E+00
 +0.148320E+01 -0.101190E+03 +0.131593E+03 -0.826865E+02 +0.161393E+02 +0.550634E+02 +0.000000E+00 +0.000000E+00 +0.219363E-02 -0.187769E-02 +0.000000E+00 +0.209241E-02 +0.000000E+00 +0.000000E+00
 +0.148320E+01 -0.101200E+03 +0.131845E+03 -0.829719E+02 +0.161280E+02 +0.550610E+02 +0.000000E+00 +0.000000E+00 +0.219862E-02 -0.188290E-02 +0.000000E+00 +0.209232E-02 +0.000000E+00 +0.000000E+00
 +0.148320E+01 -0.101210E+03 +0.132097E+03 -0.832554E+02 +0.161176E+02 +0.550570E+02 +0.000000E+00 +0.000000E+00 +0.220360E-02 -0.188809E-02 +0.000000E+00 +0.209216E-02 +0.000000E+00 +0.000000E+00
 +0.148320E+01 -0.101220E+03 +0.132352E+03 -0.835307E+02 +0.161109E+02 +0.550463E+02 +0.000000E+00 +0.000000E+00 +0.220857E-02 -0.189319E-02 +0.000000E+00 +0.209176E-02 +0.000000E+00 +0.000000E+00
 +0.148320E+01 -0.101230E+03 +0.132607E+03 -0.838042E+02 +0.161049E+02 +0.550342E+02 +0.000000E+00 +0.000000E+00 +0.221354E-02 -0.189827E-02 +0.000000E+00 +0.209130E-02 +0.000000E+00 +0.000000E+00
 +0.148320E+01 -0.101240E+03 +0.132865E+03 -0.840694E+02 +0.161024E+02 +0.550157E+02 +0.000000E+00 +0.000000E+00 +0.221848E-02 -0.190327E-02 +0.000000E+00 +0.209060E-02 +0.000000E+00 +0.000000E+00
 +0.148320E+01 -0.101250E+03 +0.133123E+03 -0.843332E+02 +0.161006E+02 +0.549959E+02 +0.000000E+00 +0.000000E+00 +0.222342E-02 -0.190824E-02 +0.000000E+00 +0.208985E-02 +0.000000E+00 +0.000000E+00
 +0.148320E+01 -0.101260E+03 +0.133383E+03 -0.845887E+02 +0.161022E+02 +0.549699E+02 +0.000000E+00 +0.000000E+00 +0.222834E-02 -0.191313E-02 +0.000000E+00 +0.208886E-02 +0.000000E+00 +0.000000E+00
 +0.148320E+01 -0.101270E+03 +0.133644E+03 -0.848429E+02 +0.161044E+02 +0.549428E+02 +0.000000E+00 +0.000000E+00 +0.223325E-02 -0.191800E-02 +0.000000E+00 +0.208783E-02 +0.000000E+00 +0.000000E+00
 +0.148320E+01 -0.101280E+03 +0.133907E+03 -0.850890E+02 +0.161098E+02 +0.549095E+02 +0.000000E+00 +0.000000E+00 +0.223814E-02 -0.192278E-02 +0.000000E+00 +0.208656E-02 +0.000000E+00 +0.000000E+00
 +0.148320E+01 -0.101290E+03 +0.134169E+03 -0.853339E+02 +0.161158E+02 +0.548754E+02 +0.000000E+00 +0.000000E+00 +0.224302E-02 -0.192754E-02 +0.000000E+00 +0.208527E-02 +0.000000E+00 +0.000000E+00
 +0.148320E+01 -0.101300E+03 +0.134434E+03 -0.855707E+02 +0.161249E+02 +0.548353E+02 +0.000000E+00 +0.000000E+00 +0.224787E-02 -0.193222E-02 +0.000000E+00 +0.208374E-02 +0.000000E+00 +0.000000E+00
 +0.148320E+01 -0.101310E+03 +0.134699E+03 -0.858065E+02 +0.161344E+02 +0.547945E+02 +0.000000E+00 +0.000000E+00 +0.225272E-02 -0.193688E-02 +0.000000E+00 +0.208219E-02 +0.000000E+00 +0.000000E+00
 +0.148320E+01 -0.101320E+03 +0.134965E+03 -0.860344E+02 +0.161470E+02 +0.547479E+02 +0.000000E+00 +0.000000E+00 +0.225754E-02 -0.194145E-02 +0.000000E+00 +0.208042E-02 +0.000000E+00 +0.000000E+00
 +0.148320E+01 -0.101330E+03 +0.135231E+03 -0.862613E+02 +0.161599E+02 +0.547006E+02 +0.000000E+00 +0.000000E+00 +0.226235E-02 -0.194600E-02 +0.000000E+00 +0.207862E-02 +0.000000E+00 +0.000000E+00
 +0.148320E+01 -0.101340E+03 +0.135498E+03 -0.864804E+02 +0.161758E+02 +0.546477E+02 +0.000000E+00 +0.000000E+00 +0.226712E-02 -0.195047E-02 +0.000000E+00 +0.207661E-02 +0.000000E+00 +0.000000E+00
 +0.148320E+01 -0.101350E+03 +0.135765E+03 -0.866987E+02 +0.161920E+02 +0.545943E+02 +0.000000E+00 +0.000000E+00 +0.227189E-02 -0.195492E-02 +0.000000E+00 +0.207458E-02 +0.000000E+00 +0.000000E+00
 +0.148320E+01 -0.101360E+03 +0.136033E+03 -0.869093E+02 +0.162110E+02 +0.545355E+02 +0.000000E+00 +0.000000E+00 +0.227663E-02 -0.195929E-02 +0.000000E+00 +0.207235E-02 +0.000000E+00 +0.000000E+00
 +0.148320E+01 -0.101370E+03 +0.136302E+03 -0.871192E+02 +0.162302E+02 +0.544763E+02 +0.000000E+00 +0.000000E+00 +0.228136E-02 -0.196364E-02 +0.000000E+00 +0.207010E-02 +0.000000E+00 +0.000000E+00
 +0.148320E+01 -0.101380E+03 +0.136571E+03 -0.873213E+02 +0.162522E+02 +0.544118E+02 +0.000000E+00 +0.000000E+00 +0.228605E-02 -0.196790E-02 +0.000000E+00 +0.206765E-02 +0.000000E+00 +0.000000E+00
 +0.148320E+01 -0.101390E+03 +0.136839E+03 -0.875230E+02 +0.162744E+02 +0.543469E+02 +0.000000E+00 +0.000000E+00 +0.229073E-02 -0.197215E-02 +0.000000E+00 +0.206518E-02 +0.000000E+00 +0.000000E+00
 +0.148320E+01 -0.101400E+03 +0.137109E+03 -0.877171E+02 +0.162992E+02 +0.542770E+02 +0.000000E+00 +0.000000E+00 +0.229538E-02 -0.197631E-02 +0.000000E+00 +0.206253E-02 +0.000000E+00 +0.000000E+00
 +0.148320E+01 -0.101410E+03 +0.137378E+03 -0.879107E+02 +0.163242E+02 +0.542068E+02 +0.000000E+00 +0.000000E+00 +0.230002E-02 -0.198046E-02 +0.000000E+00 +0.205986E-02 +0.000000E+00 +0.000000E+00
 +0.148320E+01 -0.101420E+03 +0.137647E+03 -0.880968E+02 +0.163516E+02 +0.541318E+02 +0.000000E+00 +0.000000E+00 +0.230462E-02 -0.198452E-02 +0.000000E+00 +0.205701E-02 +0.000000E+00 +0.000000E+00
 +0.148320E+01 -0.101430E+03 +0.137917E+03 -0.882826E+02 +0.163792E+02 +0.540565E+02 +0.000000E+00 +0.000000E+00 +0.230921E-02 -0.198858E-02 +0.000000E+00 +0.205415E-02 +0.000000E+00 +0.000000E+00
 +0.148320E+01 -0.101440E+03 +0.138186E+03 -0.884610E+02 +0.164092E+02 +0.539765E+02 +0.000000E+00 +0.000000E+00 +0.231376E-02 -0.199253E-02 +0.000000E+00 +0.205111E-02 +0.000000E+00 +0.000000E+00
 +0.148320E+01 -0.101450E+03 +0.138455E+03 -0.886392E+02 +0.164393E+02 +0.538964E+02 +0.000000E+00 +0.000000E+00 +0.231830E-02 -0.199649E-02 +0.000000E+00 +0.204806E-02 +0.000000E+00 +0.000000E+00
 +0.148320E+01 -0.101460E+03 +0.138724E+03 -0.888100E+02 +0.164718E+02 +0.538117E+02 +0.000000E+00 +0.000000E+00 +0.232280E-02 -0.200035E-02 +0.000000E+00 +0.204485E-02 +0.000000E+00 +0.000000E+00
 +0.148320E+01 -0.101470E+03 +0.138993E+03 -0.889807E+02 +0.165042E+02 +0.537270E+02 +0.000000E+00 +0.000000E+00 +0.232730E-02 -0.200421E-02 +0.000000E+00 +0.204163E-02 +0.000000E+00 +0.000000E+00
 +0.148320E+01 -0.101480E+03 +0.139262E+03 -0.891442E+02 +0.165389E+02 +0.536378E+02 +0.000000E+00 +0.000000E+00 +0.233174E-02 -0.200798E-02 +0.000000E+00 +0.203824E-02 +0.000000E+00 +0.000000E+00
 +0.148320E+01 -0.101490E+03 +0.139531E+03 -0.893075E+02 +0.165737E+02 +0.535486E+02 +0.000000E+00 +0.000000E+00 +0.233618E-02 -0.201174E-02 +0.000000E+00 +0.203485E-02 +0.000000E+00 +0.000000E+00
 +0.148320E+01 -0.101500E+03 +0.139799E+03 -0.894639E+02 +0.166105E+02 +0.534553E+02 +0.000000E+00 +0.000000E+00 +0.234058E-02 -0.201541E-02 +0.000000E+00 +0.203130E-02 +0.000000E+00 +0.000000E+00
 +0.148320E+01 -0.101510E+03 +0.140067E+03 -0.896201E+02 +0.166474E+02 +0.533619E+02 +0.000000E+00 +0.000000E+00 +0.234497E-02 -0.201908E-02 +0.000000E+00 +0.202775E-02 +0.000000E+00 +0.000000E+00
 +0.148320E+01 -0.101520E+03 +0.140334E+03 -0.897695E+02 +0.166863E+02 +0.532646E+02 +0.000000E+00 +0.000000E+00 +0.234931E-02 -0.202266E-02 +0.000000E+00 +0.202405E-02 +0.000000E+00 +0.000000E+00
 +0.148320E+01 -0.101530E+03 +0.140601E+03 -0.899187E+02 +0.167252E+02 +0.531671E+02 +0.000000E+00 +0.000000E+00 +0.235364E-02 -0.202624E-02 +0.000000E+00 +0.202035E-02 +0.000000E+00 +0.000000E+00
 +0.148320E+01 -0.101540E+03 +0.140868E+03 -0.900614E+02 +0.167660E+02 +0.530660E+02 +0.000000E+00 +0.000000E+00 +0.235793E-02 -0.202972E-02 +0.000000E+00 +0.201651E-02 +0.000000E+00 +0.000000E+00
 +0.148320E+01 -0.101550E+03 +0.141134E+03 -0.902038E+02 +0.168069E+02 +0.529647E+02 +0.000000E+00 +0.000000E+00 +0.236221E-02 -0.203320E-02 +0.000000E+00 +0.201266E-02 +0.000000E+00 +0.000000E+00
 +0.148320E+01 -0.101560E+03 +0.141399E+03 -0.903399E+02 +0.168495E+02 +0.528600E+02 +0.000000E+00 +0.000000E+00 +0.236644E-02 -0.203660E-02 +0.000000E+00 +0.200868E-02 +0.000000E+00 +0.000000E+00
 +0.148320E+01 -0.101570E+03 +0.141664E+03 -0.904756E+02 +0.168923E+02 +0.527551E+02 +0.000000E+00 +0.000000E+00 +0.237067E-02 -0.203999E-02 +0.000000E+00 +0.200469E-02 +0.000000E+00 +0.000000E+00
 +0.148320E+01 -0.101580E+03 +0.141928E+03 -0.906053E+02 +0.169366E+02 +0.526469E+02 +0.000000E+00 +0.000000E+00 +0.237484E-02 -0.204330E-02 +0.000000E+00 +0.200058E-02 +0.000000E+00 +0.000000E+00
 +0.148320E+01 -0.101590E+03 +0.142192E+03 -0.907345E+02 +0.169811E+02 +0.525385E+02 +0.000000E+00 +0.000000E+00 +0.237901E-02 -0.204660E-02 +0.000000E+00 +0.199646E-02 +0.000000E+00 +0.000000E+00
 +0.148320E+01 -0.101600E+03 +0.142455E+03 -0.908580E+02 +0.170271E+02 +0.524272E+02 +0.000000E+00 +0.000000E+00 +0.238313E-02 -0.204982E-02 +0.000000E+00 +0.199223E-02 +0.000000E+00 +0.000000E+00
 +0.148320E+01 -0.101610E+03 +0.142718E+03 -0.909808E+02 +0.170732E+02 +0.523155E+02 +0.000000E+00 +0.000000E+00 +0.238725E-02 -0.205303E-02 +0.000000E+00 +0.198799E-02 +0.000000E+00 +0.000000E+00
 +0.148320E+01 -0.101620E+03 +0.142979E+03 -0.910982E+02 +0.171207E+02 +0.522011E+02 +0.000000E+00 +0.000000E+00 +0.239131E-02 -0.205616E-02 +0.000000E+00 +0.198364E-02 +0.000000E+00 +0.000000E+00
 +0.148320E+01 -0.101630E+03 +0.143240E+03 -0.912149E+02 +0.171684E+02 +0.520863E+02 +0.000000E+00 +0.000000E+00 +0.239537E-02 -0.205928E-02 +0.000000E+00 +0.197928E-02 +0.000000E+00 +0.000000E+00
 +0.148320E+01 -0.101640E+03 +0.143500E+03 -0.913263E+02 +0.172174E+02 +0.519689E+02 +0.000000E+00 +0.000000E+00 +0.239937E-02 -0.206233E-02 +0.000000E+00 +0.197482E-02 +0.000000E+00 +0.000000E+00
 +0.148320E+01 -0.101650E+03 +0.143760E+03 -0.914369E+02 +0.172665E+02 +0.518512E+02 +0.000000E+00 +0.000000E+00 +0.240337E-02 -0.206537E-02 +0.000000E+00 +0.197035E-02 +0.000000E+00 +0.000000E+00
 +0.148320E+01 -0.101660E+03 +0.144018E+03 -0.915425E+02 +0.173169E+02 +0.517311E+02 +0.000000E+00 +0.000000E+00 +0.240732E-02 -0.206833E-02 +0.000000E+00 +0.196578E-02 +0.000000E+00 +0.000000E+00
 +0.148320E+01 -0.101670E+03 +0.144276E+03 -0.916473E+02 +0.173674E+02 +0.516106E+02 +0.000000E+00 +0.000000E+00 +0.241126E-02 -0.207128E-02 +0.000000E+00 +0.196120E-02 +0.000000E+00 +0.000000E+00
 +0.148320E+01 -0.101680E+03 +0.144532E+03 -0.917472E+02 +0.174191E+02 +0.514878E+02 +0.000000E+00 +0.000000E+00 +0.241515E-02 -0.207416E-02 +0.000000E+00 +0.195654E-02 +0.000000E+00 +0.000000E+00
 +0.148320E+01 -0.101690E+03 +0.144789E+03 -0.918463E+02 +0.174710E+02 +0.513647E+02 +0.000000E+00 +0.000000E+00 +0.241903E-02 -0.207703E-02 +0.000000E+00 +0.195186E-02 +0.000000E+00 +0.000000E+00
 +0.148320E+01 -0.101700E+03 +0.145043E+03 -0.919406E+02 +0.175239E+02 +0.512395E+02 +0.000000E+00 +0.000000E+00 +0.242287E-02 -0.207983E-02 +0.000000E+00 +0.194710E-02 +0.000000E+00 +0.000000E+00
 +0.148320E+01 -0.101710E+03 +0.145298E+03 -0.920341E+02 +0.175770E+02 +0.511139E+02 +0.000000E+00 +0.000000E+00 +0.242669E-02 -0.208261E-02 +0.000000E+00 +0.194233E-02 +0.000000E+00 +0.000000E+00
 +0.148320E+01 -0.101720E+03 +0.145550E+03 -0.921231E+02 +0.176310E+02 +0.509864E+02 +0.000000E+00 +0.000000E+00 +0.243047E-02 -0.208533E-02 +0.000000E+00 +0.193748E-02 +0.000000E+00 +0.000000E+00
 +0.148320E+01 -0.101730E+03 +0.145803E+03 -0.922111E+02 +0.176853E+02 +0.508585E+02 +0.000000E+00 +0.000000E+00 +0.243424E-02 -0.208803E-02 +0.000000E+00 +0.193262E-02 +0.000000E+00 +0.000000E+00
 +0.148320E+01 -0.101740E+03 +0.146054E+03 -0.922949E+02 +0.177405E+02 +0.507288E+02 +0.000000E+00 +0.000000E+00 +0.243795E-02 -0.209067E-02 +0.000000E+00 +0.192769E-02 +0.000000E+00 +0.000000E+00
 +0.148320E+01 -0.101750E+03 +0.146304E+03 -0.923776E+02 +0.177958E+02 +0.505986E+02 +0.000000E+00 +0.000000E+00 +0.244166E-02 -0.209330E-02 +0.000000E+00 +0.192275E-02 +0.000000E+00 +0.000000E+00
 +0.148320E+01 -0.101760E+03 +0.146553E+03 -0.924562E+02 +0.178520E+02 +0.504669E+02 +0.000000E+00 +0.000000E+00 +0.244532E-02 -0.209586E-02 +0.000000E+00 +0.191774E-02 +0.000000E+00 +0.000000E+00
 +0.148320E+01 -0.101770E+03 +0.146802E+03 -0.925338E+02 +0.179084E+02 +0.503347E+02 +0.000000E+00 +0.000000E+00 +0.244897E-02 -0.209840E-02 +0.000000E+00 +0.191272E-02 +0.000000E+00 +0.000000E+00
 +0.148320E+01 -0.101780E+03 +0.147049E+03 -0.926074E+02 +0.179656E+02 +0.502010E+02 +0.000000E+00 +0.000000E+00 +0.245258E-02 -0.210089E-02 +0.000000E+00 +0.190764E-02 +0.000000E+00 +0.000000E+00
 +0.148320E+01 -0.101790E+03 +0.147295E+03 -0.926799E+02 +0.180230E+02 +0.500668E+02 +0.000000E+00 +0.000000E+00 +0.245617E-02 -0.210335E-02 +0.000000E+00 +0.190254E-02 +0.000000E+00 +0.000000E+00
 +0.148320E+01 -0.101800E+03 +0.147540E+03 -0.927486E+02 +0.180811E+02 +0.499313E+02 +0.000000E+00 +0.000000E+00 +0.245971E-02 -0.210576E-02 +0.000000E+00 +0.189739E-02 +0.000000E+00 +0.000000E+00
 +0.148320E+01 -0.101810E+03 +0.147784E+03 -0.928162E+02 +0.181394E+02 +0.497954E+02 +0.000000E+00 +0.000000E+00 +0.246325E-02 -0.210816E-02 +0.000000E+00 +0.189222E-02 +0.000000E+00 +0.000000E+00
 +0.148320E+01 -0.101820E+03 +0.148027E+03 -0.928802E+02 +0.181983E+02 +0.496581E+02 +0.000000E+00 +0.000000E+00 +0.246674E-02 -0.211049E-02 +0.000000E+00 +0.188701E-02 +0.000000E+00 +0.000000E+00
 +0.148320E+01 -0.101830E+03 +0.148269E+03 -0.929430E+02 +0.182574E+02 +0.495205E+02 +0.000000E+00 +0.000000E+00 +0.247021E-02 -0.211281E-02 +0.000000E+00 +0.188178E-02 +0.000000E+00 +0.000000E+00
 +0.148320E+01 -0.101840E+03 +0.148509E+03 -0.930024E+02 +0.183172E+02 +0.493816E+02 +0.000000E+00 +0.000000E+00 +0.247365E-02 -0.211507E-02 +0.000000E+00 +0.187650E-02 +0.000000E+00 +0.000000E+00
 +0.148320E+01 -0.101850E+03 +0.148749E+03 -0.930606E+02 +0.183771E+02 +0.492424E+02 +0.000000E+00 +0.000000E+00 +0.247706E-02 -0.211732E-02 +0.000000E+00 +0.187121E-02 +0.000000E+00 +0.000000E+00
 +0.148320E+01 -0.101860E+03 +0.148987E+03 -0.931154E+02 +0.184376E+02 +0.491021E+02 +0.000000E+00 +0.000000E+00 +0.248044E-02 -0.211951E-02 +0.000000E+00 +0.186588E-02 +0.000000E+00 +0.000000E+00
 +0.148320E+01 -0.101870E+03 +0.149225E+03 -0.931690E+02 +0.184983E+02 +0.489614E+02 +0.000000E+00 +0.000000E+00 +0.248380E-02 -0.212168E-02 +0.000000E+00 +0.186053E-02 +0.000000E+00 +0.000000E+00
 +0.148320E+01 -0.101880E+03 +0.149461E+03 -0.932194E+02 +0.185596E+02 +0.488197E+02 +0.000000E+00 +0.000000E+00 +0.248712E-02 -0.212380E-02 +0.000000E+00 +0.185515E-02 +0.000000E+00 +0.000000E+00
 +0.148320E+01 -0.101890E+03 +0.149696E+03 -0.932686E+02 +0.186210E+02 +0.486777E+02 +0.000000E+00 +0.000000E+00 +0.249042E-02 -0.212590E-02 +0.000000E+00 +0.184975E-02 +0.000000E+00 +0.000000E+00
 +0.148320E+01 -0.101900E+03 +0.149929E+03 -0.933148E+02 +0.186828E+02 +0.485347E+02 +0.000000E+00 +0.000000E+00 +0.249368E-02 -0.212795E-02 +0.000000E+00 +0.184432E-02 +0.000000E+00 +0.000000E+00
 +0.148320E+01 -0.101910E+03 +0.150162E+03 -0.933597E+02 +0.187449E+02 +0.483914E+02 +0.000000E+00 +0.000000E+00 +0.249693E-02 -0.212999E-02 +0.000000E+00 +0.183887E-02 +0.000000E+00 +0.000000E+00
 +0.148320E+01 -0.101920E+03 +0.150394E+03 -0.934016E+02 +0.188074E+02 +0.482472E+02 +0.000000E+00 +0.000000E+00 +0.250014E-02 -0.213197E-02 +0.000000E+00 +0.183339E-02 +0.000000E+00 +0.000000E+00
 +0.148320E+01 -0.101930E+03 +0.150624E+03 -0.934423E+02 +0.188700E+02 +0.481027E+02 +0.000000E+00 +0.000000E+00 +0.250333E-02 -0.213393E-02 +0.000000E+00 +0.182790E-02 +0.000000E+00 +0.000000E+00
 +0.148320E+01 -0.101940E+03 +0.150853E+03 -0.934802E+02 +0.189331E+02 +0.479575E+02 +0.000000E+00 +0.000000E+00 +0.250648E-02 -0.213585E-02 +0.000000E+00 +0.182238E-02 +0.000000E+00 +0.000000E+00
 +0.148320E+01 -0.101950E+03 +0.151081E+03 -0.935168E+02 +0.189963E+02 +0.478119E+02 +0.000000E+00 +0.000000E+00 +0.250962E-02 -0.213775E-02 +0.000000E+00 +0.181685E-02 +0.000000E+00 +0.000000E+00
 +0.148320E+01 -0.101960E+03 +0.151308E+03 -0.935507E+02 +0.190599E+02 +0.476656E+02 +0.000000E+00 +0.000000E+00 +0.251271E-02 -0.213960E-02 +0.000000E+00 +0.181129E-02 +0.000000E+00 +0.000000E+00
 +0.148320E+01 -0.101970E+03 +0.151534E+03 -0.935833E+02 +0.191236E+02 +0.475190E+02 +0.000000E+00 +0.000000E+00 +0.251579E-02 -0.214143E-02 +0.000000E+00 +0.180572E-02 +0.000000E+00 +0.000000E+00
 +0.148320E+01 -0.101980E+03 +0.151758E+03 -0.936134E+02 +0.191877E+02 +0.473719E+02 +0.000000E+00 +0.000000E+00 +0.251883E-02 -0.214322E-02 +0.000000E+00 +0.180013E-02 +0.000000E+00 +0.000000E+00
 +0.148320E+01 -0.101990E+03 +0.151981E+03 -0.936421E+02 +0.192519E+02 +0.472244E+02 +0.000000E+00 +0.000000E+00 +0.252186E-02 -0.214499E-02 +0.000000E+00 +0.179453E-02 +0.000000E+00 +0.000000E+00
 +0.148320E+01 -0.102000E+03 +0.152203E+03 -0.936684E+02 +0.193164E+02 +0.470764E+02 +0.000000E+00 +0.000000E+00 +0.252485E-02 -0.214671E-02 +0.000000E+00 +0.178890E-02 +0.000000E+00 +0.000000E+00
 +0.148320E+01 -0.102010E+03 +0.152424E+03 -0.936934E+02 +0.193811E+02 +0.469281E+02 +0.000000E+00 +0.000000E+00 +0.252782E-02 -0.214842E-02 +0.000000E+00 +0.178327E-02 +0.000000E+00 +0.000000E+00
 +0.148320E+01 -0.102020E+03 +0.152643E+03 -0.937160E+02 +0.194461E+02 +0.467793E+02 +0.000000E+00 +0.000000E+00 +0.253075E-02 -0.215008E-02 +0.000000E+00 +0.177761E-02 +0.000000E+00 +0.000000E+00
 +0.148320E+01 -0.102030E+03 +0.152862E+03 -0.937373E+02 +0.195111E+02 +0.466302E+02 +0.000000E+00 +0.000000E+00 +0.253366E-02 -0.215172E-02 +0.000000E+00 +0.177195E-02 +0.000000E+00 +0.000000E+00
 +0.148320E+01 -0.102040E+03 +0.153079E+03 -0.937563E+02 +0.195765E+02 +0.464807E+02 +0.000000E+00 +0.000000E+00 +0.253655E-02 -0.215332E-02 +0.000000E+00 +0.176627E-02 +0.000000E+00 +0.000000E+00
 +0.148320E+01 -0.102050E+03 +0.153295E+03 -0.937740E+02 +0.196419E+02 +0.463310E+02 +0.000000E+00 +0.000000E+00 +0.253941E-02 -0.215490E-02 +0.000000E+00 +0.176058E-02 +0.000000E+00 +0.000000E+00
 +0.148320E+01 -0.102060E+03 +0.153510E+03 -0.937896E+02 +0.197076E+02 +0.461809E+02 +0.000000E+00 +0.000000E+00 +0.254224E-02 -0.215645E-02 +0.000000E+00 +0.175487E-02 +0.000000E+00 +0.000000E+00
 +0.148320E+01 -0.102070E+03 +0.153723E+03 -0.938038E+02 +0.197734E+02 +0.460305E+02 +0.000000E+00 +0.000000E+00 +0.254504E-02 -0.215797E-02 +0.000000E+00 +0.174916E-02 +0.000000E+00 +0.000000E+00
 +0.148320E+01 -0.102080E+03 +0.153935E+03 -0.938159E+02 +0.198394E+02 +0.458798E+02 +0.000000E+00 +0.000000E+00 +0.254782E-02 -0.215945E-02 +0.000000E+00 +0.174343E-02 +0.000000E+00 +0.000000E+00
 +0.148320E+01 -0.102090E+03 +0.154146E+03 -0.938267E+02 +0.199055E+02 +0.457288E+02 +0.000000E+00 +0.000000E+00 +0.255058E-02 -0.216091E-02 +0.000000E+00 +0.173770E-02 +0.000000E+00 +0.000000E+00
 +0.148320E+01 -0.102100E+03 +0.154356E+03 -0.938355E+02 +0.199718E+02 +0.455775E+02 +0.000000E+00 +0.000000E+00 +0.255330E-02 -0.216234E-02 +0.000000E+00 +0.173195E-02 +0.000000E+00 +0.000000E+00
 +0.148320E+01 -0.102110E+03 +0.154565E+03 -0.938429E+02 +0.200382E+02 +0.454260E+02 +0.000000E+00 +0.000000E+00 +0.255600E-02 -0.216374E-02 +0.000000E+00 +0.172619E-02 +0.000000E+00 +0.000000E+00
 +0.148320E+01 -0.102120E+03 +0.154772E+03 -0.938485E+02 +0.201047E+02 +0.452742E+02 +0.000000E+00 +0.000000E+00 +0.255868E-02 -0.216511E-02 +0.000000E+00 +0.172042E-02 +0.000000E+00 +0.000000E+00
 +0.148320E+01 -0.102130E+03 +0.154978E+03 -0.938527E+02 +0.201714E+02 +0.451221E+02 +0.000000E+00 +0.000000E+00 +0.256133E-02 -0.216646E-02 +0.000000E+00 +0.171464E-02 +0.000000E+00 +0.000000E+00
 +0.148320E+01 -0.102140E+03 +0.155183E+03 -0.938551E+02 +0.202382E+02 +0.449696E+02 +0.000000E+00 +0.000000E+00 +0.256395E-02 -0.216777E-02 +0.000000E+00 +0.170885E-02 +0.000000E+00 +0.000000E+00
 +0.148320E+01 -0.102150E+03 +0.155387E+03 -0.938560E+02 +0.203051E+02 +0.448169E+02 +0.000000E+00 +0.000000E+00 +0.256655E-02 -0.216906E-02 +0.000000E+00 +0.170304E-02 +0.000000E+00 +0.000000E+00
 +0.148320E+01 -0.102160E+03 +0.155589E+03 -0.938553E+02 +0.203721E+02 +0.446639E+02 +0.000000E+00 +0.000000E+00 +0.256912E-02 -0.217032E-02 +0.000000E+00 +0.169723E-02 +0.000000E+00 +0.000000E+00
 +0.148320E+01 -0.102170E+03 +0.155790E+03 -0.938531E+02 +0.204393E+02 +0.445106E+02 +0.000000E+00 +0.000000E+00 +0.257167E-02 -0.217156E-02 +0.000000E+00 +0.169140E-02 +0.000000E+00 +0.000000E+00
 +0.148320E+01 -0.102180E+03 +0.155991E+03 -0.938494E+02 +0.205066E+02 +0.443569E+02 +0.000000E+00 +0.000000E+00 +0.257420E-02 -0.217276E-02 +0.000000E+00 +0.168556E-02 +0.000000E+00 +0.000000E+00
 +0.148320E+01 -0.102190E+03 +0.156190E+03 -0.938444E+02 +0.205739E+02 +0.442032E+02 +0.000000E+00 +0.000000E+00 +0.257670E-02 -0.217395E-02 +0.000000E+00 +0.167972E-02 +0.000000E+00 +0.000000E+00
 +0.148320E+01 -0.102200E+03 +0.156388E+03 -0.938381E+02 +0.206414E+02 +0.440496E+02 +0.000000E+00 +0.000000E+00 +0.257918E-02 -0.217511E-02 +0.000000E+00 +0.167388E-02 +0.000000E+00 +0.000000E+00
 +0.148320E+01 -0.102210E+03 +0.156590E+03 -0.938363E+02 +0.207089E+02 +0.438718E+02 +0.000000E+00 +0.000000E+00 +0.258175E-02 -0.217636E-02 +0.000000E+00 +0.166713E-02 +0.000000E+00 +0.000000E+00
 +0.148320E+01 -0.102220E+03 +0.156798E+03 -0.938387E+02 +0.207764E+02 +0.436707E+02 +0.000000E+00 +0.000000E+00 +0.258440E-02 -0.217769E-02 +0.000000E+00 +0.165949E-02 +0.000000E+00 +0.000000E+00
 +0.148320E+01 -0.102230E+03 +0.156994E+03 -0.938242E+02 +0.208460E+02 +0.435209E+02 +0.000000E+00 +0.000000E+00 +0.258681E-02 -0.217873E-02 +0.000000E+00 +0.165379E-02 +0.000000E+00 +0.000000E+00
 +0.148320E+01 -0.102240E+03 +0.157179E+03 -0.937958E+02 +0.209166E+02 +0.434173E+02 +0.000000E+00 +0.000000E+00 +0.258899E-02 -0.217954E-02 +0.000000E+00 +0.164986E-02 +0.000000E+00 +0.000000E+00
 +0.148320E+01 -0.102250E+03 +0.157352E+03 -0.938057E+02 +0.209704E+02 +0.432802E+02 +0.000000E+00 +0.000000E+00 +0.259126E-02 -0.218075E-02 +0.000000E+00 +0.164465E-02 +0.000000E+00 +0.000000E+00
 +0.148320E+01 -0.102260E+03 +0.157538E+03 -0.938002E+02 +0.210334E+02 +0.431170E+02 +0.000000E+00 +0.000000E+00 +0.259358E-02 -0.218184E-02 +0.000000E+00 +0.163845E-02 +0.000000E+00 +0.000000E+00
 +0.148320E+01 -0.102270E+03 +0.157713E+03 -0.937752E+02 +0.210994E+02 +0.429671E+02 +0.000000E+00 +0.000000E+00 +0.259565E-02 -0.218262E-02 +0.000000E+00 +0.163275E-02 +0.000000E+00 +0.000000E+00
 +0.148320E+01 -0.102280E+03 +0.157885E+03 -0.937329E+02 +0.211703E+02 +0.428205E+02 +0.000000E+00 +0.000000E+00 +0.259759E-02 -0.218316E-02 +0.000000E+00 +0.162718E-02 +0.000000E+00 +0.000000E+00
 +0.148320E+01 -0.102290E+03 +0.158087E+03 -0.936960E+02 +0.212490E+02 +0.426670E+02 +0.000000E+00 +0.000000E+00 +0.259992E-02 -0.218395E-02 +0.000000E+00 +0.162134E-02 +0.000000E+00 +0.000000E+00
 +0.148320E+01 -0.102300E+03 +0.158294E+03 -0.936741E+02 +0.213245E+02 +0.424988E+02 +0.000000E+00 +0.000000E+00 +0.260241E-02 -0.218497E-02 +0.000000E+00 +0.161496E-02 +0.000000E+00 +0.000000E+00
 +0.148320E+01 -0.102310E+03 +0.158474E+03 -0.936728E+02 +0.213843E+02 +0.423406E+02 +0.000000E+00 +0.000000E+00 +0.260470E-02 -0.218608E-02 +0.000000E+00 +0.160894E-02 +0.000000E+00 +0.000000E+00
 +0.148320E+01 -0.102320E+03 +0.158634E+03 -0.936868E+02 +0.214325E+02 +0.421896E+02 +0.000000E+00 +0.000000E+00 +0.260682E-02 -0.218727E-02 +0.000000E+00 +0.160320E-02 +0.000000E+00 +0.000000E+00
 +0.148320E+01 -0.102330E+03 +0.158796E+03 -0.936929E+02 +0.214841E+02 +0.420317E+02 +0.000000E+00 +0.000000E+00 +0.260893E-02 -0.218836E-02 +0.000000E+00 +0.159721E-02 +0.000000E+00 +0.000000E+00
 +0.148320E+01 -0.102340E+03 +0.158970E+03 -0.936819E+02 +0.215451E+02 +0.418742E+02 +0.000000E+00 +0.000000E+00 +0.261107E-02 -0.218931E-02 +0.000000E+00 +0.159122E-02 +0.000000E+00 +0.000000E+00
 +0.148320E+01 -0.102350E+03 +0.159153E+03 -0.936602E+02 +0.216126E+02 +0.417223E+02 +0.000000E+00 +0.000000E+00 +0.261327E-02 -0.219018E-02 +0.000000E+00 +0.158545E-02 +0.000000E+00 +0.000000E+00
 +0.148320E+01 -0.102360E+03 +0.159336E+03 -0.936385E+02 +0.216802E+02 +0.415703E+02 +0.000000E+00 +0.000000E+00 +0.261546E-02 -0.219105E-02 +0.000000E+00 +0.157967E-02 +0.000000E+00 +0.000000E+00
 +0.148320E+01 -0.102370E+03 +0.159520E+03 -0.936061E+02 +0.217518E+02 +0.414189E+02 +0.000000E+00 +0.000000E+00 +0.261761E-02 -0.219180E-02 +0.000000E+00 +0.157392E-02 +0.000000E+00 +0.000000E+00
 +0.148320E+01 -0.102380E+03 +0.159688E+03 -0.935659E+02 +0.218204E+02 +0.412729E+02 +0.000000E+00 +0.000000E+00 +0.261949E-02 -0.219234E-02 +0.000000E+00 +0.156837E-02 +0.000000E+00 +0.000000E+00
 +0.148320E+01 -0.102390E+03 +0.159851E+03 -0.935301E+02 +0.218858E+02 +0.411280E+02 +0.000000E+00 +0.000000E+00 +0.262133E-02 -0.219290E-02 +0.000000E+00 +0.156286E-02 +0.000000E+00 +0.000000E+00
 +0.148320E+01 -0.102400E+03 +0.160020E+03 -0.934882E+02 +0.219557E+02 +0.409822E+02 +0.000000E+00 +0.000000E+00 +0.262323E-02 -0.219343E-02 +0.000000E+00 +0.155732E-02 +0.000000E+00 +0.000000E+00
 +0.148320E+01 -0.102410E+03 +0.160197E+03 -0.934518E+02 +0.220261E+02 +0.408320E+02 +0.000000E+00 +0.000000E+00 +0.262526E-02 -0.219408E-02 +0.000000E+00 +0.155161E-02 +0.000000E+00 +0.000000E+00
 +0.148320E+01 -0.102420E+03 +0.160386E+03 -0.933969E+02 +0.221063E+02 +0.406636E+02 +0.000000E+00 +0.000000E+00 +0.262731E-02 -0.219456E-02 +0.000000E+00 +0.154522E-02 +0.000000E+00 +0.000000E+00
 +0.148320E+01 -0.102430E+03 +0.160574E+03 -0.933419E+02 +0.221866E+02 +0.404952E+02 +0.000000E+00 +0.000000E+00 +0.262936E-02 -0.219504E-02 +0.000000E+00 +0.153882E-02 +0.000000E+00 +0.000000E+00
 +0.148320E+01 -0.102440E+03 +0.160762E+03 -0.932870E+02 +0.222669E+02 +0.403268E+02 +0.000000E+00 +0.000000E+00 +0.263141E-02 -0.219552E-02 +0.000000E+00 +0.153242E-02 +0.000000E+00 +0.000000E+00
 +0.148320E+01 -0.102450E+03 +0.160925E+03 -0.932497E+02 +0.223328E+02 +0.401795E+02 +0.000000E+00 +0.000000E+00 +0.263325E-02 -0.219607E-02 +0.000000E+00 +0.152682E-02 +0.000000E+00 +0.000000E+00
 +0.148320E+01 -0.102460E+03 +0.161097E+03 -0.931960E+02 +0.224073E+02 +0.400364E+02 +0.000000E+00 +0.000000E+00 +0.263510E-02 -0.219646E-02 +0.000000E+00 +0.152138E-02 +0.000000E+00 +0.000000E+00
 +0.148320E+01 -0.102470E+03 +0.161275E+03 -0.931345E+02 +0.224863E+02 +0.398932E+02 +0.000000E+00 +0.000000E+00 +0.263698E-02 -0.219679E-02 +0.000000E+00 +0.151594E-02 +0.000000E+00 +0.000000E+00
 +0.148320E+01 -0.102480E+03 +0.161452E+03 -0.930730E+02 +0.225652E+02 +0.397501E+02 +0.000000E+00 +0.000000E+00 +0.263886E-02 -0.219713E-02 +0.000000E+00 +0.151050E-02 +0.000000E+00 +0.000000E+00
 +0.148320E+01 -0.102490E+03 +0.161635E+03 -0.930181E+02 +0.226435E+02 +0.396065E+02 +0.000000E+00 +0.000000E+00 +0.264083E-02 -0.219757E-02 +0.000000E+00 +0.150505E-02 +0.000000E+00 +0.000000E+00
 +0.148320E+01 -0.102500E+03 +0.161821E+03 -0.929692E+02 +0.227211E+02 +0.394627E+02 +0.000000E+00 +0.000000E+00 +0.264290E-02 -0.219812E-02 +0.000000E+00 +0.149958E-02 +0.000000E+00 +0.000000E+00
 +0.148320E+01 -0.102510E+03 +0.162007E+03 -0.929202E+02 +0.227987E+02 +0.393188E+02 +0.000000E+00 +0.000000E+00 +0.264496E-02 -0.219866E-02 +0.000000E+00 +0.149411E-02 +0.000000E+00 +0.000000E+00
 +0.148320E+01 -0.102520E+03 +0.162179E+03 -0.928788E+02 +0.228692E+02 +0.391671E+02 +0.000000E+00 +0.000000E+00 +0.264689E-02 -0.219921E-02 +0.000000E+00 +0.148835E-02 +0.000000E+00 +0.000000E+00
 +0.148320E+01 -0.102530E+03 +0.162340E+03 -0.928437E+02 +0.229337E+02 +0.390088E+02 +0.000000E+00 +0.000000E+00 +0.264871E-02 -0.219977E-02 +0.000000E+00 +0.148233E-02 +0.000000E+00 +0.000000E+00
 +0.148320E+01 -0.102540E+03 +0.162510E+03 -0.928006E+02 +0.230042E+02 +0.388583E+02 +0.000000E+00 +0.000000E+00 +0.265061E-02 -0.220029E-02 +0.000000E+00 +0.147662E-02 +0.000000E+00 +0.000000E+00
 +0.148320E+01 -0.102550E+03 +0.162683E+03 -0.927558E+02 +0.230759E+02 +0.387096E+02 +0.000000E+00 +0.000000E+00 +0.265253E-02 -0.220080E-02 +0.000000E+00 +0.147096E-02 +0.000000E+00 +0.000000E+00
 +0.148320E+01 -0.102560E+03 +0.162855E+03 -0.927110E+02 +0.231476E+02 +0.385608E+02 +0.000000E+00 +0.000000E+00 +0.265445E-02 -0.220131E-02 +0.000000E+00 +0.146531E-02 +0.000000E+00 +0.000000E+00
 +0.148320E+01 -0.102570E+03 +0.162996E+03 -0.926994E+02 +0.231980E+02 +0.384120E+02 +0.000000E+00 +0.000000E+00 +0.265617E-02 -0.220205E-02 +0.000000E+00 +0.145966E-02 +0.000000E+00 +0.000000E+00
 +0.148320E+01 -0.102580E+03 +0.163148E+03 -0.926508E+02 +0.232640E+02 +0.382642E+02 +0.000000E+00 +0.000000E+00 +0.265779E-02 -0.220238E-02 +0.000000E+00 +0.145404E-02 +0.000000E+00 +0.000000E+00
 +0.148320E+01 -0.102590E+03 +0.163304E+03 -0.925866E+02 +0.233367E+02 +0.381168E+02 +0.000000E+00 +0.000000E+00 +0.265937E-02 -0.220254E-02 +0.000000E+00 +0.144844E-02 +0.000000E+00 +0.000000E+00
 +0.148320E+01 -0.102600E+03 +0.163459E+03 -0.925231E+02 +0.234087E+02 +0.379689E+02 +0.000000E+00 +0.000000E+00 +0.266095E-02 -0.220270E-02 +0.000000E+00 +0.144282E-02 +0.000000E+00 +0.000000E+00
 +0.148320E+01 -0.102610E+03 +0.163603E+03 -0.924658E+02 +0.234753E+02 +0.378181E+02 +0.000000E+00 +0.000000E+00 +0.266243E-02 -0.220288E-02 +0.000000E+00 +0.143709E-02 +0.000000E+00 +0.000000E+00
 +0.148320E+01 -0.102620E+03 +0.163747E+03 -0.924085E+02 +0.235418E+02 +0.376673E+02 +0.000000E+00 +0.000000E+00 +0.266391E-02 -0.220306E-02 +0.000000E+00 +0.143136E-02 +0.000000E+00 +0.000000E+00
 +0.148320E+01 -0.102630E+03 +0.163893E+03 -0.923420E+02 +0.236118E+02 +0.375268E+02 +0.000000E+00 +0.000000E+00 +0.266534E-02 -0.220312E-02 +0.000000E+00 +0.142602E-02 +0.000000E+00 +0.000000E+00
 +0.148320E+01 -0.102640E+03 +0.164030E+03 -0.922909E+02 +0.236739E+02 +0.374017E+02 +0.000000E+00 +0.000000E+00 +0.266677E-02 -0.220333E-02 +0.000000E+00 +0.142126E-02 +0.000000E+00 +0.000000E+00
 +0.148320E+01 -0.102650E+03 +0.164150E+03 -0.922583E+02 +0.237241E+02 +0.372662E+02 +0.000000E+00 +0.000000E+00 +0.266808E-02 -0.220367E-02 +0.000000E+00 +0.141612E-02 +0.000000E+00 +0.000000E+00
 +0.148320E+01 -0.102660E+03 +0.164269E+03 -0.922257E+02 +0.237743E+02 +0.371308E+02 +0.000000E+00 +0.000000E+00 +0.266940E-02 -0.220400E-02 +0.000000E+00 +0.141097E-02 +0.000000E+00 +0.000000E+00
 +0.148320E+01 -0.102670E+03 +0.164389E+03 -0.921931E+02 +0.238245E+02 +0.369953E+02 +0.000000E+00 +0.000000E+00 +0.267072E-02 -0.220434E-02 +0.000000E+00 +0.140582E-02 +0.000000E+00 +0.000000E+00
 +0.148320E+01 -0.102680E+03 +0.164508E+03 -0.921605E+02 +0.238747E+02 +0.368598E+02 +0.000000E+00 +0.000000E+00 +0.267204E-02 -0.220467E-02 +0.000000E+00 +0.140067E-02 +0.000000E+00 +0.000000E+00
 +0.148320E+01 -0.102690E+03 +0.164641E+03 -0.921121E+02 +0.239345E+02 +0.367259E+02 +0.000000E+00 +0.000000E+00 +0.267342E-02 -0.220489E-02 +0.000000E+00 +0.139558E-02 +0.000000E+00 +0.000000E+00
 +0.148320E+01 -0.102700E+03 +0.164787E+03 -0.920479E+02 +0.240038E+02 +0.365935E+02 +0.000000E+00 +0.000000E+00 +0.267488E-02 -0.220498E-02 +0.000000E+00 +0.139055E-02 +0.000000E+00 +0.000000E+00
 +0.148320E+01 -0.102710E+03 +0.164933E+03 -0.919838E+02 +0.240731E+02 +0.364610E+02 +0.000000E+00 +0.000000E+00 +0.267633E-02 -0.220508E-02 +0.000000E+00 +0.138552E-02 +0.000000E+00 +0.000000E+00
 +0.148320E+01 -0.102720E+03 +0.165078E+03 -0.919201E+02 +0.241421E+02 +0.363283E+02 +0.000000E+00 +0.000000E+00 +0.267778E-02 -0.220518E-02 +0.000000E+00 +0.138047E-02 +0.000000E+00 +0.000000E+00
 +0.148320E+01 -0.102730E+03 +0.165201E+03 -0.918738E+02 +0.241980E+02 +0.361789E+02 +0.000000E+00 +0.000000E+00 +0.267906E-02 -0.220536E-02 +0.000000E+00 +0.137480E-02 +0.000000E+00 +0.000000E+00
 +0.148320E+01 -0.102740E+03 +0.165324E+03 -0.918274E+02 +0.242538E+02 +0.360296E+02 +0.000000E+00 +0.000000E+00 +0.268033E-02 -0.220554E-02 +0.000000E+00 +0.136913E-02 +0.000000E+00 +0.000000E+00
 +0.148320E+01 -0.102750E+03 +0.165451E+03 -0.917710E+02 +0.243143E+02 +0.358797E+02 +0.000000E+00 +0.000000E+00 +0.268159E-02 -0.220562E-02 +0.000000E+00 +0.136343E-02 +0.000000E+00 +0.000000E+00
 +0.148320E+01 -0.102760E+03 +0.165584E+03 -0.916977E+02 +0.243824E+02 +0.357287E+02 +0.000000E+00 +0.000000E+00 +0.268283E-02 -0.220552E-02 +0.000000E+00 +0.135769E-02 +0.000000E+00 +0.000000E+00
 +0.148320E+01 -0.102770E+03 +0.165717E+03 -0.916243E+02 +0.244506E+02 +0.355777E+02 +0.000000E+00 +0.000000E+00 +0.268406E-02 -0.220542E-02 +0.000000E+00 +0.135195E-02 +0.000000E+00 +0.000000E+00
 +0.148320E+01 -0.102780E+03 +0.165850E+03 -0.915637E+02 +0.245144E+02 +0.354167E+02 +0.000000E+00 +0.000000E+00 +0.268537E-02 -0.220549E-02 +0.000000E+00 +0.134583E-02 +0.000000E+00 +0.000000E+00
 +0.148320E+01 -0.102790E+03 +0.165982E+03 -0.915081E+02 +0.245765E+02 +0.352518E+02 +0.000000E+00 +0.000000E+00 +0.268671E-02 -0.220561E-02 +0.000000E+00 +0.133957E-02 +0.000000E+00 +0.000000E+00
 +0.148320E+01 -0.102800E+03 +0.166115E+03 -0.914525E+02 +0.246386E+02 +0.350869E+02 +0.000000E+00 +0.000000E+00 +0.268805E-02 -0.220573E-02 +0.000000E+00 +0.133330E-02 +0.000000E+00 +0.000000E+00
 +0.148320E+01 -0.102810E+03 +0.166248E+03 -0.913969E+02 +0.247007E+02 +0.349220E+02 +0.000000E+00 +0.000000E+00 +0.268939E-02 -0.220586E-02 +0.000000E+00 +0.132703E-02 +0.000000E+00 +0.000000E+00
 +0.148320E+01 -0.102820E+03 +0.166380E+03 -0.913414E+02 +0.247628E+02 +0.347571E+02 +0.000000E+00 +0.000000E+00 +0.269073E-02 -0.220598E-02 +0.000000E+00 +0.132077E-02 +0.000000E+00 +0.000000E+00
 +0.148320E+01 -0.102830E+03 +0.166507E+03 -0.912825E+02 +0.248241E+02 +0.346028E+02 +0.000000E+00 +0.000000E+00 +0.269197E-02 -0.220602E-02 +0.000000E+00 +0.131491E-02 +0.000000E+00 +0.000000E+00
 +0.148320E+01 -0.102840E+03 +0.166624E+03 -0.912182E+02 +0.248840E+02 +0.344662E+02 +0.000000E+00 +0.000000E+00 +0.269306E-02 -0.220594E-02 +0.000000E+00 +0.130971E-02 +0.000000E+00 +0.000000E+00
 +0.148320E+01 -0.102850E+03 +0.166741E+03 -0.911540E+02 +0.249438E+02 +0.343295E+02 +0.000000E+00 +0.000000E+00 +0.269415E-02 -0.220586E-02 +0.000000E+00 +0.130452E-02 +0.000000E+00 +0.000000E+00
 +0.148320E+01 -0.102860E+03 +0.166859E+03 -0.910897E+02 +0.250037E+02 +0.341928E+02 +0.000000E+00 +0.000000E+00 +0.269524E-02 -0.220577E-02 +0.000000E+00 +0.129933E-02 +0.000000E+00 +0.000000E+00
 +0.148320E+01 -0.102870E+03 +0.166976E+03 -0.910254E+02 +0.250636E+02 +0.340561E+02 +0.000000E+00 +0.000000E+00 +0.269633E-02 -0.220569E-02 +0.000000E+00 +0.129413E-02 +0.000000E+00 +0.000000E+00
 +0.148320E+01 -0.102880E+03 +0.167093E+03 -0.909612E+02 +0.251235E+02 +0.339194E+02 +0.000000E+00 +0.000000E+00 +0.269742E-02 -0.220561E-02 +0.000000E+00 +0.128894E-02 +0.000000E+00 +0.000000E+00
 +0.148320E+01 -0.102890E+03 +0.167211E+03 -0.908941E+02 +0.251847E+02 +0.337812E+02 +0.000000E+00 +0.000000E+00 +0.269851E-02 -0.220550E-02 +0.000000E+00 +0.128369E-02 +0.000000E+00 +0.000000E+00
 +0.148320E+01 -0.102900E+03 +0.167335E+03 -0.908122E+02 +0.252527E+02 +0.336351E+02 +0.000000E+00 +0.000000E+00 +0.269957E-02 -0.220523E-02 +0.000000E+00 +0.127813E-02 +0.000000E+00 +0.000000E+00
 +0.148320E+01 -0.102910E+03 +0.167459E+03 -0.907303E+02 +0.253206E+02 +0.334889E+02 +0.000000E+00 +0.000000E+00 +0.270064E-02 -0.220497E-02 +0.000000E+00 +0.127258E-02 +0.000000E+00 +0.000000E+00
 +0.148320E+01 -0.102920E+03 +0.167558E+03 -0.906644E+02 +0.253751E+02 +0.333461E+02 +0.000000E+00 +0.000000E+00 +0.270149E-02 -0.220475E-02 +0.000000E+00 +0.126715E-02 +0.000000E+00 +0.000000E+00
 +0.148320E+01 -0.102930E+03 +0.167651E+03 -0.906023E+02 +0.254262E+02 +0.332040E+02 +0.000000E+00 +0.000000E+00 +0.270228E-02 -0.220454E-02 +0.000000E+00 +0.126175E-02 +0.000000E+00 +0.000000E+00
 +0.148320E+01 -0.102940E+03 +0.167761E+03 -0.905351E+02 +0.254844E+02 +0.330634E+02 +0.000000E+00 +0.000000E+00 +0.270325E-02 -0.220437E-02 +0.000000E+00 +0.125641E-02 +0.000000E+00 +0.000000E+00
 +0.148320E+01 -0.102950E+03 +0.167881E+03 -0.904644E+02 +0.255473E+02 +0.329239E+02 +0.000000E+00 +0.000000E+00 +0.270433E-02 -0.220422E-02 +0.000000E+00 +0.125111E-02 +0.000000E+00 +0.000000E+00
 +0.148320E+01 -0.102960E+03 +0.168001E+03 -0.903938E+02 +0.256102E+02 +0.327844E+02 +0.000000E+00 +0.000000E+00 +0.270542E-02 -0.220408E-02 +0.000000E+00 +0.124581E-02 +0.000000E+00 +0.000000E+00
 +0.148320E+01 -0.102970E+03 +0.168121E+03 -0.903231E+02 +0.256732E+02 +0.326449E+02 +0.000000E+00 +0.000000E+00 +0.270650E-02 -0.220393E-02 +0.000000E+00 +0.124051E-02 +0.000000E+00 +0.000000E+00
 +0.148320E+01 -0.102980E+03 +0.168241E+03 -0.902524E+02 +0.257361E+02 +0.325054E+02 +0.000000E+00 +0.000000E+00 +0.270759E-02 -0.220378E-02 +0.000000E+00 +0.123521E-02 +0.000000E+00 +0.000000E+00
 +0.148320E+01 -0.102990E+03 +0.168361E+03 -0.901817E+02 +0.257991E+02 +0.323659E+02 +0.000000E+00 +0.000000E+00 +0.270867E-02 -0.220363E-02 +0.000000E+00 +0.122990E-02 +0.000000E+00 +0.000000E+00
 +0.148320E+01 -0.103000E+03 +0.168482E+03 -0.901079E+02 +0.258633E+02 +0.322263E+02 +0.000000E+00 +0.000000E+00 +0.270975E-02 -0.220345E-02 +0.000000E+00 +0.122460E-02 +0.000000E+00 +0.000000E+00
 +0.148320E+01 -0.103010E+03 +0.168607E+03 -0.900190E+02 +0.259342E+02 +0.320864E+02 +0.000000E+00 +0.000000E+00 +0.271079E-02 -0.220311E-02 +0.000000E+00 +0.121928E-02 +0.000000E+00 +0.000000E+00
 +0.148320E+01 -0.103020E+03 +0.168733E+03 -0.899300E+02 +0.260050E+02 +0.319466E+02 +0.000000E+00 +0.000000E+00 +0.271183E-02 -0.220276E-02 +0.000000E+00 +0.121397E-02 +0.000000E+00 +0.000000E+00
 +0.148320E+01 -0.103030E+03 +0.168859E+03 -0.898411E+02 +0.260758E+02 +0.318067E+02 +0.000000E+00 +0.000000E+00 +0.271287E-02 -0.220242E-02 +0.000000E+00 +0.120865E-02 +0.000000E+00 +0.000000E+00
 +0.148320E+01 -0.103040E+03 +0.168984E+03 -0.897521E+02 +0.261466E+02 +0.316668E+02 +0.000000E+00 +0.000000E+00 +0.271392E-02 -0.220208E-02 +0.000000E+00 +0.120334E-02 +0.000000E+00 +0.000000E+00
 +0.148320E+01 -0.103050E+03 +0.169110E+03 -0.896632E+02 +0.262174E+02 +0.315269E+02 +0.000000E+00 +0.000000E+00 +0.271496E-02 -0.220173E-02 +0.000000E+00 +0.119802E-02 +0.000000E+00 +0.000000E+00
 +0.148320E+01 -0.103060E+03 +0.169224E+03 -0.895395E+02 +0.262959E+02 +0.314002E+02 +0.000000E+00 +0.000000E+00 +0.271564E-02 -0.220087E-02 +0.000000E+00 +0.119321E-02 +0.000000E+00 +0.000000E+00
 +0.148320E+01 -0.103070E+03 +0.169336E+03 -0.894100E+02 +0.263757E+02 +0.312758E+02 +0.000000E+00 +0.000000E+00 +0.271625E-02 -0.219993E-02 +0.000000E+00 +0.118848E-02 +0.000000E+00 +0.000000E+00
 +0.148320E+01 -0.103080E+03 +0.169449E+03 -0.892804E+02 +0.264555E+02 +0.311513E+02 +0.000000E+00 +0.000000E+00 +0.271687E-02 -0.219898E-02 +0.000000E+00 +0.118375E-02 +0.000000E+00 +0.000000E+00
 +0.148320E+01 -0.103090E+03 +0.169542E+03 -0.892029E+02 +0.265118E+02 +0.310317E+02 +0.000000E+00 +0.000000E+00 +0.271757E-02 -0.219858E-02 +0.000000E+00 +0.117921E-02 +0.000000E+00 +0.000000E+00
 +0.148320E+01 -0.103100E+03 +0.169631E+03 -0.891354E+02 +0.265636E+02 +0.309131E+02 +0.000000E+00 +0.000000E+00 +0.271828E-02 -0.219828E-02 +0.000000E+00 +0.117470E-02 +0.000000E+00 +0.000000E+00
 +0.148320E+01 -0.103110E+03 +0.169721E+03 -0.890678E+02 +0.266154E+02 +0.307944E+02 +0.000000E+00 +0.000000E+00 +0.271900E-02 -0.219798E-02 +0.000000E+00 +0.117019E-02 +0.000000E+00 +0.000000E+00
 +0.148320E+01 -0.103120E+03 +0.169810E+03 -0.890003E+02 +0.266672E+02 +0.306758E+02 +0.000000E+00 +0.000000E+00 +0.271971E-02 -0.219768E-02 +0.000000E+00 +0.116568E-02 +0.000000E+00 +0.000000E+00
 +0.148320E+01 -0.103130E+03 +0.169899E+03 -0.889328E+02 +0.267190E+02 +0.305571E+02 +0.000000E+00 +0.000000E+00 +0.272043E-02 -0.219738E-02 +0.000000E+00 +0.116117E-02 +0.000000E+00 +0.000000E+00
 +0.148320E+01 -0.103140E+03 +0.169989E+03 -0.888653E+02 +0.267708E+02 +0.304385E+02 +0.000000E+00 +0.000000E+00 +0.272114E-02 -0.219708E-02 +0.000000E+00 +0.115666E-02 +0.000000E+00 +0.000000E+00
 +0.148320E+01 -0.103150E+03 +0.170078E+03 -0.887977E+02 +0.268226E+02 +0.303199E+02 +0.000000E+00 +0.000000E+00 +0.272186E-02 -0.219679E-02 +0.000000E+00 +0.115215E-02 +0.000000E+00 +0.000000E+00
 +0.148320E+01 -0.103160E+03 +0.170168E+03 -0.887302E+02 +0.268744E+02 +0.302012E+02 +0.000000E+00 +0.000000E+00 +0.272257E-02 -0.219649E-02 +0.000000E+00 +0.114765E-02 +0.000000E+00 +0.000000E+00
 +0.148320E+01 -0.103170E+03 +0.170278E+03 -0.886555E+02 +0.269355E+02 +0.300677E+02 +0.000000E+00 +0.000000E+00 +0.272351E-02 -0.219623E-02 +0.000000E+00 +0.114257E-02 +0.000000E+00 +0.000000E+00
 +0.148320E+01 -0.103180E+03 +0.170418E+03 -0.885706E+02 +0.270097E+02 +0.299133E+02 +0.000000E+00 +0.000000E+00 +0.272476E-02 -0.219603E-02 +0.000000E+00 +0.113670E-02 +0.000000E+00 +0.000000E+00
 +0.148320E+01 -0.103190E+03 +0.170558E+03 -0.884857E+02 +0.270839E+02 +0.297589E+02 +0.000000E+00 +0.000000E+00 +0.272601E-02 -0.219582E-02 +0.000000E+00 +0.113084E-02 +0.000000E+00 +0.000000E+00
 +0.148320E+01 -0.103200E+03 +0.170668E+03 -0.884074E+02 +0.271460E+02 +0.296268E+02 +0.000000E+00 +0.000000E+00 +0.272692E-02 -0.219552E-02 +0.000000E+00 +0.112582E-02 +0.000000E+00 +0.000000E+00
 +0.148320E+01 -0.103210E+03 +0.170761E+03 -0.883328E+02 +0.272012E+02 +0.295078E+02 +0.000000E+00 +0.000000E+00 +0.272763E-02 -0.219515E-02 +0.000000E+00 +0.112129E-02 +0.000000E+00 +0.000000E+00
 +0.148320E+01 -0.103220E+03 +0.170853E+03 -0.882583E+02 +0.272563E+02 +0.293887E+02 +0.000000E+00 +0.000000E+00 +0.272834E-02 -0.219478E-02 +0.000000E+00 +0.111677E-02 +0.000000E+00 +0.000000E+00
 +0.148320E+01 -0.103230E+03 +0.170946E+03 -0.881837E+02 +0.273115E+02 +0.292696E+02 +0.000000E+00 +0.000000E+00 +0.272905E-02 -0.219441E-02 +0.000000E+00 +0.111224E-02 +0.000000E+00 +0.000000E+00
 +0.148320E+01 -0.103240E+03 +0.171038E+03 -0.881091E+02 +0.273666E+02 +0.291505E+02 +0.000000E+00 +0.000000E+00 +0.272976E-02 -0.219404E-02 +0.000000E+00 +0.110772E-02 +0.000000E+00 +0.000000E+00
 +0.148320E+01 -0.103250E+03 +0.171131E+03 -0.880346E+02 +0.274217E+02 +0.290314E+02 +0.000000E+00 +0.000000E+00 +0.273047E-02 -0.219367E-02 +0.000000E+00 +0.110319E-02 +0.000000E+00 +0.000000E+00
 +0.148320E+01 -0.103260E+03 +0.171223E+03 -0.879600E+02 +0.274769E+02 +0.289124E+02 +0.000000E+00 +0.000000E+00 +0.273118E-02 -0.219330E-02 +0.000000E+00 +0.109867E-02 +0.000000E+00 +0.000000E+00
 +0.148320E+01 -0.103270E+03 +0.171316E+03 -0.878855E+02 +0.275320E+02 +0.287933E+02 +0.000000E+00 +0.000000E+00 +0.273189E-02 -0.219293E-02 +0.000000E+00 +0.109414E-02 +0.000000E+00 +0.000000E+00
 +0.148320E+01 -0.103280E+03 +0.171408E+03 -0.878109E+02 +0.275872E+02 +0.286742E+02 +0.000000E+00 +0.000000E+00 +0.273260E-02 -0.219256E-02 +0.000000E+00 +0.108962E-02 +0.000000E+00 +0.000000E+00
 +0.148320E+01 -0.103290E+03 +0.171501E+03 -0.877380E+02 +0.276418E+02 +0.285542E+02 +0.000000E+00 +0.000000E+00 +0.273333E-02 -0.219222E-02 +0.000000E+00 +0.108506E-02 +0.000000E+00 +0.000000E+00
 +0.148320E+01 -0.103300E+03 +0.171595E+03 -0.876754E+02 +0.276933E+02 +0.284286E+02 +0.000000E+00 +0.000000E+00 +0.273412E-02 -0.219201E-02 +0.000000E+00 +0.108029E-02 +0.000000E+00 +0.000000E+00
 +0.148320E+01 -0.103310E+03 +0.171688E+03 -0.876128E+02 +0.277448E+02 +0.283029E+02 +0.000000E+00 +0.000000E+00 +0.273492E-02 -0.219179E-02 +0.000000E+00 +0.107551E-02 +0.000000E+00 +0.000000E+00
 +0.148320E+01 -0.103320E+03 +0.171781E+03 -0.875501E+02 +0.277963E+02 +0.281773E+02 +0.000000E+00 +0.000000E+00 +0.273572E-02 -0.219158E-02 +0.000000E+00 +0.107074E-02 +0.000000E+00 +0.000000E+00
 +0.148320E+01 -0.103330E+03 +0.171875E+03 -0.874875E+02 +0.278478E+02 +0.280516E+02 +0.000000E+00 +0.000000E+00 +0.273651E-02 -0.219137E-02 +0.000000E+00 +0.106596E-02 +0.000000E+00 +0.000000E+00
 +0.148320E+01 -0.103340E+03 +0.171968E+03 -0.874249E+02 +0.278994E+02 +0.279260E+02 +0.000000E+00 +0.000000E+00 +0.273731E-02 -0.219116E-02 +0.000000E+00 +0.106119E-02 +0.000000E+00 +0.000000E+00
 +0.148320E+01 -0.103350E+03 +0.172057E+03 -0.873624E+02 +0.279491E+02 +0.278088E+02 +0.000000E+00 +0.000000E+00 +0.273804E-02 -0.219092E-02 +0.000000E+00 +0.105673E-02 +0.000000E+00 +0.000000E+00
 +0.148320E+01 -0.103360E+03 +0.172140E+03 -0.873000E+02 +0.279973E+02 +0.276986E+02 +0.000000E+00 +0.000000E+00 +0.273872E-02 -0.219065E-02 +0.000000E+00 +0.105255E-02 +0.000000E+00 +0.000000E+00
 +0.148320E+01 -0.103370E+03 +0.172224E+03 -0.872376E+02 +0.280455E+02 +0.275885E+02 +0.000000E+00 +0.000000E+00 +0.273939E-02 -0.219038E-02 +0.000000E+00 +0.104836E-02 +0.000000E+00 +0.000000E+00
 +0.148320E+01 -0.103380E+03 +0.172302E+03 -0.871602E+02 +0.280967E+02 +0.274701E+02 +0.000000E+00 +0.000000E+00 +0.273989E-02 -0.218988E-02 +0.000000E+00 +0.104386E-02 +0.000000E+00 +0.000000E+00
 +0.148320E+01 -0.103390E+03 +0.172377E+03 -0.870758E+02 +0.281493E+02 +0.273477E+02 +0.000000E+00 +0.000000E+00 +0.274032E-02 -0.218928E-02 +0.000000E+00 +0.103921E-02 +0.000000E+00 +0.000000E+00
 +0.148320E+01 -0.103400E+03 +0.172452E+03 -0.869913E+02 +0.282019E+02 +0.272254E+02 +0.000000E+00 +0.000000E+00 +0.274075E-02 -0.218867E-02 +0.000000E+00 +0.103456E-02 +0.000000E+00 +0.000000E+00
 +0.148320E+01 -0.103410E+03 +0.172527E+03 -0.869069E+02 +0.282545E+02 +0.271030E+02 +0.000000E+00 +0.000000E+00 +0.274117E-02 -0.218807E-02 +0.000000E+00 +0.102992E-02 +0.000000E+00 +0.000000E+00
 +0.148320E+01 -0.103420E+03 +0.172602E+03 -0.868225E+02 +0.283071E+02 +0.269807E+02 +0.000000E+00 +0.000000E+00 +0.274160E-02 -0.218746E-02 +0.000000E+00 +0.102527E-02 +0.000000E+00 +0.000000E+00
 +0.148320E+01 -0.103430E+03 +0.172677E+03 -0.867380E+02 +0.283598E+02 +0.268583E+02 +0.000000E+00 +0.000000E+00 +0.274202E-02 -0.218686E-02 +0.000000E+00 +0.102062E-02 +0.000000E+00 +0.000000E+00
 +0.148320E+01 -0.103440E+03 +0.172752E+03 -0.866536E+02 +0.284124E+02 +0.267360E+02 +0.000000E+00 +0.000000E+00 +0.274245E-02 -0.218625E-02 +0.000000E+00 +0.101597E-02 +0.000000E+00 +0.000000E+00
 +0.148320E+01 -0.103450E+03 +0.172827E+03 -0.865691E+02 +0.284650E+02 +0.266136E+02 +0.000000E+00 +0.000000E+00 +0.274287E-02 -0.218565E-02 +0.000000E+00 +0.101132E-02 +0.000000E+00 +0.000000E+00
 +0.148320E+01 -0.103460E+03 +0.172902E+03 -0.864847E+02 +0.285176E+02 +0.264913E+02 +0.000000E+00 +0.000000E+00 +0.274330E-02 -0.218504E-02 +0.000000E+00 +0.100667E-02 +0.000000E+00 +0.000000E+00
 +0.148320E+01 -0.103470E+03 +0.172977E+03 -0.864003E+02 +0.285702E+02 +0.263689E+02 +0.000000E+00 +0.000000E+00 +0.274372E-02 -0.218444E-02 +0.000000E+00 +0.100202E-02 +0.000000E+00 +0.000000E+00
 +0.148320E+01 -0.103480E+03 +0.173052E+03 -0.863158E+02 +0.286228E+02 +0.262466E+02 +0.000000E+00 +0.000000E+00 +0.274415E-02 -0.218383E-02 +0.000000E+00 +0.997370E-03 +0.000000E+00 +0.000000E+00
 +0.148320E+01 -0.103490E+03 +0.173127E+03 -0.862314E+02 +0.286754E+02 +0.261242E+02 +0.000000E+00 +0.000000E+00 +0.274457E-02 -0.218323E-02 +0.000000E+00 +0.992721E-03 +0.000000E+00 +0.000000E+00
 +0.148320E+01 -0.103500E+03 +0.173201E+03 -0.861464E+02 +0.287281E+02 +0.260029E+02 +0.000000E+00 +0.000000E+00 +0.274499E-02 -0.218262E-02 +0.000000E+00 +0.988111E-03 +0.000000E+00 +0.000000E+00
 +0.148320E+01 -0.103510E+03 +0.173272E+03 -0.860533E+02 +0.287822E+02 +0.258985E+02 +0.000000E+00 +0.000000E+00 +0.274531E-02 -0.218188E-02 +0.000000E+00 +0.984145E-03 +0.000000E+00 +0.000000E+00
 +0.148320E+01 -0.103520E+03 +0.173343E+03 -0.859603E+02 +0.288362E+02 +0.257942E+02 +0.000000E+00 +0.000000E+00 +0.274562E-02 -0.218113E-02 +0.000000E+00 +0.980178E-03 +0.000000E+00 +0.000000E+00
 +0.148320E+01 -0.103530E+03 +0.173413E+03 -0.858672E+02 +0.288903E+02 +0.256898E+02 +0.000000E+00 +0.000000E+00 +0.274594E-02 -0.218039E-02 +0.000000E+00 +0.976212E-03 +0.000000E+00 +0.000000E+00
 +0.148320E+01 -0.103540E+03 +0.173484E+03 -0.857741E+02 +0.289443E+02 +0.255854E+02 +0.000000E+00 +0.000000E+00 +0.274626E-02 -0.217965E-02 +0.000000E+00 +0.972245E-03 +0.000000E+00 +0.000000E+00
 +0.148320E+01 -0.103550E+03 +0.173555E+03 -0.856810E+02 +0.289983E+02 +0.254810E+02 +0.000000E+00 +0.000000E+00 +0.274657E-02 -0.217891E-02 +0.000000E+00 +0.968279E-03 +0.000000E+00 +0.000000E+00
 +0.148320E+01 -0.103560E+03 +0.173625E+03 -0.855879E+02 +0.290524E+02 +0.253766E+02 +0.000000E+00 +0.000000E+00 +0.274689E-02 -0.217817E-02 +0.000000E+00 +0.964312E-03 +0.000000E+00 +0.000000E+00
 +0.148320E+01 -0.103570E+03 +0.173696E+03 -0.854949E+02 +0.291064E+02 +0.252723E+02 +0.000000E+00 +0.000000E+00 +0.274720E-02 -0.217742E-02 +0.000000E+00 +0.960346E-03 +0.000000E+00 +0.000000E+00
 +0.148320E+01 -0.103580E+03 +0.173767E+03 -0.854018E+02 +0.291604E+02 +0.251679E+02 +0.000000E+00 +0.000000E+00 +0.274752E-02 -0.217668E-02 +0.000000E+00 +0.956379E-03 +0.000000E+00 +0.000000E+00
 +0.148320E+01 -0.103590E+03 +0.173837E+03 -0.853087E+02 +0.292145E+02 +0.250635E+02 +0.000000E+00 +0.000000E+00 +0.274784E-02 -0.217594E-02 +0.000000E+00 +0.952413E-03 +0.000000E+00 +0.000000E+00
 +0.148320E+01 -0.103600E+03 +0.173908E+03 -0.852156E+02 +0.292685E+02 +0.249591E+02 +0.000000E+00 +0.000000E+00 +0.274815E-02 -0.217520E-02 +0.000000E+00 +0.948446E-03 +0.000000E+00 +0.000000E+00
 +0.148320E+01 -0.103610E+03 +0.173979E+03 -0.851225E+02 +0.293225E+02 +0.248547E+02 +0.000000E+00 +0.000000E+00 +0.274847E-02 -0.217446E-02 +0.000000E+00 +0.944480E-03 +0.000000E+00 +0.000000E+00
 +0.148320E+01 -0.103620E+03 +0.174049E+03 -0.850295E+02 +0.293766E+02 +0.247504E+02 +0.000000E+00 +0.000000E+00 +0.274878E-02 -0.217371E-02 +0.000000E+00 +0.940513E-03 +0.000000E+00 +0.000000E+00
 +0.148320E+01 -0.103630E+03 +0.174120E+03 -0.849364E+02 +0.294306E+02 +0.246460E+02 +0.000000E+00 +0.000000E+00 +0.274910E-02 -0.217297E-02 +0.000000E+00 +0.936547E-03 +0.000000E+00 +0.000000E+00
 +0.148320E+01 -0.103640E+03 +0.174191E+03 -0.848433E+02 +0.294846E+02 +0.245416E+02 +0.000000E+00 +0.000000E+00 +0.274942E-02 -0.217223E-02 +0.000000E+00 +0.932580E-03 +0.000000E+00 +0.000000E+00
 +0.148320E+01 -0.103650E+03 +0.174258E+03 -0.847410E+02 +0.295404E+02 +0.244323E+02 +0.000000E+00 +0.000000E+00 +0.274962E-02 -0.217135E-02 +0.000000E+00 +0.928428E-03 +0.000000E+00 +0.000000E+00
 +0.148320E+01 -0.103660E+03 +0.174321E+03 -0.846299E+02 +0.295979E+02 +0.243183E+02 +0.000000E+00 +0.000000E+00 +0.274973E-02 -0.217033E-02 +0.000000E+00 +0.924094E-03 +0.000000E+00 +0.000000E+00
 +0.148320E+01 -0.103670E+03 +0.174380E+03 -0.845204E+02 +0.296538E+02 +0.242185E+02 +0.000000E+00 +0.000000E+00 +0.274981E-02 -0.216931E-02 +0.000000E+00 +0.920304E-03 +0.000000E+00 +0.000000E+00
 +0.148320E+01 -0.103680E+03 +0.174440E+03 -0.844123E+02 +0.297092E+02 +0.241217E+02 +0.000000E+00 +0.000000E+00 +0.274989E-02 -0.216831E-02 +0.000000E+00 +0.916625E-03 +0.000000E+00 +0.000000E+00
 +0.148320E+01 -0.103690E+03 +0.174507E+03 -0.843191E+02 +0.297621E+02 +0.240152E+02 +0.000000E+00 +0.000000E+00 +0.275016E-02 -0.216754E-02 +0.000000E+00 +0.912579E-03 +0.000000E+00 +0.000000E+00
 +0.148320E+01 -0.103700E+03 +0.174574E+03 -0.842259E+02 +0.298150E+02 +0.239088E+02 +0.000000E+00 +0.000000E+00 +0.275043E-02 -0.216678E-02 +0.000000E+00 +0.908534E-03 +0.000000E+00 +0.000000E+00
 +0.148320E+01 -0.103710E+03 +0.174642E+03 -0.841327E+02 +0.298679E+02 +0.238023E+02 +0.000000E+00 +0.000000E+00 +0.275070E-02 -0.216601E-02 +0.000000E+00 +0.904489E-03 +0.000000E+00 +0.000000E+00
 +0.148320E+01 -0.103720E+03 +0.174709E+03 -0.840394E+02 +0.299208E+02 +0.236959E+02 +0.000000E+00 +0.000000E+00 +0.275097E-02 -0.216525E-02 +0.000000E+00 +0.900444E-03 +0.000000E+00 +0.000000E+00
 +0.148320E+01 -0.103730E+03 +0.174776E+03 -0.839462E+02 +0.299738E+02 +0.235894E+02 +0.000000E+00 +0.000000E+00 +0.275124E-02 -0.216448E-02 +0.000000E+00 +0.896399E-03 +0.000000E+00 +0.000000E+00
 +0.148320E+01 -0.103740E+03 +0.174843E+03 -0.838530E+02 +0.300267E+02 +0.234830E+02 +0.000000E+00 +0.000000E+00 +0.275151E-02 -0.216371E-02 +0.000000E+00 +0.892354E-03 +0.000000E+00 +0.000000E+00
 +0.148320E+01 -0.103750E+03 +0.174910E+03 -0.837598E+02 +0.300796E+02 +0.233765E+02 +0.000000E+00 +0.000000E+00 +0.275178E-02 -0.216295E-02 +0.000000E+00 +0.888309E-03 +0.000000E+00 +0.000000E+00
 +0.148320E+01 -0.103760E+03 +0.174977E+03 -0.836666E+02 +0.301325E+02 +0.232701E+02 +0.000000E+00 +0.000000E+00 +0.275205E-02 -0.216218E-02 +0.000000E+00 +0.884264E-03 +0.000000E+00 +0.000000E+00
 +0.148320E+01 -0.103770E+03 +0.175044E+03 -0.835734E+02 +0.301855E+02 +0.231636E+02 +0.000000E+00 +0.000000E+00 +0.275232E-02 -0.216142E-02 +0.000000E+00 +0.880218E-03 +0.000000E+00 +0.000000E+00
 +0.148320E+01 -0.103780E+03 +0.175112E+03 -0.834801E+02 +0.302384E+02 +0.230572E+02 +0.000000E+00 +0.000000E+00 +0.275259E-02 -0.216065E-02 +0.000000E+00 +0.876173E-03 +0.000000E+00 +0.000000E+00
 +0.148320E+01 -0.103790E+03 +0.175179E+03 -0.833869E+02 +0.302913E+02 +0.229507E+02 +0.000000E+00 +0.000000E+00 +0.275286E-02 -0.215989E-02 +0.000000E+00 +0.872128E-03 +0.000000E+00 +0.000000E+00
 +0.148320E+01 -0.103800E+03 +0.175246E+03 -0.832937E+02 +0.303442E+02 +0.228443E+02 +0.000000E+00 +0.000000E+00 +0.275313E-02 -0.215912E-02 +0.000000E+00 +0.868083E-03 +0.000000E+00 +0.000000E+00
 +0.148320E+01 -0.103810E+03 +0.175313E+03 -0.832005E+02 +0.303971E+02 +0.227378E+02 +0.000000E+00 +0.000000E+00 +0.275340E-02 -0.215836E-02 +0.000000E+00 +0.864038E-03 +0.000000E+00 +0.000000E+00
 +0.148320E+01 -0.103820E+03 +0.175380E+03 -0.831073E+02 +0.304501E+02 +0.226314E+02 +0.000000E+00 +0.000000E+00 +0.275367E-02 -0.215759E-02 +0.000000E+00 +0.859993E-03 +0.000000E+00 +0.000000E+00
 +0.148320E+01 -0.103830E+03 +0.175447E+03 -0.830141E+02 +0.305030E+02 +0.225249E+02 +0.000000E+00 +0.000000E+00 +0.275394E-02 -0.215682E-02 +0.000000E+00 +0.855948E-03 +0.000000E+00 +0.000000E+00
 +0.148320E+01 -0.103840E+03 +0.175514E+03 -0.829224E+02 +0.305551E+02 +0.224274E+02 +0.000000E+00 +0.000000E+00 +0.275421E-02 -0.215607E-02 +0.000000E+00 +0.852239E-03 +0.000000E+00 +0.000000E+00
 +0.148320E+01 -0.103850E+03 +0.175579E+03 -0.828328E+02 +0.306062E+02 +0.223413E+02 +0.000000E+00 +0.000000E+00 +0.275448E-02 -0.215534E-02 +0.000000E+00 +0.848969E-03 +0.000000E+00 +0.000000E+00
 +0.148320E+01 -0.103860E+03 +0.175644E+03 -0.827433E+02 +0.306572E+02 +0.222552E+02 +0.000000E+00 +0.000000E+00 +0.275475E-02 -0.215461E-02 +0.000000E+00 +0.845699E-03 +0.000000E+00 +0.000000E+00
 +0.148320E+01 -0.103870E+03 +0.175709E+03 -0.826537E+02 +0.307083E+02 +0.221692E+02 +0.000000E+00 +0.000000E+00 +0.275501E-02 -0.215388E-02 +0.000000E+00 +0.842428E-03 +0.000000E+00 +0.000000E+00
 +0.148320E+01 -0.103880E+03 +0.175774E+03 -0.825641E+02 +0.307593E+02 +0.220831E+02 +0.000000E+00 +0.000000E+00 +0.275528E-02 -0.215314E-02 +0.000000E+00 +0.839158E-03 +0.000000E+00 +0.000000E+00
 +0.148320E+01 -0.103890E+03 +0.175839E+03 -0.824745E+02 +0.308104E+02 +0.219970E+02 +0.000000E+00 +0.000000E+00 +0.275555E-02 -0.215241E-02 +0.000000E+00 +0.835888E-03 +0.000000E+00 +0.000000E+00
 +0.148320E+01 -0.103900E+03 +0.175904E+03 -0.823849E+02 +0.308614E+02 +0.219110E+02 +0.000000E+00 +0.000000E+00 +0.275582E-02 -0.215168E-02 +0.000000E+00 +0.832618E-03 +0.000000E+00 +0.000000E+00
 +0.148320E+01 -0.103910E+03 +0.175970E+03 -0.822953E+02 +0.309125E+02 +0.218249E+02 +0.000000E+00 +0.000000E+00 +0.275608E-02 -0.215095E-02 +0.000000E+00 +0.829347E-03 +0.000000E+00 +0.000000E+00
 +0.148320E+01 -0.103920E+03 +0.176035E+03 -0.822058E+02 +0.309635E+02 +0.217389E+02 +0.000000E+00 +0.000000E+00 +0.275635E-02 -0.215022E-02 +0.000000E+00 +0.826077E-03 +0.000000E+00 +0.000000E+00
 +0.148320E+01 -0.103930E+03 +0.176100E+03 -0.821162E+02 +0.310146E+02 +0.216528E+02 +0.000000E+00 +0.000000E+00 +0.275662E-02 -0.214948E-02 +0.000000E+00 +0.822807E-03 +0.000000E+00 +0.000000E+00
 +0.148320E+01 -0.103940E+03 +0.176165E+03 -0.820266E+02 +0.310657E+02 +0.215667E+02 +0.000000E+00 +0.000000E+00 +0.275689E-02 -0.214875E-02 +0.000000E+00 +0.819536E-03 +0.000000E+00 +0.000000E+00
 +0.148320E+01 -0.103950E+03 +0.176230E+03 -0.819370E+02 +0.311167E+02 +0.214807E+02 +0.000000E+00 +0.000000E+00 +0.275715E-02 -0.214802E-02 +0.000000E+00 +0.816266E-03 +0.000000E+00 +0.000000E+00
 +0.148320E+01 -0.103960E+03 +0.176295E+03 -0.818474E+02 +0.311678E+02 +0.213946E+02 +0.000000E+00 +0.000000E+00 +0.275742E-02 -0.214729E-02 +0.000000E+00 +0.812996E-03 +0.000000E+00 +0.000000E+00
 +0.148320E+01 -0.103970E+03 +0.176360E+03 -0.817578E+02 +0.312188E+02 +0.213086E+02 +0.000000E+00 +0.000000E+00 +0.275769E-02 -0.214656E-02 +0.000000E+00 +0.809726E-03 +0.000000E+00 +0.000000E+00
 +0.148320E+01 -0.103980E+03 +0.176425E+03 -0.816683E+02 +0.312699E+02 +0.212225E+02 +0.000000E+00 +0.000000E+00 +0.275796E-02 -0.214582E-02 +0.000000E+00 +0.806455E-03 +0.000000E+00 +0.000000E+00
 +0.148320E+01 -0.103990E+03 +0.176491E+03 -0.815787E+02 +0.313209E+02 +0.211364E+02 +0.000000E+00 +0.000000E+00 +0.275822E-02 -0.214509E-02 +0.000000E+00 +0.803185E-03 +0.000000E+00 +0.000000E+00
 +0.148320E+01 -0.104000E+03 +0.176556E+03 -0.814891E+02 +0.313720E+02 +0.210504E+02 +0.000000E+00 +0.000000E+00 +0.275849E-02 -0.214436E-02 +0.000000E+00 +0.799915E-03 +0.000000E+00 +0.000000E+00
 +0.148320E+01 -0.104010E+03 +0.176621E+03 -0.813995E+02 +0.314231E+02 +0.209643E+02 +0.000000E+00 +0.000000E+00 +0.275876E-02 -0.214363E-02 +0.000000E+00 +0.796644E-03 +0.000000E+00 +0.000000E+00
 +0.148320E+01 -0.104020E+03 +0.176680E+03 -0.812999E+02 +0.314753E+02 +0.208741E+02 +0.000000E+00 +0.000000E+00 +0.275888E-02 -0.214273E-02 +0.000000E+00 +0.793216E-03 +0.000000E+00 +0.000000E+00
 +0.148320E+01 -0.104030E+03 +0.176732E+03 -0.811907E+02 +0.315285E+02 +0.207819E+02 +0.000000E+00 +0.000000E+00 +0.275886E-02 -0.214166E-02 +0.000000E+00 +0.789711E-03 +0.000000E+00 +0.000000E+00
 +0.148320E+01 -0.104040E+03 +0.176784E+03 -0.810909E+02 +0.315787E+02 +0.207107E+02 +0.000000E+00 +0.000000E+00 +0.275890E-02 -0.214072E-02 +0.000000E+00 +0.787008E-03 +0.000000E+00 +0.000000E+00
 +0.148320E+01 -0.104050E+03 +0.176826E+03 -0.810076E+02 +0.316200E+02 +0.206208E+02 +0.000000E+00 +0.000000E+00 +0.275891E-02 -0.213992E-02 +0.000000E+00 +0.783590E-03 +0.000000E+00 +0.000000E+00
 +0.148320E+01 -0.104060E+03 +0.176866E+03 -0.809257E+02 +0.316604E+02 +0.205292E+02 +0.000000E+00 +0.000000E+00 +0.275891E-02 -0.213914E-02 +0.000000E+00 +0.780110E-03 +0.000000E+00 +0.000000E+00
 +0.148320E+01 -0.104070E+03 +0.176907E+03 -0.808439E+02 +0.317009E+02 +0.204376E+02 +0.000000E+00 +0.000000E+00 +0.275892E-02 -0.213835E-02 +0.000000E+00 +0.776630E-03 +0.000000E+00 +0.000000E+00
 +0.148320E+01 -0.104080E+03 +0.176948E+03 -0.807620E+02 +0.317414E+02 +0.203460E+02 +0.000000E+00 +0.000000E+00 +0.275893E-02 -0.213756E-02 +0.000000E+00 +0.773149E-03 +0.000000E+00 +0.000000E+00
 +0.148320E+01 -0.104090E+03 +0.176989E+03 -0.806801E+02 +0.317819E+02 +0.202545E+02 +0.000000E+00 +0.000000E+00 +0.275893E-02 -0.213678E-02 +0.000000E+00 +0.769669E-03 +0.000000E+00 +0.000000E+00
 +0.148320E+01 -0.104100E+03 +0.177030E+03 -0.805982E+02 +0.318223E+02 +0.201629E+02 +0.000000E+00 +0.000000E+00 +0.275894E-02 -0.213599E-02 +0.000000E+00 +0.766189E-03 +0.000000E+00 +0.000000E+00
 +0.148320E+01 -0.104110E+03 +0.177070E+03 -0.805164E+02 +0.318628E+02 +0.200713E+02 +0.000000E+00 +0.000000E+00 +0.275894E-02 -0.213520E-02 +0.000000E+00 +0.762709E-03 +0.000000E+00 +0.000000E+00
 +0.148320E+01 -0.104120E+03 +0.177111E+03 -0.804345E+02 +0.319033E+02 +0.199797E+02 +0.000000E+00 +0.000000E+00 +0.275895E-02 -0.213442E-02 +0.000000E+00 +0.759228E-03 +0.000000E+00 +0.000000E+00
 +0.148320E+01 -0.104130E+03 +0.177152E+03 -0.803526E+02 +0.319437E+02 +0.198881E+02 +0.000000E+00 +0.000000E+00 +0.275895E-02 -0.213363E-02 +0.000000E+00 +0.755748E-03 +0.000000E+00 +0.000000E+00
 +0.148320E+01 -0.104140E+03 +0.177193E+03 -0.802707E+02 +0.319842E+02 +0.197965E+02 +0.000000E+00 +0.000000E+00 +0.275896E-02 -0.213284E-02 +0.000000E+00 +0.752268E-03 +0.000000E+00 +0.000000E+00
 +0.148320E+01 -0.104150E+03 +0.177233E+03 -0.801889E+02 +0.320247E+02 +0.197049E+02 +0.000000E+00 +0.000000E+00 +0.275897E-02 -0.213206E-02 +0.000000E+00 +0.748788E-03 +0.000000E+00 +0.000000E+00
 +0.148320E+01 -0.104160E+03 +0.177274E+03 -0.801070E+02 +0.320652E+02 +0.196134E+02 +0.000000E+00 +0.000000E+00 +0.275897E-02 -0.213127E-02 +0.000000E+00 +0.745307E-03 +0.000000E+00 +0.000000E+00
 +0.148320E+01 -0.104170E+03 +0.177315E+03 -0.800251E+02 +0.321056E+02 +0.195218E+02 +0.000000E+00 +0.000000E+00 +0.275898E-02 -0.213048E-02 +0.000000E+00 +0.741827E-03 +0.000000E+00 +0.000000E+00
 +0.148320E+01 -0.104180E+03 +0.177356E+03 -0.799432E+02 +0.321461E+02 +0.194302E+02 +0.000000E+00 +0.000000E+00 +0.275898E-02 -0.212970E-02 +0.000000E+00 +0.738347E-03 +0.000000E+00 +0.000000E+00
 +0.148320E+01 -0.104190E+03 +0.177396E+03 -0.798614E+02 +0.321866E+02 +0.193386E+02 +0.000000E+00 +0.000000E+00 +0.275899E-02 -0.212891E-02 +0.000000E+00 +0.734867E-03 +0.000000E+00 +0.000000E+00
 +0.148320E+01 -0.104200E+03 +0.177437E+03 -0.797795E+02 +0.322271E+02 +0.192470E+02 +0.000000E+00 +0.000000E+00 +0.275899E-02 -0.212812E-02 +0.000000E+00 +0.731386E-03 +0.000000E+00 +0.000000E+00
 +0.148320E+01 -0.104210E+03 +0.177478E+03 -0.796976E+02 +0.322675E+02 +0.191554E+02 +0.000000E+00 +0.000000E+00 +0.275900E-02 -0.212734E-02 +0.000000E+00 +0.727906E-03 +0.000000E+00 +0.000000E+00
 +0.148320E+01 -0.104220E+03 +0.177519E+03 -0.796158E+02 +0.323080E+02 +0.190638E+02 +0.000000E+00 +0.000000E+00 +0.275900E-02 -0.212655E-02 +0.000000E+00 +0.724426E-03 +0.000000E+00 +0.000000E+00
 +0.148320E+01 -0.104230E+03 +0.177560E+03 -0.795339E+02 +0.323485E+02 +0.189723E+02 +0.000000E+00 +0.000000E+00 +0.275901E-02 -0.212576E-02 +0.000000E+00 +0.720945E-03 +0.000000E+00 +0.000000E+00
 +0.148320E+01 -0.104240E+03 +0.177603E+03 -0.794391E+02 +0.323941E+02 +0.188908E+02 +0.000000E+00 +0.000000E+00 +0.275897E-02 -0.212483E-02 +0.000000E+00 +0.717850E-03 +0.000000E+00 +0.000000E+00
 +0.148320E+01 -0.104250E+03 +0.177647E+03 -0.793407E+02 +0.324412E+02 +0.188122E+02 +0.000000E+00 +0.000000E+00 +0.275892E-02 -0.212386E-02 +0.000000E+00 +0.714862E-03 +0.000000E+00 +0.000000E+00
 +0.148320E+01 -0.104260E+03 +0.177692E+03 -0.792423E+02 +0.324883E+02 +0.187335E+02 +0.000000E+00 +0.000000E+00 +0.275887E-02 -0.212288E-02 +0.000000E+00 +0.711874E-03 +0.000000E+00 +0.000000E+00
 +0.148320E+01 -0.104270E+03 +0.177736E+03 -0.791439E+02 +0.325355E+02 +0.186549E+02 +0.000000E+00 +0.000000E+00 +0.275881E-02 -0.212191E-02 +0.000000E+00 +0.708886E-03 +0.000000E+00 +0.000000E+00
 +0.148320E+01 -0.104280E+03 +0.177781E+03 -0.790455E+02 +0.325826E+02 +0.185763E+02 +0.000000E+00 +0.000000E+00 +0.275876E-02 -0.212093E-02 +0.000000E+00 +0.705898E-03 +0.000000E+00 +0.000000E+00
 +0.148320E+01 -0.104290E+03 +0.177825E+03 -0.789471E+02 +0.326297E+02 +0.184976E+02 +0.000000E+00 +0.000000E+00 +0.275871E-02 -0.211996E-02 +0.000000E+00 +0.702911E-03 +0.000000E+00 +0.000000E+00
 +0.148320E+01 -0.104300E+03 +0.177869E+03 -0.788487E+02 +0.326768E+02 +0.184190E+02 +0.000000E+00 +0.000000E+00 +0.275866E-02 -0.211899E-02 +0.000000E+00 +0.699923E-03 +0.000000E+00 +0.000000E+00
 +0.148320E+01 -0.104310E+03 +0.177914E+03 -0.787503E+02 +0.327239E+02 +0.183404E+02 +0.000000E+00 +0.000000E+00 +0.275861E-02 -0.211801E-02 +0.000000E+00 +0.696935E-03 +0.000000E+00 +0.000000E+00
 +0.148320E+01 -0.104320E+03 +0.177958E+03 -0.786520E+02 +0.327710E+02 +0.182618E+02 +0.000000E+00 +0.000000E+00 +0.275855E-02 -0.211704E-02 +0.000000E+00 +0.693947E-03 +0.000000E+00 +0.000000E+00
 +0.148320E+01 -0.104330E+03 +0.178002E+03 -0.785536E+02 +0.328181E+02 +0.181831E+02 +0.000000E+00 +0.000000E+00 +0.275850E-02 -0.211606E-02 +0.000000E+00 +0.690959E-03 +0.000000E+00 +0.000000E+00
 +0.148320E+01 -0.104340E+03 +0.178047E+03 -0.784552E+02 +0.328652E+02 +0.181045E+02 +0.000000E+00 +0.000000E+00 +0.275845E-02 -0.211509E-02 +0.000000E+00 +0.687971E-03 +0.000000E+00 +0.000000E+00
 +0.148320E+01 -0.104350E+03 +0.178091E+03 -0.783568E+02 +0.329124E+02 +0.180259E+02 +0.000000E+00 +0.000000E+00 +0.275840E-02 -0.211411E-02 +0.000000E+00 +0.684983E-03 +0.000000E+00 +0.000000E+00
 +0.148320E+01 -0.104360E+03 +0.178136E+03 -0.782584E+02 +0.329595E+02 +0.179473E+02 +0.000000E+00 +0.000000E+00 +0.275835E-02 -0.211314E-02 +0.000000E+00 +0.681996E-03 +0.000000E+00 +0.000000E+00
 +0.148320E+01 -0.104370E+03 +0.178180E+03 -0.781600E+02 +0.330066E+02 +0.178686E+02 +0.000000E+00 +0.000000E+00 +0.275829E-02 -0.211216E-02 +0.000000E+00 +0.679008E-03 +0.000000E+00 +0.000000E+00
 +0.148320E+01 -0.104380E+03 +0.178224E+03 -0.780616E+02 +0.330537E+02 +0.177900E+02 +0.000000E+00 +0.000000E+00 +0.275824E-02 -0.211119E-02 +0.000000E+00 +0.676020E-03 +0.000000E+00 +0.000000E+00
 +0.148320E+01 -0.104390E+03 +0.178269E+03 -0.779632E+02 +0.331008E+02 +0.177114E+02 +0.000000E+00 +0.000000E+00 +0.275819E-02 -0.211022E-02 +0.000000E+00 +0.673032E-03 +0.000000E+00 +0.000000E+00
 +0.148320E+01 -0.104400E+03 +0.178313E+03 -0.778648E+02 +0.331479E+02 +0.176327E+02 +0.000000E+00 +0.000000E+00 +0.275814E-02 -0.210924E-02 +0.000000E+00 +0.670044E-03 +0.000000E+00 +0.000000E+00
 +0.148320E+01 -0.104410E+03 +0.178357E+03 -0.777664E+02 +0.331950E+02 +0.175541E+02 +0.000000E+00 +0.000000E+00 +0.275809E-02 -0.210827E-02 +0.000000E+00 +0.667056E-03 +0.000000E+00 +0.000000E+00
 +0.148320E+01 -0.104420E+03 +0.178402E+03 -0.776680E+02 +0.332421E+02 +0.174755E+02 +0.000000E+00 +0.000000E+00 +0.275803E-02 -0.210729E-02 +0.000000E+00 +0.664068E-03 +0.000000E+00 +0.000000E+00
 +0.148320E+01 -0.104430E+03 +0.178446E+03 -0.775696E+02 +0.332893E+02 +0.173969E+02 +0.000000E+00 +0.000000E+00 +0.275798E-02 -0.210632E-02 +0.000000E+00 +0.661081E-03 +0.000000E+00 +0.000000E+00
 +0.148320E+01 -0.104440E+03 +0.178491E+03 -0.774712E+02 +0.333364E+02 +0.173182E+02 +0.000000E+00 +0.000000E+00 +0.275793E-02 -0.210534E-02 +0.000000E+00 +0.658093E-03 +0.000000E+00 +0.000000E+00
 +0.148320E+01 -0.104450E+03 +0.178535E+03 -0.773730E+02 +0.333835E+02 +0.172392E+02 +0.000000E+00 +0.000000E+00 +0.275788E-02 -0.210437E-02 +0.000000E+00 +0.655088E-03 +0.000000E+00 +0.000000E+00
 +0.148320E+01 -0.104460E+03 +0.178583E+03 -0.772785E+02 +0.334303E+02 +0.171493E+02 +0.000000E+00 +0.000000E+00 +0.275789E-02 -0.210347E-02 +0.000000E+00 +0.651675E-03 +0.000000E+00 +0.000000E+00
 +0.148320E+01 -0.104470E+03 +0.178630E+03 -0.771841E+02 +0.334772E+02 +0.170595E+02 +0.000000E+00 +0.000000E+00 +0.275791E-02 -0.210257E-02 +0.000000E+00 +0.648262E-03 +0.000000E+00 +0.000000E+00
 +0.148320E+01 -0.104480E+03 +0.178678E+03 -0.770896E+02 +0.335241E+02 +0.169697E+02 +0.000000E+00 +0.000000E+00 +0.275792E-02 -0.210166E-02 +0.000000E+00 +0.644850E-03 +0.000000E+00 +0.000000E+00
 +0.148320E+01 -0.104490E+03 +0.178725E+03 -0.769952E+02 +0.335710E+02 +0.168799E+02 +0.000000E+00 +0.000000E+00 +0.275793E-02 -0.210076E-02 +0.000000E+00 +0.641437E-03 +0.000000E+00 +0.000000E+00
 +0.148320E+01 -0.104500E+03 +0.178773E+03 -0.769007E+02 +0.336179E+02 +0.167901E+02 +0.000000E+00 +0.000000E+00 +0.275795E-02 -0.209985E-02 +0.000000E+00 +0.638025E-03 +0.000000E+00 +0.000000E+00
 +0.148320E+01 -0.104510E+03 +0.178821E+03 -0.768063E+02 +0.336647E+02 +0.167003E+02 +0.000000E+00 +0.000000E+00 +0.275796E-02 -0.209895E-02 +0.000000E+00 +0.634612E-03 +0.000000E+00 +0.000000E+00
 +0.148320E+01 -0.104520E+03 +0.178868E+03 -0.767118E+02 +0.337116E+02 +0.166105E+02 +0.000000E+00 +0.000000E+00 +0.275798E-02 -0.209805E-02 +0.000000E+00 +0.631199E-03 +0.000000E+00 +0.000000E+00
 +0.148320E+01 -0.104530E+03 +0.178916E+03 -0.766174E+02 +0.337585E+02 +0.165207E+02 +0.000000E+00 +0.000000E+00 +0.275799E-02 -0.209714E-02 +0.000000E+00 +0.627787E-03 +0.000000E+00 +0.000000E+00
 +0.148320E+01 -0.104540E+03 +0.178964E+03 -0.765229E+02 +0.338054E+02 +0.164309E+02 +0.000000E+00 +0.000000E+00 +0.275800E-02 -0.209624E-02 +0.000000E+00 +0.624374E-03 +0.000000E+00 +0.000000E+00
 +0.148320E+01 -0.104550E+03 +0.179011E+03 -0.764285E+02 +0.338523E+02 +0.163411E+02 +0.000000E+00 +0.000000E+00 +0.275802E-02 -0.209533E-02 +0.000000E+00 +0.620961E-03 +0.000000E+00 +0.000000E+00
 +0.148320E+01 -0.104560E+03 +0.179059E+03 -0.763340E+02 +0.338992E+02 +0.162513E+02 +0.000000E+00 +0.000000E+00 +0.275803E-02 -0.209443E-02 +0.000000E+00 +0.617549E-03 +0.000000E+00 +0.000000E+00
 +0.148320E+01 -0.104570E+03 +0.179106E+03 -0.762396E+02 +0.339460E+02 +0.161615E+02 +0.000000E+00 +0.000000E+00 +0.275805E-02 -0.209353E-02 +0.000000E+00 +0.614136E-03 +0.000000E+00 +0.000000E+00
 +0.148320E+01 -0.104580E+03 +0.179154E+03 -0.761451E+02 +0.339929E+02 +0.160717E+02 +0.000000E+00 +0.000000E+00 +0.275806E-02 -0.209262E-02 +0.000000E+00 +0.610723E-03 +0.000000E+00 +0.000000E+00
 +0.148320E+01 -0.104590E+03 +0.179202E+03 -0.760507E+02 +0.340398E+02 +0.159819E+02 +0.000000E+00 +0.000000E+00 +0.275807E-02 -0.209172E-02 +0.000000E+00 +0.607311E-03 +0.000000E+00 +0.000000E+00
 +0.148320E+01 -0.104600E+03 +0.179249E+03 -0.759562E+02 +0.340867E+02 +0.158921E+02 +0.000000E+00 +0.000000E+00 +0.275809E-02 -0.209082E-02 +0.000000E+00 +0.603898E-03 +0.000000E+00 +0.000000E+00
 +0.148320E+01 -0.104610E+03 +0.179297E+03 -0.758618E+02 +0.341336E+02 +0.158022E+02 +0.000000E+00 +0.000000E+00 +0.275810E-02 -0.208991E-02 +0.000000E+00 +0.600485E-03 +0.000000E+00 +0.000000E+00
 +0.148320E+01 -0.104620E+03 +0.179344E+03 -0.757673E+02 +0.341804E+02 +0.157124E+02 +0.000000E+00 +0.000000E+00 +0.275812E-02 -0.208901E-02 +0.000000E+00 +0.597073E-03 +0.000000E+00 +0.000000E+00
 +0.148320E+01 -0.104630E+03 +0.179392E+03 -0.756729E+02 +0.342273E+02 +0.156226E+02 +0.000000E+00 +0.000000E+00 +0.275813E-02 -0.208810E-02 +0.000000E+00 +0.593660E-03 +0.000000E+00 +0.000000E+00
 +0.148320E+01 -0.104640E+03 +0.179440E+03 -0.755784E+02 +0.342742E+02 +0.155328E+02 +0.000000E+00 +0.000000E+00 +0.275814E-02 -0.208720E-02 +0.000000E+00 +0.590247E-03 +0.000000E+00 +0.000000E+00
 +0.148320E+01 -0.104650E+03 +0.179487E+03 -0.754840E+02 +0.343211E+02 +0.154430E+02 +0.000000E+00 +0.000000E+00 +0.275816E-02 -0.208630E-02 +0.000000E+00 +0.586835E-03 +0.000000E+00 +0.000000E+00
 +0.148320E+01 -0.104660E+03 +0.179535E+03 -0.753895E+02 +0.343680E+02 +0.153532E+02 +0.000000E+00 +0.000000E+00 +0.275817E-02 -0.208539E-02 +0.000000E+00 +0.583422E-03 +0.000000E+00 +0.000000E+00
 +0.148320E+01 -0.104670E+03 +0.179582E+03 -0.752951E+02 +0.344148E+02 +0.152634E+02 +0.000000E+00 +0.000000E+00 +0.275818E-02 -0.208449E-02 +0.000000E+00 +0.580009E-03 +0.000000E+00 +0.000000E+00
 +0.148320E+01 -0.104680E+03 +0.179630E+03 -0.752006E+02 +0.344617E+02 +0.151736E+02 +0.000000E+00 +0.000000E+00 +0.275820E-02 -0.208358E-02 +0.000000E+00 +0.576597E-03 +0.000000E+00 +0.000000E+00
 +0.148320E+01 -0.104690E+03 +0.179678E+03 -0.751062E+02 +0.345086E+02 +0.150838E+02 +0.000000E+00 +0.000000E+00 +0.275821E-02 -0.208268E-02 +0.000000E+00 +0.573184E-03 +0.000000E+00 +0.000000E+00
 +0.148320E+01 -0.104700E+03 +0.179725E+03 -0.750117E+02 +0.345555E+02 +0.149940E+02 +0.000000E+00 +0.000000E+00 +0.275823E-02 -0.208178E-02 +0.000000E+00 +0.569772E-03 +0.000000E+00 +0.000000E+00
 +0.148320E+01 -0.104710E+03 +0.179773E+03 -0.749173E+02 +0.346024E+02 +0.149042E+02 +0.000000E+00 +0.000000E+00 +0.275824E-02 -0.208087E-02 +0.000000E+00 +0.566359E-03 +0.000000E+00 +0.000000E+00
 +0.148320E+01 -0.104720E+03 +0.179821E+03 -0.748228E+02 +0.346492E+02 +0.148144E+02 +0.000000E+00 +0.000000E+00 +0.275825E-02 -0.207997E-02 +0.000000E+00 +0.562946E-03 +0.000000E+00 +0.000000E+00
 +0.148320E+01 -0.104730E+03 +0.179868E+03 -0.747284E+02 +0.346961E+02 +0.147246E+02 +0.000000E+00 +0.000000E+00 +0.275827E-02 -0.207907E-02 +0.000000E+00 +0.559534E-03 +0.000000E+00 +0.000000E+00
 +0.148320E+01 -0.104740E+03 +0.179916E+03 -0.746339E+02 +0.347430E+02 +0.146348E+02 +0.000000E+00 +0.000000E+00 +0.275828E-02 -0.207816E-02 +0.000000E+00 +0.556121E-03 +0.000000E+00 +0.000000E+00
 +0.148320E+01 -0.104750E+03 +0.179950E+03 -0.745819E+02 +0.347713E+02 +0.145628E+02 +0.000000E+00 +0.000000E+00 +0.275839E-02 -0.207771E-02 +0.000000E+00 +0.553386E-03 +0.000000E+00 +0.000000E+00
 +0.148320E+01 -0.104760E+03 +0.179978E+03 -0.745471E+02 +0.347921E+02 +0.144981E+02 +0.000000E+00 +0.000000E+00 +0.275853E-02 -0.207745E-02 +0.000000E+00 +0.550926E-03 +0.000000E+00 +0.000000E+00
 +0.148320E+01 -0.104770E+03 +0.180006E+03 -0.745123E+02 +0.348130E+02 +0.144333E+02 +0.000000E+00 +0.000000E+00 +0.275867E-02 -0.207718E-02 +0.000000E+00 +0.548466E-03 +0.000000E+00 +0.000000E+00
 +0.148320E+01 -0.104780E+03 +0.180034E+03 -0.744776E+02 +0.348338E+02 +0.143686E+02 +0.000000E+00 +0.000000E+00 +0.275881E-02 -0.207692E-02 +0.000000E+00 +0.546006E-03 +0.000000E+00 +0.000000E+00
 +0.148320E+01 -0.104790E+03 +0.180063E+03 -0.744428E+02 +0.348546E+02 +0.143039E+02 +0.000000E+00 +0.000000E+00 +0.275895E-02 -0.207665E-02 +0.000000E+00 +0.543546E-03 +0.000000E+00 +0.000000E+00
 +0.148320E+01 -0.104800E+03 +0.180091E+03 -0.744080E+02 +0.348754E+02 +0.142391E+02 +0.000000E+00 +0.000000E+00 +0.275910E-02 -0.207638E-02 +0.000000E+00 +0.541086E-03 +0.000000E+00 +0.000000E+00
 +0.148320E+01 -0.104810E+03 +0.180119E+03 -0.743732E+02 +0.348962E+02 +0.141744E+02 +0.000000E+00 +0.000000E+00 +0.275924E-02 -0.207612E-02 +0.000000E+00 +0.538627E-03 +0.000000E+00 +0.000000E+00
 +0.148320E+01 -0.104820E+03 +0.180148E+03 -0.743384E+02 +0.349170E+02 +0.141096E+02 +0.000000E+00 +0.000000E+00 +0.275938E-02 -0.207585E-02 +0.000000E+00 +0.536167E-03 +0.000000E+00 +0.000000E+00
 +0.148320E+01 -0.104830E+03 +0.180176E+03 -0.743036E+02 +0.349378E+02 +0.140449E+02 +0.000000E+00 +0.000000E+00 +0.275952E-02 -0.207559E-02 +0.000000E+00 +0.533707E-03 +0.000000E+00 +0.000000E+00
 +0.148320E+01 -0.104840E+03 +0.180204E+03 -0.742688E+02 +0.349586E+02 +0.139802E+02 +0.000000E+00 +0.000000E+00 +0.275966E-02 -0.207532E-02 +0.000000E+00 +0.531247E-03 +0.000000E+00 +0.000000E+00
 +0.148320E+01 -0.104850E+03 +0.180232E+03 -0.742340E+02 +0.349795E+02 +0.139154E+02 +0.000000E+00 +0.000000E+00 +0.275981E-02 -0.207506E-02 +0.000000E+00 +0.528787E-03 +0.000000E+00 +0.000000E+00
 +0.148320E+01 -0.104860E+03 +0.180261E+03 -0.741993E+02 +0.350003E+02 +0.138507E+02 +0.000000E+00 +0.000000E+00 +0.275995E-02 -0.207479E-02 +0.000000E+00 +0.526327E-03 +0.000000E+00 +0.000000E+00
 +0.148320E+01 -0.104870E+03 +0.180289E+03 -0.741645E+02 +0.350211E+02 +0.137860E+02 +0.000000E+00 +0.000000E+00 +0.276009E-02 -0.207453E-02 +0.000000E+00 +0.523867E-03 +0.000000E+00 +0.000000E+00
 +0.148320E+01 -0.104880E+03 +0.180317E+03 -0.741297E+02 +0.350419E+02 +0.137212E+02 +0.000000E+00 +0.000000E+00 +0.276023E-02 -0.207426E-02 +0.000000E+00 +0.521407E-03 +0.000000E+00 +0.000000E+00
 +0.148320E+01 -0.104890E+03 +0.180346E+03 -0.740949E+02 +0.350627E+02 +0.136565E+02 +0.000000E+00 +0.000000E+00 +0.276037E-02 -0.207399E-02 +0.000000E+00 +0.518947E-03 +0.000000E+00 +0.000000E+00
 +0.148320E+01 -0.104900E+03 +0.180374E+03 -0.740601E+02 +0.350835E+02 +0.135918E+02 +0.000000E+00 +0.000000E+00 +0.276052E-02 -0.207373E-02 +0.000000E+00 +0.516487E-03 +0.000000E+00 +0.000000E+00
 +0.148320E+01 -0.104910E+03 +0.180402E+03 -0.740253E+02 +0.351043E+02 +0.135270E+02 +0.000000E+00 +0.000000E+00 +0.276066E-02 -0.207346E-02 +0.000000E+00 +0.514027E-03 +0.000000E+00 +0.000000E+00
 +0.148320E+01 -0.104920E+03 +0.180430E+03 -0.739905E+02 +0.351251E+02 +0.134623E+02 +0.000000E+00 +0.000000E+00 +0.276080E-02 -0.207320E-02 +0.000000E+00 +0.511567E-03 +0.000000E+00 +0.000000E+00
 +0.148320E+01 -0.104930E+03 +0.180459E+03 -0.739557E+02 +0.351460E+02 +0.133976E+02 +0.000000E+00 +0.000000E+00 +0.276094E-02 -0.207293E-02 +0.000000E+00 +0.509107E-03 +0.000000E+00 +0.000000E+00
 +0.148320E+01 -0.104940E+03 +0.180487E+03 -0.739209E+02 +0.351668E+02 +0.133328E+02 +0.000000E+00 +0.000000E+00 +0.276108E-02 -0.207267E-02 +0.000000E+00 +0.506647E-03 +0.000000E+00 +0.000000E+00
 +0.148320E+01 -0.104950E+03 +0.180515E+03 -0.738862E+02 +0.351876E+02 +0.132681E+02 +0.000000E+00 +0.000000E+00 +0.276122E-02 -0.207240E-02 +0.000000E+00 +0.504187E-03 +0.000000E+00 +0.000000E+00
 +0.148320E+01 -0.104960E+03 +0.180543E+03 -0.738514E+02 +0.352084E+02 +0.132033E+02 +0.000000E+00 +0.000000E+00 +0.276137E-02 -0.207214E-02 +0.000000E+00 +0.501727E-03 +0.000000E+00 +0.000000E+00
 +0.148320E+01 -0.104970E+03 +0.180572E+03 -0.738166E+02 +0.352292E+02 +0.131386E+02 +0.000000E+00 +0.000000E+00 +0.276151E-02 -0.207187E-02 +0.000000E+00 +0.499267E-03 +0.000000E+00 +0.000000E+00
 +0.148320E+01 -0.104980E+03 +0.180600E+03 -0.737818E+02 +0.352500E+02 +0.130739E+02 +0.000000E+00 +0.000000E+00 +0.276165E-02 -0.207160E-02 +0.000000E+00 +0.496807E-03 +0.000000E+00 +0.000000E+00
 +0.148320E+01 -0.104990E+03 +0.180615E+03 -0.737212E+02 +0.352749E+02 +0.130105E+02 +0.000000E+00 +0.000000E+00 +0.276146E-02 -0.207093E-02 +0.000000E+00 +0.494398E-03 +0.000000E+00 +0.000000E+00
