%X Y s_xx s_yy s_zz s_xy s_xz s_yz e_xx e_yy e_zz e_xy e_xz e_yz
 +0.130720E+01 -0.100000E+03 -0.442886E+03 -0.267508E+02 -0.154980E+03 +0.361332E+02 +0.000000E+00 +0.000000E+00 -0.547021E-02 +0.243636E-02 +0.000000E+00 +0.137306E-02 +0.000000E+00 +0.000000E+00
 +0.130720E+01 -0.100010E+03 -0.434197E+03 -0.329239E+02 -0.154150E+03 +0.404792E+02 +0.000000E+00 +0.000000E+00 -0.532089E-02 +0.230329E-02 +0.000000E+00 +0.153821E-02 +0.000000E+00 +0.000000E+00
 +0.130720E+01 -0.100020E+03 -0.425526E+03 -0.390541E+02 -0.153311E+03 +0.448954E+02 +0.000000E+00 +0.000000E+00 -0.517207E-02 +0.217089E-02 +0.000000E+00 +0.170603E-02 +0.000000E+00 +0.000000E+00
 +0.130720E+01 -0.100030E+03 -0.417761E+03 -0.430085E+02 -0.152054E+03 +0.528649E+02 +0.000000E+00 +0.000000E+00 -0.504843E-02 +0.207186E-02 +0.000000E+00 +0.200886E-02 +0.000000E+00 +0.000000E+00
 +0.130720E+01 -0.100040E+03 -0.410069E+03 -0.469424E+02 -0.150814E+03 +0.607098E+02 +0.000000E+00 +0.000000E+00 -0.492586E-02 +0.197356E-02 +0.000000E+00 +0.230697E-02 +0.000000E+00 +0.000000E+00
 +0.130720E+01 -0.100050E+03 -0.404203E+03 -0.503655E+02 -0.150008E+03 +0.654691E+02 +0.000000E+00 +0.000000E+00 -0.482971E-02 +0.189320E-02 +0.000000E+00 +0.248783E-02 +0.000000E+00 +0.000000E+00
 +0.130720E+01 -0.100060E+03 -0.398379E+03 -0.537607E+02 -0.149206E+03 +0.701481E+02 +0.000000E+00 +0.000000E+00 -0.473429E-02 +0.181346E-02 +0.000000E+00 +0.266563E-02 +0.000000E+00 +0.000000E+00
 +0.130720E+01 -0.100070E+03 -0.393253E+03 -0.567031E+02 -0.148485E+03 +0.735264E+02 +0.000000E+00 +0.000000E+00 -0.465058E-02 +0.174386E-02 +0.000000E+00 +0.279400E-02 +0.000000E+00 +0.000000E+00
 +0.130720E+01 -0.100080E+03 -0.388167E+03 -0.596171E+02 -0.147769E+03 +0.768388E+02 +0.000000E+00 +0.000000E+00 -0.456757E-02 +0.167488E-02 +0.000000E+00 +0.291988E-02 +0.000000E+00 +0.000000E+00
 +0.130720E+01 -0.100090E+03 -0.383571E+03 -0.621945E+02 -0.147102E+03 +0.793690E+02 +0.000000E+00 +0.000000E+00 -0.449289E-02 +0.161325E-02 +0.000000E+00 +0.301602E-02 +0.000000E+00 +0.000000E+00
 +0.130720E+01 -0.100100E+03 -0.379012E+03 -0.647435E+02 -0.146439E+03 +0.818422E+02 +0.000000E+00 +0.000000E+00 -0.441888E-02 +0.155222E-02 +0.000000E+00 +0.311001E-02 +0.000000E+00 +0.000000E+00
 +0.130720E+01 -0.100110E+03 -0.374801E+03 -0.670277E+02 -0.145803E+03 +0.837863E+02 +0.000000E+00 +0.000000E+00 -0.435095E-02 +0.149674E-02 +0.000000E+00 +0.318388E-02 +0.000000E+00 +0.000000E+00
 +0.130720E+01 -0.100120E+03 -0.370626E+03 -0.692837E+02 -0.145170E+03 +0.856805E+02 +0.000000E+00 +0.000000E+00 -0.428366E-02 +0.144185E-02 +0.000000E+00 +0.325586E-02 +0.000000E+00 +0.000000E+00
 +0.130720E+01 -0.100130E+03 -0.366730E+03 -0.713252E+02 -0.144558E+03 +0.871969E+02 +0.000000E+00 +0.000000E+00 -0.422127E-02 +0.139143E-02 +0.000000E+00 +0.331348E-02 +0.000000E+00 +0.000000E+00
 +0.130720E+01 -0.100140E+03 -0.362870E+03 -0.733388E+02 -0.143949E+03 +0.886687E+02 +0.000000E+00 +0.000000E+00 -0.415950E-02 +0.134159E-02 +0.000000E+00 +0.336941E-02 +0.000000E+00 +0.000000E+00
 +0.130720E+01 -0.100150E+03 -0.359239E+03 -0.751743E+02 -0.143356E+03 +0.898567E+02 +0.000000E+00 +0.000000E+00 -0.410177E-02 +0.129546E-02 +0.000000E+00 +0.341455E-02 +0.000000E+00 +0.000000E+00
 +0.130720E+01 -0.100160E+03 -0.355644E+03 -0.769822E+02 -0.142767E+03 +0.910046E+02 +0.000000E+00 +0.000000E+00 -0.404467E-02 +0.124991E-02 +0.000000E+00 +0.345818E-02 +0.000000E+00 +0.000000E+00
 +0.130720E+01 -0.100170E+03 -0.352244E+03 -0.786398E+02 -0.142192E+03 +0.919345E+02 +0.000000E+00 +0.000000E+00 -0.399100E-02 +0.120749E-02 +0.000000E+00 +0.349351E-02 +0.000000E+00 +0.000000E+00
 +0.130720E+01 -0.100180E+03 -0.348880E+03 -0.802703E+02 -0.141620E+03 +0.928282E+02 +0.000000E+00 +0.000000E+00 -0.393795E-02 +0.116564E-02 +0.000000E+00 +0.352747E-02 +0.000000E+00 +0.000000E+00
 +0.130720E+01 -0.100190E+03 -0.345685E+03 -0.817723E+02 -0.141061E+03 +0.935506E+02 +0.000000E+00 +0.000000E+00 -0.388786E-02 +0.112648E-02 +0.000000E+00 +0.355492E-02 +0.000000E+00 +0.000000E+00
 +0.130720E+01 -0.100200E+03 -0.342525E+03 -0.832477E+02 -0.140505E+03 +0.942402E+02 +0.000000E+00 +0.000000E+00 -0.383838E-02 +0.108789E-02 +0.000000E+00 +0.358113E-02 +0.000000E+00 +0.000000E+00
 +0.130720E+01 -0.100210E+03 -0.339514E+03 -0.846123E+02 -0.139962E+03 +0.947935E+02 +0.000000E+00 +0.000000E+00 -0.379149E-02 +0.105164E-02 +0.000000E+00 +0.360215E-02 +0.000000E+00 +0.000000E+00
 +0.130720E+01 -0.100220E+03 -0.336538E+03 -0.859507E+02 -0.139421E+03 +0.953172E+02 +0.000000E+00 +0.000000E+00 -0.374522E-02 +0.101594E-02 +0.000000E+00 +0.362205E-02 +0.000000E+00 +0.000000E+00
 +0.130720E+01 -0.100230E+03 -0.333694E+03 -0.871930E+02 -0.138893E+03 +0.957313E+02 +0.000000E+00 +0.000000E+00 -0.370122E-02 +0.982294E-03 +0.000000E+00 +0.363779E-02 +0.000000E+00 +0.000000E+00
 +0.130720E+01 -0.100240E+03 -0.330885E+03 -0.884097E+02 -0.138367E+03 +0.961186E+02 +0.000000E+00 +0.000000E+00 -0.365783E-02 +0.949192E-03 +0.000000E+00 +0.365251E-02 +0.000000E+00 +0.000000E+00
 +0.130720E+01 -0.100250E+03 -0.328193E+03 -0.895424E+02 -0.137853E+03 +0.964172E+02 +0.000000E+00 +0.000000E+00 -0.361646E-02 +0.917892E-03 +0.000000E+00 +0.366385E-02 +0.000000E+00 +0.000000E+00
 +0.130720E+01 -0.100260E+03 -0.325535E+03 -0.906504E+02 -0.137341E+03 +0.966915E+02 +0.000000E+00 +0.000000E+00 -0.357569E-02 +0.887128E-03 +0.000000E+00 +0.367428E-02 +0.000000E+00 +0.000000E+00
 +0.130720E+01 -0.100270E+03 -0.322983E+03 -0.916847E+02 -0.136840E+03 +0.968936E+02 +0.000000E+00 +0.000000E+00 -0.353671E-02 +0.857956E-03 +0.000000E+00 +0.368196E-02 +0.000000E+00 +0.000000E+00
 +0.130720E+01 -0.100280E+03 -0.320465E+03 -0.926949E+02 -0.136343E+03 +0.970737E+02 +0.000000E+00 +0.000000E+00 -0.349832E-02 +0.829310E-03 +0.000000E+00 +0.368880E-02 +0.000000E+00 +0.000000E+00
 +0.130720E+01 -0.100290E+03 -0.318041E+03 -0.936404E+02 -0.135855E+03 +0.971948E+02 +0.000000E+00 +0.000000E+00 -0.346154E-02 +0.802074E-03 +0.000000E+00 +0.369340E-02 +0.000000E+00 +0.000000E+00
 +0.130720E+01 -0.100300E+03 -0.315651E+03 -0.945625E+02 -0.135371E+03 +0.972961E+02 +0.000000E+00 +0.000000E+00 -0.342533E-02 +0.775352E-03 +0.000000E+00 +0.369725E-02 +0.000000E+00 +0.000000E+00
 +0.130720E+01 -0.100310E+03 -0.313345E+03 -0.954277E+02 -0.134895E+03 +0.973491E+02 +0.000000E+00 +0.000000E+00 -0.339056E-02 +0.749881E-03 +0.000000E+00 +0.369927E-02 +0.000000E+00 +0.000000E+00
 +0.130720E+01 -0.100320E+03 -0.311074E+03 -0.962703E+02 -0.134424E+03 +0.973842E+02 +0.000000E+00 +0.000000E+00 -0.335636E-02 +0.724912E-03 +0.000000E+00 +0.370060E-02 +0.000000E+00 +0.000000E+00
 +0.130720E+01 -0.100330E+03 -0.308878E+03 -0.970628E+02 -0.133960E+03 +0.973797E+02 +0.000000E+00 +0.000000E+00 -0.332343E-02 +0.701055E-03 +0.000000E+00 +0.370043E-02 +0.000000E+00 +0.000000E+00
 +0.130720E+01 -0.100340E+03 -0.306715E+03 -0.978334E+02 -0.133501E+03 +0.973591E+02 +0.000000E+00 +0.000000E+00 -0.329107E-02 +0.677686E-03 +0.000000E+00 +0.369965E-02 +0.000000E+00 +0.000000E+00
 +0.130720E+01 -0.100350E+03 -0.304621E+03 -0.985596E+02 -0.133050E+03 +0.973059E+02 +0.000000E+00 +0.000000E+00 -0.325985E-02 +0.655307E-03 +0.000000E+00 +0.369762E-02 +0.000000E+00 +0.000000E+00
 +0.130720E+01 -0.100360E+03 -0.302559E+03 -0.992649E+02 -0.132602E+03 +0.972383E+02 +0.000000E+00 +0.000000E+00 -0.322918E-02 +0.633402E-03 +0.000000E+00 +0.369505E-02 +0.000000E+00 +0.000000E+00
 +0.130720E+01 -0.100370E+03 -0.300559E+03 -0.999311E+02 -0.132162E+03 +0.971438E+02 +0.000000E+00 +0.000000E+00 -0.319954E-02 +0.612380E-03 +0.000000E+00 +0.369146E-02 +0.000000E+00 +0.000000E+00
 +0.130720E+01 -0.100380E+03 -0.298590E+03 -0.100577E+03 -0.131725E+03 +0.970364E+02 +0.000000E+00 +0.000000E+00 -0.317044E-02 +0.591816E-03 +0.000000E+00 +0.368738E-02 +0.000000E+00 +0.000000E+00
 +0.130720E+01 -0.100390E+03 -0.296677E+03 -0.101188E+03 -0.131296E+03 +0.969070E+02 +0.000000E+00 +0.000000E+00 -0.314225E-02 +0.572040E-03 +0.000000E+00 +0.368247E-02 +0.000000E+00 +0.000000E+00
 +0.130720E+01 -0.100400E+03 -0.294796E+03 -0.101780E+03 -0.130870E+03 +0.967660E+02 +0.000000E+00 +0.000000E+00 -0.311459E-02 +0.552707E-03 +0.000000E+00 +0.367711E-02 +0.000000E+00 +0.000000E+00
 +0.130720E+01 -0.100410E+03 -0.292964E+03 -0.102342E+03 -0.130451E+03 +0.966068E+02 +0.000000E+00 +0.000000E+00 -0.308775E-02 +0.534077E-03 +0.000000E+00 +0.367106E-02 +0.000000E+00 +0.000000E+00
 +0.130720E+01 -0.100420E+03 -0.291164E+03 -0.102884E+03 -0.130036E+03 +0.964372E+02 +0.000000E+00 +0.000000E+00 -0.306143E-02 +0.515876E-03 +0.000000E+00 +0.366462E-02 +0.000000E+00 +0.000000E+00
 +0.130720E+01 -0.100430E+03 -0.289408E+03 -0.103400E+03 -0.129627E+03 +0.962527E+02 +0.000000E+00 +0.000000E+00 -0.303584E-02 +0.498302E-03 +0.000000E+00 +0.365760E-02 +0.000000E+00 +0.000000E+00
 +0.130720E+01 -0.100440E+03 -0.287682E+03 -0.103898E+03 -0.129221E+03 +0.960591E+02 +0.000000E+00 +0.000000E+00 -0.301075E-02 +0.481143E-03 +0.000000E+00 +0.365024E-02 +0.000000E+00 +0.000000E+00
 +0.130720E+01 -0.100450E+03 -0.285996E+03 -0.104372E+03 -0.128822E+03 +0.958530E+02 +0.000000E+00 +0.000000E+00 -0.298632E-02 +0.464542E-03 +0.000000E+00 +0.364241E-02 +0.000000E+00 +0.000000E+00
 +0.130720E+01 -0.100460E+03 -0.284340E+03 -0.104829E+03 -0.128426E+03 +0.956388E+02 +0.000000E+00 +0.000000E+00 -0.296238E-02 +0.448343E-03 +0.000000E+00 +0.363427E-02 +0.000000E+00 +0.000000E+00
 +0.130720E+01 -0.100470E+03 -0.282721E+03 -0.105265E+03 -0.128035E+03 +0.954144E+02 +0.000000E+00 +0.000000E+00 -0.293903E-02 +0.432642E-03 +0.000000E+00 +0.362575E-02 +0.000000E+00 +0.000000E+00
 +0.130720E+01 -0.100480E+03 -0.281130E+03 -0.105684E+03 -0.127648E+03 +0.951827E+02 +0.000000E+00 +0.000000E+00 -0.291614E-02 +0.417328E-03 +0.000000E+00 +0.361694E-02 +0.000000E+00 +0.000000E+00
 +0.130720E+01 -0.100490E+03 -0.279572E+03 -0.106084E+03 -0.127266E+03 +0.949427E+02 +0.000000E+00 +0.000000E+00 -0.289380E-02 +0.402460E-03 +0.000000E+00 +0.360782E-02 +0.000000E+00 +0.000000E+00
 +0.130720E+01 -0.100500E+03 -0.278041E+03 -0.106469E+03 -0.126889E+03 +0.946962E+02 +0.000000E+00 +0.000000E+00 -0.287190E-02 +0.387965E-03 +0.000000E+00 +0.359846E-02 +0.000000E+00 +0.000000E+00
 +0.130720E+01 -0.100510E+03 -0.276541E+03 -0.106838E+03 -0.126515E+03 +0.944428E+02 +0.000000E+00 +0.000000E+00 -0.285049E-02 +0.373868E-03 +0.000000E+00 +0.358883E-02 +0.000000E+00 +0.000000E+00
 +0.130720E+01 -0.100520E+03 -0.275067E+03 -0.107191E+03 -0.126145E+03 +0.941837E+02 +0.000000E+00 +0.000000E+00 -0.282952E-02 +0.360131E-03 +0.000000E+00 +0.357898E-02 +0.000000E+00 +0.000000E+00
 +0.130720E+01 -0.100530E+03 -0.273621E+03 -0.107530E+03 -0.125780E+03 +0.939190E+02 +0.000000E+00 +0.000000E+00 -0.280898E-02 +0.346749E-03 +0.000000E+00 +0.356892E-02 +0.000000E+00 +0.000000E+00
 +0.130720E+01 -0.100540E+03 -0.272200E+03 -0.107854E+03 -0.125418E+03 +0.936491E+02 +0.000000E+00 +0.000000E+00 -0.278887E-02 +0.333715E-03 +0.000000E+00 +0.355867E-02 +0.000000E+00 +0.000000E+00
 +0.130720E+01 -0.100550E+03 -0.270804E+03 -0.108165E+03 -0.125060E+03 +0.933746E+02 +0.000000E+00 +0.000000E+00 -0.276914E-02 +0.320998E-03 +0.000000E+00 +0.354824E-02 +0.000000E+00 +0.000000E+00
 +0.130720E+01 -0.100560E+03 -0.269434E+03 -0.108463E+03 -0.124706E+03 +0.930956E+02 +0.000000E+00 +0.000000E+00 -0.274983E-02 +0.308617E-03 +0.000000E+00 +0.353763E-02 +0.000000E+00 +0.000000E+00
 +0.130720E+01 -0.100570E+03 -0.268085E+03 -0.108749E+03 -0.124355E+03 +0.928128E+02 +0.000000E+00 +0.000000E+00 -0.273087E-02 +0.296519E-03 +0.000000E+00 +0.352689E-02 +0.000000E+00 +0.000000E+00
 +0.130720E+01 -0.100580E+03 -0.266761E+03 -0.109022E+03 -0.124009E+03 +0.925261E+02 +0.000000E+00 +0.000000E+00 -0.271231E-02 +0.284745E-03 +0.000000E+00 +0.351599E-02 +0.000000E+00 +0.000000E+00
 +0.130720E+01 -0.100590E+03 -0.265457E+03 -0.109285E+03 -0.123665E+03 +0.922362E+02 +0.000000E+00 +0.000000E+00 -0.269406E-02 +0.273224E-03 +0.000000E+00 +0.350497E-02 +0.000000E+00 +0.000000E+00
 +0.130720E+01 -0.100600E+03 -0.264178E+03 -0.109535E+03 -0.123325E+03 +0.919427E+02 +0.000000E+00 +0.000000E+00 -0.267620E-02 +0.262016E-03 +0.000000E+00 +0.349382E-02 +0.000000E+00 +0.000000E+00
 +0.130720E+01 -0.100610E+03 -0.262916E+03 -0.109776E+03 -0.122988E+03 +0.916468E+02 +0.000000E+00 +0.000000E+00 -0.265862E-02 +0.251034E-03 +0.000000E+00 +0.348258E-02 +0.000000E+00 +0.000000E+00
 +0.130720E+01 -0.100620E+03 -0.261677E+03 -0.110005E+03 -0.122655E+03 +0.913477E+02 +0.000000E+00 +0.000000E+00 -0.264142E-02 +0.240354E-03 +0.000000E+00 +0.347121E-02 +0.000000E+00 +0.000000E+00
 +0.130720E+01 -0.100630E+03 -0.260455E+03 -0.110226E+03 -0.122325E+03 +0.910465E+02 +0.000000E+00 +0.000000E+00 -0.262447E-02 +0.229876E-03 +0.000000E+00 +0.345977E-02 +0.000000E+00 +0.000000E+00
 +0.130720E+01 -0.100640E+03 -0.259256E+03 -0.110435E+03 -0.121998E+03 +0.907426E+02 +0.000000E+00 +0.000000E+00 -0.260790E-02 +0.219691E-03 +0.000000E+00 +0.344822E-02 +0.000000E+00 +0.000000E+00
 +0.130720E+01 -0.100650E+03 -0.258071E+03 -0.110638E+03 -0.121674E+03 +0.904370E+02 +0.000000E+00 +0.000000E+00 -0.259154E-02 +0.209685E-03 +0.000000E+00 +0.343661E-02 +0.000000E+00 +0.000000E+00
 +0.130720E+01 -0.100660E+03 -0.256908E+03 -0.110829E+03 -0.121353E+03 +0.901290E+02 +0.000000E+00 +0.000000E+00 -0.257555E-02 +0.199964E-03 +0.000000E+00 +0.342490E-02 +0.000000E+00 +0.000000E+00
 +0.130720E+01 -0.100670E+03 -0.255759E+03 -0.111014E+03 -0.121035E+03 +0.898197E+02 +0.000000E+00 +0.000000E+00 -0.255975E-02 +0.190401E-03 +0.000000E+00 +0.341315E-02 +0.000000E+00 +0.000000E+00
 +0.130720E+01 -0.100680E+03 -0.254631E+03 -0.111188E+03 -0.120720E+03 +0.895082E+02 +0.000000E+00 +0.000000E+00 -0.254431E-02 +0.181115E-03 +0.000000E+00 +0.340131E-02 +0.000000E+00 +0.000000E+00
 +0.130720E+01 -0.100690E+03 -0.253515E+03 -0.111357E+03 -0.120408E+03 +0.891956E+02 +0.000000E+00 +0.000000E+00 -0.252904E-02 +0.171970E-03 +0.000000E+00 +0.338943E-02 +0.000000E+00 +0.000000E+00
 +0.130720E+01 -0.100700E+03 -0.252421E+03 -0.111515E+03 -0.120099E+03 +0.888812E+02 +0.000000E+00 +0.000000E+00 -0.251412E-02 +0.163092E-03 +0.000000E+00 +0.337749E-02 +0.000000E+00 +0.000000E+00
 +0.130720E+01 -0.100710E+03 -0.251337E+03 -0.111669E+03 -0.119792E+03 +0.885659E+02 +0.000000E+00 +0.000000E+00 -0.249936E-02 +0.154340E-03 +0.000000E+00 +0.336551E-02 +0.000000E+00 +0.000000E+00
 +0.130720E+01 -0.100720E+03 -0.250274E+03 -0.111812E+03 -0.119488E+03 +0.882490E+02 +0.000000E+00 +0.000000E+00 -0.248492E-02 +0.145848E-03 +0.000000E+00 +0.335346E-02 +0.000000E+00 +0.000000E+00
 +0.130720E+01 -0.100730E+03 -0.249220E+03 -0.111952E+03 -0.119187E+03 +0.879314E+02 +0.000000E+00 +0.000000E+00 -0.247064E-02 +0.137467E-03 +0.000000E+00 +0.334139E-02 +0.000000E+00 +0.000000E+00
 +0.130720E+01 -0.100740E+03 -0.248187E+03 -0.112081E+03 -0.118888E+03 +0.876124E+02 +0.000000E+00 +0.000000E+00 -0.245667E-02 +0.129338E-03 +0.000000E+00 +0.332927E-02 +0.000000E+00 +0.000000E+00
 +0.130720E+01 -0.100750E+03 -0.247162E+03 -0.112207E+03 -0.118592E+03 +0.872929E+02 +0.000000E+00 +0.000000E+00 -0.244283E-02 +0.121309E-03 +0.000000E+00 +0.331713E-02 +0.000000E+00 +0.000000E+00
 +0.130720E+01 -0.100760E+03 -0.246157E+03 -0.112324E+03 -0.118299E+03 +0.869721E+02 +0.000000E+00 +0.000000E+00 -0.242931E-02 +0.113524E-03 +0.000000E+00 +0.330494E-02 +0.000000E+00 +0.000000E+00
 +0.130720E+01 -0.100770E+03 -0.245160E+03 -0.112437E+03 -0.118007E+03 +0.866510E+02 +0.000000E+00 +0.000000E+00 -0.241590E-02 +0.105827E-03 +0.000000E+00 +0.329274E-02 +0.000000E+00 +0.000000E+00
 +0.130720E+01 -0.100780E+03 -0.244182E+03 -0.112541E+03 -0.117719E+03 +0.863288E+02 +0.000000E+00 +0.000000E+00 -0.240280E-02 +0.983685E-04 +0.000000E+00 +0.328049E-02 +0.000000E+00 +0.000000E+00
 +0.130720E+01 -0.100790E+03 -0.243211E+03 -0.112643E+03 -0.117432E+03 +0.860063E+02 +0.000000E+00 +0.000000E+00 -0.238980E-02 +0.909867E-04 +0.000000E+00 +0.326824E-02 +0.000000E+00 +0.000000E+00
 +0.130720E+01 -0.100800E+03 -0.242259E+03 -0.112736E+03 -0.117148E+03 +0.856829E+02 +0.000000E+00 +0.000000E+00 -0.237710E-02 +0.838376E-04 +0.000000E+00 +0.325595E-02 +0.000000E+00 +0.000000E+00
 +0.130720E+01 -0.100810E+03 -0.241312E+03 -0.112826E+03 -0.116866E+03 +0.853593E+02 +0.000000E+00 +0.000000E+00 -0.236449E-02 +0.767556E-04 +0.000000E+00 +0.324365E-02 +0.000000E+00 +0.000000E+00
 +0.130720E+01 -0.100820E+03 -0.240385E+03 -0.112908E+03 -0.116587E+03 +0.850350E+02 +0.000000E+00 +0.000000E+00 -0.235217E-02 +0.699005E-04 +0.000000E+00 +0.323133E-02 +0.000000E+00 +0.000000E+00
 +0.130720E+01 -0.100830E+03 -0.239463E+03 -0.112987E+03 -0.116309E+03 +0.847105E+02 +0.000000E+00 +0.000000E+00 -0.233993E-02 +0.631038E-04 +0.000000E+00 +0.321900E-02 +0.000000E+00 +0.000000E+00
 +0.130720E+01 -0.100840E+03 -0.238560E+03 -0.113059E+03 -0.116034E+03 +0.843855E+02 +0.000000E+00 +0.000000E+00 -0.232798E-02 +0.565288E-04 +0.000000E+00 +0.320665E-02 +0.000000E+00 +0.000000E+00
 +0.130720E+01 -0.100850E+03 -0.237660E+03 -0.113129E+03 -0.115760E+03 +0.840603E+02 +0.000000E+00 +0.000000E+00 -0.231610E-02 +0.500042E-04 +0.000000E+00 +0.319429E-02 +0.000000E+00 +0.000000E+00
 +0.130720E+01 -0.100860E+03 -0.236780E+03 -0.113190E+03 -0.115490E+03 +0.837347E+02 +0.000000E+00 +0.000000E+00 -0.230450E-02 +0.436963E-04 +0.000000E+00 +0.318192E-02 +0.000000E+00 +0.000000E+00
 +0.130720E+01 -0.100870E+03 -0.235902E+03 -0.113250E+03 -0.115220E+03 +0.834091E+02 +0.000000E+00 +0.000000E+00 -0.229296E-02 +0.374314E-04 +0.000000E+00 +0.316954E-02 +0.000000E+00 +0.000000E+00
 +0.130720E+01 -0.100880E+03 -0.235043E+03 -0.113303E+03 -0.114954E+03 +0.830831E+02 +0.000000E+00 +0.000000E+00 -0.228169E-02 +0.313785E-04 +0.000000E+00 +0.315716E-02 +0.000000E+00 +0.000000E+00
 +0.130720E+01 -0.100890E+03 -0.234187E+03 -0.113354E+03 -0.114689E+03 +0.827571E+02 +0.000000E+00 +0.000000E+00 -0.227048E-02 +0.253620E-04 +0.000000E+00 +0.314477E-02 +0.000000E+00 +0.000000E+00
 +0.130720E+01 -0.100900E+03 -0.233349E+03 -0.113397E+03 -0.114426E+03 +0.824309E+02 +0.000000E+00 +0.000000E+00 -0.225954E-02 +0.195531E-04 +0.000000E+00 +0.313238E-02 +0.000000E+00 +0.000000E+00
 +0.130720E+01 -0.100910E+03 -0.232514E+03 -0.113440E+03 -0.114165E+03 +0.821047E+02 +0.000000E+00 +0.000000E+00 -0.224864E-02 +0.137744E-04 +0.000000E+00 +0.311998E-02 +0.000000E+00 +0.000000E+00
 +0.130720E+01 -0.100920E+03 -0.231696E+03 -0.113475E+03 -0.113906E+03 +0.817785E+02 +0.000000E+00 +0.000000E+00 -0.223800E-02 +0.819915E-05 +0.000000E+00 +0.310758E-02 +0.000000E+00 +0.000000E+00
 +0.130720E+01 -0.100930E+03 -0.230880E+03 -0.113509E+03 -0.113648E+03 +0.814522E+02 +0.000000E+00 +0.000000E+00 -0.222740E-02 +0.264844E-05 +0.000000E+00 +0.309518E-02 +0.000000E+00 +0.000000E+00
 +0.130720E+01 -0.100940E+03 -0.230082E+03 -0.113536E+03 -0.113394E+03 +0.811260E+02 +0.000000E+00 +0.000000E+00 -0.221707E-02 -0.270275E-05 +0.000000E+00 +0.308279E-02 +0.000000E+00 +0.000000E+00
 +0.130720E+01 -0.100950E+03 -0.229285E+03 -0.113563E+03 -0.113140E+03 +0.807998E+02 +0.000000E+00 +0.000000E+00 -0.220676E-02 -0.803461E-05 +0.000000E+00 +0.307039E-02 +0.000000E+00 +0.000000E+00
 +0.130720E+01 -0.100960E+03 -0.228505E+03 -0.113582E+03 -0.112889E+03 +0.804737E+02 +0.000000E+00 +0.000000E+00 -0.219671E-02 -0.131707E-04 +0.000000E+00 +0.305800E-02 +0.000000E+00 +0.000000E+00
 +0.130720E+01 -0.100970E+03 -0.227727E+03 -0.113601E+03 -0.112638E+03 +0.801477E+02 +0.000000E+00 +0.000000E+00 -0.218668E-02 -0.182922E-04 +0.000000E+00 +0.304561E-02 +0.000000E+00 +0.000000E+00
 +0.130720E+01 -0.100980E+03 -0.226965E+03 -0.113613E+03 -0.112391E+03 +0.798219E+02 +0.000000E+00 +0.000000E+00 -0.217691E-02 -0.232214E-04 +0.000000E+00 +0.303323E-02 +0.000000E+00 +0.000000E+00
 +0.130720E+01 -0.100990E+03 -0.226204E+03 -0.113625E+03 -0.112143E+03 +0.794961E+02 +0.000000E+00 +0.000000E+00 -0.216715E-02 -0.281406E-04 +0.000000E+00 +0.302085E-02 +0.000000E+00 +0.000000E+00
 +0.130720E+01 -0.101000E+03 -0.225460E+03 -0.113630E+03 -0.111900E+03 +0.791707E+02 +0.000000E+00 +0.000000E+00 -0.215765E-02 -0.328708E-04 +0.000000E+00 +0.300848E-02 +0.000000E+00 +0.000000E+00
 +0.130720E+01 -0.101010E+03 -0.224716E+03 -0.113634E+03 -0.111656E+03 +0.788452E+02 +0.000000E+00 +0.000000E+00 -0.214815E-02 -0.375952E-04 +0.000000E+00 +0.299612E-02 +0.000000E+00 +0.000000E+00
 +0.130720E+01 -0.101020E+03 -0.223989E+03 -0.113633E+03 -0.111415E+03 +0.785203E+02 +0.000000E+00 +0.000000E+00 -0.213890E-02 -0.421337E-04 +0.000000E+00 +0.298377E-02 +0.000000E+00 +0.000000E+00
 +0.130720E+01 -0.101030E+03 -0.223262E+03 -0.113631E+03 -0.111175E+03 +0.781953E+02 +0.000000E+00 +0.000000E+00 -0.212966E-02 -0.466686E-04 +0.000000E+00 +0.297142E-02 +0.000000E+00 +0.000000E+00
 +0.130720E+01 -0.101040E+03 -0.222551E+03 -0.113623E+03 -0.110937E+03 +0.778709E+02 +0.000000E+00 +0.000000E+00 -0.212066E-02 -0.510238E-04 +0.000000E+00 +0.295909E-02 +0.000000E+00 +0.000000E+00
 +0.130720E+01 -0.101050E+03 -0.221840E+03 -0.113615E+03 -0.110700E+03 +0.775465E+02 +0.000000E+00 +0.000000E+00 -0.211167E-02 -0.553741E-04 +0.000000E+00 +0.294677E-02 +0.000000E+00 +0.000000E+00
 +0.130720E+01 -0.101060E+03 -0.221145E+03 -0.113600E+03 -0.110466E+03 +0.772227E+02 +0.000000E+00 +0.000000E+00 -0.210290E-02 -0.595542E-04 +0.000000E+00 +0.293446E-02 +0.000000E+00 +0.000000E+00
 +0.130720E+01 -0.101070E+03 -0.220450E+03 -0.113586E+03 -0.110232E+03 +0.768990E+02 +0.000000E+00 +0.000000E+00 -0.209415E-02 -0.637263E-04 +0.000000E+00 +0.292216E-02 +0.000000E+00 +0.000000E+00
 +0.130720E+01 -0.101080E+03 -0.219770E+03 -0.113566E+03 -0.110001E+03 +0.765759E+02 +0.000000E+00 +0.000000E+00 -0.208561E-02 -0.677373E-04 +0.000000E+00 +0.290989E-02 +0.000000E+00 +0.000000E+00
 +0.130720E+01 -0.101090E+03 -0.219091E+03 -0.113546E+03 -0.109770E+03 +0.762529E+02 +0.000000E+00 +0.000000E+00 -0.207709E-02 -0.717373E-04 +0.000000E+00 +0.289761E-02 +0.000000E+00 +0.000000E+00
 +0.130720E+01 -0.101100E+03 -0.218425E+03 -0.113520E+03 -0.109542E+03 +0.759306E+02 +0.000000E+00 +0.000000E+00 -0.206878E-02 -0.755846E-04 +0.000000E+00 +0.288536E-02 +0.000000E+00 +0.000000E+00
 +0.130720E+01 -0.101110E+03 -0.217761E+03 -0.113494E+03 -0.109314E+03 +0.756084E+02 +0.000000E+00 +0.000000E+00 -0.206049E-02 -0.794183E-04 +0.000000E+00 +0.287312E-02 +0.000000E+00 +0.000000E+00
 +0.130720E+01 -0.101120E+03 -0.217109E+03 -0.113463E+03 -0.109089E+03 +0.752869E+02 +0.000000E+00 +0.000000E+00 -0.205239E-02 -0.831073E-04 +0.000000E+00 +0.286090E-02 +0.000000E+00 +0.000000E+00
 +0.130720E+01 -0.101130E+03 -0.216459E+03 -0.113431E+03 -0.108864E+03 +0.749656E+02 +0.000000E+00 +0.000000E+00 -0.204431E-02 -0.867800E-04 +0.000000E+00 +0.284869E-02 +0.000000E+00 +0.000000E+00
 +0.130720E+01 -0.101140E+03 -0.215822E+03 -0.113395E+03 -0.108642E+03 +0.746451E+02 +0.000000E+00 +0.000000E+00 -0.203642E-02 -0.903156E-04 +0.000000E+00 +0.283651E-02 +0.000000E+00 +0.000000E+00
 +0.130720E+01 -0.101150E+03 -0.215186E+03 -0.113358E+03 -0.108420E+03 +0.743246E+02 +0.000000E+00 +0.000000E+00 -0.202856E-02 -0.938326E-04 +0.000000E+00 +0.282434E-02 +0.000000E+00 +0.000000E+00
 +0.130720E+01 -0.101160E+03 -0.214562E+03 -0.113317E+03 -0.108200E+03 +0.740051E+02 +0.000000E+00 +0.000000E+00 -0.202088E-02 -0.972195E-04 +0.000000E+00 +0.281219E-02 +0.000000E+00 +0.000000E+00
 +0.130720E+01 -0.101170E+03 -0.213940E+03 -0.113275E+03 -0.107981E+03 +0.736857E+02 +0.000000E+00 +0.000000E+00 -0.201322E-02 -0.100586E-03 +0.000000E+00 +0.280006E-02 +0.000000E+00 +0.000000E+00
 +0.130720E+01 -0.101180E+03 -0.213329E+03 -0.113229E+03 -0.107764E+03 +0.733672E+02 +0.000000E+00 +0.000000E+00 -0.200574E-02 -0.103829E-03 +0.000000E+00 +0.278795E-02 +0.000000E+00 +0.000000E+00
 +0.130720E+01 -0.101190E+03 -0.212720E+03 -0.113182E+03 -0.107548E+03 +0.730489E+02 +0.000000E+00 +0.000000E+00 -0.199828E-02 -0.107049E-03 +0.000000E+00 +0.277586E-02 +0.000000E+00 +0.000000E+00
 +0.130720E+01 -0.101200E+03 -0.212122E+03 -0.113131E+03 -0.107334E+03 +0.727315E+02 +0.000000E+00 +0.000000E+00 -0.199099E-02 -0.110152E-03 +0.000000E+00 +0.276380E-02 +0.000000E+00 +0.000000E+00
 +0.130720E+01 -0.101210E+03 -0.211527E+03 -0.113080E+03 -0.107120E+03 +0.724143E+02 +0.000000E+00 +0.000000E+00 -0.198373E-02 -0.113230E-03 +0.000000E+00 +0.275174E-02 +0.000000E+00 +0.000000E+00
 +0.130720E+01 -0.101220E+03 -0.210941E+03 -0.113024E+03 -0.106909E+03 +0.720981E+02 +0.000000E+00 +0.000000E+00 -0.197662E-02 -0.116197E-03 +0.000000E+00 +0.273973E-02 +0.000000E+00 +0.000000E+00
 +0.130720E+01 -0.101230E+03 -0.210358E+03 -0.112968E+03 -0.106698E+03 +0.717821E+02 +0.000000E+00 +0.000000E+00 -0.196955E-02 -0.119138E-03 +0.000000E+00 +0.272772E-02 +0.000000E+00 +0.000000E+00
 +0.130720E+01 -0.101240E+03 -0.209785E+03 -0.112908E+03 -0.106489E+03 +0.714671E+02 +0.000000E+00 +0.000000E+00 -0.196262E-02 -0.121974E-03 +0.000000E+00 +0.271575E-02 +0.000000E+00 +0.000000E+00
 +0.130720E+01 -0.101250E+03 -0.209214E+03 -0.112848E+03 -0.106280E+03 +0.711524E+02 +0.000000E+00 +0.000000E+00 -0.195574E-02 -0.124781E-03 +0.000000E+00 +0.270379E-02 +0.000000E+00 +0.000000E+00
 +0.130720E+01 -0.101260E+03 -0.208653E+03 -0.112784E+03 -0.106074E+03 +0.708386E+02 +0.000000E+00 +0.000000E+00 -0.194899E-02 -0.127489E-03 +0.000000E+00 +0.269187E-02 +0.000000E+00 +0.000000E+00
 +0.130720E+01 -0.101270E+03 -0.208094E+03 -0.112719E+03 -0.105868E+03 +0.705252E+02 +0.000000E+00 +0.000000E+00 -0.194229E-02 -0.130167E-03 +0.000000E+00 +0.267996E-02 +0.000000E+00 +0.000000E+00
 +0.130720E+01 -0.101280E+03 -0.207544E+03 -0.112651E+03 -0.105664E+03 +0.702128E+02 +0.000000E+00 +0.000000E+00 -0.193571E-02 -0.132751E-03 +0.000000E+00 +0.266809E-02 +0.000000E+00 +0.000000E+00
 +0.130720E+01 -0.101290E+03 -0.206997E+03 -0.112582E+03 -0.105461E+03 +0.699008E+02 +0.000000E+00 +0.000000E+00 -0.192918E-02 -0.135303E-03 +0.000000E+00 +0.265623E-02 +0.000000E+00 +0.000000E+00
 +0.130720E+01 -0.101300E+03 -0.206458E+03 -0.112511E+03 -0.105260E+03 +0.695897E+02 +0.000000E+00 +0.000000E+00 -0.192277E-02 -0.137766E-03 +0.000000E+00 +0.264441E-02 +0.000000E+00 +0.000000E+00
 +0.130720E+01 -0.101310E+03 -0.205923E+03 -0.112438E+03 -0.105059E+03 +0.692791E+02 +0.000000E+00 +0.000000E+00 -0.191641E-02 -0.140197E-03 +0.000000E+00 +0.263261E-02 +0.000000E+00 +0.000000E+00
 +0.130720E+01 -0.101320E+03 -0.205395E+03 -0.112362E+03 -0.104860E+03 +0.689695E+02 +0.000000E+00 +0.000000E+00 -0.191017E-02 -0.142542E-03 +0.000000E+00 +0.262084E-02 +0.000000E+00 +0.000000E+00
 +0.130720E+01 -0.101330E+03 -0.204871E+03 -0.112286E+03 -0.104662E+03 +0.686603E+02 +0.000000E+00 +0.000000E+00 -0.190398E-02 -0.144854E-03 +0.000000E+00 +0.260909E-02 +0.000000E+00 +0.000000E+00
 +0.130720E+01 -0.101340E+03 -0.204354E+03 -0.112206E+03 -0.104465E+03 +0.683522E+02 +0.000000E+00 +0.000000E+00 -0.189790E-02 -0.147086E-03 +0.000000E+00 +0.259738E-02 +0.000000E+00 +0.000000E+00
 +0.130720E+01 -0.101350E+03 -0.203841E+03 -0.112126E+03 -0.104269E+03 +0.680445E+02 +0.000000E+00 +0.000000E+00 -0.189187E-02 -0.149282E-03 +0.000000E+00 +0.258569E-02 +0.000000E+00 +0.000000E+00
 +0.130720E+01 -0.101360E+03 -0.203335E+03 -0.112043E+03 -0.104075E+03 +0.677379E+02 +0.000000E+00 +0.000000E+00 -0.188594E-02 -0.151403E-03 +0.000000E+00 +0.257404E-02 +0.000000E+00 +0.000000E+00
 +0.130720E+01 -0.101370E+03 -0.202832E+03 -0.111960E+03 -0.103881E+03 +0.674318E+02 +0.000000E+00 +0.000000E+00 -0.188007E-02 -0.153487E-03 +0.000000E+00 +0.256241E-02 +0.000000E+00 +0.000000E+00
 +0.130720E+01 -0.101380E+03 -0.202336E+03 -0.111873E+03 -0.103689E+03 +0.671267E+02 +0.000000E+00 +0.000000E+00 -0.187429E-02 -0.155500E-03 +0.000000E+00 +0.255081E-02 +0.000000E+00 +0.000000E+00
 +0.130720E+01 -0.101390E+03 -0.201844E+03 -0.111786E+03 -0.103498E+03 +0.668222E+02 +0.000000E+00 +0.000000E+00 -0.186857E-02 -0.157476E-03 +0.000000E+00 +0.253924E-02 +0.000000E+00 +0.000000E+00
 +0.130720E+01 -0.101400E+03 -0.201358E+03 -0.111697E+03 -0.103308E+03 +0.665187E+02 +0.000000E+00 +0.000000E+00 -0.186295E-02 -0.159384E-03 +0.000000E+00 +0.252771E-02 +0.000000E+00 +0.000000E+00
 +0.130720E+01 -0.101410E+03 -0.200876E+03 -0.111606E+03 -0.103119E+03 +0.662159E+02 +0.000000E+00 +0.000000E+00 -0.185738E-02 -0.161253E-03 +0.000000E+00 +0.251620E-02 +0.000000E+00 +0.000000E+00
 +0.130720E+01 -0.101420E+03 -0.200400E+03 -0.111514E+03 -0.102931E+03 +0.659140E+02 +0.000000E+00 +0.000000E+00 -0.185190E-02 -0.163059E-03 +0.000000E+00 +0.250473E-02 +0.000000E+00 +0.000000E+00
 +0.130720E+01 -0.101430E+03 -0.199928E+03 -0.111420E+03 -0.102745E+03 +0.656128E+02 +0.000000E+00 +0.000000E+00 -0.184648E-02 -0.164826E-03 +0.000000E+00 +0.249329E-02 +0.000000E+00 +0.000000E+00
 +0.130720E+01 -0.101440E+03 -0.199462E+03 -0.111324E+03 -0.102559E+03 +0.653127E+02 +0.000000E+00 +0.000000E+00 -0.184114E-02 -0.166533E-03 +0.000000E+00 +0.248188E-02 +0.000000E+00 +0.000000E+00
 +0.130720E+01 -0.101450E+03 -0.198999E+03 -0.111227E+03 -0.102375E+03 +0.650132E+02 +0.000000E+00 +0.000000E+00 -0.183586E-02 -0.168199E-03 +0.000000E+00 +0.247050E-02 +0.000000E+00 +0.000000E+00
 +0.130720E+01 -0.101460E+03 -0.198542E+03 -0.111129E+03 -0.102191E+03 +0.647148E+02 +0.000000E+00 +0.000000E+00 -0.183067E-02 -0.169810E-03 +0.000000E+00 +0.245916E-02 +0.000000E+00 +0.000000E+00
 +0.130720E+01 -0.101470E+03 -0.198089E+03 -0.111029E+03 -0.102009E+03 +0.644171E+02 +0.000000E+00 +0.000000E+00 -0.182553E-02 -0.171379E-03 +0.000000E+00 +0.244785E-02 +0.000000E+00 +0.000000E+00
 +0.130720E+01 -0.101480E+03 -0.197642E+03 -0.110928E+03 -0.101828E+03 +0.641204E+02 +0.000000E+00 +0.000000E+00 -0.182046E-02 -0.172895E-03 +0.000000E+00 +0.243657E-02 +0.000000E+00 +0.000000E+00
 +0.130720E+01 -0.101490E+03 -0.197198E+03 -0.110825E+03 -0.101648E+03 +0.638245E+02 +0.000000E+00 +0.000000E+00 -0.181546E-02 -0.174370E-03 +0.000000E+00 +0.242533E-02 +0.000000E+00 +0.000000E+00
 +0.130720E+01 -0.101500E+03 -0.196759E+03 -0.110721E+03 -0.101468E+03 +0.635295E+02 +0.000000E+00 +0.000000E+00 -0.181053E-02 -0.175794E-03 +0.000000E+00 +0.241412E-02 +0.000000E+00 +0.000000E+00
 +0.130720E+01 -0.101510E+03 -0.196325E+03 -0.110615E+03 -0.101290E+03 +0.632355E+02 +0.000000E+00 +0.000000E+00 -0.180566E-02 -0.177177E-03 +0.000000E+00 +0.240295E-02 +0.000000E+00 +0.000000E+00
 +0.130720E+01 -0.101520E+03 -0.195895E+03 -0.110509E+03 -0.101113E+03 +0.629423E+02 +0.000000E+00 +0.000000E+00 -0.180086E-02 -0.178513E-03 +0.000000E+00 +0.239181E-02 +0.000000E+00 +0.000000E+00
 +0.130720E+01 -0.101530E+03 -0.195470E+03 -0.110401E+03 -0.100937E+03 +0.626501E+02 +0.000000E+00 +0.000000E+00 -0.179612E-02 -0.179806E-03 +0.000000E+00 +0.238070E-02 +0.000000E+00 +0.000000E+00
 +0.130720E+01 -0.101540E+03 -0.195048E+03 -0.110291E+03 -0.100762E+03 +0.623588E+02 +0.000000E+00 +0.000000E+00 -0.179144E-02 -0.181055E-03 +0.000000E+00 +0.236964E-02 +0.000000E+00 +0.000000E+00
 +0.130720E+01 -0.101550E+03 -0.194632E+03 -0.110181E+03 -0.100588E+03 +0.620685E+02 +0.000000E+00 +0.000000E+00 -0.178683E-02 -0.182261E-03 +0.000000E+00 +0.235860E-02 +0.000000E+00 +0.000000E+00
 +0.130720E+01 -0.101560E+03 -0.194219E+03 -0.110069E+03 -0.100415E+03 +0.617791E+02 +0.000000E+00 +0.000000E+00 -0.178227E-02 -0.183426E-03 +0.000000E+00 +0.234760E-02 +0.000000E+00 +0.000000E+00
 +0.130720E+01 -0.101570E+03 -0.193811E+03 -0.109956E+03 -0.100243E+03 +0.614907E+02 +0.000000E+00 +0.000000E+00 -0.177778E-02 -0.184547E-03 +0.000000E+00 +0.233665E-02 +0.000000E+00 +0.000000E+00
 +0.130720E+01 -0.101580E+03 -0.193406E+03 -0.109842E+03 -0.100072E+03 +0.612031E+02 +0.000000E+00 +0.000000E+00 -0.177335E-02 -0.185630E-03 +0.000000E+00 +0.232572E-02 +0.000000E+00 +0.000000E+00
 +0.130720E+01 -0.101590E+03 -0.193006E+03 -0.109726E+03 -0.999018E+02 +0.609167E+02 +0.000000E+00 +0.000000E+00 -0.176898E-02 -0.186669E-03 +0.000000E+00 +0.231483E-02 +0.000000E+00 +0.000000E+00
 +0.130720E+01 -0.101600E+03 -0.192610E+03 -0.109610E+03 -0.997326E+02 +0.606310E+02 +0.000000E+00 +0.000000E+00 -0.176467E-02 -0.187672E-03 +0.000000E+00 +0.230398E-02 +0.000000E+00 +0.000000E+00
 +0.130720E+01 -0.101610E+03 -0.192218E+03 -0.109492E+03 -0.995644E+02 +0.603465E+02 +0.000000E+00 +0.000000E+00 -0.176042E-02 -0.188631E-03 +0.000000E+00 +0.229317E-02 +0.000000E+00 +0.000000E+00
 +0.130720E+01 -0.101620E+03 -0.191830E+03 -0.109374E+03 -0.993972E+02 +0.600629E+02 +0.000000E+00 +0.000000E+00 -0.175622E-02 -0.189556E-03 +0.000000E+00 +0.228239E-02 +0.000000E+00 +0.000000E+00
 +0.130720E+01 -0.101630E+03 -0.191446E+03 -0.109254E+03 -0.992310E+02 +0.597803E+02 +0.000000E+00 +0.000000E+00 -0.175208E-02 -0.190437E-03 +0.000000E+00 +0.227165E-02 +0.000000E+00 +0.000000E+00
 +0.130720E+01 -0.101640E+03 -0.191065E+03 -0.109133E+03 -0.990655E+02 +0.594986E+02 +0.000000E+00 +0.000000E+00 -0.174800E-02 -0.191287E-03 +0.000000E+00 +0.226095E-02 +0.000000E+00 +0.000000E+00
 +0.130720E+01 -0.101650E+03 -0.190689E+03 -0.109011E+03 -0.989012E+02 +0.592181E+02 +0.000000E+00 +0.000000E+00 -0.174397E-02 -0.192092E-03 +0.000000E+00 +0.225029E-02 +0.000000E+00 +0.000000E+00
 +0.130720E+01 -0.101660E+03 -0.190316E+03 -0.108889E+03 -0.987377E+02 +0.589384E+02 +0.000000E+00 +0.000000E+00 -0.174000E-02 -0.192869E-03 +0.000000E+00 +0.223966E-02 +0.000000E+00 +0.000000E+00
 +0.130720E+01 -0.101670E+03 -0.189948E+03 -0.108765E+03 -0.985753E+02 +0.586599E+02 +0.000000E+00 +0.000000E+00 -0.173608E-02 -0.193600E-03 +0.000000E+00 +0.222908E-02 +0.000000E+00 +0.000000E+00
 +0.130720E+01 -0.101680E+03 -0.189583E+03 -0.108640E+03 -0.984135E+02 +0.583822E+02 +0.000000E+00 +0.000000E+00 -0.173221E-02 -0.194305E-03 +0.000000E+00 +0.221852E-02 +0.000000E+00 +0.000000E+00
 +0.130720E+01 -0.101690E+03 -0.189222E+03 -0.108514E+03 -0.982529E+02 +0.581058E+02 +0.000000E+00 +0.000000E+00 -0.172841E-02 -0.194965E-03 +0.000000E+00 +0.220802E-02 +0.000000E+00 +0.000000E+00
 +0.130720E+01 -0.101700E+03 -0.188864E+03 -0.108388E+03 -0.980930E+02 +0.578301E+02 +0.000000E+00 +0.000000E+00 -0.172464E-02 -0.195601E-03 +0.000000E+00 +0.219754E-02 +0.000000E+00 +0.000000E+00
 +0.130720E+01 -0.101710E+03 -0.188510E+03 -0.108260E+03 -0.979342E+02 +0.575558E+02 +0.000000E+00 +0.000000E+00 -0.172095E-02 -0.196191E-03 +0.000000E+00 +0.218712E-02 +0.000000E+00 +0.000000E+00
 +0.130720E+01 -0.101720E+03 -0.188159E+03 -0.108132E+03 -0.977760E+02 +0.572821E+02 +0.000000E+00 +0.000000E+00 -0.171728E-02 -0.196759E-03 +0.000000E+00 +0.217672E-02 +0.000000E+00 +0.000000E+00
 +0.130720E+01 -0.101730E+03 -0.187813E+03 -0.108002E+03 -0.976191E+02 +0.570098E+02 +0.000000E+00 +0.000000E+00 -0.171369E-02 -0.197282E-03 +0.000000E+00 +0.216637E-02 +0.000000E+00 +0.000000E+00
 +0.130720E+01 -0.101740E+03 -0.187469E+03 -0.107872E+03 -0.974627E+02 +0.567382E+02 +0.000000E+00 +0.000000E+00 -0.171012E-02 -0.197784E-03 +0.000000E+00 +0.215605E-02 +0.000000E+00 +0.000000E+00
 +0.130720E+01 -0.101750E+03 -0.187130E+03 -0.107741E+03 -0.973075E+02 +0.564680E+02 +0.000000E+00 +0.000000E+00 -0.170663E-02 -0.198240E-03 +0.000000E+00 +0.214579E-02 +0.000000E+00 +0.000000E+00
 +0.130720E+01 -0.101760E+03 -0.186793E+03 -0.107610E+03 -0.971528E+02 +0.561985E+02 +0.000000E+00 +0.000000E+00 -0.170316E-02 -0.198678E-03 +0.000000E+00 +0.213554E-02 +0.000000E+00 +0.000000E+00
 +0.130720E+01 -0.101770E+03 -0.186461E+03 -0.107477E+03 -0.969993E+02 +0.559304E+02 +0.000000E+00 +0.000000E+00 -0.169976E-02 -0.199071E-03 +0.000000E+00 +0.212536E-02 +0.000000E+00 +0.000000E+00
 +0.130720E+01 -0.101780E+03 -0.186130E+03 -0.107344E+03 -0.968463E+02 +0.556629E+02 +0.000000E+00 +0.000000E+00 -0.169639E-02 -0.199447E-03 +0.000000E+00 +0.211519E-02 +0.000000E+00 +0.000000E+00
 +0.130720E+01 -0.101790E+03 -0.185805E+03 -0.107209E+03 -0.966946E+02 +0.553970E+02 +0.000000E+00 +0.000000E+00 -0.169309E-02 -0.199777E-03 +0.000000E+00 +0.210509E-02 +0.000000E+00 +0.000000E+00
 +0.130720E+01 -0.101800E+03 -0.185481E+03 -0.107074E+03 -0.965433E+02 +0.551316E+02 +0.000000E+00 +0.000000E+00 -0.168982E-02 -0.200092E-03 +0.000000E+00 +0.209500E-02 +0.000000E+00 +0.000000E+00
 +0.130720E+01 -0.101810E+03 -0.185162E+03 -0.106939E+03 -0.963933E+02 +0.548678E+02 +0.000000E+00 +0.000000E+00 -0.168661E-02 -0.200362E-03 +0.000000E+00 +0.208497E-02 +0.000000E+00 +0.000000E+00
 +0.130720E+01 -0.101820E+03 -0.184845E+03 -0.106802E+03 -0.962436E+02 +0.546044E+02 +0.000000E+00 +0.000000E+00 -0.168342E-02 -0.200618E-03 +0.000000E+00 +0.207497E-02 +0.000000E+00 +0.000000E+00
 +0.130720E+01 -0.101830E+03 -0.184533E+03 -0.106665E+03 -0.960952E+02 +0.543427E+02 +0.000000E+00 +0.000000E+00 -0.168031E-02 -0.200829E-03 +0.000000E+00 +0.206502E-02 +0.000000E+00 +0.000000E+00
 +0.130720E+01 -0.101840E+03 -0.184222E+03 -0.106528E+03 -0.959472E+02 +0.540814E+02 +0.000000E+00 +0.000000E+00 -0.167721E-02 -0.201028E-03 +0.000000E+00 +0.205509E-02 +0.000000E+00 +0.000000E+00
 +0.130720E+01 -0.101850E+03 -0.183916E+03 -0.106389E+03 -0.958005E+02 +0.538217E+02 +0.000000E+00 +0.000000E+00 -0.167419E-02 -0.201181E-03 +0.000000E+00 +0.204523E-02 +0.000000E+00 +0.000000E+00
 +0.130720E+01 -0.101860E+03 -0.183611E+03 -0.106250E+03 -0.956541E+02 +0.535625E+02 +0.000000E+00 +0.000000E+00 -0.167118E-02 -0.201323E-03 +0.000000E+00 +0.203537E-02 +0.000000E+00 +0.000000E+00
 +0.130720E+01 -0.101870E+03 -0.183311E+03 -0.106110E+03 -0.955090E+02 +0.533048E+02 +0.000000E+00 +0.000000E+00 -0.166824E-02 -0.201420E-03 +0.000000E+00 +0.202558E-02 +0.000000E+00 +0.000000E+00
 +0.130720E+01 -0.101880E+03 -0.183013E+03 -0.105970E+03 -0.953642E+02 +0.530475E+02 +0.000000E+00 +0.000000E+00 -0.166532E-02 -0.201507E-03 +0.000000E+00 +0.201581E-02 +0.000000E+00 +0.000000E+00
 +0.130720E+01 -0.101890E+03 -0.182719E+03 -0.105828E+03 -0.952206E+02 +0.527917E+02 +0.000000E+00 +0.000000E+00 -0.166247E-02 -0.201548E-03 +0.000000E+00 +0.200609E-02 +0.000000E+00 +0.000000E+00
 +0.130720E+01 -0.101900E+03 -0.182426E+03 -0.105687E+03 -0.950773E+02 +0.525362E+02 +0.000000E+00 +0.000000E+00 -0.165963E-02 -0.201580E-03 +0.000000E+00 +0.199638E-02 +0.000000E+00 +0.000000E+00
 +0.130720E+01 -0.101910E+03 -0.182139E+03 -0.105544E+03 -0.949353E+02 +0.522823E+02 +0.000000E+00 +0.000000E+00 -0.165687E-02 -0.201564E-03 +0.000000E+00 +0.198673E-02 +0.000000E+00 +0.000000E+00
 +0.130720E+01 -0.101920E+03 -0.181852E+03 -0.105401E+03 -0.947934E+02 +0.520287E+02 +0.000000E+00 +0.000000E+00 -0.165411E-02 -0.201540E-03 +0.000000E+00 +0.197709E-02 +0.000000E+00 +0.000000E+00
 +0.130720E+01 -0.101930E+03 -0.181569E+03 -0.105256E+03 -0.946524E+02 +0.517755E+02 +0.000000E+00 +0.000000E+00 -0.165142E-02 -0.201471E-03 +0.000000E+00 +0.196747E-02 +0.000000E+00 +0.000000E+00
 +0.130720E+01 -0.101940E+03 -0.181287E+03 -0.105111E+03 -0.945116E+02 +0.515224E+02 +0.000000E+00 +0.000000E+00 -0.164874E-02 -0.201396E-03 +0.000000E+00 +0.195785E-02 +0.000000E+00 +0.000000E+00
 +0.130720E+01 -0.101950E+03 -0.180985E+03 -0.104954E+03 -0.943598E+02 +0.512211E+02 +0.000000E+00 +0.000000E+00 -0.164588E-02 -0.201283E-03 +0.000000E+00 +0.194640E-02 +0.000000E+00 +0.000000E+00
 +0.130720E+01 -0.101960E+03 -0.180681E+03 -0.104794E+03 -0.942067E+02 +0.509145E+02 +0.000000E+00 +0.000000E+00 -0.164300E-02 -0.201165E-03 +0.000000E+00 +0.193475E-02 +0.000000E+00 +0.000000E+00
 +0.130720E+01 -0.101970E+03 -0.180424E+03 -0.104656E+03 -0.940766E+02 +0.507055E+02 +0.000000E+00 +0.000000E+00 -0.164061E-02 -0.201014E-03 +0.000000E+00 +0.192681E-02 +0.000000E+00 +0.000000E+00
 +0.130720E+01 -0.101980E+03 -0.180172E+03 -0.104520E+03 -0.939484E+02 +0.505050E+02 +0.000000E+00 +0.000000E+00 -0.163825E-02 -0.200860E-03 +0.000000E+00 +0.191919E-02 +0.000000E+00 +0.000000E+00
 +0.130720E+01 -0.101990E+03 -0.179887E+03 -0.104368E+03 -0.938042E+02 +0.502432E+02 +0.000000E+00 +0.000000E+00 -0.163558E-02 -0.200712E-03 +0.000000E+00 +0.190924E-02 +0.000000E+00 +0.000000E+00
 +0.130720E+01 -0.102000E+03 -0.179600E+03 -0.104215E+03 -0.936588E+02 +0.499768E+02 +0.000000E+00 +0.000000E+00 -0.163288E-02 -0.200565E-03 +0.000000E+00 +0.189912E-02 +0.000000E+00 +0.000000E+00
 +0.130720E+01 -0.102010E+03 -0.179353E+03 -0.104079E+03 -0.935323E+02 +0.497318E+02 +0.000000E+00 +0.000000E+00 -0.163059E-02 -0.200378E-03 +0.000000E+00 +0.188981E-02 +0.000000E+00 +0.000000E+00
 +0.130720E+01 -0.102020E+03 -0.179106E+03 -0.103944E+03 -0.934064E+02 +0.494888E+02 +0.000000E+00 +0.000000E+00 -0.162829E-02 -0.200209E-03 +0.000000E+00 +0.188057E-02 +0.000000E+00 +0.000000E+00
 +0.130720E+01 -0.102030E+03 -0.178833E+03 -0.103789E+03 -0.932653E+02 +0.492550E+02 +0.000000E+00 +0.000000E+00 -0.162579E-02 -0.199954E-03 +0.000000E+00 +0.187169E-02 +0.000000E+00 +0.000000E+00
 +0.130720E+01 -0.102040E+03 -0.178608E+03 -0.103657E+03 -0.931473E+02 +0.490167E+02 +0.000000E+00 +0.000000E+00 -0.162374E-02 -0.199683E-03 +0.000000E+00 +0.186264E-02 +0.000000E+00 +0.000000E+00
 +0.130720E+01 -0.102050E+03 -0.178386E+03 -0.103525E+03 -0.930305E+02 +0.487800E+02 +0.000000E+00 +0.000000E+00 -0.162175E-02 -0.199389E-03 +0.000000E+00 +0.185364E-02 +0.000000E+00 +0.000000E+00
 +0.130720E+01 -0.102060E+03 -0.178154E+03 -0.103379E+03 -0.929059E+02 +0.485533E+02 +0.000000E+00 +0.000000E+00 -0.161972E-02 -0.198987E-03 +0.000000E+00 +0.184503E-02 +0.000000E+00 +0.000000E+00
 +0.130720E+01 -0.102070E+03 -0.177925E+03 -0.103239E+03 -0.927842E+02 +0.483255E+02 +0.000000E+00 +0.000000E+00 -0.161768E-02 -0.198643E-03 +0.000000E+00 +0.183637E-02 +0.000000E+00 +0.000000E+00
 +0.130720E+01 -0.102080E+03 -0.177701E+03 -0.103109E+03 -0.926671E+02 +0.480959E+02 +0.000000E+00 +0.000000E+00 -0.161564E-02 -0.198389E-03 +0.000000E+00 +0.182764E-02 +0.000000E+00 +0.000000E+00
 +0.130720E+01 -0.102090E+03 -0.177476E+03 -0.102978E+03 -0.925499E+02 +0.478664E+02 +0.000000E+00 +0.000000E+00 -0.161360E-02 -0.198135E-03 +0.000000E+00 +0.181892E-02 +0.000000E+00 +0.000000E+00
 +0.130720E+01 -0.102100E+03 -0.177245E+03 -0.102819E+03 -0.924213E+02 +0.476337E+02 +0.000000E+00 +0.000000E+00 -0.161166E-02 -0.197557E-03 +0.000000E+00 +0.181008E-02 +0.000000E+00 +0.000000E+00
 +0.130720E+01 -0.102110E+03 -0.177018E+03 -0.102662E+03 -0.922943E+02 +0.474019E+02 +0.000000E+00 +0.000000E+00 -0.160975E-02 -0.196977E-03 +0.000000E+00 +0.180127E-02 +0.000000E+00 +0.000000E+00
 +0.130720E+01 -0.102120E+03 -0.176794E+03 -0.102506E+03 -0.921687E+02 +0.471711E+02 +0.000000E+00 +0.000000E+00 -0.160787E-02 -0.196399E-03 +0.000000E+00 +0.179250E-02 +0.000000E+00 +0.000000E+00
 +0.130720E+01 -0.102130E+03 -0.176569E+03 -0.102350E+03 -0.920432E+02 +0.469402E+02 +0.000000E+00 +0.000000E+00 -0.160600E-02 -0.195820E-03 +0.000000E+00 +0.178373E-02 +0.000000E+00 +0.000000E+00
 +0.130720E+01 -0.102140E+03 -0.176339E+03 -0.102185E+03 -0.919130E+02 +0.467049E+02 +0.000000E+00 +0.000000E+00 -0.160410E-02 -0.195171E-03 +0.000000E+00 +0.177478E-02 +0.000000E+00 +0.000000E+00
 +0.130720E+01 -0.102150E+03 -0.176092E+03 -0.101992E+03 -0.917678E+02 +0.464638E+02 +0.000000E+00 +0.000000E+00 -0.160216E-02 -0.194262E-03 +0.000000E+00 +0.176563E-02 +0.000000E+00 +0.000000E+00
 +0.130720E+01 -0.102160E+03 -0.175842E+03 -0.101792E+03 -0.916194E+02 +0.462234E+02 +0.000000E+00 +0.000000E+00 -0.160023E-02 -0.193288E-03 +0.000000E+00 +0.175649E-02 +0.000000E+00 +0.000000E+00
 +0.130720E+01 -0.102170E+03 -0.175586E+03 -0.101592E+03 -0.914688E+02 +0.459781E+02 +0.000000E+00 +0.000000E+00 -0.159823E-02 -0.192338E-03 +0.000000E+00 +0.174717E-02 +0.000000E+00 +0.000000E+00
 +0.130720E+01 -0.102180E+03 -0.175334E+03 -0.101396E+03 -0.913209E+02 +0.457364E+02 +0.000000E+00 +0.000000E+00 -0.159625E-02 -0.191423E-03 +0.000000E+00 +0.173798E-02 +0.000000E+00 +0.000000E+00
 +0.130720E+01 -0.102190E+03 -0.175124E+03 -0.101249E+03 -0.912029E+02 +0.455212E+02 +0.000000E+00 +0.000000E+00 -0.159449E-02 -0.190871E-03 +0.000000E+00 +0.172981E-02 +0.000000E+00 +0.000000E+00
 +0.130720E+01 -0.102200E+03 -0.174923E+03 -0.101119E+03 -0.910939E+02 +0.453009E+02 +0.000000E+00 +0.000000E+00 -0.159276E-02 -0.190475E-03 +0.000000E+00 +0.172143E-02 +0.000000E+00 +0.000000E+00
 +0.130720E+01 -0.102210E+03 -0.174723E+03 -0.100989E+03 -0.909849E+02 +0.450806E+02 +0.000000E+00 +0.000000E+00 -0.159102E-02 -0.190079E-03 +0.000000E+00 +0.171306E-02 +0.000000E+00 +0.000000E+00
 +0.130720E+01 -0.102220E+03 -0.174522E+03 -0.100859E+03 -0.908758E+02 +0.448603E+02 +0.000000E+00 +0.000000E+00 -0.158928E-02 -0.189682E-03 +0.000000E+00 +0.170469E-02 +0.000000E+00 +0.000000E+00
 +0.130720E+01 -0.102230E+03 -0.174320E+03 -0.100731E+03 -0.907669E+02 +0.446437E+02 +0.000000E+00 +0.000000E+00 -0.158752E-02 -0.189316E-03 +0.000000E+00 +0.169646E-02 +0.000000E+00 +0.000000E+00
 +0.130720E+01 -0.102240E+03 -0.174119E+03 -0.100603E+03 -0.906580E+02 +0.444271E+02 +0.000000E+00 +0.000000E+00 -0.158575E-02 -0.188949E-03 +0.000000E+00 +0.168823E-02 +0.000000E+00 +0.000000E+00
 +0.130720E+01 -0.102250E+03 -0.173932E+03 -0.100453E+03 -0.905467E+02 +0.442107E+02 +0.000000E+00 +0.000000E+00 -0.158431E-02 -0.188210E-03 +0.000000E+00 +0.168001E-02 +0.000000E+00 +0.000000E+00
 +0.130720E+01 -0.102260E+03 -0.173750E+03 -0.100294E+03 -0.904346E+02 +0.439944E+02 +0.000000E+00 +0.000000E+00 -0.158299E-02 -0.187338E-03 +0.000000E+00 +0.167179E-02 +0.000000E+00 +0.000000E+00
 +0.130720E+01 -0.102270E+03 -0.173550E+03 -0.100138E+03 -0.903170E+02 +0.437764E+02 +0.000000E+00 +0.000000E+00 -0.158143E-02 -0.186597E-03 +0.000000E+00 +0.166350E-02 +0.000000E+00 +0.000000E+00
 +0.130720E+01 -0.102280E+03 -0.173336E+03 -0.999827E+02 -0.901952E+02 +0.435569E+02 +0.000000E+00 +0.000000E+00 -0.157968E-02 -0.185962E-03 +0.000000E+00 +0.165516E-02 +0.000000E+00 +0.000000E+00
 +0.130720E+01 -0.102290E+03 -0.173122E+03 -0.998275E+02 -0.900734E+02 +0.433374E+02 +0.000000E+00 +0.000000E+00 -0.157793E-02 -0.185327E-03 +0.000000E+00 +0.164682E-02 +0.000000E+00 +0.000000E+00
 +0.130720E+01 -0.102300E+03 -0.172908E+03 -0.996723E+02 -0.899516E+02 +0.431179E+02 +0.000000E+00 +0.000000E+00 -0.157618E-02 -0.184692E-03 +0.000000E+00 +0.163848E-02 +0.000000E+00 +0.000000E+00
 +0.130720E+01 -0.102310E+03 -0.172700E+03 -0.994900E+02 -0.898227E+02 +0.429007E+02 +0.000000E+00 +0.000000E+00 -0.157467E-02 -0.183679E-03 +0.000000E+00 +0.163023E-02 +0.000000E+00 +0.000000E+00
 +0.130720E+01 -0.102320E+03 -0.172499E+03 -0.993044E+02 -0.896950E+02 +0.426936E+02 +0.000000E+00 +0.000000E+00 -0.157327E-02 -0.182579E-03 +0.000000E+00 +0.162236E-02 +0.000000E+00 +0.000000E+00
 +0.130720E+01 -0.102330E+03 -0.172299E+03 -0.991274E+02 -0.895707E+02 +0.424908E+02 +0.000000E+00 +0.000000E+00 -0.157184E-02 -0.181577E-03 +0.000000E+00 +0.161465E-02 +0.000000E+00 +0.000000E+00
 +0.130720E+01 -0.102340E+03 -0.172099E+03 -0.989504E+02 -0.894464E+02 +0.422880E+02 +0.000000E+00 +0.000000E+00 -0.157041E-02 -0.180576E-03 +0.000000E+00 +0.160695E-02 +0.000000E+00 +0.000000E+00
 +0.130720E+01 -0.102350E+03 -0.171900E+03 -0.987734E+02 -0.893222E+02 +0.420853E+02 +0.000000E+00 +0.000000E+00 -0.156897E-02 -0.179574E-03 +0.000000E+00 +0.159924E-02 +0.000000E+00 +0.000000E+00
 +0.130720E+01 -0.102360E+03 -0.171700E+03 -0.985964E+02 -0.891979E+02 +0.418825E+02 +0.000000E+00 +0.000000E+00 -0.156754E-02 -0.178573E-03 +0.000000E+00 +0.159153E-02 +0.000000E+00 +0.000000E+00
 +0.130720E+01 -0.102370E+03 -0.171504E+03 -0.984252E+02 -0.890767E+02 +0.416819E+02 +0.000000E+00 +0.000000E+00 -0.156612E-02 -0.177622E-03 +0.000000E+00 +0.158391E-02 +0.000000E+00 +0.000000E+00
 +0.130720E+01 -0.102380E+03 -0.171343E+03 -0.982890E+02 -0.889785E+02 +0.414933E+02 +0.000000E+00 +0.000000E+00 -0.156492E-02 -0.176900E-03 +0.000000E+00 +0.157674E-02 +0.000000E+00 +0.000000E+00
 +0.130720E+01 -0.102390E+03 -0.171182E+03 -0.981529E+02 -0.888804E+02 +0.413047E+02 +0.000000E+00 +0.000000E+00 -0.156372E-02 -0.176178E-03 +0.000000E+00 +0.156958E-02 +0.000000E+00 +0.000000E+00
 +0.130720E+01 -0.102400E+03 -0.171020E+03 -0.980167E+02 -0.887822E+02 +0.411160E+02 +0.000000E+00 +0.000000E+00 -0.156252E-02 -0.175456E-03 +0.000000E+00 +0.156241E-02 +0.000000E+00 +0.000000E+00
 +0.130720E+01 -0.102410E+03 -0.170859E+03 -0.978806E+02 -0.886840E+02 +0.409274E+02 +0.000000E+00 +0.000000E+00 -0.156132E-02 -0.174734E-03 +0.000000E+00 +0.155524E-02 +0.000000E+00 +0.000000E+00
 +0.130720E+01 -0.102420E+03 -0.170698E+03 -0.977444E+02 -0.885858E+02 +0.407388E+02 +0.000000E+00 +0.000000E+00 -0.156012E-02 -0.174013E-03 +0.000000E+00 +0.154807E-02 +0.000000E+00 +0.000000E+00
 +0.130720E+01 -0.102430E+03 -0.170536E+03 -0.976082E+02 -0.884877E+02 +0.405502E+02 +0.000000E+00 +0.000000E+00 -0.155892E-02 -0.173291E-03 +0.000000E+00 +0.154091E-02 +0.000000E+00 +0.000000E+00
 +0.130720E+01 -0.102440E+03 -0.170375E+03 -0.974721E+02 -0.883895E+02 +0.403615E+02 +0.000000E+00 +0.000000E+00 -0.155772E-02 -0.172569E-03 +0.000000E+00 +0.153374E-02 +0.000000E+00 +0.000000E+00
 +0.130720E+01 -0.102450E+03 -0.170217E+03 -0.973208E+02 -0.882873E+02 +0.401608E+02 +0.000000E+00 +0.000000E+00 -0.155666E-02 -0.171635E-03 +0.000000E+00 +0.152611E-02 +0.000000E+00 +0.000000E+00
 +0.130720E+01 -0.102460E+03 -0.170063E+03 -0.971941E+02 -0.881949E+02 +0.399583E+02 +0.000000E+00 +0.000000E+00 -0.155550E-02 -0.170986E-03 +0.000000E+00 +0.151841E-02 +0.000000E+00 +0.000000E+00
 +0.130720E+01 -0.102470E+03 -0.169904E+03 -0.970342E+02 -0.880895E+02 +0.397529E+02 +0.000000E+00 +0.000000E+00 -0.155447E-02 -0.169950E-03 +0.000000E+00 +0.151061E-02 +0.000000E+00 +0.000000E+00
 +0.130720E+01 -0.102480E+03 -0.169744E+03 -0.968742E+02 -0.879840E+02 +0.395475E+02 +0.000000E+00 +0.000000E+00 -0.155344E-02 -0.168914E-03 +0.000000E+00 +0.150281E-02 +0.000000E+00 +0.000000E+00
 +0.130720E+01 -0.102490E+03 -0.169584E+03 -0.967142E+02 -0.878785E+02 +0.393422E+02 +0.000000E+00 +0.000000E+00 -0.155241E-02 -0.167878E-03 +0.000000E+00 +0.149500E-02 +0.000000E+00 +0.000000E+00
 +0.130720E+01 -0.102500E+03 -0.169425E+03 -0.965543E+02 -0.877731E+02 +0.391368E+02 +0.000000E+00 +0.000000E+00 -0.155138E-02 -0.166842E-03 +0.000000E+00 +0.148720E-02 +0.000000E+00 +0.000000E+00
 +0.130720E+01 -0.102510E+03 -0.169265E+03 -0.963943E+02 -0.876676E+02 +0.389314E+02 +0.000000E+00 +0.000000E+00 -0.155035E-02 -0.165806E-03 +0.000000E+00 +0.147939E-02 +0.000000E+00 +0.000000E+00
 +0.130720E+01 -0.102520E+03 -0.169106E+03 -0.962343E+02 -0.875622E+02 +0.387260E+02 +0.000000E+00 +0.000000E+00 -0.154933E-02 -0.164771E-03 +0.000000E+00 +0.147159E-02 +0.000000E+00 +0.000000E+00
 +0.130720E+01 -0.102530E+03 -0.168946E+03 -0.960744E+02 -0.874567E+02 +0.385207E+02 +0.000000E+00 +0.000000E+00 -0.154830E-02 -0.163735E-03 +0.000000E+00 +0.146379E-02 +0.000000E+00 +0.000000E+00
 +0.130720E+01 -0.102540E+03 -0.168791E+03 -0.959182E+02 -0.873540E+02 +0.383235E+02 +0.000000E+00 +0.000000E+00 -0.154730E-02 -0.162720E-03 +0.000000E+00 +0.145629E-02 +0.000000E+00 +0.000000E+00
 +0.130720E+01 -0.102550E+03 -0.168642E+03 -0.957677E+02 -0.872552E+02 +0.381380E+02 +0.000000E+00 +0.000000E+00 -0.154635E-02 -0.161737E-03 +0.000000E+00 +0.144924E-02 +0.000000E+00 +0.000000E+00
 +0.130720E+01 -0.102560E+03 -0.168493E+03 -0.956171E+02 -0.871564E+02 +0.379526E+02 +0.000000E+00 +0.000000E+00 -0.154540E-02 -0.160754E-03 +0.000000E+00 +0.144220E-02 +0.000000E+00 +0.000000E+00
 +0.130720E+01 -0.102570E+03 -0.168344E+03 -0.954666E+02 -0.870576E+02 +0.377671E+02 +0.000000E+00 +0.000000E+00 -0.154445E-02 -0.159771E-03 +0.000000E+00 +0.143515E-02 +0.000000E+00 +0.000000E+00
 +0.130720E+01 -0.102580E+03 -0.168195E+03 -0.953160E+02 -0.869588E+02 +0.375817E+02 +0.000000E+00 +0.000000E+00 -0.154350E-02 -0.158787E-03 +0.000000E+00 +0.142810E-02 +0.000000E+00 +0.000000E+00
 +0.130720E+01 -0.102590E+03 -0.168047E+03 -0.951655E+02 -0.868600E+02 +0.373962E+02 +0.000000E+00 +0.000000E+00 -0.154255E-02 -0.157804E-03 +0.000000E+00 +0.142106E-02 +0.000000E+00 +0.000000E+00
 +0.130720E+01 -0.102600E+03 -0.167898E+03 -0.950149E+02 -0.867612E+02 +0.372107E+02 +0.000000E+00 +0.000000E+00 -0.154159E-02 -0.156821E-03 +0.000000E+00 +0.141401E-02 +0.000000E+00 +0.000000E+00
 +0.130720E+01 -0.102610E+03 -0.167749E+03 -0.948643E+02 -0.866624E+02 +0.370253E+02 +0.000000E+00 +0.000000E+00 -0.154064E-02 -0.155838E-03 +0.000000E+00 +0.140696E-02 +0.000000E+00 +0.000000E+00
 +0.130720E+01 -0.102620E+03 -0.167601E+03 -0.947130E+02 -0.865636E+02 +0.368399E+02 +0.000000E+00 +0.000000E+00 -0.153971E-02 -0.154839E-03 +0.000000E+00 +0.139992E-02 +0.000000E+00 +0.000000E+00
 +0.130720E+01 -0.102630E+03 -0.167478E+03 -0.945619E+02 -0.864733E+02 +0.366599E+02 +0.000000E+00 +0.000000E+00 -0.153910E-02 -0.153683E-03 +0.000000E+00 +0.139308E-02 +0.000000E+00 +0.000000E+00
 +0.130720E+01 -0.102640E+03 -0.167346E+03 -0.944059E+02 -0.863780E+02 +0.364783E+02 +0.000000E+00 +0.000000E+00 -0.153838E-02 -0.152530E-03 +0.000000E+00 +0.138617E-02 +0.000000E+00 +0.000000E+00
 +0.130720E+01 -0.102650E+03 -0.167213E+03 -0.942499E+02 -0.862827E+02 +0.362967E+02 +0.000000E+00 +0.000000E+00 -0.153767E-02 -0.151377E-03 +0.000000E+00 +0.137927E-02 +0.000000E+00 +0.000000E+00
 +0.130720E+01 -0.102660E+03 -0.167080E+03 -0.940938E+02 -0.861873E+02 +0.361151E+02 +0.000000E+00 +0.000000E+00 -0.153696E-02 -0.150224E-03 +0.000000E+00 +0.137237E-02 +0.000000E+00 +0.000000E+00
 +0.130720E+01 -0.102670E+03 -0.166947E+03 -0.939378E+02 -0.860920E+02 +0.359335E+02 +0.000000E+00 +0.000000E+00 -0.153625E-02 -0.149070E-03 +0.000000E+00 +0.136547E-02 +0.000000E+00 +0.000000E+00
 +0.130720E+01 -0.102680E+03 -0.166814E+03 -0.937817E+02 -0.859966E+02 +0.357519E+02 +0.000000E+00 +0.000000E+00 -0.153553E-02 -0.147917E-03 +0.000000E+00 +0.135857E-02 +0.000000E+00 +0.000000E+00
 +0.130720E+01 -0.102690E+03 -0.166681E+03 -0.936257E+02 -0.859013E+02 +0.355703E+02 +0.000000E+00 +0.000000E+00 -0.153482E-02 -0.146764E-03 +0.000000E+00 +0.135167E-02 +0.000000E+00 +0.000000E+00
 +0.130720E+01 -0.102700E+03 -0.166548E+03 -0.934697E+02 -0.858060E+02 +0.353887E+02 +0.000000E+00 +0.000000E+00 -0.153411E-02 -0.145610E-03 +0.000000E+00 +0.134477E-02 +0.000000E+00 +0.000000E+00
 +0.130720E+01 -0.102710E+03 -0.166416E+03 -0.933136E+02 -0.857106E+02 +0.352071E+02 +0.000000E+00 +0.000000E+00 -0.153339E-02 -0.144457E-03 +0.000000E+00 +0.133787E-02 +0.000000E+00 +0.000000E+00
 +0.130720E+01 -0.102720E+03 -0.166286E+03 -0.931737E+02 -0.856216E+02 +0.350131E+02 +0.000000E+00 +0.000000E+00 -0.153262E-02 -0.143490E-03 +0.000000E+00 +0.133050E-02 +0.000000E+00 +0.000000E+00
 +0.130720E+01 -0.102730E+03 -0.166156E+03 -0.930351E+02 -0.855332E+02 +0.348181E+02 +0.000000E+00 +0.000000E+00 -0.153184E-02 -0.142537E-03 +0.000000E+00 +0.132309E-02 +0.000000E+00 +0.000000E+00
 +0.130720E+01 -0.102740E+03 -0.166027E+03 -0.928965E+02 -0.854447E+02 +0.346232E+02 +0.000000E+00 +0.000000E+00 -0.153106E-02 -0.141584E-03 +0.000000E+00 +0.131568E-02 +0.000000E+00 +0.000000E+00
 +0.130720E+01 -0.102750E+03 -0.165897E+03 -0.927579E+02 -0.853562E+02 +0.344282E+02 +0.000000E+00 +0.000000E+00 -0.153028E-02 -0.140631E-03 +0.000000E+00 +0.130827E-02 +0.000000E+00 +0.000000E+00
 +0.130720E+01 -0.102760E+03 -0.165768E+03 -0.926192E+02 -0.852677E+02 +0.342333E+02 +0.000000E+00 +0.000000E+00 -0.152950E-02 -0.139678E-03 +0.000000E+00 +0.130087E-02 +0.000000E+00 +0.000000E+00
 +0.130720E+01 -0.102770E+03 -0.165636E+03 -0.924735E+02 -0.851760E+02 +0.340414E+02 +0.000000E+00 +0.000000E+00 -0.152873E-02 -0.138652E-03 +0.000000E+00 +0.129357E-02 +0.000000E+00 +0.000000E+00
 +0.130720E+01 -0.102780E+03 -0.165491E+03 -0.922948E+02 -0.850693E+02 +0.338639E+02 +0.000000E+00 +0.000000E+00 -0.152801E-02 -0.137285E-03 +0.000000E+00 +0.128683E-02 +0.000000E+00 +0.000000E+00
 +0.130720E+01 -0.102790E+03 -0.165354E+03 -0.921210E+02 -0.849667E+02 +0.336944E+02 +0.000000E+00 +0.000000E+00 -0.152736E-02 -0.135932E-03 +0.000000E+00 +0.128039E-02 +0.000000E+00 +0.000000E+00
 +0.130720E+01 -0.102800E+03 -0.165244E+03 -0.919647E+02 -0.848790E+02 +0.335537E+02 +0.000000E+00 +0.000000E+00 -0.152694E-02 -0.134629E-03 +0.000000E+00 +0.127504E-02 +0.000000E+00 +0.000000E+00
 +0.130720E+01 -0.102810E+03 -0.165135E+03 -0.918085E+02 -0.847913E+02 +0.334129E+02 +0.000000E+00 +0.000000E+00 -0.152653E-02 -0.133325E-03 +0.000000E+00 +0.126969E-02 +0.000000E+00 +0.000000E+00
 +0.130720E+01 -0.102820E+03 -0.165026E+03 -0.916522E+02 -0.847037E+02 +0.332721E+02 +0.000000E+00 +0.000000E+00 -0.152612E-02 -0.132022E-03 +0.000000E+00 +0.126434E-02 +0.000000E+00 +0.000000E+00
 +0.130720E+01 -0.102830E+03 -0.164916E+03 -0.914960E+02 -0.846160E+02 +0.331314E+02 +0.000000E+00 +0.000000E+00 -0.152570E-02 -0.130719E-03 +0.000000E+00 +0.125899E-02 +0.000000E+00 +0.000000E+00
 +0.130720E+01 -0.102840E+03 -0.164807E+03 -0.913397E+02 -0.845284E+02 +0.329906E+02 +0.000000E+00 +0.000000E+00 -0.152529E-02 -0.129416E-03 +0.000000E+00 +0.125364E-02 +0.000000E+00 +0.000000E+00
 +0.130720E+01 -0.102850E+03 -0.164697E+03 -0.911835E+02 -0.844407E+02 +0.328498E+02 +0.000000E+00 +0.000000E+00 -0.152488E-02 -0.128113E-03 +0.000000E+00 +0.124829E-02 +0.000000E+00 +0.000000E+00
 +0.130720E+01 -0.102860E+03 -0.164588E+03 -0.910273E+02 -0.843531E+02 +0.327091E+02 +0.000000E+00 +0.000000E+00 -0.152446E-02 -0.126810E-03 +0.000000E+00 +0.124294E-02 +0.000000E+00 +0.000000E+00
 +0.130720E+01 -0.102870E+03 -0.164479E+03 -0.908710E+02 -0.842654E+02 +0.325683E+02 +0.000000E+00 +0.000000E+00 -0.152405E-02 -0.125507E-03 +0.000000E+00 +0.123759E-02 +0.000000E+00 +0.000000E+00
 +0.130720E+01 -0.102880E+03 -0.164369E+03 -0.907148E+02 -0.841777E+02 +0.324275E+02 +0.000000E+00 +0.000000E+00 -0.152364E-02 -0.124204E-03 +0.000000E+00 +0.123225E-02 +0.000000E+00 +0.000000E+00
 +0.130720E+01 -0.102890E+03 -0.164260E+03 -0.905585E+02 -0.840901E+02 +0.322868E+02 +0.000000E+00 +0.000000E+00 -0.152323E-02 -0.122901E-03 +0.000000E+00 +0.122690E-02 +0.000000E+00 +0.000000E+00
 +0.130720E+01 -0.102900E+03 -0.164150E+03 -0.904023E+02 -0.840024E+02 +0.321460E+02 +0.000000E+00 +0.000000E+00 -0.152281E-02 -0.121598E-03 +0.000000E+00 +0.122155E-02 +0.000000E+00 +0.000000E+00
 +0.130720E+01 -0.102910E+03 -0.164041E+03 -0.902460E+02 -0.839148E+02 +0.320052E+02 +0.000000E+00 +0.000000E+00 -0.152240E-02 -0.120294E-03 +0.000000E+00 +0.121620E-02 +0.000000E+00 +0.000000E+00
 +0.130720E+01 -0.102920E+03 -0.163932E+03 -0.900898E+02 -0.838271E+02 +0.318645E+02 +0.000000E+00 +0.000000E+00 -0.152199E-02 -0.118991E-03 +0.000000E+00 +0.121085E-02 +0.000000E+00 +0.000000E+00
 +0.130720E+01 -0.102930E+03 -0.163826E+03 -0.899393E+02 -0.837425E+02 +0.317228E+02 +0.000000E+00 +0.000000E+00 -0.152159E-02 -0.117738E-03 +0.000000E+00 +0.120547E-02 +0.000000E+00 +0.000000E+00
 +0.130720E+01 -0.102940E+03 -0.163740E+03 -0.897975E+02 -0.836674E+02 +0.315692E+02 +0.000000E+00 +0.000000E+00 -0.152138E-02 -0.116472E-03 +0.000000E+00 +0.119963E-02 +0.000000E+00 +0.000000E+00
 +0.130720E+01 -0.102950E+03 -0.163654E+03 -0.896558E+02 -0.835923E+02 +0.314156E+02 +0.000000E+00 +0.000000E+00 -0.152118E-02 -0.115206E-03 +0.000000E+00 +0.119379E-02 +0.000000E+00 +0.000000E+00
 +0.130720E+01 -0.102960E+03 -0.163568E+03 -0.895140E+02 -0.835172E+02 +0.312620E+02 +0.000000E+00 +0.000000E+00 -0.152097E-02 -0.113940E-03 +0.000000E+00 +0.118796E-02 +0.000000E+00 +0.000000E+00
 +0.130720E+01 -0.102970E+03 -0.163483E+03 -0.893723E+02 -0.834421E+02 +0.311084E+02 +0.000000E+00 +0.000000E+00 -0.152077E-02 -0.112674E-03 +0.000000E+00 +0.118212E-02 +0.000000E+00 +0.000000E+00
 +0.130720E+01 -0.102980E+03 -0.163397E+03 -0.892306E+02 -0.833670E+02 +0.309548E+02 +0.000000E+00 +0.000000E+00 -0.152056E-02 -0.111408E-03 +0.000000E+00 +0.117628E-02 +0.000000E+00 +0.000000E+00
 +0.130720E+01 -0.102990E+03 -0.163311E+03 -0.890888E+02 -0.832919E+02 +0.308012E+02 +0.000000E+00 +0.000000E+00 -0.152036E-02 -0.110142E-03 +0.000000E+00 +0.117045E-02 +0.000000E+00 +0.000000E+00
 +0.130720E+01 -0.103000E+03 -0.163225E+03 -0.889471E+02 -0.832168E+02 +0.306476E+02 +0.000000E+00 +0.000000E+00 -0.152016E-02 -0.108876E-03 +0.000000E+00 +0.116461E-02 +0.000000E+00 +0.000000E+00
 +0.130720E+01 -0.103010E+03 -0.163139E+03 -0.888054E+02 -0.831417E+02 +0.304940E+02 +0.000000E+00 +0.000000E+00 -0.151995E-02 -0.107610E-03 +0.000000E+00 +0.115877E-02 +0.000000E+00 +0.000000E+00
 +0.130720E+01 -0.103020E+03 -0.163053E+03 -0.886636E+02 -0.830666E+02 +0.303404E+02 +0.000000E+00 +0.000000E+00 -0.151975E-02 -0.106344E-03 +0.000000E+00 +0.115294E-02 +0.000000E+00 +0.000000E+00
 +0.130720E+01 -0.103030E+03 -0.162967E+03 -0.885219E+02 -0.829915E+02 +0.301868E+02 +0.000000E+00 +0.000000E+00 -0.151954E-02 -0.105078E-03 +0.000000E+00 +0.114710E-02 +0.000000E+00 +0.000000E+00
 +0.130720E+01 -0.103040E+03 -0.162882E+03 -0.883801E+02 -0.829164E+02 +0.300332E+02 +0.000000E+00 +0.000000E+00 -0.151934E-02 -0.103812E-03 +0.000000E+00 +0.114126E-02 +0.000000E+00 +0.000000E+00
 +0.130720E+01 -0.103050E+03 -0.162796E+03 -0.882384E+02 -0.828413E+02 +0.298796E+02 +0.000000E+00 +0.000000E+00 -0.151914E-02 -0.102546E-03 +0.000000E+00 +0.113542E-02 +0.000000E+00 +0.000000E+00
 +0.130720E+01 -0.103060E+03 -0.162710E+03 -0.880967E+02 -0.827662E+02 +0.297260E+02 +0.000000E+00 +0.000000E+00 -0.151893E-02 -0.101279E-03 +0.000000E+00 +0.112959E-02 +0.000000E+00 +0.000000E+00
 +0.130720E+01 -0.103070E+03 -0.162624E+03 -0.879549E+02 -0.826911E+02 +0.295724E+02 +0.000000E+00 +0.000000E+00 -0.151873E-02 -0.100013E-03 +0.000000E+00 +0.112375E-02 +0.000000E+00 +0.000000E+00
 +0.130720E+01 -0.103080E+03 -0.162538E+03 -0.878132E+02 -0.826160E+02 +0.294188E+02 +0.000000E+00 +0.000000E+00 -0.151852E-02 -0.987474E-04 +0.000000E+00 +0.111791E-02 +0.000000E+00 +0.000000E+00
 +0.130720E+01 -0.103090E+03 -0.162452E+03 -0.876715E+02 -0.825409E+02 +0.292652E+02 +0.000000E+00 +0.000000E+00 -0.151832E-02 -0.974814E-04 +0.000000E+00 +0.111208E-02 +0.000000E+00 +0.000000E+00
 +0.130720E+01 -0.103100E+03 -0.162367E+03 -0.875300E+02 -0.824661E+02 +0.291123E+02 +0.000000E+00 +0.000000E+00 -0.151812E-02 -0.962149E-04 +0.000000E+00 +0.110627E-02 +0.000000E+00 +0.000000E+00
 +0.130720E+01 -0.103110E+03 -0.162305E+03 -0.873986E+02 -0.824022E+02 +0.289839E+02 +0.000000E+00 +0.000000E+00 -0.151815E-02 -0.949318E-04 +0.000000E+00 +0.110139E-02 +0.000000E+00 +0.000000E+00
 +0.130720E+01 -0.103120E+03 -0.162243E+03 -0.872672E+02 -0.823384E+02 +0.288556E+02 +0.000000E+00 +0.000000E+00 -0.151819E-02 -0.936487E-04 +0.000000E+00 +0.109651E-02 +0.000000E+00 +0.000000E+00
 +0.130720E+01 -0.103130E+03 -0.162181E+03 -0.871359E+02 -0.822745E+02 +0.287273E+02 +0.000000E+00 +0.000000E+00 -0.151822E-02 -0.923656E-04 +0.000000E+00 +0.109164E-02 +0.000000E+00 +0.000000E+00
 +0.130720E+01 -0.103140E+03 -0.162119E+03 -0.870045E+02 -0.822107E+02 +0.285989E+02 +0.000000E+00 +0.000000E+00 -0.151825E-02 -0.910825E-04 +0.000000E+00 +0.108676E-02 +0.000000E+00 +0.000000E+00
 +0.130720E+01 -0.103150E+03 -0.162057E+03 -0.868731E+02 -0.821468E+02 +0.284706E+02 +0.000000E+00 +0.000000E+00 -0.151829E-02 -0.897995E-04 +0.000000E+00 +0.108188E-02 +0.000000E+00 +0.000000E+00
 +0.130720E+01 -0.103160E+03 -0.161995E+03 -0.867417E+02 -0.820830E+02 +0.283422E+02 +0.000000E+00 +0.000000E+00 -0.151832E-02 -0.885164E-04 +0.000000E+00 +0.107700E-02 +0.000000E+00 +0.000000E+00
 +0.130720E+01 -0.103170E+03 -0.161932E+03 -0.866103E+02 -0.820191E+02 +0.282139E+02 +0.000000E+00 +0.000000E+00 -0.151835E-02 -0.872333E-04 +0.000000E+00 +0.107213E-02 +0.000000E+00 +0.000000E+00
 +0.130720E+01 -0.103180E+03 -0.161870E+03 -0.864790E+02 -0.819553E+02 +0.280855E+02 +0.000000E+00 +0.000000E+00 -0.151839E-02 -0.859502E-04 +0.000000E+00 +0.106725E-02 +0.000000E+00 +0.000000E+00
 +0.130720E+01 -0.103190E+03 -0.161808E+03 -0.863476E+02 -0.818914E+02 +0.279572E+02 +0.000000E+00 +0.000000E+00 -0.151842E-02 -0.846671E-04 +0.000000E+00 +0.106237E-02 +0.000000E+00 +0.000000E+00
 +0.130720E+01 -0.103200E+03 -0.161746E+03 -0.862162E+02 -0.818276E+02 +0.278289E+02 +0.000000E+00 +0.000000E+00 -0.151845E-02 -0.833840E-04 +0.000000E+00 +0.105750E-02 +0.000000E+00 +0.000000E+00
 +0.130720E+01 -0.103210E+03 -0.161684E+03 -0.860847E+02 -0.817635E+02 +0.277003E+02 +0.000000E+00 +0.000000E+00 -0.151848E-02 -0.821030E-04 +0.000000E+00 +0.105261E-02 +0.000000E+00 +0.000000E+00
 +0.130720E+01 -0.103220E+03 -0.161590E+03 -0.859473E+02 -0.816875E+02 +0.275582E+02 +0.000000E+00 +0.000000E+00 -0.151816E-02 -0.809372E-04 +0.000000E+00 +0.104721E-02 +0.000000E+00 +0.000000E+00
 +0.130720E+01 -0.103230E+03 -0.161497E+03 -0.858099E+02 -0.816114E+02 +0.274162E+02 +0.000000E+00 +0.000000E+00 -0.151783E-02 -0.797714E-04 +0.000000E+00 +0.104182E-02 +0.000000E+00 +0.000000E+00
 +0.130720E+01 -0.103240E+03 -0.161404E+03 -0.856725E+02 -0.815354E+02 +0.272742E+02 +0.000000E+00 +0.000000E+00 -0.151751E-02 -0.786056E-04 +0.000000E+00 +0.103642E-02 +0.000000E+00 +0.000000E+00
 +0.130720E+01 -0.103250E+03 -0.161311E+03 -0.855351E+02 -0.814593E+02 +0.271321E+02 +0.000000E+00 +0.000000E+00 -0.151719E-02 -0.774398E-04 +0.000000E+00 +0.103102E-02 +0.000000E+00 +0.000000E+00
 +0.130720E+01 -0.103260E+03 -0.161218E+03 -0.853977E+02 -0.813833E+02 +0.269901E+02 +0.000000E+00 +0.000000E+00 -0.151686E-02 -0.762740E-04 +0.000000E+00 +0.102562E-02 +0.000000E+00 +0.000000E+00
 +0.130720E+01 -0.103270E+03 -0.161131E+03 -0.852606E+02 -0.813093E+02 +0.268569E+02 +0.000000E+00 +0.000000E+00 -0.151662E-02 -0.750746E-04 +0.000000E+00 +0.102056E-02 +0.000000E+00 +0.000000E+00
 +0.130720E+01 -0.103280E+03 -0.161047E+03 -0.851236E+02 -0.812363E+02 +0.267282E+02 +0.000000E+00 +0.000000E+00 -0.151640E-02 -0.738584E-04 +0.000000E+00 +0.101567E-02 +0.000000E+00 +0.000000E+00
 +0.130720E+01 -0.103290E+03 -0.160963E+03 -0.849867E+02 -0.811634E+02 +0.265994E+02 +0.000000E+00 +0.000000E+00 -0.151619E-02 -0.726423E-04 +0.000000E+00 +0.101078E-02 +0.000000E+00 +0.000000E+00
 +0.130720E+01 -0.103300E+03 -0.160879E+03 -0.848497E+02 -0.810905E+02 +0.264706E+02 +0.000000E+00 +0.000000E+00 -0.151598E-02 -0.714261E-04 +0.000000E+00 +0.100588E-02 +0.000000E+00 +0.000000E+00
 +0.130720E+01 -0.103310E+03 -0.160795E+03 -0.847128E+02 -0.810175E+02 +0.263419E+02 +0.000000E+00 +0.000000E+00 -0.151577E-02 -0.702099E-04 +0.000000E+00 +0.100099E-02 +0.000000E+00 +0.000000E+00
 +0.130720E+01 -0.103320E+03 -0.160711E+03 -0.845759E+02 -0.809446E+02 +0.262131E+02 +0.000000E+00 +0.000000E+00 -0.151556E-02 -0.689937E-04 +0.000000E+00 +0.996098E-03 +0.000000E+00 +0.000000E+00
 +0.130720E+01 -0.103330E+03 -0.160627E+03 -0.844389E+02 -0.808717E+02 +0.260843E+02 +0.000000E+00 +0.000000E+00 -0.151535E-02 -0.677776E-04 +0.000000E+00 +0.991204E-03 +0.000000E+00 +0.000000E+00
 +0.130720E+01 -0.103340E+03 -0.160547E+03 -0.842836E+02 -0.807941E+02 +0.259538E+02 +0.000000E+00 +0.000000E+00 -0.151531E-02 -0.663005E-04 +0.000000E+00 +0.986243E-03 +0.000000E+00 +0.000000E+00
 +0.130720E+01 -0.103350E+03 -0.160470E+03 -0.841179E+02 -0.807139E+02 +0.258222E+02 +0.000000E+00 +0.000000E+00 -0.151536E-02 -0.646749E-04 +0.000000E+00 +0.981243E-03 +0.000000E+00 +0.000000E+00
 +0.130720E+01 -0.103360E+03 -0.160393E+03 -0.839522E+02 -0.806338E+02 +0.256906E+02 +0.000000E+00 +0.000000E+00 -0.151542E-02 -0.630494E-04 +0.000000E+00 +0.976243E-03 +0.000000E+00 +0.000000E+00
 +0.130720E+01 -0.103370E+03 -0.160315E+03 -0.837864E+02 -0.805536E+02 +0.255590E+02 +0.000000E+00 +0.000000E+00 -0.151547E-02 -0.614238E-04 +0.000000E+00 +0.971243E-03 +0.000000E+00 +0.000000E+00
 +0.130720E+01 -0.103380E+03 -0.160238E+03 -0.836207E+02 -0.804734E+02 +0.254274E+02 +0.000000E+00 +0.000000E+00 -0.151553E-02 -0.597982E-04 +0.000000E+00 +0.966243E-03 +0.000000E+00 +0.000000E+00
 +0.130720E+01 -0.103390E+03 -0.160161E+03 -0.834550E+02 -0.803933E+02 +0.252959E+02 +0.000000E+00 +0.000000E+00 -0.151559E-02 -0.581727E-04 +0.000000E+00 +0.961243E-03 +0.000000E+00 +0.000000E+00
 +0.130720E+01 -0.103400E+03 -0.160084E+03 -0.832893E+02 -0.803131E+02 +0.251643E+02 +0.000000E+00 +0.000000E+00 -0.151564E-02 -0.565471E-04 +0.000000E+00 +0.956243E-03 +0.000000E+00 +0.000000E+00
 +0.130720E+01 -0.103410E+03 -0.160007E+03 -0.831235E+02 -0.802329E+02 +0.250327E+02 +0.000000E+00 +0.000000E+00 -0.151570E-02 -0.549215E-04 +0.000000E+00 +0.951243E-03 +0.000000E+00 +0.000000E+00
 +0.130720E+01 -0.103420E+03 -0.159951E+03 -0.829997E+02 -0.801737E+02 +0.249180E+02 +0.000000E+00 +0.000000E+00 -0.151577E-02 -0.536938E-04 +0.000000E+00 +0.946882E-03 +0.000000E+00 +0.000000E+00
 +0.130720E+01 -0.103430E+03 -0.159901E+03 -0.828859E+02 -0.801195E+02 +0.248073E+02 +0.000000E+00 +0.000000E+00 -0.151584E-02 -0.525617E-04 +0.000000E+00 +0.942676E-03 +0.000000E+00 +0.000000E+00
 +0.130720E+01 -0.103440E+03 -0.159850E+03 -0.827722E+02 -0.800653E+02 +0.246966E+02 +0.000000E+00 +0.000000E+00 -0.151591E-02 -0.514296E-04 +0.000000E+00 +0.938469E-03 +0.000000E+00 +0.000000E+00
 +0.130720E+01 -0.103450E+03 -0.159800E+03 -0.826584E+02 -0.800112E+02 +0.245858E+02 +0.000000E+00 +0.000000E+00 -0.151598E-02 -0.502974E-04 +0.000000E+00 +0.934262E-03 +0.000000E+00 +0.000000E+00
 +0.130720E+01 -0.103460E+03 -0.159749E+03 -0.825446E+02 -0.799570E+02 +0.244751E+02 +0.000000E+00 +0.000000E+00 -0.151605E-02 -0.491653E-04 +0.000000E+00 +0.930056E-03 +0.000000E+00 +0.000000E+00
 +0.130720E+01 -0.103470E+03 -0.159699E+03 -0.824309E+02 -0.799028E+02 +0.243644E+02 +0.000000E+00 +0.000000E+00 -0.151612E-02 -0.480332E-04 +0.000000E+00 +0.925849E-03 +0.000000E+00 +0.000000E+00
 +0.130720E+01 -0.103480E+03 -0.159648E+03 -0.823171E+02 -0.798486E+02 +0.242537E+02 +0.000000E+00 +0.000000E+00 -0.151620E-02 -0.469011E-04 +0.000000E+00 +0.921642E-03 +0.000000E+00 +0.000000E+00
 +0.130720E+01 -0.103490E+03 -0.159598E+03 -0.822033E+02 -0.797945E+02 +0.241430E+02 +0.000000E+00 +0.000000E+00 -0.151627E-02 -0.457690E-04 +0.000000E+00 +0.917436E-03 +0.000000E+00 +0.000000E+00
 +0.130720E+01 -0.103500E+03 -0.159548E+03 -0.820896E+02 -0.797403E+02 +0.240323E+02 +0.000000E+00 +0.000000E+00 -0.151634E-02 -0.446369E-04 +0.000000E+00 +0.913229E-03 +0.000000E+00 +0.000000E+00
 +0.130720E+01 -0.103510E+03 -0.159497E+03 -0.819758E+02 -0.796861E+02 +0.239216E+02 +0.000000E+00 +0.000000E+00 -0.151641E-02 -0.435048E-04 +0.000000E+00 +0.909022E-03 +0.000000E+00 +0.000000E+00
 +0.130720E+01 -0.103520E+03 -0.159447E+03 -0.818621E+02 -0.796319E+02 +0.238109E+02 +0.000000E+00 +0.000000E+00 -0.151648E-02 -0.423727E-04 +0.000000E+00 +0.904816E-03 +0.000000E+00 +0.000000E+00
 +0.130720E+01 -0.103530E+03 -0.159396E+03 -0.817483E+02 -0.795777E+02 +0.237002E+02 +0.000000E+00 +0.000000E+00 -0.151655E-02 -0.412405E-04 +0.000000E+00 +0.900609E-03 +0.000000E+00 +0.000000E+00
 +0.130720E+01 -0.103540E+03 -0.159346E+03 -0.816345E+02 -0.795236E+02 +0.235895E+02 +0.000000E+00 +0.000000E+00 -0.151663E-02 -0.401084E-04 +0.000000E+00 +0.896402E-03 +0.000000E+00 +0.000000E+00
 +0.130720E+01 -0.103550E+03 -0.159296E+03 -0.815208E+02 -0.794694E+02 +0.234788E+02 +0.000000E+00 +0.000000E+00 -0.151670E-02 -0.389763E-04 +0.000000E+00 +0.892196E-03 +0.000000E+00 +0.000000E+00
 +0.130720E+01 -0.103560E+03 -0.159245E+03 -0.814070E+02 -0.794152E+02 +0.233681E+02 +0.000000E+00 +0.000000E+00 -0.151677E-02 -0.378442E-04 +0.000000E+00 +0.887989E-03 +0.000000E+00 +0.000000E+00
 +0.130720E+01 -0.103570E+03 -0.159195E+03 -0.812932E+02 -0.793610E+02 +0.232574E+02 +0.000000E+00 +0.000000E+00 -0.151684E-02 -0.367121E-04 +0.000000E+00 +0.883782E-03 +0.000000E+00 +0.000000E+00
 +0.130720E+01 -0.103580E+03 -0.159144E+03 -0.811788E+02 -0.793066E+02 +0.231468E+02 +0.000000E+00 +0.000000E+00 -0.151691E-02 -0.355720E-04 +0.000000E+00 +0.879580E-03 +0.000000E+00 +0.000000E+00
 +0.130720E+01 -0.103590E+03 -0.159090E+03 -0.810183E+02 -0.792358E+02 +0.230435E+02 +0.000000E+00 +0.000000E+00 -0.151723E-02 -0.338679E-04 +0.000000E+00 +0.875652E-03 +0.000000E+00 +0.000000E+00
 +0.130720E+01 -0.103600E+03 -0.159036E+03 -0.808579E+02 -0.791650E+02 +0.229401E+02 +0.000000E+00 +0.000000E+00 -0.151755E-02 -0.321637E-04 +0.000000E+00 +0.871725E-03 +0.000000E+00 +0.000000E+00
 +0.130720E+01 -0.103610E+03 -0.158992E+03 -0.807102E+02 -0.791017E+02 +0.228470E+02 +0.000000E+00 +0.000000E+00 -0.151791E-02 -0.305621E-04 +0.000000E+00 +0.868186E-03 +0.000000E+00 +0.000000E+00
 +0.130720E+01 -0.103620E+03 -0.158957E+03 -0.805743E+02 -0.790452E+02 +0.227632E+02 +0.000000E+00 +0.000000E+00 -0.151832E-02 -0.290540E-04 +0.000000E+00 +0.865001E-03 +0.000000E+00 +0.000000E+00
 +0.130720E+01 -0.103630E+03 -0.158921E+03 -0.804384E+02 -0.789886E+02 +0.226793E+02 +0.000000E+00 +0.000000E+00 -0.151872E-02 -0.275459E-04 +0.000000E+00 +0.861815E-03 +0.000000E+00 +0.000000E+00
 +0.130720E+01 -0.103640E+03 -0.158886E+03 -0.803025E+02 -0.789321E+02 +0.225955E+02 +0.000000E+00 +0.000000E+00 -0.151912E-02 -0.260379E-04 +0.000000E+00 +0.858630E-03 +0.000000E+00 +0.000000E+00
 +0.130720E+01 -0.103650E+03 -0.158850E+03 -0.801666E+02 -0.788756E+02 +0.225117E+02 +0.000000E+00 +0.000000E+00 -0.151952E-02 -0.245298E-04 +0.000000E+00 +0.855444E-03 +0.000000E+00 +0.000000E+00
 +0.130720E+01 -0.103660E+03 -0.158815E+03 -0.800307E+02 -0.788191E+02 +0.224279E+02 +0.000000E+00 +0.000000E+00 -0.151992E-02 -0.230217E-04 +0.000000E+00 +0.852259E-03 +0.000000E+00 +0.000000E+00
 +0.130720E+01 -0.103670E+03 -0.158779E+03 -0.798948E+02 -0.787625E+02 +0.223440E+02 +0.000000E+00 +0.000000E+00 -0.152032E-02 -0.215137E-04 +0.000000E+00 +0.849074E-03 +0.000000E+00 +0.000000E+00
 +0.130720E+01 -0.103680E+03 -0.158744E+03 -0.797589E+02 -0.787060E+02 +0.222602E+02 +0.000000E+00 +0.000000E+00 -0.152072E-02 -0.200056E-04 +0.000000E+00 +0.845888E-03 +0.000000E+00 +0.000000E+00
 +0.130720E+01 -0.103690E+03 -0.158709E+03 -0.796230E+02 -0.786495E+02 +0.221764E+02 +0.000000E+00 +0.000000E+00 -0.152113E-02 -0.184975E-04 +0.000000E+00 +0.842703E-03 +0.000000E+00 +0.000000E+00
 +0.130720E+01 -0.103700E+03 -0.158673E+03 -0.794871E+02 -0.785929E+02 +0.220926E+02 +0.000000E+00 +0.000000E+00 -0.152153E-02 -0.169895E-04 +0.000000E+00 +0.839518E-03 +0.000000E+00 +0.000000E+00
 +0.130720E+01 -0.103710E+03 -0.158638E+03 -0.793512E+02 -0.785364E+02 +0.220087E+02 +0.000000E+00 +0.000000E+00 -0.152193E-02 -0.154814E-04 +0.000000E+00 +0.836332E-03 +0.000000E+00 +0.000000E+00
 +0.130720E+01 -0.103720E+03 -0.158602E+03 -0.792153E+02 -0.784799E+02 +0.219249E+02 +0.000000E+00 +0.000000E+00 -0.152233E-02 -0.139733E-04 +0.000000E+00 +0.833147E-03 +0.000000E+00 +0.000000E+00
 +0.130720E+01 -0.103730E+03 -0.158567E+03 -0.790794E+02 -0.784233E+02 +0.218411E+02 +0.000000E+00 +0.000000E+00 -0.152273E-02 -0.124652E-04 +0.000000E+00 +0.829962E-03 +0.000000E+00 +0.000000E+00
 +0.130720E+01 -0.103740E+03 -0.158532E+03 -0.789435E+02 -0.783668E+02 +0.217573E+02 +0.000000E+00 +0.000000E+00 -0.152313E-02 -0.109572E-04 +0.000000E+00 +0.826776E-03 +0.000000E+00 +0.000000E+00
 +0.130720E+01 -0.103750E+03 -0.158496E+03 -0.788076E+02 -0.783103E+02 +0.216734E+02 +0.000000E+00 +0.000000E+00 -0.152353E-02 -0.944911E-05 +0.000000E+00 +0.823591E-03 +0.000000E+00 +0.000000E+00
 +0.130720E+01 -0.103760E+03 -0.158461E+03 -0.786717E+02 -0.782537E+02 +0.215896E+02 +0.000000E+00 +0.000000E+00 -0.152394E-02 -0.794104E-05 +0.000000E+00 +0.820405E-03 +0.000000E+00 +0.000000E+00
 +0.130720E+01 -0.103770E+03 -0.158425E+03 -0.785358E+02 -0.781972E+02 +0.215058E+02 +0.000000E+00 +0.000000E+00 -0.152434E-02 -0.643297E-05 +0.000000E+00 +0.817220E-03 +0.000000E+00 +0.000000E+00
 +0.130720E+01 -0.103780E+03 -0.158390E+03 -0.783999E+02 -0.781407E+02 +0.214220E+02 +0.000000E+00 +0.000000E+00 -0.152474E-02 -0.492490E-05 +0.000000E+00 +0.814035E-03 +0.000000E+00 +0.000000E+00
 +0.130720E+01 -0.103790E+03 -0.158355E+03 -0.782640E+02 -0.780841E+02 +0.213381E+02 +0.000000E+00 +0.000000E+00 -0.152514E-02 -0.341683E-05 +0.000000E+00 +0.810849E-03 +0.000000E+00 +0.000000E+00
 +0.130720E+01 -0.103800E+03 -0.158319E+03 -0.781281E+02 -0.780276E+02 +0.212543E+02 +0.000000E+00 +0.000000E+00 -0.152554E-02 -0.190877E-05 +0.000000E+00 +0.807664E-03 +0.000000E+00 +0.000000E+00
 +0.130720E+01 -0.103810E+03 -0.158284E+03 -0.779922E+02 -0.779711E+02 +0.211705E+02 +0.000000E+00 +0.000000E+00 -0.152594E-02 -0.400697E-06 +0.000000E+00 +0.804479E-03 +0.000000E+00 +0.000000E+00
 +0.130720E+01 -0.103820E+03 -0.158248E+03 -0.778563E+02 -0.779145E+02 +0.210867E+02 +0.000000E+00 +0.000000E+00 -0.152634E-02 +0.110737E-05 +0.000000E+00 +0.801293E-03 +0.000000E+00 +0.000000E+00
 +0.130720E+01 -0.103830E+03 -0.158213E+03 -0.777204E+02 -0.778580E+02 +0.210028E+02 +0.000000E+00 +0.000000E+00 -0.152674E-02 +0.261544E-05 +0.000000E+00 +0.798108E-03 +0.000000E+00 +0.000000E+00
 +0.130720E+01 -0.103840E+03 -0.158178E+03 -0.775844E+02 -0.778015E+02 +0.209190E+02 +0.000000E+00 +0.000000E+00 -0.152715E-02 +0.412351E-05 +0.000000E+00 +0.794922E-03 +0.000000E+00 +0.000000E+00
 +0.130720E+01 -0.103850E+03 -0.158142E+03 -0.774485E+02 -0.777449E+02 +0.208352E+02 +0.000000E+00 +0.000000E+00 -0.152755E-02 +0.563158E-05 +0.000000E+00 +0.791737E-03 +0.000000E+00 +0.000000E+00
 +0.130720E+01 -0.103860E+03 -0.158107E+03 -0.773126E+02 -0.776884E+02 +0.207514E+02 +0.000000E+00 +0.000000E+00 -0.152795E-02 +0.713965E-05 +0.000000E+00 +0.788552E-03 +0.000000E+00 +0.000000E+00
 +0.130720E+01 -0.103870E+03 -0.158071E+03 -0.771767E+02 -0.776319E+02 +0.206675E+02 +0.000000E+00 +0.000000E+00 -0.152835E-02 +0.864771E-05 +0.000000E+00 +0.785366E-03 +0.000000E+00 +0.000000E+00
 +0.130720E+01 -0.103880E+03 -0.158036E+03 -0.770408E+02 -0.775753E+02 +0.205837E+02 +0.000000E+00 +0.000000E+00 -0.152875E-02 +0.101558E-04 +0.000000E+00 +0.782181E-03 +0.000000E+00 +0.000000E+00
 +0.130720E+01 -0.103890E+03 -0.158001E+03 -0.769049E+02 -0.775188E+02 +0.204999E+02 +0.000000E+00 +0.000000E+00 -0.152915E-02 +0.116639E-04 +0.000000E+00 +0.778996E-03 +0.000000E+00 +0.000000E+00
 +0.130720E+01 -0.103900E+03 -0.157965E+03 -0.767690E+02 -0.774623E+02 +0.204161E+02 +0.000000E+00 +0.000000E+00 -0.152955E-02 +0.131719E-04 +0.000000E+00 +0.775810E-03 +0.000000E+00 +0.000000E+00
 +0.130720E+01 -0.103910E+03 -0.157930E+03 -0.766331E+02 -0.774058E+02 +0.203322E+02 +0.000000E+00 +0.000000E+00 -0.152996E-02 +0.146800E-04 +0.000000E+00 +0.772625E-03 +0.000000E+00 +0.000000E+00
 +0.130720E+01 -0.103920E+03 -0.157894E+03 -0.764972E+02 -0.773492E+02 +0.202484E+02 +0.000000E+00 +0.000000E+00 -0.153036E-02 +0.161881E-04 +0.000000E+00 +0.769440E-03 +0.000000E+00 +0.000000E+00
 +0.130720E+01 -0.103930E+03 -0.157846E+03 -0.763530E+02 -0.772856E+02 +0.201393E+02 +0.000000E+00 +0.000000E+00 -0.153064E-02 +0.177179E-04 +0.000000E+00 +0.765292E-03 +0.000000E+00 +0.000000E+00
 +0.130720E+01 -0.103940E+03 -0.157794E+03 -0.762073E+02 -0.772206E+02 +0.200253E+02 +0.000000E+00 +0.000000E+00 -0.153090E-02 +0.192519E-04 +0.000000E+00 +0.760962E-03 +0.000000E+00 +0.000000E+00
 +0.130720E+01 -0.103950E+03 -0.157743E+03 -0.760616E+02 -0.771556E+02 +0.199114E+02 +0.000000E+00 +0.000000E+00 -0.153116E-02 +0.207859E-04 +0.000000E+00 +0.756632E-03 +0.000000E+00 +0.000000E+00
 +0.130720E+01 -0.103960E+03 -0.157692E+03 -0.759158E+02 -0.770906E+02 +0.197974E+02 +0.000000E+00 +0.000000E+00 -0.153143E-02 +0.223199E-04 +0.000000E+00 +0.752302E-03 +0.000000E+00 +0.000000E+00
 +0.130720E+01 -0.103970E+03 -0.157641E+03 -0.757701E+02 -0.770256E+02 +0.196835E+02 +0.000000E+00 +0.000000E+00 -0.153169E-02 +0.238539E-04 +0.000000E+00 +0.747972E-03 +0.000000E+00 +0.000000E+00
 +0.130720E+01 -0.103980E+03 -0.157589E+03 -0.756243E+02 -0.769606E+02 +0.195695E+02 +0.000000E+00 +0.000000E+00 -0.153195E-02 +0.253880E-04 +0.000000E+00 +0.743642E-03 +0.000000E+00 +0.000000E+00
 +0.130720E+01 -0.103990E+03 -0.157538E+03 -0.754786E+02 -0.768956E+02 +0.194556E+02 +0.000000E+00 +0.000000E+00 -0.153221E-02 +0.269220E-04 +0.000000E+00 +0.739312E-03 +0.000000E+00 +0.000000E+00
 +0.130720E+01 -0.104000E+03 -0.157487E+03 -0.753329E+02 -0.768305E+02 +0.193416E+02 +0.000000E+00 +0.000000E+00 -0.153247E-02 +0.284560E-04 +0.000000E+00 +0.734982E-03 +0.000000E+00 +0.000000E+00
 +0.130720E+01 -0.104010E+03 -0.157436E+03 -0.751871E+02 -0.767655E+02 +0.192277E+02 +0.000000E+00 +0.000000E+00 -0.153273E-02 +0.299900E-04 +0.000000E+00 +0.730652E-03 +0.000000E+00 +0.000000E+00
 +0.130720E+01 -0.104020E+03 -0.157385E+03 -0.750414E+02 -0.767005E+02 +0.191137E+02 +0.000000E+00 +0.000000E+00 -0.153300E-02 +0.315240E-04 +0.000000E+00 +0.726322E-03 +0.000000E+00 +0.000000E+00
 +0.130720E+01 -0.104030E+03 -0.157333E+03 -0.748956E+02 -0.766355E+02 +0.189998E+02 +0.000000E+00 +0.000000E+00 -0.153326E-02 +0.330580E-04 +0.000000E+00 +0.721992E-03 +0.000000E+00 +0.000000E+00
 +0.130720E+01 -0.104040E+03 -0.157282E+03 -0.747499E+02 -0.765705E+02 +0.188858E+02 +0.000000E+00 +0.000000E+00 -0.153352E-02 +0.345920E-04 +0.000000E+00 +0.717662E-03 +0.000000E+00 +0.000000E+00
 +0.130720E+01 -0.104050E+03 -0.157231E+03 -0.746042E+02 -0.765055E+02 +0.187719E+02 +0.000000E+00 +0.000000E+00 -0.153378E-02 +0.361260E-04 +0.000000E+00 +0.713332E-03 +0.000000E+00 +0.000000E+00
 +0.130720E+01 -0.104060E+03 -0.157180E+03 -0.744584E+02 -0.764405E+02 +0.186580E+02 +0.000000E+00 +0.000000E+00 -0.153404E-02 +0.376600E-04 +0.000000E+00 +0.709002E-03 +0.000000E+00 +0.000000E+00
 +0.130720E+01 -0.104070E+03 -0.157128E+03 -0.743127E+02 -0.763755E+02 +0.185440E+02 +0.000000E+00 +0.000000E+00 -0.153430E-02 +0.391940E-04 +0.000000E+00 +0.704672E-03 +0.000000E+00 +0.000000E+00
 +0.130720E+01 -0.104080E+03 -0.157077E+03 -0.741670E+02 -0.763105E+02 +0.184301E+02 +0.000000E+00 +0.000000E+00 -0.153456E-02 +0.407280E-04 +0.000000E+00 +0.700342E-03 +0.000000E+00 +0.000000E+00
 +0.130720E+01 -0.104090E+03 -0.157026E+03 -0.740212E+02 -0.762455E+02 +0.183161E+02 +0.000000E+00 +0.000000E+00 -0.153483E-02 +0.422620E-04 +0.000000E+00 +0.696012E-03 +0.000000E+00 +0.000000E+00
 +0.130720E+01 -0.104100E+03 -0.156975E+03 -0.738755E+02 -0.761805E+02 +0.182022E+02 +0.000000E+00 +0.000000E+00 -0.153509E-02 +0.437960E-04 +0.000000E+00 +0.691682E-03 +0.000000E+00 +0.000000E+00
 +0.130720E+01 -0.104110E+03 -0.156923E+03 -0.737297E+02 -0.761155E+02 +0.180882E+02 +0.000000E+00 +0.000000E+00 -0.153535E-02 +0.453300E-04 +0.000000E+00 +0.687352E-03 +0.000000E+00 +0.000000E+00
 +0.130720E+01 -0.104120E+03 -0.156872E+03 -0.735840E+02 -0.760505E+02 +0.179743E+02 +0.000000E+00 +0.000000E+00 -0.153561E-02 +0.468640E-04 +0.000000E+00 +0.683022E-03 +0.000000E+00 +0.000000E+00
 +0.130720E+01 -0.104130E+03 -0.156821E+03 -0.734383E+02 -0.759855E+02 +0.178603E+02 +0.000000E+00 +0.000000E+00 -0.153587E-02 +0.483980E-04 +0.000000E+00 +0.678692E-03 +0.000000E+00 +0.000000E+00
 +0.130720E+01 -0.104140E+03 -0.156770E+03 -0.732925E+02 -0.759205E+02 +0.177464E+02 +0.000000E+00 +0.000000E+00 -0.153613E-02 +0.499320E-04 +0.000000E+00 +0.674362E-03 +0.000000E+00 +0.000000E+00
 +0.130720E+01 -0.104150E+03 -0.156718E+03 -0.731468E+02 -0.758555E+02 +0.176324E+02 +0.000000E+00 +0.000000E+00 -0.153640E-02 +0.514660E-04 +0.000000E+00 +0.670032E-03 +0.000000E+00 +0.000000E+00
 +0.130720E+01 -0.104160E+03 -0.156667E+03 -0.730010E+02 -0.757905E+02 +0.175185E+02 +0.000000E+00 +0.000000E+00 -0.153666E-02 +0.530000E-04 +0.000000E+00 +0.665702E-03 +0.000000E+00 +0.000000E+00
 +0.130720E+01 -0.104170E+03 -0.156616E+03 -0.728553E+02 -0.757255E+02 +0.174045E+02 +0.000000E+00 +0.000000E+00 -0.153692E-02 +0.545340E-04 +0.000000E+00 +0.661372E-03 +0.000000E+00 +0.000000E+00
 +0.130720E+01 -0.104180E+03 -0.156565E+03 -0.727096E+02 -0.756605E+02 +0.172906E+02 +0.000000E+00 +0.000000E+00 -0.153718E-02 +0.560680E-04 +0.000000E+00 +0.657042E-03 +0.000000E+00 +0.000000E+00
 +0.130720E+01 -0.104190E+03 -0.156537E+03 -0.726461E+02 -0.756303E+02 +0.172095E+02 +0.000000E+00 +0.000000E+00 -0.153722E-02 +0.567000E-04 +0.000000E+00 +0.653963E-03 +0.000000E+00 +0.000000E+00
 +0.130720E+01 -0.104200E+03 -0.156509E+03 -0.725833E+02 -0.756004E+02 +0.171287E+02 +0.000000E+00 +0.000000E+00 -0.153726E-02 +0.573249E-04 +0.000000E+00 +0.650892E-03 +0.000000E+00 +0.000000E+00
 +0.130720E+01 -0.104210E+03 -0.156481E+03 -0.725206E+02 -0.755706E+02 +0.170480E+02 +0.000000E+00 +0.000000E+00 -0.153730E-02 +0.579498E-04 +0.000000E+00 +0.647822E-03 +0.000000E+00 +0.000000E+00
 +0.130720E+01 -0.104220E+03 -0.156453E+03 -0.724578E+02 -0.755407E+02 +0.169672E+02 +0.000000E+00 +0.000000E+00 -0.153734E-02 +0.585748E-04 +0.000000E+00 +0.644752E-03 +0.000000E+00 +0.000000E+00
 +0.130720E+01 -0.104230E+03 -0.156426E+03 -0.723950E+02 -0.755108E+02 +0.168864E+02 +0.000000E+00 +0.000000E+00 -0.153738E-02 +0.591997E-04 +0.000000E+00 +0.641682E-03 +0.000000E+00 +0.000000E+00
 +0.130720E+01 -0.104240E+03 -0.156398E+03 -0.723322E+02 -0.754809E+02 +0.168056E+02 +0.000000E+00 +0.000000E+00 -0.153742E-02 +0.598246E-04 +0.000000E+00 +0.638612E-03 +0.000000E+00 +0.000000E+00
 +0.130720E+01 -0.104250E+03 -0.156370E+03 -0.722694E+02 -0.754510E+02 +0.167248E+02 +0.000000E+00 +0.000000E+00 -0.153746E-02 +0.604495E-04 +0.000000E+00 +0.635542E-03 +0.000000E+00 +0.000000E+00
 +0.130720E+01 -0.104260E+03 -0.156342E+03 -0.722066E+02 -0.754211E+02 +0.166440E+02 +0.000000E+00 +0.000000E+00 -0.153750E-02 +0.610745E-04 +0.000000E+00 +0.632472E-03 +0.000000E+00 +0.000000E+00
 +0.130720E+01 -0.104270E+03 -0.156314E+03 -0.721438E+02 -0.753912E+02 +0.165632E+02 +0.000000E+00 +0.000000E+00 -0.153754E-02 +0.616994E-04 +0.000000E+00 +0.629401E-03 +0.000000E+00 +0.000000E+00
 +0.130720E+01 -0.104280E+03 -0.156286E+03 -0.720811E+02 -0.753613E+02 +0.164824E+02 +0.000000E+00 +0.000000E+00 -0.153758E-02 +0.623243E-04 +0.000000E+00 +0.626331E-03 +0.000000E+00 +0.000000E+00
 +0.130720E+01 -0.104290E+03 -0.156259E+03 -0.720183E+02 -0.753314E+02 +0.164016E+02 +0.000000E+00 +0.000000E+00 -0.153762E-02 +0.629492E-04 +0.000000E+00 +0.623261E-03 +0.000000E+00 +0.000000E+00
 +0.130720E+01 -0.104300E+03 -0.156231E+03 -0.719555E+02 -0.753015E+02 +0.163208E+02 +0.000000E+00 +0.000000E+00 -0.153766E-02 +0.635742E-04 +0.000000E+00 +0.620191E-03 +0.000000E+00 +0.000000E+00
 +0.130720E+01 -0.104310E+03 -0.156203E+03 -0.718927E+02 -0.752716E+02 +0.162400E+02 +0.000000E+00 +0.000000E+00 -0.153770E-02 +0.641991E-04 +0.000000E+00 +0.617121E-03 +0.000000E+00 +0.000000E+00
 +0.130720E+01 -0.104320E+03 -0.156175E+03 -0.718299E+02 -0.752417E+02 +0.161592E+02 +0.000000E+00 +0.000000E+00 -0.153774E-02 +0.648240E-04 +0.000000E+00 +0.614051E-03 +0.000000E+00 +0.000000E+00
 +0.130720E+01 -0.104330E+03 -0.156147E+03 -0.717671E+02 -0.752118E+02 +0.160784E+02 +0.000000E+00 +0.000000E+00 -0.153778E-02 +0.654490E-04 +0.000000E+00 +0.610980E-03 +0.000000E+00 +0.000000E+00
 +0.130720E+01 -0.104340E+03 -0.156120E+03 -0.717043E+02 -0.751819E+02 +0.159976E+02 +0.000000E+00 +0.000000E+00 -0.153782E-02 +0.660739E-04 +0.000000E+00 +0.607910E-03 +0.000000E+00 +0.000000E+00
 +0.130720E+01 -0.104350E+03 -0.156092E+03 -0.716416E+02 -0.751520E+02 +0.159168E+02 +0.000000E+00 +0.000000E+00 -0.153786E-02 +0.666988E-04 +0.000000E+00 +0.604840E-03 +0.000000E+00 +0.000000E+00
 +0.130720E+01 -0.104360E+03 -0.156064E+03 -0.715788E+02 -0.751221E+02 +0.158361E+02 +0.000000E+00 +0.000000E+00 -0.153790E-02 +0.673237E-04 +0.000000E+00 +0.601770E-03 +0.000000E+00 +0.000000E+00
 +0.130720E+01 -0.104370E+03 -0.156036E+03 -0.715160E+02 -0.750922E+02 +0.157553E+02 +0.000000E+00 +0.000000E+00 -0.153794E-02 +0.679487E-04 +0.000000E+00 +0.598700E-03 +0.000000E+00 +0.000000E+00
 +0.130720E+01 -0.104380E+03 -0.156008E+03 -0.714532E+02 -0.750623E+02 +0.156745E+02 +0.000000E+00 +0.000000E+00 -0.153798E-02 +0.685736E-04 +0.000000E+00 +0.595630E-03 +0.000000E+00 +0.000000E+00
 +0.130720E+01 -0.104390E+03 -0.155981E+03 -0.713904E+02 -0.750324E+02 +0.155937E+02 +0.000000E+00 +0.000000E+00 -0.153802E-02 +0.691985E-04 +0.000000E+00 +0.592560E-03 +0.000000E+00 +0.000000E+00
 +0.130720E+01 -0.104400E+03 -0.155974E+03 -0.712991E+02 -0.750002E+02 +0.155215E+02 +0.000000E+00 +0.000000E+00 -0.153851E-02 +0.703200E-04 +0.000000E+00 +0.589816E-03 +0.000000E+00 +0.000000E+00
 +0.130720E+01 -0.104410E+03 -0.155974E+03 -0.711997E+02 -0.749673E+02 +0.154517E+02 +0.000000E+00 +0.000000E+00 -0.153912E-02 +0.715833E-04 +0.000000E+00 +0.587166E-03 +0.000000E+00 +0.000000E+00
 +0.130720E+01 -0.104420E+03 -0.155973E+03 -0.711003E+02 -0.749343E+02 +0.153820E+02 +0.000000E+00 +0.000000E+00 -0.153974E-02 +0.728466E-04 +0.000000E+00 +0.584515E-03 +0.000000E+00 +0.000000E+00
 +0.130720E+01 -0.104430E+03 -0.155973E+03 -0.710009E+02 -0.749014E+02 +0.153122E+02 +0.000000E+00 +0.000000E+00 -0.154036E-02 +0.741098E-04 +0.000000E+00 +0.581865E-03 +0.000000E+00 +0.000000E+00
 +0.130720E+01 -0.104440E+03 -0.155973E+03 -0.709015E+02 -0.748685E+02 +0.152425E+02 +0.000000E+00 +0.000000E+00 -0.154098E-02 +0.753731E-04 +0.000000E+00 +0.579214E-03 +0.000000E+00 +0.000000E+00
 +0.130720E+01 -0.104450E+03 -0.155972E+03 -0.708021E+02 -0.748356E+02 +0.151727E+02 +0.000000E+00 +0.000000E+00 -0.154160E-02 +0.766364E-04 +0.000000E+00 +0.576564E-03 +0.000000E+00 +0.000000E+00
 +0.130720E+01 -0.104460E+03 -0.155972E+03 -0.707027E+02 -0.748026E+02 +0.151030E+02 +0.000000E+00 +0.000000E+00 -0.154222E-02 +0.778996E-04 +0.000000E+00 +0.573914E-03 +0.000000E+00 +0.000000E+00
 +0.130720E+01 -0.104470E+03 -0.155972E+03 -0.706032E+02 -0.747697E+02 +0.150332E+02 +0.000000E+00 +0.000000E+00 -0.154284E-02 +0.791629E-04 +0.000000E+00 +0.571263E-03 +0.000000E+00 +0.000000E+00
 +0.130720E+01 -0.104480E+03 -0.155971E+03 -0.705038E+02 -0.747368E+02 +0.149635E+02 +0.000000E+00 +0.000000E+00 -0.154346E-02 +0.804262E-04 +0.000000E+00 +0.568613E-03 +0.000000E+00 +0.000000E+00
 +0.130720E+01 -0.104490E+03 -0.155971E+03 -0.704044E+02 -0.747039E+02 +0.148937E+02 +0.000000E+00 +0.000000E+00 -0.154407E-02 +0.816894E-04 +0.000000E+00 +0.565962E-03 +0.000000E+00 +0.000000E+00
 +0.130720E+01 -0.104500E+03 -0.155971E+03 -0.703050E+02 -0.746709E+02 +0.148240E+02 +0.000000E+00 +0.000000E+00 -0.154469E-02 +0.829527E-04 +0.000000E+00 +0.563312E-03 +0.000000E+00 +0.000000E+00
 +0.130720E+01 -0.104510E+03 -0.155970E+03 -0.702056E+02 -0.746380E+02 +0.147543E+02 +0.000000E+00 +0.000000E+00 -0.154531E-02 +0.842159E-04 +0.000000E+00 +0.560662E-03 +0.000000E+00 +0.000000E+00
 +0.130720E+01 -0.104520E+03 -0.155970E+03 -0.701062E+02 -0.746051E+02 +0.146845E+02 +0.000000E+00 +0.000000E+00 -0.154593E-02 +0.854792E-04 +0.000000E+00 +0.558011E-03 +0.000000E+00 +0.000000E+00
 +0.130720E+01 -0.104530E+03 -0.155969E+03 -0.700068E+02 -0.745721E+02 +0.146148E+02 +0.000000E+00 +0.000000E+00 -0.154655E-02 +0.867425E-04 +0.000000E+00 +0.555361E-03 +0.000000E+00 +0.000000E+00
 +0.130720E+01 -0.104540E+03 -0.155969E+03 -0.699073E+02 -0.745392E+02 +0.145450E+02 +0.000000E+00 +0.000000E+00 -0.154717E-02 +0.880057E-04 +0.000000E+00 +0.552711E-03 +0.000000E+00 +0.000000E+00
 +0.130720E+01 -0.104550E+03 -0.155969E+03 -0.698079E+02 -0.745063E+02 +0.144753E+02 +0.000000E+00 +0.000000E+00 -0.154779E-02 +0.892690E-04 +0.000000E+00 +0.550060E-03 +0.000000E+00 +0.000000E+00
 +0.130720E+01 -0.104560E+03 -0.155968E+03 -0.697085E+02 -0.744734E+02 +0.144055E+02 +0.000000E+00 +0.000000E+00 -0.154840E-02 +0.905323E-04 +0.000000E+00 +0.547410E-03 +0.000000E+00 +0.000000E+00
 +0.130720E+01 -0.104570E+03 -0.155968E+03 -0.696091E+02 -0.744404E+02 +0.143358E+02 +0.000000E+00 +0.000000E+00 -0.154902E-02 +0.917955E-04 +0.000000E+00 +0.544759E-03 +0.000000E+00 +0.000000E+00
 +0.130720E+01 -0.104580E+03 -0.155958E+03 -0.695140E+02 -0.744058E+02 +0.142726E+02 +0.000000E+00 +0.000000E+00 -0.154949E-02 +0.929435E-04 +0.000000E+00 +0.542360E-03 +0.000000E+00 +0.000000E+00
 +0.130720E+01 -0.104590E+03 -0.155933E+03 -0.694259E+02 -0.743684E+02 +0.142200E+02 +0.000000E+00 +0.000000E+00 -0.154973E-02 +0.939076E-04 +0.000000E+00 +0.540360E-03 +0.000000E+00 +0.000000E+00
 +0.130720E+01 -0.104600E+03 -0.155908E+03 -0.693378E+02 -0.743311E+02 +0.141674E+02 +0.000000E+00 +0.000000E+00 -0.154996E-02 +0.948718E-04 +0.000000E+00 +0.538361E-03 +0.000000E+00 +0.000000E+00
 +0.130720E+01 -0.104610E+03 -0.155883E+03 -0.692497E+02 -0.742937E+02 +0.141148E+02 +0.000000E+00 +0.000000E+00 -0.155019E-02 +0.958360E-04 +0.000000E+00 +0.536362E-03 +0.000000E+00 +0.000000E+00
 +0.130720E+01 -0.104620E+03 -0.155858E+03 -0.691616E+02 -0.742564E+02 +0.140622E+02 +0.000000E+00 +0.000000E+00 -0.155042E-02 +0.968001E-04 +0.000000E+00 +0.534362E-03 +0.000000E+00 +0.000000E+00
 +0.130720E+01 -0.104630E+03 -0.155833E+03 -0.690735E+02 -0.742190E+02 +0.140095E+02 +0.000000E+00 +0.000000E+00 -0.155066E-02 +0.977643E-04 +0.000000E+00 +0.532363E-03 +0.000000E+00 +0.000000E+00
 +0.130720E+01 -0.104640E+03 -0.155807E+03 -0.689854E+02 -0.741816E+02 +0.139569E+02 +0.000000E+00 +0.000000E+00 -0.155089E-02 +0.987285E-04 +0.000000E+00 +0.530363E-03 +0.000000E+00 +0.000000E+00
 +0.130720E+01 -0.104650E+03 -0.155782E+03 -0.688973E+02 -0.741443E+02 +0.139043E+02 +0.000000E+00 +0.000000E+00 -0.155112E-02 +0.996926E-04 +0.000000E+00 +0.528364E-03 +0.000000E+00 +0.000000E+00
 +0.130720E+01 -0.104660E+03 -0.155757E+03 -0.688092E+02 -0.741069E+02 +0.138517E+02 +0.000000E+00 +0.000000E+00 -0.155136E-02 +0.100657E-03 +0.000000E+00 +0.526364E-03 +0.000000E+00 +0.000000E+00
 +0.130720E+01 -0.104670E+03 -0.155732E+03 -0.687211E+02 -0.740696E+02 +0.137991E+02 +0.000000E+00 +0.000000E+00 -0.155159E-02 +0.101621E-03 +0.000000E+00 +0.524365E-03 +0.000000E+00 +0.000000E+00
 +0.130720E+01 -0.104680E+03 -0.155707E+03 -0.686330E+02 -0.740322E+02 +0.137465E+02 +0.000000E+00 +0.000000E+00 -0.155182E-02 +0.102585E-03 +0.000000E+00 +0.522365E-03 +0.000000E+00 +0.000000E+00
 +0.130720E+01 -0.104690E+03 -0.155682E+03 -0.685449E+02 -0.739948E+02 +0.136938E+02 +0.000000E+00 +0.000000E+00 -0.155205E-02 +0.103549E-03 +0.000000E+00 +0.520366E-03 +0.000000E+00 +0.000000E+00
 +0.130720E+01 -0.104700E+03 -0.155657E+03 -0.684568E+02 -0.739575E+02 +0.136412E+02 +0.000000E+00 +0.000000E+00 -0.155229E-02 +0.104513E-03 +0.000000E+00 +0.518367E-03 +0.000000E+00 +0.000000E+00
 +0.130720E+01 -0.104710E+03 -0.155632E+03 -0.683687E+02 -0.739201E+02 +0.135886E+02 +0.000000E+00 +0.000000E+00 -0.155252E-02 +0.105478E-03 +0.000000E+00 +0.516367E-03 +0.000000E+00 +0.000000E+00
 +0.130720E+01 -0.104720E+03 -0.155607E+03 -0.682806E+02 -0.738828E+02 +0.135360E+02 +0.000000E+00 +0.000000E+00 -0.155275E-02 +0.106442E-03 +0.000000E+00 +0.514368E-03 +0.000000E+00 +0.000000E+00
 +0.130720E+01 -0.104730E+03 -0.155581E+03 -0.681924E+02 -0.738454E+02 +0.134834E+02 +0.000000E+00 +0.000000E+00 -0.155299E-02 +0.107406E-03 +0.000000E+00 +0.512368E-03 +0.000000E+00 +0.000000E+00
 +0.130720E+01 -0.104740E+03 -0.155556E+03 -0.681043E+02 -0.738080E+02 +0.134308E+02 +0.000000E+00 +0.000000E+00 -0.155322E-02 +0.108370E-03 +0.000000E+00 +0.510369E-03 +0.000000E+00 +0.000000E+00
 +0.130720E+01 -0.104750E+03 -0.155531E+03 -0.680162E+02 -0.737707E+02 +0.133781E+02 +0.000000E+00 +0.000000E+00 -0.155345E-02 +0.109334E-03 +0.000000E+00 +0.508369E-03 +0.000000E+00 +0.000000E+00
 +0.130720E+01 -0.104760E+03 -0.155506E+03 -0.679281E+02 -0.737333E+02 +0.133255E+02 +0.000000E+00 +0.000000E+00 -0.155368E-02 +0.110298E-03 +0.000000E+00 +0.506370E-03 +0.000000E+00 +0.000000E+00
 +0.130720E+01 -0.104770E+03 -0.155481E+03 -0.678400E+02 -0.736960E+02 +0.132729E+02 +0.000000E+00 +0.000000E+00 -0.155392E-02 +0.111263E-03 +0.000000E+00 +0.504370E-03 +0.000000E+00 +0.000000E+00
 +0.130720E+01 -0.104780E+03 -0.155456E+03 -0.677519E+02 -0.736586E+02 +0.132203E+02 +0.000000E+00 +0.000000E+00 -0.155415E-02 +0.112227E-03 +0.000000E+00 +0.502371E-03 +0.000000E+00 +0.000000E+00
 +0.130720E+01 -0.104790E+03 -0.155431E+03 -0.676638E+02 -0.736212E+02 +0.131677E+02 +0.000000E+00 +0.000000E+00 -0.155438E-02 +0.113191E-03 +0.000000E+00 +0.500371E-03 +0.000000E+00 +0.000000E+00
 +0.130720E+01 -0.104800E+03 -0.155406E+03 -0.675757E+02 -0.735839E+02 +0.131151E+02 +0.000000E+00 +0.000000E+00 -0.155462E-02 +0.114155E-03 +0.000000E+00 +0.498372E-03 +0.000000E+00 +0.000000E+00
 +0.130720E+01 -0.104810E+03 -0.155381E+03 -0.674876E+02 -0.735465E+02 +0.130624E+02 +0.000000E+00 +0.000000E+00 -0.155485E-02 +0.115119E-03 +0.000000E+00 +0.496373E-03 +0.000000E+00 +0.000000E+00
 +0.130720E+01 -0.104820E+03 -0.155356E+03 -0.673995E+02 -0.735091E+02 +0.130098E+02 +0.000000E+00 +0.000000E+00 -0.155508E-02 +0.116083E-03 +0.000000E+00 +0.494373E-03 +0.000000E+00 +0.000000E+00
 +0.130720E+01 -0.104830E+03 -0.155330E+03 -0.673114E+02 -0.734718E+02 +0.129572E+02 +0.000000E+00 +0.000000E+00 -0.155531E-02 +0.117048E-03 +0.000000E+00 +0.492374E-03 +0.000000E+00 +0.000000E+00
 +0.130720E+01 -0.104840E+03 -0.155305E+03 -0.672233E+02 -0.734344E+02 +0.129046E+02 +0.000000E+00 +0.000000E+00 -0.155555E-02 +0.118012E-03 +0.000000E+00 +0.490374E-03 +0.000000E+00 +0.000000E+00
 +0.130720E+01 -0.104850E+03 -0.155280E+03 -0.671352E+02 -0.733971E+02 +0.128520E+02 +0.000000E+00 +0.000000E+00 -0.155578E-02 +0.118976E-03 +0.000000E+00 +0.488375E-03 +0.000000E+00 +0.000000E+00
 +0.130720E+01 -0.104860E+03 -0.155255E+03 -0.670471E+02 -0.733597E+02 +0.127994E+02 +0.000000E+00 +0.000000E+00 -0.155601E-02 +0.119940E-03 +0.000000E+00 +0.486375E-03 +0.000000E+00 +0.000000E+00
 +0.130720E+01 -0.104870E+03 -0.155230E+03 -0.669590E+02 -0.733223E+02 +0.127467E+02 +0.000000E+00 +0.000000E+00 -0.155624E-02 +0.120904E-03 +0.000000E+00 +0.484376E-03 +0.000000E+00 +0.000000E+00
 +0.130720E+01 -0.104880E+03 -0.155205E+03 -0.668709E+02 -0.732850E+02 +0.126941E+02 +0.000000E+00 +0.000000E+00 -0.155648E-02 +0.121868E-03 +0.000000E+00 +0.482376E-03 +0.000000E+00 +0.000000E+00
 +0.130720E+01 -0.104890E+03 -0.155180E+03 -0.667828E+02 -0.732476E+02 +0.126415E+02 +0.000000E+00 +0.000000E+00 -0.155671E-02 +0.122833E-03 +0.000000E+00 +0.480377E-03 +0.000000E+00 +0.000000E+00
 +0.130720E+01 -0.104900E+03 -0.155155E+03 -0.666946E+02 -0.732103E+02 +0.125889E+02 +0.000000E+00 +0.000000E+00 -0.155694E-02 +0.123797E-03 +0.000000E+00 +0.478378E-03 +0.000000E+00 +0.000000E+00
 +0.130720E+01 -0.104910E+03 -0.155130E+03 -0.666065E+02 -0.731729E+02 +0.125363E+02 +0.000000E+00 +0.000000E+00 -0.155718E-02 +0.124761E-03 +0.000000E+00 +0.476378E-03 +0.000000E+00 +0.000000E+00
 +0.130720E+01 -0.104920E+03 -0.155104E+03 -0.665184E+02 -0.731355E+02 +0.124836E+02 +0.000000E+00 +0.000000E+00 -0.155741E-02 +0.125725E-03 +0.000000E+00 +0.474379E-03 +0.000000E+00 +0.000000E+00
 +0.130720E+01 -0.104930E+03 -0.155079E+03 -0.664303E+02 -0.730982E+02 +0.124310E+02 +0.000000E+00 +0.000000E+00 -0.155764E-02 +0.126689E-03 +0.000000E+00 +0.472379E-03 +0.000000E+00 +0.000000E+00
 +0.130720E+01 -0.104940E+03 -0.155054E+03 -0.663422E+02 -0.730608E+02 +0.123784E+02 +0.000000E+00 +0.000000E+00 -0.155787E-02 +0.127653E-03 +0.000000E+00 +0.470380E-03 +0.000000E+00 +0.000000E+00
 +0.130720E+01 -0.104950E+03 -0.155029E+03 -0.662541E+02 -0.730235E+02 +0.123258E+02 +0.000000E+00 +0.000000E+00 -0.155811E-02 +0.128618E-03 +0.000000E+00 +0.468380E-03 +0.000000E+00 +0.000000E+00
 +0.130720E+01 -0.104960E+03 -0.155004E+03 -0.661660E+02 -0.729861E+02 +0.122732E+02 +0.000000E+00 +0.000000E+00 -0.155834E-02 +0.129582E-03 +0.000000E+00 +0.466381E-03 +0.000000E+00 +0.000000E+00
 +0.130720E+01 -0.104970E+03 -0.154979E+03 -0.660779E+02 -0.729487E+02 +0.122206E+02 +0.000000E+00 +0.000000E+00 -0.155857E-02 +0.130546E-03 +0.000000E+00 +0.464381E-03 +0.000000E+00 +0.000000E+00
 +0.130720E+01 -0.104980E+03 -0.154954E+03 -0.659898E+02 -0.729114E+02 +0.121679E+02 +0.000000E+00 +0.000000E+00 -0.155881E-02 +0.131510E-03 +0.000000E+00 +0.462382E-03 +0.000000E+00 +0.000000E+00
 +0.130720E+01 -0.104990E+03 -0.154929E+03 -0.659017E+02 -0.728740E+02 +0.121153E+02 +0.000000E+00 +0.000000E+00 -0.155904E-02 +0.132474E-03 +0.000000E+00 +0.460383E-03 +0.000000E+00 +0.000000E+00
