%X Y s_xx s_yy s_zz s_xy s_xz s_yz e_xx e_yy e_zz e_xy e_xz e_yz
 +0.148320E+01 -0.100000E+03 -0.370150E+03 -0.260895E+02 -0.130759E+03 +0.353422E+02 +0.000000E+00 +0.000000E+00 -0.454843E-02 +0.198872E-02 +0.000000E+00 +0.134300E-02 +0.000000E+00 +0.000000E+00
 +0.148320E+01 -0.100010E+03 -0.362470E+03 -0.321369E+02 -0.130220E+03 +0.403743E+02 +0.000000E+00 +0.000000E+00 -0.441274E-02 +0.186358E-02 +0.000000E+00 +0.153422E-02 +0.000000E+00 +0.000000E+00
 +0.148320E+01 -0.100020E+03 -0.354791E+03 -0.381681E+02 -0.129677E+03 +0.454519E+02 +0.000000E+00 +0.000000E+00 -0.427718E-02 +0.173866E-02 +0.000000E+00 +0.172717E-02 +0.000000E+00 +0.000000E+00
 +0.148320E+01 -0.100030E+03 -0.347260E+03 -0.430213E+02 -0.128793E+03 +0.538338E+02 +0.000000E+00 +0.000000E+00 -0.415088E-02 +0.162966E-02 +0.000000E+00 +0.204568E-02 +0.000000E+00 +0.000000E+00
 +0.148320E+01 -0.100040E+03 -0.339777E+03 -0.478453E+02 -0.127915E+03 +0.621203E+02 +0.000000E+00 +0.000000E+00 -0.402537E-02 +0.152133E-02 +0.000000E+00 +0.236057E-02 +0.000000E+00 +0.000000E+00
 +0.148320E+01 -0.100050E+03 -0.334019E+03 -0.516239E+02 -0.127262E+03 +0.669891E+02 +0.000000E+00 +0.000000E+00 -0.392838E-02 +0.143713E-02 +0.000000E+00 +0.254559E-02 +0.000000E+00 +0.000000E+00
 +0.148320E+01 -0.100060E+03 -0.328293E+03 -0.553784E+02 -0.126611E+03 +0.717981E+02 +0.000000E+00 +0.000000E+00 -0.383194E-02 +0.135343E-02 +0.000000E+00 +0.272833E-02 +0.000000E+00 +0.000000E+00
 +0.148320E+01 -0.100070E+03 -0.323306E+03 -0.585621E+02 -0.126016E+03 +0.751945E+02 +0.000000E+00 +0.000000E+00 -0.374850E-02 +0.128163E-02 +0.000000E+00 +0.285739E-02 +0.000000E+00 +0.000000E+00
 +0.148320E+01 -0.100080E+03 -0.318348E+03 -0.617219E+02 -0.125423E+03 +0.785409E+02 +0.000000E+00 +0.000000E+00 -0.366558E-02 +0.121032E-02 +0.000000E+00 +0.298456E-02 +0.000000E+00 +0.000000E+00
 +0.148320E+01 -0.100090E+03 -0.313907E+03 -0.644656E+02 -0.124863E+03 +0.810162E+02 +0.000000E+00 +0.000000E+00 -0.359184E-02 +0.114755E-02 +0.000000E+00 +0.307861E-02 +0.000000E+00 +0.000000E+00
 +0.148320E+01 -0.100100E+03 -0.309494E+03 -0.671858E+02 -0.124304E+03 +0.834497E+02 +0.000000E+00 +0.000000E+00 -0.351860E-02 +0.108525E-02 +0.000000E+00 +0.317109E-02 +0.000000E+00 +0.000000E+00
 +0.148320E+01 -0.100110E+03 -0.305470E+03 -0.695842E+02 -0.123768E+03 +0.853108E+02 +0.000000E+00 +0.000000E+00 -0.345234E-02 +0.102949E-02 +0.000000E+00 +0.324181E-02 +0.000000E+00 +0.000000E+00
 +0.148320E+01 -0.100120E+03 -0.301475E+03 -0.719595E+02 -0.123233E+03 +0.871357E+02 +0.000000E+00 +0.000000E+00 -0.338659E-02 +0.974203E-03 +0.000000E+00 +0.331116E-02 +0.000000E+00 +0.000000E+00
 +0.148320E+01 -0.100130E+03 -0.297796E+03 -0.740751E+02 -0.122718E+03 +0.885530E+02 +0.000000E+00 +0.000000E+00 -0.332650E-02 +0.924207E-03 +0.000000E+00 +0.336501E-02 +0.000000E+00 +0.000000E+00
 +0.148320E+01 -0.100140E+03 -0.294146E+03 -0.761681E+02 -0.122204E+03 +0.899389E+02 +0.000000E+00 +0.000000E+00 -0.326690E-02 +0.874673E-03 +0.000000E+00 +0.341768E-02 +0.000000E+00 +0.000000E+00
 +0.148320E+01 -0.100150E+03 -0.290761E+03 -0.780464E+02 -0.121707E+03 +0.910256E+02 +0.000000E+00 +0.000000E+00 -0.321204E-02 +0.829543E-03 +0.000000E+00 +0.345897E-02 +0.000000E+00 +0.000000E+00
 +0.148320E+01 -0.100160E+03 -0.287405E+03 -0.799027E+02 -0.121211E+03 +0.920847E+02 +0.000000E+00 +0.000000E+00 -0.315767E-02 +0.784867E-03 +0.000000E+00 +0.349922E-02 +0.000000E+00 +0.000000E+00
 +0.148320E+01 -0.100170E+03 -0.284277E+03 -0.815785E+02 -0.120732E+03 +0.929179E+02 +0.000000E+00 +0.000000E+00 -0.310735E-02 +0.743922E-03 +0.000000E+00 +0.353088E-02 +0.000000E+00 +0.000000E+00
 +0.148320E+01 -0.100180E+03 -0.281177E+03 -0.832330E+02 -0.120255E+03 +0.937269E+02 +0.000000E+00 +0.000000E+00 -0.305751E-02 +0.703422E-03 +0.000000E+00 +0.356162E-02 +0.000000E+00 +0.000000E+00
 +0.148320E+01 -0.100190E+03 -0.278275E+03 -0.847342E+02 -0.119793E+03 +0.943626E+02 +0.000000E+00 +0.000000E+00 -0.301116E-02 +0.666118E-03 +0.000000E+00 +0.358578E-02 +0.000000E+00 +0.000000E+00
 +0.148320E+01 -0.100200E+03 -0.275401E+03 -0.862148E+02 -0.119333E+03 +0.949773E+02 +0.000000E+00 +0.000000E+00 -0.296529E-02 +0.629249E-03 +0.000000E+00 +0.360914E-02 +0.000000E+00 +0.000000E+00
 +0.148320E+01 -0.100210E+03 -0.272700E+03 -0.875643E+02 -0.118887E+03 +0.954574E+02 +0.000000E+00 +0.000000E+00 -0.292245E-02 +0.595139E-03 +0.000000E+00 +0.362738E-02 +0.000000E+00 +0.000000E+00
 +0.148320E+01 -0.100220E+03 -0.270027E+03 -0.888939E+02 -0.118444E+03 +0.959191E+02 +0.000000E+00 +0.000000E+00 -0.288008E-02 +0.561450E-03 +0.000000E+00 +0.364493E-02 +0.000000E+00 +0.000000E+00
 +0.148320E+01 -0.100230E+03 -0.267507E+03 -0.901109E+02 -0.118014E+03 +0.962756E+02 +0.000000E+00 +0.000000E+00 -0.284037E-02 +0.530156E-03 +0.000000E+00 +0.365847E-02 +0.000000E+00 +0.000000E+00
 +0.148320E+01 -0.100240E+03 -0.265013E+03 -0.913088E+02 -0.117586E+03 +0.966160E+02 +0.000000E+00 +0.000000E+00 -0.280110E-02 +0.499268E-03 +0.000000E+00 +0.367141E-02 +0.000000E+00 +0.000000E+00
 +0.148320E+01 -0.100250E+03 -0.262654E+03 -0.924095E+02 -0.117171E+03 +0.968736E+02 +0.000000E+00 +0.000000E+00 -0.276417E-02 +0.470466E-03 +0.000000E+00 +0.368120E-02 +0.000000E+00 +0.000000E+00
 +0.148320E+01 -0.100260E+03 -0.260320E+03 -0.934922E+02 -0.116758E+03 +0.971171E+02 +0.000000E+00 +0.000000E+00 -0.272768E-02 +0.442053E-03 +0.000000E+00 +0.369045E-02 +0.000000E+00 +0.000000E+00
 +0.148320E+01 -0.100270E+03 -0.258107E+03 -0.944907E+02 -0.116357E+03 +0.972952E+02 +0.000000E+00 +0.000000E+00 -0.269324E-02 +0.415462E-03 +0.000000E+00 +0.369722E-02 +0.000000E+00 +0.000000E+00
 +0.148320E+01 -0.100280E+03 -0.255918E+03 -0.954721E+02 -0.115959E+03 +0.974612E+02 +0.000000E+00 +0.000000E+00 -0.265922E-02 +0.389244E-03 +0.000000E+00 +0.370352E-02 +0.000000E+00 +0.000000E+00
 +0.148320E+01 -0.100290E+03 -0.253835E+03 -0.963806E+02 -0.115571E+03 +0.975752E+02 +0.000000E+00 +0.000000E+00 -0.262701E-02 +0.364618E-03 +0.000000E+00 +0.370786E-02 +0.000000E+00 +0.000000E+00
 +0.148320E+01 -0.100300E+03 -0.251775E+03 -0.972728E+02 -0.115186E+03 +0.976786E+02 +0.000000E+00 +0.000000E+00 -0.259520E-02 +0.340348E-03 +0.000000E+00 +0.371179E-02 +0.000000E+00 +0.000000E+00
 +0.148320E+01 -0.100310E+03 -0.249810E+03 -0.981018E+02 -0.114811E+03 +0.977406E+02 +0.000000E+00 +0.000000E+00 -0.256498E-02 +0.317473E-03 +0.000000E+00 +0.371414E-02 +0.000000E+00 +0.000000E+00
 +0.148320E+01 -0.100320E+03 -0.247868E+03 -0.989154E+02 -0.114438E+03 +0.977935E+02 +0.000000E+00 +0.000000E+00 -0.253515E-02 +0.294937E-03 +0.000000E+00 +0.371615E-02 +0.000000E+00 +0.000000E+00
 +0.148320E+01 -0.100330E+03 -0.246008E+03 -0.996740E+02 -0.114075E+03 +0.978132E+02 +0.000000E+00 +0.000000E+00 -0.250673E-02 +0.273623E-03 +0.000000E+00 +0.371690E-02 +0.000000E+00 +0.000000E+00
 +0.148320E+01 -0.100340E+03 -0.244172E+03 -0.100418E+03 -0.113715E+03 +0.978251E+02 +0.000000E+00 +0.000000E+00 -0.247868E-02 +0.252632E-03 +0.000000E+00 +0.371735E-02 +0.000000E+00 +0.000000E+00
 +0.148320E+01 -0.100350E+03 -0.242408E+03 -0.101114E+03 -0.113363E+03 +0.978104E+02 +0.000000E+00 +0.000000E+00 -0.245187E-02 +0.232715E-03 +0.000000E+00 +0.371680E-02 +0.000000E+00 +0.000000E+00
 +0.148320E+01 -0.100360E+03 -0.240667E+03 -0.101797E+03 -0.113013E+03 +0.977888E+02 +0.000000E+00 +0.000000E+00 -0.242542E-02 +0.213103E-03 +0.000000E+00 +0.371597E-02 +0.000000E+00 +0.000000E+00
 +0.148320E+01 -0.100370E+03 -0.238990E+03 -0.102438E+03 -0.112671E+03 +0.977458E+02 +0.000000E+00 +0.000000E+00 -0.240006E-02 +0.194436E-03 +0.000000E+00 +0.371434E-02 +0.000000E+00 +0.000000E+00
 +0.148320E+01 -0.100380E+03 -0.237334E+03 -0.103066E+03 -0.112332E+03 +0.976969E+02 +0.000000E+00 +0.000000E+00 -0.237504E-02 +0.176058E-03 +0.000000E+00 +0.371248E-02 +0.000000E+00 +0.000000E+00
 +0.148320E+01 -0.100390E+03 -0.235737E+03 -0.103657E+03 -0.112000E+03 +0.976306E+02 +0.000000E+00 +0.000000E+00 -0.235100E-02 +0.158513E-03 +0.000000E+00 +0.370996E-02 +0.000000E+00 +0.000000E+00
 +0.148320E+01 -0.100400E+03 -0.234159E+03 -0.104237E+03 -0.111671E+03 +0.975591E+02 +0.000000E+00 +0.000000E+00 -0.232728E-02 +0.141241E-03 +0.000000E+00 +0.370724E-02 +0.000000E+00 +0.000000E+00
 +0.148320E+01 -0.100410E+03 -0.232633E+03 -0.104784E+03 -0.111348E+03 +0.974734E+02 +0.000000E+00 +0.000000E+00 -0.230442E-02 +0.124704E-03 +0.000000E+00 +0.370399E-02 +0.000000E+00 +0.000000E+00
 +0.148320E+01 -0.100420E+03 -0.231125E+03 -0.105320E+03 -0.111027E+03 +0.973832E+02 +0.000000E+00 +0.000000E+00 -0.228186E-02 +0.108425E-03 +0.000000E+00 +0.370056E-02 +0.000000E+00 +0.000000E+00
 +0.148320E+01 -0.100430E+03 -0.229664E+03 -0.105829E+03 -0.110713E+03 +0.972815E+02 +0.000000E+00 +0.000000E+00 -0.226008E-02 +0.927967E-04 +0.000000E+00 +0.369670E-02 +0.000000E+00 +0.000000E+00
 +0.148320E+01 -0.100440E+03 -0.228221E+03 -0.106326E+03 -0.110400E+03 +0.971757E+02 +0.000000E+00 +0.000000E+00 -0.223858E-02 +0.774133E-04 +0.000000E+00 +0.369267E-02 +0.000000E+00 +0.000000E+00
 +0.148320E+01 -0.100450E+03 -0.226819E+03 -0.106799E+03 -0.110094E+03 +0.970603E+02 +0.000000E+00 +0.000000E+00 -0.221777E-02 +0.626057E-04 +0.000000E+00 +0.368829E-02 +0.000000E+00 +0.000000E+00
 +0.148320E+01 -0.100460E+03 -0.225434E+03 -0.107261E+03 -0.109789E+03 +0.969413E+02 +0.000000E+00 +0.000000E+00 -0.219724E-02 +0.480303E-04 +0.000000E+00 +0.368377E-02 +0.000000E+00 +0.000000E+00
 +0.148320E+01 -0.100470E+03 -0.224086E+03 -0.107702E+03 -0.109490E+03 +0.968144E+02 +0.000000E+00 +0.000000E+00 -0.217732E-02 +0.339664E-04 +0.000000E+00 +0.367895E-02 +0.000000E+00 +0.000000E+00
 +0.148320E+01 -0.100480E+03 -0.222754E+03 -0.108134E+03 -0.109193E+03 +0.966843E+02 +0.000000E+00 +0.000000E+00 -0.215766E-02 +0.201227E-04 +0.000000E+00 +0.367400E-02 +0.000000E+00 +0.000000E+00
 +0.148320E+01 -0.100490E+03 -0.221455E+03 -0.108546E+03 -0.108900E+03 +0.965475E+02 +0.000000E+00 +0.000000E+00 -0.213854E-02 +0.673454E-05 +0.000000E+00 +0.366880E-02 +0.000000E+00 +0.000000E+00
 +0.148320E+01 -0.100500E+03 -0.220172E+03 -0.108949E+03 -0.108610E+03 +0.964077E+02 +0.000000E+00 +0.000000E+00 -0.211968E-02 -0.644462E-05 +0.000000E+00 +0.366349E-02 +0.000000E+00 +0.000000E+00
 +0.148320E+01 -0.100510E+03 -0.218919E+03 -0.109335E+03 -0.108324E+03 +0.962623E+02 +0.000000E+00 +0.000000E+00 -0.210130E-02 -0.192169E-04 +0.000000E+00 +0.365797E-02 +0.000000E+00 +0.000000E+00
 +0.148320E+01 -0.100520E+03 -0.217680E+03 -0.109713E+03 -0.108040E+03 +0.961142E+02 +0.000000E+00 +0.000000E+00 -0.208317E-02 -0.317906E-04 +0.000000E+00 +0.365234E-02 +0.000000E+00 +0.000000E+00
 +0.148320E+01 -0.100530E+03 -0.216468E+03 -0.110075E+03 -0.107759E+03 +0.959612E+02 +0.000000E+00 +0.000000E+00 -0.206547E-02 -0.439999E-04 +0.000000E+00 +0.364653E-02 +0.000000E+00 +0.000000E+00
 +0.148320E+01 -0.100540E+03 -0.215271E+03 -0.110430E+03 -0.107481E+03 +0.958058E+02 +0.000000E+00 +0.000000E+00 -0.204801E-02 -0.560199E-04 +0.000000E+00 +0.364062E-02 +0.000000E+00 +0.000000E+00
 +0.148320E+01 -0.100550E+03 -0.214098E+03 -0.110770E+03 -0.107206E+03 +0.956461E+02 +0.000000E+00 +0.000000E+00 -0.203093E-02 -0.677128E-04 +0.000000E+00 +0.363455E-02 +0.000000E+00 +0.000000E+00
 +0.148320E+01 -0.100560E+03 -0.212938E+03 -0.111103E+03 -0.106934E+03 +0.954842E+02 +0.000000E+00 +0.000000E+00 -0.201408E-02 -0.792251E-04 +0.000000E+00 +0.362840E-02 +0.000000E+00 +0.000000E+00
 +0.148320E+01 -0.100570E+03 -0.211800E+03 -0.111424E+03 -0.106664E+03 +0.953185E+02 +0.000000E+00 +0.000000E+00 -0.199759E-02 -0.904427E-04 +0.000000E+00 +0.362210E-02 +0.000000E+00 +0.000000E+00
 +0.148320E+01 -0.100580E+03 -0.210675E+03 -0.111738E+03 -0.106396E+03 +0.951506E+02 +0.000000E+00 +0.000000E+00 -0.198130E-02 -0.101488E-03 +0.000000E+00 +0.361572E-02 +0.000000E+00 +0.000000E+00
 +0.148320E+01 -0.100590E+03 -0.209571E+03 -0.112040E+03 -0.106132E+03 +0.949795E+02 +0.000000E+00 +0.000000E+00 -0.196534E-02 -0.112266E-03 +0.000000E+00 +0.360922E-02 +0.000000E+00 +0.000000E+00
 +0.148320E+01 -0.100600E+03 -0.208478E+03 -0.112336E+03 -0.105869E+03 +0.948063E+02 +0.000000E+00 +0.000000E+00 -0.194958E-02 -0.122879E-03 +0.000000E+00 +0.360264E-02 +0.000000E+00 +0.000000E+00
 +0.148320E+01 -0.100610E+03 -0.207404E+03 -0.112622E+03 -0.105609E+03 +0.946301E+02 +0.000000E+00 +0.000000E+00 -0.193412E-02 -0.133251E-03 +0.000000E+00 +0.359594E-02 +0.000000E+00 +0.000000E+00
 +0.148320E+01 -0.100620E+03 -0.206342E+03 -0.112901E+03 -0.105350E+03 +0.944519E+02 +0.000000E+00 +0.000000E+00 -0.191884E-02 -0.143464E-03 +0.000000E+00 +0.358917E-02 +0.000000E+00 +0.000000E+00
 +0.148320E+01 -0.100630E+03 -0.205296E+03 -0.113171E+03 -0.105094E+03 +0.942711E+02 +0.000000E+00 +0.000000E+00 -0.190384E-02 -0.153458E-03 +0.000000E+00 +0.358230E-02 +0.000000E+00 +0.000000E+00
 +0.148320E+01 -0.100640E+03 -0.204262E+03 -0.113434E+03 -0.104840E+03 +0.940883E+02 +0.000000E+00 +0.000000E+00 -0.188902E-02 -0.163298E-03 +0.000000E+00 +0.357536E-02 +0.000000E+00 +0.000000E+00
 +0.148320E+01 -0.100650E+03 -0.203243E+03 -0.113690E+03 -0.104588E+03 +0.939031E+02 +0.000000E+00 +0.000000E+00 -0.187445E-02 -0.172939E-03 +0.000000E+00 +0.356832E-02 +0.000000E+00 +0.000000E+00
 +0.148320E+01 -0.100660E+03 -0.202235E+03 -0.113939E+03 -0.104338E+03 +0.937161E+02 +0.000000E+00 +0.000000E+00 -0.186005E-02 -0.182432E-03 +0.000000E+00 +0.356121E-02 +0.000000E+00 +0.000000E+00
 +0.148320E+01 -0.100670E+03 -0.201241E+03 -0.114181E+03 -0.104089E+03 +0.935268E+02 +0.000000E+00 +0.000000E+00 -0.184588E-02 -0.191742E-03 +0.000000E+00 +0.355402E-02 +0.000000E+00 +0.000000E+00
 +0.148320E+01 -0.100680E+03 -0.200258E+03 -0.114417E+03 -0.103843E+03 +0.933357E+02 +0.000000E+00 +0.000000E+00 -0.183189E-02 -0.200909E-03 +0.000000E+00 +0.354676E-02 +0.000000E+00 +0.000000E+00
 +0.148320E+01 -0.100690E+03 -0.199287E+03 -0.114646E+03 -0.103598E+03 +0.931425E+02 +0.000000E+00 +0.000000E+00 -0.181810E-02 -0.209909E-03 +0.000000E+00 +0.353941E-02 +0.000000E+00 +0.000000E+00
 +0.148320E+01 -0.100700E+03 -0.198328E+03 -0.114869E+03 -0.103355E+03 +0.929475E+02 +0.000000E+00 +0.000000E+00 -0.180448E-02 -0.218770E-03 +0.000000E+00 +0.353201E-02 +0.000000E+00 +0.000000E+00
 +0.148320E+01 -0.100710E+03 -0.197379E+03 -0.115086E+03 -0.103114E+03 +0.927506E+02 +0.000000E+00 +0.000000E+00 -0.179105E-02 -0.227478E-03 +0.000000E+00 +0.352452E-02 +0.000000E+00 +0.000000E+00
 +0.148320E+01 -0.100720E+03 -0.196441E+03 -0.115297E+03 -0.102874E+03 +0.925520E+02 +0.000000E+00 +0.000000E+00 -0.177778E-02 -0.236050E-03 +0.000000E+00 +0.351697E-02 +0.000000E+00 +0.000000E+00
 +0.148320E+01 -0.100730E+03 -0.195514E+03 -0.115503E+03 -0.102636E+03 +0.923515E+02 +0.000000E+00 +0.000000E+00 -0.176469E-02 -0.244481E-03 +0.000000E+00 +0.350936E-02 +0.000000E+00 +0.000000E+00
 +0.148320E+01 -0.100740E+03 -0.194596E+03 -0.115703E+03 -0.102399E+03 +0.921493E+02 +0.000000E+00 +0.000000E+00 -0.175175E-02 -0.252781E-03 +0.000000E+00 +0.350167E-02 +0.000000E+00 +0.000000E+00
 +0.148320E+01 -0.100750E+03 -0.193689E+03 -0.115898E+03 -0.102164E+03 +0.919454E+02 +0.000000E+00 +0.000000E+00 -0.173898E-02 -0.260950E-03 +0.000000E+00 +0.349393E-02 +0.000000E+00 +0.000000E+00
 +0.148320E+01 -0.100760E+03 -0.192791E+03 -0.116087E+03 -0.101930E+03 +0.917398E+02 +0.000000E+00 +0.000000E+00 -0.172637E-02 -0.268990E-03 +0.000000E+00 +0.348611E-02 +0.000000E+00 +0.000000E+00
 +0.148320E+01 -0.100770E+03 -0.191903E+03 -0.116272E+03 -0.101698E+03 +0.915327E+02 +0.000000E+00 +0.000000E+00 -0.171390E-02 -0.276910E-03 +0.000000E+00 +0.347824E-02 +0.000000E+00 +0.000000E+00
 +0.148320E+01 -0.100780E+03 -0.191024E+03 -0.116451E+03 -0.101467E+03 +0.913238E+02 +0.000000E+00 +0.000000E+00 -0.170159E-02 -0.284704E-03 +0.000000E+00 +0.347030E-02 +0.000000E+00 +0.000000E+00
 +0.148320E+01 -0.100790E+03 -0.190153E+03 -0.116626E+03 -0.101237E+03 +0.911135E+02 +0.000000E+00 +0.000000E+00 -0.168941E-02 -0.292386E-03 +0.000000E+00 +0.346231E-02 +0.000000E+00 +0.000000E+00
 +0.148320E+01 -0.100800E+03 -0.189292E+03 -0.116796E+03 -0.101009E+03 +0.909014E+02 +0.000000E+00 +0.000000E+00 -0.167738E-02 -0.299945E-03 +0.000000E+00 +0.345425E-02 +0.000000E+00 +0.000000E+00
 +0.148320E+01 -0.100810E+03 -0.188439E+03 -0.116961E+03 -0.100782E+03 +0.906880E+02 +0.000000E+00 +0.000000E+00 -0.166548E-02 -0.307400E-03 +0.000000E+00 +0.344614E-02 +0.000000E+00 +0.000000E+00
 +0.148320E+01 -0.100820E+03 -0.187595E+03 -0.117121E+03 -0.100556E+03 +0.904730E+02 +0.000000E+00 +0.000000E+00 -0.165373E-02 -0.314734E-03 +0.000000E+00 +0.343797E-02 +0.000000E+00 +0.000000E+00
 +0.148320E+01 -0.100830E+03 -0.186758E+03 -0.117278E+03 -0.100332E+03 +0.902566E+02 +0.000000E+00 +0.000000E+00 -0.164210E-02 -0.321971E-03 +0.000000E+00 +0.342975E-02 +0.000000E+00 +0.000000E+00
 +0.148320E+01 -0.100840E+03 -0.185931E+03 -0.117429E+03 -0.100109E+03 +0.900386E+02 +0.000000E+00 +0.000000E+00 -0.163062E-02 -0.329089E-03 +0.000000E+00 +0.342147E-02 +0.000000E+00 +0.000000E+00
 +0.148320E+01 -0.100850E+03 -0.185110E+03 -0.117577E+03 -0.998866E+02 +0.898193E+02 +0.000000E+00 +0.000000E+00 -0.161924E-02 -0.336118E-03 +0.000000E+00 +0.341314E-02 +0.000000E+00 +0.000000E+00
 +0.148320E+01 -0.100860E+03 -0.184298E+03 -0.117720E+03 -0.996658E+02 +0.895985E+02 +0.000000E+00 +0.000000E+00 -0.160801E-02 -0.343029E-03 +0.000000E+00 +0.340474E-02 +0.000000E+00 +0.000000E+00
 +0.148320E+01 -0.100870E+03 -0.183492E+03 -0.117860E+03 -0.994460E+02 +0.893765E+02 +0.000000E+00 +0.000000E+00 -0.159687E-02 -0.349857E-03 +0.000000E+00 +0.339631E-02 +0.000000E+00 +0.000000E+00
 +0.148320E+01 -0.100880E+03 -0.182695E+03 -0.117994E+03 -0.992275E+02 +0.891529E+02 +0.000000E+00 +0.000000E+00 -0.158589E-02 -0.356568E-03 +0.000000E+00 +0.338781E-02 +0.000000E+00 +0.000000E+00
 +0.148320E+01 -0.100890E+03 -0.181904E+03 -0.118126E+03 -0.990099E+02 +0.889282E+02 +0.000000E+00 +0.000000E+00 -0.157499E-02 -0.363202E-03 +0.000000E+00 +0.337927E-02 +0.000000E+00 +0.000000E+00
 +0.148320E+01 -0.100900E+03 -0.181122E+03 -0.118253E+03 -0.987936E+02 +0.887020E+02 +0.000000E+00 +0.000000E+00 -0.156424E-02 -0.369721E-03 +0.000000E+00 +0.337068E-02 +0.000000E+00 +0.000000E+00
 +0.148320E+01 -0.100910E+03 -0.180345E+03 -0.118376E+03 -0.985781E+02 +0.884747E+02 +0.000000E+00 +0.000000E+00 -0.155357E-02 -0.376168E-03 +0.000000E+00 +0.336204E-02 +0.000000E+00 +0.000000E+00
 +0.148320E+01 -0.100920E+03 -0.179577E+03 -0.118496E+03 -0.983639E+02 +0.882460E+02 +0.000000E+00 +0.000000E+00 -0.154305E-02 -0.382501E-03 +0.000000E+00 +0.335335E-02 +0.000000E+00 +0.000000E+00
 +0.148320E+01 -0.100930E+03 -0.178814E+03 -0.118612E+03 -0.981505E+02 +0.880162E+02 +0.000000E+00 +0.000000E+00 -0.153260E-02 -0.388767E-03 +0.000000E+00 +0.334462E-02 +0.000000E+00 +0.000000E+00
 +0.148320E+01 -0.100940E+03 -0.178059E+03 -0.118724E+03 -0.979384E+02 +0.877850E+02 +0.000000E+00 +0.000000E+00 -0.152230E-02 -0.394920E-03 +0.000000E+00 +0.333583E-02 +0.000000E+00 +0.000000E+00
 +0.148320E+01 -0.100950E+03 -0.177309E+03 -0.118833E+03 -0.977269E+02 +0.875529E+02 +0.000000E+00 +0.000000E+00 -0.151207E-02 -0.401010E-03 +0.000000E+00 +0.332701E-02 +0.000000E+00 +0.000000E+00
 +0.148320E+01 -0.100960E+03 -0.176568E+03 -0.118937E+03 -0.975168E+02 +0.873193E+02 +0.000000E+00 +0.000000E+00 -0.150198E-02 -0.406989E-03 +0.000000E+00 +0.331813E-02 +0.000000E+00 +0.000000E+00
 +0.148320E+01 -0.100970E+03 -0.175831E+03 -0.119039E+03 -0.973073E+02 +0.870849E+02 +0.000000E+00 +0.000000E+00 -0.149196E-02 -0.412908E-03 +0.000000E+00 +0.330923E-02 +0.000000E+00 +0.000000E+00
 +0.148320E+01 -0.100980E+03 -0.175103E+03 -0.119137E+03 -0.970991E+02 +0.868490E+02 +0.000000E+00 +0.000000E+00 -0.148207E-02 -0.418718E-03 +0.000000E+00 +0.330026E-02 +0.000000E+00 +0.000000E+00
 +0.148320E+01 -0.100990E+03 -0.174378E+03 -0.119232E+03 -0.968915E+02 +0.866124E+02 +0.000000E+00 +0.000000E+00 -0.147225E-02 -0.424472E-03 +0.000000E+00 +0.329127E-02 +0.000000E+00 +0.000000E+00
 +0.148320E+01 -0.101000E+03 -0.173662E+03 -0.119323E+03 -0.966851E+02 +0.863744E+02 +0.000000E+00 +0.000000E+00 -0.146257E-02 -0.430117E-03 +0.000000E+00 +0.328223E-02 +0.000000E+00 +0.000000E+00
 +0.148320E+01 -0.101010E+03 -0.172950E+03 -0.119412E+03 -0.964794E+02 +0.861357E+02 +0.000000E+00 +0.000000E+00 -0.145295E-02 -0.435711E-03 +0.000000E+00 +0.327316E-02 +0.000000E+00 +0.000000E+00
 +0.148320E+01 -0.101020E+03 -0.172246E+03 -0.119496E+03 -0.962749E+02 +0.858956E+02 +0.000000E+00 +0.000000E+00 -0.144346E-02 -0.441195E-03 +0.000000E+00 +0.326403E-02 +0.000000E+00 +0.000000E+00
 +0.148320E+01 -0.101030E+03 -0.171546E+03 -0.119578E+03 -0.960709E+02 +0.856549E+02 +0.000000E+00 +0.000000E+00 -0.143403E-02 -0.446632E-03 +0.000000E+00 +0.325489E-02 +0.000000E+00 +0.000000E+00
 +0.148320E+01 -0.101040E+03 -0.170854E+03 -0.119656E+03 -0.958682E+02 +0.854128E+02 +0.000000E+00 +0.000000E+00 -0.142473E-02 -0.451961E-03 +0.000000E+00 +0.324569E-02 +0.000000E+00 +0.000000E+00
 +0.148320E+01 -0.101050E+03 -0.170165E+03 -0.119731E+03 -0.956660E+02 +0.851702E+02 +0.000000E+00 +0.000000E+00 -0.141549E-02 -0.457245E-03 +0.000000E+00 +0.323647E-02 +0.000000E+00 +0.000000E+00
 +0.148320E+01 -0.101060E+03 -0.169485E+03 -0.119803E+03 -0.954650E+02 +0.849263E+02 +0.000000E+00 +0.000000E+00 -0.140638E-02 -0.462422E-03 +0.000000E+00 +0.322720E-02 +0.000000E+00 +0.000000E+00
 +0.148320E+01 -0.101070E+03 -0.168808E+03 -0.119873E+03 -0.952645E+02 +0.846818E+02 +0.000000E+00 +0.000000E+00 -0.139732E-02 -0.467557E-03 +0.000000E+00 +0.321791E-02 +0.000000E+00 +0.000000E+00
 +0.148320E+01 -0.101080E+03 -0.168138E+03 -0.119938E+03 -0.950652E+02 +0.844361E+02 +0.000000E+00 +0.000000E+00 -0.138839E-02 -0.472585E-03 +0.000000E+00 +0.320857E-02 +0.000000E+00 +0.000000E+00
 +0.148320E+01 -0.101090E+03 -0.167472E+03 -0.120002E+03 -0.948664E+02 +0.841899E+02 +0.000000E+00 +0.000000E+00 -0.137951E-02 -0.477575E-03 +0.000000E+00 +0.319922E-02 +0.000000E+00 +0.000000E+00
 +0.148320E+01 -0.101100E+03 -0.166814E+03 -0.120061E+03 -0.946688E+02 +0.839425E+02 +0.000000E+00 +0.000000E+00 -0.137076E-02 -0.482458E-03 +0.000000E+00 +0.318982E-02 +0.000000E+00 +0.000000E+00
 +0.148320E+01 -0.101110E+03 -0.166158E+03 -0.120119E+03 -0.944717E+02 +0.836947E+02 +0.000000E+00 +0.000000E+00 -0.136205E-02 -0.487306E-03 +0.000000E+00 +0.318040E-02 +0.000000E+00 +0.000000E+00
 +0.148320E+01 -0.101120E+03 -0.165511E+03 -0.120173E+03 -0.942757E+02 +0.834458E+02 +0.000000E+00 +0.000000E+00 -0.135347E-02 -0.492048E-03 +0.000000E+00 +0.317094E-02 +0.000000E+00 +0.000000E+00
 +0.148320E+01 -0.101130E+03 -0.164866E+03 -0.120225E+03 -0.940802E+02 +0.831964E+02 +0.000000E+00 +0.000000E+00 -0.134493E-02 -0.496757E-03 +0.000000E+00 +0.316146E-02 +0.000000E+00 +0.000000E+00
 +0.148320E+01 -0.101140E+03 -0.164229E+03 -0.120273E+03 -0.938859E+02 +0.829460E+02 +0.000000E+00 +0.000000E+00 -0.133653E-02 -0.501360E-03 +0.000000E+00 +0.315195E-02 +0.000000E+00 +0.000000E+00
 +0.148320E+01 -0.101150E+03 -0.163595E+03 -0.120320E+03 -0.936919E+02 +0.826952E+02 +0.000000E+00 +0.000000E+00 -0.132816E-02 -0.505933E-03 +0.000000E+00 +0.314242E-02 +0.000000E+00 +0.000000E+00
 +0.148320E+01 -0.101160E+03 -0.162968E+03 -0.120362E+03 -0.934992E+02 +0.824433E+02 +0.000000E+00 +0.000000E+00 -0.131992E-02 -0.510402E-03 +0.000000E+00 +0.313285E-02 +0.000000E+00 +0.000000E+00
 +0.148320E+01 -0.101170E+03 -0.162344E+03 -0.120404E+03 -0.933068E+02 +0.821912E+02 +0.000000E+00 +0.000000E+00 -0.131171E-02 -0.514842E-03 +0.000000E+00 +0.312327E-02 +0.000000E+00 +0.000000E+00
 +0.148320E+01 -0.101180E+03 -0.161728E+03 -0.120441E+03 -0.931157E+02 +0.819380E+02 +0.000000E+00 +0.000000E+00 -0.130363E-02 -0.519178E-03 +0.000000E+00 +0.311365E-02 +0.000000E+00 +0.000000E+00
 +0.148320E+01 -0.101190E+03 -0.161114E+03 -0.120477E+03 -0.929248E+02 +0.816847E+02 +0.000000E+00 +0.000000E+00 -0.129559E-02 -0.523488E-03 +0.000000E+00 +0.310402E-02 +0.000000E+00 +0.000000E+00
 +0.148320E+01 -0.101200E+03 -0.160507E+03 -0.120509E+03 -0.927352E+02 +0.814303E+02 +0.000000E+00 +0.000000E+00 -0.128767E-02 -0.527695E-03 +0.000000E+00 +0.309435E-02 +0.000000E+00 +0.000000E+00
 +0.148320E+01 -0.101210E+03 -0.159903E+03 -0.120539E+03 -0.925459E+02 +0.811757E+02 +0.000000E+00 +0.000000E+00 -0.127978E-02 -0.531878E-03 +0.000000E+00 +0.308468E-02 +0.000000E+00 +0.000000E+00
 +0.148320E+01 -0.101220E+03 -0.159306E+03 -0.120566E+03 -0.923579E+02 +0.809203E+02 +0.000000E+00 +0.000000E+00 -0.127202E-02 -0.535957E-03 +0.000000E+00 +0.307497E-02 +0.000000E+00 +0.000000E+00
 +0.148320E+01 -0.101230E+03 -0.158711E+03 -0.120592E+03 -0.921701E+02 +0.806646E+02 +0.000000E+00 +0.000000E+00 -0.126428E-02 -0.540015E-03 +0.000000E+00 +0.306526E-02 +0.000000E+00 +0.000000E+00
 +0.148320E+01 -0.101240E+03 -0.158124E+03 -0.120614E+03 -0.919835E+02 +0.804082E+02 +0.000000E+00 +0.000000E+00 -0.125668E-02 -0.543971E-03 +0.000000E+00 +0.305551E-02 +0.000000E+00 +0.000000E+00
 +0.148320E+01 -0.101250E+03 -0.157539E+03 -0.120634E+03 -0.917972E+02 +0.801515E+02 +0.000000E+00 +0.000000E+00 -0.124909E-02 -0.547906E-03 +0.000000E+00 +0.304576E-02 +0.000000E+00 +0.000000E+00
 +0.148320E+01 -0.101260E+03 -0.156961E+03 -0.120651E+03 -0.916121E+02 +0.798941E+02 +0.000000E+00 +0.000000E+00 -0.124164E-02 -0.551740E-03 +0.000000E+00 +0.303598E-02 +0.000000E+00 +0.000000E+00
 +0.148320E+01 -0.101270E+03 -0.156385E+03 -0.120667E+03 -0.914273E+02 +0.796366E+02 +0.000000E+00 +0.000000E+00 -0.123420E-02 -0.555556E-03 +0.000000E+00 +0.302619E-02 +0.000000E+00 +0.000000E+00
 +0.148320E+01 -0.101280E+03 -0.155817E+03 -0.120679E+03 -0.912437E+02 +0.793783E+02 +0.000000E+00 +0.000000E+00 -0.122689E-02 -0.559270E-03 +0.000000E+00 +0.301638E-02 +0.000000E+00 +0.000000E+00
 +0.148320E+01 -0.101290E+03 -0.155250E+03 -0.120690E+03 -0.910603E+02 +0.791200E+02 +0.000000E+00 +0.000000E+00 -0.121961E-02 -0.562969E-03 +0.000000E+00 +0.300656E-02 +0.000000E+00 +0.000000E+00
 +0.148320E+01 -0.101300E+03 -0.154691E+03 -0.120697E+03 -0.908782E+02 +0.788610E+02 +0.000000E+00 +0.000000E+00 -0.121244E-02 -0.566566E-03 +0.000000E+00 +0.299672E-02 +0.000000E+00 +0.000000E+00
 +0.148320E+01 -0.101310E+03 -0.154133E+03 -0.120704E+03 -0.906962E+02 +0.786019E+02 +0.000000E+00 +0.000000E+00 -0.120530E-02 -0.570150E-03 +0.000000E+00 +0.298687E-02 +0.000000E+00 +0.000000E+00
 +0.148320E+01 -0.101320E+03 -0.153583E+03 -0.120707E+03 -0.905155E+02 +0.783423E+02 +0.000000E+00 +0.000000E+00 -0.119828E-02 -0.573632E-03 +0.000000E+00 +0.297701E-02 +0.000000E+00 +0.000000E+00
 +0.148320E+01 -0.101330E+03 -0.153034E+03 -0.120709E+03 -0.903350E+02 +0.780825E+02 +0.000000E+00 +0.000000E+00 -0.119127E-02 -0.577103E-03 +0.000000E+00 +0.296714E-02 +0.000000E+00 +0.000000E+00
 +0.148320E+01 -0.101340E+03 -0.152492E+03 -0.120707E+03 -0.901558E+02 +0.778223E+02 +0.000000E+00 +0.000000E+00 -0.118439E-02 -0.580473E-03 +0.000000E+00 +0.295725E-02 +0.000000E+00 +0.000000E+00
 +0.148320E+01 -0.101350E+03 -0.151952E+03 -0.120705E+03 -0.899767E+02 +0.775620E+02 +0.000000E+00 +0.000000E+00 -0.117753E-02 -0.583833E-03 +0.000000E+00 +0.294736E-02 +0.000000E+00 +0.000000E+00
 +0.148320E+01 -0.101360E+03 -0.151419E+03 -0.120698E+03 -0.897988E+02 +0.773013E+02 +0.000000E+00 +0.000000E+00 -0.117079E-02 -0.587093E-03 +0.000000E+00 +0.293745E-02 +0.000000E+00 +0.000000E+00
 +0.148320E+01 -0.101370E+03 -0.150887E+03 -0.120692E+03 -0.896211E+02 +0.770405E+02 +0.000000E+00 +0.000000E+00 -0.116406E-02 -0.590344E-03 +0.000000E+00 +0.292754E-02 +0.000000E+00 +0.000000E+00
 +0.148320E+01 -0.101380E+03 -0.150363E+03 -0.120681E+03 -0.894447E+02 +0.767794E+02 +0.000000E+00 +0.000000E+00 -0.115745E-02 -0.593496E-03 +0.000000E+00 +0.291762E-02 +0.000000E+00 +0.000000E+00
 +0.148320E+01 -0.101390E+03 -0.149840E+03 -0.120671E+03 -0.892684E+02 +0.765182E+02 +0.000000E+00 +0.000000E+00 -0.115086E-02 -0.596641E-03 +0.000000E+00 +0.290769E-02 +0.000000E+00 +0.000000E+00
 +0.148320E+01 -0.101400E+03 -0.149324E+03 -0.120656E+03 -0.890934E+02 +0.762567E+02 +0.000000E+00 +0.000000E+00 -0.114438E-02 -0.599686E-03 +0.000000E+00 +0.289776E-02 +0.000000E+00 +0.000000E+00
 +0.148320E+01 -0.101410E+03 -0.148809E+03 -0.120641E+03 -0.889184E+02 +0.759952E+02 +0.000000E+00 +0.000000E+00 -0.113792E-02 -0.602727E-03 +0.000000E+00 +0.288782E-02 +0.000000E+00 +0.000000E+00
 +0.148320E+01 -0.101420E+03 -0.148302E+03 -0.120622E+03 -0.887448E+02 +0.757335E+02 +0.000000E+00 +0.000000E+00 -0.113158E-02 -0.605669E-03 +0.000000E+00 +0.287787E-02 +0.000000E+00 +0.000000E+00
 +0.148320E+01 -0.101430E+03 -0.147795E+03 -0.120603E+03 -0.885712E+02 +0.754718E+02 +0.000000E+00 +0.000000E+00 -0.112524E-02 -0.608607E-03 +0.000000E+00 +0.286793E-02 +0.000000E+00 +0.000000E+00
 +0.148320E+01 -0.101440E+03 -0.147295E+03 -0.120580E+03 -0.883990E+02 +0.752098E+02 +0.000000E+00 +0.000000E+00 -0.111903E-02 -0.611447E-03 +0.000000E+00 +0.285797E-02 +0.000000E+00 +0.000000E+00
 +0.148320E+01 -0.101450E+03 -0.146796E+03 -0.120558E+03 -0.882268E+02 +0.749479E+02 +0.000000E+00 +0.000000E+00 -0.111282E-02 -0.614284E-03 +0.000000E+00 +0.284802E-02 +0.000000E+00 +0.000000E+00
 +0.148320E+01 -0.101460E+03 -0.146305E+03 -0.120531E+03 -0.880559E+02 +0.746859E+02 +0.000000E+00 +0.000000E+00 -0.110674E-02 -0.617024E-03 +0.000000E+00 +0.283806E-02 +0.000000E+00 +0.000000E+00
 +0.148320E+01 -0.101470E+03 -0.145814E+03 -0.120504E+03 -0.878850E+02 +0.744239E+02 +0.000000E+00 +0.000000E+00 -0.110065E-02 -0.619763E-03 +0.000000E+00 +0.282811E-02 +0.000000E+00 +0.000000E+00
 +0.148320E+01 -0.101480E+03 -0.145331E+03 -0.120474E+03 -0.877155E+02 +0.741619E+02 +0.000000E+00 +0.000000E+00 -0.109469E-02 -0.622405E-03 +0.000000E+00 +0.281815E-02 +0.000000E+00 +0.000000E+00
 +0.148320E+01 -0.101490E+03 -0.144848E+03 -0.120443E+03 -0.875460E+02 +0.738998E+02 +0.000000E+00 +0.000000E+00 -0.108873E-02 -0.625045E-03 +0.000000E+00 +0.280819E-02 +0.000000E+00 +0.000000E+00
 +0.148320E+01 -0.101500E+03 -0.144372E+03 -0.120409E+03 -0.873778E+02 +0.736378E+02 +0.000000E+00 +0.000000E+00 -0.108289E-02 -0.627593E-03 +0.000000E+00 +0.279824E-02 +0.000000E+00 +0.000000E+00
 +0.148320E+01 -0.101510E+03 -0.143897E+03 -0.120375E+03 -0.872097E+02 +0.733758E+02 +0.000000E+00 +0.000000E+00 -0.107706E-02 -0.630137E-03 +0.000000E+00 +0.278828E-02 +0.000000E+00 +0.000000E+00
 +0.148320E+01 -0.101520E+03 -0.143429E+03 -0.120337E+03 -0.870428E+02 +0.731139E+02 +0.000000E+00 +0.000000E+00 -0.107134E-02 -0.632592E-03 +0.000000E+00 +0.277833E-02 +0.000000E+00 +0.000000E+00
 +0.148320E+01 -0.101530E+03 -0.142961E+03 -0.120299E+03 -0.868760E+02 +0.728520E+02 +0.000000E+00 +0.000000E+00 -0.106562E-02 -0.635042E-03 +0.000000E+00 +0.276838E-02 +0.000000E+00 +0.000000E+00
 +0.148320E+01 -0.101540E+03 -0.142501E+03 -0.120258E+03 -0.867104E+02 +0.725903E+02 +0.000000E+00 +0.000000E+00 -0.106002E-02 -0.637405E-03 +0.000000E+00 +0.275843E-02 +0.000000E+00 +0.000000E+00
 +0.148320E+01 -0.101550E+03 -0.142041E+03 -0.120217E+03 -0.865449E+02 +0.723286E+02 +0.000000E+00 +0.000000E+00 -0.105442E-02 -0.639763E-03 +0.000000E+00 +0.274849E-02 +0.000000E+00 +0.000000E+00
 +0.148320E+01 -0.101560E+03 -0.141588E+03 -0.120172E+03 -0.863807E+02 +0.720671E+02 +0.000000E+00 +0.000000E+00 -0.104893E-02 -0.642037E-03 +0.000000E+00 +0.273855E-02 +0.000000E+00 +0.000000E+00
 +0.148320E+01 -0.101570E+03 -0.141135E+03 -0.120127E+03 -0.862165E+02 +0.718056E+02 +0.000000E+00 +0.000000E+00 -0.104345E-02 -0.644304E-03 +0.000000E+00 +0.272861E-02 +0.000000E+00 +0.000000E+00
 +0.148320E+01 -0.101580E+03 -0.140689E+03 -0.120079E+03 -0.860536E+02 +0.715445E+02 +0.000000E+00 +0.000000E+00 -0.103807E-02 -0.646490E-03 +0.000000E+00 +0.271869E-02 +0.000000E+00 +0.000000E+00
 +0.148320E+01 -0.101590E+03 -0.140244E+03 -0.120031E+03 -0.858907E+02 +0.712833E+02 +0.000000E+00 +0.000000E+00 -0.103271E-02 -0.648668E-03 +0.000000E+00 +0.270877E-02 +0.000000E+00 +0.000000E+00
 +0.148320E+01 -0.101600E+03 -0.139805E+03 -0.119980E+03 -0.857291E+02 +0.710225E+02 +0.000000E+00 +0.000000E+00 -0.102744E-02 -0.650768E-03 +0.000000E+00 +0.269885E-02 +0.000000E+00 +0.000000E+00
 +0.148320E+01 -0.101610E+03 -0.139367E+03 -0.119929E+03 -0.855675E+02 +0.707617E+02 +0.000000E+00 +0.000000E+00 -0.102219E-02 -0.652860E-03 +0.000000E+00 +0.268894E-02 +0.000000E+00 +0.000000E+00
 +0.148320E+01 -0.101620E+03 -0.138935E+03 -0.119874E+03 -0.854071E+02 +0.705013E+02 +0.000000E+00 +0.000000E+00 -0.101703E-02 -0.654875E-03 +0.000000E+00 +0.267905E-02 +0.000000E+00 +0.000000E+00
 +0.148320E+01 -0.101630E+03 -0.138504E+03 -0.119820E+03 -0.852469E+02 +0.702409E+02 +0.000000E+00 +0.000000E+00 -0.101189E-02 -0.656882E-03 +0.000000E+00 +0.266915E-02 +0.000000E+00 +0.000000E+00
 +0.148320E+01 -0.101640E+03 -0.138080E+03 -0.119762E+03 -0.850878E+02 +0.699810E+02 +0.000000E+00 +0.000000E+00 -0.100684E-02 -0.658814E-03 +0.000000E+00 +0.265928E-02 +0.000000E+00 +0.000000E+00
 +0.148320E+01 -0.101650E+03 -0.137656E+03 -0.119704E+03 -0.849288E+02 +0.697211E+02 +0.000000E+00 +0.000000E+00 -0.100181E-02 -0.660737E-03 +0.000000E+00 +0.264940E-02 +0.000000E+00 +0.000000E+00
 +0.148320E+01 -0.101660E+03 -0.137238E+03 -0.119644E+03 -0.847710E+02 +0.694617E+02 +0.000000E+00 +0.000000E+00 -0.996868E-03 -0.662589E-03 +0.000000E+00 +0.263954E-02 +0.000000E+00 +0.000000E+00
 +0.148320E+01 -0.101670E+03 -0.136821E+03 -0.119583E+03 -0.846133E+02 +0.692024E+02 +0.000000E+00 +0.000000E+00 -0.991940E-03 -0.664430E-03 +0.000000E+00 +0.262969E-02 +0.000000E+00 +0.000000E+00
 +0.148320E+01 -0.101680E+03 -0.136410E+03 -0.119520E+03 -0.844567E+02 +0.689435E+02 +0.000000E+00 +0.000000E+00 -0.987103E-03 -0.666202E-03 +0.000000E+00 +0.261985E-02 +0.000000E+00 +0.000000E+00
 +0.148320E+01 -0.101690E+03 -0.135999E+03 -0.119456E+03 -0.843004E+02 +0.686848E+02 +0.000000E+00 +0.000000E+00 -0.982281E-03 -0.667962E-03 +0.000000E+00 +0.261002E-02 +0.000000E+00 +0.000000E+00
 +0.148320E+01 -0.101700E+03 -0.135595E+03 -0.119390E+03 -0.841450E+02 +0.684266E+02 +0.000000E+00 +0.000000E+00 -0.977546E-03 -0.669657E-03 +0.000000E+00 +0.260021E-02 +0.000000E+00 +0.000000E+00
 +0.148320E+01 -0.101710E+03 -0.135191E+03 -0.119324E+03 -0.839899E+02 +0.681685E+02 +0.000000E+00 +0.000000E+00 -0.972827E-03 -0.671339E-03 +0.000000E+00 +0.259040E-02 +0.000000E+00 +0.000000E+00
 +0.148320E+01 -0.101720E+03 -0.134793E+03 -0.119255E+03 -0.838358E+02 +0.679110E+02 +0.000000E+00 +0.000000E+00 -0.968193E-03 -0.672957E-03 +0.000000E+00 +0.258062E-02 +0.000000E+00 +0.000000E+00
 +0.148320E+01 -0.101730E+03 -0.134396E+03 -0.119185E+03 -0.836819E+02 +0.676537E+02 +0.000000E+00 +0.000000E+00 -0.963576E-03 -0.674561E-03 +0.000000E+00 +0.257084E-02 +0.000000E+00 +0.000000E+00
 +0.148320E+01 -0.101740E+03 -0.134005E+03 -0.119114E+03 -0.835291E+02 +0.673969E+02 +0.000000E+00 +0.000000E+00 -0.959040E-03 -0.676105E-03 +0.000000E+00 +0.256108E-02 +0.000000E+00 +0.000000E+00
 +0.148320E+01 -0.101750E+03 -0.133615E+03 -0.119041E+03 -0.833765E+02 +0.671403E+02 +0.000000E+00 +0.000000E+00 -0.954524E-03 -0.677634E-03 +0.000000E+00 +0.255133E-02 +0.000000E+00 +0.000000E+00
 +0.148320E+01 -0.101760E+03 -0.133229E+03 -0.118967E+03 -0.832249E+02 +0.668843E+02 +0.000000E+00 +0.000000E+00 -0.950085E-03 -0.679104E-03 +0.000000E+00 +0.254160E-02 +0.000000E+00 +0.000000E+00
 +0.148320E+01 -0.101770E+03 -0.132845E+03 -0.118892E+03 -0.830735E+02 +0.666284E+02 +0.000000E+00 +0.000000E+00 -0.945667E-03 -0.680560E-03 +0.000000E+00 +0.253188E-02 +0.000000E+00 +0.000000E+00
 +0.148320E+01 -0.101780E+03 -0.132467E+03 -0.118816E+03 -0.829231E+02 +0.663733E+02 +0.000000E+00 +0.000000E+00 -0.941324E-03 -0.681958E-03 +0.000000E+00 +0.252218E-02 +0.000000E+00 +0.000000E+00
 +0.148320E+01 -0.101790E+03 -0.132089E+03 -0.118738E+03 -0.827730E+02 +0.661183E+02 +0.000000E+00 +0.000000E+00 -0.937003E-03 -0.683341E-03 +0.000000E+00 +0.251249E-02 +0.000000E+00 +0.000000E+00
 +0.148320E+01 -0.101800E+03 -0.131716E+03 -0.118659E+03 -0.826238E+02 +0.658640E+02 +0.000000E+00 +0.000000E+00 -0.932754E-03 -0.684669E-03 +0.000000E+00 +0.250283E-02 +0.000000E+00 +0.000000E+00
 +0.148320E+01 -0.101810E+03 -0.131345E+03 -0.118579E+03 -0.824749E+02 +0.656098E+02 +0.000000E+00 +0.000000E+00 -0.928527E-03 -0.685982E-03 +0.000000E+00 +0.249317E-02 +0.000000E+00 +0.000000E+00
 +0.148320E+01 -0.101820E+03 -0.130978E+03 -0.118498E+03 -0.823269E+02 +0.653564E+02 +0.000000E+00 +0.000000E+00 -0.924371E-03 -0.687241E-03 +0.000000E+00 +0.248354E-02 +0.000000E+00 +0.000000E+00
 +0.148320E+01 -0.101830E+03 -0.130613E+03 -0.118415E+03 -0.821793E+02 +0.651033E+02 +0.000000E+00 +0.000000E+00 -0.920238E-03 -0.688484E-03 +0.000000E+00 +0.247392E-02 +0.000000E+00 +0.000000E+00
 +0.148320E+01 -0.101840E+03 -0.130252E+03 -0.118331E+03 -0.820325E+02 +0.648508E+02 +0.000000E+00 +0.000000E+00 -0.916173E-03 -0.689676E-03 +0.000000E+00 +0.246433E-02 +0.000000E+00 +0.000000E+00
 +0.148320E+01 -0.101850E+03 -0.129893E+03 -0.118247E+03 -0.818861E+02 +0.645986E+02 +0.000000E+00 +0.000000E+00 -0.912131E-03 -0.690851E-03 +0.000000E+00 +0.245475E-02 +0.000000E+00 +0.000000E+00
 +0.148320E+01 -0.101860E+03 -0.129538E+03 -0.118160E+03 -0.817405E+02 +0.643471E+02 +0.000000E+00 +0.000000E+00 -0.908155E-03 -0.691977E-03 +0.000000E+00 +0.244519E-02 +0.000000E+00 +0.000000E+00
 +0.148320E+01 -0.101870E+03 -0.129185E+03 -0.118073E+03 -0.815952E+02 +0.640959E+02 +0.000000E+00 +0.000000E+00 -0.904203E-03 -0.693085E-03 +0.000000E+00 +0.243565E-02 +0.000000E+00 +0.000000E+00
 +0.148320E+01 -0.101880E+03 -0.128836E+03 -0.117985E+03 -0.814509E+02 +0.638455E+02 +0.000000E+00 +0.000000E+00 -0.900315E-03 -0.694147E-03 +0.000000E+00 +0.242613E-02 +0.000000E+00 +0.000000E+00
 +0.148320E+01 -0.101890E+03 -0.128489E+03 -0.117896E+03 -0.813068E+02 +0.635953E+02 +0.000000E+00 +0.000000E+00 -0.896452E-03 -0.695190E-03 +0.000000E+00 +0.241662E-02 +0.000000E+00 +0.000000E+00
 +0.148320E+01 -0.101900E+03 -0.128145E+03 -0.117805E+03 -0.811636E+02 +0.633459E+02 +0.000000E+00 +0.000000E+00 -0.892650E-03 -0.696189E-03 +0.000000E+00 +0.240714E-02 +0.000000E+00 +0.000000E+00
 +0.148320E+01 -0.101910E+03 -0.127804E+03 -0.117714E+03 -0.810208E+02 +0.630968E+02 +0.000000E+00 +0.000000E+00 -0.888874E-03 -0.697168E-03 +0.000000E+00 +0.239768E-02 +0.000000E+00 +0.000000E+00
 +0.148320E+01 -0.101920E+03 -0.127466E+03 -0.117621E+03 -0.808787E+02 +0.628485E+02 +0.000000E+00 +0.000000E+00 -0.885157E-03 -0.698105E-03 +0.000000E+00 +0.238824E-02 +0.000000E+00 +0.000000E+00
 +0.148320E+01 -0.101930E+03 -0.127130E+03 -0.117528E+03 -0.807371E+02 +0.626006E+02 +0.000000E+00 +0.000000E+00 -0.881467E-03 -0.699022E-03 +0.000000E+00 +0.237882E-02 +0.000000E+00 +0.000000E+00
 +0.148320E+01 -0.101940E+03 -0.126798E+03 -0.117433E+03 -0.805962E+02 +0.623534E+02 +0.000000E+00 +0.000000E+00 -0.877833E-03 -0.699899E-03 +0.000000E+00 +0.236943E-02 +0.000000E+00 +0.000000E+00
 +0.148320E+01 -0.101950E+03 -0.126468E+03 -0.117338E+03 -0.804557E+02 +0.621065E+02 +0.000000E+00 +0.000000E+00 -0.874227E-03 -0.700755E-03 +0.000000E+00 +0.236005E-02 +0.000000E+00 +0.000000E+00
 +0.148320E+01 -0.101960E+03 -0.126141E+03 -0.117241E+03 -0.803160E+02 +0.618605E+02 +0.000000E+00 +0.000000E+00 -0.870675E-03 -0.701572E-03 +0.000000E+00 +0.235070E-02 +0.000000E+00 +0.000000E+00
 +0.148320E+01 -0.101970E+03 -0.125816E+03 -0.117144E+03 -0.801767E+02 +0.616149E+02 +0.000000E+00 +0.000000E+00 -0.867151E-03 -0.702369E-03 +0.000000E+00 +0.234136E-02 +0.000000E+00 +0.000000E+00
 +0.148320E+01 -0.101980E+03 -0.125495E+03 -0.117045E+03 -0.800382E+02 +0.613700E+02 +0.000000E+00 +0.000000E+00 -0.863679E-03 -0.703128E-03 +0.000000E+00 +0.233206E-02 +0.000000E+00 +0.000000E+00
 +0.148320E+01 -0.101990E+03 -0.125176E+03 -0.116946E+03 -0.799000E+02 +0.611256E+02 +0.000000E+00 +0.000000E+00 -0.860236E-03 -0.703867E-03 +0.000000E+00 +0.232277E-02 +0.000000E+00 +0.000000E+00
 +0.148320E+01 -0.102000E+03 -0.124860E+03 -0.116845E+03 -0.797626E+02 +0.608819E+02 +0.000000E+00 +0.000000E+00 -0.856844E-03 -0.704570E-03 +0.000000E+00 +0.231351E-02 +0.000000E+00 +0.000000E+00
 +0.148320E+01 -0.102010E+03 -0.124546E+03 -0.116744E+03 -0.796256E+02 +0.606387E+02 +0.000000E+00 +0.000000E+00 -0.853480E-03 -0.705252E-03 +0.000000E+00 +0.230427E-02 +0.000000E+00 +0.000000E+00
 +0.148320E+01 -0.102020E+03 -0.124235E+03 -0.116642E+03 -0.794894E+02 +0.603962E+02 +0.000000E+00 +0.000000E+00 -0.850166E-03 -0.705899E-03 +0.000000E+00 +0.229506E-02 +0.000000E+00 +0.000000E+00
 +0.148320E+01 -0.102030E+03 -0.123926E+03 -0.116539E+03 -0.793535E+02 +0.601543E+02 +0.000000E+00 +0.000000E+00 -0.846881E-03 -0.706525E-03 +0.000000E+00 +0.228586E-02 +0.000000E+00 +0.000000E+00
 +0.148320E+01 -0.102040E+03 -0.123621E+03 -0.116435E+03 -0.792184E+02 +0.599131E+02 +0.000000E+00 +0.000000E+00 -0.843642E-03 -0.707117E-03 +0.000000E+00 +0.227670E-02 +0.000000E+00 +0.000000E+00
 +0.148320E+01 -0.102050E+03 -0.123317E+03 -0.116330E+03 -0.790837E+02 +0.596723E+02 +0.000000E+00 +0.000000E+00 -0.840434E-03 -0.707689E-03 +0.000000E+00 +0.226755E-02 +0.000000E+00 +0.000000E+00
 +0.148320E+01 -0.102060E+03 -0.123017E+03 -0.116225E+03 -0.789497E+02 +0.594324E+02 +0.000000E+00 +0.000000E+00 -0.837271E-03 -0.708228E-03 +0.000000E+00 +0.225843E-02 +0.000000E+00 +0.000000E+00
 +0.148320E+01 -0.102070E+03 -0.122718E+03 -0.116119E+03 -0.788161E+02 +0.591930E+02 +0.000000E+00 +0.000000E+00 -0.834139E-03 -0.708746E-03 +0.000000E+00 +0.224933E-02 +0.000000E+00 +0.000000E+00
 +0.148320E+01 -0.102080E+03 -0.122423E+03 -0.116011E+03 -0.786832E+02 +0.589543E+02 +0.000000E+00 +0.000000E+00 -0.831050E-03 -0.709234E-03 +0.000000E+00 +0.224026E-02 +0.000000E+00 +0.000000E+00
 +0.148320E+01 -0.102090E+03 -0.122129E+03 -0.115903E+03 -0.785508E+02 +0.587161E+02 +0.000000E+00 +0.000000E+00 -0.827992E-03 -0.709699E-03 +0.000000E+00 +0.223121E-02 +0.000000E+00 +0.000000E+00
 +0.148320E+01 -0.102100E+03 -0.121839E+03 -0.115794E+03 -0.784190E+02 +0.584786E+02 +0.000000E+00 +0.000000E+00 -0.824976E-03 -0.710135E-03 +0.000000E+00 +0.222219E-02 +0.000000E+00 +0.000000E+00
 +0.148320E+01 -0.102110E+03 -0.121550E+03 -0.115685E+03 -0.782876E+02 +0.582417E+02 +0.000000E+00 +0.000000E+00 -0.821991E-03 -0.710548E-03 +0.000000E+00 +0.221318E-02 +0.000000E+00 +0.000000E+00
 +0.148320E+01 -0.102120E+03 -0.121265E+03 -0.115574E+03 -0.781569E+02 +0.580054E+02 +0.000000E+00 +0.000000E+00 -0.819048E-03 -0.710933E-03 +0.000000E+00 +0.220421E-02 +0.000000E+00 +0.000000E+00
 +0.148320E+01 -0.102130E+03 -0.120981E+03 -0.115463E+03 -0.780267E+02 +0.577697E+02 +0.000000E+00 +0.000000E+00 -0.816136E-03 -0.711296E-03 +0.000000E+00 +0.219525E-02 +0.000000E+00 +0.000000E+00
 +0.148320E+01 -0.102140E+03 -0.120700E+03 -0.115351E+03 -0.778970E+02 +0.575345E+02 +0.000000E+00 +0.000000E+00 -0.813263E-03 -0.711630E-03 +0.000000E+00 +0.218631E-02 +0.000000E+00 +0.000000E+00
 +0.148320E+01 -0.102150E+03 -0.120422E+03 -0.115238E+03 -0.777679E+02 +0.572999E+02 +0.000000E+00 +0.000000E+00 -0.810423E-03 -0.711942E-03 +0.000000E+00 +0.217740E-02 +0.000000E+00 +0.000000E+00
 +0.148320E+01 -0.102160E+03 -0.120146E+03 -0.115125E+03 -0.776392E+02 +0.570658E+02 +0.000000E+00 +0.000000E+00 -0.807620E-03 -0.712227E-03 +0.000000E+00 +0.216850E-02 +0.000000E+00 +0.000000E+00
 +0.148320E+01 -0.102170E+03 -0.119872E+03 -0.115010E+03 -0.775111E+02 +0.568320E+02 +0.000000E+00 +0.000000E+00 -0.804850E-03 -0.712488E-03 +0.000000E+00 +0.215962E-02 +0.000000E+00 +0.000000E+00
 +0.148320E+01 -0.102180E+03 -0.119600E+03 -0.114895E+03 -0.773835E+02 +0.565987E+02 +0.000000E+00 +0.000000E+00 -0.802115E-03 -0.712725E-03 +0.000000E+00 +0.215075E-02 +0.000000E+00 +0.000000E+00
 +0.148320E+01 -0.102190E+03 -0.119331E+03 -0.114779E+03 -0.772563E+02 +0.563660E+02 +0.000000E+00 +0.000000E+00 -0.799410E-03 -0.712940E-03 +0.000000E+00 +0.214191E-02 +0.000000E+00 +0.000000E+00
 +0.148320E+01 -0.102200E+03 -0.119063E+03 -0.114663E+03 -0.771296E+02 +0.561340E+02 +0.000000E+00 +0.000000E+00 -0.796737E-03 -0.713133E-03 +0.000000E+00 +0.213309E-02 +0.000000E+00 +0.000000E+00
 +0.148320E+01 -0.102210E+03 -0.118786E+03 -0.114542E+03 -0.769984E+02 +0.558772E+02 +0.000000E+00 +0.000000E+00 -0.793970E-03 -0.713332E-03 +0.000000E+00 +0.212333E-02 +0.000000E+00 +0.000000E+00
 +0.148320E+01 -0.102220E+03 -0.118500E+03 -0.114418E+03 -0.768629E+02 +0.555963E+02 +0.000000E+00 +0.000000E+00 -0.791112E-03 -0.713538E-03 +0.000000E+00 +0.211266E-02 +0.000000E+00 +0.000000E+00
 +0.148320E+01 -0.102230E+03 -0.118238E+03 -0.114297E+03 -0.767366E+02 +0.553702E+02 +0.000000E+00 +0.000000E+00 -0.788523E-03 -0.713655E-03 +0.000000E+00 +0.210407E-02 +0.000000E+00 +0.000000E+00
 +0.148320E+01 -0.102240E+03 -0.117998E+03 -0.114183E+03 -0.766195E+02 +0.551934E+02 +0.000000E+00 +0.000000E+00 -0.786184E-03 -0.713701E-03 +0.000000E+00 +0.209735E-02 +0.000000E+00 +0.000000E+00
 +0.148320E+01 -0.102250E+03 -0.117767E+03 -0.114095E+03 -0.765142E+02 +0.549803E+02 +0.000000E+00 +0.000000E+00 -0.783795E-03 -0.714028E-03 +0.000000E+00 +0.208925E-02 +0.000000E+00 +0.000000E+00
 +0.148320E+01 -0.102260E+03 -0.117519E+03 -0.113983E+03 -0.763959E+02 +0.547413E+02 +0.000000E+00 +0.000000E+00 -0.781342E-03 -0.714165E-03 +0.000000E+00 +0.208017E-02 +0.000000E+00 +0.000000E+00
 +0.148320E+01 -0.102270E+03 -0.117287E+03 -0.113861E+03 -0.762790E+02 +0.545254E+02 +0.000000E+00 +0.000000E+00 -0.779154E-03 -0.714066E-03 +0.000000E+00 +0.207197E-02 +0.000000E+00 +0.000000E+00
 +0.148320E+01 -0.102280E+03 -0.117058E+03 -0.113724E+03 -0.761581E+02 +0.543160E+02 +0.000000E+00 +0.000000E+00 -0.777095E-03 -0.713758E-03 +0.000000E+00 +0.206401E-02 +0.000000E+00 +0.000000E+00
 +0.148320E+01 -0.102290E+03 -0.116791E+03 -0.113579E+03 -0.760221E+02 +0.540888E+02 +0.000000E+00 +0.000000E+00 -0.774600E-03 -0.713590E-03 +0.000000E+00 +0.205537E-02 +0.000000E+00 +0.000000E+00
 +0.148320E+01 -0.102300E+03 -0.116510E+03 -0.113433E+03 -0.758813E+02 +0.538359E+02 +0.000000E+00 +0.000000E+00 -0.771954E-03 -0.713480E-03 +0.000000E+00 +0.204576E-02 +0.000000E+00 +0.000000E+00
 +0.148320E+01 -0.102310E+03 -0.116266E+03 -0.113317E+03 -0.757625E+02 +0.536038E+02 +0.000000E+00 +0.000000E+00 -0.769571E-03 -0.713537E-03 +0.000000E+00 +0.203694E-02 +0.000000E+00 +0.000000E+00
 +0.148320E+01 -0.102320E+03 -0.116049E+03 -0.113224E+03 -0.756601E+02 +0.533871E+02 +0.000000E+00 +0.000000E+00 -0.767385E-03 -0.713718E-03 +0.000000E+00 +0.202871E-02 +0.000000E+00 +0.000000E+00
 +0.148320E+01 -0.102330E+03 -0.115829E+03 -0.113128E+03 -0.755559E+02 +0.531644E+02 +0.000000E+00 +0.000000E+00 -0.765196E-03 -0.713868E-03 +0.000000E+00 +0.202025E-02 +0.000000E+00 +0.000000E+00
 +0.148320E+01 -0.102340E+03 -0.115601E+03 -0.113025E+03 -0.754464E+02 +0.529442E+02 +0.000000E+00 +0.000000E+00 -0.762934E-03 -0.713986E-03 +0.000000E+00 +0.201188E-02 +0.000000E+00 +0.000000E+00
 +0.148320E+01 -0.102350E+03 -0.115365E+03 -0.112917E+03 -0.753332E+02 +0.527309E+02 +0.000000E+00 +0.000000E+00 -0.760605E-03 -0.714098E-03 +0.000000E+00 +0.200377E-02 +0.000000E+00 +0.000000E+00
 +0.148320E+01 -0.102360E+03 -0.115129E+03 -0.112810E+03 -0.752199E+02 +0.525175E+02 +0.000000E+00 +0.000000E+00 -0.758276E-03 -0.714210E-03 +0.000000E+00 +0.199566E-02 +0.000000E+00 +0.000000E+00
 +0.148320E+01 -0.102370E+03 -0.114892E+03 -0.112688E+03 -0.751015E+02 +0.523036E+02 +0.000000E+00 +0.000000E+00 -0.756019E-03 -0.714150E-03 +0.000000E+00 +0.198754E-02 +0.000000E+00 +0.000000E+00
 +0.148320E+01 -0.102380E+03 -0.114667E+03 -0.112544E+03 -0.749794E+02 +0.520902E+02 +0.000000E+00 +0.000000E+00 -0.754058E-03 -0.713721E-03 +0.000000E+00 +0.197943E-02 +0.000000E+00 +0.000000E+00
 +0.148320E+01 -0.102390E+03 -0.114446E+03 -0.112401E+03 -0.748595E+02 +0.518771E+02 +0.000000E+00 +0.000000E+00 -0.752138E-03 -0.713293E-03 +0.000000E+00 +0.197133E-02 +0.000000E+00 +0.000000E+00
 +0.148320E+01 -0.102400E+03 -0.114217E+03 -0.112251E+03 -0.747344E+02 +0.516628E+02 +0.000000E+00 +0.000000E+00 -0.750166E-03 -0.712815E-03 +0.000000E+00 +0.196319E-02 +0.000000E+00 +0.000000E+00
 +0.148320E+01 -0.102410E+03 -0.113982E+03 -0.112113E+03 -0.746113E+02 +0.514465E+02 +0.000000E+00 +0.000000E+00 -0.748041E-03 -0.712531E-03 +0.000000E+00 +0.195497E-02 +0.000000E+00 +0.000000E+00
 +0.148320E+01 -0.102420E+03 -0.113749E+03 -0.111978E+03 -0.744902E+02 +0.512187E+02 +0.000000E+00 +0.000000E+00 -0.745925E-03 -0.712277E-03 +0.000000E+00 +0.194631E-02 +0.000000E+00 +0.000000E+00
 +0.148320E+01 -0.102430E+03 -0.113517E+03 -0.111844E+03 -0.743691E+02 +0.509908E+02 +0.000000E+00 +0.000000E+00 -0.743808E-03 -0.712022E-03 +0.000000E+00 +0.193765E-02 +0.000000E+00 +0.000000E+00
 +0.148320E+01 -0.102440E+03 -0.113284E+03 -0.111709E+03 -0.742480E+02 +0.507630E+02 +0.000000E+00 +0.000000E+00 -0.741692E-03 -0.711768E-03 +0.000000E+00 +0.192899E-02 +0.000000E+00 +0.000000E+00
 +0.148320E+01 -0.102450E+03 -0.113078E+03 -0.111582E+03 -0.741378E+02 +0.505504E+02 +0.000000E+00 +0.000000E+00 -0.739869E-03 -0.711435E-03 +0.000000E+00 +0.192092E-02 +0.000000E+00 +0.000000E+00
 +0.148320E+01 -0.102460E+03 -0.112860E+03 -0.111428E+03 -0.740148E+02 +0.503459E+02 +0.000000E+00 +0.000000E+00 -0.738053E-03 -0.710843E-03 +0.000000E+00 +0.191314E-02 +0.000000E+00 +0.000000E+00
 +0.148320E+01 -0.102470E+03 -0.112634E+03 -0.111262E+03 -0.738859E+02 +0.501434E+02 +0.000000E+00 +0.000000E+00 -0.736217E-03 -0.710155E-03 +0.000000E+00 +0.190545E-02 +0.000000E+00 +0.000000E+00
 +0.148320E+01 -0.102480E+03 -0.112409E+03 -0.111097E+03 -0.737569E+02 +0.499408E+02 +0.000000E+00 +0.000000E+00 -0.734380E-03 -0.709467E-03 +0.000000E+00 +0.189775E-02 +0.000000E+00 +0.000000E+00
 +0.148320E+01 -0.102490E+03 -0.112182E+03 -0.110951E+03 -0.736337E+02 +0.497412E+02 +0.000000E+00 +0.000000E+00 -0.732411E-03 -0.709024E-03 +0.000000E+00 +0.189016E-02 +0.000000E+00 +0.000000E+00
 +0.148320E+01 -0.102500E+03 -0.111954E+03 -0.110821E+03 -0.735155E+02 +0.495440E+02 +0.000000E+00 +0.000000E+00 -0.730326E-03 -0.708796E-03 +0.000000E+00 +0.188267E-02 +0.000000E+00 +0.000000E+00
 +0.148320E+01 -0.102510E+03 -0.111726E+03 -0.110690E+03 -0.733974E+02 +0.493469E+02 +0.000000E+00 +0.000000E+00 -0.728241E-03 -0.708568E-03 +0.000000E+00 +0.187518E-02 +0.000000E+00 +0.000000E+00
 +0.148320E+01 -0.102520E+03 -0.111511E+03 -0.110567E+03 -0.732859E+02 +0.491440E+02 +0.000000E+00 +0.000000E+00 -0.726279E-03 -0.708349E-03 +0.000000E+00 +0.186747E-02 +0.000000E+00 +0.000000E+00
 +0.148320E+01 -0.102530E+03 -0.111308E+03 -0.110451E+03 -0.731802E+02 +0.489362E+02 +0.000000E+00 +0.000000E+00 -0.724419E-03 -0.708138E-03 +0.000000E+00 +0.185958E-02 +0.000000E+00 +0.000000E+00
 +0.148320E+01 -0.102540E+03 -0.111091E+03 -0.110324E+03 -0.730672E+02 +0.487333E+02 +0.000000E+00 +0.000000E+00 -0.722462E-03 -0.707884E-03 +0.000000E+00 +0.185187E-02 +0.000000E+00 +0.000000E+00
 +0.148320E+01 -0.102550E+03 -0.110873E+03 -0.110196E+03 -0.729527E+02 +0.485315E+02 +0.000000E+00 +0.000000E+00 -0.720483E-03 -0.707621E-03 +0.000000E+00 +0.184420E-02 +0.000000E+00 +0.000000E+00
 +0.148320E+01 -0.102560E+03 -0.110654E+03 -0.110067E+03 -0.728381E+02 +0.483297E+02 +0.000000E+00 +0.000000E+00 -0.718504E-03 -0.707358E-03 +0.000000E+00 +0.183653E-02 +0.000000E+00 +0.000000E+00
 +0.148320E+01 -0.102570E+03 -0.110469E+03 -0.109966E+03 -0.727435E+02 +0.481253E+02 +0.000000E+00 +0.000000E+00 -0.716787E-03 -0.707223E-03 +0.000000E+00 +0.182876E-02 +0.000000E+00 +0.000000E+00
 +0.148320E+01 -0.102580E+03 -0.110280E+03 -0.109834E+03 -0.726377E+02 +0.479224E+02 +0.000000E+00 +0.000000E+00 -0.715199E-03 -0.706738E-03 +0.000000E+00 +0.182105E-02 +0.000000E+00 +0.000000E+00
 +0.148320E+01 -0.102590E+03 -0.110087E+03 -0.109690E+03 -0.725267E+02 +0.477201E+02 +0.000000E+00 +0.000000E+00 -0.713654E-03 -0.706112E-03 +0.000000E+00 +0.181337E-02 +0.000000E+00 +0.000000E+00
 +0.148320E+01 -0.102600E+03 -0.109897E+03 -0.109547E+03 -0.724165E+02 +0.475175E+02 +0.000000E+00 +0.000000E+00 -0.712124E-03 -0.705484E-03 +0.000000E+00 +0.180566E-02 +0.000000E+00 +0.000000E+00
 +0.148320E+01 -0.102610E+03 -0.109719E+03 -0.109410E+03 -0.723124E+02 +0.473114E+02 +0.000000E+00 +0.000000E+00 -0.710726E-03 -0.704845E-03 +0.000000E+00 +0.179783E-02 +0.000000E+00 +0.000000E+00
 +0.148320E+01 -0.102620E+03 -0.109541E+03 -0.109272E+03 -0.722084E+02 +0.471053E+02 +0.000000E+00 +0.000000E+00 -0.709327E-03 -0.704207E-03 +0.000000E+00 +0.179000E-02 +0.000000E+00 +0.000000E+00
 +0.148320E+01 -0.102630E+03 -0.109361E+03 -0.109121E+03 -0.720991E+02 +0.469142E+02 +0.000000E+00 +0.000000E+00 -0.707971E-03 -0.703425E-03 +0.000000E+00 +0.178274E-02 +0.000000E+00 +0.000000E+00
 +0.148320E+01 -0.102640E+03 -0.109195E+03 -0.108999E+03 -0.720041E+02 +0.467490E+02 +0.000000E+00 +0.000000E+00 -0.706625E-03 -0.702910E-03 +0.000000E+00 +0.177646E-02 +0.000000E+00 +0.000000E+00
 +0.148320E+01 -0.102650E+03 -0.109043E+03 -0.108883E+03 -0.719157E+02 +0.465670E+02 +0.000000E+00 +0.000000E+00 -0.705425E-03 -0.702379E-03 +0.000000E+00 +0.176955E-02 +0.000000E+00 +0.000000E+00
 +0.148320E+01 -0.102660E+03 -0.108892E+03 -0.108767E+03 -0.718273E+02 +0.463850E+02 +0.000000E+00 +0.000000E+00 -0.704225E-03 -0.701848E-03 +0.000000E+00 +0.176263E-02 +0.000000E+00 +0.000000E+00
 +0.148320E+01 -0.102670E+03 -0.108740E+03 -0.108650E+03 -0.717389E+02 +0.462030E+02 +0.000000E+00 +0.000000E+00 -0.703025E-03 -0.701317E-03 +0.000000E+00 +0.175572E-02 +0.000000E+00 +0.000000E+00
 +0.148320E+01 -0.102680E+03 -0.108589E+03 -0.108534E+03 -0.716505E+02 +0.460210E+02 +0.000000E+00 +0.000000E+00 -0.701826E-03 -0.700786E-03 +0.000000E+00 +0.174880E-02 +0.000000E+00 +0.000000E+00
 +0.148320E+01 -0.102690E+03 -0.108421E+03 -0.108401E+03 -0.715511E+02 +0.458378E+02 +0.000000E+00 +0.000000E+00 -0.700522E-03 -0.700146E-03 +0.000000E+00 +0.174184E-02 +0.000000E+00 +0.000000E+00
 +0.148320E+01 -0.102700E+03 -0.108237E+03 -0.108252E+03 -0.714411E+02 +0.456534E+02 +0.000000E+00 +0.000000E+00 -0.699115E-03 -0.699398E-03 +0.000000E+00 +0.173483E-02 +0.000000E+00 +0.000000E+00
 +0.148320E+01 -0.102710E+03 -0.108053E+03 -0.108102E+03 -0.713311E+02 +0.454690E+02 +0.000000E+00 +0.000000E+00 -0.697709E-03 -0.698650E-03 +0.000000E+00 +0.172782E-02 +0.000000E+00 +0.000000E+00
 +0.148320E+01 -0.102720E+03 -0.107869E+03 -0.107953E+03 -0.712213E+02 +0.452843E+02 +0.000000E+00 +0.000000E+00 -0.696308E-03 -0.697902E-03 +0.000000E+00 +0.172080E-02 +0.000000E+00 +0.000000E+00
 +0.148320E+01 -0.102730E+03 -0.107711E+03 -0.107816E+03 -0.711239E+02 +0.450812E+02 +0.000000E+00 +0.000000E+00 -0.695154E-03 -0.697150E-03 +0.000000E+00 +0.171309E-02 +0.000000E+00 +0.000000E+00
 +0.148320E+01 -0.102740E+03 -0.107553E+03 -0.107679E+03 -0.710265E+02 +0.448782E+02 +0.000000E+00 +0.000000E+00 -0.694000E-03 -0.696398E-03 +0.000000E+00 +0.170537E-02 +0.000000E+00 +0.000000E+00
 +0.148320E+01 -0.102750E+03 -0.107395E+03 -0.107542E+03 -0.709293E+02 +0.446785E+02 +0.000000E+00 +0.000000E+00 -0.692851E-03 -0.695644E-03 +0.000000E+00 +0.169778E-02 +0.000000E+00 +0.000000E+00
 +0.148320E+01 -0.102760E+03 -0.107238E+03 -0.107405E+03 -0.708323E+02 +0.444844E+02 +0.000000E+00 +0.000000E+00 -0.691708E-03 -0.694888E-03 +0.000000E+00 +0.169041E-02 +0.000000E+00 +0.000000E+00
 +0.148320E+01 -0.102770E+03 -0.107081E+03 -0.107268E+03 -0.707352E+02 +0.442903E+02 +0.000000E+00 +0.000000E+00 -0.690564E-03 -0.694132E-03 +0.000000E+00 +0.168303E-02 +0.000000E+00 +0.000000E+00
 +0.148320E+01 -0.102780E+03 -0.106923E+03 -0.107142E+03 -0.706416E+02 +0.440854E+02 +0.000000E+00 +0.000000E+00 -0.689354E-03 -0.693508E-03 +0.000000E+00 +0.167525E-02 +0.000000E+00 +0.000000E+00
 +0.148320E+01 -0.102790E+03 -0.106766E+03 -0.107020E+03 -0.705492E+02 +0.438763E+02 +0.000000E+00 +0.000000E+00 -0.688118E-03 -0.692937E-03 +0.000000E+00 +0.166730E-02 +0.000000E+00 +0.000000E+00
 +0.148320E+01 -0.102800E+03 -0.106609E+03 -0.106897E+03 -0.704569E+02 +0.436672E+02 +0.000000E+00 +0.000000E+00 -0.686882E-03 -0.692365E-03 +0.000000E+00 +0.165935E-02 +0.000000E+00 +0.000000E+00
 +0.148320E+01 -0.102810E+03 -0.106451E+03 -0.106775E+03 -0.703645E+02 +0.434581E+02 +0.000000E+00 +0.000000E+00 -0.685646E-03 -0.691793E-03 +0.000000E+00 +0.165141E-02 +0.000000E+00 +0.000000E+00
 +0.148320E+01 -0.102820E+03 -0.106294E+03 -0.106652E+03 -0.702722E+02 +0.432490E+02 +0.000000E+00 +0.000000E+00 -0.684410E-03 -0.691221E-03 +0.000000E+00 +0.164346E-02 +0.000000E+00 +0.000000E+00
 +0.148320E+01 -0.102830E+03 -0.106142E+03 -0.106526E+03 -0.701805E+02 +0.430516E+02 +0.000000E+00 +0.000000E+00 -0.683264E-03 -0.690572E-03 +0.000000E+00 +0.163596E-02 +0.000000E+00 +0.000000E+00
 +0.148320E+01 -0.102840E+03 -0.105999E+03 -0.106395E+03 -0.700899E+02 +0.428732E+02 +0.000000E+00 +0.000000E+00 -0.682266E-03 -0.689797E-03 +0.000000E+00 +0.162918E-02 +0.000000E+00 +0.000000E+00
 +0.148320E+01 -0.102850E+03 -0.105856E+03 -0.106264E+03 -0.699993E+02 +0.426948E+02 +0.000000E+00 +0.000000E+00 -0.681269E-03 -0.689021E-03 +0.000000E+00 +0.162240E-02 +0.000000E+00 +0.000000E+00
 +0.148320E+01 -0.102860E+03 -0.105712E+03 -0.106132E+03 -0.699087E+02 +0.425165E+02 +0.000000E+00 +0.000000E+00 -0.680271E-03 -0.688245E-03 +0.000000E+00 +0.161563E-02 +0.000000E+00 +0.000000E+00
 +0.148320E+01 -0.102870E+03 -0.105569E+03 -0.106001E+03 -0.698181E+02 +0.423381E+02 +0.000000E+00 +0.000000E+00 -0.679273E-03 -0.687469E-03 +0.000000E+00 +0.160885E-02 +0.000000E+00 +0.000000E+00
 +0.148320E+01 -0.102880E+03 -0.105426E+03 -0.105869E+03 -0.697275E+02 +0.421598E+02 +0.000000E+00 +0.000000E+00 -0.678276E-03 -0.686694E-03 +0.000000E+00 +0.160207E-02 +0.000000E+00 +0.000000E+00
 +0.148320E+01 -0.102890E+03 -0.105282E+03 -0.105735E+03 -0.696357E+02 +0.419803E+02 +0.000000E+00 +0.000000E+00 -0.677290E-03 -0.685881E-03 +0.000000E+00 +0.159525E-02 +0.000000E+00 +0.000000E+00
 +0.148320E+01 -0.102900E+03 -0.105135E+03 -0.105583E+03 -0.695371E+02 +0.417950E+02 +0.000000E+00 +0.000000E+00 -0.676363E-03 -0.684878E-03 +0.000000E+00 +0.158821E-02 +0.000000E+00 +0.000000E+00
 +0.148320E+01 -0.102910E+03 -0.104988E+03 -0.105432E+03 -0.694385E+02 +0.416097E+02 +0.000000E+00 +0.000000E+00 -0.675437E-03 -0.683875E-03 +0.000000E+00 +0.158117E-02 +0.000000E+00 +0.000000E+00
 +0.148320E+01 -0.102920E+03 -0.104866E+03 -0.105299E+03 -0.693545E+02 +0.414292E+02 +0.000000E+00 +0.000000E+00 -0.674724E-03 -0.682943E-03 +0.000000E+00 +0.157431E-02 +0.000000E+00 +0.000000E+00
 +0.148320E+01 -0.102930E+03 -0.104751E+03 -0.105170E+03 -0.692740E+02 +0.412498E+02 +0.000000E+00 +0.000000E+00 -0.674063E-03 -0.682029E-03 +0.000000E+00 +0.156749E-02 +0.000000E+00 +0.000000E+00
 +0.148320E+01 -0.102940E+03 -0.104621E+03 -0.105035E+03 -0.691864E+02 +0.410713E+02 +0.000000E+00 +0.000000E+00 -0.673255E-03 -0.681123E-03 +0.000000E+00 +0.156071E-02 +0.000000E+00 +0.000000E+00
 +0.148320E+01 -0.102950E+03 -0.104481E+03 -0.104895E+03 -0.690940E+02 +0.408932E+02 +0.000000E+00 +0.000000E+00 -0.672345E-03 -0.680222E-03 +0.000000E+00 +0.155394E-02 +0.000000E+00 +0.000000E+00
 +0.148320E+01 -0.102960E+03 -0.104340E+03 -0.104755E+03 -0.690016E+02 +0.407152E+02 +0.000000E+00 +0.000000E+00 -0.671435E-03 -0.679322E-03 +0.000000E+00 +0.154718E-02 +0.000000E+00 +0.000000E+00
 +0.148320E+01 -0.102970E+03 -0.104200E+03 -0.104616E+03 -0.689091E+02 +0.405372E+02 +0.000000E+00 +0.000000E+00 -0.670526E-03 -0.678422E-03 +0.000000E+00 +0.154041E-02 +0.000000E+00 +0.000000E+00
 +0.148320E+01 -0.102980E+03 -0.104060E+03 -0.104476E+03 -0.688167E+02 +0.403591E+02 +0.000000E+00 +0.000000E+00 -0.669616E-03 -0.677522E-03 +0.000000E+00 +0.153365E-02 +0.000000E+00 +0.000000E+00
 +0.148320E+01 -0.102990E+03 -0.103919E+03 -0.104336E+03 -0.687242E+02 +0.401811E+02 +0.000000E+00 +0.000000E+00 -0.668707E-03 -0.676622E-03 +0.000000E+00 +0.152688E-02 +0.000000E+00 +0.000000E+00
 +0.148320E+01 -0.103000E+03 -0.103778E+03 -0.104194E+03 -0.686306E+02 +0.400032E+02 +0.000000E+00 +0.000000E+00 -0.667796E-03 -0.675700E-03 +0.000000E+00 +0.152012E-02 +0.000000E+00 +0.000000E+00
 +0.148320E+01 -0.103010E+03 -0.103630E+03 -0.104040E+03 -0.685312E+02 +0.398263E+02 +0.000000E+00 +0.000000E+00 -0.666882E-03 -0.674669E-03 +0.000000E+00 +0.151340E-02 +0.000000E+00 +0.000000E+00
 +0.148320E+01 -0.103020E+03 -0.103483E+03 -0.103887E+03 -0.684319E+02 +0.396493E+02 +0.000000E+00 +0.000000E+00 -0.665968E-03 -0.673638E-03 +0.000000E+00 +0.150667E-02 +0.000000E+00 +0.000000E+00
 +0.148320E+01 -0.103030E+03 -0.103335E+03 -0.103733E+03 -0.683325E+02 +0.394724E+02 +0.000000E+00 +0.000000E+00 -0.665053E-03 -0.672607E-03 +0.000000E+00 +0.149995E-02 +0.000000E+00 +0.000000E+00
 +0.148320E+01 -0.103040E+03 -0.103188E+03 -0.103579E+03 -0.682331E+02 +0.392954E+02 +0.000000E+00 +0.000000E+00 -0.664139E-03 -0.671576E-03 +0.000000E+00 +0.149323E-02 +0.000000E+00 +0.000000E+00
 +0.148320E+01 -0.103050E+03 -0.103040E+03 -0.103426E+03 -0.681338E+02 +0.391185E+02 +0.000000E+00 +0.000000E+00 -0.663225E-03 -0.670545E-03 +0.000000E+00 +0.148650E-02 +0.000000E+00 +0.000000E+00
 +0.148320E+01 -0.103060E+03 -0.102913E+03 -0.103251E+03 -0.680342E+02 +0.389623E+02 +0.000000E+00 +0.000000E+00 -0.662697E-03 -0.669124E-03 +0.000000E+00 +0.148057E-02 +0.000000E+00 +0.000000E+00
 +0.148320E+01 -0.103070E+03 -0.102789E+03 -0.103074E+03 -0.679346E+02 +0.388097E+02 +0.000000E+00 +0.000000E+00 -0.662234E-03 -0.667638E-03 +0.000000E+00 +0.147477E-02 +0.000000E+00 +0.000000E+00
 +0.148320E+01 -0.103080E+03 -0.102665E+03 -0.102896E+03 -0.678351E+02 +0.386570E+02 +0.000000E+00 +0.000000E+00 -0.661771E-03 -0.666152E-03 +0.000000E+00 +0.146897E-02 +0.000000E+00 +0.000000E+00
 +0.148320E+01 -0.103090E+03 -0.102555E+03 -0.102756E+03 -0.677527E+02 +0.385041E+02 +0.000000E+00 +0.000000E+00 -0.661253E-03 -0.665057E-03 +0.000000E+00 +0.146316E-02 +0.000000E+00 +0.000000E+00
 +0.148320E+01 -0.103100E+03 -0.102449E+03 -0.102623E+03 -0.676736E+02 +0.383511E+02 +0.000000E+00 +0.000000E+00 -0.660724E-03 -0.664038E-03 +0.000000E+00 +0.145734E-02 +0.000000E+00 +0.000000E+00
 +0.148320E+01 -0.103110E+03 -0.102342E+03 -0.102490E+03 -0.675945E+02 +0.381981E+02 +0.000000E+00 +0.000000E+00 -0.660196E-03 -0.663018E-03 +0.000000E+00 +0.145153E-02 +0.000000E+00 +0.000000E+00
 +0.148320E+01 -0.103120E+03 -0.102235E+03 -0.102357E+03 -0.675154E+02 +0.380451E+02 +0.000000E+00 +0.000000E+00 -0.659668E-03 -0.661998E-03 +0.000000E+00 +0.144571E-02 +0.000000E+00 +0.000000E+00
 +0.148320E+01 -0.103130E+03 -0.102128E+03 -0.102225E+03 -0.674363E+02 +0.378921E+02 +0.000000E+00 +0.000000E+00 -0.659139E-03 -0.660978E-03 +0.000000E+00 +0.143990E-02 +0.000000E+00 +0.000000E+00
 +0.148320E+01 -0.103140E+03 -0.102021E+03 -0.102092E+03 -0.673573E+02 +0.377391E+02 +0.000000E+00 +0.000000E+00 -0.658611E-03 -0.659958E-03 +0.000000E+00 +0.143409E-02 +0.000000E+00 +0.000000E+00
 +0.148320E+01 -0.103150E+03 -0.101914E+03 -0.101959E+03 -0.672782E+02 +0.375861E+02 +0.000000E+00 +0.000000E+00 -0.658083E-03 -0.658938E-03 +0.000000E+00 +0.142827E-02 +0.000000E+00 +0.000000E+00
 +0.148320E+01 -0.103160E+03 -0.101807E+03 -0.101826E+03 -0.671991E+02 +0.374331E+02 +0.000000E+00 +0.000000E+00 -0.657554E-03 -0.657919E-03 +0.000000E+00 +0.142246E-02 +0.000000E+00 +0.000000E+00
 +0.148320E+01 -0.103170E+03 -0.101677E+03 -0.101676E+03 -0.671065E+02 +0.372625E+02 +0.000000E+00 +0.000000E+00 -0.656844E-03 -0.656816E-03 +0.000000E+00 +0.141597E-02 +0.000000E+00 +0.000000E+00
 +0.148320E+01 -0.103180E+03 -0.101515E+03 -0.101500E+03 -0.669950E+02 +0.370670E+02 +0.000000E+00 +0.000000E+00 -0.655879E-03 -0.655598E-03 +0.000000E+00 +0.140855E-02 +0.000000E+00 +0.000000E+00
 +0.148320E+01 -0.103190E+03 -0.101353E+03 -0.101324E+03 -0.668835E+02 +0.368716E+02 +0.000000E+00 +0.000000E+00 -0.654915E-03 -0.654380E-03 +0.000000E+00 +0.140112E-02 +0.000000E+00 +0.000000E+00
 +0.148320E+01 -0.103200E+03 -0.101227E+03 -0.101180E+03 -0.667943E+02 +0.367064E+02 +0.000000E+00 +0.000000E+00 -0.654213E-03 -0.653336E-03 +0.000000E+00 +0.139484E-02 +0.000000E+00 +0.000000E+00
 +0.148320E+01 -0.103210E+03 -0.101121E+03 -0.101055E+03 -0.667181E+02 +0.365587E+02 +0.000000E+00 +0.000000E+00 -0.653663E-03 -0.652393E-03 +0.000000E+00 +0.138923E-02 +0.000000E+00 +0.000000E+00
 +0.148320E+01 -0.103220E+03 -0.101016E+03 -0.100929E+03 -0.666418E+02 +0.364110E+02 +0.000000E+00 +0.000000E+00 -0.653114E-03 -0.651451E-03 +0.000000E+00 +0.138362E-02 +0.000000E+00 +0.000000E+00
 +0.148320E+01 -0.103230E+03 -0.100911E+03 -0.100803E+03 -0.665656E+02 +0.362634E+02 +0.000000E+00 +0.000000E+00 -0.652564E-03 -0.650508E-03 +0.000000E+00 +0.137801E-02 +0.000000E+00 +0.000000E+00
 +0.148320E+01 -0.103240E+03 -0.100806E+03 -0.100677E+03 -0.664894E+02 +0.361157E+02 +0.000000E+00 +0.000000E+00 -0.652015E-03 -0.649565E-03 +0.000000E+00 +0.137240E-02 +0.000000E+00 +0.000000E+00
 +0.148320E+01 -0.103250E+03 -0.100701E+03 -0.100551E+03 -0.664132E+02 +0.359681E+02 +0.000000E+00 +0.000000E+00 -0.651466E-03 -0.648622E-03 +0.000000E+00 +0.136679E-02 +0.000000E+00 +0.000000E+00
 +0.148320E+01 -0.103260E+03 -0.100596E+03 -0.100425E+03 -0.663369E+02 +0.358204E+02 +0.000000E+00 +0.000000E+00 -0.650916E-03 -0.647680E-03 +0.000000E+00 +0.136117E-02 +0.000000E+00 +0.000000E+00
 +0.148320E+01 -0.103270E+03 -0.100491E+03 -0.100299E+03 -0.662607E+02 +0.356727E+02 +0.000000E+00 +0.000000E+00 -0.650367E-03 -0.646737E-03 +0.000000E+00 +0.135556E-02 +0.000000E+00 +0.000000E+00
 +0.148320E+01 -0.103280E+03 -0.100385E+03 -0.100174E+03 -0.661845E+02 +0.355251E+02 +0.000000E+00 +0.000000E+00 -0.649817E-03 -0.645794E-03 +0.000000E+00 +0.134995E-02 +0.000000E+00 +0.000000E+00
 +0.148320E+01 -0.103290E+03 -0.100280E+03 -0.100048E+03 -0.661085E+02 +0.353764E+02 +0.000000E+00 +0.000000E+00 -0.649264E-03 -0.644860E-03 +0.000000E+00 +0.134430E-02 +0.000000E+00 +0.000000E+00
 +0.148320E+01 -0.103300E+03 -0.100175E+03 -0.999271E+02 -0.660337E+02 +0.352216E+02 +0.000000E+00 +0.000000E+00 -0.648684E-03 -0.643976E-03 +0.000000E+00 +0.133842E-02 +0.000000E+00 +0.000000E+00
 +0.148320E+01 -0.103310E+03 -0.100070E+03 -0.998058E+02 -0.659589E+02 +0.350669E+02 +0.000000E+00 +0.000000E+00 -0.648104E-03 -0.643092E-03 +0.000000E+00 +0.133254E-02 +0.000000E+00 +0.000000E+00
 +0.148320E+01 -0.103320E+03 -0.999643E+02 -0.996845E+02 -0.658841E+02 +0.349121E+02 +0.000000E+00 +0.000000E+00 -0.647524E-03 -0.642208E-03 +0.000000E+00 +0.132666E-02 +0.000000E+00 +0.000000E+00
 +0.148320E+01 -0.103330E+03 -0.998590E+02 -0.995632E+02 -0.658093E+02 +0.347573E+02 +0.000000E+00 +0.000000E+00 -0.646944E-03 -0.641324E-03 +0.000000E+00 +0.132078E-02 +0.000000E+00 +0.000000E+00
 +0.148320E+01 -0.103340E+03 -0.997537E+02 -0.994419E+02 -0.657345E+02 +0.346026E+02 +0.000000E+00 +0.000000E+00 -0.646364E-03 -0.640439E-03 +0.000000E+00 +0.131490E-02 +0.000000E+00 +0.000000E+00
 +0.148320E+01 -0.103350E+03 -0.996536E+02 -0.993243E+02 -0.656627E+02 +0.344562E+02 +0.000000E+00 +0.000000E+00 -0.645828E-03 -0.639570E-03 +0.000000E+00 +0.130934E-02 +0.000000E+00 +0.000000E+00
 +0.148320E+01 -0.103360E+03 -0.995580E+02 -0.992098E+02 -0.655934E+02 +0.343171E+02 +0.000000E+00 +0.000000E+00 -0.645328E-03 -0.638712E-03 +0.000000E+00 +0.130405E-02 +0.000000E+00 +0.000000E+00
 +0.148320E+01 -0.103370E+03 -0.994624E+02 -0.990953E+02 -0.655241E+02 +0.341779E+02 +0.000000E+00 +0.000000E+00 -0.644829E-03 -0.637854E-03 +0.000000E+00 +0.129876E-02 +0.000000E+00 +0.000000E+00
 +0.148320E+01 -0.103380E+03 -0.993762E+02 -0.989656E+02 -0.654528E+02 +0.340337E+02 +0.000000E+00 +0.000000E+00 -0.644545E-03 -0.636744E-03 +0.000000E+00 +0.129328E-02 +0.000000E+00 +0.000000E+00
 +0.148320E+01 -0.103390E+03 -0.992945E+02 -0.988287E+02 -0.653807E+02 +0.338872E+02 +0.000000E+00 +0.000000E+00 -0.644363E-03 -0.635513E-03 +0.000000E+00 +0.128771E-02 +0.000000E+00 +0.000000E+00
 +0.148320E+01 -0.103400E+03 -0.992127E+02 -0.986918E+02 -0.653085E+02 +0.337406E+02 +0.000000E+00 +0.000000E+00 -0.644180E-03 -0.634283E-03 +0.000000E+00 +0.128214E-02 +0.000000E+00 +0.000000E+00
 +0.148320E+01 -0.103410E+03 -0.991310E+02 -0.985549E+02 -0.652363E+02 +0.335941E+02 +0.000000E+00 +0.000000E+00 -0.643998E-03 -0.633053E-03 +0.000000E+00 +0.127658E-02 +0.000000E+00 +0.000000E+00
 +0.148320E+01 -0.103420E+03 -0.990492E+02 -0.984180E+02 -0.651642E+02 +0.334476E+02 +0.000000E+00 +0.000000E+00 -0.643816E-03 -0.631823E-03 +0.000000E+00 +0.127101E-02 +0.000000E+00 +0.000000E+00
 +0.148320E+01 -0.103430E+03 -0.989675E+02 -0.982811E+02 -0.650920E+02 +0.333010E+02 +0.000000E+00 +0.000000E+00 -0.643633E-03 -0.630592E-03 +0.000000E+00 +0.126544E-02 +0.000000E+00 +0.000000E+00
 +0.148320E+01 -0.103440E+03 -0.988857E+02 -0.981442E+02 -0.650199E+02 +0.331545E+02 +0.000000E+00 +0.000000E+00 -0.643451E-03 -0.629362E-03 +0.000000E+00 +0.125987E-02 +0.000000E+00 +0.000000E+00
 +0.148320E+01 -0.103450E+03 -0.988040E+02 -0.980073E+02 -0.649477E+02 +0.330080E+02 +0.000000E+00 +0.000000E+00 -0.643269E-03 -0.628132E-03 +0.000000E+00 +0.125430E-02 +0.000000E+00 +0.000000E+00
 +0.148320E+01 -0.103460E+03 -0.987222E+02 -0.978704E+02 -0.648756E+02 +0.328614E+02 +0.000000E+00 +0.000000E+00 -0.643087E-03 -0.626901E-03 +0.000000E+00 +0.124873E-02 +0.000000E+00 +0.000000E+00
 +0.148320E+01 -0.103470E+03 -0.986405E+02 -0.977335E+02 -0.648034E+02 +0.327149E+02 +0.000000E+00 +0.000000E+00 -0.642904E-03 -0.625671E-03 +0.000000E+00 +0.124317E-02 +0.000000E+00 +0.000000E+00
 +0.148320E+01 -0.103480E+03 -0.985587E+02 -0.975965E+02 -0.647312E+02 +0.325684E+02 +0.000000E+00 +0.000000E+00 -0.642722E-03 -0.624441E-03 +0.000000E+00 +0.123760E-02 +0.000000E+00 +0.000000E+00
 +0.148320E+01 -0.103490E+03 -0.984770E+02 -0.974596E+02 -0.646591E+02 +0.324219E+02 +0.000000E+00 +0.000000E+00 -0.642540E-03 -0.623211E-03 +0.000000E+00 +0.123203E-02 +0.000000E+00 +0.000000E+00
 +0.148320E+01 -0.103500E+03 -0.983954E+02 -0.973226E+02 -0.645870E+02 +0.322763E+02 +0.000000E+00 +0.000000E+00 -0.642361E-03 -0.621978E-03 +0.000000E+00 +0.122650E-02 +0.000000E+00 +0.000000E+00
 +0.148320E+01 -0.103510E+03 -0.983172E+02 -0.971845E+02 -0.645156E+02 +0.321468E+02 +0.000000E+00 +0.000000E+00 -0.642232E-03 -0.620709E-03 +0.000000E+00 +0.122158E-02 +0.000000E+00 +0.000000E+00
 +0.148320E+01 -0.103520E+03 -0.982390E+02 -0.970463E+02 -0.644442E+02 +0.320172E+02 +0.000000E+00 +0.000000E+00 -0.642102E-03 -0.619441E-03 +0.000000E+00 +0.121666E-02 +0.000000E+00 +0.000000E+00
 +0.148320E+01 -0.103530E+03 -0.981608E+02 -0.969081E+02 -0.643727E+02 +0.318877E+02 +0.000000E+00 +0.000000E+00 -0.641973E-03 -0.618172E-03 +0.000000E+00 +0.121173E-02 +0.000000E+00 +0.000000E+00
 +0.148320E+01 -0.103540E+03 -0.980826E+02 -0.967699E+02 -0.643013E+02 +0.317582E+02 +0.000000E+00 +0.000000E+00 -0.641844E-03 -0.616903E-03 +0.000000E+00 +0.120681E-02 +0.000000E+00 +0.000000E+00
 +0.148320E+01 -0.103550E+03 -0.980044E+02 -0.966318E+02 -0.642299E+02 +0.316287E+02 +0.000000E+00 +0.000000E+00 -0.641715E-03 -0.615635E-03 +0.000000E+00 +0.120189E-02 +0.000000E+00 +0.000000E+00
 +0.148320E+01 -0.103560E+03 -0.979262E+02 -0.964936E+02 -0.641585E+02 +0.314991E+02 +0.000000E+00 +0.000000E+00 -0.641586E-03 -0.614366E-03 +0.000000E+00 +0.119697E-02 +0.000000E+00 +0.000000E+00
 +0.148320E+01 -0.103570E+03 -0.978480E+02 -0.963554E+02 -0.640871E+02 +0.313696E+02 +0.000000E+00 +0.000000E+00 -0.641457E-03 -0.613097E-03 +0.000000E+00 +0.119204E-02 +0.000000E+00 +0.000000E+00
 +0.148320E+01 -0.103580E+03 -0.977698E+02 -0.962172E+02 -0.640157E+02 +0.312401E+02 +0.000000E+00 +0.000000E+00 -0.641327E-03 -0.611829E-03 +0.000000E+00 +0.118712E-02 +0.000000E+00 +0.000000E+00
 +0.148320E+01 -0.103590E+03 -0.976916E+02 -0.960791E+02 -0.639443E+02 +0.311105E+02 +0.000000E+00 +0.000000E+00 -0.641198E-03 -0.610560E-03 +0.000000E+00 +0.118220E-02 +0.000000E+00 +0.000000E+00
 +0.148320E+01 -0.103600E+03 -0.976134E+02 -0.959409E+02 -0.638729E+02 +0.309810E+02 +0.000000E+00 +0.000000E+00 -0.641069E-03 -0.609291E-03 +0.000000E+00 +0.117728E-02 +0.000000E+00 +0.000000E+00
 +0.148320E+01 -0.103610E+03 -0.975352E+02 -0.958027E+02 -0.638015E+02 +0.308515E+02 +0.000000E+00 +0.000000E+00 -0.640940E-03 -0.608023E-03 +0.000000E+00 +0.117236E-02 +0.000000E+00 +0.000000E+00
 +0.148320E+01 -0.103620E+03 -0.974570E+02 -0.956645E+02 -0.637301E+02 +0.307220E+02 +0.000000E+00 +0.000000E+00 -0.640811E-03 -0.606754E-03 +0.000000E+00 +0.116743E-02 +0.000000E+00 +0.000000E+00
 +0.148320E+01 -0.103630E+03 -0.973788E+02 -0.955264E+02 -0.636587E+02 +0.305924E+02 +0.000000E+00 +0.000000E+00 -0.640682E-03 -0.605486E-03 +0.000000E+00 +0.116251E-02 +0.000000E+00 +0.000000E+00
 +0.148320E+01 -0.103640E+03 -0.973006E+02 -0.953882E+02 -0.635873E+02 +0.304629E+02 +0.000000E+00 +0.000000E+00 -0.640552E-03 -0.604217E-03 +0.000000E+00 +0.115759E-02 +0.000000E+00 +0.000000E+00
 +0.148320E+01 -0.103650E+03 -0.972278E+02 -0.952412E+02 -0.635148E+02 +0.303312E+02 +0.000000E+00 +0.000000E+00 -0.640547E-03 -0.602803E-03 +0.000000E+00 +0.115259E-02 +0.000000E+00 +0.000000E+00
 +0.148320E+01 -0.103660E+03 -0.971602E+02 -0.950858E+02 -0.634412E+02 +0.301974E+02 +0.000000E+00 +0.000000E+00 -0.640661E-03 -0.601248E-03 +0.000000E+00 +0.114750E-02 +0.000000E+00 +0.000000E+00
 +0.148320E+01 -0.103670E+03 -0.970952E+02 -0.949377E+02 -0.633709E+02 +0.300777E+02 +0.000000E+00 +0.000000E+00 -0.640762E-03 -0.599771E-03 +0.000000E+00 +0.114295E-02 +0.000000E+00 +0.000000E+00
 +0.148320E+01 -0.103680E+03 -0.970303E+02 -0.947920E+02 -0.633014E+02 +0.299608E+02 +0.000000E+00 +0.000000E+00 -0.640850E-03 -0.598322E-03 +0.000000E+00 +0.113851E-02 +0.000000E+00 +0.000000E+00
 +0.148320E+01 -0.103690E+03 -0.969588E+02 -0.946538E+02 -0.632322E+02 +0.298340E+02 +0.000000E+00 +0.000000E+00 -0.640806E-03 -0.597012E-03 +0.000000E+00 +0.113369E-02 +0.000000E+00 +0.000000E+00
 +0.148320E+01 -0.103700E+03 -0.968873E+02 -0.945157E+02 -0.631630E+02 +0.297071E+02 +0.000000E+00 +0.000000E+00 -0.640762E-03 -0.595701E-03 +0.000000E+00 +0.112887E-02 +0.000000E+00 +0.000000E+00
 +0.148320E+01 -0.103710E+03 -0.968157E+02 -0.943775E+02 -0.630938E+02 +0.295803E+02 +0.000000E+00 +0.000000E+00 -0.640717E-03 -0.594391E-03 +0.000000E+00 +0.112405E-02 +0.000000E+00 +0.000000E+00
 +0.148320E+01 -0.103720E+03 -0.967442E+02 -0.942393E+02 -0.630246E+02 +0.294535E+02 +0.000000E+00 +0.000000E+00 -0.640673E-03 -0.593080E-03 +0.000000E+00 +0.111923E-02 +0.000000E+00 +0.000000E+00
 +0.148320E+01 -0.103730E+03 -0.966727E+02 -0.941011E+02 -0.629554E+02 +0.293266E+02 +0.000000E+00 +0.000000E+00 -0.640629E-03 -0.591770E-03 +0.000000E+00 +0.111441E-02 +0.000000E+00 +0.000000E+00
 +0.148320E+01 -0.103740E+03 -0.966011E+02 -0.939630E+02 -0.628862E+02 +0.291998E+02 +0.000000E+00 +0.000000E+00 -0.640585E-03 -0.590459E-03 +0.000000E+00 +0.110959E-02 +0.000000E+00 +0.000000E+00
 +0.148320E+01 -0.103750E+03 -0.965296E+02 -0.938248E+02 -0.628170E+02 +0.290730E+02 +0.000000E+00 +0.000000E+00 -0.640541E-03 -0.589149E-03 +0.000000E+00 +0.110477E-02 +0.000000E+00 +0.000000E+00
 +0.148320E+01 -0.103760E+03 -0.964581E+02 -0.936866E+02 -0.627477E+02 +0.289461E+02 +0.000000E+00 +0.000000E+00 -0.640496E-03 -0.587838E-03 +0.000000E+00 +0.109995E-02 +0.000000E+00 +0.000000E+00
 +0.148320E+01 -0.103770E+03 -0.963865E+02 -0.935484E+02 -0.626785E+02 +0.288193E+02 +0.000000E+00 +0.000000E+00 -0.640452E-03 -0.586528E-03 +0.000000E+00 +0.109513E-02 +0.000000E+00 +0.000000E+00
 +0.148320E+01 -0.103780E+03 -0.963150E+02 -0.934103E+02 -0.626093E+02 +0.286925E+02 +0.000000E+00 +0.000000E+00 -0.640408E-03 -0.585217E-03 +0.000000E+00 +0.109031E-02 +0.000000E+00 +0.000000E+00
 +0.148320E+01 -0.103790E+03 -0.962435E+02 -0.932721E+02 -0.625401E+02 +0.285657E+02 +0.000000E+00 +0.000000E+00 -0.640364E-03 -0.583907E-03 +0.000000E+00 +0.108549E-02 +0.000000E+00 +0.000000E+00
 +0.148320E+01 -0.103800E+03 -0.961720E+02 -0.931339E+02 -0.624709E+02 +0.284388E+02 +0.000000E+00 +0.000000E+00 -0.640319E-03 -0.582596E-03 +0.000000E+00 +0.108068E-02 +0.000000E+00 +0.000000E+00
 +0.148320E+01 -0.103810E+03 -0.961004E+02 -0.929957E+02 -0.624017E+02 +0.283120E+02 +0.000000E+00 +0.000000E+00 -0.640275E-03 -0.581286E-03 +0.000000E+00 +0.107586E-02 +0.000000E+00 +0.000000E+00
 +0.148320E+01 -0.103820E+03 -0.960289E+02 -0.928576E+02 -0.623325E+02 +0.281852E+02 +0.000000E+00 +0.000000E+00 -0.640231E-03 -0.579975E-03 +0.000000E+00 +0.107104E-02 +0.000000E+00 +0.000000E+00
 +0.148320E+01 -0.103830E+03 -0.959574E+02 -0.927194E+02 -0.622633E+02 +0.280583E+02 +0.000000E+00 +0.000000E+00 -0.640187E-03 -0.578665E-03 +0.000000E+00 +0.106622E-02 +0.000000E+00 +0.000000E+00
 +0.148320E+01 -0.103840E+03 -0.958871E+02 -0.925872E+02 -0.621965E+02 +0.279407E+02 +0.000000E+00 +0.000000E+00 -0.640120E-03 -0.577423E-03 +0.000000E+00 +0.106175E-02 +0.000000E+00 +0.000000E+00
 +0.148320E+01 -0.103850E+03 -0.958183E+02 -0.924629E+02 -0.621328E+02 +0.278349E+02 +0.000000E+00 +0.000000E+00 -0.640025E-03 -0.576271E-03 +0.000000E+00 +0.105773E-02 +0.000000E+00 +0.000000E+00
 +0.148320E+01 -0.103860E+03 -0.957496E+02 -0.923385E+02 -0.620691E+02 +0.277291E+02 +0.000000E+00 +0.000000E+00 -0.639930E-03 -0.575119E-03 +0.000000E+00 +0.105371E-02 +0.000000E+00 +0.000000E+00
 +0.148320E+01 -0.103870E+03 -0.956809E+02 -0.922142E+02 -0.620054E+02 +0.276233E+02 +0.000000E+00 +0.000000E+00 -0.639835E-03 -0.573967E-03 +0.000000E+00 +0.104969E-02 +0.000000E+00 +0.000000E+00
 +0.148320E+01 -0.103880E+03 -0.956121E+02 -0.920898E+02 -0.619416E+02 +0.275176E+02 +0.000000E+00 +0.000000E+00 -0.639739E-03 -0.572815E-03 +0.000000E+00 +0.104567E-02 +0.000000E+00 +0.000000E+00
 +0.148320E+01 -0.103890E+03 -0.955434E+02 -0.919655E+02 -0.618779E+02 +0.274118E+02 +0.000000E+00 +0.000000E+00 -0.639644E-03 -0.571663E-03 +0.000000E+00 +0.104165E-02 +0.000000E+00 +0.000000E+00
 +0.148320E+01 -0.103900E+03 -0.954747E+02 -0.918411E+02 -0.618142E+02 +0.273060E+02 +0.000000E+00 +0.000000E+00 -0.639549E-03 -0.570511E-03 +0.000000E+00 +0.103763E-02 +0.000000E+00 +0.000000E+00
 +0.148320E+01 -0.103910E+03 -0.954059E+02 -0.917168E+02 -0.617505E+02 +0.272002E+02 +0.000000E+00 +0.000000E+00 -0.639453E-03 -0.569359E-03 +0.000000E+00 +0.103361E-02 +0.000000E+00 +0.000000E+00
 +0.148320E+01 -0.103920E+03 -0.953372E+02 -0.915924E+02 -0.616868E+02 +0.270945E+02 +0.000000E+00 +0.000000E+00 -0.639358E-03 -0.568207E-03 +0.000000E+00 +0.102959E-02 +0.000000E+00 +0.000000E+00
 +0.148320E+01 -0.103930E+03 -0.952685E+02 -0.914681E+02 -0.616231E+02 +0.269887E+02 +0.000000E+00 +0.000000E+00 -0.639263E-03 -0.567055E-03 +0.000000E+00 +0.102557E-02 +0.000000E+00 +0.000000E+00
 +0.148320E+01 -0.103940E+03 -0.951998E+02 -0.913437E+02 -0.615593E+02 +0.268829E+02 +0.000000E+00 +0.000000E+00 -0.639168E-03 -0.565903E-03 +0.000000E+00 +0.102155E-02 +0.000000E+00 +0.000000E+00
 +0.148320E+01 -0.103950E+03 -0.951310E+02 -0.912194E+02 -0.614956E+02 +0.267771E+02 +0.000000E+00 +0.000000E+00 -0.639072E-03 -0.564751E-03 +0.000000E+00 +0.101753E-02 +0.000000E+00 +0.000000E+00
 +0.148320E+01 -0.103960E+03 -0.950623E+02 -0.910950E+02 -0.614319E+02 +0.266714E+02 +0.000000E+00 +0.000000E+00 -0.638977E-03 -0.563599E-03 +0.000000E+00 +0.101351E-02 +0.000000E+00 +0.000000E+00
 +0.148320E+01 -0.103970E+03 -0.949936E+02 -0.909707E+02 -0.613682E+02 +0.265656E+02 +0.000000E+00 +0.000000E+00 -0.638882E-03 -0.562447E-03 +0.000000E+00 +0.100949E-02 +0.000000E+00 +0.000000E+00
 +0.148320E+01 -0.103980E+03 -0.949248E+02 -0.908463E+02 -0.613045E+02 +0.264598E+02 +0.000000E+00 +0.000000E+00 -0.638787E-03 -0.561295E-03 +0.000000E+00 +0.100547E-02 +0.000000E+00 +0.000000E+00
 +0.148320E+01 -0.103990E+03 -0.948561E+02 -0.907220E+02 -0.612408E+02 +0.263540E+02 +0.000000E+00 +0.000000E+00 -0.638691E-03 -0.560143E-03 +0.000000E+00 +0.100145E-02 +0.000000E+00 +0.000000E+00
 +0.148320E+01 -0.104000E+03 -0.947874E+02 -0.905976E+02 -0.611770E+02 +0.262483E+02 +0.000000E+00 +0.000000E+00 -0.638596E-03 -0.558991E-03 +0.000000E+00 +0.997434E-03 +0.000000E+00 +0.000000E+00
 +0.148320E+01 -0.104010E+03 -0.947186E+02 -0.904733E+02 -0.611133E+02 +0.261425E+02 +0.000000E+00 +0.000000E+00 -0.638501E-03 -0.557839E-03 +0.000000E+00 +0.993414E-03 +0.000000E+00 +0.000000E+00
 +0.148320E+01 -0.104020E+03 -0.946581E+02 -0.903394E+02 -0.610492E+02 +0.260353E+02 +0.000000E+00 +0.000000E+00 -0.638570E-03 -0.556513E-03 +0.000000E+00 +0.989342E-03 +0.000000E+00 +0.000000E+00
 +0.148320E+01 -0.104030E+03 -0.946066E+02 -0.901972E+02 -0.609852E+02 +0.259289E+02 +0.000000E+00 +0.000000E+00 -0.638806E-03 -0.555026E-03 +0.000000E+00 +0.985298E-03 +0.000000E+00 +0.000000E+00
 +0.148320E+01 -0.104040E+03 -0.945578E+02 -0.900710E+02 -0.609275E+02 +0.258420E+02 +0.000000E+00 +0.000000E+00 -0.638976E-03 -0.553726E-03 +0.000000E+00 +0.981995E-03 +0.000000E+00 +0.000000E+00
 +0.148320E+01 -0.104050E+03 -0.945163E+02 -0.899522E+02 -0.608746E+02 +0.257375E+02 +0.000000E+00 +0.000000E+00 -0.639193E-03 -0.552474E-03 +0.000000E+00 +0.978026E-03 +0.000000E+00 +0.000000E+00
 +0.148320E+01 -0.104060E+03 -0.944755E+02 -0.898340E+02 -0.608221E+02 +0.256315E+02 +0.000000E+00 +0.000000E+00 -0.639413E-03 -0.551226E-03 +0.000000E+00 +0.973999E-03 +0.000000E+00 +0.000000E+00
 +0.148320E+01 -0.104070E+03 -0.944346E+02 -0.897158E+02 -0.607696E+02 +0.255256E+02 +0.000000E+00 +0.000000E+00 -0.639634E-03 -0.549978E-03 +0.000000E+00 +0.969972E-03 +0.000000E+00 +0.000000E+00
 +0.148320E+01 -0.104080E+03 -0.943937E+02 -0.895977E+02 -0.607171E+02 +0.254196E+02 +0.000000E+00 +0.000000E+00 -0.639854E-03 -0.548730E-03 +0.000000E+00 +0.965945E-03 +0.000000E+00 +0.000000E+00
 +0.148320E+01 -0.104090E+03 -0.943528E+02 -0.894795E+02 -0.606647E+02 +0.253136E+02 +0.000000E+00 +0.000000E+00 -0.640075E-03 -0.547482E-03 +0.000000E+00 +0.961918E-03 +0.000000E+00 +0.000000E+00
 +0.148320E+01 -0.104100E+03 -0.943119E+02 -0.893613E+02 -0.606122E+02 +0.252077E+02 +0.000000E+00 +0.000000E+00 -0.640295E-03 -0.546234E-03 +0.000000E+00 +0.957892E-03 +0.000000E+00 +0.000000E+00
 +0.148320E+01 -0.104110E+03 -0.942710E+02 -0.892431E+02 -0.605597E+02 +0.251017E+02 +0.000000E+00 +0.000000E+00 -0.640516E-03 -0.544985E-03 +0.000000E+00 +0.953865E-03 +0.000000E+00 +0.000000E+00
 +0.148320E+01 -0.104120E+03 -0.942302E+02 -0.891249E+02 -0.605072E+02 +0.249957E+02 +0.000000E+00 +0.000000E+00 -0.640737E-03 -0.543737E-03 +0.000000E+00 +0.949838E-03 +0.000000E+00 +0.000000E+00
 +0.148320E+01 -0.104130E+03 -0.941893E+02 -0.890068E+02 -0.604547E+02 +0.248898E+02 +0.000000E+00 +0.000000E+00 -0.640957E-03 -0.542489E-03 +0.000000E+00 +0.945811E-03 +0.000000E+00 +0.000000E+00
 +0.148320E+01 -0.104140E+03 -0.941484E+02 -0.888886E+02 -0.604022E+02 +0.247838E+02 +0.000000E+00 +0.000000E+00 -0.641178E-03 -0.541241E-03 +0.000000E+00 +0.941784E-03 +0.000000E+00 +0.000000E+00
 +0.148320E+01 -0.104150E+03 -0.941075E+02 -0.887704E+02 -0.603497E+02 +0.246778E+02 +0.000000E+00 +0.000000E+00 -0.641398E-03 -0.539993E-03 +0.000000E+00 +0.937757E-03 +0.000000E+00 +0.000000E+00
 +0.148320E+01 -0.104160E+03 -0.940666E+02 -0.886522E+02 -0.602972E+02 +0.245719E+02 +0.000000E+00 +0.000000E+00 -0.641619E-03 -0.538745E-03 +0.000000E+00 +0.933731E-03 +0.000000E+00 +0.000000E+00
 +0.148320E+01 -0.104170E+03 -0.940258E+02 -0.885340E+02 -0.602447E+02 +0.244659E+02 +0.000000E+00 +0.000000E+00 -0.641839E-03 -0.537497E-03 +0.000000E+00 +0.929704E-03 +0.000000E+00 +0.000000E+00
 +0.148320E+01 -0.104180E+03 -0.939849E+02 -0.884158E+02 -0.601922E+02 +0.243599E+02 +0.000000E+00 +0.000000E+00 -0.642060E-03 -0.536249E-03 +0.000000E+00 +0.925677E-03 +0.000000E+00 +0.000000E+00
 +0.148320E+01 -0.104190E+03 -0.939440E+02 -0.882977E+02 -0.601397E+02 +0.242540E+02 +0.000000E+00 +0.000000E+00 -0.642281E-03 -0.535000E-03 +0.000000E+00 +0.921650E-03 +0.000000E+00 +0.000000E+00
 +0.148320E+01 -0.104200E+03 -0.939031E+02 -0.881795E+02 -0.600873E+02 +0.241480E+02 +0.000000E+00 +0.000000E+00 -0.642501E-03 -0.533752E-03 +0.000000E+00 +0.917623E-03 +0.000000E+00 +0.000000E+00
 +0.148320E+01 -0.104210E+03 -0.938622E+02 -0.880613E+02 -0.600348E+02 +0.240420E+02 +0.000000E+00 +0.000000E+00 -0.642722E-03 -0.532504E-03 +0.000000E+00 +0.913597E-03 +0.000000E+00 +0.000000E+00
 +0.148320E+01 -0.104220E+03 -0.938213E+02 -0.879431E+02 -0.599823E+02 +0.239360E+02 +0.000000E+00 +0.000000E+00 -0.642942E-03 -0.531256E-03 +0.000000E+00 +0.909570E-03 +0.000000E+00 +0.000000E+00
 +0.148320E+01 -0.104230E+03 -0.937805E+02 -0.878249E+02 -0.599298E+02 +0.238301E+02 +0.000000E+00 +0.000000E+00 -0.643163E-03 -0.530008E-03 +0.000000E+00 +0.905543E-03 +0.000000E+00 +0.000000E+00
 +0.148320E+01 -0.104240E+03 -0.937408E+02 -0.877049E+02 -0.598771E+02 +0.237344E+02 +0.000000E+00 +0.000000E+00 -0.643410E-03 -0.528729E-03 +0.000000E+00 +0.901907E-03 +0.000000E+00 +0.000000E+00
 +0.148320E+01 -0.104250E+03 -0.937014E+02 -0.875843E+02 -0.598243E+02 +0.236416E+02 +0.000000E+00 +0.000000E+00 -0.643665E-03 -0.527441E-03 +0.000000E+00 +0.898381E-03 +0.000000E+00 +0.000000E+00
 +0.148320E+01 -0.104260E+03 -0.936621E+02 -0.874638E+02 -0.597715E+02 +0.235488E+02 +0.000000E+00 +0.000000E+00 -0.643920E-03 -0.526153E-03 +0.000000E+00 +0.894855E-03 +0.000000E+00 +0.000000E+00
 +0.148320E+01 -0.104270E+03 -0.936227E+02 -0.873432E+02 -0.597188E+02 +0.234560E+02 +0.000000E+00 +0.000000E+00 -0.644175E-03 -0.524865E-03 +0.000000E+00 +0.891329E-03 +0.000000E+00 +0.000000E+00
 +0.148320E+01 -0.104280E+03 -0.935834E+02 -0.872227E+02 -0.596660E+02 +0.233632E+02 +0.000000E+00 +0.000000E+00 -0.644430E-03 -0.523577E-03 +0.000000E+00 +0.887803E-03 +0.000000E+00 +0.000000E+00
 +0.148320E+01 -0.104290E+03 -0.935440E+02 -0.871021E+02 -0.596132E+02 +0.232705E+02 +0.000000E+00 +0.000000E+00 -0.644685E-03 -0.522289E-03 +0.000000E+00 +0.884277E-03 +0.000000E+00 +0.000000E+00
 +0.148320E+01 -0.104300E+03 -0.935047E+02 -0.869816E+02 -0.595604E+02 +0.231777E+02 +0.000000E+00 +0.000000E+00 -0.644940E-03 -0.521001E-03 +0.000000E+00 +0.880751E-03 +0.000000E+00 +0.000000E+00
 +0.148320E+01 -0.104310E+03 -0.934653E+02 -0.868610E+02 -0.595077E+02 +0.230849E+02 +0.000000E+00 +0.000000E+00 -0.645195E-03 -0.519713E-03 +0.000000E+00 +0.877225E-03 +0.000000E+00 +0.000000E+00
 +0.148320E+01 -0.104320E+03 -0.934259E+02 -0.867404E+02 -0.594549E+02 +0.229921E+02 +0.000000E+00 +0.000000E+00 -0.645450E-03 -0.518425E-03 +0.000000E+00 +0.873699E-03 +0.000000E+00 +0.000000E+00
 +0.148320E+01 -0.104330E+03 -0.933866E+02 -0.866199E+02 -0.594021E+02 +0.228993E+02 +0.000000E+00 +0.000000E+00 -0.645705E-03 -0.517137E-03 +0.000000E+00 +0.870173E-03 +0.000000E+00 +0.000000E+00
 +0.148320E+01 -0.104340E+03 -0.933472E+02 -0.864993E+02 -0.593494E+02 +0.228065E+02 +0.000000E+00 +0.000000E+00 -0.645960E-03 -0.515849E-03 +0.000000E+00 +0.866647E-03 +0.000000E+00 +0.000000E+00
 +0.148320E+01 -0.104350E+03 -0.933079E+02 -0.863788E+02 -0.592966E+02 +0.227137E+02 +0.000000E+00 +0.000000E+00 -0.646215E-03 -0.514561E-03 +0.000000E+00 +0.863121E-03 +0.000000E+00 +0.000000E+00
 +0.148320E+01 -0.104360E+03 -0.932685E+02 -0.862582E+02 -0.592438E+02 +0.226209E+02 +0.000000E+00 +0.000000E+00 -0.646469E-03 -0.513273E-03 +0.000000E+00 +0.859595E-03 +0.000000E+00 +0.000000E+00
 +0.148320E+01 -0.104370E+03 -0.932292E+02 -0.861377E+02 -0.591911E+02 +0.225281E+02 +0.000000E+00 +0.000000E+00 -0.646724E-03 -0.511985E-03 +0.000000E+00 +0.856070E-03 +0.000000E+00 +0.000000E+00
 +0.148320E+01 -0.104380E+03 -0.931898E+02 -0.860171E+02 -0.591383E+02 +0.224354E+02 +0.000000E+00 +0.000000E+00 -0.646979E-03 -0.510697E-03 +0.000000E+00 +0.852544E-03 +0.000000E+00 +0.000000E+00
 +0.148320E+01 -0.104390E+03 -0.931505E+02 -0.858965E+02 -0.590855E+02 +0.223426E+02 +0.000000E+00 +0.000000E+00 -0.647234E-03 -0.509409E-03 +0.000000E+00 +0.849018E-03 +0.000000E+00 +0.000000E+00
 +0.148320E+01 -0.104400E+03 -0.931111E+02 -0.857760E+02 -0.590327E+02 +0.222498E+02 +0.000000E+00 +0.000000E+00 -0.647489E-03 -0.508122E-03 +0.000000E+00 +0.845492E-03 +0.000000E+00 +0.000000E+00
 +0.148320E+01 -0.104410E+03 -0.930718E+02 -0.856554E+02 -0.589800E+02 +0.221570E+02 +0.000000E+00 +0.000000E+00 -0.647744E-03 -0.506834E-03 +0.000000E+00 +0.841966E-03 +0.000000E+00 +0.000000E+00
 +0.148320E+01 -0.104420E+03 -0.930324E+02 -0.855349E+02 -0.589272E+02 +0.220642E+02 +0.000000E+00 +0.000000E+00 -0.647999E-03 -0.505546E-03 +0.000000E+00 +0.838440E-03 +0.000000E+00 +0.000000E+00
 +0.148320E+01 -0.104430E+03 -0.929931E+02 -0.854143E+02 -0.588744E+02 +0.219714E+02 +0.000000E+00 +0.000000E+00 -0.648254E-03 -0.504258E-03 +0.000000E+00 +0.834914E-03 +0.000000E+00 +0.000000E+00
 +0.148320E+01 -0.104440E+03 -0.929537E+02 -0.852937E+02 -0.588217E+02 +0.218786E+02 +0.000000E+00 +0.000000E+00 -0.648509E-03 -0.502970E-03 +0.000000E+00 +0.831388E-03 +0.000000E+00 +0.000000E+00
 +0.148320E+01 -0.104450E+03 -0.929140E+02 -0.851726E+02 -0.587686E+02 +0.217856E+02 +0.000000E+00 +0.000000E+00 -0.648763E-03 -0.501676E-03 +0.000000E+00 +0.827851E-03 +0.000000E+00 +0.000000E+00
 +0.148320E+01 -0.104460E+03 -0.928667E+02 -0.850372E+02 -0.587083E+02 +0.216861E+02 +0.000000E+00 +0.000000E+00 -0.649009E-03 -0.500250E-03 +0.000000E+00 +0.824072E-03 +0.000000E+00 +0.000000E+00
 +0.148320E+01 -0.104470E+03 -0.928193E+02 -0.849019E+02 -0.586480E+02 +0.215867E+02 +0.000000E+00 +0.000000E+00 -0.649255E-03 -0.498824E-03 +0.000000E+00 +0.820293E-03 +0.000000E+00 +0.000000E+00
 +0.148320E+01 -0.104480E+03 -0.927720E+02 -0.847665E+02 -0.585877E+02 +0.214872E+02 +0.000000E+00 +0.000000E+00 -0.649501E-03 -0.497397E-03 +0.000000E+00 +0.816514E-03 +0.000000E+00 +0.000000E+00
 +0.148320E+01 -0.104490E+03 -0.927247E+02 -0.846312E+02 -0.585274E+02 +0.213878E+02 +0.000000E+00 +0.000000E+00 -0.649747E-03 -0.495971E-03 +0.000000E+00 +0.812735E-03 +0.000000E+00 +0.000000E+00
 +0.148320E+01 -0.104500E+03 -0.926773E+02 -0.844958E+02 -0.584671E+02 +0.212883E+02 +0.000000E+00 +0.000000E+00 -0.649993E-03 -0.494545E-03 +0.000000E+00 +0.808956E-03 +0.000000E+00 +0.000000E+00
 +0.148320E+01 -0.104510E+03 -0.926300E+02 -0.843604E+02 -0.584068E+02 +0.211889E+02 +0.000000E+00 +0.000000E+00 -0.650239E-03 -0.493119E-03 +0.000000E+00 +0.805176E-03 +0.000000E+00 +0.000000E+00
 +0.148320E+01 -0.104520E+03 -0.925826E+02 -0.842251E+02 -0.583465E+02 +0.210894E+02 +0.000000E+00 +0.000000E+00 -0.650485E-03 -0.491692E-03 +0.000000E+00 +0.801397E-03 +0.000000E+00 +0.000000E+00
 +0.148320E+01 -0.104530E+03 -0.925353E+02 -0.840897E+02 -0.582862E+02 +0.209899E+02 +0.000000E+00 +0.000000E+00 -0.650732E-03 -0.490266E-03 +0.000000E+00 +0.797618E-03 +0.000000E+00 +0.000000E+00
 +0.148320E+01 -0.104540E+03 -0.924879E+02 -0.839544E+02 -0.582260E+02 +0.208905E+02 +0.000000E+00 +0.000000E+00 -0.650978E-03 -0.488840E-03 +0.000000E+00 +0.793839E-03 +0.000000E+00 +0.000000E+00
 +0.148320E+01 -0.104550E+03 -0.924406E+02 -0.838190E+02 -0.581657E+02 +0.207910E+02 +0.000000E+00 +0.000000E+00 -0.651224E-03 -0.487413E-03 +0.000000E+00 +0.790060E-03 +0.000000E+00 +0.000000E+00
 +0.148320E+01 -0.104560E+03 -0.923932E+02 -0.836836E+02 -0.581054E+02 +0.206916E+02 +0.000000E+00 +0.000000E+00 -0.651470E-03 -0.485987E-03 +0.000000E+00 +0.786281E-03 +0.000000E+00 +0.000000E+00
 +0.148320E+01 -0.104570E+03 -0.923459E+02 -0.835483E+02 -0.580451E+02 +0.205921E+02 +0.000000E+00 +0.000000E+00 -0.651716E-03 -0.484561E-03 +0.000000E+00 +0.782501E-03 +0.000000E+00 +0.000000E+00
 +0.148320E+01 -0.104580E+03 -0.922986E+02 -0.834129E+02 -0.579848E+02 +0.204927E+02 +0.000000E+00 +0.000000E+00 -0.651962E-03 -0.483135E-03 +0.000000E+00 +0.778722E-03 +0.000000E+00 +0.000000E+00
 +0.148320E+01 -0.104590E+03 -0.922512E+02 -0.832776E+02 -0.579245E+02 +0.203932E+02 +0.000000E+00 +0.000000E+00 -0.652208E-03 -0.481708E-03 +0.000000E+00 +0.774943E-03 +0.000000E+00 +0.000000E+00
 +0.148320E+01 -0.104600E+03 -0.922039E+02 -0.831422E+02 -0.578642E+02 +0.202938E+02 +0.000000E+00 +0.000000E+00 -0.652454E-03 -0.480282E-03 +0.000000E+00 +0.771164E-03 +0.000000E+00 +0.000000E+00
 +0.148320E+01 -0.104610E+03 -0.921565E+02 -0.830068E+02 -0.578039E+02 +0.201943E+02 +0.000000E+00 +0.000000E+00 -0.652700E-03 -0.478856E-03 +0.000000E+00 +0.767385E-03 +0.000000E+00 +0.000000E+00
 +0.148320E+01 -0.104620E+03 -0.921092E+02 -0.828715E+02 -0.577436E+02 +0.200949E+02 +0.000000E+00 +0.000000E+00 -0.652946E-03 -0.477429E-03 +0.000000E+00 +0.763605E-03 +0.000000E+00 +0.000000E+00
 +0.148320E+01 -0.104630E+03 -0.920618E+02 -0.827361E+02 -0.576833E+02 +0.199954E+02 +0.000000E+00 +0.000000E+00 -0.653192E-03 -0.476003E-03 +0.000000E+00 +0.759826E-03 +0.000000E+00 +0.000000E+00
 +0.148320E+01 -0.104640E+03 -0.920145E+02 -0.826008E+02 -0.576230E+02 +0.198960E+02 +0.000000E+00 +0.000000E+00 -0.653438E-03 -0.474577E-03 +0.000000E+00 +0.756047E-03 +0.000000E+00 +0.000000E+00
 +0.148320E+01 -0.104650E+03 -0.919671E+02 -0.824654E+02 -0.575627E+02 +0.197965E+02 +0.000000E+00 +0.000000E+00 -0.653684E-03 -0.473151E-03 +0.000000E+00 +0.752268E-03 +0.000000E+00 +0.000000E+00
 +0.148320E+01 -0.104660E+03 -0.919198E+02 -0.823300E+02 -0.575024E+02 +0.196971E+02 +0.000000E+00 +0.000000E+00 -0.653930E-03 -0.471724E-03 +0.000000E+00 +0.748489E-03 +0.000000E+00 +0.000000E+00
 +0.148320E+01 -0.104670E+03 -0.918725E+02 -0.821947E+02 -0.574422E+02 +0.195976E+02 +0.000000E+00 +0.000000E+00 -0.654176E-03 -0.470298E-03 +0.000000E+00 +0.744710E-03 +0.000000E+00 +0.000000E+00
 +0.148320E+01 -0.104680E+03 -0.918251E+02 -0.820593E+02 -0.573819E+02 +0.194982E+02 +0.000000E+00 +0.000000E+00 -0.654422E-03 -0.468872E-03 +0.000000E+00 +0.740930E-03 +0.000000E+00 +0.000000E+00
 +0.148320E+01 -0.104690E+03 -0.917778E+02 -0.819240E+02 -0.573216E+02 +0.193987E+02 +0.000000E+00 +0.000000E+00 -0.654668E-03 -0.467446E-03 +0.000000E+00 +0.737151E-03 +0.000000E+00 +0.000000E+00
 +0.148320E+01 -0.104700E+03 -0.917304E+02 -0.817886E+02 -0.572613E+02 +0.192993E+02 +0.000000E+00 +0.000000E+00 -0.654914E-03 -0.466019E-03 +0.000000E+00 +0.733372E-03 +0.000000E+00 +0.000000E+00
 +0.148320E+01 -0.104710E+03 -0.916831E+02 -0.816532E+02 -0.572010E+02 +0.191998E+02 +0.000000E+00 +0.000000E+00 -0.655160E-03 -0.464593E-03 +0.000000E+00 +0.729593E-03 +0.000000E+00 +0.000000E+00
 +0.148320E+01 -0.104720E+03 -0.916357E+02 -0.815179E+02 -0.571407E+02 +0.191004E+02 +0.000000E+00 +0.000000E+00 -0.655406E-03 -0.463167E-03 +0.000000E+00 +0.725814E-03 +0.000000E+00 +0.000000E+00
 +0.148320E+01 -0.104730E+03 -0.915884E+02 -0.813825E+02 -0.570804E+02 +0.190009E+02 +0.000000E+00 +0.000000E+00 -0.655652E-03 -0.461740E-03 +0.000000E+00 +0.722035E-03 +0.000000E+00 +0.000000E+00
 +0.148320E+01 -0.104740E+03 -0.915410E+02 -0.812472E+02 -0.570201E+02 +0.189015E+02 +0.000000E+00 +0.000000E+00 -0.655898E-03 -0.460314E-03 +0.000000E+00 +0.718255E-03 +0.000000E+00 +0.000000E+00
 +0.148320E+01 -0.104750E+03 -0.915079E+02 -0.811665E+02 -0.569826E+02 +0.188173E+02 +0.000000E+00 +0.000000E+00 -0.655981E-03 -0.459496E-03 +0.000000E+00 +0.715058E-03 +0.000000E+00 +0.000000E+00
 +0.148320E+01 -0.104760E+03 -0.914804E+02 -0.811081E+02 -0.569542E+02 +0.187394E+02 +0.000000E+00 +0.000000E+00 -0.655998E-03 -0.458924E-03 +0.000000E+00 +0.712097E-03 +0.000000E+00 +0.000000E+00
 +0.148320E+01 -0.104770E+03 -0.914530E+02 -0.810496E+02 -0.569259E+02 +0.186615E+02 +0.000000E+00 +0.000000E+00 -0.656015E-03 -0.458351E-03 +0.000000E+00 +0.709136E-03 +0.000000E+00 +0.000000E+00
 +0.148320E+01 -0.104780E+03 -0.914255E+02 -0.809912E+02 -0.568975E+02 +0.185835E+02 +0.000000E+00 +0.000000E+00 -0.656033E-03 -0.457779E-03 +0.000000E+00 +0.706175E-03 +0.000000E+00 +0.000000E+00
 +0.148320E+01 -0.104790E+03 -0.913981E+02 -0.809327E+02 -0.568692E+02 +0.185056E+02 +0.000000E+00 +0.000000E+00 -0.656050E-03 -0.457207E-03 +0.000000E+00 +0.703213E-03 +0.000000E+00 +0.000000E+00
 +0.148320E+01 -0.104800E+03 -0.913707E+02 -0.808742E+02 -0.568408E+02 +0.184277E+02 +0.000000E+00 +0.000000E+00 -0.656067E-03 -0.456635E-03 +0.000000E+00 +0.700252E-03 +0.000000E+00 +0.000000E+00
 +0.148320E+01 -0.104810E+03 -0.913432E+02 -0.808158E+02 -0.568125E+02 +0.183498E+02 +0.000000E+00 +0.000000E+00 -0.656084E-03 -0.456063E-03 +0.000000E+00 +0.697291E-03 +0.000000E+00 +0.000000E+00
 +0.148320E+01 -0.104820E+03 -0.913158E+02 -0.807573E+02 -0.567841E+02 +0.182718E+02 +0.000000E+00 +0.000000E+00 -0.656102E-03 -0.455491E-03 +0.000000E+00 +0.694330E-03 +0.000000E+00 +0.000000E+00
 +0.148320E+01 -0.104830E+03 -0.912884E+02 -0.806989E+02 -0.567558E+02 +0.181939E+02 +0.000000E+00 +0.000000E+00 -0.656119E-03 -0.454918E-03 +0.000000E+00 +0.691368E-03 +0.000000E+00 +0.000000E+00
 +0.148320E+01 -0.104840E+03 -0.912609E+02 -0.806404E+02 -0.567274E+02 +0.181160E+02 +0.000000E+00 +0.000000E+00 -0.656136E-03 -0.454346E-03 +0.000000E+00 +0.688407E-03 +0.000000E+00 +0.000000E+00
 +0.148320E+01 -0.104850E+03 -0.912335E+02 -0.805819E+02 -0.566991E+02 +0.180380E+02 +0.000000E+00 +0.000000E+00 -0.656153E-03 -0.453774E-03 +0.000000E+00 +0.685446E-03 +0.000000E+00 +0.000000E+00
 +0.148320E+01 -0.104860E+03 -0.912060E+02 -0.805235E+02 -0.566707E+02 +0.179601E+02 +0.000000E+00 +0.000000E+00 -0.656171E-03 -0.453202E-03 +0.000000E+00 +0.682485E-03 +0.000000E+00 +0.000000E+00
 +0.148320E+01 -0.104870E+03 -0.911786E+02 -0.804650E+02 -0.566424E+02 +0.178822E+02 +0.000000E+00 +0.000000E+00 -0.656188E-03 -0.452630E-03 +0.000000E+00 +0.679523E-03 +0.000000E+00 +0.000000E+00
 +0.148320E+01 -0.104880E+03 -0.911512E+02 -0.804065E+02 -0.566140E+02 +0.178043E+02 +0.000000E+00 +0.000000E+00 -0.656205E-03 -0.452058E-03 +0.000000E+00 +0.676562E-03 +0.000000E+00 +0.000000E+00
 +0.148320E+01 -0.104890E+03 -0.911237E+02 -0.803481E+02 -0.565857E+02 +0.177263E+02 +0.000000E+00 +0.000000E+00 -0.656223E-03 -0.451485E-03 +0.000000E+00 +0.673601E-03 +0.000000E+00 +0.000000E+00
 +0.148320E+01 -0.104900E+03 -0.910963E+02 -0.802896E+02 -0.565574E+02 +0.176484E+02 +0.000000E+00 +0.000000E+00 -0.656240E-03 -0.450913E-03 +0.000000E+00 +0.670640E-03 +0.000000E+00 +0.000000E+00
 +0.148320E+01 -0.104910E+03 -0.910689E+02 -0.802312E+02 -0.565290E+02 +0.175705E+02 +0.000000E+00 +0.000000E+00 -0.656257E-03 -0.450341E-03 +0.000000E+00 +0.667678E-03 +0.000000E+00 +0.000000E+00
 +0.148320E+01 -0.104920E+03 -0.910414E+02 -0.801727E+02 -0.565007E+02 +0.174926E+02 +0.000000E+00 +0.000000E+00 -0.656274E-03 -0.449769E-03 +0.000000E+00 +0.664717E-03 +0.000000E+00 +0.000000E+00
 +0.148320E+01 -0.104930E+03 -0.910140E+02 -0.801142E+02 -0.564723E+02 +0.174146E+02 +0.000000E+00 +0.000000E+00 -0.656292E-03 -0.449197E-03 +0.000000E+00 +0.661756E-03 +0.000000E+00 +0.000000E+00
 +0.148320E+01 -0.104940E+03 -0.909865E+02 -0.800558E+02 -0.564440E+02 +0.173367E+02 +0.000000E+00 +0.000000E+00 -0.656309E-03 -0.448625E-03 +0.000000E+00 +0.658795E-03 +0.000000E+00 +0.000000E+00
 +0.148320E+01 -0.104950E+03 -0.909591E+02 -0.799973E+02 -0.564156E+02 +0.172588E+02 +0.000000E+00 +0.000000E+00 -0.656326E-03 -0.448052E-03 +0.000000E+00 +0.655833E-03 +0.000000E+00 +0.000000E+00
 +0.148320E+01 -0.104960E+03 -0.909317E+02 -0.799389E+02 -0.563873E+02 +0.171808E+02 +0.000000E+00 +0.000000E+00 -0.656343E-03 -0.447480E-03 +0.000000E+00 +0.652872E-03 +0.000000E+00 +0.000000E+00
 +0.148320E+01 -0.104970E+03 -0.909042E+02 -0.798804E+02 -0.563589E+02 +0.171029E+02 +0.000000E+00 +0.000000E+00 -0.656361E-03 -0.446908E-03 +0.000000E+00 +0.649911E-03 +0.000000E+00 +0.000000E+00
 +0.148320E+01 -0.104980E+03 -0.908768E+02 -0.798219E+02 -0.563306E+02 +0.170250E+02 +0.000000E+00 +0.000000E+00 -0.656378E-03 -0.446336E-03 +0.000000E+00 +0.646950E-03 +0.000000E+00 +0.000000E+00
 +0.148320E+01 -0.104990E+03 -0.908653E+02 -0.797402E+02 -0.562998E+02 +0.169535E+02 +0.000000E+00 +0.000000E+00 -0.656744E-03 -0.445368E-03 +0.000000E+00 +0.644235E-03 +0.000000E+00 +0.000000E+00
