%X Y s_xx s_yy s_zz s_xy s_xz s_yz e_xx e_yy e_zz e_xy e_xz e_yz
 +0.110366E+01 -0.100000E+03 +0.405850E+03 -0.836119E+01 +0.131171E+03 -0.537191E+01 +0.000000E+00 +0.000000E+00 +0.521889E-02 -0.265112E-02 +0.000000E+00 -0.204133E-03 +0.000000E+00 +0.000000E+00
 +0.110366E+01 -0.100010E+03 +0.391106E+03 -0.325882E+01 +0.127990E+03 -0.886294E+01 +0.000000E+00 +0.000000E+00 +0.499921E-02 -0.249372E-02 +0.000000E+00 -0.336792E-03 +0.000000E+00 +0.000000E+00
 +0.110366E+01 -0.100020E+03 +0.376356E+03 +0.181265E+01 +0.124796E+03 -0.123470E+02 +0.000000E+00 +0.000000E+00 +0.477964E-02 -0.233668E-02 +0.000000E+00 -0.469187E-03 +0.000000E+00 +0.000000E+00
 +0.110366E+01 -0.100030E+03 +0.360359E+03 +0.123499E+01 +0.119326E+03 -0.145626E+02 +0.000000E+00 +0.000000E+00 +0.457962E-02 -0.224373E-02 +0.000000E+00 -0.553379E-03 +0.000000E+00 +0.000000E+00
 +0.110366E+01 -0.100040E+03 +0.344407E+03 +0.656523E+00 +0.113871E+03 -0.167580E+02 +0.000000E+00 +0.000000E+00 +0.438018E-02 -0.215107E-02 +0.000000E+00 -0.636804E-03 +0.000000E+00 +0.000000E+00
 +0.110366E+01 -0.100050E+03 +0.332598E+03 +0.538108E-02 +0.109759E+03 -0.171166E+02 +0.000000E+00 +0.000000E+00 +0.423394E-02 -0.208532E-02 +0.000000E+00 -0.650431E-03 +0.000000E+00 +0.000000E+00
 +0.110366E+01 -0.100060E+03 +0.320827E+03 -0.646090E+00 +0.105660E+03 -0.174675E+02 +0.000000E+00 +0.000000E+00 +0.408818E-02 -0.201981E-02 +0.000000E+00 -0.663763E-03 +0.000000E+00 +0.000000E+00
 +0.110366E+01 -0.100070E+03 +0.311364E+03 -0.131742E+01 +0.102315E+03 -0.173494E+02 +0.000000E+00 +0.000000E+00 +0.397193E-02 -0.196902E-02 +0.000000E+00 -0.659277E-03 +0.000000E+00 +0.000000E+00
 +0.110366E+01 -0.100080E+03 +0.301936E+03 -0.198860E+01 +0.989825E+02 -0.172252E+02 +0.000000E+00 +0.000000E+00 +0.385611E-02 -0.191845E-02 +0.000000E+00 -0.654558E-03 +0.000000E+00 +0.000000E+00
 +0.110366E+01 -0.100090E+03 +0.294039E+03 -0.265268E+01 +0.961576E+02 -0.168265E+02 +0.000000E+00 +0.000000E+00 +0.375975E-02 -0.187739E-02 +0.000000E+00 -0.639407E-03 +0.000000E+00 +0.000000E+00
 +0.110366E+01 -0.100100E+03 +0.286174E+03 -0.331648E+01 +0.933429E+02 -0.164236E+02 +0.000000E+00 +0.000000E+00 +0.366379E-02 -0.183653E-02 +0.000000E+00 -0.624098E-03 +0.000000E+00 +0.000000E+00
 +0.110366E+01 -0.100110E+03 +0.279417E+03 -0.396993E+01 +0.908975E+02 -0.158709E+02 +0.000000E+00 +0.000000E+00 +0.358187E-02 -0.180248E-02 +0.000000E+00 -0.603092E-03 +0.000000E+00 +0.000000E+00
 +0.110366E+01 -0.100120E+03 +0.272688E+03 -0.462308E+01 +0.884616E+02 -0.153148E+02 +0.000000E+00 +0.000000E+00 +0.350031E-02 -0.176861E-02 +0.000000E+00 -0.581964E-03 +0.000000E+00 +0.000000E+00
 +0.110366E+01 -0.100130E+03 +0.266809E+03 -0.526714E+01 +0.863089E+02 -0.146624E+02 +0.000000E+00 +0.000000E+00 +0.342951E-02 -0.173995E-02 +0.000000E+00 -0.557170E-03 +0.000000E+00 +0.000000E+00
 +0.110366E+01 -0.100140E+03 +0.260957E+03 -0.591092E+01 +0.841652E+02 -0.140075E+02 +0.000000E+00 +0.000000E+00 +0.335904E-02 -0.171145E-02 +0.000000E+00 -0.532286E-03 +0.000000E+00 +0.000000E+00
 +0.110366E+01 -0.100150E+03 +0.255781E+03 -0.654768E+01 +0.822470E+02 -0.132925E+02 +0.000000E+00 +0.000000E+00 +0.329715E-02 -0.168710E-02 +0.000000E+00 -0.505115E-03 +0.000000E+00 +0.000000E+00
 +0.110366E+01 -0.100160E+03 +0.250630E+03 -0.718420E+01 +0.803372E+02 -0.125757E+02 +0.000000E+00 +0.000000E+00 +0.323557E-02 -0.166291E-02 +0.000000E+00 -0.477878E-03 +0.000000E+00 +0.000000E+00
 +0.110366E+01 -0.100170E+03 +0.246034E+03 -0.781546E+01 +0.786120E+02 -0.118211E+02 +0.000000E+00 +0.000000E+00 +0.318101E-02 -0.164212E-02 +0.000000E+00 -0.449202E-03 +0.000000E+00 +0.000000E+00
 +0.110366E+01 -0.100180E+03 +0.241461E+03 -0.844652E+01 +0.768947E+02 -0.110653E+02 +0.000000E+00 +0.000000E+00 +0.312676E-02 -0.162148E-02 +0.000000E+00 -0.420483E-03 +0.000000E+00 +0.000000E+00
 +0.110366E+01 -0.100190E+03 +0.237352E+03 -0.907360E+01 +0.753318E+02 -0.102877E+02 +0.000000E+00 +0.000000E+00 +0.307838E-02 -0.160370E-02 +0.000000E+00 -0.390933E-03 +0.000000E+00 +0.000000E+00
 +0.110366E+01 -0.100200E+03 +0.233266E+03 -0.970050E+01 +0.737765E+02 -0.950949E+01 +0.000000E+00 +0.000000E+00 +0.303029E-02 -0.158606E-02 +0.000000E+00 -0.361361E-03 +0.000000E+00 +0.000000E+00
 +0.110366E+01 -0.100210E+03 +0.229574E+03 -0.103242E+02 +0.723525E+02 -0.872076E+01 +0.000000E+00 +0.000000E+00 +0.298721E-02 -0.157086E-02 +0.000000E+00 -0.331389E-03 +0.000000E+00 +0.000000E+00
 +0.110366E+01 -0.100220E+03 +0.225904E+03 -0.109477E+02 +0.709357E+02 -0.793190E+01 +0.000000E+00 +0.000000E+00 +0.294441E-02 -0.155579E-02 +0.000000E+00 -0.301412E-03 +0.000000E+00 +0.000000E+00
 +0.110366E+01 -0.100230E+03 +0.222575E+03 -0.115685E+02 +0.696322E+02 -0.714105E+01 +0.000000E+00 +0.000000E+00 +0.290591E-02 -0.154281E-02 +0.000000E+00 -0.271360E-03 +0.000000E+00 +0.000000E+00
 +0.110366E+01 -0.100240E+03 +0.219266E+03 -0.121890E+02 +0.683355E+02 -0.635050E+01 +0.000000E+00 +0.000000E+00 +0.286769E-02 -0.152997E-02 +0.000000E+00 -0.241319E-03 +0.000000E+00 +0.000000E+00
 +0.110366E+01 -0.100250E+03 +0.216254E+03 -0.128069E+02 +0.671376E+02 -0.556434E+01 +0.000000E+00 +0.000000E+00 +0.283322E-02 -0.151895E-02 +0.000000E+00 -0.211445E-03 +0.000000E+00 +0.000000E+00
 +0.110366E+01 -0.100260E+03 +0.213262E+03 -0.134245E+02 +0.659463E+02 -0.477889E+01 +0.000000E+00 +0.000000E+00 +0.279900E-02 -0.150805E-02 +0.000000E+00 -0.181598E-03 +0.000000E+00 +0.000000E+00
 +0.110366E+01 -0.100270E+03 +0.210530E+03 -0.140392E+02 +0.648420E+02 -0.400273E+01 +0.000000E+00 +0.000000E+00 +0.276807E-02 -0.149874E-02 +0.000000E+00 -0.152104E-03 +0.000000E+00 +0.000000E+00
 +0.110366E+01 -0.100280E+03 +0.207817E+03 -0.146537E+02 +0.637440E+02 -0.322764E+01 +0.000000E+00 +0.000000E+00 +0.273739E-02 -0.148956E-02 +0.000000E+00 -0.122650E-03 +0.000000E+00 +0.000000E+00
 +0.110366E+01 -0.100290E+03 +0.205335E+03 -0.152651E+02 +0.627231E+02 -0.246557E+01 +0.000000E+00 +0.000000E+00 +0.270963E-02 -0.148177E-02 +0.000000E+00 -0.936917E-04 +0.000000E+00 +0.000000E+00
 +0.110366E+01 -0.100300E+03 +0.202871E+03 -0.158761E+02 +0.617083E+02 -0.170492E+01 +0.000000E+00 +0.000000E+00 +0.268209E-02 -0.147410E-02 +0.000000E+00 -0.647869E-04 +0.000000E+00 +0.000000E+00
 +0.110366E+01 -0.100310E+03 +0.200612E+03 -0.164835E+02 +0.607625E+02 -0.960149E+00 +0.000000E+00 +0.000000E+00 +0.265714E-02 -0.146767E-02 +0.000000E+00 -0.364857E-04 +0.000000E+00 +0.000000E+00
 +0.110366E+01 -0.100320E+03 +0.198371E+03 -0.170905E+02 +0.598225E+02 -0.217102E+00 +0.000000E+00 +0.000000E+00 +0.263242E-02 -0.146135E-02 +0.000000E+00 -0.824986E-05 +0.000000E+00 +0.000000E+00
 +0.110366E+01 -0.100330E+03 +0.196313E+03 -0.176934E+02 +0.589443E+02 +0.507895E+00 +0.000000E+00 +0.000000E+00 +0.261000E-02 -0.145612E-02 +0.000000E+00 +0.193000E-04 +0.000000E+00 +0.000000E+00
 +0.110366E+01 -0.100340E+03 +0.194271E+03 -0.182958E+02 +0.580719E+02 +0.123089E+01 +0.000000E+00 +0.000000E+00 +0.258779E-02 -0.145099E-02 +0.000000E+00 +0.467737E-04 +0.000000E+00 +0.000000E+00
 +0.110366E+01 -0.100350E+03 +0.192395E+03 -0.188936E+02 +0.572553E+02 +0.193422E+01 +0.000000E+00 +0.000000E+00 +0.256765E-02 -0.144683E-02 +0.000000E+00 +0.735004E-04 +0.000000E+00 +0.000000E+00
 +0.110366E+01 -0.100360E+03 +0.190534E+03 -0.194909E+02 +0.564442E+02 +0.263529E+01 +0.000000E+00 +0.000000E+00 +0.254771E-02 -0.144277E-02 +0.000000E+00 +0.100141E-03 +0.000000E+00 +0.000000E+00
 +0.110366E+01 -0.100370E+03 +0.188822E+03 -0.200829E+02 +0.556838E+02 +0.331554E+01 +0.000000E+00 +0.000000E+00 +0.252962E-02 -0.143957E-02 +0.000000E+00 +0.125991E-03 +0.000000E+00 +0.000000E+00
 +0.110366E+01 -0.100380E+03 +0.187125E+03 -0.206743E+02 +0.549287E+02 +0.399330E+01 +0.000000E+00 +0.000000E+00 +0.251173E-02 -0.143646E-02 +0.000000E+00 +0.151746E-03 +0.000000E+00 +0.000000E+00
 +0.110366E+01 -0.100390E+03 +0.185562E+03 -0.212599E+02 +0.542196E+02 +0.464945E+01 +0.000000E+00 +0.000000E+00 +0.249550E-02 -0.143411E-02 +0.000000E+00 +0.176679E-03 +0.000000E+00 +0.000000E+00
 +0.110366E+01 -0.100400E+03 +0.184013E+03 -0.218448E+02 +0.535156E+02 +0.530289E+01 +0.000000E+00 +0.000000E+00 +0.247946E-02 -0.143185E-02 +0.000000E+00 +0.201510E-03 +0.000000E+00 +0.000000E+00
 +0.110366E+01 -0.100410E+03 +0.182586E+03 -0.224234E+02 +0.528538E+02 +0.593423E+01 +0.000000E+00 +0.000000E+00 +0.246492E-02 -0.143027E-02 +0.000000E+00 +0.225501E-03 +0.000000E+00 +0.000000E+00
 +0.110366E+01 -0.100420E+03 +0.181173E+03 -0.230011E+02 +0.521969E+02 +0.656268E+01 +0.000000E+00 +0.000000E+00 +0.245056E-02 -0.142876E-02 +0.000000E+00 +0.249382E-03 +0.000000E+00 +0.000000E+00
 +0.110366E+01 -0.100430E+03 +0.179870E+03 -0.235721E+02 +0.515785E+02 +0.716877E+01 +0.000000E+00 +0.000000E+00 +0.243755E-02 -0.142786E-02 +0.000000E+00 +0.272413E-03 +0.000000E+00 +0.000000E+00
 +0.110366E+01 -0.100440E+03 +0.178581E+03 -0.241420E+02 +0.509649E+02 +0.777182E+01 +0.000000E+00 +0.000000E+00 +0.242471E-02 -0.142703E-02 +0.000000E+00 +0.295329E-03 +0.000000E+00 +0.000000E+00
 +0.110366E+01 -0.100450E+03 +0.177392E+03 -0.247048E+02 +0.503867E+02 +0.835245E+01 +0.000000E+00 +0.000000E+00 +0.241309E-02 -0.142674E-02 +0.000000E+00 +0.317393E-03 +0.000000E+00 +0.000000E+00
 +0.110366E+01 -0.100460E+03 +0.176215E+03 -0.252664E+02 +0.498131E+02 +0.892990E+01 +0.000000E+00 +0.000000E+00 +0.240164E-02 -0.142651E-02 +0.000000E+00 +0.339336E-03 +0.000000E+00 +0.000000E+00
 +0.110366E+01 -0.100470E+03 +0.175130E+03 -0.258204E+02 +0.492720E+02 +0.948507E+01 +0.000000E+00 +0.000000E+00 +0.239129E-02 -0.142676E-02 +0.000000E+00 +0.360432E-03 +0.000000E+00 +0.000000E+00
 +0.110366E+01 -0.100480E+03 +0.174056E+03 -0.263731E+02 +0.487355E+02 +0.100369E+02 +0.000000E+00 +0.000000E+00 +0.238110E-02 -0.142706E-02 +0.000000E+00 +0.381403E-03 +0.000000E+00 +0.000000E+00
 +0.110366E+01 -0.100490E+03 +0.173066E+03 -0.269178E+02 +0.482289E+02 +0.105667E+02 +0.000000E+00 +0.000000E+00 +0.237191E-02 -0.142779E-02 +0.000000E+00 +0.401536E-03 +0.000000E+00 +0.000000E+00
 +0.110366E+01 -0.100500E+03 +0.172088E+03 -0.274612E+02 +0.477267E+02 +0.110931E+02 +0.000000E+00 +0.000000E+00 +0.236286E-02 -0.142857E-02 +0.000000E+00 +0.421539E-03 +0.000000E+00 +0.000000E+00
 +0.110366E+01 -0.100510E+03 +0.171185E+03 -0.279962E+02 +0.472522E+02 +0.115979E+02 +0.000000E+00 +0.000000E+00 +0.235472E-02 -0.142972E-02 +0.000000E+00 +0.440719E-03 +0.000000E+00 +0.000000E+00
 +0.110366E+01 -0.100520E+03 +0.170293E+03 -0.285298E+02 +0.467819E+02 +0.120991E+02 +0.000000E+00 +0.000000E+00 +0.234671E-02 -0.143092E-02 +0.000000E+00 +0.459766E-03 +0.000000E+00 +0.000000E+00
 +0.110366E+01 -0.100530E+03 +0.169471E+03 -0.290548E+02 +0.463373E+02 +0.125791E+02 +0.000000E+00 +0.000000E+00 +0.233954E-02 -0.143245E-02 +0.000000E+00 +0.478006E-03 +0.000000E+00 +0.000000E+00
 +0.110366E+01 -0.100540E+03 +0.168659E+03 -0.295782E+02 +0.458967E+02 +0.130555E+02 +0.000000E+00 +0.000000E+00 +0.233249E-02 -0.143402E-02 +0.000000E+00 +0.496111E-03 +0.000000E+00 +0.000000E+00
 +0.110366E+01 -0.100550E+03 +0.167910E+03 -0.300927E+02 +0.454799E+02 +0.135113E+02 +0.000000E+00 +0.000000E+00 +0.232618E-02 -0.143588E-02 +0.000000E+00 +0.513428E-03 +0.000000E+00 +0.000000E+00
 +0.110366E+01 -0.100560E+03 +0.167172E+03 -0.306056E+02 +0.450670E+02 +0.139634E+02 +0.000000E+00 +0.000000E+00 +0.232000E-02 -0.143778E-02 +0.000000E+00 +0.530608E-03 +0.000000E+00 +0.000000E+00
 +0.110366E+01 -0.100570E+03 +0.166492E+03 -0.311093E+02 +0.446762E+02 +0.143954E+02 +0.000000E+00 +0.000000E+00 +0.231449E-02 -0.143992E-02 +0.000000E+00 +0.547023E-03 +0.000000E+00 +0.000000E+00
 +0.110366E+01 -0.100580E+03 +0.165821E+03 -0.316114E+02 +0.442892E+02 +0.148237E+02 +0.000000E+00 +0.000000E+00 +0.230910E-02 -0.144211E-02 +0.000000E+00 +0.563299E-03 +0.000000E+00 +0.000000E+00
 +0.110366E+01 -0.100590E+03 +0.165203E+03 -0.321042E+02 +0.439226E+02 +0.152325E+02 +0.000000E+00 +0.000000E+00 +0.230433E-02 -0.144451E-02 +0.000000E+00 +0.578833E-03 +0.000000E+00 +0.000000E+00
 +0.110366E+01 -0.100600E+03 +0.164595E+03 -0.325952E+02 +0.435598E+02 +0.156376E+02 +0.000000E+00 +0.000000E+00 +0.229966E-02 -0.144694E-02 +0.000000E+00 +0.594227E-03 +0.000000E+00 +0.000000E+00
 +0.110366E+01 -0.100610E+03 +0.164034E+03 -0.330768E+02 +0.432160E+02 +0.160238E+02 +0.000000E+00 +0.000000E+00 +0.229555E-02 -0.144956E-02 +0.000000E+00 +0.608903E-03 +0.000000E+00 +0.000000E+00
 +0.110366E+01 -0.100620E+03 +0.163483E+03 -0.335565E+02 +0.428758E+02 +0.164063E+02 +0.000000E+00 +0.000000E+00 +0.229154E-02 -0.145221E-02 +0.000000E+00 +0.623439E-03 +0.000000E+00 +0.000000E+00
 +0.110366E+01 -0.100630E+03 +0.162976E+03 -0.340268E+02 +0.425533E+02 +0.167706E+02 +0.000000E+00 +0.000000E+00 +0.228804E-02 -0.145502E-02 +0.000000E+00 +0.637282E-03 +0.000000E+00 +0.000000E+00
 +0.110366E+01 -0.100640E+03 +0.162478E+03 -0.344951E+02 +0.422343E+02 +0.171312E+02 +0.000000E+00 +0.000000E+00 +0.228463E-02 -0.145786E-02 +0.000000E+00 +0.650985E-03 +0.000000E+00 +0.000000E+00
 +0.110366E+01 -0.100650E+03 +0.162020E+03 -0.349539E+02 +0.419318E+02 +0.174742E+02 +0.000000E+00 +0.000000E+00 +0.228168E-02 -0.146083E-02 +0.000000E+00 +0.664020E-03 +0.000000E+00 +0.000000E+00
 +0.110366E+01 -0.100660E+03 +0.161570E+03 -0.354106E+02 +0.416327E+02 +0.178135E+02 +0.000000E+00 +0.000000E+00 +0.227882E-02 -0.146382E-02 +0.000000E+00 +0.676915E-03 +0.000000E+00 +0.000000E+00
 +0.110366E+01 -0.100670E+03 +0.161158E+03 -0.358579E+02 +0.413490E+02 +0.181360E+02 +0.000000E+00 +0.000000E+00 +0.227637E-02 -0.146693E-02 +0.000000E+00 +0.689168E-03 +0.000000E+00 +0.000000E+00
 +0.110366E+01 -0.100680E+03 +0.160753E+03 -0.363030E+02 +0.410686E+02 +0.184548E+02 +0.000000E+00 +0.000000E+00 +0.227401E-02 -0.147006E-02 +0.000000E+00 +0.701282E-03 +0.000000E+00 +0.000000E+00
 +0.110366E+01 -0.100690E+03 +0.160383E+03 -0.367387E+02 +0.408025E+02 +0.187574E+02 +0.000000E+00 +0.000000E+00 +0.227202E-02 -0.147328E-02 +0.000000E+00 +0.712780E-03 +0.000000E+00 +0.000000E+00
 +0.110366E+01 -0.100700E+03 +0.160019E+03 -0.371721E+02 +0.405395E+02 +0.190563E+02 +0.000000E+00 +0.000000E+00 +0.227011E-02 -0.147652E-02 +0.000000E+00 +0.724140E-03 +0.000000E+00 +0.000000E+00
 +0.110366E+01 -0.100710E+03 +0.159687E+03 -0.375961E+02 +0.402901E+02 +0.193397E+02 +0.000000E+00 +0.000000E+00 +0.226855E-02 -0.147984E-02 +0.000000E+00 +0.734909E-03 +0.000000E+00 +0.000000E+00
 +0.110366E+01 -0.100720E+03 +0.159362E+03 -0.380179E+02 +0.400436E+02 +0.196195E+02 +0.000000E+00 +0.000000E+00 +0.226705E-02 -0.148317E-02 +0.000000E+00 +0.745540E-03 +0.000000E+00 +0.000000E+00
 +0.110366E+01 -0.100730E+03 +0.159066E+03 -0.384303E+02 +0.398097E+02 +0.198844E+02 +0.000000E+00 +0.000000E+00 +0.226587E-02 -0.148656E-02 +0.000000E+00 +0.755607E-03 +0.000000E+00 +0.000000E+00
 +0.110366E+01 -0.100740E+03 +0.158776E+03 -0.388403E+02 +0.395788E+02 +0.201457E+02 +0.000000E+00 +0.000000E+00 +0.226475E-02 -0.148996E-02 +0.000000E+00 +0.765537E-03 +0.000000E+00 +0.000000E+00
 +0.110366E+01 -0.100750E+03 +0.158513E+03 -0.392411E+02 +0.393596E+02 +0.203928E+02 +0.000000E+00 +0.000000E+00 +0.226391E-02 -0.149341E-02 +0.000000E+00 +0.774928E-03 +0.000000E+00 +0.000000E+00
 +0.110366E+01 -0.100760E+03 +0.158256E+03 -0.396395E+02 +0.391433E+02 +0.206364E+02 +0.000000E+00 +0.000000E+00 +0.226313E-02 -0.149687E-02 +0.000000E+00 +0.784184E-03 +0.000000E+00 +0.000000E+00
 +0.110366E+01 -0.100770E+03 +0.158023E+03 -0.400288E+02 +0.389379E+02 +0.208664E+02 +0.000000E+00 +0.000000E+00 +0.226261E-02 -0.150037E-02 +0.000000E+00 +0.792924E-03 +0.000000E+00 +0.000000E+00
 +0.110366E+01 -0.100780E+03 +0.157796E+03 -0.404156E+02 +0.387354E+02 +0.210929E+02 +0.000000E+00 +0.000000E+00 +0.226214E-02 -0.150387E-02 +0.000000E+00 +0.801531E-03 +0.000000E+00 +0.000000E+00
 +0.110366E+01 -0.100790E+03 +0.157591E+03 -0.407934E+02 +0.385431E+02 +0.213065E+02 +0.000000E+00 +0.000000E+00 +0.226190E-02 -0.150739E-02 +0.000000E+00 +0.809646E-03 +0.000000E+00 +0.000000E+00
 +0.110366E+01 -0.100800E+03 +0.157391E+03 -0.411688E+02 +0.383535E+02 +0.215166E+02 +0.000000E+00 +0.000000E+00 +0.226172E-02 -0.151092E-02 +0.000000E+00 +0.817631E-03 +0.000000E+00 +0.000000E+00
 +0.110366E+01 -0.100810E+03 +0.157213E+03 -0.415352E+02 +0.381735E+02 +0.217144E+02 +0.000000E+00 +0.000000E+00 +0.226174E-02 -0.151447E-02 +0.000000E+00 +0.825147E-03 +0.000000E+00 +0.000000E+00
 +0.110366E+01 -0.100820E+03 +0.157039E+03 -0.418992E+02 +0.379962E+02 +0.219088E+02 +0.000000E+00 +0.000000E+00 +0.226182E-02 -0.151801E-02 +0.000000E+00 +0.832534E-03 +0.000000E+00 +0.000000E+00
 +0.110366E+01 -0.100830E+03 +0.156884E+03 -0.422544E+02 +0.378278E+02 +0.220914E+02 +0.000000E+00 +0.000000E+00 +0.226207E-02 -0.152156E-02 +0.000000E+00 +0.839474E-03 +0.000000E+00 +0.000000E+00
 +0.110366E+01 -0.100840E+03 +0.156734E+03 -0.426070E+02 +0.376620E+02 +0.222708E+02 +0.000000E+00 +0.000000E+00 +0.226237E-02 -0.152511E-02 +0.000000E+00 +0.846289E-03 +0.000000E+00 +0.000000E+00
 +0.110366E+01 -0.100850E+03 +0.156602E+03 -0.429511E+02 +0.375047E+02 +0.224389E+02 +0.000000E+00 +0.000000E+00 +0.226284E-02 -0.152866E-02 +0.000000E+00 +0.852678E-03 +0.000000E+00 +0.000000E+00
 +0.110366E+01 -0.100860E+03 +0.156474E+03 -0.432926E+02 +0.373498E+02 +0.226038E+02 +0.000000E+00 +0.000000E+00 +0.226336E-02 -0.153221E-02 +0.000000E+00 +0.858943E-03 +0.000000E+00 +0.000000E+00
 +0.110366E+01 -0.100870E+03 +0.156361E+03 -0.436257E+02 +0.372028E+02 +0.227580E+02 +0.000000E+00 +0.000000E+00 +0.226401E-02 -0.153574E-02 +0.000000E+00 +0.864805E-03 +0.000000E+00 +0.000000E+00
 +0.110366E+01 -0.100880E+03 +0.156254E+03 -0.439562E+02 +0.370582E+02 +0.229091E+02 +0.000000E+00 +0.000000E+00 +0.226472E-02 -0.153927E-02 +0.000000E+00 +0.870545E-03 +0.000000E+00 +0.000000E+00
 +0.110366E+01 -0.100890E+03 +0.156160E+03 -0.442785E+02 +0.369210E+02 +0.230500E+02 +0.000000E+00 +0.000000E+00 +0.226555E-02 -0.154279E-02 +0.000000E+00 +0.875901E-03 +0.000000E+00 +0.000000E+00
 +0.110366E+01 -0.100900E+03 +0.156071E+03 -0.445982E+02 +0.367861E+02 +0.231879E+02 +0.000000E+00 +0.000000E+00 +0.226642E-02 -0.154630E-02 +0.000000E+00 +0.881139E-03 +0.000000E+00 +0.000000E+00
 +0.110366E+01 -0.100910E+03 +0.155995E+03 -0.449098E+02 +0.366582E+02 +0.233161E+02 +0.000000E+00 +0.000000E+00 +0.226741E-02 -0.154979E-02 +0.000000E+00 +0.886011E-03 +0.000000E+00 +0.000000E+00
 +0.110366E+01 -0.100920E+03 +0.155923E+03 -0.452188E+02 +0.365326E+02 +0.234413E+02 +0.000000E+00 +0.000000E+00 +0.226843E-02 -0.155328E-02 +0.000000E+00 +0.890769E-03 +0.000000E+00 +0.000000E+00
 +0.110366E+01 -0.100930E+03 +0.155864E+03 -0.455199E+02 +0.364134E+02 +0.235574E+02 +0.000000E+00 +0.000000E+00 +0.226955E-02 -0.155673E-02 +0.000000E+00 +0.895179E-03 +0.000000E+00 +0.000000E+00
 +0.110366E+01 -0.100940E+03 +0.155808E+03 -0.458184E+02 +0.362964E+02 +0.236705E+02 +0.000000E+00 +0.000000E+00 +0.227071E-02 -0.156018E-02 +0.000000E+00 +0.899477E-03 +0.000000E+00 +0.000000E+00
 +0.110366E+01 -0.100950E+03 +0.155763E+03 -0.461092E+02 +0.361856E+02 +0.237749E+02 +0.000000E+00 +0.000000E+00 +0.227196E-02 -0.156360E-02 +0.000000E+00 +0.903447E-03 +0.000000E+00 +0.000000E+00
 +0.110366E+01 -0.100960E+03 +0.155721E+03 -0.463974E+02 +0.360769E+02 +0.238765E+02 +0.000000E+00 +0.000000E+00 +0.227324E-02 -0.156701E-02 +0.000000E+00 +0.907307E-03 +0.000000E+00 +0.000000E+00
 +0.110366E+01 -0.100970E+03 +0.155690E+03 -0.466781E+02 +0.359739E+02 +0.239699E+02 +0.000000E+00 +0.000000E+00 +0.227461E-02 -0.157039E-02 +0.000000E+00 +0.910855E-03 +0.000000E+00 +0.000000E+00
 +0.110366E+01 -0.100980E+03 +0.155662E+03 -0.469561E+02 +0.358730E+02 +0.240604E+02 +0.000000E+00 +0.000000E+00 +0.227599E-02 -0.157375E-02 +0.000000E+00 +0.914296E-03 +0.000000E+00 +0.000000E+00
 +0.110366E+01 -0.100990E+03 +0.155643E+03 -0.472269E+02 +0.357774E+02 +0.241432E+02 +0.000000E+00 +0.000000E+00 +0.227745E-02 -0.157708E-02 +0.000000E+00 +0.917442E-03 +0.000000E+00 +0.000000E+00
 +0.110366E+01 -0.101000E+03 +0.155628E+03 -0.474950E+02 +0.356839E+02 +0.242233E+02 +0.000000E+00 +0.000000E+00 +0.227894E-02 -0.158040E-02 +0.000000E+00 +0.920484E-03 +0.000000E+00 +0.000000E+00
 +0.110366E+01 -0.101010E+03 +0.155621E+03 -0.477560E+02 +0.355954E+02 +0.242960E+02 +0.000000E+00 +0.000000E+00 +0.228048E-02 -0.158368E-02 +0.000000E+00 +0.923246E-03 +0.000000E+00 +0.000000E+00
 +0.110366E+01 -0.101020E+03 +0.155617E+03 -0.480143E+02 +0.355088E+02 +0.243660E+02 +0.000000E+00 +0.000000E+00 +0.228205E-02 -0.158694E-02 +0.000000E+00 +0.925907E-03 +0.000000E+00 +0.000000E+00
 +0.110366E+01 -0.101030E+03 +0.155620E+03 -0.482658E+02 +0.354270E+02 +0.244291E+02 +0.000000E+00 +0.000000E+00 +0.228367E-02 -0.159016E-02 +0.000000E+00 +0.928304E-03 +0.000000E+00 +0.000000E+00
 +0.110366E+01 -0.101040E+03 +0.155627E+03 -0.485146E+02 +0.353470E+02 +0.244895E+02 +0.000000E+00 +0.000000E+00 +0.228531E-02 -0.159337E-02 +0.000000E+00 +0.930603E-03 +0.000000E+00 +0.000000E+00
 +0.110366E+01 -0.101050E+03 +0.155640E+03 -0.487567E+02 +0.352715E+02 +0.245435E+02 +0.000000E+00 +0.000000E+00 +0.228700E-02 -0.159654E-02 +0.000000E+00 +0.932651E-03 +0.000000E+00 +0.000000E+00
 +0.110366E+01 -0.101060E+03 +0.155656E+03 -0.489962E+02 +0.351978E+02 +0.245948E+02 +0.000000E+00 +0.000000E+00 +0.228871E-02 -0.159969E-02 +0.000000E+00 +0.934604E-03 +0.000000E+00 +0.000000E+00
 +0.110366E+01 -0.101070E+03 +0.155679E+03 -0.492291E+02 +0.351283E+02 +0.246400E+02 +0.000000E+00 +0.000000E+00 +0.229046E-02 -0.160279E-02 +0.000000E+00 +0.936321E-03 +0.000000E+00 +0.000000E+00
 +0.110366E+01 -0.101080E+03 +0.155704E+03 -0.494595E+02 +0.350605E+02 +0.246828E+02 +0.000000E+00 +0.000000E+00 +0.229222E-02 -0.160588E-02 +0.000000E+00 +0.937945E-03 +0.000000E+00 +0.000000E+00
 +0.110366E+01 -0.101090E+03 +0.155734E+03 -0.496835E+02 +0.349968E+02 +0.247196E+02 +0.000000E+00 +0.000000E+00 +0.229401E-02 -0.160892E-02 +0.000000E+00 +0.939346E-03 +0.000000E+00 +0.000000E+00
 +0.110366E+01 -0.101100E+03 +0.155767E+03 -0.499049E+02 +0.349346E+02 +0.247541E+02 +0.000000E+00 +0.000000E+00 +0.229582E-02 -0.161195E-02 +0.000000E+00 +0.940657E-03 +0.000000E+00 +0.000000E+00
 +0.110366E+01 -0.101110E+03 +0.155806E+03 -0.501201E+02 +0.348762E+02 +0.247831E+02 +0.000000E+00 +0.000000E+00 +0.229766E-02 -0.161493E-02 +0.000000E+00 +0.941757E-03 +0.000000E+00 +0.000000E+00
 +0.110366E+01 -0.101120E+03 +0.155846E+03 -0.503328E+02 +0.348194E+02 +0.248097E+02 +0.000000E+00 +0.000000E+00 +0.229951E-02 -0.161789E-02 +0.000000E+00 +0.942770E-03 +0.000000E+00 +0.000000E+00
 +0.110366E+01 -0.101130E+03 +0.155891E+03 -0.505395E+02 +0.347661E+02 +0.248312E+02 +0.000000E+00 +0.000000E+00 +0.230138E-02 -0.162081E-02 +0.000000E+00 +0.943585E-03 +0.000000E+00 +0.000000E+00
 +0.110366E+01 -0.101140E+03 +0.155939E+03 -0.507436E+02 +0.347144E+02 +0.248504E+02 +0.000000E+00 +0.000000E+00 +0.230326E-02 -0.162370E-02 +0.000000E+00 +0.944315E-03 +0.000000E+00 +0.000000E+00
 +0.110366E+01 -0.101150E+03 +0.155990E+03 -0.509420E+02 +0.346659E+02 +0.248647E+02 +0.000000E+00 +0.000000E+00 +0.230516E-02 -0.162655E-02 +0.000000E+00 +0.944858E-03 +0.000000E+00 +0.000000E+00
 +0.110366E+01 -0.101160E+03 +0.156044E+03 -0.511378E+02 +0.346190E+02 +0.248768E+02 +0.000000E+00 +0.000000E+00 +0.230707E-02 -0.162938E-02 +0.000000E+00 +0.945320E-03 +0.000000E+00 +0.000000E+00
 +0.110366E+01 -0.101170E+03 +0.156101E+03 -0.513280E+02 +0.345751E+02 +0.248843E+02 +0.000000E+00 +0.000000E+00 +0.230899E-02 -0.163216E-02 +0.000000E+00 +0.945605E-03 +0.000000E+00 +0.000000E+00
 +0.110366E+01 -0.101180E+03 +0.156160E+03 -0.515157E+02 +0.345327E+02 +0.248898E+02 +0.000000E+00 +0.000000E+00 +0.231092E-02 -0.163492E-02 +0.000000E+00 +0.945811E-03 +0.000000E+00 +0.000000E+00
 +0.110366E+01 -0.101190E+03 +0.156223E+03 -0.516980E+02 +0.344933E+02 +0.248908E+02 +0.000000E+00 +0.000000E+00 +0.231287E-02 -0.163763E-02 +0.000000E+00 +0.945851E-03 +0.000000E+00 +0.000000E+00
 +0.110366E+01 -0.101200E+03 +0.156287E+03 -0.518777E+02 +0.344552E+02 +0.248899E+02 +0.000000E+00 +0.000000E+00 +0.231481E-02 -0.164032E-02 +0.000000E+00 +0.945815E-03 +0.000000E+00 +0.000000E+00
 +0.110366E+01 -0.101210E+03 +0.156355E+03 -0.520522E+02 +0.344198E+02 +0.248848E+02 +0.000000E+00 +0.000000E+00 +0.231676E-02 -0.164297E-02 +0.000000E+00 +0.945623E-03 +0.000000E+00 +0.000000E+00
 +0.110366E+01 -0.101220E+03 +0.156424E+03 -0.522243E+02 +0.343858E+02 +0.248778E+02 +0.000000E+00 +0.000000E+00 +0.231872E-02 -0.164559E-02 +0.000000E+00 +0.945357E-03 +0.000000E+00 +0.000000E+00
 +0.110366E+01 -0.101230E+03 +0.156496E+03 -0.523912E+02 +0.343545E+02 +0.248669E+02 +0.000000E+00 +0.000000E+00 +0.232068E-02 -0.164817E-02 +0.000000E+00 +0.944944E-03 +0.000000E+00 +0.000000E+00
 +0.110366E+01 -0.101240E+03 +0.156569E+03 -0.525557E+02 +0.343243E+02 +0.248542E+02 +0.000000E+00 +0.000000E+00 +0.232265E-02 -0.165072E-02 +0.000000E+00 +0.944460E-03 +0.000000E+00 +0.000000E+00
 +0.110366E+01 -0.101250E+03 +0.156645E+03 -0.527153E+02 +0.342967E+02 +0.248379E+02 +0.000000E+00 +0.000000E+00 +0.232461E-02 -0.165323E-02 +0.000000E+00 +0.943838E-03 +0.000000E+00 +0.000000E+00
 +0.110366E+01 -0.101260E+03 +0.156722E+03 -0.528725E+02 +0.342702E+02 +0.248197E+02 +0.000000E+00 +0.000000E+00 +0.232658E-02 -0.165571E-02 +0.000000E+00 +0.943148E-03 +0.000000E+00 +0.000000E+00
 +0.110366E+01 -0.101270E+03 +0.156801E+03 -0.530249E+02 +0.342461E+02 +0.247981E+02 +0.000000E+00 +0.000000E+00 +0.232854E-02 -0.165815E-02 +0.000000E+00 +0.942329E-03 +0.000000E+00 +0.000000E+00
 +0.110366E+01 -0.101280E+03 +0.156882E+03 -0.531749E+02 +0.342232E+02 +0.247748E+02 +0.000000E+00 +0.000000E+00 +0.233051E-02 -0.166056E-02 +0.000000E+00 +0.941443E-03 +0.000000E+00 +0.000000E+00
 +0.110366E+01 -0.101290E+03 +0.156964E+03 -0.533204E+02 +0.342024E+02 +0.247483E+02 +0.000000E+00 +0.000000E+00 +0.233247E-02 -0.166293E-02 +0.000000E+00 +0.940436E-03 +0.000000E+00 +0.000000E+00
 +0.110366E+01 -0.101300E+03 +0.157048E+03 -0.534635E+02 +0.341828E+02 +0.247202E+02 +0.000000E+00 +0.000000E+00 +0.233443E-02 -0.166528E-02 +0.000000E+00 +0.939366E-03 +0.000000E+00 +0.000000E+00
 +0.110366E+01 -0.101310E+03 +0.157133E+03 -0.536021E+02 +0.341652E+02 +0.246890E+02 +0.000000E+00 +0.000000E+00 +0.233639E-02 -0.166758E-02 +0.000000E+00 +0.938182E-03 +0.000000E+00 +0.000000E+00
 +0.110366E+01 -0.101320E+03 +0.157220E+03 -0.537384E+02 +0.341488E+02 +0.246562E+02 +0.000000E+00 +0.000000E+00 +0.233834E-02 -0.166986E-02 +0.000000E+00 +0.936937E-03 +0.000000E+00 +0.000000E+00
 +0.110366E+01 -0.101330E+03 +0.157308E+03 -0.538704E+02 +0.341342E+02 +0.246207E+02 +0.000000E+00 +0.000000E+00 +0.234029E-02 -0.167209E-02 +0.000000E+00 +0.935585E-03 +0.000000E+00 +0.000000E+00
 +0.110366E+01 -0.101340E+03 +0.157396E+03 -0.540001E+02 +0.341208E+02 +0.245836E+02 +0.000000E+00 +0.000000E+00 +0.234224E-02 -0.167430E-02 +0.000000E+00 +0.934175E-03 +0.000000E+00 +0.000000E+00
 +0.110366E+01 -0.101350E+03 +0.157487E+03 -0.541257E+02 +0.341091E+02 +0.245438E+02 +0.000000E+00 +0.000000E+00 +0.234417E-02 -0.167646E-02 +0.000000E+00 +0.932665E-03 +0.000000E+00 +0.000000E+00
 +0.110366E+01 -0.101360E+03 +0.157578E+03 -0.542490E+02 +0.340984E+02 +0.245026E+02 +0.000000E+00 +0.000000E+00 +0.234610E-02 -0.167860E-02 +0.000000E+00 +0.931099E-03 +0.000000E+00 +0.000000E+00
 +0.110366E+01 -0.101370E+03 +0.157670E+03 -0.543684E+02 +0.340895E+02 +0.244589E+02 +0.000000E+00 +0.000000E+00 +0.234803E-02 -0.168070E-02 +0.000000E+00 +0.929440E-03 +0.000000E+00 +0.000000E+00
 +0.110366E+01 -0.101380E+03 +0.157763E+03 -0.544854E+02 +0.340816E+02 +0.244139E+02 +0.000000E+00 +0.000000E+00 +0.234994E-02 -0.168277E-02 +0.000000E+00 +0.927727E-03 +0.000000E+00 +0.000000E+00
 +0.110366E+01 -0.101390E+03 +0.157857E+03 -0.545987E+02 +0.340752E+02 +0.243665E+02 +0.000000E+00 +0.000000E+00 +0.235185E-02 -0.168480E-02 +0.000000E+00 +0.925927E-03 +0.000000E+00 +0.000000E+00
 +0.110366E+01 -0.101400E+03 +0.157952E+03 -0.547097E+02 +0.340698E+02 +0.243178E+02 +0.000000E+00 +0.000000E+00 +0.235375E-02 -0.168681E-02 +0.000000E+00 +0.924076E-03 +0.000000E+00 +0.000000E+00
 +0.110366E+01 -0.101410E+03 +0.158047E+03 -0.548170E+02 +0.340659E+02 +0.242669E+02 +0.000000E+00 +0.000000E+00 +0.235564E-02 -0.168878E-02 +0.000000E+00 +0.922143E-03 +0.000000E+00 +0.000000E+00
 +0.110366E+01 -0.101420E+03 +0.158143E+03 -0.549221E+02 +0.340629E+02 +0.242148E+02 +0.000000E+00 +0.000000E+00 +0.235752E-02 -0.169072E-02 +0.000000E+00 +0.920161E-03 +0.000000E+00 +0.000000E+00
 +0.110366E+01 -0.101430E+03 +0.158240E+03 -0.550237E+02 +0.340614E+02 +0.241606E+02 +0.000000E+00 +0.000000E+00 +0.235939E-02 -0.169262E-02 +0.000000E+00 +0.918103E-03 +0.000000E+00 +0.000000E+00
 +0.110366E+01 -0.101440E+03 +0.158337E+03 -0.551231E+02 +0.340607E+02 +0.241052E+02 +0.000000E+00 +0.000000E+00 +0.236126E-02 -0.169449E-02 +0.000000E+00 +0.916000E-03 +0.000000E+00 +0.000000E+00
 +0.110366E+01 -0.101450E+03 +0.158435E+03 -0.552191E+02 +0.340614E+02 +0.240480E+02 +0.000000E+00 +0.000000E+00 +0.236311E-02 -0.169633E-02 +0.000000E+00 +0.913824E-03 +0.000000E+00 +0.000000E+00
 +0.110366E+01 -0.101460E+03 +0.158534E+03 -0.553129E+02 +0.340628E+02 +0.239896E+02 +0.000000E+00 +0.000000E+00 +0.236495E-02 -0.169814E-02 +0.000000E+00 +0.911605E-03 +0.000000E+00 +0.000000E+00
 +0.110366E+01 -0.101470E+03 +0.158633E+03 -0.554035E+02 +0.340656E+02 +0.239295E+02 +0.000000E+00 +0.000000E+00 +0.236677E-02 -0.169991E-02 +0.000000E+00 +0.909319E-03 +0.000000E+00 +0.000000E+00
 +0.110366E+01 -0.101480E+03 +0.158732E+03 -0.554919E+02 +0.340692E+02 +0.238682E+02 +0.000000E+00 +0.000000E+00 +0.236859E-02 -0.170166E-02 +0.000000E+00 +0.906992E-03 +0.000000E+00 +0.000000E+00
 +0.110366E+01 -0.101490E+03 +0.158832E+03 -0.555772E+02 +0.340739E+02 +0.238053E+02 +0.000000E+00 +0.000000E+00 +0.237039E-02 -0.170337E-02 +0.000000E+00 +0.904602E-03 +0.000000E+00 +0.000000E+00
 +0.110366E+01 -0.101500E+03 +0.158931E+03 -0.556603E+02 +0.340795E+02 +0.237414E+02 +0.000000E+00 +0.000000E+00 +0.237219E-02 -0.170506E-02 +0.000000E+00 +0.902173E-03 +0.000000E+00 +0.000000E+00
 +0.110366E+01 -0.101510E+03 +0.159032E+03 -0.557405E+02 +0.340861E+02 +0.236760E+02 +0.000000E+00 +0.000000E+00 +0.237397E-02 -0.170670E-02 +0.000000E+00 +0.899687E-03 +0.000000E+00 +0.000000E+00
 +0.110366E+01 -0.101520E+03 +0.159132E+03 -0.558185E+02 +0.340935E+02 +0.236095E+02 +0.000000E+00 +0.000000E+00 +0.237573E-02 -0.170833E-02 +0.000000E+00 +0.897163E-03 +0.000000E+00 +0.000000E+00
 +0.110366E+01 -0.101530E+03 +0.159233E+03 -0.558936E+02 +0.341020E+02 +0.235417E+02 +0.000000E+00 +0.000000E+00 +0.237749E-02 -0.170992E-02 +0.000000E+00 +0.894585E-03 +0.000000E+00 +0.000000E+00
 +0.110366E+01 -0.101540E+03 +0.159334E+03 -0.559666E+02 +0.341111E+02 +0.234729E+02 +0.000000E+00 +0.000000E+00 +0.237923E-02 -0.171148E-02 +0.000000E+00 +0.891971E-03 +0.000000E+00 +0.000000E+00
 +0.110366E+01 -0.101550E+03 +0.159435E+03 -0.560368E+02 +0.341213E+02 +0.234028E+02 +0.000000E+00 +0.000000E+00 +0.238095E-02 -0.171300E-02 +0.000000E+00 +0.889308E-03 +0.000000E+00 +0.000000E+00
 +0.110366E+01 -0.101560E+03 +0.159536E+03 -0.561050E+02 +0.341321E+02 +0.233318E+02 +0.000000E+00 +0.000000E+00 +0.238267E-02 -0.171451E-02 +0.000000E+00 +0.886610E-03 +0.000000E+00 +0.000000E+00
 +0.110366E+01 -0.101570E+03 +0.159637E+03 -0.561704E+02 +0.341440E+02 +0.232596E+02 +0.000000E+00 +0.000000E+00 +0.238437E-02 -0.171597E-02 +0.000000E+00 +0.883865E-03 +0.000000E+00 +0.000000E+00
 +0.110366E+01 -0.101580E+03 +0.159738E+03 -0.562337E+02 +0.341564E+02 +0.231865E+02 +0.000000E+00 +0.000000E+00 +0.238605E-02 -0.171741E-02 +0.000000E+00 +0.881087E-03 +0.000000E+00 +0.000000E+00
 +0.110366E+01 -0.101590E+03 +0.159839E+03 -0.562942E+02 +0.341698E+02 +0.231123E+02 +0.000000E+00 +0.000000E+00 +0.238772E-02 -0.171882E-02 +0.000000E+00 +0.878266E-03 +0.000000E+00 +0.000000E+00
 +0.110366E+01 -0.101600E+03 +0.159940E+03 -0.563527E+02 +0.341839E+02 +0.230371E+02 +0.000000E+00 +0.000000E+00 +0.238937E-02 -0.172020E-02 +0.000000E+00 +0.875411E-03 +0.000000E+00 +0.000000E+00
 +0.110366E+01 -0.101610E+03 +0.160041E+03 -0.564085E+02 +0.341989E+02 +0.229608E+02 +0.000000E+00 +0.000000E+00 +0.239101E-02 -0.172154E-02 +0.000000E+00 +0.872510E-03 +0.000000E+00 +0.000000E+00
 +0.110366E+01 -0.101620E+03 +0.160143E+03 -0.564619E+02 +0.342146E+02 +0.228834E+02 +0.000000E+00 +0.000000E+00 +0.239263E-02 -0.172285E-02 +0.000000E+00 +0.869569E-03 +0.000000E+00 +0.000000E+00
 +0.110366E+01 -0.101630E+03 +0.160243E+03 -0.565125E+02 +0.342312E+02 +0.228046E+02 +0.000000E+00 +0.000000E+00 +0.239423E-02 -0.172413E-02 +0.000000E+00 +0.866577E-03 +0.000000E+00 +0.000000E+00
 +0.110366E+01 -0.101640E+03 +0.160347E+03 -0.565669E+02 +0.342475E+02 +0.227081E+02 +0.000000E+00 +0.000000E+00 +0.239589E-02 -0.172547E-02 +0.000000E+00 +0.862909E-03 +0.000000E+00 +0.000000E+00
 +0.110366E+01 -0.101650E+03 +0.160454E+03 -0.566260E+02 +0.342632E+02 +0.225896E+02 +0.000000E+00 +0.000000E+00 +0.239762E-02 -0.172690E-02 +0.000000E+00 +0.858404E-03 +0.000000E+00 +0.000000E+00
 +0.110366E+01 -0.101660E+03 +0.160559E+03 -0.566713E+02 +0.342829E+02 +0.225060E+02 +0.000000E+00 +0.000000E+00 +0.239924E-02 -0.172813E-02 +0.000000E+00 +0.855228E-03 +0.000000E+00 +0.000000E+00
 +0.110366E+01 -0.101670E+03 +0.160662E+03 -0.566990E+02 +0.343076E+02 +0.224640E+02 +0.000000E+00 +0.000000E+00 +0.240072E-02 -0.172913E-02 +0.000000E+00 +0.853630E-03 +0.000000E+00 +0.000000E+00
 +0.110366E+01 -0.101680E+03 +0.160773E+03 -0.567231E+02 +0.343363E+02 +0.224021E+02 +0.000000E+00 +0.000000E+00 +0.240229E-02 -0.173013E-02 +0.000000E+00 +0.851281E-03 +0.000000E+00 +0.000000E+00
 +0.110366E+01 -0.101690E+03 +0.160886E+03 -0.567556E+02 +0.343630E+02 +0.223160E+02 +0.000000E+00 +0.000000E+00 +0.240394E-02 -0.173125E-02 +0.000000E+00 +0.848008E-03 +0.000000E+00 +0.000000E+00
 +0.110366E+01 -0.101700E+03 +0.160991E+03 -0.567942E+02 +0.343850E+02 +0.222298E+02 +0.000000E+00 +0.000000E+00 +0.240552E-02 -0.173241E-02 +0.000000E+00 +0.844732E-03 +0.000000E+00 +0.000000E+00
 +0.110366E+01 -0.101710E+03 +0.161089E+03 -0.568317E+02 +0.344050E+02 +0.221516E+02 +0.000000E+00 +0.000000E+00 +0.240700E-02 -0.173350E-02 +0.000000E+00 +0.841760E-03 +0.000000E+00 +0.000000E+00
 +0.110366E+01 -0.101720E+03 +0.161186E+03 -0.568771E+02 +0.344220E+02 +0.220621E+02 +0.000000E+00 +0.000000E+00 +0.240852E-02 -0.173468E-02 +0.000000E+00 +0.838361E-03 +0.000000E+00 +0.000000E+00
 +0.110366E+01 -0.101730E+03 +0.161268E+03 -0.569133E+02 +0.344372E+02 +0.219703E+02 +0.000000E+00 +0.000000E+00 +0.240979E-02 -0.173566E-02 +0.000000E+00 +0.834871E-03 +0.000000E+00 +0.000000E+00
 +0.110366E+01 -0.101740E+03 +0.161351E+03 -0.569427E+02 +0.344549E+02 +0.218781E+02 +0.000000E+00 +0.000000E+00 +0.241103E-02 -0.173655E-02 +0.000000E+00 +0.831366E-03 +0.000000E+00 +0.000000E+00
 +0.110366E+01 -0.101750E+03 +0.161444E+03 -0.569660E+02 +0.344778E+02 +0.217864E+02 +0.000000E+00 +0.000000E+00 +0.241236E-02 -0.173743E-02 +0.000000E+00 +0.827883E-03 +0.000000E+00 +0.000000E+00
 +0.110366E+01 -0.101760E+03 +0.161534E+03 -0.570160E+02 +0.344909E+02 +0.216991E+02 +0.000000E+00 +0.000000E+00 +0.241382E-02 -0.173863E-02 +0.000000E+00 +0.824567E-03 +0.000000E+00 +0.000000E+00
 +0.110366E+01 -0.101770E+03 +0.161618E+03 -0.570650E+02 +0.345024E+02 +0.216126E+02 +0.000000E+00 +0.000000E+00 +0.241519E-02 -0.173978E-02 +0.000000E+00 +0.821278E-03 +0.000000E+00 +0.000000E+00
 +0.110366E+01 -0.101780E+03 +0.161698E+03 -0.570935E+02 +0.345194E+02 +0.215237E+02 +0.000000E+00 +0.000000E+00 +0.241639E-02 -0.174064E-02 +0.000000E+00 +0.817899E-03 +0.000000E+00 +0.000000E+00
 +0.110366E+01 -0.101790E+03 +0.161777E+03 -0.571220E+02 +0.345363E+02 +0.214348E+02 +0.000000E+00 +0.000000E+00 +0.241758E-02 -0.174151E-02 +0.000000E+00 +0.814521E-03 +0.000000E+00 +0.000000E+00
 +0.110366E+01 -0.101800E+03 +0.161874E+03 -0.571598E+02 +0.345556E+02 +0.213464E+02 +0.000000E+00 +0.000000E+00 +0.241904E-02 -0.174259E-02 +0.000000E+00 +0.811165E-03 +0.000000E+00 +0.000000E+00
 +0.110366E+01 -0.101810E+03 +0.161979E+03 -0.571987E+02 +0.345776E+02 +0.212586E+02 +0.000000E+00 +0.000000E+00 +0.242063E-02 -0.174375E-02 +0.000000E+00 +0.807829E-03 +0.000000E+00 +0.000000E+00
 +0.110366E+01 -0.101820E+03 +0.162096E+03 -0.571898E+02 +0.346190E+02 +0.211738E+02 +0.000000E+00 +0.000000E+00 +0.242206E-02 -0.174437E-02 +0.000000E+00 +0.804605E-03 +0.000000E+00 +0.000000E+00
 +0.110366E+01 -0.101830E+03 +0.162213E+03 -0.571810E+02 +0.346604E+02 +0.210890E+02 +0.000000E+00 +0.000000E+00 +0.242349E-02 -0.174499E-02 +0.000000E+00 +0.801381E-03 +0.000000E+00 +0.000000E+00
 +0.110366E+01 -0.101840E+03 +0.162314E+03 -0.571839E+02 +0.346929E+02 +0.210066E+02 +0.000000E+00 +0.000000E+00 +0.242480E-02 -0.174566E-02 +0.000000E+00 +0.798250E-03 +0.000000E+00 +0.000000E+00
 +0.110366E+01 -0.101850E+03 +0.162411E+03 -0.571901E+02 +0.347229E+02 +0.209249E+02 +0.000000E+00 +0.000000E+00 +0.242607E-02 -0.174635E-02 +0.000000E+00 +0.795146E-03 +0.000000E+00 +0.000000E+00
 +0.110366E+01 -0.101860E+03 +0.162524E+03 -0.572052E+02 +0.347552E+02 +0.208381E+02 +0.000000E+00 +0.000000E+00 +0.242761E-02 -0.174725E-02 +0.000000E+00 +0.791847E-03 +0.000000E+00 +0.000000E+00
 +0.110366E+01 -0.101870E+03 +0.162650E+03 -0.572272E+02 +0.347894E+02 +0.207473E+02 +0.000000E+00 +0.000000E+00 +0.242934E-02 -0.174832E-02 +0.000000E+00 +0.788396E-03 +0.000000E+00 +0.000000E+00
 +0.110366E+01 -0.101880E+03 +0.162762E+03 -0.572473E+02 +0.348199E+02 +0.206555E+02 +0.000000E+00 +0.000000E+00 +0.243090E-02 -0.174928E-02 +0.000000E+00 +0.784908E-03 +0.000000E+00 +0.000000E+00
 +0.110366E+01 -0.101890E+03 +0.162848E+03 -0.572634E+02 +0.348428E+02 +0.205617E+02 +0.000000E+00 +0.000000E+00 +0.243209E-02 -0.175002E-02 +0.000000E+00 +0.781343E-03 +0.000000E+00 +0.000000E+00
 +0.110366E+01 -0.101900E+03 +0.162933E+03 -0.572795E+02 +0.348656E+02 +0.204678E+02 +0.000000E+00 +0.000000E+00 +0.243328E-02 -0.175076E-02 +0.000000E+00 +0.777777E-03 +0.000000E+00 +0.000000E+00
 +0.110366E+01 -0.101910E+03 +0.163018E+03 -0.572957E+02 +0.348885E+02 +0.203740E+02 +0.000000E+00 +0.000000E+00 +0.243447E-02 -0.175150E-02 +0.000000E+00 +0.774212E-03 +0.000000E+00 +0.000000E+00
 +0.110366E+01 -0.101920E+03 +0.163106E+03 -0.573165E+02 +0.349105E+02 +0.202813E+02 +0.000000E+00 +0.000000E+00 +0.243571E-02 -0.175231E-02 +0.000000E+00 +0.770688E-03 +0.000000E+00 +0.000000E+00
 +0.110366E+01 -0.101930E+03 +0.163196E+03 -0.573055E+02 +0.349439E+02 +0.201956E+02 +0.000000E+00 +0.000000E+00 +0.243679E-02 -0.175274E-02 +0.000000E+00 +0.767434E-03 +0.000000E+00 +0.000000E+00
 +0.110366E+01 -0.101940E+03 +0.163282E+03 -0.572753E+02 +0.349821E+02 +0.201023E+02 +0.000000E+00 +0.000000E+00 +0.243769E-02 -0.175289E-02 +0.000000E+00 +0.763889E-03 +0.000000E+00 +0.000000E+00
 +0.110366E+01 -0.101950E+03 +0.163367E+03 -0.572451E+02 +0.350204E+02 +0.200091E+02 +0.000000E+00 +0.000000E+00 +0.243859E-02 -0.175304E-02 +0.000000E+00 +0.760345E-03 +0.000000E+00 +0.000000E+00
 +0.110366E+01 -0.101960E+03 +0.163453E+03 -0.572149E+02 +0.350586E+02 +0.199158E+02 +0.000000E+00 +0.000000E+00 +0.243950E-02 -0.175320E-02 +0.000000E+00 +0.756800E-03 +0.000000E+00 +0.000000E+00
 +0.110366E+01 -0.101970E+03 +0.163540E+03 -0.571857E+02 +0.350969E+02 +0.198221E+02 +0.000000E+00 +0.000000E+00 +0.244042E-02 -0.175337E-02 +0.000000E+00 +0.753241E-03 +0.000000E+00 +0.000000E+00
 +0.110366E+01 -0.101980E+03 +0.163649E+03 -0.571774E+02 +0.351356E+02 +0.197208E+02 +0.000000E+00 +0.000000E+00 +0.244175E-02 -0.175395E-02 +0.000000E+00 +0.749392E-03 +0.000000E+00 +0.000000E+00
 +0.110366E+01 -0.101990E+03 +0.163758E+03 -0.571692E+02 +0.351743E+02 +0.196195E+02 +0.000000E+00 +0.000000E+00 +0.244309E-02 -0.175453E-02 +0.000000E+00 +0.745542E-03 +0.000000E+00 +0.000000E+00
 +0.110366E+01 -0.102000E+03 +0.163867E+03 -0.571609E+02 +0.352130E+02 +0.195182E+02 +0.000000E+00 +0.000000E+00 +0.244443E-02 -0.175510E-02 +0.000000E+00 +0.741693E-03 +0.000000E+00 +0.000000E+00
 +0.110366E+01 -0.102010E+03 +0.163976E+03 -0.571527E+02 +0.352517E+02 +0.194169E+02 +0.000000E+00 +0.000000E+00 +0.244576E-02 -0.175568E-02 +0.000000E+00 +0.737844E-03 +0.000000E+00 +0.000000E+00
 +0.110366E+01 -0.102020E+03 +0.164080E+03 -0.571525E+02 +0.352861E+02 +0.193130E+02 +0.000000E+00 +0.000000E+00 +0.244708E-02 -0.175633E-02 +0.000000E+00 +0.733895E-03 +0.000000E+00 +0.000000E+00
 +0.110366E+01 -0.102030E+03 +0.164168E+03 -0.571731E+02 +0.353083E+02 +0.192217E+02 +0.000000E+00 +0.000000E+00 +0.244833E-02 -0.175715E-02 +0.000000E+00 +0.730423E-03 +0.000000E+00 +0.000000E+00
 +0.110366E+01 -0.102040E+03 +0.164241E+03 -0.572054E+02 +0.353219E+02 +0.191297E+02 +0.000000E+00 +0.000000E+00 +0.244947E-02 -0.175802E-02 +0.000000E+00 +0.726929E-03 +0.000000E+00 +0.000000E+00
 +0.110366E+01 -0.102050E+03 +0.164313E+03 -0.572387E+02 +0.353345E+02 +0.190356E+02 +0.000000E+00 +0.000000E+00 +0.245059E-02 -0.175889E-02 +0.000000E+00 +0.723351E-03 +0.000000E+00 +0.000000E+00
 +0.110366E+01 -0.102060E+03 +0.164385E+03 -0.572721E+02 +0.353472E+02 +0.189414E+02 +0.000000E+00 +0.000000E+00 +0.245171E-02 -0.175977E-02 +0.000000E+00 +0.719773E-03 +0.000000E+00 +0.000000E+00
 +0.110366E+01 -0.102070E+03 +0.164456E+03 -0.573054E+02 +0.353598E+02 +0.188472E+02 +0.000000E+00 +0.000000E+00 +0.245283E-02 -0.176064E-02 +0.000000E+00 +0.716195E-03 +0.000000E+00 +0.000000E+00
 +0.110366E+01 -0.102080E+03 +0.164530E+03 -0.572753E+02 +0.353941E+02 +0.187593E+02 +0.000000E+00 +0.000000E+00 +0.245359E-02 -0.176072E-02 +0.000000E+00 +0.712853E-03 +0.000000E+00 +0.000000E+00
 +0.110366E+01 -0.102090E+03 +0.164606E+03 -0.571957E+02 +0.354454E+02 +0.186762E+02 +0.000000E+00 +0.000000E+00 +0.245405E-02 -0.176018E-02 +0.000000E+00 +0.709696E-03 +0.000000E+00 +0.000000E+00
 +0.110366E+01 -0.102100E+03 +0.164682E+03 -0.571161E+02 +0.354966E+02 +0.185931E+02 +0.000000E+00 +0.000000E+00 +0.245452E-02 -0.175964E-02 +0.000000E+00 +0.706538E-03 +0.000000E+00 +0.000000E+00
 +0.110366E+01 -0.102110E+03 +0.164760E+03 -0.570446E+02 +0.355459E+02 +0.185075E+02 +0.000000E+00 +0.000000E+00 +0.245506E-02 -0.175922E-02 +0.000000E+00 +0.703285E-03 +0.000000E+00 +0.000000E+00
 +0.110366E+01 -0.102120E+03 +0.164844E+03 -0.569972E+02 +0.355894E+02 +0.184144E+02 +0.000000E+00 +0.000000E+00 +0.245583E-02 -0.175915E-02 +0.000000E+00 +0.699746E-03 +0.000000E+00 +0.000000E+00
 +0.110366E+01 -0.102130E+03 +0.164928E+03 -0.569498E+02 +0.356328E+02 +0.183212E+02 +0.000000E+00 +0.000000E+00 +0.245661E-02 -0.175907E-02 +0.000000E+00 +0.696206E-03 +0.000000E+00 +0.000000E+00
 +0.110366E+01 -0.102140E+03 +0.165012E+03 -0.569026E+02 +0.356763E+02 +0.182281E+02 +0.000000E+00 +0.000000E+00 +0.245739E-02 -0.175900E-02 +0.000000E+00 +0.692667E-03 +0.000000E+00 +0.000000E+00
 +0.110366E+01 -0.102150E+03 +0.165087E+03 -0.569133E+02 +0.356973E+02 +0.181334E+02 +0.000000E+00 +0.000000E+00 +0.245841E-02 -0.175960E-02 +0.000000E+00 +0.689069E-03 +0.000000E+00 +0.000000E+00
 +0.110366E+01 -0.102160E+03 +0.165162E+03 -0.569241E+02 +0.357184E+02 +0.180387E+02 +0.000000E+00 +0.000000E+00 +0.245942E-02 -0.176021E-02 +0.000000E+00 +0.685470E-03 +0.000000E+00 +0.000000E+00
 +0.110366E+01 -0.102170E+03 +0.165236E+03 -0.569349E+02 +0.357395E+02 +0.179440E+02 +0.000000E+00 +0.000000E+00 +0.246044E-02 -0.176081E-02 +0.000000E+00 +0.681872E-03 +0.000000E+00 +0.000000E+00
 +0.110366E+01 -0.102180E+03 +0.165311E+03 -0.569439E+02 +0.357611E+02 +0.178486E+02 +0.000000E+00 +0.000000E+00 +0.246144E-02 -0.176139E-02 +0.000000E+00 +0.678247E-03 +0.000000E+00 +0.000000E+00
 +0.110366E+01 -0.102190E+03 +0.165383E+03 -0.569395E+02 +0.357865E+02 +0.177477E+02 +0.000000E+00 +0.000000E+00 +0.246234E-02 -0.176179E-02 +0.000000E+00 +0.674411E-03 +0.000000E+00 +0.000000E+00
 +0.110366E+01 -0.102200E+03 +0.165456E+03 -0.569351E+02 +0.358119E+02 +0.176467E+02 +0.000000E+00 +0.000000E+00 +0.246324E-02 -0.176219E-02 +0.000000E+00 +0.670576E-03 +0.000000E+00 +0.000000E+00
 +0.110366E+01 -0.102210E+03 +0.165529E+03 -0.569306E+02 +0.358374E+02 +0.175458E+02 +0.000000E+00 +0.000000E+00 +0.246413E-02 -0.176259E-02 +0.000000E+00 +0.666740E-03 +0.000000E+00 +0.000000E+00
 +0.110366E+01 -0.102220E+03 +0.165601E+03 -0.569262E+02 +0.358628E+02 +0.174449E+02 +0.000000E+00 +0.000000E+00 +0.246503E-02 -0.176299E-02 +0.000000E+00 +0.662905E-03 +0.000000E+00 +0.000000E+00
 +0.110366E+01 -0.102230E+03 +0.165671E+03 -0.569170E+02 +0.358888E+02 +0.173480E+02 +0.000000E+00 +0.000000E+00 +0.246586E-02 -0.176331E-02 +0.000000E+00 +0.659223E-03 +0.000000E+00 +0.000000E+00
 +0.110366E+01 -0.102240E+03 +0.165734E+03 -0.568980E+02 +0.359159E+02 +0.172595E+02 +0.000000E+00 +0.000000E+00 +0.246655E-02 -0.176346E-02 +0.000000E+00 +0.655861E-03 +0.000000E+00 +0.000000E+00
 +0.110366E+01 -0.102250E+03 +0.165797E+03 -0.568790E+02 +0.359431E+02 +0.171710E+02 +0.000000E+00 +0.000000E+00 +0.246723E-02 -0.176362E-02 +0.000000E+00 +0.652500E-03 +0.000000E+00 +0.000000E+00
 +0.110366E+01 -0.102260E+03 +0.165861E+03 -0.568599E+02 +0.359702E+02 +0.170826E+02 +0.000000E+00 +0.000000E+00 +0.246792E-02 -0.176377E-02 +0.000000E+00 +0.649138E-03 +0.000000E+00 +0.000000E+00
 +0.110366E+01 -0.102270E+03 +0.165924E+03 -0.568409E+02 +0.359974E+02 +0.169941E+02 +0.000000E+00 +0.000000E+00 +0.246860E-02 -0.176393E-02 +0.000000E+00 +0.645776E-03 +0.000000E+00 +0.000000E+00
 +0.110366E+01 -0.102280E+03 +0.165987E+03 -0.568219E+02 +0.360245E+02 +0.169056E+02 +0.000000E+00 +0.000000E+00 +0.246929E-02 -0.176408E-02 +0.000000E+00 +0.642415E-03 +0.000000E+00 +0.000000E+00
 +0.110366E+01 -0.102290E+03 +0.166050E+03 -0.568029E+02 +0.360517E+02 +0.168172E+02 +0.000000E+00 +0.000000E+00 +0.246997E-02 -0.176424E-02 +0.000000E+00 +0.639053E-03 +0.000000E+00 +0.000000E+00
 +0.110366E+01 -0.102300E+03 +0.166114E+03 -0.567838E+02 +0.360788E+02 +0.167287E+02 +0.000000E+00 +0.000000E+00 +0.247066E-02 -0.176439E-02 +0.000000E+00 +0.635691E-03 +0.000000E+00 +0.000000E+00
 +0.110366E+01 -0.102310E+03 +0.166177E+03 -0.567648E+02 +0.361060E+02 +0.166403E+02 +0.000000E+00 +0.000000E+00 +0.247135E-02 -0.176454E-02 +0.000000E+00 +0.632330E-03 +0.000000E+00 +0.000000E+00
 +0.110366E+01 -0.102320E+03 +0.166246E+03 -0.567276E+02 +0.361410E+02 +0.165482E+02 +0.000000E+00 +0.000000E+00 +0.247199E-02 -0.176450E-02 +0.000000E+00 +0.628833E-03 +0.000000E+00 +0.000000E+00
 +0.110366E+01 -0.102330E+03 +0.166316E+03 -0.566762E+02 +0.361812E+02 +0.164543E+02 +0.000000E+00 +0.000000E+00 +0.247257E-02 -0.176429E-02 +0.000000E+00 +0.625262E-03 +0.000000E+00 +0.000000E+00
 +0.110366E+01 -0.102340E+03 +0.166387E+03 -0.566248E+02 +0.362215E+02 +0.163603E+02 +0.000000E+00 +0.000000E+00 +0.247314E-02 -0.176408E-02 +0.000000E+00 +0.621691E-03 +0.000000E+00 +0.000000E+00
 +0.110366E+01 -0.102350E+03 +0.166457E+03 -0.565734E+02 +0.362617E+02 +0.162663E+02 +0.000000E+00 +0.000000E+00 +0.247372E-02 -0.176387E-02 +0.000000E+00 +0.618120E-03 +0.000000E+00 +0.000000E+00
 +0.110366E+01 -0.102360E+03 +0.166528E+03 -0.565219E+02 +0.363020E+02 +0.161723E+02 +0.000000E+00 +0.000000E+00 +0.247429E-02 -0.176366E-02 +0.000000E+00 +0.614549E-03 +0.000000E+00 +0.000000E+00
 +0.110366E+01 -0.102370E+03 +0.166599E+03 -0.564705E+02 +0.363423E+02 +0.160784E+02 +0.000000E+00 +0.000000E+00 +0.247487E-02 -0.176344E-02 +0.000000E+00 +0.610978E-03 +0.000000E+00 +0.000000E+00
 +0.110366E+01 -0.102380E+03 +0.166669E+03 -0.564191E+02 +0.363825E+02 +0.159844E+02 +0.000000E+00 +0.000000E+00 +0.247545E-02 -0.176323E-02 +0.000000E+00 +0.607407E-03 +0.000000E+00 +0.000000E+00
 +0.110366E+01 -0.102390E+03 +0.166740E+03 -0.563677E+02 +0.364228E+02 +0.158904E+02 +0.000000E+00 +0.000000E+00 +0.247602E-02 -0.176302E-02 +0.000000E+00 +0.603836E-03 +0.000000E+00 +0.000000E+00
 +0.110366E+01 -0.102400E+03 +0.166810E+03 -0.563163E+02 +0.364631E+02 +0.157964E+02 +0.000000E+00 +0.000000E+00 +0.247660E-02 -0.176281E-02 +0.000000E+00 +0.600265E-03 +0.000000E+00 +0.000000E+00
 +0.110366E+01 -0.102410E+03 +0.166873E+03 -0.562846E+02 +0.364943E+02 +0.157109E+02 +0.000000E+00 +0.000000E+00 +0.247720E-02 -0.176280E-02 +0.000000E+00 +0.597013E-03 +0.000000E+00 +0.000000E+00
 +0.110366E+01 -0.102420E+03 +0.166934E+03 -0.562584E+02 +0.365231E+02 +0.156277E+02 +0.000000E+00 +0.000000E+00 +0.247781E-02 -0.176285E-02 +0.000000E+00 +0.593851E-03 +0.000000E+00 +0.000000E+00
 +0.110366E+01 -0.102430E+03 +0.166995E+03 -0.562322E+02 +0.365518E+02 +0.155444E+02 +0.000000E+00 +0.000000E+00 +0.247842E-02 -0.176290E-02 +0.000000E+00 +0.590689E-03 +0.000000E+00 +0.000000E+00
 +0.110366E+01 -0.102440E+03 +0.167064E+03 -0.561728E+02 +0.365941E+02 +0.154540E+02 +0.000000E+00 +0.000000E+00 +0.247893E-02 -0.176257E-02 +0.000000E+00 +0.587253E-03 +0.000000E+00 +0.000000E+00
 +0.110366E+01 -0.102450E+03 +0.167133E+03 -0.561114E+02 +0.366372E+02 +0.153632E+02 +0.000000E+00 +0.000000E+00 +0.247942E-02 -0.176222E-02 +0.000000E+00 +0.583801E-03 +0.000000E+00 +0.000000E+00
 +0.110366E+01 -0.102460E+03 +0.167202E+03 -0.560500E+02 +0.366803E+02 +0.152724E+02 +0.000000E+00 +0.000000E+00 +0.247992E-02 -0.176188E-02 +0.000000E+00 +0.580350E-03 +0.000000E+00 +0.000000E+00
 +0.110366E+01 -0.102470E+03 +0.167272E+03 -0.559886E+02 +0.367234E+02 +0.151815E+02 +0.000000E+00 +0.000000E+00 +0.248042E-02 -0.176153E-02 +0.000000E+00 +0.576898E-03 +0.000000E+00 +0.000000E+00
 +0.110366E+01 -0.102480E+03 +0.167341E+03 -0.559272E+02 +0.367665E+02 +0.150907E+02 +0.000000E+00 +0.000000E+00 +0.248091E-02 -0.176118E-02 +0.000000E+00 +0.573446E-03 +0.000000E+00 +0.000000E+00
 +0.110366E+01 -0.102490E+03 +0.167410E+03 -0.558658E+02 +0.368095E+02 +0.149999E+02 +0.000000E+00 +0.000000E+00 +0.248141E-02 -0.176083E-02 +0.000000E+00 +0.569995E-03 +0.000000E+00 +0.000000E+00
 +0.110366E+01 -0.102500E+03 +0.167479E+03 -0.558045E+02 +0.368526E+02 +0.149090E+02 +0.000000E+00 +0.000000E+00 +0.248190E-02 -0.176048E-02 +0.000000E+00 +0.566543E-03 +0.000000E+00 +0.000000E+00
 +0.110366E+01 -0.102510E+03 +0.167538E+03 -0.557613E+02 +0.368864E+02 +0.148242E+02 +0.000000E+00 +0.000000E+00 +0.248238E-02 -0.176031E-02 +0.000000E+00 +0.563321E-03 +0.000000E+00 +0.000000E+00
 +0.110366E+01 -0.102520E+03 +0.167585E+03 -0.557395E+02 +0.369091E+02 +0.147465E+02 +0.000000E+00 +0.000000E+00 +0.248285E-02 -0.176032E-02 +0.000000E+00 +0.560367E-03 +0.000000E+00 +0.000000E+00
 +0.110366E+01 -0.102530E+03 +0.167633E+03 -0.557178E+02 +0.369319E+02 +0.146688E+02 +0.000000E+00 +0.000000E+00 +0.248331E-02 -0.176034E-02 +0.000000E+00 +0.557414E-03 +0.000000E+00 +0.000000E+00
 +0.110366E+01 -0.102540E+03 +0.167680E+03 -0.556961E+02 +0.369546E+02 +0.145911E+02 +0.000000E+00 +0.000000E+00 +0.248378E-02 -0.176036E-02 +0.000000E+00 +0.554461E-03 +0.000000E+00 +0.000000E+00
 +0.110366E+01 -0.102550E+03 +0.167727E+03 -0.556743E+02 +0.369773E+02 +0.145134E+02 +0.000000E+00 +0.000000E+00 +0.248424E-02 -0.176038E-02 +0.000000E+00 +0.551508E-03 +0.000000E+00 +0.000000E+00
 +0.110366E+01 -0.102560E+03 +0.167774E+03 -0.556526E+02 +0.370001E+02 +0.144356E+02 +0.000000E+00 +0.000000E+00 +0.248471E-02 -0.176040E-02 +0.000000E+00 +0.548554E-03 +0.000000E+00 +0.000000E+00
 +0.110366E+01 -0.102570E+03 +0.167828E+03 -0.556141E+02 +0.370307E+02 +0.143567E+02 +0.000000E+00 +0.000000E+00 +0.248515E-02 -0.176025E-02 +0.000000E+00 +0.545556E-03 +0.000000E+00 +0.000000E+00
 +0.110366E+01 -0.102580E+03 +0.167884E+03 -0.555719E+02 +0.370630E+02 +0.142776E+02 +0.000000E+00 +0.000000E+00 +0.248560E-02 -0.176006E-02 +0.000000E+00 +0.542549E-03 +0.000000E+00 +0.000000E+00
 +0.110366E+01 -0.102590E+03 +0.167940E+03 -0.555297E+02 +0.370954E+02 +0.141984E+02 +0.000000E+00 +0.000000E+00 +0.248605E-02 -0.175988E-02 +0.000000E+00 +0.539541E-03 +0.000000E+00 +0.000000E+00
 +0.110366E+01 -0.102600E+03 +0.167996E+03 -0.554875E+02 +0.371277E+02 +0.141193E+02 +0.000000E+00 +0.000000E+00 +0.248649E-02 -0.175969E-02 +0.000000E+00 +0.536533E-03 +0.000000E+00 +0.000000E+00
 +0.110366E+01 -0.102610E+03 +0.168052E+03 -0.554453E+02 +0.371600E+02 +0.140401E+02 +0.000000E+00 +0.000000E+00 +0.248694E-02 -0.175950E-02 +0.000000E+00 +0.533525E-03 +0.000000E+00 +0.000000E+00
 +0.110366E+01 -0.102620E+03 +0.168107E+03 -0.554031E+02 +0.371924E+02 +0.139610E+02 +0.000000E+00 +0.000000E+00 +0.248738E-02 -0.175931E-02 +0.000000E+00 +0.530518E-03 +0.000000E+00 +0.000000E+00
 +0.110366E+01 -0.102630E+03 +0.168163E+03 -0.553609E+02 +0.372247E+02 +0.138818E+02 +0.000000E+00 +0.000000E+00 +0.248783E-02 -0.175913E-02 +0.000000E+00 +0.527510E-03 +0.000000E+00 +0.000000E+00
 +0.110366E+01 -0.102640E+03 +0.168219E+03 -0.553188E+02 +0.372571E+02 +0.138027E+02 +0.000000E+00 +0.000000E+00 +0.248828E-02 -0.175894E-02 +0.000000E+00 +0.524502E-03 +0.000000E+00 +0.000000E+00
 +0.110366E+01 -0.102650E+03 +0.168270E+03 -0.552780E+02 +0.372874E+02 +0.137297E+02 +0.000000E+00 +0.000000E+00 +0.248867E-02 -0.175874E-02 +0.000000E+00 +0.521727E-03 +0.000000E+00 +0.000000E+00
 +0.110366E+01 -0.102660E+03 +0.168320E+03 -0.552375E+02 +0.373172E+02 +0.136580E+02 +0.000000E+00 +0.000000E+00 +0.248905E-02 -0.175854E-02 +0.000000E+00 +0.519005E-03 +0.000000E+00 +0.000000E+00
 +0.110366E+01 -0.102670E+03 +0.168370E+03 -0.551971E+02 +0.373471E+02 +0.135864E+02 +0.000000E+00 +0.000000E+00 +0.248944E-02 -0.175834E-02 +0.000000E+00 +0.516283E-03 +0.000000E+00 +0.000000E+00
 +0.110366E+01 -0.102680E+03 +0.168420E+03 -0.551566E+02 +0.373770E+02 +0.135148E+02 +0.000000E+00 +0.000000E+00 +0.248982E-02 -0.175814E-02 +0.000000E+00 +0.513561E-03 +0.000000E+00 +0.000000E+00
 +0.110366E+01 -0.102690E+03 +0.168470E+03 -0.551162E+02 +0.374068E+02 +0.134431E+02 +0.000000E+00 +0.000000E+00 +0.249020E-02 -0.175794E-02 +0.000000E+00 +0.510839E-03 +0.000000E+00 +0.000000E+00
 +0.110366E+01 -0.102700E+03 +0.168520E+03 -0.550757E+02 +0.374367E+02 +0.133715E+02 +0.000000E+00 +0.000000E+00 +0.249059E-02 -0.175774E-02 +0.000000E+00 +0.508117E-03 +0.000000E+00 +0.000000E+00
 +0.110366E+01 -0.102710E+03 +0.168570E+03 -0.550353E+02 +0.374665E+02 +0.132999E+02 +0.000000E+00 +0.000000E+00 +0.249097E-02 -0.175753E-02 +0.000000E+00 +0.505395E-03 +0.000000E+00 +0.000000E+00
 +0.110366E+01 -0.102720E+03 +0.168618E+03 -0.549905E+02 +0.374972E+02 +0.132280E+02 +0.000000E+00 +0.000000E+00 +0.249130E-02 -0.175727E-02 +0.000000E+00 +0.502664E-03 +0.000000E+00 +0.000000E+00
 +0.110366E+01 -0.102730E+03 +0.168660E+03 -0.549307E+02 +0.375305E+02 +0.131554E+02 +0.000000E+00 +0.000000E+00 +0.249145E-02 -0.175676E-02 +0.000000E+00 +0.499904E-03 +0.000000E+00 +0.000000E+00
 +0.110366E+01 -0.102740E+03 +0.168701E+03 -0.548709E+02 +0.375639E+02 +0.130827E+02 +0.000000E+00 +0.000000E+00 +0.249160E-02 -0.175626E-02 +0.000000E+00 +0.497143E-03 +0.000000E+00 +0.000000E+00
 +0.110366E+01 -0.102750E+03 +0.168742E+03 -0.548110E+02 +0.375973E+02 +0.130101E+02 +0.000000E+00 +0.000000E+00 +0.249175E-02 -0.175576E-02 +0.000000E+00 +0.494382E-03 +0.000000E+00 +0.000000E+00
 +0.110366E+01 -0.102760E+03 +0.168783E+03 -0.547512E+02 +0.376306E+02 +0.129374E+02 +0.000000E+00 +0.000000E+00 +0.249190E-02 -0.175525E-02 +0.000000E+00 +0.491622E-03 +0.000000E+00 +0.000000E+00
 +0.110366E+01 -0.102770E+03 +0.168825E+03 -0.546914E+02 +0.376640E+02 +0.128648E+02 +0.000000E+00 +0.000000E+00 +0.249205E-02 -0.175475E-02 +0.000000E+00 +0.488861E-03 +0.000000E+00 +0.000000E+00
 +0.110366E+01 -0.102780E+03 +0.168866E+03 -0.546315E+02 +0.376974E+02 +0.127921E+02 +0.000000E+00 +0.000000E+00 +0.249220E-02 -0.175425E-02 +0.000000E+00 +0.486101E-03 +0.000000E+00 +0.000000E+00
 +0.110366E+01 -0.102790E+03 +0.168907E+03 -0.545717E+02 +0.377307E+02 +0.127195E+02 +0.000000E+00 +0.000000E+00 +0.249235E-02 -0.175375E-02 +0.000000E+00 +0.483340E-03 +0.000000E+00 +0.000000E+00
 +0.110366E+01 -0.102800E+03 +0.168950E+03 -0.545164E+02 +0.377630E+02 +0.126471E+02 +0.000000E+00 +0.000000E+00 +0.249255E-02 -0.175331E-02 +0.000000E+00 +0.480590E-03 +0.000000E+00 +0.000000E+00
 +0.110366E+01 -0.102810E+03 +0.168998E+03 -0.544849E+02 +0.377893E+02 +0.125762E+02 +0.000000E+00 +0.000000E+00 +0.249296E-02 -0.175321E-02 +0.000000E+00 +0.477895E-03 +0.000000E+00 +0.000000E+00
 +0.110366E+01 -0.102820E+03 +0.169046E+03 -0.544534E+02 +0.378156E+02 +0.125053E+02 +0.000000E+00 +0.000000E+00 +0.249338E-02 -0.175311E-02 +0.000000E+00 +0.475200E-03 +0.000000E+00 +0.000000E+00
 +0.110366E+01 -0.102830E+03 +0.169095E+03 -0.544219E+02 +0.378420E+02 +0.124343E+02 +0.000000E+00 +0.000000E+00 +0.249380E-02 -0.175301E-02 +0.000000E+00 +0.472505E-03 +0.000000E+00 +0.000000E+00
 +0.110366E+01 -0.102840E+03 +0.169143E+03 -0.543904E+02 +0.378683E+02 +0.123634E+02 +0.000000E+00 +0.000000E+00 +0.249422E-02 -0.175292E-02 +0.000000E+00 +0.469810E-03 +0.000000E+00 +0.000000E+00
 +0.110366E+01 -0.102850E+03 +0.169191E+03 -0.543589E+02 +0.378947E+02 +0.122925E+02 +0.000000E+00 +0.000000E+00 +0.249464E-02 -0.175282E-02 +0.000000E+00 +0.467114E-03 +0.000000E+00 +0.000000E+00
 +0.110366E+01 -0.102860E+03 +0.169240E+03 -0.543274E+02 +0.379210E+02 +0.122216E+02 +0.000000E+00 +0.000000E+00 +0.249505E-02 -0.175272E-02 +0.000000E+00 +0.464419E-03 +0.000000E+00 +0.000000E+00
 +0.110366E+01 -0.102870E+03 +0.169288E+03 -0.542959E+02 +0.379474E+02 +0.121506E+02 +0.000000E+00 +0.000000E+00 +0.249547E-02 -0.175262E-02 +0.000000E+00 +0.461724E-03 +0.000000E+00 +0.000000E+00
 +0.110366E+01 -0.102880E+03 +0.169336E+03 -0.542644E+02 +0.379737E+02 +0.120797E+02 +0.000000E+00 +0.000000E+00 +0.249589E-02 -0.175252E-02 +0.000000E+00 +0.459029E-03 +0.000000E+00 +0.000000E+00
 +0.110366E+01 -0.102890E+03 +0.169389E+03 -0.541927E+02 +0.380147E+02 +0.120130E+02 +0.000000E+00 +0.000000E+00 +0.249611E-02 -0.175194E-02 +0.000000E+00 +0.456495E-03 +0.000000E+00 +0.000000E+00
 +0.110366E+01 -0.102900E+03 +0.169443E+03 -0.541014E+02 +0.380628E+02 +0.119484E+02 +0.000000E+00 +0.000000E+00 +0.249623E-02 -0.175112E-02 +0.000000E+00 +0.454039E-03 +0.000000E+00 +0.000000E+00
 +0.110366E+01 -0.102910E+03 +0.169498E+03 -0.540102E+02 +0.381109E+02 +0.118838E+02 +0.000000E+00 +0.000000E+00 +0.249635E-02 -0.175030E-02 +0.000000E+00 +0.451583E-03 +0.000000E+00 +0.000000E+00
 +0.110366E+01 -0.102920E+03 +0.169552E+03 -0.539189E+02 +0.381590E+02 +0.118191E+02 +0.000000E+00 +0.000000E+00 +0.249647E-02 -0.174948E-02 +0.000000E+00 +0.449127E-03 +0.000000E+00 +0.000000E+00
 +0.110366E+01 -0.102930E+03 +0.169607E+03 -0.538277E+02 +0.382070E+02 +0.117545E+02 +0.000000E+00 +0.000000E+00 +0.249659E-02 -0.174866E-02 +0.000000E+00 +0.446670E-03 +0.000000E+00 +0.000000E+00
 +0.110366E+01 -0.102940E+03 +0.169661E+03 -0.537364E+02 +0.382551E+02 +0.116898E+02 +0.000000E+00 +0.000000E+00 +0.249671E-02 -0.174784E-02 +0.000000E+00 +0.444214E-03 +0.000000E+00 +0.000000E+00
 +0.110366E+01 -0.102950E+03 +0.169715E+03 -0.536451E+02 +0.383032E+02 +0.116252E+02 +0.000000E+00 +0.000000E+00 +0.249683E-02 -0.174702E-02 +0.000000E+00 +0.441758E-03 +0.000000E+00 +0.000000E+00
 +0.110366E+01 -0.102960E+03 +0.169768E+03 -0.535593E+02 +0.383490E+02 +0.115589E+02 +0.000000E+00 +0.000000E+00 +0.249697E-02 -0.174626E-02 +0.000000E+00 +0.439239E-03 +0.000000E+00 +0.000000E+00
 +0.110366E+01 -0.102970E+03 +0.169812E+03 -0.535033E+02 +0.383818E+02 +0.114834E+02 +0.000000E+00 +0.000000E+00 +0.249717E-02 -0.174582E-02 +0.000000E+00 +0.436367E-03 +0.000000E+00 +0.000000E+00
 +0.110366E+01 -0.102980E+03 +0.169855E+03 -0.534472E+02 +0.384146E+02 +0.114078E+02 +0.000000E+00 +0.000000E+00 +0.249737E-02 -0.174537E-02 +0.000000E+00 +0.433496E-03 +0.000000E+00 +0.000000E+00
 +0.110366E+01 -0.102990E+03 +0.169898E+03 -0.533912E+02 +0.384474E+02 +0.113322E+02 +0.000000E+00 +0.000000E+00 +0.249757E-02 -0.174493E-02 +0.000000E+00 +0.430625E-03 +0.000000E+00 +0.000000E+00
 +0.110366E+01 -0.103000E+03 +0.169942E+03 -0.533352E+02 +0.384802E+02 +0.112567E+02 +0.000000E+00 +0.000000E+00 +0.249777E-02 -0.174449E-02 +0.000000E+00 +0.427754E-03 +0.000000E+00 +0.000000E+00
 +0.110366E+01 -0.103010E+03 +0.169985E+03 -0.532792E+02 +0.385130E+02 +0.111811E+02 +0.000000E+00 +0.000000E+00 +0.249797E-02 -0.174405E-02 +0.000000E+00 +0.424883E-03 +0.000000E+00 +0.000000E+00
 +0.110366E+01 -0.103020E+03 +0.170029E+03 -0.532232E+02 +0.385458E+02 +0.111056E+02 +0.000000E+00 +0.000000E+00 +0.249817E-02 -0.174361E-02 +0.000000E+00 +0.422012E-03 +0.000000E+00 +0.000000E+00
 +0.110366E+01 -0.103030E+03 +0.170072E+03 -0.531672E+02 +0.385786E+02 +0.110300E+02 +0.000000E+00 +0.000000E+00 +0.249837E-02 -0.174317E-02 +0.000000E+00 +0.419141E-03 +0.000000E+00 +0.000000E+00
 +0.110366E+01 -0.103040E+03 +0.170115E+03 -0.531112E+02 +0.386114E+02 +0.109545E+02 +0.000000E+00 +0.000000E+00 +0.249857E-02 -0.174273E-02 +0.000000E+00 +0.416270E-03 +0.000000E+00 +0.000000E+00
 +0.110366E+01 -0.103050E+03 +0.170159E+03 -0.530551E+02 +0.386442E+02 +0.108789E+02 +0.000000E+00 +0.000000E+00 +0.249878E-02 -0.174229E-02 +0.000000E+00 +0.413399E-03 +0.000000E+00 +0.000000E+00
 +0.110366E+01 -0.103060E+03 +0.170192E+03 -0.529929E+02 +0.386758E+02 +0.108037E+02 +0.000000E+00 +0.000000E+00 +0.249881E-02 -0.174170E-02 +0.000000E+00 +0.410540E-03 +0.000000E+00 +0.000000E+00
 +0.110366E+01 -0.103070E+03 +0.170222E+03 -0.529279E+02 +0.387070E+02 +0.107286E+02 +0.000000E+00 +0.000000E+00 +0.249878E-02 -0.174106E-02 +0.000000E+00 +0.407685E-03 +0.000000E+00 +0.000000E+00
 +0.110366E+01 -0.103080E+03 +0.170251E+03 -0.528630E+02 +0.387382E+02 +0.106534E+02 +0.000000E+00 +0.000000E+00 +0.249875E-02 -0.174042E-02 +0.000000E+00 +0.404831E-03 +0.000000E+00 +0.000000E+00
 +0.110366E+01 -0.103090E+03 +0.170281E+03 -0.527981E+02 +0.387694E+02 +0.105783E+02 +0.000000E+00 +0.000000E+00 +0.249872E-02 -0.173978E-02 +0.000000E+00 +0.401977E-03 +0.000000E+00 +0.000000E+00
 +0.110366E+01 -0.103100E+03 +0.170311E+03 -0.527332E+02 +0.388006E+02 +0.105032E+02 +0.000000E+00 +0.000000E+00 +0.249869E-02 -0.173914E-02 +0.000000E+00 +0.399122E-03 +0.000000E+00 +0.000000E+00
 +0.110366E+01 -0.103110E+03 +0.170340E+03 -0.526682E+02 +0.388318E+02 +0.104281E+02 +0.000000E+00 +0.000000E+00 +0.249866E-02 -0.173850E-02 +0.000000E+00 +0.396268E-03 +0.000000E+00 +0.000000E+00
 +0.110366E+01 -0.103120E+03 +0.170370E+03 -0.526033E+02 +0.388630E+02 +0.103530E+02 +0.000000E+00 +0.000000E+00 +0.249863E-02 -0.173786E-02 +0.000000E+00 +0.393414E-03 +0.000000E+00 +0.000000E+00
 +0.110366E+01 -0.103130E+03 +0.170414E+03 -0.525444E+02 +0.388968E+02 +0.102958E+02 +0.000000E+00 +0.000000E+00 +0.249882E-02 -0.173738E-02 +0.000000E+00 +0.391239E-03 +0.000000E+00 +0.000000E+00
 +0.110366E+01 -0.103140E+03 +0.170458E+03 -0.524858E+02 +0.389308E+02 +0.102393E+02 +0.000000E+00 +0.000000E+00 +0.249902E-02 -0.173692E-02 +0.000000E+00 +0.389093E-03 +0.000000E+00 +0.000000E+00
 +0.110366E+01 -0.103150E+03 +0.170502E+03 -0.524272E+02 +0.389648E+02 +0.101828E+02 +0.000000E+00 +0.000000E+00 +0.249921E-02 -0.173645E-02 +0.000000E+00 +0.386948E-03 +0.000000E+00 +0.000000E+00
 +0.110366E+01 -0.103160E+03 +0.170547E+03 -0.523686E+02 +0.389988E+02 +0.101264E+02 +0.000000E+00 +0.000000E+00 +0.249941E-02 -0.173598E-02 +0.000000E+00 +0.384803E-03 +0.000000E+00 +0.000000E+00
 +0.110366E+01 -0.103170E+03 +0.170591E+03 -0.523100E+02 +0.390328E+02 +0.100699E+02 +0.000000E+00 +0.000000E+00 +0.249961E-02 -0.173551E-02 +0.000000E+00 +0.382658E-03 +0.000000E+00 +0.000000E+00
 +0.110366E+01 -0.103180E+03 +0.170636E+03 -0.522514E+02 +0.390668E+02 +0.100135E+02 +0.000000E+00 +0.000000E+00 +0.249981E-02 -0.173505E-02 +0.000000E+00 +0.380512E-03 +0.000000E+00 +0.000000E+00
 +0.110366E+01 -0.103190E+03 +0.170680E+03 -0.521928E+02 +0.391008E+02 +0.995703E+01 +0.000000E+00 +0.000000E+00 +0.250001E-02 -0.173458E-02 +0.000000E+00 +0.378367E-03 +0.000000E+00 +0.000000E+00
 +0.110366E+01 -0.103200E+03 +0.170724E+03 -0.521342E+02 +0.391348E+02 +0.990057E+01 +0.000000E+00 +0.000000E+00 +0.250020E-02 -0.173411E-02 +0.000000E+00 +0.376222E-03 +0.000000E+00 +0.000000E+00
 +0.110366E+01 -0.103210E+03 +0.170769E+03 -0.520756E+02 +0.391688E+02 +0.984412E+01 +0.000000E+00 +0.000000E+00 +0.250040E-02 -0.173364E-02 +0.000000E+00 +0.374077E-03 +0.000000E+00 +0.000000E+00
 +0.110366E+01 -0.103220E+03 +0.170813E+03 -0.520170E+02 +0.392028E+02 +0.978767E+01 +0.000000E+00 +0.000000E+00 +0.250060E-02 -0.173318E-02 +0.000000E+00 +0.371931E-03 +0.000000E+00 +0.000000E+00
 +0.110366E+01 -0.103230E+03 +0.170858E+03 -0.519584E+02 +0.392368E+02 +0.973121E+01 +0.000000E+00 +0.000000E+00 +0.250080E-02 -0.173271E-02 +0.000000E+00 +0.369786E-03 +0.000000E+00 +0.000000E+00
 +0.110366E+01 -0.103240E+03 +0.170902E+03 -0.518998E+02 +0.392708E+02 +0.967476E+01 +0.000000E+00 +0.000000E+00 +0.250100E-02 -0.173224E-02 +0.000000E+00 +0.367641E-03 +0.000000E+00 +0.000000E+00
 +0.110366E+01 -0.103250E+03 +0.170946E+03 -0.518412E+02 +0.393047E+02 +0.961831E+01 +0.000000E+00 +0.000000E+00 +0.250119E-02 -0.173177E-02 +0.000000E+00 +0.365496E-03 +0.000000E+00 +0.000000E+00
 +0.110366E+01 -0.103260E+03 +0.170991E+03 -0.517826E+02 +0.393387E+02 +0.956185E+01 +0.000000E+00 +0.000000E+00 +0.250139E-02 -0.173131E-02 +0.000000E+00 +0.363350E-03 +0.000000E+00 +0.000000E+00
 +0.110366E+01 -0.103270E+03 +0.171035E+03 -0.517240E+02 +0.393727E+02 +0.950540E+01 +0.000000E+00 +0.000000E+00 +0.250159E-02 -0.173084E-02 +0.000000E+00 +0.361205E-03 +0.000000E+00 +0.000000E+00
 +0.110366E+01 -0.103280E+03 +0.171080E+03 -0.516654E+02 +0.394067E+02 +0.944894E+01 +0.000000E+00 +0.000000E+00 +0.250179E-02 -0.173037E-02 +0.000000E+00 +0.359060E-03 +0.000000E+00 +0.000000E+00
 +0.110366E+01 -0.103290E+03 +0.171124E+03 -0.516068E+02 +0.394407E+02 +0.939249E+01 +0.000000E+00 +0.000000E+00 +0.250198E-02 -0.172990E-02 +0.000000E+00 +0.356915E-03 +0.000000E+00 +0.000000E+00
 +0.110366E+01 -0.103300E+03 +0.171169E+03 -0.515482E+02 +0.394747E+02 +0.933604E+01 +0.000000E+00 +0.000000E+00 +0.250218E-02 -0.172943E-02 +0.000000E+00 +0.354769E-03 +0.000000E+00 +0.000000E+00
 +0.110366E+01 -0.103310E+03 +0.171213E+03 -0.514896E+02 +0.395087E+02 +0.927958E+01 +0.000000E+00 +0.000000E+00 +0.250238E-02 -0.172897E-02 +0.000000E+00 +0.352624E-03 +0.000000E+00 +0.000000E+00
 +0.110366E+01 -0.103320E+03 +0.171252E+03 -0.514204E+02 +0.395445E+02 +0.920819E+01 +0.000000E+00 +0.000000E+00 +0.250245E-02 -0.172833E-02 +0.000000E+00 +0.349911E-03 +0.000000E+00 +0.000000E+00
 +0.110366E+01 -0.103330E+03 +0.171291E+03 -0.513501E+02 +0.395805E+02 +0.913519E+01 +0.000000E+00 +0.000000E+00 +0.250250E-02 -0.172768E-02 +0.000000E+00 +0.347137E-03 +0.000000E+00 +0.000000E+00
 +0.110366E+01 -0.103340E+03 +0.171330E+03 -0.512797E+02 +0.396165E+02 +0.906219E+01 +0.000000E+00 +0.000000E+00 +0.250255E-02 -0.172703E-02 +0.000000E+00 +0.344363E-03 +0.000000E+00 +0.000000E+00
 +0.110366E+01 -0.103350E+03 +0.171369E+03 -0.512094E+02 +0.396526E+02 +0.898919E+01 +0.000000E+00 +0.000000E+00 +0.250261E-02 -0.172638E-02 +0.000000E+00 +0.341589E-03 +0.000000E+00 +0.000000E+00
 +0.110366E+01 -0.103360E+03 +0.171407E+03 -0.511391E+02 +0.396886E+02 +0.891619E+01 +0.000000E+00 +0.000000E+00 +0.250266E-02 -0.172573E-02 +0.000000E+00 +0.338815E-03 +0.000000E+00 +0.000000E+00
 +0.110366E+01 -0.103370E+03 +0.171446E+03 -0.510688E+02 +0.397246E+02 +0.884319E+01 +0.000000E+00 +0.000000E+00 +0.250271E-02 -0.172507E-02 +0.000000E+00 +0.336041E-03 +0.000000E+00 +0.000000E+00
 +0.110366E+01 -0.103380E+03 +0.171485E+03 -0.509984E+02 +0.397606E+02 +0.877019E+01 +0.000000E+00 +0.000000E+00 +0.250277E-02 -0.172442E-02 +0.000000E+00 +0.333267E-03 +0.000000E+00 +0.000000E+00
 +0.110366E+01 -0.103390E+03 +0.171524E+03 -0.509281E+02 +0.397966E+02 +0.869719E+01 +0.000000E+00 +0.000000E+00 +0.250282E-02 -0.172377E-02 +0.000000E+00 +0.330493E-03 +0.000000E+00 +0.000000E+00
 +0.110366E+01 -0.103400E+03 +0.171563E+03 -0.508578E+02 +0.398326E+02 +0.862419E+01 +0.000000E+00 +0.000000E+00 +0.250287E-02 -0.172312E-02 +0.000000E+00 +0.327719E-03 +0.000000E+00 +0.000000E+00
 +0.110366E+01 -0.103410E+03 +0.171602E+03 -0.507875E+02 +0.398686E+02 +0.855119E+01 +0.000000E+00 +0.000000E+00 +0.250292E-02 -0.172247E-02 +0.000000E+00 +0.324945E-03 +0.000000E+00 +0.000000E+00
 +0.110366E+01 -0.103420E+03 +0.171640E+03 -0.507172E+02 +0.399046E+02 +0.847819E+01 +0.000000E+00 +0.000000E+00 +0.250298E-02 -0.172181E-02 +0.000000E+00 +0.322171E-03 +0.000000E+00 +0.000000E+00
 +0.110366E+01 -0.103430E+03 +0.171679E+03 -0.506468E+02 +0.399407E+02 +0.840519E+01 +0.000000E+00 +0.000000E+00 +0.250303E-02 -0.172116E-02 +0.000000E+00 +0.319397E-03 +0.000000E+00 +0.000000E+00
 +0.110366E+01 -0.103440E+03 +0.171718E+03 -0.505765E+02 +0.399767E+02 +0.833219E+01 +0.000000E+00 +0.000000E+00 +0.250308E-02 -0.172051E-02 +0.000000E+00 +0.316623E-03 +0.000000E+00 +0.000000E+00
 +0.110366E+01 -0.103450E+03 +0.171757E+03 -0.505062E+02 +0.400127E+02 +0.825919E+01 +0.000000E+00 +0.000000E+00 +0.250314E-02 -0.171986E-02 +0.000000E+00 +0.313849E-03 +0.000000E+00 +0.000000E+00
 +0.110366E+01 -0.103460E+03 +0.171796E+03 -0.504359E+02 +0.400487E+02 +0.818619E+01 +0.000000E+00 +0.000000E+00 +0.250319E-02 -0.171921E-02 +0.000000E+00 +0.311075E-03 +0.000000E+00 +0.000000E+00
 +0.110366E+01 -0.103470E+03 +0.171834E+03 -0.503655E+02 +0.400847E+02 +0.811319E+01 +0.000000E+00 +0.000000E+00 +0.250324E-02 -0.171855E-02 +0.000000E+00 +0.308301E-03 +0.000000E+00 +0.000000E+00
 +0.110366E+01 -0.103480E+03 +0.171873E+03 -0.502952E+02 +0.401207E+02 +0.804019E+01 +0.000000E+00 +0.000000E+00 +0.250330E-02 -0.171790E-02 +0.000000E+00 +0.305527E-03 +0.000000E+00 +0.000000E+00
 +0.110366E+01 -0.103490E+03 +0.171912E+03 -0.502249E+02 +0.401567E+02 +0.796719E+01 +0.000000E+00 +0.000000E+00 +0.250335E-02 -0.171725E-02 +0.000000E+00 +0.302753E-03 +0.000000E+00 +0.000000E+00
 +0.110366E+01 -0.103500E+03 +0.171951E+03 -0.501546E+02 +0.401927E+02 +0.789419E+01 +0.000000E+00 +0.000000E+00 +0.250340E-02 -0.171660E-02 +0.000000E+00 +0.299979E-03 +0.000000E+00 +0.000000E+00
 +0.110366E+01 -0.103510E+03 +0.171990E+03 -0.500842E+02 +0.402288E+02 +0.782119E+01 +0.000000E+00 +0.000000E+00 +0.250346E-02 -0.171595E-02 +0.000000E+00 +0.297205E-03 +0.000000E+00 +0.000000E+00
 +0.110366E+01 -0.103520E+03 +0.172028E+03 -0.500139E+02 +0.402648E+02 +0.774819E+01 +0.000000E+00 +0.000000E+00 +0.250351E-02 -0.171530E-02 +0.000000E+00 +0.294431E-03 +0.000000E+00 +0.000000E+00
 +0.110366E+01 -0.103530E+03 +0.172066E+03 -0.499479E+02 +0.402990E+02 +0.767705E+01 +0.000000E+00 +0.000000E+00 +0.250357E-02 -0.171469E-02 +0.000000E+00 +0.291728E-03 +0.000000E+00 +0.000000E+00
 +0.110366E+01 -0.103540E+03 +0.172089E+03 -0.499316E+02 +0.403120E+02 +0.762753E+01 +0.000000E+00 +0.000000E+00 +0.250377E-02 -0.171463E-02 +0.000000E+00 +0.289846E-03 +0.000000E+00 +0.000000E+00
 +0.110366E+01 -0.103550E+03 +0.172113E+03 -0.499154E+02 +0.403251E+02 +0.757801E+01 +0.000000E+00 +0.000000E+00 +0.250396E-02 -0.171457E-02 +0.000000E+00 +0.287964E-03 +0.000000E+00 +0.000000E+00
 +0.110366E+01 -0.103560E+03 +0.172136E+03 -0.498991E+02 +0.403382E+02 +0.752849E+01 +0.000000E+00 +0.000000E+00 +0.250416E-02 -0.171451E-02 +0.000000E+00 +0.286083E-03 +0.000000E+00 +0.000000E+00
 +0.110366E+01 -0.103570E+03 +0.172159E+03 -0.498829E+02 +0.403512E+02 +0.747897E+01 +0.000000E+00 +0.000000E+00 +0.250435E-02 -0.171445E-02 +0.000000E+00 +0.284201E-03 +0.000000E+00 +0.000000E+00
 +0.110366E+01 -0.103580E+03 +0.172183E+03 -0.498666E+02 +0.403643E+02 +0.742945E+01 +0.000000E+00 +0.000000E+00 +0.250455E-02 -0.171439E-02 +0.000000E+00 +0.282319E-03 +0.000000E+00 +0.000000E+00
 +0.110366E+01 -0.103590E+03 +0.172206E+03 -0.498504E+02 +0.403774E+02 +0.737993E+01 +0.000000E+00 +0.000000E+00 +0.250474E-02 -0.171433E-02 +0.000000E+00 +0.280437E-03 +0.000000E+00 +0.000000E+00
 +0.110366E+01 -0.103600E+03 +0.172229E+03 -0.498341E+02 +0.403904E+02 +0.733041E+01 +0.000000E+00 +0.000000E+00 +0.250494E-02 -0.171427E-02 +0.000000E+00 +0.278555E-03 +0.000000E+00 +0.000000E+00
 +0.110366E+01 -0.103610E+03 +0.172253E+03 -0.498179E+02 +0.404035E+02 +0.728089E+01 +0.000000E+00 +0.000000E+00 +0.250513E-02 -0.171421E-02 +0.000000E+00 +0.276674E-03 +0.000000E+00 +0.000000E+00
 +0.110366E+01 -0.103620E+03 +0.172276E+03 -0.498016E+02 +0.404166E+02 +0.723137E+01 +0.000000E+00 +0.000000E+00 +0.250533E-02 -0.171415E-02 +0.000000E+00 +0.274792E-03 +0.000000E+00 +0.000000E+00
 +0.110366E+01 -0.103630E+03 +0.172299E+03 -0.497853E+02 +0.404296E+02 +0.718184E+01 +0.000000E+00 +0.000000E+00 +0.250553E-02 -0.171408E-02 +0.000000E+00 +0.272910E-03 +0.000000E+00 +0.000000E+00
 +0.110366E+01 -0.103640E+03 +0.172323E+03 -0.497691E+02 +0.404427E+02 +0.713232E+01 +0.000000E+00 +0.000000E+00 +0.250572E-02 -0.171402E-02 +0.000000E+00 +0.271028E-03 +0.000000E+00 +0.000000E+00
 +0.110366E+01 -0.103650E+03 +0.172346E+03 -0.497528E+02 +0.404558E+02 +0.708280E+01 +0.000000E+00 +0.000000E+00 +0.250592E-02 -0.171396E-02 +0.000000E+00 +0.269147E-03 +0.000000E+00 +0.000000E+00
 +0.110366E+01 -0.103660E+03 +0.172369E+03 -0.497366E+02 +0.404688E+02 +0.703328E+01 +0.000000E+00 +0.000000E+00 +0.250611E-02 -0.171390E-02 +0.000000E+00 +0.267265E-03 +0.000000E+00 +0.000000E+00
 +0.110366E+01 -0.103670E+03 +0.172393E+03 -0.497203E+02 +0.404819E+02 +0.698376E+01 +0.000000E+00 +0.000000E+00 +0.250631E-02 -0.171384E-02 +0.000000E+00 +0.265383E-03 +0.000000E+00 +0.000000E+00
 +0.110366E+01 -0.103680E+03 +0.172416E+03 -0.497041E+02 +0.404950E+02 +0.693424E+01 +0.000000E+00 +0.000000E+00 +0.250650E-02 -0.171378E-02 +0.000000E+00 +0.263501E-03 +0.000000E+00 +0.000000E+00
 +0.110366E+01 -0.103690E+03 +0.172439E+03 -0.496878E+02 +0.405080E+02 +0.688472E+01 +0.000000E+00 +0.000000E+00 +0.250670E-02 -0.171372E-02 +0.000000E+00 +0.261619E-03 +0.000000E+00 +0.000000E+00
 +0.110366E+01 -0.103700E+03 +0.172463E+03 -0.496716E+02 +0.405211E+02 +0.683520E+01 +0.000000E+00 +0.000000E+00 +0.250689E-02 -0.171366E-02 +0.000000E+00 +0.259738E-03 +0.000000E+00 +0.000000E+00
 +0.110366E+01 -0.103710E+03 +0.172484E+03 -0.496488E+02 +0.405355E+02 +0.678518E+01 +0.000000E+00 +0.000000E+00 +0.250701E-02 -0.171350E-02 +0.000000E+00 +0.257837E-03 +0.000000E+00 +0.000000E+00
 +0.110366E+01 -0.103720E+03 +0.172491E+03 -0.495940E+02 +0.405561E+02 +0.673268E+01 +0.000000E+00 +0.000000E+00 +0.250677E-02 -0.171285E-02 +0.000000E+00 +0.255842E-03 +0.000000E+00 +0.000000E+00
 +0.110366E+01 -0.103730E+03 +0.172499E+03 -0.495391E+02 +0.405767E+02 +0.668019E+01 +0.000000E+00 +0.000000E+00 +0.250652E-02 -0.171220E-02 +0.000000E+00 +0.253847E-03 +0.000000E+00 +0.000000E+00
 +0.110366E+01 -0.103740E+03 +0.172506E+03 -0.494843E+02 +0.405973E+02 +0.662769E+01 +0.000000E+00 +0.000000E+00 +0.250627E-02 -0.171155E-02 +0.000000E+00 +0.251852E-03 +0.000000E+00 +0.000000E+00
 +0.110366E+01 -0.103750E+03 +0.172514E+03 -0.494294E+02 +0.406179E+02 +0.657520E+01 +0.000000E+00 +0.000000E+00 +0.250603E-02 -0.171090E-02 +0.000000E+00 +0.249857E-03 +0.000000E+00 +0.000000E+00
 +0.110366E+01 -0.103760E+03 +0.172522E+03 -0.493746E+02 +0.406385E+02 +0.652270E+01 +0.000000E+00 +0.000000E+00 +0.250578E-02 -0.171025E-02 +0.000000E+00 +0.247863E-03 +0.000000E+00 +0.000000E+00
 +0.110366E+01 -0.103770E+03 +0.172529E+03 -0.493197E+02 +0.406592E+02 +0.647021E+01 +0.000000E+00 +0.000000E+00 +0.250553E-02 -0.170960E-02 +0.000000E+00 +0.245868E-03 +0.000000E+00 +0.000000E+00
 +0.110366E+01 -0.103780E+03 +0.172537E+03 -0.492649E+02 +0.406798E+02 +0.641771E+01 +0.000000E+00 +0.000000E+00 +0.250529E-02 -0.170895E-02 +0.000000E+00 +0.243873E-03 +0.000000E+00 +0.000000E+00
 +0.110366E+01 -0.103790E+03 +0.172545E+03 -0.492100E+02 +0.407004E+02 +0.636522E+01 +0.000000E+00 +0.000000E+00 +0.250504E-02 -0.170830E-02 +0.000000E+00 +0.241878E-03 +0.000000E+00 +0.000000E+00
 +0.110366E+01 -0.103800E+03 +0.172552E+03 -0.491552E+02 +0.407210E+02 +0.631272E+01 +0.000000E+00 +0.000000E+00 +0.250479E-02 -0.170765E-02 +0.000000E+00 +0.239883E-03 +0.000000E+00 +0.000000E+00
 +0.110366E+01 -0.103810E+03 +0.172560E+03 -0.491003E+02 +0.407416E+02 +0.626022E+01 +0.000000E+00 +0.000000E+00 +0.250454E-02 -0.170700E-02 +0.000000E+00 +0.237889E-03 +0.000000E+00 +0.000000E+00
 +0.110366E+01 -0.103820E+03 +0.172567E+03 -0.490455E+02 +0.407622E+02 +0.620773E+01 +0.000000E+00 +0.000000E+00 +0.250430E-02 -0.170635E-02 +0.000000E+00 +0.235894E-03 +0.000000E+00 +0.000000E+00
 +0.110366E+01 -0.103830E+03 +0.172575E+03 -0.489906E+02 +0.407829E+02 +0.615523E+01 +0.000000E+00 +0.000000E+00 +0.250405E-02 -0.170570E-02 +0.000000E+00 +0.233899E-03 +0.000000E+00 +0.000000E+00
 +0.110366E+01 -0.103840E+03 +0.172583E+03 -0.489358E+02 +0.408035E+02 +0.610274E+01 +0.000000E+00 +0.000000E+00 +0.250380E-02 -0.170505E-02 +0.000000E+00 +0.231904E-03 +0.000000E+00 +0.000000E+00
 +0.110366E+01 -0.103850E+03 +0.172590E+03 -0.488809E+02 +0.408241E+02 +0.605024E+01 +0.000000E+00 +0.000000E+00 +0.250356E-02 -0.170439E-02 +0.000000E+00 +0.229909E-03 +0.000000E+00 +0.000000E+00
 +0.110366E+01 -0.103860E+03 +0.172598E+03 -0.488261E+02 +0.408447E+02 +0.599775E+01 +0.000000E+00 +0.000000E+00 +0.250331E-02 -0.170374E-02 +0.000000E+00 +0.227914E-03 +0.000000E+00 +0.000000E+00
 +0.110366E+01 -0.103870E+03 +0.172618E+03 -0.487691E+02 +0.408700E+02 +0.596002E+01 +0.000000E+00 +0.000000E+00 +0.250320E-02 -0.170314E-02 +0.000000E+00 +0.226481E-03 +0.000000E+00 +0.000000E+00
 +0.110366E+01 -0.103880E+03 +0.172644E+03 -0.487110E+02 +0.408979E+02 +0.593062E+01 +0.000000E+00 +0.000000E+00 +0.250318E-02 -0.170257E-02 +0.000000E+00 +0.225364E-03 +0.000000E+00 +0.000000E+00
 +0.110366E+01 -0.103890E+03 +0.172670E+03 -0.486529E+02 +0.409258E+02 +0.590121E+01 +0.000000E+00 +0.000000E+00 +0.250315E-02 -0.170199E-02 +0.000000E+00 +0.224246E-03 +0.000000E+00 +0.000000E+00
 +0.110366E+01 -0.103900E+03 +0.172697E+03 -0.485948E+02 +0.409537E+02 +0.587181E+01 +0.000000E+00 +0.000000E+00 +0.250312E-02 -0.170142E-02 +0.000000E+00 +0.223129E-03 +0.000000E+00 +0.000000E+00
 +0.110366E+01 -0.103910E+03 +0.172723E+03 -0.485367E+02 +0.409816E+02 +0.584240E+01 +0.000000E+00 +0.000000E+00 +0.250309E-02 -0.170085E-02 +0.000000E+00 +0.222011E-03 +0.000000E+00 +0.000000E+00
 +0.110366E+01 -0.103920E+03 +0.172750E+03 -0.484786E+02 +0.410095E+02 +0.581300E+01 +0.000000E+00 +0.000000E+00 +0.250306E-02 -0.170027E-02 +0.000000E+00 +0.220894E-03 +0.000000E+00 +0.000000E+00
 +0.110366E+01 -0.103930E+03 +0.172776E+03 -0.484205E+02 +0.410374E+02 +0.578359E+01 +0.000000E+00 +0.000000E+00 +0.250304E-02 -0.169970E-02 +0.000000E+00 +0.219777E-03 +0.000000E+00 +0.000000E+00
 +0.110366E+01 -0.103940E+03 +0.172803E+03 -0.483624E+02 +0.410653E+02 +0.575419E+01 +0.000000E+00 +0.000000E+00 +0.250301E-02 -0.169912E-02 +0.000000E+00 +0.218659E-03 +0.000000E+00 +0.000000E+00
 +0.110366E+01 -0.103950E+03 +0.172829E+03 -0.483043E+02 +0.410932E+02 +0.572478E+01 +0.000000E+00 +0.000000E+00 +0.250298E-02 -0.169855E-02 +0.000000E+00 +0.217542E-03 +0.000000E+00 +0.000000E+00
 +0.110366E+01 -0.103960E+03 +0.172855E+03 -0.482462E+02 +0.411211E+02 +0.569538E+01 +0.000000E+00 +0.000000E+00 +0.250295E-02 -0.169798E-02 +0.000000E+00 +0.216424E-03 +0.000000E+00 +0.000000E+00
 +0.110366E+01 -0.103970E+03 +0.172882E+03 -0.481880E+02 +0.411490E+02 +0.566597E+01 +0.000000E+00 +0.000000E+00 +0.250292E-02 -0.169740E-02 +0.000000E+00 +0.215307E-03 +0.000000E+00 +0.000000E+00
 +0.110366E+01 -0.103980E+03 +0.172908E+03 -0.481299E+02 +0.411768E+02 +0.563657E+01 +0.000000E+00 +0.000000E+00 +0.250290E-02 -0.169683E-02 +0.000000E+00 +0.214190E-03 +0.000000E+00 +0.000000E+00
 +0.110366E+01 -0.103990E+03 +0.172935E+03 -0.480718E+02 +0.412047E+02 +0.560716E+01 +0.000000E+00 +0.000000E+00 +0.250287E-02 -0.169625E-02 +0.000000E+00 +0.213072E-03 +0.000000E+00 +0.000000E+00
 +0.110366E+01 -0.104000E+03 +0.172961E+03 -0.480137E+02 +0.412326E+02 +0.557776E+01 +0.000000E+00 +0.000000E+00 +0.250284E-02 -0.169568E-02 +0.000000E+00 +0.211955E-03 +0.000000E+00 +0.000000E+00
 +0.110366E+01 -0.104010E+03 +0.172988E+03 -0.479556E+02 +0.412605E+02 +0.554836E+01 +0.000000E+00 +0.000000E+00 +0.250281E-02 -0.169511E-02 +0.000000E+00 +0.210837E-03 +0.000000E+00 +0.000000E+00
 +0.110366E+01 -0.104020E+03 +0.173014E+03 -0.478975E+02 +0.412884E+02 +0.551895E+01 +0.000000E+00 +0.000000E+00 +0.250279E-02 -0.169453E-02 +0.000000E+00 +0.209720E-03 +0.000000E+00 +0.000000E+00
 +0.110366E+01 -0.104030E+03 +0.173040E+03 -0.478394E+02 +0.413163E+02 +0.548955E+01 +0.000000E+00 +0.000000E+00 +0.250276E-02 -0.169396E-02 +0.000000E+00 +0.208603E-03 +0.000000E+00 +0.000000E+00
 +0.110366E+01 -0.104040E+03 +0.173067E+03 -0.477813E+02 +0.413442E+02 +0.546014E+01 +0.000000E+00 +0.000000E+00 +0.250273E-02 -0.169338E-02 +0.000000E+00 +0.207485E-03 +0.000000E+00 +0.000000E+00
 +0.110366E+01 -0.104050E+03 +0.173093E+03 -0.477232E+02 +0.413721E+02 +0.543074E+01 +0.000000E+00 +0.000000E+00 +0.250270E-02 -0.169281E-02 +0.000000E+00 +0.206368E-03 +0.000000E+00 +0.000000E+00
 +0.110366E+01 -0.104060E+03 +0.173120E+03 -0.476651E+02 +0.414000E+02 +0.540133E+01 +0.000000E+00 +0.000000E+00 +0.250267E-02 -0.169224E-02 +0.000000E+00 +0.205251E-03 +0.000000E+00 +0.000000E+00
 +0.110366E+01 -0.104070E+03 +0.173146E+03 -0.476070E+02 +0.414279E+02 +0.537193E+01 +0.000000E+00 +0.000000E+00 +0.250265E-02 -0.169166E-02 +0.000000E+00 +0.204133E-03 +0.000000E+00 +0.000000E+00
 +0.110366E+01 -0.104080E+03 +0.173173E+03 -0.475489E+02 +0.414558E+02 +0.534252E+01 +0.000000E+00 +0.000000E+00 +0.250262E-02 -0.169109E-02 +0.000000E+00 +0.203016E-03 +0.000000E+00 +0.000000E+00
 +0.110366E+01 -0.104090E+03 +0.173199E+03 -0.474908E+02 +0.414837E+02 +0.531312E+01 +0.000000E+00 +0.000000E+00 +0.250259E-02 -0.169051E-02 +0.000000E+00 +0.201898E-03 +0.000000E+00 +0.000000E+00
 +0.110366E+01 -0.104100E+03 +0.173225E+03 -0.474326E+02 +0.415116E+02 +0.528371E+01 +0.000000E+00 +0.000000E+00 +0.250256E-02 -0.168994E-02 +0.000000E+00 +0.200781E-03 +0.000000E+00 +0.000000E+00
 +0.110366E+01 -0.104110E+03 +0.173252E+03 -0.473745E+02 +0.415395E+02 +0.525431E+01 +0.000000E+00 +0.000000E+00 +0.250253E-02 -0.168937E-02 +0.000000E+00 +0.199664E-03 +0.000000E+00 +0.000000E+00
 +0.110366E+01 -0.104120E+03 +0.173278E+03 -0.473164E+02 +0.415674E+02 +0.522490E+01 +0.000000E+00 +0.000000E+00 +0.250251E-02 -0.168879E-02 +0.000000E+00 +0.198546E-03 +0.000000E+00 +0.000000E+00
 +0.110366E+01 -0.104130E+03 +0.173305E+03 -0.472583E+02 +0.415953E+02 +0.519550E+01 +0.000000E+00 +0.000000E+00 +0.250248E-02 -0.168822E-02 +0.000000E+00 +0.197429E-03 +0.000000E+00 +0.000000E+00
 +0.110366E+01 -0.104140E+03 +0.173331E+03 -0.472002E+02 +0.416232E+02 +0.516609E+01 +0.000000E+00 +0.000000E+00 +0.250245E-02 -0.168764E-02 +0.000000E+00 +0.196311E-03 +0.000000E+00 +0.000000E+00
 +0.110366E+01 -0.104150E+03 +0.173358E+03 -0.471421E+02 +0.416511E+02 +0.513669E+01 +0.000000E+00 +0.000000E+00 +0.250242E-02 -0.168707E-02 +0.000000E+00 +0.195194E-03 +0.000000E+00 +0.000000E+00
 +0.110366E+01 -0.104160E+03 +0.173384E+03 -0.470840E+02 +0.416790E+02 +0.510728E+01 +0.000000E+00 +0.000000E+00 +0.250239E-02 -0.168650E-02 +0.000000E+00 +0.194077E-03 +0.000000E+00 +0.000000E+00
 +0.110366E+01 -0.104170E+03 +0.173410E+03 -0.470259E+02 +0.417069E+02 +0.507788E+01 +0.000000E+00 +0.000000E+00 +0.250237E-02 -0.168592E-02 +0.000000E+00 +0.192959E-03 +0.000000E+00 +0.000000E+00
 +0.110366E+01 -0.104180E+03 +0.173437E+03 -0.469678E+02 +0.417348E+02 +0.504847E+01 +0.000000E+00 +0.000000E+00 +0.250234E-02 -0.168535E-02 +0.000000E+00 +0.191842E-03 +0.000000E+00 +0.000000E+00
 +0.110366E+01 -0.104190E+03 +0.173463E+03 -0.469097E+02 +0.417627E+02 +0.501907E+01 +0.000000E+00 +0.000000E+00 +0.250231E-02 -0.168478E-02 +0.000000E+00 +0.190725E-03 +0.000000E+00 +0.000000E+00
 +0.110366E+01 -0.104200E+03 +0.173490E+03 -0.468516E+02 +0.417906E+02 +0.498966E+01 +0.000000E+00 +0.000000E+00 +0.250228E-02 -0.168420E-02 +0.000000E+00 +0.189607E-03 +0.000000E+00 +0.000000E+00
 +0.110366E+01 -0.104210E+03 +0.173516E+03 -0.467935E+02 +0.418185E+02 +0.496026E+01 +0.000000E+00 +0.000000E+00 +0.250226E-02 -0.168363E-02 +0.000000E+00 +0.188490E-03 +0.000000E+00 +0.000000E+00
 +0.110366E+01 -0.104220E+03 +0.173543E+03 -0.467354E+02 +0.418464E+02 +0.493085E+01 +0.000000E+00 +0.000000E+00 +0.250223E-02 -0.168305E-02 +0.000000E+00 +0.187372E-03 +0.000000E+00 +0.000000E+00
 +0.110366E+01 -0.104230E+03 +0.173569E+03 -0.466772E+02 +0.418743E+02 +0.490145E+01 +0.000000E+00 +0.000000E+00 +0.250220E-02 -0.168248E-02 +0.000000E+00 +0.186255E-03 +0.000000E+00 +0.000000E+00
 +0.110366E+01 -0.104240E+03 +0.173595E+03 -0.466191E+02 +0.419022E+02 +0.487204E+01 +0.000000E+00 +0.000000E+00 +0.250217E-02 -0.168191E-02 +0.000000E+00 +0.185138E-03 +0.000000E+00 +0.000000E+00
 +0.110366E+01 -0.104250E+03 +0.173622E+03 -0.465610E+02 +0.419301E+02 +0.484264E+01 +0.000000E+00 +0.000000E+00 +0.250214E-02 -0.168133E-02 +0.000000E+00 +0.184020E-03 +0.000000E+00 +0.000000E+00
 +0.110366E+01 -0.104260E+03 +0.173644E+03 -0.465000E+02 +0.419576E+02 +0.481629E+01 +0.000000E+00 +0.000000E+00 +0.250204E-02 -0.168069E-02 +0.000000E+00 +0.183019E-03 +0.000000E+00 +0.000000E+00
 +0.110366E+01 -0.104270E+03 +0.173658E+03 -0.464437E+02 +0.419807E+02 +0.479057E+01 +0.000000E+00 +0.000000E+00 +0.250187E-02 -0.168006E-02 +0.000000E+00 +0.182042E-03 +0.000000E+00 +0.000000E+00
 +0.110366E+01 -0.104280E+03 +0.173672E+03 -0.463875E+02 +0.420039E+02 +0.476485E+01 +0.000000E+00 +0.000000E+00 +0.250169E-02 -0.167944E-02 +0.000000E+00 +0.181064E-03 +0.000000E+00 +0.000000E+00
 +0.110366E+01 -0.104290E+03 +0.173686E+03 -0.463312E+02 +0.420271E+02 +0.473913E+01 +0.000000E+00 +0.000000E+00 +0.250152E-02 -0.167881E-02 +0.000000E+00 +0.180087E-03 +0.000000E+00 +0.000000E+00
 +0.110366E+01 -0.104300E+03 +0.173700E+03 -0.462750E+02 +0.420502E+02 +0.471341E+01 +0.000000E+00 +0.000000E+00 +0.250134E-02 -0.167818E-02 +0.000000E+00 +0.179110E-03 +0.000000E+00 +0.000000E+00
 +0.110366E+01 -0.104310E+03 +0.173714E+03 -0.462187E+02 +0.420734E+02 +0.468769E+01 +0.000000E+00 +0.000000E+00 +0.250117E-02 -0.167755E-02 +0.000000E+00 +0.178132E-03 +0.000000E+00 +0.000000E+00
 +0.110366E+01 -0.104320E+03 +0.173728E+03 -0.461625E+02 +0.420966E+02 +0.466197E+01 +0.000000E+00 +0.000000E+00 +0.250099E-02 -0.167692E-02 +0.000000E+00 +0.177155E-03 +0.000000E+00 +0.000000E+00
 +0.110366E+01 -0.104330E+03 +0.173742E+03 -0.461062E+02 +0.421197E+02 +0.463625E+01 +0.000000E+00 +0.000000E+00 +0.250082E-02 -0.167629E-02 +0.000000E+00 +0.176177E-03 +0.000000E+00 +0.000000E+00
 +0.110366E+01 -0.104340E+03 +0.173756E+03 -0.460500E+02 +0.421429E+02 +0.461053E+01 +0.000000E+00 +0.000000E+00 +0.250064E-02 -0.167567E-02 +0.000000E+00 +0.175200E-03 +0.000000E+00 +0.000000E+00
 +0.110366E+01 -0.104350E+03 +0.173770E+03 -0.459937E+02 +0.421661E+02 +0.458481E+01 +0.000000E+00 +0.000000E+00 +0.250047E-02 -0.167504E-02 +0.000000E+00 +0.174223E-03 +0.000000E+00 +0.000000E+00
 +0.110366E+01 -0.104360E+03 +0.173784E+03 -0.459375E+02 +0.421893E+02 +0.455909E+01 +0.000000E+00 +0.000000E+00 +0.250029E-02 -0.167441E-02 +0.000000E+00 +0.173245E-03 +0.000000E+00 +0.000000E+00
 +0.110366E+01 -0.104370E+03 +0.173798E+03 -0.458813E+02 +0.422124E+02 +0.453337E+01 +0.000000E+00 +0.000000E+00 +0.250012E-02 -0.167378E-02 +0.000000E+00 +0.172268E-03 +0.000000E+00 +0.000000E+00
 +0.110366E+01 -0.104380E+03 +0.173812E+03 -0.458250E+02 +0.422356E+02 +0.450765E+01 +0.000000E+00 +0.000000E+00 +0.249995E-02 -0.167315E-02 +0.000000E+00 +0.171291E-03 +0.000000E+00 +0.000000E+00
 +0.110366E+01 -0.104390E+03 +0.173826E+03 -0.457688E+02 +0.422588E+02 +0.448193E+01 +0.000000E+00 +0.000000E+00 +0.249977E-02 -0.167252E-02 +0.000000E+00 +0.170313E-03 +0.000000E+00 +0.000000E+00
 +0.110366E+01 -0.104400E+03 +0.173840E+03 -0.457125E+02 +0.422819E+02 +0.445621E+01 +0.000000E+00 +0.000000E+00 +0.249960E-02 -0.167189E-02 +0.000000E+00 +0.169336E-03 +0.000000E+00 +0.000000E+00
 +0.110366E+01 -0.104410E+03 +0.173854E+03 -0.456563E+02 +0.423051E+02 +0.443049E+01 +0.000000E+00 +0.000000E+00 +0.249942E-02 -0.167127E-02 +0.000000E+00 +0.168359E-03 +0.000000E+00 +0.000000E+00
 +0.110366E+01 -0.104420E+03 +0.173868E+03 -0.456000E+02 +0.423283E+02 +0.440477E+01 +0.000000E+00 +0.000000E+00 +0.249925E-02 -0.167064E-02 +0.000000E+00 +0.167381E-03 +0.000000E+00 +0.000000E+00
 +0.110366E+01 -0.104430E+03 +0.173881E+03 -0.455438E+02 +0.423514E+02 +0.437905E+01 +0.000000E+00 +0.000000E+00 +0.249907E-02 -0.167001E-02 +0.000000E+00 +0.166404E-03 +0.000000E+00 +0.000000E+00
 +0.110366E+01 -0.104440E+03 +0.173895E+03 -0.454875E+02 +0.423746E+02 +0.435333E+01 +0.000000E+00 +0.000000E+00 +0.249890E-02 -0.166938E-02 +0.000000E+00 +0.165426E-03 +0.000000E+00 +0.000000E+00
 +0.110366E+01 -0.104450E+03 +0.173909E+03 -0.454313E+02 +0.423978E+02 +0.432761E+01 +0.000000E+00 +0.000000E+00 +0.249872E-02 -0.166875E-02 +0.000000E+00 +0.164449E-03 +0.000000E+00 +0.000000E+00
 +0.110366E+01 -0.104460E+03 +0.173923E+03 -0.453750E+02 +0.424209E+02 +0.430189E+01 +0.000000E+00 +0.000000E+00 +0.249855E-02 -0.166812E-02 +0.000000E+00 +0.163472E-03 +0.000000E+00 +0.000000E+00
 +0.110366E+01 -0.104470E+03 +0.173937E+03 -0.453188E+02 +0.424441E+02 +0.427617E+01 +0.000000E+00 +0.000000E+00 +0.249837E-02 -0.166750E-02 +0.000000E+00 +0.162494E-03 +0.000000E+00 +0.000000E+00
 +0.110366E+01 -0.104480E+03 +0.173951E+03 -0.452626E+02 +0.424673E+02 +0.425045E+01 +0.000000E+00 +0.000000E+00 +0.249820E-02 -0.166687E-02 +0.000000E+00 +0.161517E-03 +0.000000E+00 +0.000000E+00
 +0.110366E+01 -0.104490E+03 +0.173965E+03 -0.452063E+02 +0.424905E+02 +0.422473E+01 +0.000000E+00 +0.000000E+00 +0.249802E-02 -0.166624E-02 +0.000000E+00 +0.160540E-03 +0.000000E+00 +0.000000E+00
 +0.110366E+01 -0.104500E+03 +0.173979E+03 -0.451501E+02 +0.425136E+02 +0.419901E+01 +0.000000E+00 +0.000000E+00 +0.249785E-02 -0.166561E-02 +0.000000E+00 +0.159562E-03 +0.000000E+00 +0.000000E+00
 +0.110366E+01 -0.104510E+03 +0.173993E+03 -0.450938E+02 +0.425368E+02 +0.417329E+01 +0.000000E+00 +0.000000E+00 +0.249767E-02 -0.166498E-02 +0.000000E+00 +0.158585E-03 +0.000000E+00 +0.000000E+00
 +0.110366E+01 -0.104520E+03 +0.174007E+03 -0.450376E+02 +0.425600E+02 +0.414757E+01 +0.000000E+00 +0.000000E+00 +0.249750E-02 -0.166435E-02 +0.000000E+00 +0.157608E-03 +0.000000E+00 +0.000000E+00
 +0.110366E+01 -0.104530E+03 +0.174021E+03 -0.449813E+02 +0.425831E+02 +0.412185E+01 +0.000000E+00 +0.000000E+00 +0.249732E-02 -0.166372E-02 +0.000000E+00 +0.156630E-03 +0.000000E+00 +0.000000E+00
 +0.110366E+01 -0.104540E+03 +0.174035E+03 -0.449251E+02 +0.426063E+02 +0.409613E+01 +0.000000E+00 +0.000000E+00 +0.249715E-02 -0.166310E-02 +0.000000E+00 +0.155653E-03 +0.000000E+00 +0.000000E+00
 +0.110366E+01 -0.104550E+03 +0.174049E+03 -0.448688E+02 +0.426295E+02 +0.407041E+01 +0.000000E+00 +0.000000E+00 +0.249697E-02 -0.166247E-02 +0.000000E+00 +0.154675E-03 +0.000000E+00 +0.000000E+00
 +0.110366E+01 -0.104560E+03 +0.174063E+03 -0.448126E+02 +0.426526E+02 +0.404469E+01 +0.000000E+00 +0.000000E+00 +0.249680E-02 -0.166184E-02 +0.000000E+00 +0.153698E-03 +0.000000E+00 +0.000000E+00
 +0.110366E+01 -0.104570E+03 +0.174077E+03 -0.447563E+02 +0.426758E+02 +0.401897E+01 +0.000000E+00 +0.000000E+00 +0.249662E-02 -0.166121E-02 +0.000000E+00 +0.152721E-03 +0.000000E+00 +0.000000E+00
 +0.110366E+01 -0.104580E+03 +0.174091E+03 -0.447001E+02 +0.426990E+02 +0.399325E+01 +0.000000E+00 +0.000000E+00 +0.249645E-02 -0.166058E-02 +0.000000E+00 +0.151743E-03 +0.000000E+00 +0.000000E+00
 +0.110366E+01 -0.104590E+03 +0.174105E+03 -0.446439E+02 +0.427222E+02 +0.396753E+01 +0.000000E+00 +0.000000E+00 +0.249627E-02 -0.165995E-02 +0.000000E+00 +0.150766E-03 +0.000000E+00 +0.000000E+00
 +0.110366E+01 -0.104600E+03 +0.174119E+03 -0.445876E+02 +0.427453E+02 +0.394181E+01 +0.000000E+00 +0.000000E+00 +0.249610E-02 -0.165933E-02 +0.000000E+00 +0.149789E-03 +0.000000E+00 +0.000000E+00
 +0.110366E+01 -0.104610E+03 +0.174133E+03 -0.445314E+02 +0.427685E+02 +0.391609E+01 +0.000000E+00 +0.000000E+00 +0.249592E-02 -0.165870E-02 +0.000000E+00 +0.148811E-03 +0.000000E+00 +0.000000E+00
 +0.110366E+01 -0.104620E+03 +0.174147E+03 -0.444751E+02 +0.427917E+02 +0.389037E+01 +0.000000E+00 +0.000000E+00 +0.249575E-02 -0.165807E-02 +0.000000E+00 +0.147834E-03 +0.000000E+00 +0.000000E+00
 +0.110366E+01 -0.104630E+03 +0.174161E+03 -0.444189E+02 +0.428148E+02 +0.386465E+01 +0.000000E+00 +0.000000E+00 +0.249557E-02 -0.165744E-02 +0.000000E+00 +0.146857E-03 +0.000000E+00 +0.000000E+00
 +0.110366E+01 -0.104640E+03 +0.174175E+03 -0.443626E+02 +0.428380E+02 +0.383893E+01 +0.000000E+00 +0.000000E+00 +0.249540E-02 -0.165681E-02 +0.000000E+00 +0.145879E-03 +0.000000E+00 +0.000000E+00
 +0.110366E+01 -0.104650E+03 +0.174189E+03 -0.443064E+02 +0.428612E+02 +0.381321E+01 +0.000000E+00 +0.000000E+00 +0.249522E-02 -0.165618E-02 +0.000000E+00 +0.144902E-03 +0.000000E+00 +0.000000E+00
 +0.110366E+01 -0.104660E+03 +0.174203E+03 -0.442501E+02 +0.428843E+02 +0.378749E+01 +0.000000E+00 +0.000000E+00 +0.249505E-02 -0.165556E-02 +0.000000E+00 +0.143924E-03 +0.000000E+00 +0.000000E+00
 +0.110366E+01 -0.104670E+03 +0.174217E+03 -0.441939E+02 +0.429075E+02 +0.376177E+01 +0.000000E+00 +0.000000E+00 +0.249487E-02 -0.165493E-02 +0.000000E+00 +0.142947E-03 +0.000000E+00 +0.000000E+00
 +0.110366E+01 -0.104680E+03 +0.174231E+03 -0.441376E+02 +0.429307E+02 +0.373605E+01 +0.000000E+00 +0.000000E+00 +0.249470E-02 -0.165430E-02 +0.000000E+00 +0.141970E-03 +0.000000E+00 +0.000000E+00
 +0.110366E+01 -0.104690E+03 +0.174245E+03 -0.440814E+02 +0.429539E+02 +0.371033E+01 +0.000000E+00 +0.000000E+00 +0.249452E-02 -0.165367E-02 +0.000000E+00 +0.140992E-03 +0.000000E+00 +0.000000E+00
 +0.110366E+01 -0.104700E+03 +0.174259E+03 -0.440252E+02 +0.429770E+02 +0.368461E+01 +0.000000E+00 +0.000000E+00 +0.249435E-02 -0.165304E-02 +0.000000E+00 +0.140015E-03 +0.000000E+00 +0.000000E+00
 +0.110366E+01 -0.104710E+03 +0.174273E+03 -0.439689E+02 +0.430002E+02 +0.365889E+01 +0.000000E+00 +0.000000E+00 +0.249417E-02 -0.165241E-02 +0.000000E+00 +0.139038E-03 +0.000000E+00 +0.000000E+00
 +0.110366E+01 -0.104720E+03 +0.174287E+03 -0.439127E+02 +0.430234E+02 +0.363317E+01 +0.000000E+00 +0.000000E+00 +0.249400E-02 -0.165178E-02 +0.000000E+00 +0.138060E-03 +0.000000E+00 +0.000000E+00
 +0.110366E+01 -0.104730E+03 +0.174300E+03 -0.438744E+02 +0.430406E+02 +0.360936E+01 +0.000000E+00 +0.000000E+00 +0.249394E-02 -0.165138E-02 +0.000000E+00 +0.137156E-03 +0.000000E+00 +0.000000E+00
 +0.110366E+01 -0.104740E+03 +0.174314E+03 -0.438536E+02 +0.430520E+02 +0.358743E+01 +0.000000E+00 +0.000000E+00 +0.249398E-02 -0.165121E-02 +0.000000E+00 +0.136322E-03 +0.000000E+00 +0.000000E+00
 +0.110366E+01 -0.104750E+03 +0.174328E+03 -0.438327E+02 +0.430634E+02 +0.356550E+01 +0.000000E+00 +0.000000E+00 +0.249403E-02 -0.165103E-02 +0.000000E+00 +0.135489E-03 +0.000000E+00 +0.000000E+00
 +0.110366E+01 -0.104760E+03 +0.174342E+03 -0.438119E+02 +0.430749E+02 +0.354357E+01 +0.000000E+00 +0.000000E+00 +0.249407E-02 -0.165085E-02 +0.000000E+00 +0.134656E-03 +0.000000E+00 +0.000000E+00
 +0.110366E+01 -0.104770E+03 +0.174356E+03 -0.437911E+02 +0.430863E+02 +0.352164E+01 +0.000000E+00 +0.000000E+00 +0.249412E-02 -0.165067E-02 +0.000000E+00 +0.133822E-03 +0.000000E+00 +0.000000E+00
 +0.110366E+01 -0.104780E+03 +0.174370E+03 -0.437703E+02 +0.430977E+02 +0.349970E+01 +0.000000E+00 +0.000000E+00 +0.249416E-02 -0.165049E-02 +0.000000E+00 +0.132989E-03 +0.000000E+00 +0.000000E+00
 +0.110366E+01 -0.104790E+03 +0.174383E+03 -0.437495E+02 +0.431092E+02 +0.347777E+01 +0.000000E+00 +0.000000E+00 +0.249421E-02 -0.165031E-02 +0.000000E+00 +0.132155E-03 +0.000000E+00 +0.000000E+00
 +0.110366E+01 -0.104800E+03 +0.174397E+03 -0.437287E+02 +0.431206E+02 +0.345584E+01 +0.000000E+00 +0.000000E+00 +0.249425E-02 -0.165014E-02 +0.000000E+00 +0.131322E-03 +0.000000E+00 +0.000000E+00
 +0.110366E+01 -0.104810E+03 +0.174411E+03 -0.437079E+02 +0.431320E+02 +0.343391E+01 +0.000000E+00 +0.000000E+00 +0.249430E-02 -0.164996E-02 +0.000000E+00 +0.130489E-03 +0.000000E+00 +0.000000E+00
 +0.110366E+01 -0.104820E+03 +0.174425E+03 -0.436871E+02 +0.431435E+02 +0.341198E+01 +0.000000E+00 +0.000000E+00 +0.249435E-02 -0.164978E-02 +0.000000E+00 +0.129655E-03 +0.000000E+00 +0.000000E+00
 +0.110366E+01 -0.104830E+03 +0.174439E+03 -0.436663E+02 +0.431549E+02 +0.339004E+01 +0.000000E+00 +0.000000E+00 +0.249439E-02 -0.164960E-02 +0.000000E+00 +0.128822E-03 +0.000000E+00 +0.000000E+00
 +0.110366E+01 -0.104840E+03 +0.174452E+03 -0.436454E+02 +0.431663E+02 +0.336811E+01 +0.000000E+00 +0.000000E+00 +0.249444E-02 -0.164942E-02 +0.000000E+00 +0.127988E-03 +0.000000E+00 +0.000000E+00
 +0.110366E+01 -0.104850E+03 +0.174466E+03 -0.436246E+02 +0.431777E+02 +0.334618E+01 +0.000000E+00 +0.000000E+00 +0.249448E-02 -0.164925E-02 +0.000000E+00 +0.127155E-03 +0.000000E+00 +0.000000E+00
 +0.110366E+01 -0.104860E+03 +0.174480E+03 -0.436038E+02 +0.431892E+02 +0.332425E+01 +0.000000E+00 +0.000000E+00 +0.249453E-02 -0.164907E-02 +0.000000E+00 +0.126321E-03 +0.000000E+00 +0.000000E+00
 +0.110366E+01 -0.104870E+03 +0.174494E+03 -0.435830E+02 +0.432006E+02 +0.330232E+01 +0.000000E+00 +0.000000E+00 +0.249457E-02 -0.164889E-02 +0.000000E+00 +0.125488E-03 +0.000000E+00 +0.000000E+00
 +0.110366E+01 -0.104880E+03 +0.174508E+03 -0.435622E+02 +0.432120E+02 +0.328038E+01 +0.000000E+00 +0.000000E+00 +0.249462E-02 -0.164871E-02 +0.000000E+00 +0.124655E-03 +0.000000E+00 +0.000000E+00
 +0.110366E+01 -0.104890E+03 +0.174522E+03 -0.435414E+02 +0.432235E+02 +0.325845E+01 +0.000000E+00 +0.000000E+00 +0.249466E-02 -0.164853E-02 +0.000000E+00 +0.123821E-03 +0.000000E+00 +0.000000E+00
 +0.110366E+01 -0.104900E+03 +0.174535E+03 -0.435206E+02 +0.432349E+02 +0.323652E+01 +0.000000E+00 +0.000000E+00 +0.249471E-02 -0.164835E-02 +0.000000E+00 +0.122988E-03 +0.000000E+00 +0.000000E+00
 +0.110366E+01 -0.104910E+03 +0.174549E+03 -0.434998E+02 +0.432463E+02 +0.321459E+01 +0.000000E+00 +0.000000E+00 +0.249476E-02 -0.164818E-02 +0.000000E+00 +0.122154E-03 +0.000000E+00 +0.000000E+00
 +0.110366E+01 -0.104920E+03 +0.174563E+03 -0.434790E+02 +0.432578E+02 +0.319266E+01 +0.000000E+00 +0.000000E+00 +0.249480E-02 -0.164800E-02 +0.000000E+00 +0.121321E-03 +0.000000E+00 +0.000000E+00
 +0.110366E+01 -0.104930E+03 +0.174577E+03 -0.434581E+02 +0.432692E+02 +0.317072E+01 +0.000000E+00 +0.000000E+00 +0.249485E-02 -0.164782E-02 +0.000000E+00 +0.120488E-03 +0.000000E+00 +0.000000E+00
 +0.110366E+01 -0.104940E+03 +0.174591E+03 -0.434373E+02 +0.432806E+02 +0.314879E+01 +0.000000E+00 +0.000000E+00 +0.249489E-02 -0.164764E-02 +0.000000E+00 +0.119654E-03 +0.000000E+00 +0.000000E+00
 +0.110366E+01 -0.104950E+03 +0.174605E+03 -0.434165E+02 +0.432920E+02 +0.312686E+01 +0.000000E+00 +0.000000E+00 +0.249494E-02 -0.164746E-02 +0.000000E+00 +0.118821E-03 +0.000000E+00 +0.000000E+00
 +0.110366E+01 -0.104960E+03 +0.174618E+03 -0.433945E+02 +0.433037E+02 +0.310491E+01 +0.000000E+00 +0.000000E+00 +0.249497E-02 -0.164727E-02 +0.000000E+00 +0.117987E-03 +0.000000E+00 +0.000000E+00
 +0.110366E+01 -0.104970E+03 +0.174622E+03 -0.433462E+02 +0.433211E+02 +0.308254E+01 +0.000000E+00 +0.000000E+00 +0.249472E-02 -0.164668E-02 +0.000000E+00 +0.117136E-03 +0.000000E+00 +0.000000E+00
 +0.110366E+01 -0.104980E+03 +0.174627E+03 -0.432979E+02 +0.433385E+02 +0.306016E+01 +0.000000E+00 +0.000000E+00 +0.249447E-02 -0.164609E-02 +0.000000E+00 +0.116286E-03 +0.000000E+00 +0.000000E+00
 +0.110366E+01 -0.104990E+03 +0.174631E+03 -0.432496E+02 +0.433559E+02 +0.303779E+01 +0.000000E+00 +0.000000E+00 +0.249423E-02 -0.164550E-02 +0.000000E+00 +0.115436E-03 +0.000000E+00 +0.000000E+00
