%X Y s_xx s_yy s_zz s_xy s_xz s_yz e_xx e_yy e_zz e_xy e_xz e_yz
 +0.110366E+01 -0.100000E+03 -0.432021E+03 -0.260427E+02 -0.151161E+03 +0.339933E+02 +0.000000E+00 +0.000000E+00 -0.533634E-02 +0.237725E-02 +0.000000E+00 +0.129174E-02 +0.000000E+00 +0.000000E+00
 +0.110366E+01 -0.100010E+03 -0.423933E+03 -0.316339E+02 -0.150337E+03 +0.379957E+02 +0.000000E+00 +0.000000E+00 -0.519833E-02 +0.225536E-02 +0.000000E+00 +0.144384E-02 +0.000000E+00 +0.000000E+00
 +0.110366E+01 -0.100020E+03 -0.415848E+03 -0.372144E+02 -0.149511E+03 +0.420159E+02 +0.000000E+00 +0.000000E+00 -0.506042E-02 +0.213363E-02 +0.000000E+00 +0.159660E-02 +0.000000E+00 +0.000000E+00
 +0.110366E+01 -0.100030E+03 -0.408284E+03 -0.408388E+02 -0.148211E+03 +0.492790E+02 +0.000000E+00 +0.000000E+00 -0.494140E-02 +0.204006E-02 +0.000000E+00 +0.187260E-02 +0.000000E+00 +0.000000E+00
 +0.110366E+01 -0.100040E+03 -0.400739E+03 -0.444570E+02 -0.146915E+03 +0.565114E+02 +0.000000E+00 +0.000000E+00 -0.482267E-02 +0.194670E-02 +0.000000E+00 +0.214743E-02 +0.000000E+00 +0.000000E+00
 +0.110366E+01 -0.100050E+03 -0.394992E+03 -0.475091E+02 -0.146025E+03 +0.609440E+02 +0.000000E+00 +0.000000E+00 -0.473036E-02 +0.187181E-02 +0.000000E+00 +0.231587E-02 +0.000000E+00 +0.000000E+00
 +0.110366E+01 -0.100060E+03 -0.389256E+03 -0.505542E+02 -0.145137E+03 +0.653558E+02 +0.000000E+00 +0.000000E+00 -0.463825E-02 +0.179708E-02 +0.000000E+00 +0.248352E-02 +0.000000E+00 +0.000000E+00
 +0.110366E+01 -0.100070E+03 -0.384239E+03 -0.531863E+02 -0.144350E+03 +0.685130E+02 +0.000000E+00 +0.000000E+00 -0.455788E-02 +0.173212E-02 +0.000000E+00 +0.260349E-02 +0.000000E+00 +0.000000E+00
 +0.110366E+01 -0.100080E+03 -0.379233E+03 -0.558115E+02 -0.143565E+03 +0.716531E+02 +0.000000E+00 +0.000000E+00 -0.447770E-02 +0.166731E-02 +0.000000E+00 +0.272282E-02 +0.000000E+00 +0.000000E+00
 +0.110366E+01 -0.100090E+03 -0.374717E+03 -0.581243E+02 -0.142838E+03 +0.740269E+02 +0.000000E+00 +0.000000E+00 -0.440571E-02 +0.160955E-02 +0.000000E+00 +0.281302E-02 +0.000000E+00 +0.000000E+00
 +0.110366E+01 -0.100100E+03 -0.370211E+03 -0.604302E+02 -0.142112E+03 +0.763859E+02 +0.000000E+00 +0.000000E+00 -0.433389E-02 +0.155195E-02 +0.000000E+00 +0.290266E-02 +0.000000E+00 +0.000000E+00
 +0.110366E+01 -0.100110E+03 -0.366059E+03 -0.624870E+02 -0.141420E+03 +0.782184E+02 +0.000000E+00 +0.000000E+00 -0.426814E-02 +0.149973E-02 +0.000000E+00 +0.297230E-02 +0.000000E+00 +0.000000E+00
 +0.110366E+01 -0.100120E+03 -0.361917E+03 -0.645369E+02 -0.140730E+03 +0.800379E+02 +0.000000E+00 +0.000000E+00 -0.420256E-02 +0.144767E-02 +0.000000E+00 +0.304144E-02 +0.000000E+00 +0.000000E+00
 +0.110366E+01 -0.100130E+03 -0.358059E+03 -0.663812E+02 -0.140065E+03 +0.814731E+02 +0.000000E+00 +0.000000E+00 -0.414188E-02 +0.140000E-02 +0.000000E+00 +0.309598E-02 +0.000000E+00 +0.000000E+00
 +0.110366E+01 -0.100140E+03 -0.354210E+03 -0.682188E+02 -0.139401E+03 +0.828966E+02 +0.000000E+00 +0.000000E+00 -0.408136E-02 +0.135247E-02 +0.000000E+00 +0.315007E-02 +0.000000E+00 +0.000000E+00
 +0.110366E+01 -0.100150E+03 -0.350598E+03 -0.698825E+02 -0.138758E+03 +0.840255E+02 +0.000000E+00 +0.000000E+00 -0.402494E-02 +0.130864E-02 +0.000000E+00 +0.319297E-02 +0.000000E+00 +0.000000E+00
 +0.110366E+01 -0.100160E+03 -0.346995E+03 -0.715394E+02 -0.138116E+03 +0.851438E+02 +0.000000E+00 +0.000000E+00 -0.396869E-02 +0.126496E-02 +0.000000E+00 +0.323547E-02 +0.000000E+00 +0.000000E+00
 +0.110366E+01 -0.100170E+03 -0.343595E+03 -0.730468E+02 -0.137492E+03 +0.860301E+02 +0.000000E+00 +0.000000E+00 -0.391597E-02 +0.122446E-02 +0.000000E+00 +0.326914E-02 +0.000000E+00 +0.000000E+00
 +0.110366E+01 -0.100180E+03 -0.340205E+03 -0.745475E+02 -0.136868E+03 +0.869068E+02 +0.000000E+00 +0.000000E+00 -0.386340E-02 +0.118410E-02 +0.000000E+00 +0.330246E-02 +0.000000E+00 +0.000000E+00
 +0.110366E+01 -0.100190E+03 -0.336995E+03 -0.759176E+02 -0.136261E+03 +0.875963E+02 +0.000000E+00 +0.000000E+00 -0.381394E-02 +0.114653E-02 +0.000000E+00 +0.332866E-02 +0.000000E+00 +0.000000E+00
 +0.110366E+01 -0.100200E+03 -0.333794E+03 -0.772811E+02 -0.135655E+03 +0.882771E+02 +0.000000E+00 +0.000000E+00 -0.376464E-02 +0.110910E-02 +0.000000E+00 +0.335453E-02 +0.000000E+00 +0.000000E+00
 +0.110366E+01 -0.100210E+03 -0.330753E+03 -0.785294E+02 -0.135063E+03 +0.888048E+02 +0.000000E+00 +0.000000E+00 -0.371810E-02 +0.107414E-02 +0.000000E+00 +0.337458E-02 +0.000000E+00 +0.000000E+00
 +0.110366E+01 -0.100220E+03 -0.327721E+03 -0.797713E+02 -0.134472E+03 +0.893243E+02 +0.000000E+00 +0.000000E+00 -0.367172E-02 +0.103932E-02 +0.000000E+00 +0.339432E-02 +0.000000E+00 +0.000000E+00
 +0.110366E+01 -0.100230E+03 -0.324834E+03 -0.809107E+02 -0.133896E+03 +0.897171E+02 +0.000000E+00 +0.000000E+00 -0.362782E-02 +0.100671E-02 +0.000000E+00 +0.340925E-02 +0.000000E+00 +0.000000E+00
 +0.110366E+01 -0.100240E+03 -0.321956E+03 -0.820438E+02 -0.133320E+03 +0.901024E+02 +0.000000E+00 +0.000000E+00 -0.358408E-02 +0.974246E-03 +0.000000E+00 +0.342389E-02 +0.000000E+00 +0.000000E+00
 +0.110366E+01 -0.100250E+03 -0.319210E+03 -0.830852E+02 -0.132757E+03 +0.903817E+02 +0.000000E+00 +0.000000E+00 -0.354260E-02 +0.943772E-03 +0.000000E+00 +0.343450E-02 +0.000000E+00 +0.000000E+00
 +0.110366E+01 -0.100260E+03 -0.316473E+03 -0.841203E+02 -0.132196E+03 +0.906542E+02 +0.000000E+00 +0.000000E+00 -0.350127E-02 +0.913435E-03 +0.000000E+00 +0.344486E-02 +0.000000E+00 +0.000000E+00
 +0.110366E+01 -0.100270E+03 -0.313857E+03 -0.850730E+02 -0.131647E+03 +0.908373E+02 +0.000000E+00 +0.000000E+00 -0.346200E-02 +0.884906E-03 +0.000000E+00 +0.345182E-02 +0.000000E+00 +0.000000E+00
 +0.110366E+01 -0.100280E+03 -0.311250E+03 -0.860195E+02 -0.131099E+03 +0.910143E+02 +0.000000E+00 +0.000000E+00 -0.342288E-02 +0.856512E-03 +0.000000E+00 +0.345854E-02 +0.000000E+00 +0.000000E+00
 +0.110366E+01 -0.100290E+03 -0.308755E+03 -0.868915E+02 -0.130563E+03 +0.911157E+02 +0.000000E+00 +0.000000E+00 -0.338564E-02 +0.829765E-03 +0.000000E+00 +0.346240E-02 +0.000000E+00 +0.000000E+00
 +0.110366E+01 -0.100300E+03 -0.306269E+03 -0.877575E+02 -0.130029E+03 +0.912113E+02 +0.000000E+00 +0.000000E+00 -0.334856E-02 +0.803151E-03 +0.000000E+00 +0.346603E-02 +0.000000E+00 +0.000000E+00
 +0.110366E+01 -0.100310E+03 -0.303885E+03 -0.885559E+02 -0.129505E+03 +0.912427E+02 +0.000000E+00 +0.000000E+00 -0.331321E-02 +0.778042E-03 +0.000000E+00 +0.346722E-02 +0.000000E+00 +0.000000E+00
 +0.110366E+01 -0.100320E+03 -0.301510E+03 -0.893485E+02 -0.128983E+03 +0.912689E+02 +0.000000E+00 +0.000000E+00 -0.327801E-02 +0.753064E-03 +0.000000E+00 +0.346822E-02 +0.000000E+00 +0.000000E+00
 +0.110366E+01 -0.100330E+03 -0.299231E+03 -0.900797E+02 -0.128473E+03 +0.912402E+02 +0.000000E+00 +0.000000E+00 -0.324441E-02 +0.729465E-03 +0.000000E+00 +0.346713E-02 +0.000000E+00 +0.000000E+00
 +0.110366E+01 -0.100340E+03 -0.296961E+03 -0.908051E+02 -0.127963E+03 +0.912068E+02 +0.000000E+00 +0.000000E+00 -0.321096E-02 +0.705996E-03 +0.000000E+00 +0.346586E-02 +0.000000E+00 +0.000000E+00
 +0.110366E+01 -0.100350E+03 -0.294779E+03 -0.914746E+02 -0.127464E+03 +0.911265E+02 +0.000000E+00 +0.000000E+00 -0.317899E-02 +0.683794E-03 +0.000000E+00 +0.346281E-02 +0.000000E+00 +0.000000E+00
 +0.110366E+01 -0.100360E+03 -0.292606E+03 -0.921385E+02 -0.126966E+03 +0.910418E+02 +0.000000E+00 +0.000000E+00 -0.314717E-02 +0.661718E-03 +0.000000E+00 +0.345959E-02 +0.000000E+00 +0.000000E+00
 +0.110366E+01 -0.100370E+03 -0.290516E+03 -0.927513E+02 -0.126478E+03 +0.909169E+02 +0.000000E+00 +0.000000E+00 -0.311672E-02 +0.640810E-03 +0.000000E+00 +0.345484E-02 +0.000000E+00 +0.000000E+00
 +0.110366E+01 -0.100380E+03 -0.288434E+03 -0.933587E+02 -0.125992E+03 +0.907881E+02 +0.000000E+00 +0.000000E+00 -0.308641E-02 +0.620026E-03 +0.000000E+00 +0.344995E-02 +0.000000E+00 +0.000000E+00
 +0.110366E+01 -0.100390E+03 -0.286430E+03 -0.939194E+02 -0.125515E+03 +0.906248E+02 +0.000000E+00 +0.000000E+00 -0.305737E-02 +0.600319E-03 +0.000000E+00 +0.344374E-02 +0.000000E+00 +0.000000E+00
 +0.110366E+01 -0.100400E+03 -0.284433E+03 -0.944748E+02 -0.125040E+03 +0.904579E+02 +0.000000E+00 +0.000000E+00 -0.302848E-02 +0.580733E-03 +0.000000E+00 +0.343740E-02 +0.000000E+00 +0.000000E+00
 +0.110366E+01 -0.100410E+03 -0.282509E+03 -0.949874E+02 -0.124574E+03 +0.902614E+02 +0.000000E+00 +0.000000E+00 -0.300077E-02 +0.562142E-03 +0.000000E+00 +0.342993E-02 +0.000000E+00 +0.000000E+00
 +0.110366E+01 -0.100420E+03 -0.280593E+03 -0.954949E+02 -0.124109E+03 +0.900615E+02 +0.000000E+00 +0.000000E+00 -0.297320E-02 +0.543670E-03 +0.000000E+00 +0.342234E-02 +0.000000E+00 +0.000000E+00
 +0.110366E+01 -0.100430E+03 -0.278745E+03 -0.959632E+02 -0.123654E+03 +0.898363E+02 +0.000000E+00 +0.000000E+00 -0.294673E-02 +0.526119E-03 +0.000000E+00 +0.341378E-02 +0.000000E+00 +0.000000E+00
 +0.110366E+01 -0.100440E+03 -0.276905E+03 -0.964265E+02 -0.123199E+03 +0.896081E+02 +0.000000E+00 +0.000000E+00 -0.292040E-02 +0.508683E-03 +0.000000E+00 +0.340511E-02 +0.000000E+00 +0.000000E+00
 +0.110366E+01 -0.100450E+03 -0.275127E+03 -0.968537E+02 -0.122754E+03 +0.893580E+02 +0.000000E+00 +0.000000E+00 -0.289510E-02 +0.492101E-03 +0.000000E+00 +0.339560E-02 +0.000000E+00 +0.000000E+00
 +0.110366E+01 -0.100460E+03 -0.273358E+03 -0.972762E+02 -0.122309E+03 +0.891052E+02 +0.000000E+00 +0.000000E+00 -0.286993E-02 +0.475632E-03 +0.000000E+00 +0.338600E-02 +0.000000E+00 +0.000000E+00
 +0.110366E+01 -0.100470E+03 -0.271648E+03 -0.976654E+02 -0.121874E+03 +0.888336E+02 +0.000000E+00 +0.000000E+00 -0.284572E-02 +0.459955E-03 +0.000000E+00 +0.337568E-02 +0.000000E+00 +0.000000E+00
 +0.110366E+01 -0.100480E+03 -0.269947E+03 -0.980501E+02 -0.121439E+03 +0.885595E+02 +0.000000E+00 +0.000000E+00 -0.282165E-02 +0.444387E-03 +0.000000E+00 +0.336526E-02 +0.000000E+00 +0.000000E+00
 +0.110366E+01 -0.100490E+03 -0.268300E+03 -0.984042E+02 -0.121012E+03 +0.882694E+02 +0.000000E+00 +0.000000E+00 -0.279847E-02 +0.429556E-03 +0.000000E+00 +0.335424E-02 +0.000000E+00 +0.000000E+00
 +0.110366E+01 -0.100500E+03 -0.266662E+03 -0.987539E+02 -0.120587E+03 +0.879770E+02 +0.000000E+00 +0.000000E+00 -0.277542E-02 +0.414831E-03 +0.000000E+00 +0.334313E-02 +0.000000E+00 +0.000000E+00
 +0.110366E+01 -0.100510E+03 -0.265075E+03 -0.990754E+02 -0.120170E+03 +0.876708E+02 +0.000000E+00 +0.000000E+00 -0.275320E-02 +0.400791E-03 +0.000000E+00 +0.333149E-02 +0.000000E+00 +0.000000E+00
 +0.110366E+01 -0.100520E+03 -0.263497E+03 -0.993926E+02 -0.119753E+03 +0.873626E+02 +0.000000E+00 +0.000000E+00 -0.273112E-02 +0.386856E-03 +0.000000E+00 +0.331978E-02 +0.000000E+00 +0.000000E+00
 +0.110366E+01 -0.100530E+03 -0.261967E+03 -0.996838E+02 -0.119345E+03 +0.870426E+02 +0.000000E+00 +0.000000E+00 -0.270982E-02 +0.373557E-03 +0.000000E+00 +0.330762E-02 +0.000000E+00 +0.000000E+00
 +0.110366E+01 -0.100540E+03 -0.260445E+03 -0.999709E+02 -0.118937E+03 +0.867208E+02 +0.000000E+00 +0.000000E+00 -0.268865E-02 +0.360361E-03 +0.000000E+00 +0.329539E-02 +0.000000E+00 +0.000000E+00
 +0.110366E+01 -0.100550E+03 -0.258969E+03 -0.100234E+03 -0.118537E+03 +0.863889E+02 +0.000000E+00 +0.000000E+00 -0.266821E-02 +0.347758E-03 +0.000000E+00 +0.328278E-02 +0.000000E+00 +0.000000E+00
 +0.110366E+01 -0.100560E+03 -0.257501E+03 -0.100493E+03 -0.118138E+03 +0.860554E+02 +0.000000E+00 +0.000000E+00 -0.264789E-02 +0.335255E-03 +0.000000E+00 +0.327010E-02 +0.000000E+00 +0.000000E+00
 +0.110366E+01 -0.100570E+03 -0.256076E+03 -0.100730E+03 -0.117746E+03 +0.857132E+02 +0.000000E+00 +0.000000E+00 -0.262827E-02 +0.323306E-03 +0.000000E+00 +0.325710E-02 +0.000000E+00 +0.000000E+00
 +0.110366E+01 -0.100580E+03 -0.254659E+03 -0.100963E+03 -0.117355E+03 +0.853696E+02 +0.000000E+00 +0.000000E+00 -0.260877E-02 +0.311454E-03 +0.000000E+00 +0.324405E-02 +0.000000E+00 +0.000000E+00
 +0.110366E+01 -0.100590E+03 -0.253282E+03 -0.101175E+03 -0.116971E+03 +0.850187E+02 +0.000000E+00 +0.000000E+00 -0.258991E-02 +0.300120E-03 +0.000000E+00 +0.323071E-02 +0.000000E+00 +0.000000E+00
 +0.110366E+01 -0.100600E+03 -0.251913E+03 -0.101384E+03 -0.116588E+03 +0.846666E+02 +0.000000E+00 +0.000000E+00 -0.257118E-02 +0.288880E-03 +0.000000E+00 +0.321733E-02 +0.000000E+00 +0.000000E+00
 +0.110366E+01 -0.100610E+03 -0.250583E+03 -0.101573E+03 -0.116211E+03 +0.843082E+02 +0.000000E+00 +0.000000E+00 -0.255305E-02 +0.278124E-03 +0.000000E+00 +0.320371E-02 +0.000000E+00 +0.000000E+00
 +0.110366E+01 -0.100620E+03 -0.249260E+03 -0.101759E+03 -0.115836E+03 +0.839488E+02 +0.000000E+00 +0.000000E+00 -0.253504E-02 +0.267461E-03 +0.000000E+00 +0.319006E-02 +0.000000E+00 +0.000000E+00
 +0.110366E+01 -0.100630E+03 -0.247973E+03 -0.101928E+03 -0.115467E+03 +0.835841E+02 +0.000000E+00 +0.000000E+00 -0.251761E-02 +0.257251E-03 +0.000000E+00 +0.317620E-02 +0.000000E+00 +0.000000E+00
 +0.110366E+01 -0.100640E+03 -0.246694E+03 -0.102092E+03 -0.115099E+03 +0.832186E+02 +0.000000E+00 +0.000000E+00 -0.250029E-02 +0.247131E-03 +0.000000E+00 +0.316231E-02 +0.000000E+00 +0.000000E+00
 +0.110366E+01 -0.100650E+03 -0.245449E+03 -0.102241E+03 -0.114738E+03 +0.828486E+02 +0.000000E+00 +0.000000E+00 -0.248351E-02 +0.237437E-03 +0.000000E+00 +0.314825E-02 +0.000000E+00 +0.000000E+00
 +0.110366E+01 -0.100660E+03 -0.244211E+03 -0.102386E+03 -0.114377E+03 +0.824778E+02 +0.000000E+00 +0.000000E+00 -0.246684E-02 +0.227830E-03 +0.000000E+00 +0.313416E-02 +0.000000E+00 +0.000000E+00
 +0.110366E+01 -0.100670E+03 -0.243006E+03 -0.102516E+03 -0.114022E+03 +0.821034E+02 +0.000000E+00 +0.000000E+00 -0.245069E-02 +0.218622E-03 +0.000000E+00 +0.311993E-02 +0.000000E+00 +0.000000E+00
 +0.110366E+01 -0.100680E+03 -0.241808E+03 -0.102642E+03 -0.113668E+03 +0.817283E+02 +0.000000E+00 +0.000000E+00 -0.243464E-02 +0.209499E-03 +0.000000E+00 +0.310568E-02 +0.000000E+00 +0.000000E+00
 +0.110366E+01 -0.100690E+03 -0.240640E+03 -0.102754E+03 -0.113320E+03 +0.813503E+02 +0.000000E+00 +0.000000E+00 -0.241908E-02 +0.200752E-03 +0.000000E+00 +0.309131E-02 +0.000000E+00 +0.000000E+00
 +0.110366E+01 -0.100700E+03 -0.239480E+03 -0.102864E+03 -0.112973E+03 +0.809717E+02 +0.000000E+00 +0.000000E+00 -0.240363E-02 +0.192088E-03 +0.000000E+00 +0.307692E-02 +0.000000E+00 +0.000000E+00
 +0.110366E+01 -0.100710E+03 -0.238349E+03 -0.102959E+03 -0.112632E+03 +0.805907E+02 +0.000000E+00 +0.000000E+00 -0.238863E-02 +0.183777E-03 +0.000000E+00 +0.306245E-02 +0.000000E+00 +0.000000E+00
 +0.110366E+01 -0.100720E+03 -0.237225E+03 -0.103052E+03 -0.112291E+03 +0.802092E+02 +0.000000E+00 +0.000000E+00 -0.237374E-02 +0.175546E-03 +0.000000E+00 +0.304795E-02 +0.000000E+00 +0.000000E+00
 +0.110366E+01 -0.100730E+03 -0.236129E+03 -0.103133E+03 -0.111956E+03 +0.798259E+02 +0.000000E+00 +0.000000E+00 -0.235928E-02 +0.167649E-03 +0.000000E+00 +0.303338E-02 +0.000000E+00 +0.000000E+00
 +0.110366E+01 -0.100740E+03 -0.235039E+03 -0.103210E+03 -0.111622E+03 +0.794422E+02 +0.000000E+00 +0.000000E+00 -0.234492E-02 +0.159831E-03 +0.000000E+00 +0.301880E-02 +0.000000E+00 +0.000000E+00
 +0.110366E+01 -0.100750E+03 -0.233976E+03 -0.103276E+03 -0.111293E+03 +0.790571E+02 +0.000000E+00 +0.000000E+00 -0.233097E-02 +0.152326E-03 +0.000000E+00 +0.300417E-02 +0.000000E+00 +0.000000E+00
 +0.110366E+01 -0.100760E+03 -0.232920E+03 -0.103339E+03 -0.110965E+03 +0.786717E+02 +0.000000E+00 +0.000000E+00 -0.231713E-02 +0.144898E-03 +0.000000E+00 +0.298953E-02 +0.000000E+00 +0.000000E+00
 +0.110366E+01 -0.100770E+03 -0.231888E+03 -0.103391E+03 -0.110642E+03 +0.782853E+02 +0.000000E+00 +0.000000E+00 -0.230367E-02 +0.137766E-03 +0.000000E+00 +0.297484E-02 +0.000000E+00 +0.000000E+00
 +0.110366E+01 -0.100780E+03 -0.230864E+03 -0.103441E+03 -0.110321E+03 +0.778987E+02 +0.000000E+00 +0.000000E+00 -0.229032E-02 +0.130710E-03 +0.000000E+00 +0.296015E-02 +0.000000E+00 +0.000000E+00
 +0.110366E+01 -0.100790E+03 -0.229863E+03 -0.103480E+03 -0.110003E+03 +0.775114E+02 +0.000000E+00 +0.000000E+00 -0.227733E-02 +0.123933E-03 +0.000000E+00 +0.294543E-02 +0.000000E+00 +0.000000E+00
 +0.110366E+01 -0.100800E+03 -0.228868E+03 -0.103517E+03 -0.109687E+03 +0.771241E+02 +0.000000E+00 +0.000000E+00 -0.226444E-02 +0.117230E-03 +0.000000E+00 +0.293071E-02 +0.000000E+00 +0.000000E+00
 +0.110366E+01 -0.100810E+03 -0.227897E+03 -0.103545E+03 -0.109376E+03 +0.767363E+02 +0.000000E+00 +0.000000E+00 -0.225190E-02 +0.110792E-03 +0.000000E+00 +0.291598E-02 +0.000000E+00 +0.000000E+00
 +0.110366E+01 -0.100820E+03 -0.226932E+03 -0.103569E+03 -0.109065E+03 +0.763486E+02 +0.000000E+00 +0.000000E+00 -0.223946E-02 +0.104425E-03 +0.000000E+00 +0.290125E-02 +0.000000E+00 +0.000000E+00
 +0.110366E+01 -0.100830E+03 -0.225988E+03 -0.103585E+03 -0.108759E+03 +0.759607E+02 +0.000000E+00 +0.000000E+00 -0.222735E-02 +0.983090E-04 +0.000000E+00 +0.288651E-02 +0.000000E+00 +0.000000E+00
 +0.110366E+01 -0.100840E+03 -0.225051E+03 -0.103599E+03 -0.108454E+03 +0.755729E+02 +0.000000E+00 +0.000000E+00 -0.221534E-02 +0.922630E-04 +0.000000E+00 +0.287177E-02 +0.000000E+00 +0.000000E+00
 +0.110366E+01 -0.100850E+03 -0.224135E+03 -0.103604E+03 -0.108154E+03 +0.751852E+02 +0.000000E+00 +0.000000E+00 -0.220365E-02 +0.864542E-04 +0.000000E+00 +0.285704E-02 +0.000000E+00 +0.000000E+00
 +0.110366E+01 -0.100860E+03 -0.223225E+03 -0.103606E+03 -0.107854E+03 +0.747977E+02 +0.000000E+00 +0.000000E+00 -0.219204E-02 +0.807141E-04 +0.000000E+00 +0.284231E-02 +0.000000E+00 +0.000000E+00
 +0.110366E+01 -0.100870E+03 -0.222335E+03 -0.103601E+03 -0.107559E+03 +0.744105E+02 +0.000000E+00 +0.000000E+00 -0.218074E-02 +0.751990E-04 +0.000000E+00 +0.282760E-02 +0.000000E+00 +0.000000E+00
 +0.110366E+01 -0.100880E+03 -0.221450E+03 -0.103593E+03 -0.107264E+03 +0.740235E+02 +0.000000E+00 +0.000000E+00 -0.216953E-02 +0.697511E-04 +0.000000E+00 +0.281289E-02 +0.000000E+00 +0.000000E+00
 +0.110366E+01 -0.100890E+03 -0.220585E+03 -0.103578E+03 -0.106974E+03 +0.736371E+02 +0.000000E+00 +0.000000E+00 -0.215861E-02 +0.645167E-04 +0.000000E+00 +0.279821E-02 +0.000000E+00 +0.000000E+00
 +0.110366E+01 -0.100900E+03 -0.219726E+03 -0.103561E+03 -0.106685E+03 +0.732509E+02 +0.000000E+00 +0.000000E+00 -0.214778E-02 +0.593481E-04 +0.000000E+00 +0.278353E-02 +0.000000E+00 +0.000000E+00
 +0.110366E+01 -0.100910E+03 -0.218885E+03 -0.103537E+03 -0.106399E+03 +0.728654E+02 +0.000000E+00 +0.000000E+00 -0.213723E-02 +0.543822E-04 +0.000000E+00 +0.276889E-02 +0.000000E+00 +0.000000E+00
 +0.110366E+01 -0.100920E+03 -0.218050E+03 -0.103511E+03 -0.106115E+03 +0.724802E+02 +0.000000E+00 +0.000000E+00 -0.212676E-02 +0.494806E-04 +0.000000E+00 +0.275425E-02 +0.000000E+00 +0.000000E+00
 +0.110366E+01 -0.100930E+03 -0.217232E+03 -0.103478E+03 -0.105834E+03 +0.720960E+02 +0.000000E+00 +0.000000E+00 -0.211656E-02 +0.447718E-04 +0.000000E+00 +0.273965E-02 +0.000000E+00 +0.000000E+00
 +0.110366E+01 -0.100940E+03 -0.216420E+03 -0.103443E+03 -0.105555E+03 +0.717121E+02 +0.000000E+00 +0.000000E+00 -0.210644E-02 +0.401259E-04 +0.000000E+00 +0.272506E-02 +0.000000E+00 +0.000000E+00
 +0.110366E+01 -0.100950E+03 -0.215625E+03 -0.103402E+03 -0.105279E+03 +0.713292E+02 +0.000000E+00 +0.000000E+00 -0.209658E-02 +0.356634E-04 +0.000000E+00 +0.271051E-02 +0.000000E+00 +0.000000E+00
 +0.110366E+01 -0.100960E+03 -0.214836E+03 -0.103359E+03 -0.105004E+03 +0.709467E+02 +0.000000E+00 +0.000000E+00 -0.208680E-02 +0.312625E-04 +0.000000E+00 +0.269597E-02 +0.000000E+00 +0.000000E+00
 +0.110366E+01 -0.100970E+03 -0.214062E+03 -0.103310E+03 -0.104733E+03 +0.705653E+02 +0.000000E+00 +0.000000E+00 -0.207726E-02 +0.270360E-04 +0.000000E+00 +0.268148E-02 +0.000000E+00 +0.000000E+00
 +0.110366E+01 -0.100980E+03 -0.213294E+03 -0.103259E+03 -0.104463E+03 +0.701845E+02 +0.000000E+00 +0.000000E+00 -0.206780E-02 +0.228699E-04 +0.000000E+00 +0.266701E-02 +0.000000E+00 +0.000000E+00
 +0.110366E+01 -0.100990E+03 -0.212542E+03 -0.103202E+03 -0.104196E+03 +0.698049E+02 +0.000000E+00 +0.000000E+00 -0.205858E-02 +0.188700E-04 +0.000000E+00 +0.265258E-02 +0.000000E+00 +0.000000E+00
 +0.110366E+01 -0.101000E+03 -0.211795E+03 -0.103144E+03 -0.103930E+03 +0.694258E+02 +0.000000E+00 +0.000000E+00 -0.204944E-02 +0.149292E-04 +0.000000E+00 +0.263818E-02 +0.000000E+00 +0.000000E+00
 +0.110366E+01 -0.101010E+03 -0.211063E+03 -0.103081E+03 -0.103667E+03 +0.690480E+02 +0.000000E+00 +0.000000E+00 -0.204051E-02 +0.111466E-04 +0.000000E+00 +0.262382E-02 +0.000000E+00 +0.000000E+00
 +0.110366E+01 -0.101020E+03 -0.210336E+03 -0.103015E+03 -0.103406E+03 +0.686708E+02 +0.000000E+00 +0.000000E+00 -0.203167E-02 +0.742203E-05 +0.000000E+00 +0.260949E-02 +0.000000E+00 +0.000000E+00
 +0.110366E+01 -0.101030E+03 -0.209624E+03 -0.102945E+03 -0.103148E+03 +0.682951E+02 +0.000000E+00 +0.000000E+00 -0.202304E-02 +0.384829E-05 +0.000000E+00 +0.259521E-02 +0.000000E+00 +0.000000E+00
 +0.110366E+01 -0.101040E+03 -0.208916E+03 -0.102873E+03 -0.102891E+03 +0.679199E+02 +0.000000E+00 +0.000000E+00 -0.201449E-02 +0.331314E-06 +0.000000E+00 +0.258096E-02 +0.000000E+00 +0.000000E+00
 +0.110366E+01 -0.101050E+03 -0.208223E+03 -0.102797E+03 -0.102636E+03 +0.675463E+02 +0.000000E+00 +0.000000E+00 -0.200614E-02 -0.304178E-05 +0.000000E+00 +0.256676E-02 +0.000000E+00 +0.000000E+00
 +0.110366E+01 -0.101060E+03 -0.207535E+03 -0.102718E+03 -0.102383E+03 +0.671733E+02 +0.000000E+00 +0.000000E+00 -0.199788E-02 -0.635925E-05 +0.000000E+00 +0.255259E-02 +0.000000E+00 +0.000000E+00
 +0.110366E+01 -0.101070E+03 -0.206860E+03 -0.102636E+03 -0.102133E+03 +0.668020E+02 +0.000000E+00 +0.000000E+00 -0.198980E-02 -0.953945E-05 +0.000000E+00 +0.253847E-02 +0.000000E+00 +0.000000E+00
 +0.110366E+01 -0.101080E+03 -0.206190E+03 -0.102551E+03 -0.101885E+03 +0.664313E+02 +0.000000E+00 +0.000000E+00 -0.198180E-02 -0.126651E-04 +0.000000E+00 +0.252439E-02 +0.000000E+00 +0.000000E+00
 +0.110366E+01 -0.101090E+03 -0.205533E+03 -0.102463E+03 -0.101638E+03 +0.660622E+02 +0.000000E+00 +0.000000E+00 -0.197399E-02 -0.156598E-04 +0.000000E+00 +0.251036E-02 +0.000000E+00 +0.000000E+00
 +0.110366E+01 -0.101100E+03 -0.204881E+03 -0.102373E+03 -0.101394E+03 +0.656939E+02 +0.000000E+00 +0.000000E+00 -0.196625E-02 -0.186011E-04 +0.000000E+00 +0.249637E-02 +0.000000E+00 +0.000000E+00
 +0.110366E+01 -0.101110E+03 -0.204241E+03 -0.102279E+03 -0.101151E+03 +0.653273E+02 +0.000000E+00 +0.000000E+00 -0.195870E-02 -0.214173E-04 +0.000000E+00 +0.248244E-02 +0.000000E+00 +0.000000E+00
 +0.110366E+01 -0.101120E+03 -0.203606E+03 -0.102183E+03 -0.100910E+03 +0.649615E+02 +0.000000E+00 +0.000000E+00 -0.195122E-02 -0.241811E-04 +0.000000E+00 +0.246854E-02 +0.000000E+00 +0.000000E+00
 +0.110366E+01 -0.101130E+03 -0.202983E+03 -0.102084E+03 -0.100672E+03 +0.645974E+02 +0.000000E+00 +0.000000E+00 -0.194391E-02 -0.268255E-04 +0.000000E+00 +0.245470E-02 +0.000000E+00 +0.000000E+00
 +0.110366E+01 -0.101140E+03 -0.202365E+03 -0.101983E+03 -0.100435E+03 +0.642341E+02 +0.000000E+00 +0.000000E+00 -0.193667E-02 -0.294186E-04 +0.000000E+00 +0.244090E-02 +0.000000E+00 +0.000000E+00
 +0.110366E+01 -0.101150E+03 -0.201758E+03 -0.101879E+03 -0.100200E+03 +0.638727E+02 +0.000000E+00 +0.000000E+00 -0.192960E-02 -0.318975E-04 +0.000000E+00 +0.242716E-02 +0.000000E+00 +0.000000E+00
 +0.110366E+01 -0.101160E+03 -0.201156E+03 -0.101773E+03 -0.999666E+02 +0.635120E+02 +0.000000E+00 +0.000000E+00 -0.192260E-02 -0.343262E-04 +0.000000E+00 +0.241346E-02 +0.000000E+00 +0.000000E+00
 +0.110366E+01 -0.101170E+03 -0.200565E+03 -0.101664E+03 -0.997356E+02 +0.631532E+02 +0.000000E+00 +0.000000E+00 -0.191575E-02 -0.366458E-04 +0.000000E+00 +0.239982E-02 +0.000000E+00 +0.000000E+00
 +0.110366E+01 -0.101180E+03 -0.199979E+03 -0.101554E+03 -0.995058E+02 +0.627953E+02 +0.000000E+00 +0.000000E+00 -0.190899E-02 -0.389162E-04 +0.000000E+00 +0.238622E-02 +0.000000E+00 +0.000000E+00
 +0.110366E+01 -0.101190E+03 -0.199403E+03 -0.101441E+03 -0.992784E+02 +0.624393E+02 +0.000000E+00 +0.000000E+00 -0.190237E-02 -0.410824E-04 +0.000000E+00 +0.237269E-02 +0.000000E+00 +0.000000E+00
 +0.110366E+01 -0.101200E+03 -0.198832E+03 -0.101326E+03 -0.990521E+02 +0.620842E+02 +0.000000E+00 +0.000000E+00 -0.189582E-02 -0.432002E-04 +0.000000E+00 +0.235920E-02 +0.000000E+00 +0.000000E+00
 +0.110366E+01 -0.101210E+03 -0.198271E+03 -0.101208E+03 -0.988281E+02 +0.617309E+02 +0.000000E+00 +0.000000E+00 -0.188942E-02 -0.452185E-04 +0.000000E+00 +0.234578E-02 +0.000000E+00 +0.000000E+00
 +0.110366E+01 -0.101220E+03 -0.197715E+03 -0.101089E+03 -0.986053E+02 +0.613786E+02 +0.000000E+00 +0.000000E+00 -0.188308E-02 -0.471895E-04 +0.000000E+00 +0.233239E-02 +0.000000E+00 +0.000000E+00
 +0.110366E+01 -0.101230E+03 -0.197169E+03 -0.100967E+03 -0.983848E+02 +0.610283E+02 +0.000000E+00 +0.000000E+00 -0.187689E-02 -0.490653E-04 +0.000000E+00 +0.231907E-02 +0.000000E+00 +0.000000E+00
 +0.110366E+01 -0.101240E+03 -0.196627E+03 -0.100844E+03 -0.981655E+02 +0.606789E+02 +0.000000E+00 +0.000000E+00 -0.187077E-02 -0.508947E-04 +0.000000E+00 +0.230580E-02 +0.000000E+00 +0.000000E+00
 +0.110366E+01 -0.101250E+03 -0.196095E+03 -0.100718E+03 -0.979483E+02 +0.603314E+02 +0.000000E+00 +0.000000E+00 -0.186478E-02 -0.526331E-04 +0.000000E+00 +0.229259E-02 +0.000000E+00 +0.000000E+00
 +0.110366E+01 -0.101260E+03 -0.195567E+03 -0.100592E+03 -0.977323E+02 +0.599850E+02 +0.000000E+00 +0.000000E+00 -0.185886E-02 -0.543261E-04 +0.000000E+00 +0.227943E-02 +0.000000E+00 +0.000000E+00
 +0.110366E+01 -0.101270E+03 -0.195048E+03 -0.100462E+03 -0.975184E+02 +0.596405E+02 +0.000000E+00 +0.000000E+00 -0.185307E-02 -0.559320E-04 +0.000000E+00 +0.226634E-02 +0.000000E+00 +0.000000E+00
 +0.110366E+01 -0.101280E+03 -0.194534E+03 -0.100332E+03 -0.973057E+02 +0.592971E+02 +0.000000E+00 +0.000000E+00 -0.184734E-02 -0.574935E-04 +0.000000E+00 +0.225329E-02 +0.000000E+00 +0.000000E+00
 +0.110366E+01 -0.101290E+03 -0.194029E+03 -0.100199E+03 -0.970951E+02 +0.589556E+02 +0.000000E+00 +0.000000E+00 -0.184174E-02 -0.589717E-04 +0.000000E+00 +0.224031E-02 +0.000000E+00 +0.000000E+00
 +0.110366E+01 -0.101300E+03 -0.193528E+03 -0.100065E+03 -0.968856E+02 +0.586152E+02 +0.000000E+00 +0.000000E+00 -0.183620E-02 -0.604065E-04 +0.000000E+00 +0.222738E-02 +0.000000E+00 +0.000000E+00
 +0.110366E+01 -0.101310E+03 -0.193035E+03 -0.999287E+02 -0.966781E+02 +0.582767E+02 +0.000000E+00 +0.000000E+00 -0.183079E-02 -0.617616E-04 +0.000000E+00 +0.221452E-02 +0.000000E+00 +0.000000E+00
 +0.110366E+01 -0.101320E+03 -0.192547E+03 -0.997914E+02 -0.964718E+02 +0.579394E+02 +0.000000E+00 +0.000000E+00 -0.182543E-02 -0.630741E-04 +0.000000E+00 +0.220170E-02 +0.000000E+00 +0.000000E+00
 +0.110366E+01 -0.101330E+03 -0.192067E+03 -0.996522E+02 -0.962674E+02 +0.576041E+02 +0.000000E+00 +0.000000E+00 -0.182020E-02 -0.643105E-04 +0.000000E+00 +0.218895E-02 +0.000000E+00 +0.000000E+00
 +0.110366E+01 -0.101340E+03 -0.191592E+03 -0.995118E+02 -0.960641E+02 +0.572698E+02 +0.000000E+00 +0.000000E+00 -0.181502E-02 -0.655052E-04 +0.000000E+00 +0.217625E-02 +0.000000E+00 +0.000000E+00
 +0.110366E+01 -0.101350E+03 -0.191124E+03 -0.993695E+02 -0.958628E+02 +0.569376E+02 +0.000000E+00 +0.000000E+00 -0.180996E-02 -0.666271E-04 +0.000000E+00 +0.216363E-02 +0.000000E+00 +0.000000E+00
 +0.110366E+01 -0.101360E+03 -0.190660E+03 -0.992262E+02 -0.956626E+02 +0.566065E+02 +0.000000E+00 +0.000000E+00 -0.180496E-02 -0.677081E-04 +0.000000E+00 +0.215105E-02 +0.000000E+00 +0.000000E+00
 +0.110366E+01 -0.101370E+03 -0.190205E+03 -0.990811E+02 -0.954643E+02 +0.562774E+02 +0.000000E+00 +0.000000E+00 -0.180007E-02 -0.687196E-04 +0.000000E+00 +0.213854E-02 +0.000000E+00 +0.000000E+00
 +0.110366E+01 -0.101380E+03 -0.189753E+03 -0.989350E+02 -0.952670E+02 +0.559495E+02 +0.000000E+00 +0.000000E+00 -0.179523E-02 -0.696911E-04 +0.000000E+00 +0.212608E-02 +0.000000E+00 +0.000000E+00
 +0.110366E+01 -0.101390E+03 -0.189309E+03 -0.987872E+02 -0.950716E+02 +0.556235E+02 +0.000000E+00 +0.000000E+00 -0.179050E-02 -0.705961E-04 +0.000000E+00 +0.211369E-02 +0.000000E+00 +0.000000E+00
 +0.110366E+01 -0.101400E+03 -0.188869E+03 -0.986385E+02 -0.948773E+02 +0.552988E+02 +0.000000E+00 +0.000000E+00 -0.178583E-02 -0.714620E-04 +0.000000E+00 +0.210135E-02 +0.000000E+00 +0.000000E+00
 +0.110366E+01 -0.101410E+03 -0.188435E+03 -0.984882E+02 -0.946848E+02 +0.549760E+02 +0.000000E+00 +0.000000E+00 -0.178126E-02 -0.722642E-04 +0.000000E+00 +0.208909E-02 +0.000000E+00 +0.000000E+00
 +0.110366E+01 -0.101420E+03 -0.188007E+03 -0.983369E+02 -0.944933E+02 +0.546545E+02 +0.000000E+00 +0.000000E+00 -0.177675E-02 -0.730282E-04 +0.000000E+00 +0.207687E-02 +0.000000E+00 +0.000000E+00
 +0.110366E+01 -0.101430E+03 -0.187584E+03 -0.981842E+02 -0.943036E+02 +0.543349E+02 +0.000000E+00 +0.000000E+00 -0.177233E-02 -0.737314E-04 +0.000000E+00 +0.206473E-02 +0.000000E+00 +0.000000E+00
 +0.110366E+01 -0.101440E+03 -0.187166E+03 -0.980306E+02 -0.941150E+02 +0.540166E+02 +0.000000E+00 +0.000000E+00 -0.176798E-02 -0.743971E-04 +0.000000E+00 +0.205263E-02 +0.000000E+00 +0.000000E+00
 +0.110366E+01 -0.101450E+03 -0.186755E+03 -0.978757E+02 -0.939281E+02 +0.537003E+02 +0.000000E+00 +0.000000E+00 -0.176371E-02 -0.750046E-04 +0.000000E+00 +0.204061E-02 +0.000000E+00 +0.000000E+00
 +0.110366E+01 -0.101460E+03 -0.186347E+03 -0.977199E+02 -0.937422E+02 +0.533852E+02 +0.000000E+00 +0.000000E+00 -0.175950E-02 -0.755755E-04 +0.000000E+00 +0.202864E-02 +0.000000E+00 +0.000000E+00
 +0.110366E+01 -0.101470E+03 -0.185946E+03 -0.975628E+02 -0.935580E+02 +0.530721E+02 +0.000000E+00 +0.000000E+00 -0.175538E-02 -0.760907E-04 +0.000000E+00 +0.201674E-02 +0.000000E+00 +0.000000E+00
 +0.110366E+01 -0.101480E+03 -0.185549E+03 -0.974049E+02 -0.933749E+02 +0.527602E+02 +0.000000E+00 +0.000000E+00 -0.175131E-02 -0.765701E-04 +0.000000E+00 +0.200489E-02 +0.000000E+00 +0.000000E+00
 +0.110366E+01 -0.101490E+03 -0.185158E+03 -0.972457E+02 -0.931933E+02 +0.524503E+02 +0.000000E+00 +0.000000E+00 -0.174733E-02 -0.769961E-04 +0.000000E+00 +0.199311E-02 +0.000000E+00 +0.000000E+00
 +0.110366E+01 -0.101500E+03 -0.184771E+03 -0.970858E+02 -0.930128E+02 +0.521418E+02 +0.000000E+00 +0.000000E+00 -0.174341E-02 -0.773870E-04 +0.000000E+00 +0.198139E-02 +0.000000E+00 +0.000000E+00
 +0.110366E+01 -0.101510E+03 -0.184390E+03 -0.969248E+02 -0.928339E+02 +0.518351E+02 +0.000000E+00 +0.000000E+00 -0.173957E-02 -0.777267E-04 +0.000000E+00 +0.196973E-02 +0.000000E+00 +0.000000E+00
 +0.110366E+01 -0.101520E+03 -0.184013E+03 -0.967630E+02 -0.926560E+02 +0.515298E+02 +0.000000E+00 +0.000000E+00 -0.173578E-02 -0.780319E-04 +0.000000E+00 +0.195813E-02 +0.000000E+00 +0.000000E+00
 +0.110366E+01 -0.101530E+03 -0.183641E+03 -0.966001E+02 -0.924797E+02 +0.512263E+02 +0.000000E+00 +0.000000E+00 -0.173207E-02 -0.782880E-04 +0.000000E+00 +0.194660E-02 +0.000000E+00 +0.000000E+00
 +0.110366E+01 -0.101540E+03 -0.183274E+03 -0.964365E+02 -0.923044E+02 +0.509243E+02 +0.000000E+00 +0.000000E+00 -0.172842E-02 -0.785099E-04 +0.000000E+00 +0.193512E-02 +0.000000E+00 +0.000000E+00
 +0.110366E+01 -0.101550E+03 -0.182912E+03 -0.962718E+02 -0.921305E+02 +0.506241E+02 +0.000000E+00 +0.000000E+00 -0.172484E-02 -0.786844E-04 +0.000000E+00 +0.192371E-02 +0.000000E+00 +0.000000E+00
 +0.110366E+01 -0.101560E+03 -0.182553E+03 -0.961064E+02 -0.919577E+02 +0.503252E+02 +0.000000E+00 +0.000000E+00 -0.172132E-02 -0.788251E-04 +0.000000E+00 +0.191236E-02 +0.000000E+00 +0.000000E+00
 +0.110366E+01 -0.101570E+03 -0.182200E+03 -0.959400E+02 -0.917863E+02 +0.500282E+02 +0.000000E+00 +0.000000E+00 -0.171787E-02 -0.789197E-04 +0.000000E+00 +0.190107E-02 +0.000000E+00 +0.000000E+00
 +0.110366E+01 -0.101580E+03 -0.181851E+03 -0.957729E+02 -0.916160E+02 +0.497325E+02 +0.000000E+00 +0.000000E+00 -0.171447E-02 -0.789805E-04 +0.000000E+00 +0.188984E-02 +0.000000E+00 +0.000000E+00
 +0.110366E+01 -0.101590E+03 -0.181507E+03 -0.956047E+02 -0.914470E+02 +0.494387E+02 +0.000000E+00 +0.000000E+00 -0.171115E-02 -0.789961E-04 +0.000000E+00 +0.187867E-02 +0.000000E+00 +0.000000E+00
 +0.110366E+01 -0.101600E+03 -0.181167E+03 -0.954357E+02 -0.912790E+02 +0.491462E+02 +0.000000E+00 +0.000000E+00 -0.170788E-02 -0.789775E-04 +0.000000E+00 +0.186756E-02 +0.000000E+00 +0.000000E+00
 +0.110366E+01 -0.101610E+03 -0.180832E+03 -0.952657E+02 -0.911123E+02 +0.488554E+02 +0.000000E+00 +0.000000E+00 -0.170468E-02 -0.789144E-04 +0.000000E+00 +0.185651E-02 +0.000000E+00 +0.000000E+00
 +0.110366E+01 -0.101620E+03 -0.180501E+03 -0.950947E+02 -0.909466E+02 +0.485659E+02 +0.000000E+00 +0.000000E+00 -0.170153E-02 -0.788141E-04 +0.000000E+00 +0.184551E-02 +0.000000E+00 +0.000000E+00
 +0.110366E+01 -0.101630E+03 -0.180175E+03 -0.949225E+02 -0.907821E+02 +0.482782E+02 +0.000000E+00 +0.000000E+00 -0.169846E-02 -0.786667E-04 +0.000000E+00 +0.183457E-02 +0.000000E+00 +0.000000E+00
 +0.110366E+01 -0.101640E+03 -0.179838E+03 -0.947396E+02 -0.906107E+02 +0.479669E+02 +0.000000E+00 +0.000000E+00 -0.169532E-02 -0.784494E-04 +0.000000E+00 +0.182274E-02 +0.000000E+00 +0.000000E+00
 +0.110366E+01 -0.101650E+03 -0.179489E+03 -0.945437E+02 -0.904308E+02 +0.476265E+02 +0.000000E+00 +0.000000E+00 -0.169211E-02 -0.781453E-04 +0.000000E+00 +0.180981E-02 +0.000000E+00 +0.000000E+00
 +0.110366E+01 -0.101660E+03 -0.179168E+03 -0.943655E+02 -0.902662E+02 +0.473385E+02 +0.000000E+00 +0.000000E+00 -0.168914E-02 -0.778877E-04 +0.000000E+00 +0.179886E-02 +0.000000E+00 +0.000000E+00
 +0.110366E+01 -0.101670E+03 -0.178882E+03 -0.942074E+02 -0.901195E+02 +0.471130E+02 +0.000000E+00 +0.000000E+00 -0.168649E-02 -0.776706E-04 +0.000000E+00 +0.179029E-02 +0.000000E+00 +0.000000E+00
 +0.110366E+01 -0.101680E+03 -0.178577E+03 -0.940310E+02 -0.899607E+02 +0.468623E+02 +0.000000E+00 +0.000000E+00 -0.168371E-02 -0.773359E-04 +0.000000E+00 +0.178077E-02 +0.000000E+00 +0.000000E+00
 +0.110366E+01 -0.101690E+03 -0.178259E+03 -0.938458E+02 -0.897947E+02 +0.465784E+02 +0.000000E+00 +0.000000E+00 -0.168083E-02 -0.769709E-04 +0.000000E+00 +0.176998E-02 +0.000000E+00 +0.000000E+00
 +0.110366E+01 -0.101700E+03 -0.177952E+03 -0.936651E+02 -0.896338E+02 +0.462936E+02 +0.000000E+00 +0.000000E+00 -0.167805E-02 -0.765963E-04 +0.000000E+00 +0.175916E-02 +0.000000E+00 +0.000000E+00
 +0.110366E+01 -0.101710E+03 -0.177655E+03 -0.934825E+02 -0.894753E+02 +0.460230E+02 +0.000000E+00 +0.000000E+00 -0.167541E-02 -0.761360E-04 +0.000000E+00 +0.174888E-02 +0.000000E+00 +0.000000E+00
 +0.110366E+01 -0.101720E+03 -0.177363E+03 -0.933103E+02 -0.893222E+02 +0.457362E+02 +0.000000E+00 +0.000000E+00 -0.167278E-02 -0.757733E-04 +0.000000E+00 +0.173798E-02 +0.000000E+00 +0.000000E+00
 +0.110366E+01 -0.101730E+03 -0.177092E+03 -0.931414E+02 -0.891769E+02 +0.454607E+02 +0.000000E+00 +0.000000E+00 -0.167038E-02 -0.753242E-04 +0.000000E+00 +0.172751E-02 +0.000000E+00 +0.000000E+00
 +0.110366E+01 -0.101740E+03 -0.176818E+03 -0.929679E+02 -0.890293E+02 +0.451861E+02 +0.000000E+00 +0.000000E+00 -0.166798E-02 -0.748351E-04 +0.000000E+00 +0.171707E-02 +0.000000E+00 +0.000000E+00
 +0.110366E+01 -0.101750E+03 -0.176526E+03 -0.927848E+02 -0.888726E+02 +0.449058E+02 +0.000000E+00 +0.000000E+00 -0.166542E-02 -0.743307E-04 +0.000000E+00 +0.170642E-02 +0.000000E+00 +0.000000E+00
 +0.110366E+01 -0.101760E+03 -0.176255E+03 -0.926408E+02 -0.887356E+02 +0.446462E+02 +0.000000E+00 +0.000000E+00 -0.166287E-02 -0.741993E-04 +0.000000E+00 +0.169655E-02 +0.000000E+00 +0.000000E+00
 +0.110366E+01 -0.101770E+03 -0.176002E+03 -0.924982E+02 -0.886049E+02 +0.443944E+02 +0.000000E+00 +0.000000E+00 -0.166054E-02 -0.739731E-04 +0.000000E+00 +0.168699E-02 +0.000000E+00 +0.000000E+00
 +0.110366E+01 -0.101780E+03 -0.175755E+03 -0.923291E+02 -0.884678E+02 +0.441373E+02 +0.000000E+00 +0.000000E+00 -0.165846E-02 -0.733651E-04 +0.000000E+00 +0.167722E-02 +0.000000E+00 +0.000000E+00
 +0.110366E+01 -0.101790E+03 -0.175509E+03 -0.921600E+02 -0.883307E+02 +0.438803E+02 +0.000000E+00 +0.000000E+00 -0.165638E-02 -0.727571E-04 +0.000000E+00 +0.166745E-02 +0.000000E+00 +0.000000E+00
 +0.110366E+01 -0.101800E+03 -0.175242E+03 -0.920028E+02 -0.881907E+02 +0.436203E+02 +0.000000E+00 +0.000000E+00 -0.165397E-02 -0.724304E-04 +0.000000E+00 +0.165757E-02 +0.000000E+00 +0.000000E+00
 +0.110366E+01 -0.101810E+03 -0.174964E+03 -0.918475E+02 -0.880478E+02 +0.433594E+02 +0.000000E+00 +0.000000E+00 -0.165141E-02 -0.721942E-04 +0.000000E+00 +0.164766E-02 +0.000000E+00 +0.000000E+00
 +0.110366E+01 -0.101820E+03 -0.174691E+03 -0.916376E+02 -0.878884E+02 +0.431053E+02 +0.000000E+00 +0.000000E+00 -0.164925E-02 -0.712336E-04 +0.000000E+00 +0.163800E-02 +0.000000E+00 +0.000000E+00
 +0.110366E+01 -0.101830E+03 -0.174418E+03 -0.914276E+02 -0.877290E+02 +0.428512E+02 +0.000000E+00 +0.000000E+00 -0.164709E-02 -0.702729E-04 +0.000000E+00 +0.162835E-02 +0.000000E+00 +0.000000E+00
 +0.110366E+01 -0.101840E+03 -0.174167E+03 -0.912301E+02 -0.875810E+02 +0.425996E+02 +0.000000E+00 +0.000000E+00 -0.164513E-02 -0.693332E-04 +0.000000E+00 +0.161878E-02 +0.000000E+00 +0.000000E+00
 +0.110366E+01 -0.101850E+03 -0.173922E+03 -0.910361E+02 -0.874361E+02 +0.423486E+02 +0.000000E+00 +0.000000E+00 -0.164323E-02 -0.683993E-04 +0.000000E+00 +0.160925E-02 +0.000000E+00 +0.000000E+00
 +0.110366E+01 -0.101860E+03 -0.173657E+03 -0.908488E+02 -0.872868E+02 +0.420982E+02 +0.000000E+00 +0.000000E+00 -0.164103E-02 -0.676794E-04 +0.000000E+00 +0.159973E-02 +0.000000E+00 +0.000000E+00
 +0.110366E+01 -0.101870E+03 -0.173375E+03 -0.906668E+02 -0.871339E+02 +0.418484E+02 +0.000000E+00 +0.000000E+00 -0.163859E-02 -0.671248E-04 +0.000000E+00 +0.159024E-02 +0.000000E+00 +0.000000E+00
 +0.110366E+01 -0.101880E+03 -0.173113E+03 -0.904927E+02 -0.869898E+02 +0.416014E+02 +0.000000E+00 +0.000000E+00 -0.163634E-02 -0.665542E-04 +0.000000E+00 +0.158085E-02 +0.000000E+00 +0.000000E+00
 +0.110366E+01 -0.101890E+03 -0.172890E+03 -0.903354E+02 -0.868643E+02 +0.413607E+02 +0.000000E+00 +0.000000E+00 -0.163449E-02 -0.659502E-04 +0.000000E+00 +0.157171E-02 +0.000000E+00 +0.000000E+00
 +0.110366E+01 -0.101900E+03 -0.172667E+03 -0.901781E+02 -0.867388E+02 +0.411199E+02 +0.000000E+00 +0.000000E+00 -0.163263E-02 -0.653462E-04 +0.000000E+00 +0.156256E-02 +0.000000E+00 +0.000000E+00
 +0.110366E+01 -0.101910E+03 -0.172444E+03 -0.900208E+02 -0.866133E+02 +0.408792E+02 +0.000000E+00 +0.000000E+00 -0.163078E-02 -0.647422E-04 +0.000000E+00 +0.155341E-02 +0.000000E+00 +0.000000E+00
 +0.110366E+01 -0.101920E+03 -0.172215E+03 -0.898586E+02 -0.864844E+02 +0.406352E+02 +0.000000E+00 +0.000000E+00 -0.162889E-02 -0.641096E-04 +0.000000E+00 +0.154414E-02 +0.000000E+00 +0.000000E+00
 +0.110366E+01 -0.101930E+03 -0.171987E+03 -0.896587E+02 -0.863430E+02 +0.403965E+02 +0.000000E+00 +0.000000E+00 -0.162723E-02 -0.629996E-04 +0.000000E+00 +0.153507E-02 +0.000000E+00 +0.000000E+00
 +0.110366E+01 -0.101940E+03 -0.171770E+03 -0.894308E+02 -0.861963E+02 +0.401484E+02 +0.000000E+00 +0.000000E+00 -0.162590E-02 -0.614543E-04 +0.000000E+00 +0.152564E-02 +0.000000E+00 +0.000000E+00
 +0.110366E+01 -0.101950E+03 -0.171554E+03 -0.892028E+02 -0.860497E+02 +0.399003E+02 +0.000000E+00 +0.000000E+00 -0.162458E-02 -0.599090E-04 +0.000000E+00 +0.151621E-02 +0.000000E+00 +0.000000E+00
 +0.110366E+01 -0.101960E+03 -0.171338E+03 -0.889749E+02 -0.859031E+02 +0.396522E+02 +0.000000E+00 +0.000000E+00 -0.162325E-02 -0.583637E-04 +0.000000E+00 +0.150678E-02 +0.000000E+00 +0.000000E+00
 +0.110366E+01 -0.101970E+03 -0.171121E+03 -0.887494E+02 -0.857571E+02 +0.394047E+02 +0.000000E+00 +0.000000E+00 -0.162191E-02 -0.568544E-04 +0.000000E+00 +0.149738E-02 +0.000000E+00 +0.000000E+00
 +0.110366E+01 -0.101980E+03 -0.170892E+03 -0.885757E+02 -0.856243E+02 +0.391697E+02 +0.000000E+00 +0.000000E+00 -0.162008E-02 -0.560778E-04 +0.000000E+00 +0.148845E-02 +0.000000E+00 +0.000000E+00
 +0.110366E+01 -0.101990E+03 -0.170663E+03 -0.884020E+02 -0.854914E+02 +0.389346E+02 +0.000000E+00 +0.000000E+00 -0.161826E-02 -0.553012E-04 +0.000000E+00 +0.147951E-02 +0.000000E+00 +0.000000E+00
 +0.110366E+01 -0.102000E+03 -0.170434E+03 -0.882283E+02 -0.853586E+02 +0.386995E+02 +0.000000E+00 +0.000000E+00 -0.161643E-02 -0.545246E-04 +0.000000E+00 +0.147058E-02 +0.000000E+00 +0.000000E+00
 +0.110366E+01 -0.102010E+03 -0.170205E+03 -0.880546E+02 -0.852258E+02 +0.384645E+02 +0.000000E+00 +0.000000E+00 -0.161461E-02 -0.537480E-04 +0.000000E+00 +0.146165E-02 +0.000000E+00 +0.000000E+00
 +0.110366E+01 -0.102020E+03 -0.169986E+03 -0.878902E+02 -0.850990E+02 +0.382250E+02 +0.000000E+00 +0.000000E+00 -0.161285E-02 -0.530318E-04 +0.000000E+00 +0.145255E-02 +0.000000E+00 +0.000000E+00
 +0.110366E+01 -0.102030E+03 -0.169787E+03 -0.877439E+02 -0.849853E+02 +0.379998E+02 +0.000000E+00 +0.000000E+00 -0.161124E-02 -0.524147E-04 +0.000000E+00 +0.144399E-02 +0.000000E+00 +0.000000E+00
 +0.110366E+01 -0.102040E+03 -0.169601E+03 -0.875997E+02 -0.848764E+02 +0.377690E+02 +0.000000E+00 +0.000000E+00 -0.160978E-02 -0.517424E-04 +0.000000E+00 +0.143522E-02 +0.000000E+00 +0.000000E+00
 +0.110366E+01 -0.102050E+03 -0.169417E+03 -0.874551E+02 -0.847679E+02 +0.375343E+02 +0.000000E+00 +0.000000E+00 -0.160834E-02 -0.510567E-04 +0.000000E+00 +0.142630E-02 +0.000000E+00 +0.000000E+00
 +0.110366E+01 -0.102060E+03 -0.169233E+03 -0.873106E+02 -0.846594E+02 +0.372997E+02 +0.000000E+00 +0.000000E+00 -0.160690E-02 -0.503710E-04 +0.000000E+00 +0.141739E-02 +0.000000E+00 +0.000000E+00
 +0.110366E+01 -0.102070E+03 -0.169049E+03 -0.871660E+02 -0.845510E+02 +0.370650E+02 +0.000000E+00 +0.000000E+00 -0.160546E-02 -0.496853E-04 +0.000000E+00 +0.140847E-02 +0.000000E+00 +0.000000E+00
 +0.110366E+01 -0.102080E+03 -0.168884E+03 -0.869769E+02 -0.844342E+02 +0.368538E+02 +0.000000E+00 +0.000000E+00 -0.160455E-02 -0.483100E-04 +0.000000E+00 +0.140044E-02 +0.000000E+00 +0.000000E+00
 +0.110366E+01 -0.102090E+03 -0.168735E+03 -0.867530E+02 -0.843110E+02 +0.366609E+02 +0.000000E+00 +0.000000E+00 -0.160405E-02 -0.463979E-04 +0.000000E+00 +0.139311E-02 +0.000000E+00 +0.000000E+00
 +0.110366E+01 -0.102100E+03 -0.168586E+03 -0.865292E+02 -0.841879E+02 +0.364679E+02 +0.000000E+00 +0.000000E+00 -0.160356E-02 -0.444857E-04 +0.000000E+00 +0.138578E-02 +0.000000E+00 +0.000000E+00
 +0.110366E+01 -0.102110E+03 -0.168426E+03 -0.863035E+02 -0.840607E+02 +0.362660E+02 +0.000000E+00 +0.000000E+00 -0.160294E-02 -0.426130E-04 +0.000000E+00 +0.137811E-02 +0.000000E+00 +0.000000E+00
 +0.110366E+01 -0.102120E+03 -0.168236E+03 -0.860722E+02 -0.839216E+02 +0.360367E+02 +0.000000E+00 +0.000000E+00 -0.160197E-02 -0.408599E-04 +0.000000E+00 +0.136940E-02 +0.000000E+00 +0.000000E+00
 +0.110366E+01 -0.102130E+03 -0.168046E+03 -0.858408E+02 -0.837825E+02 +0.358075E+02 +0.000000E+00 +0.000000E+00 -0.160100E-02 -0.391068E-04 +0.000000E+00 +0.136068E-02 +0.000000E+00 +0.000000E+00
 +0.110366E+01 -0.102140E+03 -0.167856E+03 -0.856096E+02 -0.836435E+02 +0.355783E+02 +0.000000E+00 +0.000000E+00 -0.160003E-02 -0.373555E-04 +0.000000E+00 +0.135198E-02 +0.000000E+00 +0.000000E+00
 +0.110366E+01 -0.102150E+03 -0.167691E+03 -0.854742E+02 -0.835447E+02 +0.353677E+02 +0.000000E+00 +0.000000E+00 -0.159879E-02 -0.366607E-04 +0.000000E+00 +0.134397E-02 +0.000000E+00 +0.000000E+00
 +0.110366E+01 -0.102160E+03 -0.167527E+03 -0.853388E+02 -0.834458E+02 +0.351571E+02 +0.000000E+00 +0.000000E+00 -0.159755E-02 -0.359660E-04 +0.000000E+00 +0.133597E-02 +0.000000E+00 +0.000000E+00
 +0.110366E+01 -0.102170E+03 -0.167363E+03 -0.852033E+02 -0.833469E+02 +0.349465E+02 +0.000000E+00 +0.000000E+00 -0.159631E-02 -0.352713E-04 +0.000000E+00 +0.132797E-02 +0.000000E+00 +0.000000E+00
 +0.110366E+01 -0.102180E+03 -0.167200E+03 -0.850652E+02 -0.832476E+02 +0.347358E+02 +0.000000E+00 +0.000000E+00 -0.159510E-02 -0.345347E-04 +0.000000E+00 +0.131996E-02 +0.000000E+00 +0.000000E+00
 +0.110366E+01 -0.102190E+03 -0.167047E+03 -0.849060E+02 -0.831446E+02 +0.345235E+02 +0.000000E+00 +0.000000E+00 -0.159415E-02 -0.334663E-04 +0.000000E+00 +0.131189E-02 +0.000000E+00 +0.000000E+00
 +0.110366E+01 -0.102200E+03 -0.166894E+03 -0.847467E+02 -0.830416E+02 +0.343113E+02 +0.000000E+00 +0.000000E+00 -0.159320E-02 -0.323980E-04 +0.000000E+00 +0.130383E-02 +0.000000E+00 +0.000000E+00
 +0.110366E+01 -0.102210E+03 -0.166741E+03 -0.845875E+02 -0.829386E+02 +0.340990E+02 +0.000000E+00 +0.000000E+00 -0.159226E-02 -0.313296E-04 +0.000000E+00 +0.129576E-02 +0.000000E+00 +0.000000E+00
 +0.110366E+01 -0.102220E+03 -0.166589E+03 -0.844282E+02 -0.828356E+02 +0.338868E+02 +0.000000E+00 +0.000000E+00 -0.159131E-02 -0.302613E-04 +0.000000E+00 +0.128770E-02 +0.000000E+00 +0.000000E+00
 +0.110366E+01 -0.102230E+03 -0.166439E+03 -0.842689E+02 -0.827336E+02 +0.336809E+02 +0.000000E+00 +0.000000E+00 -0.159040E-02 -0.291701E-04 +0.000000E+00 +0.127988E-02 +0.000000E+00 +0.000000E+00
 +0.110366E+01 -0.102240E+03 -0.166297E+03 -0.841094E+02 -0.826340E+02 +0.334884E+02 +0.000000E+00 +0.000000E+00 -0.158959E-02 -0.280317E-04 +0.000000E+00 +0.127256E-02 +0.000000E+00 +0.000000E+00
 +0.110366E+01 -0.102250E+03 -0.166154E+03 -0.839498E+02 -0.825344E+02 +0.332958E+02 +0.000000E+00 +0.000000E+00 -0.158878E-02 -0.268933E-04 +0.000000E+00 +0.126524E-02 +0.000000E+00 +0.000000E+00
 +0.110366E+01 -0.102260E+03 -0.166012E+03 -0.837903E+02 -0.824348E+02 +0.331033E+02 +0.000000E+00 +0.000000E+00 -0.158797E-02 -0.257549E-04 +0.000000E+00 +0.125792E-02 +0.000000E+00 +0.000000E+00
 +0.110366E+01 -0.102270E+03 -0.165870E+03 -0.836307E+02 -0.823351E+02 +0.329107E+02 +0.000000E+00 +0.000000E+00 -0.158716E-02 -0.246165E-04 +0.000000E+00 +0.125061E-02 +0.000000E+00 +0.000000E+00
 +0.110366E+01 -0.102280E+03 -0.165727E+03 -0.834712E+02 -0.822355E+02 +0.327181E+02 +0.000000E+00 +0.000000E+00 -0.158634E-02 -0.234781E-04 +0.000000E+00 +0.124329E-02 +0.000000E+00 +0.000000E+00
 +0.110366E+01 -0.102290E+03 -0.165585E+03 -0.833117E+02 -0.821359E+02 +0.325256E+02 +0.000000E+00 +0.000000E+00 -0.158553E-02 -0.223397E-04 +0.000000E+00 +0.123597E-02 +0.000000E+00 +0.000000E+00
 +0.110366E+01 -0.102300E+03 -0.165443E+03 -0.831521E+02 -0.820363E+02 +0.323330E+02 +0.000000E+00 +0.000000E+00 -0.158472E-02 -0.212013E-04 +0.000000E+00 +0.122865E-02 +0.000000E+00 +0.000000E+00
 +0.110366E+01 -0.102310E+03 -0.165300E+03 -0.829926E+02 -0.819366E+02 +0.321404E+02 +0.000000E+00 +0.000000E+00 -0.158391E-02 -0.200629E-04 +0.000000E+00 +0.122134E-02 +0.000000E+00 +0.000000E+00
 +0.110366E+01 -0.102320E+03 -0.165160E+03 -0.828216E+02 -0.818339E+02 +0.319498E+02 +0.000000E+00 +0.000000E+00 -0.158320E-02 -0.187658E-04 +0.000000E+00 +0.121409E-02 +0.000000E+00 +0.000000E+00
 +0.110366E+01 -0.102330E+03 -0.165024E+03 -0.826407E+02 -0.817294E+02 +0.317612E+02 +0.000000E+00 +0.000000E+00 -0.158260E-02 -0.173151E-04 +0.000000E+00 +0.120693E-02 +0.000000E+00 +0.000000E+00
 +0.110366E+01 -0.102340E+03 -0.164888E+03 -0.824599E+02 -0.816249E+02 +0.315726E+02 +0.000000E+00 +0.000000E+00 -0.158201E-02 -0.158643E-04 +0.000000E+00 +0.119976E-02 +0.000000E+00 +0.000000E+00
 +0.110366E+01 -0.102350E+03 -0.164753E+03 -0.822791E+02 -0.815205E+02 +0.313840E+02 +0.000000E+00 +0.000000E+00 -0.158141E-02 -0.144135E-04 +0.000000E+00 +0.119259E-02 +0.000000E+00 +0.000000E+00
 +0.110366E+01 -0.102360E+03 -0.164617E+03 -0.820982E+02 -0.814160E+02 +0.311954E+02 +0.000000E+00 +0.000000E+00 -0.158082E-02 -0.129627E-04 +0.000000E+00 +0.118542E-02 +0.000000E+00 +0.000000E+00
 +0.110366E+01 -0.102370E+03 -0.164481E+03 -0.819174E+02 -0.813115E+02 +0.310068E+02 +0.000000E+00 +0.000000E+00 -0.158022E-02 -0.115119E-04 +0.000000E+00 +0.117826E-02 +0.000000E+00 +0.000000E+00
 +0.110366E+01 -0.102380E+03 -0.164345E+03 -0.817365E+02 -0.812070E+02 +0.308182E+02 +0.000000E+00 +0.000000E+00 -0.157963E-02 -0.100611E-04 +0.000000E+00 +0.117109E-02 +0.000000E+00 +0.000000E+00
 +0.110366E+01 -0.102390E+03 -0.164209E+03 -0.815557E+02 -0.811025E+02 +0.306296E+02 +0.000000E+00 +0.000000E+00 -0.157903E-02 -0.861032E-05 +0.000000E+00 +0.116392E-02 +0.000000E+00 +0.000000E+00
 +0.110366E+01 -0.102400E+03 -0.164074E+03 -0.813748E+02 -0.809980E+02 +0.304409E+02 +0.000000E+00 +0.000000E+00 -0.157844E-02 -0.715953E-05 +0.000000E+00 +0.115676E-02 +0.000000E+00 +0.000000E+00
 +0.110366E+01 -0.102410E+03 -0.163956E+03 -0.812138E+02 -0.809059E+02 +0.302597E+02 +0.000000E+00 +0.000000E+00 -0.157794E-02 -0.584987E-05 +0.000000E+00 +0.114987E-02 +0.000000E+00 +0.000000E+00
 +0.110366E+01 -0.102420E+03 -0.163842E+03 -0.810582E+02 -0.808172E+02 +0.300804E+02 +0.000000E+00 +0.000000E+00 -0.157748E-02 -0.457966E-05 +0.000000E+00 +0.114306E-02 +0.000000E+00 +0.000000E+00
 +0.110366E+01 -0.102430E+03 -0.163729E+03 -0.809027E+02 -0.807285E+02 +0.299012E+02 +0.000000E+00 +0.000000E+00 -0.157701E-02 -0.330945E-05 +0.000000E+00 +0.113624E-02 +0.000000E+00 +0.000000E+00
 +0.110366E+01 -0.102440E+03 -0.163610E+03 -0.807119E+02 -0.806263E+02 +0.297266E+02 +0.000000E+00 +0.000000E+00 -0.157670E-02 -0.162544E-05 +0.000000E+00 +0.112961E-02 +0.000000E+00 +0.000000E+00
 +0.110366E+01 -0.102450E+03 -0.163491E+03 -0.805191E+02 -0.805234E+02 +0.295522E+02 +0.000000E+00 +0.000000E+00 -0.157639E-02 +0.826890E-07 +0.000000E+00 +0.112299E-02 +0.000000E+00 +0.000000E+00
 +0.110366E+01 -0.102460E+03 -0.163372E+03 -0.803263E+02 -0.804205E+02 +0.293779E+02 +0.000000E+00 +0.000000E+00 -0.157608E-02 +0.179082E-05 +0.000000E+00 +0.111636E-02 +0.000000E+00 +0.000000E+00
 +0.110366E+01 -0.102470E+03 -0.163253E+03 -0.801334E+02 -0.803176E+02 +0.292036E+02 +0.000000E+00 +0.000000E+00 -0.157578E-02 +0.349895E-05 +0.000000E+00 +0.110974E-02 +0.000000E+00 +0.000000E+00
 +0.110366E+01 -0.102480E+03 -0.163134E+03 -0.799406E+02 -0.802147E+02 +0.290292E+02 +0.000000E+00 +0.000000E+00 -0.157547E-02 +0.520707E-05 +0.000000E+00 +0.110311E-02 +0.000000E+00 +0.000000E+00
 +0.110366E+01 -0.102490E+03 -0.163015E+03 -0.797478E+02 -0.801118E+02 +0.288549E+02 +0.000000E+00 +0.000000E+00 -0.157516E-02 +0.691520E-05 +0.000000E+00 +0.109649E-02 +0.000000E+00 +0.000000E+00
 +0.110366E+01 -0.102500E+03 -0.162896E+03 -0.795550E+02 -0.800089E+02 +0.286806E+02 +0.000000E+00 +0.000000E+00 -0.157486E-02 +0.862333E-05 +0.000000E+00 +0.108986E-02 +0.000000E+00 +0.000000E+00
 +0.110366E+01 -0.102510E+03 -0.162790E+03 -0.793819E+02 -0.799166E+02 +0.285121E+02 +0.000000E+00 +0.000000E+00 -0.157459E-02 +0.101596E-04 +0.000000E+00 +0.108346E-02 +0.000000E+00 +0.000000E+00
 +0.110366E+01 -0.102520E+03 -0.162698E+03 -0.792319E+02 -0.798369E+02 +0.283505E+02 +0.000000E+00 +0.000000E+00 -0.157436E-02 +0.114938E-04 +0.000000E+00 +0.107732E-02 +0.000000E+00 +0.000000E+00
 +0.110366E+01 -0.102530E+03 -0.162606E+03 -0.790820E+02 -0.797571E+02 +0.281889E+02 +0.000000E+00 +0.000000E+00 -0.157413E-02 +0.128280E-04 +0.000000E+00 +0.107118E-02 +0.000000E+00 +0.000000E+00
 +0.110366E+01 -0.102540E+03 -0.162515E+03 -0.789320E+02 -0.796774E+02 +0.280274E+02 +0.000000E+00 +0.000000E+00 -0.157391E-02 +0.141623E-04 +0.000000E+00 +0.106504E-02 +0.000000E+00 +0.000000E+00
 +0.110366E+01 -0.102550E+03 -0.162423E+03 -0.787820E+02 -0.795976E+02 +0.278658E+02 +0.000000E+00 +0.000000E+00 -0.157368E-02 +0.154965E-04 +0.000000E+00 +0.105890E-02 +0.000000E+00 +0.000000E+00
 +0.110366E+01 -0.102560E+03 -0.162331E+03 -0.786321E+02 -0.795179E+02 +0.277042E+02 +0.000000E+00 +0.000000E+00 -0.157345E-02 +0.168307E-04 +0.000000E+00 +0.105276E-02 +0.000000E+00 +0.000000E+00
 +0.110366E+01 -0.102570E+03 -0.162240E+03 -0.784734E+02 -0.794353E+02 +0.275546E+02 +0.000000E+00 +0.000000E+00 -0.157328E-02 +0.182754E-04 +0.000000E+00 +0.104708E-02 +0.000000E+00 +0.000000E+00
 +0.110366E+01 -0.102580E+03 -0.162148E+03 -0.783129E+02 -0.793520E+02 +0.274077E+02 +0.000000E+00 +0.000000E+00 -0.157312E-02 +0.197442E-04 +0.000000E+00 +0.104149E-02 +0.000000E+00 +0.000000E+00
 +0.110366E+01 -0.102590E+03 -0.162056E+03 -0.781523E+02 -0.792688E+02 +0.272607E+02 +0.000000E+00 +0.000000E+00 -0.157296E-02 +0.212131E-04 +0.000000E+00 +0.103591E-02 +0.000000E+00 +0.000000E+00
 +0.110366E+01 -0.102600E+03 -0.161964E+03 -0.779918E+02 -0.791855E+02 +0.271138E+02 +0.000000E+00 +0.000000E+00 -0.157280E-02 +0.226820E-04 +0.000000E+00 +0.103032E-02 +0.000000E+00 +0.000000E+00
 +0.110366E+01 -0.102610E+03 -0.161873E+03 -0.778312E+02 -0.791023E+02 +0.269668E+02 +0.000000E+00 +0.000000E+00 -0.157264E-02 +0.241509E-04 +0.000000E+00 +0.102474E-02 +0.000000E+00 +0.000000E+00
 +0.110366E+01 -0.102620E+03 -0.161781E+03 -0.776706E+02 -0.790191E+02 +0.268199E+02 +0.000000E+00 +0.000000E+00 -0.157248E-02 +0.256198E-04 +0.000000E+00 +0.101916E-02 +0.000000E+00 +0.000000E+00
 +0.110366E+01 -0.102630E+03 -0.161689E+03 -0.775101E+02 -0.789358E+02 +0.266729E+02 +0.000000E+00 +0.000000E+00 -0.157232E-02 +0.270886E-04 +0.000000E+00 +0.101357E-02 +0.000000E+00 +0.000000E+00
 +0.110366E+01 -0.102640E+03 -0.161598E+03 -0.773495E+02 -0.788526E+02 +0.265260E+02 +0.000000E+00 +0.000000E+00 -0.157216E-02 +0.285575E-04 +0.000000E+00 +0.100799E-02 +0.000000E+00 +0.000000E+00
 +0.110366E+01 -0.102650E+03 -0.161513E+03 -0.772011E+02 -0.787757E+02 +0.263813E+02 +0.000000E+00 +0.000000E+00 -0.157201E-02 +0.299170E-04 +0.000000E+00 +0.100249E-02 +0.000000E+00 +0.000000E+00
 +0.110366E+01 -0.102660E+03 -0.161430E+03 -0.770554E+02 -0.787003E+02 +0.262371E+02 +0.000000E+00 +0.000000E+00 -0.157187E-02 +0.312518E-04 +0.000000E+00 +0.997008E-03 +0.000000E+00 +0.000000E+00
 +0.110366E+01 -0.102670E+03 -0.161347E+03 -0.769097E+02 -0.786248E+02 +0.260928E+02 +0.000000E+00 +0.000000E+00 -0.157173E-02 +0.325866E-04 +0.000000E+00 +0.991528E-03 +0.000000E+00 +0.000000E+00
 +0.110366E+01 -0.102680E+03 -0.161264E+03 -0.767640E+02 -0.785494E+02 +0.259486E+02 +0.000000E+00 +0.000000E+00 -0.157159E-02 +0.339214E-04 +0.000000E+00 +0.986048E-03 +0.000000E+00 +0.000000E+00
 +0.110366E+01 -0.102690E+03 -0.161181E+03 -0.766183E+02 -0.784739E+02 +0.258044E+02 +0.000000E+00 +0.000000E+00 -0.157144E-02 +0.352563E-04 +0.000000E+00 +0.980568E-03 +0.000000E+00 +0.000000E+00
 +0.110366E+01 -0.102700E+03 -0.161099E+03 -0.764727E+02 -0.783985E+02 +0.256602E+02 +0.000000E+00 +0.000000E+00 -0.157130E-02 +0.365911E-04 +0.000000E+00 +0.975088E-03 +0.000000E+00 +0.000000E+00
 +0.110366E+01 -0.102710E+03 -0.161016E+03 -0.763270E+02 -0.783231E+02 +0.255160E+02 +0.000000E+00 +0.000000E+00 -0.157116E-02 +0.379259E-04 +0.000000E+00 +0.969608E-03 +0.000000E+00 +0.000000E+00
 +0.110366E+01 -0.102720E+03 -0.160938E+03 -0.761793E+02 -0.782485E+02 +0.253744E+02 +0.000000E+00 +0.000000E+00 -0.157109E-02 +0.393161E-04 +0.000000E+00 +0.964229E-03 +0.000000E+00 +0.000000E+00
 +0.110366E+01 -0.102730E+03 -0.160876E+03 -0.760245E+02 -0.781772E+02 +0.252422E+02 +0.000000E+00 +0.000000E+00 -0.157128E-02 +0.409021E-04 +0.000000E+00 +0.959203E-03 +0.000000E+00 +0.000000E+00
 +0.110366E+01 -0.102740E+03 -0.160815E+03 -0.758697E+02 -0.781059E+02 +0.251099E+02 +0.000000E+00 +0.000000E+00 -0.157147E-02 +0.424881E-04 +0.000000E+00 +0.954177E-03 +0.000000E+00 +0.000000E+00
 +0.110366E+01 -0.102750E+03 -0.160753E+03 -0.757148E+02 -0.780345E+02 +0.249777E+02 +0.000000E+00 +0.000000E+00 -0.157166E-02 +0.440741E-04 +0.000000E+00 +0.949152E-03 +0.000000E+00 +0.000000E+00
 +0.110366E+01 -0.102760E+03 -0.160692E+03 -0.755600E+02 -0.779632E+02 +0.248454E+02 +0.000000E+00 +0.000000E+00 -0.157185E-02 +0.456600E-04 +0.000000E+00 +0.944126E-03 +0.000000E+00 +0.000000E+00
 +0.110366E+01 -0.102770E+03 -0.160631E+03 -0.754052E+02 -0.778919E+02 +0.247132E+02 +0.000000E+00 +0.000000E+00 -0.157204E-02 +0.472460E-04 +0.000000E+00 +0.939101E-03 +0.000000E+00 +0.000000E+00
 +0.110366E+01 -0.102780E+03 -0.160569E+03 -0.752504E+02 -0.778205E+02 +0.245809E+02 +0.000000E+00 +0.000000E+00 -0.157223E-02 +0.488320E-04 +0.000000E+00 +0.934075E-03 +0.000000E+00 +0.000000E+00
 +0.110366E+01 -0.102790E+03 -0.160508E+03 -0.750956E+02 -0.777492E+02 +0.244487E+02 +0.000000E+00 +0.000000E+00 -0.157242E-02 +0.504180E-04 +0.000000E+00 +0.929049E-03 +0.000000E+00 +0.000000E+00
 +0.110366E+01 -0.102800E+03 -0.160444E+03 -0.749429E+02 -0.776778E+02 +0.243154E+02 +0.000000E+00 +0.000000E+00 -0.157256E-02 +0.519629E-04 +0.000000E+00 +0.923984E-03 +0.000000E+00 +0.000000E+00
 +0.110366E+01 -0.102810E+03 -0.160368E+03 -0.748007E+02 -0.776057E+02 +0.241766E+02 +0.000000E+00 +0.000000E+00 -0.157249E-02 +0.532953E-04 +0.000000E+00 +0.918710E-03 +0.000000E+00 +0.000000E+00
 +0.110366E+01 -0.102820E+03 -0.160292E+03 -0.746585E+02 -0.775336E+02 +0.240378E+02 +0.000000E+00 +0.000000E+00 -0.157241E-02 +0.546278E-04 +0.000000E+00 +0.913437E-03 +0.000000E+00 +0.000000E+00
 +0.110366E+01 -0.102830E+03 -0.160216E+03 -0.745163E+02 -0.774616E+02 +0.238990E+02 +0.000000E+00 +0.000000E+00 -0.157233E-02 +0.559603E-04 +0.000000E+00 +0.908164E-03 +0.000000E+00 +0.000000E+00
 +0.110366E+01 -0.102840E+03 -0.160140E+03 -0.743741E+02 -0.773895E+02 +0.237603E+02 +0.000000E+00 +0.000000E+00 -0.157225E-02 +0.572928E-04 +0.000000E+00 +0.902891E-03 +0.000000E+00 +0.000000E+00
 +0.110366E+01 -0.102850E+03 -0.160063E+03 -0.742319E+02 -0.773174E+02 +0.236215E+02 +0.000000E+00 +0.000000E+00 -0.157217E-02 +0.586253E-04 +0.000000E+00 +0.897617E-03 +0.000000E+00 +0.000000E+00
 +0.110366E+01 -0.102860E+03 -0.159987E+03 -0.740897E+02 -0.772454E+02 +0.234827E+02 +0.000000E+00 +0.000000E+00 -0.157209E-02 +0.599578E-04 +0.000000E+00 +0.892344E-03 +0.000000E+00 +0.000000E+00
 +0.110366E+01 -0.102870E+03 -0.159911E+03 -0.739475E+02 -0.771733E+02 +0.233440E+02 +0.000000E+00 +0.000000E+00 -0.157202E-02 +0.612902E-04 +0.000000E+00 +0.887071E-03 +0.000000E+00 +0.000000E+00
 +0.110366E+01 -0.102880E+03 -0.159835E+03 -0.738053E+02 -0.771012E+02 +0.232052E+02 +0.000000E+00 +0.000000E+00 -0.157194E-02 +0.626227E-04 +0.000000E+00 +0.881798E-03 +0.000000E+00 +0.000000E+00
 +0.110366E+01 -0.102890E+03 -0.159756E+03 -0.736297E+02 -0.770173E+02 +0.230722E+02 +0.000000E+00 +0.000000E+00 -0.157204E-02 +0.643637E-04 +0.000000E+00 +0.876745E-03 +0.000000E+00 +0.000000E+00
 +0.110366E+01 -0.102900E+03 -0.159676E+03 -0.734380E+02 -0.769276E+02 +0.229421E+02 +0.000000E+00 +0.000000E+00 -0.157222E-02 +0.663029E-04 +0.000000E+00 +0.871799E-03 +0.000000E+00 +0.000000E+00
 +0.110366E+01 -0.102910E+03 -0.159596E+03 -0.732462E+02 -0.768379E+02 +0.228119E+02 +0.000000E+00 +0.000000E+00 -0.157240E-02 +0.682422E-04 +0.000000E+00 +0.866854E-03 +0.000000E+00 +0.000000E+00
 +0.110366E+01 -0.102920E+03 -0.159516E+03 -0.730545E+02 -0.767483E+02 +0.226818E+02 +0.000000E+00 +0.000000E+00 -0.157259E-02 +0.701814E-04 +0.000000E+00 +0.861908E-03 +0.000000E+00 +0.000000E+00
 +0.110366E+01 -0.102930E+03 -0.159436E+03 -0.728628E+02 -0.766586E+02 +0.225517E+02 +0.000000E+00 +0.000000E+00 -0.157277E-02 +0.721207E-04 +0.000000E+00 +0.856963E-03 +0.000000E+00 +0.000000E+00
 +0.110366E+01 -0.102940E+03 -0.159356E+03 -0.726710E+02 -0.765689E+02 +0.224215E+02 +0.000000E+00 +0.000000E+00 -0.157295E-02 +0.740599E-04 +0.000000E+00 +0.852017E-03 +0.000000E+00 +0.000000E+00
 +0.110366E+01 -0.102950E+03 -0.159276E+03 -0.724793E+02 -0.764792E+02 +0.222914E+02 +0.000000E+00 +0.000000E+00 -0.157314E-02 +0.759991E-04 +0.000000E+00 +0.847072E-03 +0.000000E+00 +0.000000E+00
 +0.110366E+01 -0.102960E+03 -0.159198E+03 -0.722958E+02 -0.763929E+02 +0.221611E+02 +0.000000E+00 +0.000000E+00 -0.157329E-02 +0.778443E-04 +0.000000E+00 +0.842121E-03 +0.000000E+00 +0.000000E+00
 +0.110366E+01 -0.102970E+03 -0.159130E+03 -0.721583E+02 -0.763250E+02 +0.220301E+02 +0.000000E+00 +0.000000E+00 -0.157329E-02 +0.791676E-04 +0.000000E+00 +0.837144E-03 +0.000000E+00 +0.000000E+00
 +0.110366E+01 -0.102980E+03 -0.159061E+03 -0.720208E+02 -0.762571E+02 +0.218991E+02 +0.000000E+00 +0.000000E+00 -0.157328E-02 +0.804908E-04 +0.000000E+00 +0.832167E-03 +0.000000E+00 +0.000000E+00
 +0.110366E+01 -0.102990E+03 -0.158993E+03 -0.718833E+02 -0.761893E+02 +0.217682E+02 +0.000000E+00 +0.000000E+00 -0.157328E-02 +0.818141E-04 +0.000000E+00 +0.827190E-03 +0.000000E+00 +0.000000E+00
 +0.110366E+01 -0.103000E+03 -0.158925E+03 -0.717457E+02 -0.761214E+02 +0.216372E+02 +0.000000E+00 +0.000000E+00 -0.157327E-02 +0.831373E-04 +0.000000E+00 +0.822213E-03 +0.000000E+00 +0.000000E+00
 +0.110366E+01 -0.103010E+03 -0.158857E+03 -0.716082E+02 -0.760535E+02 +0.215062E+02 +0.000000E+00 +0.000000E+00 -0.157327E-02 +0.844606E-04 +0.000000E+00 +0.817235E-03 +0.000000E+00 +0.000000E+00
 +0.110366E+01 -0.103020E+03 -0.158789E+03 -0.714707E+02 -0.759856E+02 +0.213752E+02 +0.000000E+00 +0.000000E+00 -0.157326E-02 +0.857838E-04 +0.000000E+00 +0.812258E-03 +0.000000E+00 +0.000000E+00
 +0.110366E+01 -0.103030E+03 -0.158721E+03 -0.713332E+02 -0.759178E+02 +0.212442E+02 +0.000000E+00 +0.000000E+00 -0.157325E-02 +0.871071E-04 +0.000000E+00 +0.807281E-03 +0.000000E+00 +0.000000E+00
 +0.110366E+01 -0.103040E+03 -0.158652E+03 -0.711957E+02 -0.758499E+02 +0.211133E+02 +0.000000E+00 +0.000000E+00 -0.157325E-02 +0.884303E-04 +0.000000E+00 +0.802304E-03 +0.000000E+00 +0.000000E+00
 +0.110366E+01 -0.103050E+03 -0.158584E+03 -0.710581E+02 -0.757820E+02 +0.209823E+02 +0.000000E+00 +0.000000E+00 -0.157324E-02 +0.897535E-04 +0.000000E+00 +0.797326E-03 +0.000000E+00 +0.000000E+00
 +0.110366E+01 -0.103060E+03 -0.158543E+03 -0.709190E+02 -0.757223E+02 +0.208634E+02 +0.000000E+00 +0.000000E+00 -0.157359E-02 +0.912639E-04 +0.000000E+00 +0.792809E-03 +0.000000E+00 +0.000000E+00
 +0.110366E+01 -0.103070E+03 -0.158512E+03 -0.707791E+02 -0.756661E+02 +0.207496E+02 +0.000000E+00 +0.000000E+00 -0.157408E-02 +0.928533E-04 +0.000000E+00 +0.788486E-03 +0.000000E+00 +0.000000E+00
 +0.110366E+01 -0.103080E+03 -0.158482E+03 -0.706393E+02 -0.756099E+02 +0.206359E+02 +0.000000E+00 +0.000000E+00 -0.157456E-02 +0.944427E-04 +0.000000E+00 +0.784163E-03 +0.000000E+00 +0.000000E+00
 +0.110366E+01 -0.103090E+03 -0.158451E+03 -0.704994E+02 -0.755537E+02 +0.205221E+02 +0.000000E+00 +0.000000E+00 -0.157505E-02 +0.960321E-04 +0.000000E+00 +0.779840E-03 +0.000000E+00 +0.000000E+00
 +0.110366E+01 -0.103100E+03 -0.158421E+03 -0.703596E+02 -0.754975E+02 +0.204084E+02 +0.000000E+00 +0.000000E+00 -0.157554E-02 +0.976216E-04 +0.000000E+00 +0.775517E-03 +0.000000E+00 +0.000000E+00
 +0.110366E+01 -0.103110E+03 -0.158390E+03 -0.702197E+02 -0.754413E+02 +0.202946E+02 +0.000000E+00 +0.000000E+00 -0.157603E-02 +0.992110E-04 +0.000000E+00 +0.771194E-03 +0.000000E+00 +0.000000E+00
 +0.110366E+01 -0.103120E+03 -0.158360E+03 -0.700799E+02 -0.753852E+02 +0.201808E+02 +0.000000E+00 +0.000000E+00 -0.157652E-02 +0.100800E-03 +0.000000E+00 +0.766872E-03 +0.000000E+00 +0.000000E+00
 +0.110366E+01 -0.103130E+03 -0.158318E+03 -0.699446E+02 -0.753265E+02 +0.200822E+02 +0.000000E+00 +0.000000E+00 -0.157683E-02 +0.102257E-03 +0.000000E+00 +0.763122E-03 +0.000000E+00 +0.000000E+00
 +0.110366E+01 -0.103140E+03 -0.158275E+03 -0.698096E+02 -0.752678E+02 +0.199841E+02 +0.000000E+00 +0.000000E+00 -0.157713E-02 +0.103707E-03 +0.000000E+00 +0.759398E-03 +0.000000E+00 +0.000000E+00
 +0.110366E+01 -0.103150E+03 -0.158232E+03 -0.696745E+02 -0.752091E+02 +0.198861E+02 +0.000000E+00 +0.000000E+00 -0.157743E-02 +0.105157E-03 +0.000000E+00 +0.755673E-03 +0.000000E+00 +0.000000E+00
 +0.110366E+01 -0.103160E+03 -0.158189E+03 -0.695394E+02 -0.751504E+02 +0.197881E+02 +0.000000E+00 +0.000000E+00 -0.157773E-02 +0.106607E-03 +0.000000E+00 +0.751949E-03 +0.000000E+00 +0.000000E+00
 +0.110366E+01 -0.103170E+03 -0.158146E+03 -0.694044E+02 -0.750916E+02 +0.196901E+02 +0.000000E+00 +0.000000E+00 -0.157803E-02 +0.108058E-03 +0.000000E+00 +0.748224E-03 +0.000000E+00 +0.000000E+00
 +0.110366E+01 -0.103180E+03 -0.158103E+03 -0.692693E+02 -0.750329E+02 +0.195921E+02 +0.000000E+00 +0.000000E+00 -0.157833E-02 +0.109508E-03 +0.000000E+00 +0.744500E-03 +0.000000E+00 +0.000000E+00
 +0.110366E+01 -0.103190E+03 -0.158060E+03 -0.691343E+02 -0.749742E+02 +0.194941E+02 +0.000000E+00 +0.000000E+00 -0.157863E-02 +0.110958E-03 +0.000000E+00 +0.740776E-03 +0.000000E+00 +0.000000E+00
 +0.110366E+01 -0.103200E+03 -0.158017E+03 -0.689992E+02 -0.749155E+02 +0.193961E+02 +0.000000E+00 +0.000000E+00 -0.157894E-02 +0.112408E-03 +0.000000E+00 +0.737051E-03 +0.000000E+00 +0.000000E+00
 +0.110366E+01 -0.103210E+03 -0.157974E+03 -0.688642E+02 -0.748567E+02 +0.192981E+02 +0.000000E+00 +0.000000E+00 -0.157924E-02 +0.113859E-03 +0.000000E+00 +0.733327E-03 +0.000000E+00 +0.000000E+00
 +0.110366E+01 -0.103220E+03 -0.157931E+03 -0.687291E+02 -0.747980E+02 +0.192001E+02 +0.000000E+00 +0.000000E+00 -0.157954E-02 +0.115309E-03 +0.000000E+00 +0.729603E-03 +0.000000E+00 +0.000000E+00
 +0.110366E+01 -0.103230E+03 -0.157889E+03 -0.685941E+02 -0.747393E+02 +0.191021E+02 +0.000000E+00 +0.000000E+00 -0.157984E-02 +0.116759E-03 +0.000000E+00 +0.725878E-03 +0.000000E+00 +0.000000E+00
 +0.110366E+01 -0.103240E+03 -0.157846E+03 -0.684590E+02 -0.746805E+02 +0.190040E+02 +0.000000E+00 +0.000000E+00 -0.158014E-02 +0.118209E-03 +0.000000E+00 +0.722154E-03 +0.000000E+00 +0.000000E+00
 +0.110366E+01 -0.103250E+03 -0.157803E+03 -0.683239E+02 -0.746218E+02 +0.189060E+02 +0.000000E+00 +0.000000E+00 -0.158044E-02 +0.119660E-03 +0.000000E+00 +0.718430E-03 +0.000000E+00 +0.000000E+00
 +0.110366E+01 -0.103260E+03 -0.157760E+03 -0.681889E+02 -0.745631E+02 +0.188080E+02 +0.000000E+00 +0.000000E+00 -0.158074E-02 +0.121110E-03 +0.000000E+00 +0.714705E-03 +0.000000E+00 +0.000000E+00
 +0.110366E+01 -0.103270E+03 -0.157717E+03 -0.680538E+02 -0.745044E+02 +0.187100E+02 +0.000000E+00 +0.000000E+00 -0.158104E-02 +0.122560E-03 +0.000000E+00 +0.710981E-03 +0.000000E+00 +0.000000E+00
 +0.110366E+01 -0.103280E+03 -0.157674E+03 -0.679188E+02 -0.744456E+02 +0.186120E+02 +0.000000E+00 +0.000000E+00 -0.158134E-02 +0.124011E-03 +0.000000E+00 +0.707256E-03 +0.000000E+00 +0.000000E+00
 +0.110366E+01 -0.103290E+03 -0.157631E+03 -0.677837E+02 -0.743869E+02 +0.185140E+02 +0.000000E+00 +0.000000E+00 -0.158164E-02 +0.125461E-03 +0.000000E+00 +0.703532E-03 +0.000000E+00 +0.000000E+00
 +0.110366E+01 -0.103300E+03 -0.157588E+03 -0.676487E+02 -0.743282E+02 +0.184160E+02 +0.000000E+00 +0.000000E+00 -0.158194E-02 +0.126911E-03 +0.000000E+00 +0.699808E-03 +0.000000E+00 +0.000000E+00
 +0.110366E+01 -0.103310E+03 -0.157545E+03 -0.675136E+02 -0.742695E+02 +0.183180E+02 +0.000000E+00 +0.000000E+00 -0.158224E-02 +0.128361E-03 +0.000000E+00 +0.696083E-03 +0.000000E+00 +0.000000E+00
 +0.110366E+01 -0.103320E+03 -0.157498E+03 -0.673506E+02 -0.742002E+02 +0.182107E+02 +0.000000E+00 +0.000000E+00 -0.158267E-02 +0.130141E-03 +0.000000E+00 +0.692008E-03 +0.000000E+00 +0.000000E+00
 +0.110366E+01 -0.103330E+03 -0.157451E+03 -0.671846E+02 -0.741297E+02 +0.181025E+02 +0.000000E+00 +0.000000E+00 -0.158310E-02 +0.131957E-03 +0.000000E+00 +0.687895E-03 +0.000000E+00 +0.000000E+00
 +0.110366E+01 -0.103340E+03 -0.157403E+03 -0.670186E+02 -0.740593E+02 +0.179942E+02 +0.000000E+00 +0.000000E+00 -0.158354E-02 +0.133772E-03 +0.000000E+00 +0.683781E-03 +0.000000E+00 +0.000000E+00
 +0.110366E+01 -0.103350E+03 -0.157356E+03 -0.668527E+02 -0.739888E+02 +0.178860E+02 +0.000000E+00 +0.000000E+00 -0.158397E-02 +0.135587E-03 +0.000000E+00 +0.679668E-03 +0.000000E+00 +0.000000E+00
 +0.110366E+01 -0.103360E+03 -0.157308E+03 -0.666867E+02 -0.739184E+02 +0.177778E+02 +0.000000E+00 +0.000000E+00 -0.158441E-02 +0.137402E-03 +0.000000E+00 +0.675555E-03 +0.000000E+00 +0.000000E+00
 +0.110366E+01 -0.103370E+03 -0.157261E+03 -0.665207E+02 -0.738479E+02 +0.176695E+02 +0.000000E+00 +0.000000E+00 -0.158485E-02 +0.139218E-03 +0.000000E+00 +0.671442E-03 +0.000000E+00 +0.000000E+00
 +0.110366E+01 -0.103380E+03 -0.157213E+03 -0.663547E+02 -0.737775E+02 +0.175613E+02 +0.000000E+00 +0.000000E+00 -0.158528E-02 +0.141033E-03 +0.000000E+00 +0.667329E-03 +0.000000E+00 +0.000000E+00
 +0.110366E+01 -0.103390E+03 -0.157166E+03 -0.661887E+02 -0.737070E+02 +0.174530E+02 +0.000000E+00 +0.000000E+00 -0.158572E-02 +0.142848E-03 +0.000000E+00 +0.663216E-03 +0.000000E+00 +0.000000E+00
 +0.110366E+01 -0.103400E+03 -0.157118E+03 -0.660227E+02 -0.736366E+02 +0.173448E+02 +0.000000E+00 +0.000000E+00 -0.158616E-02 +0.144663E-03 +0.000000E+00 +0.659102E-03 +0.000000E+00 +0.000000E+00
 +0.110366E+01 -0.103410E+03 -0.157071E+03 -0.658567E+02 -0.735661E+02 +0.172366E+02 +0.000000E+00 +0.000000E+00 -0.158659E-02 +0.146479E-03 +0.000000E+00 +0.654989E-03 +0.000000E+00 +0.000000E+00
 +0.110366E+01 -0.103420E+03 -0.157023E+03 -0.656907E+02 -0.734957E+02 +0.171283E+02 +0.000000E+00 +0.000000E+00 -0.158703E-02 +0.148294E-03 +0.000000E+00 +0.650876E-03 +0.000000E+00 +0.000000E+00
 +0.110366E+01 -0.103430E+03 -0.156976E+03 -0.655247E+02 -0.734252E+02 +0.170201E+02 +0.000000E+00 +0.000000E+00 -0.158746E-02 +0.150109E-03 +0.000000E+00 +0.646763E-03 +0.000000E+00 +0.000000E+00
 +0.110366E+01 -0.103440E+03 -0.156928E+03 -0.653588E+02 -0.733548E+02 +0.169118E+02 +0.000000E+00 +0.000000E+00 -0.158790E-02 +0.151924E-03 +0.000000E+00 +0.642650E-03 +0.000000E+00 +0.000000E+00
 +0.110366E+01 -0.103450E+03 -0.156881E+03 -0.651928E+02 -0.732843E+02 +0.168036E+02 +0.000000E+00 +0.000000E+00 -0.158834E-02 +0.153740E-03 +0.000000E+00 +0.638537E-03 +0.000000E+00 +0.000000E+00
 +0.110366E+01 -0.103460E+03 -0.156833E+03 -0.650268E+02 -0.732139E+02 +0.166954E+02 +0.000000E+00 +0.000000E+00 -0.158877E-02 +0.155555E-03 +0.000000E+00 +0.634423E-03 +0.000000E+00 +0.000000E+00
 +0.110366E+01 -0.103470E+03 -0.156786E+03 -0.648608E+02 -0.731434E+02 +0.165871E+02 +0.000000E+00 +0.000000E+00 -0.158921E-02 +0.157370E-03 +0.000000E+00 +0.630310E-03 +0.000000E+00 +0.000000E+00
 +0.110366E+01 -0.103480E+03 -0.156738E+03 -0.646948E+02 -0.730730E+02 +0.164789E+02 +0.000000E+00 +0.000000E+00 -0.158964E-02 +0.159186E-03 +0.000000E+00 +0.626197E-03 +0.000000E+00 +0.000000E+00
 +0.110366E+01 -0.103490E+03 -0.156691E+03 -0.645288E+02 -0.730025E+02 +0.163706E+02 +0.000000E+00 +0.000000E+00 -0.159008E-02 +0.161001E-03 +0.000000E+00 +0.622084E-03 +0.000000E+00 +0.000000E+00
 +0.110366E+01 -0.103500E+03 -0.156644E+03 -0.643628E+02 -0.729321E+02 +0.162624E+02 +0.000000E+00 +0.000000E+00 -0.159052E-02 +0.162816E-03 +0.000000E+00 +0.617971E-03 +0.000000E+00 +0.000000E+00
 +0.110366E+01 -0.103510E+03 -0.156596E+03 -0.641968E+02 -0.728616E+02 +0.161541E+02 +0.000000E+00 +0.000000E+00 -0.159095E-02 +0.164631E-03 +0.000000E+00 +0.613857E-03 +0.000000E+00 +0.000000E+00
 +0.110366E+01 -0.103520E+03 -0.156549E+03 -0.640308E+02 -0.727912E+02 +0.160459E+02 +0.000000E+00 +0.000000E+00 -0.159139E-02 +0.166447E-03 +0.000000E+00 +0.609744E-03 +0.000000E+00 +0.000000E+00
 +0.110366E+01 -0.103530E+03 -0.156502E+03 -0.638724E+02 -0.727237E+02 +0.159393E+02 +0.000000E+00 +0.000000E+00 -0.159180E-02 +0.168175E-03 +0.000000E+00 +0.605695E-03 +0.000000E+00 +0.000000E+00
 +0.110366E+01 -0.103540E+03 -0.156473E+03 -0.638009E+02 -0.726903E+02 +0.158523E+02 +0.000000E+00 +0.000000E+00 -0.159187E-02 +0.168899E-03 +0.000000E+00 +0.602388E-03 +0.000000E+00 +0.000000E+00
 +0.110366E+01 -0.103550E+03 -0.156443E+03 -0.637294E+02 -0.726569E+02 +0.157653E+02 +0.000000E+00 +0.000000E+00 -0.159194E-02 +0.169623E-03 +0.000000E+00 +0.599081E-03 +0.000000E+00 +0.000000E+00
 +0.110366E+01 -0.103560E+03 -0.156413E+03 -0.636579E+02 -0.726235E+02 +0.156783E+02 +0.000000E+00 +0.000000E+00 -0.159201E-02 +0.170347E-03 +0.000000E+00 +0.595774E-03 +0.000000E+00 +0.000000E+00
 +0.110366E+01 -0.103570E+03 -0.156384E+03 -0.635864E+02 -0.725901E+02 +0.155912E+02 +0.000000E+00 +0.000000E+00 -0.159208E-02 +0.171071E-03 +0.000000E+00 +0.592467E-03 +0.000000E+00 +0.000000E+00
 +0.110366E+01 -0.103580E+03 -0.156354E+03 -0.635149E+02 -0.725567E+02 +0.155042E+02 +0.000000E+00 +0.000000E+00 -0.159215E-02 +0.171795E-03 +0.000000E+00 +0.589160E-03 +0.000000E+00 +0.000000E+00
 +0.110366E+01 -0.103590E+03 -0.156324E+03 -0.634434E+02 -0.725233E+02 +0.154172E+02 +0.000000E+00 +0.000000E+00 -0.159222E-02 +0.172520E-03 +0.000000E+00 +0.585853E-03 +0.000000E+00 +0.000000E+00
 +0.110366E+01 -0.103600E+03 -0.156295E+03 -0.633719E+02 -0.724899E+02 +0.153302E+02 +0.000000E+00 +0.000000E+00 -0.159229E-02 +0.173244E-03 +0.000000E+00 +0.582546E-03 +0.000000E+00 +0.000000E+00
 +0.110366E+01 -0.103610E+03 -0.156265E+03 -0.633003E+02 -0.724565E+02 +0.152431E+02 +0.000000E+00 +0.000000E+00 -0.159236E-02 +0.173968E-03 +0.000000E+00 +0.579239E-03 +0.000000E+00 +0.000000E+00
 +0.110366E+01 -0.103620E+03 -0.156235E+03 -0.632288E+02 -0.724232E+02 +0.151561E+02 +0.000000E+00 +0.000000E+00 -0.159243E-02 +0.174692E-03 +0.000000E+00 +0.575932E-03 +0.000000E+00 +0.000000E+00
 +0.110366E+01 -0.103630E+03 -0.156206E+03 -0.631573E+02 -0.723898E+02 +0.150691E+02 +0.000000E+00 +0.000000E+00 -0.159250E-02 +0.175416E-03 +0.000000E+00 +0.572625E-03 +0.000000E+00 +0.000000E+00
 +0.110366E+01 -0.103640E+03 -0.156176E+03 -0.630858E+02 -0.723564E+02 +0.149821E+02 +0.000000E+00 +0.000000E+00 -0.159257E-02 +0.176140E-03 +0.000000E+00 +0.569318E-03 +0.000000E+00 +0.000000E+00
 +0.110366E+01 -0.103650E+03 -0.156146E+03 -0.630143E+02 -0.723230E+02 +0.148950E+02 +0.000000E+00 +0.000000E+00 -0.159264E-02 +0.176864E-03 +0.000000E+00 +0.566011E-03 +0.000000E+00 +0.000000E+00
 +0.110366E+01 -0.103660E+03 -0.156116E+03 -0.629428E+02 -0.722896E+02 +0.148080E+02 +0.000000E+00 +0.000000E+00 -0.159271E-02 +0.177588E-03 +0.000000E+00 +0.562704E-03 +0.000000E+00 +0.000000E+00
 +0.110366E+01 -0.103670E+03 -0.156087E+03 -0.628713E+02 -0.722562E+02 +0.147210E+02 +0.000000E+00 +0.000000E+00 -0.159278E-02 +0.178312E-03 +0.000000E+00 +0.559397E-03 +0.000000E+00 +0.000000E+00
 +0.110366E+01 -0.103680E+03 -0.156057E+03 -0.627998E+02 -0.722228E+02 +0.146340E+02 +0.000000E+00 +0.000000E+00 -0.159285E-02 +0.179036E-03 +0.000000E+00 +0.556090E-03 +0.000000E+00 +0.000000E+00
 +0.110366E+01 -0.103690E+03 -0.156027E+03 -0.627283E+02 -0.721894E+02 +0.145469E+02 +0.000000E+00 +0.000000E+00 -0.159292E-02 +0.179760E-03 +0.000000E+00 +0.552783E-03 +0.000000E+00 +0.000000E+00
 +0.110366E+01 -0.103700E+03 -0.155998E+03 -0.626568E+02 -0.721560E+02 +0.144599E+02 +0.000000E+00 +0.000000E+00 -0.159299E-02 +0.180484E-03 +0.000000E+00 +0.549476E-03 +0.000000E+00 +0.000000E+00
 +0.110366E+01 -0.103710E+03 -0.155973E+03 -0.625791E+02 -0.721221E+02 +0.143753E+02 +0.000000E+00 +0.000000E+00 -0.159316E-02 +0.181317E-03 +0.000000E+00 +0.546260E-03 +0.000000E+00 +0.000000E+00
 +0.110366E+01 -0.103720E+03 -0.155971E+03 -0.624705E+02 -0.720856E+02 +0.143024E+02 +0.000000E+00 +0.000000E+00 -0.159382E-02 +0.182687E-03 +0.000000E+00 +0.543490E-03 +0.000000E+00 +0.000000E+00
 +0.110366E+01 -0.103730E+03 -0.155969E+03 -0.623620E+02 -0.720492E+02 +0.142295E+02 +0.000000E+00 +0.000000E+00 -0.159447E-02 +0.184057E-03 +0.000000E+00 +0.540721E-03 +0.000000E+00 +0.000000E+00
 +0.110366E+01 -0.103740E+03 -0.155967E+03 -0.622534E+02 -0.720127E+02 +0.141566E+02 +0.000000E+00 +0.000000E+00 -0.159513E-02 +0.185427E-03 +0.000000E+00 +0.537951E-03 +0.000000E+00 +0.000000E+00
 +0.110366E+01 -0.103750E+03 -0.155965E+03 -0.621448E+02 -0.719763E+02 +0.140837E+02 +0.000000E+00 +0.000000E+00 -0.159579E-02 +0.186797E-03 +0.000000E+00 +0.535182E-03 +0.000000E+00 +0.000000E+00
 +0.110366E+01 -0.103760E+03 -0.155963E+03 -0.620363E+02 -0.719398E+02 +0.140108E+02 +0.000000E+00 +0.000000E+00 -0.159644E-02 +0.188168E-03 +0.000000E+00 +0.532412E-03 +0.000000E+00 +0.000000E+00
 +0.110366E+01 -0.103770E+03 -0.155961E+03 -0.619277E+02 -0.719034E+02 +0.139380E+02 +0.000000E+00 +0.000000E+00 -0.159710E-02 +0.189538E-03 +0.000000E+00 +0.529643E-03 +0.000000E+00 +0.000000E+00
 +0.110366E+01 -0.103780E+03 -0.155959E+03 -0.618192E+02 -0.718669E+02 +0.138651E+02 +0.000000E+00 +0.000000E+00 -0.159776E-02 +0.190908E-03 +0.000000E+00 +0.526873E-03 +0.000000E+00 +0.000000E+00
 +0.110366E+01 -0.103790E+03 -0.155958E+03 -0.617106E+02 -0.718305E+02 +0.137922E+02 +0.000000E+00 +0.000000E+00 -0.159841E-02 +0.192278E-03 +0.000000E+00 +0.524104E-03 +0.000000E+00 +0.000000E+00
 +0.110366E+01 -0.103800E+03 -0.155956E+03 -0.616020E+02 -0.717940E+02 +0.137193E+02 +0.000000E+00 +0.000000E+00 -0.159907E-02 +0.193648E-03 +0.000000E+00 +0.521334E-03 +0.000000E+00 +0.000000E+00
 +0.110366E+01 -0.103810E+03 -0.155954E+03 -0.614935E+02 -0.717576E+02 +0.136464E+02 +0.000000E+00 +0.000000E+00 -0.159973E-02 +0.195018E-03 +0.000000E+00 +0.518565E-03 +0.000000E+00 +0.000000E+00
 +0.110366E+01 -0.103820E+03 -0.155952E+03 -0.613849E+02 -0.717211E+02 +0.135736E+02 +0.000000E+00 +0.000000E+00 -0.160038E-02 +0.196388E-03 +0.000000E+00 +0.515795E-03 +0.000000E+00 +0.000000E+00
 +0.110366E+01 -0.103830E+03 -0.155950E+03 -0.612764E+02 -0.716847E+02 +0.135007E+02 +0.000000E+00 +0.000000E+00 -0.160104E-02 +0.197758E-03 +0.000000E+00 +0.513026E-03 +0.000000E+00 +0.000000E+00
 +0.110366E+01 -0.103840E+03 -0.155948E+03 -0.611678E+02 -0.716482E+02 +0.134278E+02 +0.000000E+00 +0.000000E+00 -0.160170E-02 +0.199128E-03 +0.000000E+00 +0.510256E-03 +0.000000E+00 +0.000000E+00
 +0.110366E+01 -0.103850E+03 -0.155946E+03 -0.610592E+02 -0.716118E+02 +0.133549E+02 +0.000000E+00 +0.000000E+00 -0.160235E-02 +0.200498E-03 +0.000000E+00 +0.507487E-03 +0.000000E+00 +0.000000E+00
 +0.110366E+01 -0.103860E+03 -0.155944E+03 -0.609507E+02 -0.715753E+02 +0.132820E+02 +0.000000E+00 +0.000000E+00 -0.160301E-02 +0.201868E-03 +0.000000E+00 +0.504717E-03 +0.000000E+00 +0.000000E+00
 +0.110366E+01 -0.103870E+03 -0.155927E+03 -0.608510E+02 -0.715368E+02 +0.132191E+02 +0.000000E+00 +0.000000E+00 -0.160342E-02 +0.203030E-03 +0.000000E+00 +0.502327E-03 +0.000000E+00 +0.000000E+00
 +0.110366E+01 -0.103880E+03 -0.155901E+03 -0.607562E+02 -0.714970E+02 +0.131618E+02 +0.000000E+00 +0.000000E+00 -0.160368E-02 +0.204074E-03 +0.000000E+00 +0.500150E-03 +0.000000E+00 +0.000000E+00
 +0.110366E+01 -0.103890E+03 -0.155876E+03 -0.606615E+02 -0.714572E+02 +0.131045E+02 +0.000000E+00 +0.000000E+00 -0.160395E-02 +0.205119E-03 +0.000000E+00 +0.497973E-03 +0.000000E+00 +0.000000E+00
 +0.110366E+01 -0.103900E+03 -0.155850E+03 -0.605667E+02 -0.714174E+02 +0.130473E+02 +0.000000E+00 +0.000000E+00 -0.160421E-02 +0.206163E-03 +0.000000E+00 +0.495796E-03 +0.000000E+00 +0.000000E+00
 +0.110366E+01 -0.103910E+03 -0.155824E+03 -0.604720E+02 -0.713777E+02 +0.129900E+02 +0.000000E+00 +0.000000E+00 -0.160448E-02 +0.207208E-03 +0.000000E+00 +0.493619E-03 +0.000000E+00 +0.000000E+00
 +0.110366E+01 -0.103920E+03 -0.155798E+03 -0.603773E+02 -0.713379E+02 +0.129327E+02 +0.000000E+00 +0.000000E+00 -0.160475E-02 +0.208252E-03 +0.000000E+00 +0.491442E-03 +0.000000E+00 +0.000000E+00
 +0.110366E+01 -0.103930E+03 -0.155772E+03 -0.602825E+02 -0.712981E+02 +0.128754E+02 +0.000000E+00 +0.000000E+00 -0.160501E-02 +0.209296E-03 +0.000000E+00 +0.489265E-03 +0.000000E+00 +0.000000E+00
 +0.110366E+01 -0.103940E+03 -0.155747E+03 -0.601878E+02 -0.712583E+02 +0.128181E+02 +0.000000E+00 +0.000000E+00 -0.160528E-02 +0.210341E-03 +0.000000E+00 +0.487088E-03 +0.000000E+00 +0.000000E+00
 +0.110366E+01 -0.103950E+03 -0.155721E+03 -0.600930E+02 -0.712186E+02 +0.127608E+02 +0.000000E+00 +0.000000E+00 -0.160554E-02 +0.211385E-03 +0.000000E+00 +0.484911E-03 +0.000000E+00 +0.000000E+00
 +0.110366E+01 -0.103960E+03 -0.155695E+03 -0.599983E+02 -0.711788E+02 +0.127035E+02 +0.000000E+00 +0.000000E+00 -0.160581E-02 +0.212429E-03 +0.000000E+00 +0.482734E-03 +0.000000E+00 +0.000000E+00
 +0.110366E+01 -0.103970E+03 -0.155669E+03 -0.599036E+02 -0.711390E+02 +0.126462E+02 +0.000000E+00 +0.000000E+00 -0.160607E-02 +0.213474E-03 +0.000000E+00 +0.480557E-03 +0.000000E+00 +0.000000E+00
 +0.110366E+01 -0.103980E+03 -0.155643E+03 -0.598088E+02 -0.710992E+02 +0.125889E+02 +0.000000E+00 +0.000000E+00 -0.160634E-02 +0.214518E-03 +0.000000E+00 +0.478380E-03 +0.000000E+00 +0.000000E+00
 +0.110366E+01 -0.103990E+03 -0.155618E+03 -0.597141E+02 -0.710595E+02 +0.125316E+02 +0.000000E+00 +0.000000E+00 -0.160661E-02 +0.215562E-03 +0.000000E+00 +0.476203E-03 +0.000000E+00 +0.000000E+00
 +0.110366E+01 -0.104000E+03 -0.155592E+03 -0.596193E+02 -0.710197E+02 +0.124744E+02 +0.000000E+00 +0.000000E+00 -0.160687E-02 +0.216607E-03 +0.000000E+00 +0.474026E-03 +0.000000E+00 +0.000000E+00
 +0.110366E+01 -0.104010E+03 -0.155566E+03 -0.595246E+02 -0.709799E+02 +0.124171E+02 +0.000000E+00 +0.000000E+00 -0.160714E-02 +0.217651E-03 +0.000000E+00 +0.471849E-03 +0.000000E+00 +0.000000E+00
 +0.110366E+01 -0.104020E+03 -0.155540E+03 -0.594299E+02 -0.709402E+02 +0.123598E+02 +0.000000E+00 +0.000000E+00 -0.160740E-02 +0.218695E-03 +0.000000E+00 +0.469672E-03 +0.000000E+00 +0.000000E+00
 +0.110366E+01 -0.104030E+03 -0.155515E+03 -0.593351E+02 -0.709004E+02 +0.123025E+02 +0.000000E+00 +0.000000E+00 -0.160767E-02 +0.219740E-03 +0.000000E+00 +0.467495E-03 +0.000000E+00 +0.000000E+00
 +0.110366E+01 -0.104040E+03 -0.155489E+03 -0.592404E+02 -0.708606E+02 +0.122452E+02 +0.000000E+00 +0.000000E+00 -0.160793E-02 +0.220784E-03 +0.000000E+00 +0.465318E-03 +0.000000E+00 +0.000000E+00
 +0.110366E+01 -0.104050E+03 -0.155463E+03 -0.591456E+02 -0.708208E+02 +0.121879E+02 +0.000000E+00 +0.000000E+00 -0.160820E-02 +0.221829E-03 +0.000000E+00 +0.463141E-03 +0.000000E+00 +0.000000E+00
 +0.110366E+01 -0.104060E+03 -0.155437E+03 -0.590509E+02 -0.707811E+02 +0.121306E+02 +0.000000E+00 +0.000000E+00 -0.160847E-02 +0.222873E-03 +0.000000E+00 +0.460964E-03 +0.000000E+00 +0.000000E+00
 +0.110366E+01 -0.104070E+03 -0.155411E+03 -0.589562E+02 -0.707413E+02 +0.120733E+02 +0.000000E+00 +0.000000E+00 -0.160873E-02 +0.223917E-03 +0.000000E+00 +0.458787E-03 +0.000000E+00 +0.000000E+00
 +0.110366E+01 -0.104080E+03 -0.155386E+03 -0.588614E+02 -0.707015E+02 +0.120160E+02 +0.000000E+00 +0.000000E+00 -0.160900E-02 +0.224962E-03 +0.000000E+00 +0.456610E-03 +0.000000E+00 +0.000000E+00
 +0.110366E+01 -0.104090E+03 -0.155360E+03 -0.587667E+02 -0.706617E+02 +0.119588E+02 +0.000000E+00 +0.000000E+00 -0.160926E-02 +0.226006E-03 +0.000000E+00 +0.454433E-03 +0.000000E+00 +0.000000E+00
 +0.110366E+01 -0.104100E+03 -0.155334E+03 -0.586719E+02 -0.706220E+02 +0.119015E+02 +0.000000E+00 +0.000000E+00 -0.160953E-02 +0.227050E-03 +0.000000E+00 +0.452256E-03 +0.000000E+00 +0.000000E+00
 +0.110366E+01 -0.104110E+03 -0.155308E+03 -0.585772E+02 -0.705822E+02 +0.118442E+02 +0.000000E+00 +0.000000E+00 -0.160979E-02 +0.228095E-03 +0.000000E+00 +0.450079E-03 +0.000000E+00 +0.000000E+00
 +0.110366E+01 -0.104120E+03 -0.155282E+03 -0.584825E+02 -0.705424E+02 +0.117869E+02 +0.000000E+00 +0.000000E+00 -0.161006E-02 +0.229139E-03 +0.000000E+00 +0.447902E-03 +0.000000E+00 +0.000000E+00
 +0.110366E+01 -0.104130E+03 -0.155257E+03 -0.583877E+02 -0.705026E+02 +0.117296E+02 +0.000000E+00 +0.000000E+00 -0.161033E-02 +0.230183E-03 +0.000000E+00 +0.445725E-03 +0.000000E+00 +0.000000E+00
 +0.110366E+01 -0.104140E+03 -0.155231E+03 -0.582930E+02 -0.704629E+02 +0.116723E+02 +0.000000E+00 +0.000000E+00 -0.161059E-02 +0.231228E-03 +0.000000E+00 +0.443548E-03 +0.000000E+00 +0.000000E+00
 +0.110366E+01 -0.104150E+03 -0.155205E+03 -0.581982E+02 -0.704231E+02 +0.116150E+02 +0.000000E+00 +0.000000E+00 -0.161086E-02 +0.232272E-03 +0.000000E+00 +0.441371E-03 +0.000000E+00 +0.000000E+00
 +0.110366E+01 -0.104160E+03 -0.155179E+03 -0.581035E+02 -0.703833E+02 +0.115577E+02 +0.000000E+00 +0.000000E+00 -0.161112E-02 +0.233316E-03 +0.000000E+00 +0.439194E-03 +0.000000E+00 +0.000000E+00
 +0.110366E+01 -0.104170E+03 -0.155153E+03 -0.580088E+02 -0.703435E+02 +0.115004E+02 +0.000000E+00 +0.000000E+00 -0.161139E-02 +0.234361E-03 +0.000000E+00 +0.437017E-03 +0.000000E+00 +0.000000E+00
 +0.110366E+01 -0.104180E+03 -0.155128E+03 -0.579140E+02 -0.703038E+02 +0.114431E+02 +0.000000E+00 +0.000000E+00 -0.161165E-02 +0.235405E-03 +0.000000E+00 +0.434840E-03 +0.000000E+00 +0.000000E+00
 +0.110366E+01 -0.104190E+03 -0.155102E+03 -0.578193E+02 -0.702640E+02 +0.113859E+02 +0.000000E+00 +0.000000E+00 -0.161192E-02 +0.236449E-03 +0.000000E+00 +0.432663E-03 +0.000000E+00 +0.000000E+00
 +0.110366E+01 -0.104200E+03 -0.155076E+03 -0.577246E+02 -0.702242E+02 +0.113286E+02 +0.000000E+00 +0.000000E+00 -0.161219E-02 +0.237494E-03 +0.000000E+00 +0.430486E-03 +0.000000E+00 +0.000000E+00
 +0.110366E+01 -0.104210E+03 -0.155050E+03 -0.576298E+02 -0.701845E+02 +0.112713E+02 +0.000000E+00 +0.000000E+00 -0.161245E-02 +0.238538E-03 +0.000000E+00 +0.428309E-03 +0.000000E+00 +0.000000E+00
 +0.110366E+01 -0.104220E+03 -0.155025E+03 -0.575351E+02 -0.701447E+02 +0.112140E+02 +0.000000E+00 +0.000000E+00 -0.161272E-02 +0.239583E-03 +0.000000E+00 +0.426132E-03 +0.000000E+00 +0.000000E+00
 +0.110366E+01 -0.104230E+03 -0.154999E+03 -0.574403E+02 -0.701049E+02 +0.111567E+02 +0.000000E+00 +0.000000E+00 -0.161298E-02 +0.240627E-03 +0.000000E+00 +0.423955E-03 +0.000000E+00 +0.000000E+00
 +0.110366E+01 -0.104240E+03 -0.154973E+03 -0.573456E+02 -0.700651E+02 +0.110994E+02 +0.000000E+00 +0.000000E+00 -0.161325E-02 +0.241671E-03 +0.000000E+00 +0.421778E-03 +0.000000E+00 +0.000000E+00
 +0.110366E+01 -0.104250E+03 -0.154947E+03 -0.572509E+02 -0.700254E+02 +0.110421E+02 +0.000000E+00 +0.000000E+00 -0.161352E-02 +0.242716E-03 +0.000000E+00 +0.419601E-03 +0.000000E+00 +0.000000E+00
 +0.110366E+01 -0.104260E+03 -0.154928E+03 -0.571530E+02 -0.699867E+02 +0.109914E+02 +0.000000E+00 +0.000000E+00 -0.161388E-02 +0.243841E-03 +0.000000E+00 +0.417673E-03 +0.000000E+00 +0.000000E+00
 +0.110366E+01 -0.104270E+03 -0.154922E+03 -0.570502E+02 -0.699507E+02 +0.109468E+02 +0.000000E+00 +0.000000E+00 -0.161445E-02 +0.245109E-03 +0.000000E+00 +0.415980E-03 +0.000000E+00 +0.000000E+00
 +0.110366E+01 -0.104280E+03 -0.154915E+03 -0.569475E+02 -0.699147E+02 +0.109023E+02 +0.000000E+00 +0.000000E+00 -0.161501E-02 +0.246377E-03 +0.000000E+00 +0.414287E-03 +0.000000E+00 +0.000000E+00
 +0.110366E+01 -0.104290E+03 -0.154909E+03 -0.568447E+02 -0.698787E+02 +0.108577E+02 +0.000000E+00 +0.000000E+00 -0.161557E-02 +0.247645E-03 +0.000000E+00 +0.412594E-03 +0.000000E+00 +0.000000E+00
 +0.110366E+01 -0.104300E+03 -0.154902E+03 -0.567420E+02 -0.698427E+02 +0.108132E+02 +0.000000E+00 +0.000000E+00 -0.161614E-02 +0.248913E-03 +0.000000E+00 +0.410902E-03 +0.000000E+00 +0.000000E+00
 +0.110366E+01 -0.104310E+03 -0.154896E+03 -0.566392E+02 -0.698067E+02 +0.107687E+02 +0.000000E+00 +0.000000E+00 -0.161670E-02 +0.250181E-03 +0.000000E+00 +0.409209E-03 +0.000000E+00 +0.000000E+00
 +0.110366E+01 -0.104320E+03 -0.154890E+03 -0.565365E+02 -0.697706E+02 +0.107241E+02 +0.000000E+00 +0.000000E+00 -0.161726E-02 +0.251450E-03 +0.000000E+00 +0.407516E-03 +0.000000E+00 +0.000000E+00
 +0.110366E+01 -0.104330E+03 -0.154883E+03 -0.564337E+02 -0.697346E+02 +0.106796E+02 +0.000000E+00 +0.000000E+00 -0.161783E-02 +0.252718E-03 +0.000000E+00 +0.405824E-03 +0.000000E+00 +0.000000E+00
 +0.110366E+01 -0.104340E+03 -0.154877E+03 -0.563309E+02 -0.696986E+02 +0.106350E+02 +0.000000E+00 +0.000000E+00 -0.161839E-02 +0.253986E-03 +0.000000E+00 +0.404131E-03 +0.000000E+00 +0.000000E+00
 +0.110366E+01 -0.104350E+03 -0.154871E+03 -0.562282E+02 -0.696626E+02 +0.105905E+02 +0.000000E+00 +0.000000E+00 -0.161895E-02 +0.255254E-03 +0.000000E+00 +0.402438E-03 +0.000000E+00 +0.000000E+00
 +0.110366E+01 -0.104360E+03 -0.154864E+03 -0.561254E+02 -0.696266E+02 +0.105459E+02 +0.000000E+00 +0.000000E+00 -0.161952E-02 +0.256522E-03 +0.000000E+00 +0.400745E-03 +0.000000E+00 +0.000000E+00
 +0.110366E+01 -0.104370E+03 -0.154858E+03 -0.560227E+02 -0.695906E+02 +0.105014E+02 +0.000000E+00 +0.000000E+00 -0.162008E-02 +0.257790E-03 +0.000000E+00 +0.399053E-03 +0.000000E+00 +0.000000E+00
 +0.110366E+01 -0.104380E+03 -0.154852E+03 -0.559199E+02 -0.695546E+02 +0.104568E+02 +0.000000E+00 +0.000000E+00 -0.162064E-02 +0.259058E-03 +0.000000E+00 +0.397360E-03 +0.000000E+00 +0.000000E+00
 +0.110366E+01 -0.104390E+03 -0.154845E+03 -0.558172E+02 -0.695186E+02 +0.104123E+02 +0.000000E+00 +0.000000E+00 -0.162121E-02 +0.260327E-03 +0.000000E+00 +0.395667E-03 +0.000000E+00 +0.000000E+00
 +0.110366E+01 -0.104400E+03 -0.154839E+03 -0.557144E+02 -0.694825E+02 +0.103678E+02 +0.000000E+00 +0.000000E+00 -0.162177E-02 +0.261595E-03 +0.000000E+00 +0.393975E-03 +0.000000E+00 +0.000000E+00
 +0.110366E+01 -0.104410E+03 -0.154832E+03 -0.556116E+02 -0.694465E+02 +0.103232E+02 +0.000000E+00 +0.000000E+00 -0.162233E-02 +0.262863E-03 +0.000000E+00 +0.392282E-03 +0.000000E+00 +0.000000E+00
 +0.110366E+01 -0.104420E+03 -0.154826E+03 -0.555089E+02 -0.694105E+02 +0.102787E+02 +0.000000E+00 +0.000000E+00 -0.162289E-02 +0.264131E-03 +0.000000E+00 +0.390589E-03 +0.000000E+00 +0.000000E+00
 +0.110366E+01 -0.104430E+03 -0.154820E+03 -0.554061E+02 -0.693745E+02 +0.102341E+02 +0.000000E+00 +0.000000E+00 -0.162346E-02 +0.265399E-03 +0.000000E+00 +0.388897E-03 +0.000000E+00 +0.000000E+00
 +0.110366E+01 -0.104440E+03 -0.154813E+03 -0.553034E+02 -0.693385E+02 +0.101896E+02 +0.000000E+00 +0.000000E+00 -0.162402E-02 +0.266667E-03 +0.000000E+00 +0.387204E-03 +0.000000E+00 +0.000000E+00
 +0.110366E+01 -0.104450E+03 -0.154807E+03 -0.552006E+02 -0.693025E+02 +0.101450E+02 +0.000000E+00 +0.000000E+00 -0.162458E-02 +0.267935E-03 +0.000000E+00 +0.385511E-03 +0.000000E+00 +0.000000E+00
 +0.110366E+01 -0.104460E+03 -0.154801E+03 -0.550979E+02 -0.692665E+02 +0.101005E+02 +0.000000E+00 +0.000000E+00 -0.162515E-02 +0.269204E-03 +0.000000E+00 +0.383818E-03 +0.000000E+00 +0.000000E+00
 +0.110366E+01 -0.104470E+03 -0.154794E+03 -0.549951E+02 -0.692305E+02 +0.100559E+02 +0.000000E+00 +0.000000E+00 -0.162571E-02 +0.270472E-03 +0.000000E+00 +0.382126E-03 +0.000000E+00 +0.000000E+00
 +0.110366E+01 -0.104480E+03 -0.154788E+03 -0.548923E+02 -0.691944E+02 +0.100114E+02 +0.000000E+00 +0.000000E+00 -0.162627E-02 +0.271740E-03 +0.000000E+00 +0.380433E-03 +0.000000E+00 +0.000000E+00
 +0.110366E+01 -0.104490E+03 -0.154781E+03 -0.547896E+02 -0.691584E+02 +0.996685E+01 +0.000000E+00 +0.000000E+00 -0.162684E-02 +0.273008E-03 +0.000000E+00 +0.378740E-03 +0.000000E+00 +0.000000E+00
 +0.110366E+01 -0.104500E+03 -0.154775E+03 -0.546868E+02 -0.691224E+02 +0.992231E+01 +0.000000E+00 +0.000000E+00 -0.162740E-02 +0.274276E-03 +0.000000E+00 +0.377048E-03 +0.000000E+00 +0.000000E+00
 +0.110366E+01 -0.104510E+03 -0.154769E+03 -0.545841E+02 -0.690864E+02 +0.987776E+01 +0.000000E+00 +0.000000E+00 -0.162796E-02 +0.275544E-03 +0.000000E+00 +0.375355E-03 +0.000000E+00 +0.000000E+00
 +0.110366E+01 -0.104520E+03 -0.154762E+03 -0.544813E+02 -0.690504E+02 +0.983322E+01 +0.000000E+00 +0.000000E+00 -0.162853E-02 +0.276812E-03 +0.000000E+00 +0.373662E-03 +0.000000E+00 +0.000000E+00
 +0.110366E+01 -0.104530E+03 -0.154756E+03 -0.543786E+02 -0.690144E+02 +0.978867E+01 +0.000000E+00 +0.000000E+00 -0.162909E-02 +0.278081E-03 +0.000000E+00 +0.371969E-03 +0.000000E+00 +0.000000E+00
 +0.110366E+01 -0.104540E+03 -0.154750E+03 -0.542758E+02 -0.689784E+02 +0.974413E+01 +0.000000E+00 +0.000000E+00 -0.162965E-02 +0.279349E-03 +0.000000E+00 +0.370277E-03 +0.000000E+00 +0.000000E+00
 +0.110366E+01 -0.104550E+03 -0.154743E+03 -0.541730E+02 -0.689424E+02 +0.969958E+01 +0.000000E+00 +0.000000E+00 -0.163022E-02 +0.280617E-03 +0.000000E+00 +0.368584E-03 +0.000000E+00 +0.000000E+00
 +0.110366E+01 -0.104560E+03 -0.154737E+03 -0.540703E+02 -0.689063E+02 +0.965504E+01 +0.000000E+00 +0.000000E+00 -0.163078E-02 +0.281885E-03 +0.000000E+00 +0.366891E-03 +0.000000E+00 +0.000000E+00
 +0.110366E+01 -0.104570E+03 -0.154730E+03 -0.539675E+02 -0.688703E+02 +0.961049E+01 +0.000000E+00 +0.000000E+00 -0.163134E-02 +0.283153E-03 +0.000000E+00 +0.365199E-03 +0.000000E+00 +0.000000E+00
 +0.110366E+01 -0.104580E+03 -0.154724E+03 -0.538648E+02 -0.688343E+02 +0.956595E+01 +0.000000E+00 +0.000000E+00 -0.163191E-02 +0.284421E-03 +0.000000E+00 +0.363506E-03 +0.000000E+00 +0.000000E+00
 +0.110366E+01 -0.104590E+03 -0.154718E+03 -0.537620E+02 -0.687983E+02 +0.952140E+01 +0.000000E+00 +0.000000E+00 -0.163247E-02 +0.285689E-03 +0.000000E+00 +0.361813E-03 +0.000000E+00 +0.000000E+00
 +0.110366E+01 -0.104600E+03 -0.154711E+03 -0.536593E+02 -0.687623E+02 +0.947686E+01 +0.000000E+00 +0.000000E+00 -0.163303E-02 +0.286958E-03 +0.000000E+00 +0.360121E-03 +0.000000E+00 +0.000000E+00
 +0.110366E+01 -0.104610E+03 -0.154705E+03 -0.535565E+02 -0.687263E+02 +0.943231E+01 +0.000000E+00 +0.000000E+00 -0.163359E-02 +0.288226E-03 +0.000000E+00 +0.358428E-03 +0.000000E+00 +0.000000E+00
 +0.110366E+01 -0.104620E+03 -0.154699E+03 -0.534537E+02 -0.686903E+02 +0.938777E+01 +0.000000E+00 +0.000000E+00 -0.163416E-02 +0.289494E-03 +0.000000E+00 +0.356735E-03 +0.000000E+00 +0.000000E+00
 +0.110366E+01 -0.104630E+03 -0.154692E+03 -0.533510E+02 -0.686543E+02 +0.934322E+01 +0.000000E+00 +0.000000E+00 -0.163472E-02 +0.290762E-03 +0.000000E+00 +0.355042E-03 +0.000000E+00 +0.000000E+00
 +0.110366E+01 -0.104640E+03 -0.154686E+03 -0.532482E+02 -0.686182E+02 +0.929868E+01 +0.000000E+00 +0.000000E+00 -0.163528E-02 +0.292030E-03 +0.000000E+00 +0.353350E-03 +0.000000E+00 +0.000000E+00
 +0.110366E+01 -0.104650E+03 -0.154679E+03 -0.531455E+02 -0.685822E+02 +0.925413E+01 +0.000000E+00 +0.000000E+00 -0.163585E-02 +0.293298E-03 +0.000000E+00 +0.351657E-03 +0.000000E+00 +0.000000E+00
 +0.110366E+01 -0.104660E+03 -0.154673E+03 -0.530427E+02 -0.685462E+02 +0.920959E+01 +0.000000E+00 +0.000000E+00 -0.163641E-02 +0.294566E-03 +0.000000E+00 +0.349964E-03 +0.000000E+00 +0.000000E+00
 +0.110366E+01 -0.104670E+03 -0.154667E+03 -0.529400E+02 -0.685102E+02 +0.916504E+01 +0.000000E+00 +0.000000E+00 -0.163697E-02 +0.295835E-03 +0.000000E+00 +0.348272E-03 +0.000000E+00 +0.000000E+00
 +0.110366E+01 -0.104680E+03 -0.154660E+03 -0.528372E+02 -0.684742E+02 +0.912050E+01 +0.000000E+00 +0.000000E+00 -0.163754E-02 +0.297103E-03 +0.000000E+00 +0.346579E-03 +0.000000E+00 +0.000000E+00
 +0.110366E+01 -0.104690E+03 -0.154654E+03 -0.527344E+02 -0.684382E+02 +0.907595E+01 +0.000000E+00 +0.000000E+00 -0.163810E-02 +0.298371E-03 +0.000000E+00 +0.344886E-03 +0.000000E+00 +0.000000E+00
 +0.110366E+01 -0.104700E+03 -0.154648E+03 -0.526317E+02 -0.684022E+02 +0.903141E+01 +0.000000E+00 +0.000000E+00 -0.163866E-02 +0.299639E-03 +0.000000E+00 +0.343193E-03 +0.000000E+00 +0.000000E+00
 +0.110366E+01 -0.104710E+03 -0.154641E+03 -0.525289E+02 -0.683661E+02 +0.898686E+01 +0.000000E+00 +0.000000E+00 -0.163923E-02 +0.300907E-03 +0.000000E+00 +0.341501E-03 +0.000000E+00 +0.000000E+00
 +0.110366E+01 -0.104720E+03 -0.154635E+03 -0.524262E+02 -0.683301E+02 +0.894232E+01 +0.000000E+00 +0.000000E+00 -0.163979E-02 +0.302175E-03 +0.000000E+00 +0.339808E-03 +0.000000E+00 +0.000000E+00
 +0.110366E+01 -0.104730E+03 -0.154628E+03 -0.523503E+02 -0.683030E+02 +0.889788E+01 +0.000000E+00 +0.000000E+00 -0.164018E-02 +0.303100E-03 +0.000000E+00 +0.338120E-03 +0.000000E+00 +0.000000E+00
 +0.110366E+01 -0.104740E+03 -0.154622E+03 -0.523007E+02 -0.682844E+02 +0.885356E+01 +0.000000E+00 +0.000000E+00 -0.164041E-02 +0.303690E-03 +0.000000E+00 +0.336435E-03 +0.000000E+00 +0.000000E+00
 +0.110366E+01 -0.104750E+03 -0.154615E+03 -0.522511E+02 -0.682658E+02 +0.880923E+01 +0.000000E+00 +0.000000E+00 -0.164063E-02 +0.304280E-03 +0.000000E+00 +0.334751E-03 +0.000000E+00 +0.000000E+00
 +0.110366E+01 -0.104760E+03 -0.154608E+03 -0.522014E+02 -0.682472E+02 +0.876491E+01 +0.000000E+00 +0.000000E+00 -0.164086E-02 +0.304870E-03 +0.000000E+00 +0.333066E-03 +0.000000E+00 +0.000000E+00
 +0.110366E+01 -0.104770E+03 -0.154602E+03 -0.521518E+02 -0.682286E+02 +0.872058E+01 +0.000000E+00 +0.000000E+00 -0.164109E-02 +0.305460E-03 +0.000000E+00 +0.331382E-03 +0.000000E+00 +0.000000E+00
 +0.110366E+01 -0.104780E+03 -0.154595E+03 -0.521022E+02 -0.682100E+02 +0.867626E+01 +0.000000E+00 +0.000000E+00 -0.164131E-02 +0.306050E-03 +0.000000E+00 +0.329698E-03 +0.000000E+00 +0.000000E+00
 +0.110366E+01 -0.104790E+03 -0.154588E+03 -0.520525E+02 -0.681915E+02 +0.863193E+01 +0.000000E+00 +0.000000E+00 -0.164154E-02 +0.306640E-03 +0.000000E+00 +0.328013E-03 +0.000000E+00 +0.000000E+00
 +0.110366E+01 -0.104800E+03 -0.154582E+03 -0.520029E+02 -0.681729E+02 +0.858761E+01 +0.000000E+00 +0.000000E+00 -0.164177E-02 +0.307230E-03 +0.000000E+00 +0.326329E-03 +0.000000E+00 +0.000000E+00
 +0.110366E+01 -0.104810E+03 -0.154575E+03 -0.519533E+02 -0.681543E+02 +0.854328E+01 +0.000000E+00 +0.000000E+00 -0.164199E-02 +0.307820E-03 +0.000000E+00 +0.324645E-03 +0.000000E+00 +0.000000E+00
 +0.110366E+01 -0.104820E+03 -0.154568E+03 -0.519036E+02 -0.681357E+02 +0.849895E+01 +0.000000E+00 +0.000000E+00 -0.164222E-02 +0.308410E-03 +0.000000E+00 +0.322960E-03 +0.000000E+00 +0.000000E+00
 +0.110366E+01 -0.104830E+03 -0.154562E+03 -0.518540E+02 -0.681171E+02 +0.845463E+01 +0.000000E+00 +0.000000E+00 -0.164244E-02 +0.309000E-03 +0.000000E+00 +0.321276E-03 +0.000000E+00 +0.000000E+00
 +0.110366E+01 -0.104840E+03 -0.154555E+03 -0.518044E+02 -0.680986E+02 +0.841030E+01 +0.000000E+00 +0.000000E+00 -0.164267E-02 +0.309590E-03 +0.000000E+00 +0.319592E-03 +0.000000E+00 +0.000000E+00
 +0.110366E+01 -0.104850E+03 -0.154548E+03 -0.517547E+02 -0.680800E+02 +0.836598E+01 +0.000000E+00 +0.000000E+00 -0.164290E-02 +0.310180E-03 +0.000000E+00 +0.317907E-03 +0.000000E+00 +0.000000E+00
 +0.110366E+01 -0.104860E+03 -0.154542E+03 -0.517051E+02 -0.680614E+02 +0.832165E+01 +0.000000E+00 +0.000000E+00 -0.164312E-02 +0.310770E-03 +0.000000E+00 +0.316223E-03 +0.000000E+00 +0.000000E+00
 +0.110366E+01 -0.104870E+03 -0.154535E+03 -0.516555E+02 -0.680428E+02 +0.827733E+01 +0.000000E+00 +0.000000E+00 -0.164335E-02 +0.311360E-03 +0.000000E+00 +0.314538E-03 +0.000000E+00 +0.000000E+00
 +0.110366E+01 -0.104880E+03 -0.154528E+03 -0.516058E+02 -0.680242E+02 +0.823300E+01 +0.000000E+00 +0.000000E+00 -0.164358E-02 +0.311950E-03 +0.000000E+00 +0.312854E-03 +0.000000E+00 +0.000000E+00
 +0.110366E+01 -0.104890E+03 -0.154522E+03 -0.515562E+02 -0.680056E+02 +0.818868E+01 +0.000000E+00 +0.000000E+00 -0.164380E-02 +0.312540E-03 +0.000000E+00 +0.311170E-03 +0.000000E+00 +0.000000E+00
 +0.110366E+01 -0.104900E+03 -0.154515E+03 -0.515066E+02 -0.679871E+02 +0.814435E+01 +0.000000E+00 +0.000000E+00 -0.164403E-02 +0.313130E-03 +0.000000E+00 +0.309485E-03 +0.000000E+00 +0.000000E+00
 +0.110366E+01 -0.104910E+03 -0.154508E+03 -0.514569E+02 -0.679685E+02 +0.810003E+01 +0.000000E+00 +0.000000E+00 -0.164425E-02 +0.313720E-03 +0.000000E+00 +0.307801E-03 +0.000000E+00 +0.000000E+00
 +0.110366E+01 -0.104920E+03 -0.154501E+03 -0.514073E+02 -0.679499E+02 +0.805570E+01 +0.000000E+00 +0.000000E+00 -0.164448E-02 +0.314310E-03 +0.000000E+00 +0.306117E-03 +0.000000E+00 +0.000000E+00
 +0.110366E+01 -0.104930E+03 -0.154495E+03 -0.513577E+02 -0.679313E+02 +0.801138E+01 +0.000000E+00 +0.000000E+00 -0.164471E-02 +0.314900E-03 +0.000000E+00 +0.304432E-03 +0.000000E+00 +0.000000E+00
 +0.110366E+01 -0.104940E+03 -0.154488E+03 -0.513080E+02 -0.679127E+02 +0.796705E+01 +0.000000E+00 +0.000000E+00 -0.164493E-02 +0.315490E-03 +0.000000E+00 +0.302748E-03 +0.000000E+00 +0.000000E+00
 +0.110366E+01 -0.104950E+03 -0.154481E+03 -0.512584E+02 -0.678942E+02 +0.792272E+01 +0.000000E+00 +0.000000E+00 -0.164516E-02 +0.316079E-03 +0.000000E+00 +0.301064E-03 +0.000000E+00 +0.000000E+00
 +0.110366E+01 -0.104960E+03 -0.154475E+03 -0.512077E+02 -0.678754E+02 +0.787891E+01 +0.000000E+00 +0.000000E+00 -0.164540E-02 +0.316687E-03 +0.000000E+00 +0.299399E-03 +0.000000E+00 +0.000000E+00
 +0.110366E+01 -0.104970E+03 -0.154484E+03 -0.511338E+02 -0.678539E+02 +0.784619E+01 +0.000000E+00 +0.000000E+00 -0.164598E-02 +0.317683E-03 +0.000000E+00 +0.298155E-03 +0.000000E+00 +0.000000E+00
 +0.110366E+01 -0.104980E+03 -0.154493E+03 -0.510598E+02 -0.678324E+02 +0.781347E+01 +0.000000E+00 +0.000000E+00 -0.164655E-02 +0.318679E-03 +0.000000E+00 +0.296912E-03 +0.000000E+00 +0.000000E+00
 +0.110366E+01 -0.104990E+03 -0.154502E+03 -0.509859E+02 -0.678109E+02 +0.778075E+01 +0.000000E+00 +0.000000E+00 -0.164712E-02 +0.319675E-03 +0.000000E+00 +0.295669E-03 +0.000000E+00 +0.000000E+00
