%X Y s_xx s_yy s_zz s_xy s_xz s_yz e_xx e_yy e_zz e_xy e_xz e_yz
 +0.130720E+01 -0.100000E+03 -0.367408E+03 -0.253687E+02 -0.129616E+03 +0.349523E+02 +0.000000E+00 +0.000000E+00 -0.451804E-02 +0.198071E-02 +0.000000E+00 +0.132819E-02 +0.000000E+00 +0.000000E+00
 +0.130720E+01 -0.100010E+03 -0.359061E+03 -0.314920E+02 -0.128882E+03 +0.394057E+02 +0.000000E+00 +0.000000E+00 -0.437339E-02 +0.185042E-02 +0.000000E+00 +0.149742E-02 +0.000000E+00 +0.000000E+00
 +0.130720E+01 -0.100020E+03 -0.350729E+03 -0.375773E+02 -0.128141E+03 +0.439265E+02 +0.000000E+00 +0.000000E+00 -0.422916E-02 +0.172071E-02 +0.000000E+00 +0.166921E-02 +0.000000E+00 +0.000000E+00
 +0.130720E+01 -0.100030E+03 -0.343156E+03 -0.417449E+02 -0.127017E+03 +0.518544E+02 +0.000000E+00 +0.000000E+00 -0.410663E-02 +0.162017E-02 +0.000000E+00 +0.197047E-02 +0.000000E+00 +0.000000E+00
 +0.130720E+01 -0.100040E+03 -0.335654E+03 -0.458861E+02 -0.125908E+03 +0.596537E+02 +0.000000E+00 +0.000000E+00 -0.398517E-02 +0.152042E-02 +0.000000E+00 +0.226684E-02 +0.000000E+00 +0.000000E+00
 +0.130720E+01 -0.100050E+03 -0.329919E+03 -0.493738E+02 -0.125167E+03 +0.642684E+02 +0.000000E+00 +0.000000E+00 -0.389030E-02 +0.144007E-02 +0.000000E+00 +0.244220E-02 +0.000000E+00 +0.000000E+00
 +0.130720E+01 -0.100060E+03 -0.324227E+03 -0.528310E+02 -0.124429E+03 +0.688031E+02 +0.000000E+00 +0.000000E+00 -0.379616E-02 +0.136037E-02 +0.000000E+00 +0.261452E-02 +0.000000E+00 +0.000000E+00
 +0.130720E+01 -0.100070E+03 -0.319228E+03 -0.557953E+02 -0.123758E+03 +0.720427E+02 +0.000000E+00 +0.000000E+00 -0.371394E-02 +0.129129E-02 +0.000000E+00 +0.273762E-02 +0.000000E+00 +0.000000E+00
 +0.130720E+01 -0.100080E+03 -0.314270E+03 -0.587291E+02 -0.123090E+03 +0.752164E+02 +0.000000E+00 +0.000000E+00 -0.363243E-02 +0.122285E-02 +0.000000E+00 +0.285822E-02 +0.000000E+00 +0.000000E+00
 +0.130720E+01 -0.100090E+03 -0.309806E+03 -0.613010E+02 -0.122465E+03 +0.776057E+02 +0.000000E+00 +0.000000E+00 -0.355947E-02 +0.116212E-02 +0.000000E+00 +0.294902E-02 +0.000000E+00 +0.000000E+00
 +0.130720E+01 -0.100100E+03 -0.305379E+03 -0.638426E+02 -0.121843E+03 +0.799389E+02 +0.000000E+00 +0.000000E+00 -0.348719E-02 +0.110201E-02 +0.000000E+00 +0.303768E-02 +0.000000E+00 +0.000000E+00
 +0.130720E+01 -0.100110E+03 -0.301311E+03 -0.661022E+02 -0.121246E+03 +0.817495E+02 +0.000000E+00 +0.000000E+00 -0.342123E-02 +0.104774E-02 +0.000000E+00 +0.310648E-02 +0.000000E+00 +0.000000E+00
 +0.130720E+01 -0.100120E+03 -0.297280E+03 -0.683320E+02 -0.120652E+03 +0.835114E+02 +0.000000E+00 +0.000000E+00 -0.335594E-02 +0.994080E-03 +0.000000E+00 +0.317343E-02 +0.000000E+00 +0.000000E+00
 +0.130720E+01 -0.100130E+03 -0.293538E+03 -0.703348E+02 -0.120078E+03 +0.849027E+02 +0.000000E+00 +0.000000E+00 -0.329574E-02 +0.945120E-03 +0.000000E+00 +0.322630E-02 +0.000000E+00 +0.000000E+00
 +0.130720E+01 -0.100140E+03 -0.289833E+03 -0.723082E+02 -0.119507E+03 +0.862510E+02 +0.000000E+00 +0.000000E+00 -0.323620E-02 +0.896769E-03 +0.000000E+00 +0.327754E-02 +0.000000E+00 +0.000000E+00
 +0.130720E+01 -0.100150E+03 -0.286367E+03 -0.740943E+02 -0.118952E+03 +0.873249E+02 +0.000000E+00 +0.000000E+00 -0.318087E-02 +0.852297E-03 +0.000000E+00 +0.331834E-02 +0.000000E+00 +0.000000E+00
 +0.130720E+01 -0.100160E+03 -0.282938E+03 -0.758517E+02 -0.118400E+03 +0.883605E+02 +0.000000E+00 +0.000000E+00 -0.312621E-02 +0.808427E-03 +0.000000E+00 +0.335770E-02 +0.000000E+00 +0.000000E+00
 +0.130720E+01 -0.100170E+03 -0.279712E+03 -0.774521E+02 -0.117864E+03 +0.891882E+02 +0.000000E+00 +0.000000E+00 -0.307511E-02 +0.767829E-03 +0.000000E+00 +0.338915E-02 +0.000000E+00 +0.000000E+00
 +0.130720E+01 -0.100180E+03 -0.276523E+03 -0.790243E+02 -0.117331E+03 +0.899818E+02 +0.000000E+00 +0.000000E+00 -0.302466E-02 +0.727822E-03 +0.000000E+00 +0.341931E-02 +0.000000E+00 +0.000000E+00
 +0.130720E+01 -0.100190E+03 -0.273510E+03 -0.804635E+02 -0.116811E+03 +0.906147E+02 +0.000000E+00 +0.000000E+00 -0.297728E-02 +0.690610E-03 +0.000000E+00 +0.344336E-02 +0.000000E+00 +0.000000E+00
 +0.130720E+01 -0.100200E+03 -0.270534E+03 -0.818754E+02 -0.116295E+03 +0.912174E+02 +0.000000E+00 +0.000000E+00 -0.293054E-02 +0.653977E-03 +0.000000E+00 +0.346626E-02 +0.000000E+00 +0.000000E+00
 +0.130720E+01 -0.100210E+03 -0.267711E+03 -0.831735E+02 -0.115792E+03 +0.916944E+02 +0.000000E+00 +0.000000E+00 -0.288647E-02 +0.619752E-03 +0.000000E+00 +0.348439E-02 +0.000000E+00 +0.000000E+00
 +0.130720E+01 -0.100220E+03 -0.264925E+03 -0.844452E+02 -0.115292E+03 +0.921444E+02 +0.000000E+00 +0.000000E+00 -0.284303E-02 +0.586093E-03 +0.000000E+00 +0.350149E-02 +0.000000E+00 +0.000000E+00
 +0.130720E+01 -0.100230E+03 -0.262273E+03 -0.856192E+02 -0.114805E+03 +0.924953E+02 +0.000000E+00 +0.000000E+00 -0.280191E-02 +0.554522E-03 +0.000000E+00 +0.351482E-02 +0.000000E+00 +0.000000E+00
 +0.130720E+01 -0.100240E+03 -0.259658E+03 -0.867676E+02 -0.114320E+03 +0.928223E+02 +0.000000E+00 +0.000000E+00 -0.276141E-02 +0.523501E-03 +0.000000E+00 +0.352725E-02 +0.000000E+00 +0.000000E+00
 +0.130720E+01 -0.100250E+03 -0.257160E+03 -0.878317E+02 -0.113847E+03 +0.930704E+02 +0.000000E+00 +0.000000E+00 -0.272295E-02 +0.494298E-03 +0.000000E+00 +0.353668E-02 +0.000000E+00 +0.000000E+00
 +0.130720E+01 -0.100260E+03 -0.254699E+03 -0.888712E+02 -0.113378E+03 +0.932974E+02 +0.000000E+00 +0.000000E+00 -0.268509E-02 +0.465630E-03 +0.000000E+00 +0.354530E-02 +0.000000E+00 +0.000000E+00
 +0.130720E+01 -0.100270E+03 -0.252342E+03 -0.898377E+02 -0.112919E+03 +0.934615E+02 +0.000000E+00 +0.000000E+00 -0.264903E-02 +0.438548E-03 +0.000000E+00 +0.355154E-02 +0.000000E+00 +0.000000E+00
 +0.130720E+01 -0.100280E+03 -0.250019E+03 -0.907807E+02 -0.112464E+03 +0.936068E+02 +0.000000E+00 +0.000000E+00 -0.261355E-02 +0.411983E-03 +0.000000E+00 +0.355706E-02 +0.000000E+00 +0.000000E+00
 +0.130720E+01 -0.100290E+03 -0.247790E+03 -0.916604E+02 -0.112019E+03 +0.937017E+02 +0.000000E+00 +0.000000E+00 -0.257966E-02 +0.386806E-03 +0.000000E+00 +0.356066E-02 +0.000000E+00 +0.000000E+00
 +0.130720E+01 -0.100300E+03 -0.245595E+03 -0.925176E+02 -0.111577E+03 +0.937800E+02 +0.000000E+00 +0.000000E+00 -0.254633E-02 +0.362128E-03 +0.000000E+00 +0.356364E-02 +0.000000E+00 +0.000000E+00
 +0.130720E+01 -0.100310E+03 -0.243481E+03 -0.933199E+02 -0.111144E+03 +0.938177E+02 +0.000000E+00 +0.000000E+00 -0.251440E-02 +0.338666E-03 +0.000000E+00 +0.356507E-02 +0.000000E+00 +0.000000E+00
 +0.130720E+01 -0.100320E+03 -0.241401E+03 -0.941007E+02 -0.110716E+03 +0.938408E+02 +0.000000E+00 +0.000000E+00 -0.248303E-02 +0.315684E-03 +0.000000E+00 +0.356595E-02 +0.000000E+00 +0.000000E+00
 +0.130720E+01 -0.100330E+03 -0.239394E+03 -0.948337E+02 -0.110295E+03 +0.938312E+02 +0.000000E+00 +0.000000E+00 -0.245288E-02 +0.293769E-03 +0.000000E+00 +0.356559E-02 +0.000000E+00 +0.000000E+00
 +0.130720E+01 -0.100340E+03 -0.237419E+03 -0.955463E+02 -0.109879E+03 +0.938086E+02 +0.000000E+00 +0.000000E+00 -0.242327E-02 +0.272315E-03 +0.000000E+00 +0.356473E-02 +0.000000E+00 +0.000000E+00
 +0.130720E+01 -0.100350E+03 -0.235509E+03 -0.962172E+02 -0.109470E+03 +0.937597E+02 +0.000000E+00 +0.000000E+00 -0.239475E-02 +0.251798E-03 +0.000000E+00 +0.356287E-02 +0.000000E+00 +0.000000E+00
 +0.130720E+01 -0.100360E+03 -0.233630E+03 -0.968687E+02 -0.109065E+03 +0.936992E+02 +0.000000E+00 +0.000000E+00 -0.236675E-02 +0.231722E-03 +0.000000E+00 +0.356057E-02 +0.000000E+00 +0.000000E+00
 +0.130720E+01 -0.100370E+03 -0.231809E+03 -0.974840E+02 -0.108667E+03 +0.936173E+02 +0.000000E+00 +0.000000E+00 -0.233970E-02 +0.212471E-03 +0.000000E+00 +0.355746E-02 +0.000000E+00 +0.000000E+00
 +0.130720E+01 -0.100380E+03 -0.230018E+03 -0.980809E+02 -0.108273E+03 +0.935253E+02 +0.000000E+00 +0.000000E+00 -0.231316E-02 +0.193642E-03 +0.000000E+00 +0.355396E-02 +0.000000E+00 +0.000000E+00
 +0.130720E+01 -0.100390E+03 -0.228278E+03 -0.986461E+02 -0.107885E+03 +0.934160E+02 +0.000000E+00 +0.000000E+00 -0.228747E-02 +0.175539E-03 +0.000000E+00 +0.354981E-02 +0.000000E+00 +0.000000E+00
 +0.130720E+01 -0.100400E+03 -0.226567E+03 -0.991938E+02 -0.107501E+03 +0.932976E+02 +0.000000E+00 +0.000000E+00 -0.226226E-02 +0.157840E-03 +0.000000E+00 +0.354531E-02 +0.000000E+00 +0.000000E+00
 +0.130720E+01 -0.100410E+03 -0.224902E+03 -0.997138E+02 -0.107123E+03 +0.931650E+02 +0.000000E+00 +0.000000E+00 -0.223780E-02 +0.140780E-03 +0.000000E+00 +0.354027E-02 +0.000000E+00 +0.000000E+00
 +0.130720E+01 -0.100420E+03 -0.223265E+03 -0.100217E+03 -0.106749E+03 +0.930245E+02 +0.000000E+00 +0.000000E+00 -0.221380E-02 +0.124107E-03 +0.000000E+00 +0.353493E-02 +0.000000E+00 +0.000000E+00
 +0.130720E+01 -0.100430E+03 -0.221669E+03 -0.100697E+03 -0.106381E+03 +0.928724E+02 +0.000000E+00 +0.000000E+00 -0.219048E-02 +0.107996E-03 +0.000000E+00 +0.352915E-02 +0.000000E+00 +0.000000E+00
 +0.130720E+01 -0.100440E+03 -0.220100E+03 -0.101160E+03 -0.106016E+03 +0.927132E+02 +0.000000E+00 +0.000000E+00 -0.216760E-02 +0.922562E-04 +0.000000E+00 +0.352310E-02 +0.000000E+00 +0.000000E+00
 +0.130720E+01 -0.100450E+03 -0.218567E+03 -0.101603E+03 -0.105656E+03 +0.925445E+02 +0.000000E+00 +0.000000E+00 -0.214531E-02 +0.770131E-04 +0.000000E+00 +0.351669E-02 +0.000000E+00 +0.000000E+00
 +0.130720E+01 -0.100460E+03 -0.217060E+03 -0.102030E+03 -0.105300E+03 +0.923694E+02 +0.000000E+00 +0.000000E+00 -0.212345E-02 +0.621239E-04 +0.000000E+00 +0.351004E-02 +0.000000E+00 +0.000000E+00
 +0.130720E+01 -0.100470E+03 -0.215586E+03 -0.102439E+03 -0.104948E+03 +0.921865E+02 +0.000000E+00 +0.000000E+00 -0.210212E-02 +0.476739E-04 +0.000000E+00 +0.350309E-02 +0.000000E+00 +0.000000E+00
 +0.130720E+01 -0.100480E+03 -0.214137E+03 -0.102834E+03 -0.104600E+03 +0.919979E+02 +0.000000E+00 +0.000000E+00 -0.208119E-02 +0.335624E-04 +0.000000E+00 +0.349592E-02 +0.000000E+00 +0.000000E+00
 +0.130720E+01 -0.100490E+03 -0.212717E+03 -0.103212E+03 -0.104257E+03 +0.918029E+02 +0.000000E+00 +0.000000E+00 -0.206074E-02 +0.198396E-04 +0.000000E+00 +0.348851E-02 +0.000000E+00 +0.000000E+00
 +0.130720E+01 -0.100500E+03 -0.211321E+03 -0.103577E+03 -0.103916E+03 +0.916027E+02 +0.000000E+00 +0.000000E+00 -0.204068E-02 +0.644090E-05 +0.000000E+00 +0.348090E-02 +0.000000E+00 +0.000000E+00
 +0.130720E+01 -0.100510E+03 -0.209951E+03 -0.103928E+03 -0.103580E+03 +0.913972E+02 +0.000000E+00 +0.000000E+00 -0.202104E-02 -0.661348E-05 +0.000000E+00 +0.347309E-02 +0.000000E+00 +0.000000E+00
 +0.130720E+01 -0.100520E+03 -0.208604E+03 -0.104266E+03 -0.103247E+03 +0.911870E+02 +0.000000E+00 +0.000000E+00 -0.200179E-02 -0.193572E-04 +0.000000E+00 +0.346511E-02 +0.000000E+00 +0.000000E+00
 +0.130720E+01 -0.100530E+03 -0.207281E+03 -0.104591E+03 -0.102918E+03 +0.909724E+02 +0.000000E+00 +0.000000E+00 -0.198290E-02 -0.317955E-04 +0.000000E+00 +0.345695E-02 +0.000000E+00 +0.000000E+00
 +0.130720E+01 -0.100540E+03 -0.205980E+03 -0.104904E+03 -0.102592E+03 +0.907535E+02 +0.000000E+00 +0.000000E+00 -0.196438E-02 -0.439358E-04 +0.000000E+00 +0.344863E-02 +0.000000E+00 +0.000000E+00
 +0.130720E+01 -0.100550E+03 -0.204700E+03 -0.105206E+03 -0.102269E+03 +0.905309E+02 +0.000000E+00 +0.000000E+00 -0.194619E-02 -0.558049E-04 +0.000000E+00 +0.344017E-02 +0.000000E+00 +0.000000E+00
 +0.130720E+01 -0.100560E+03 -0.203443E+03 -0.105497E+03 -0.101950E+03 +0.903044E+02 +0.000000E+00 +0.000000E+00 -0.192836E-02 -0.673875E-04 +0.000000E+00 +0.343157E-02 +0.000000E+00 +0.000000E+00
 +0.130720E+01 -0.100570E+03 -0.202203E+03 -0.105777E+03 -0.101634E+03 +0.900748E+02 +0.000000E+00 +0.000000E+00 -0.191082E-02 -0.787292E-04 +0.000000E+00 +0.342284E-02 +0.000000E+00 +0.000000E+00
 +0.130720E+01 -0.100580E+03 -0.200985E+03 -0.106047E+03 -0.101320E+03 +0.898416E+02 +0.000000E+00 +0.000000E+00 -0.189363E-02 -0.897951E-04 +0.000000E+00 +0.341398E-02 +0.000000E+00 +0.000000E+00
 +0.130720E+01 -0.100590E+03 -0.199784E+03 -0.106307E+03 -0.101010E+03 +0.896057E+02 +0.000000E+00 +0.000000E+00 -0.187670E-02 -0.100647E-03 +0.000000E+00 +0.340502E-02 +0.000000E+00 +0.000000E+00
 +0.130720E+01 -0.100600E+03 -0.198603E+03 -0.106557E+03 -0.100703E+03 +0.893666E+02 +0.000000E+00 +0.000000E+00 -0.186010E-02 -0.111233E-03 +0.000000E+00 +0.339593E-02 +0.000000E+00 +0.000000E+00
 +0.130720E+01 -0.100610E+03 -0.197437E+03 -0.106799E+03 -0.100398E+03 +0.891252E+02 +0.000000E+00 +0.000000E+00 -0.184374E-02 -0.121627E-03 +0.000000E+00 +0.338676E-02 +0.000000E+00 +0.000000E+00
 +0.130720E+01 -0.100620E+03 -0.196291E+03 -0.107032E+03 -0.100097E+03 +0.888808E+02 +0.000000E+00 +0.000000E+00 -0.182770E-02 -0.131766E-03 +0.000000E+00 +0.337747E-02 +0.000000E+00 +0.000000E+00
 +0.130720E+01 -0.100630E+03 -0.195159E+03 -0.107257E+03 -0.997971E+02 +0.886344E+02 +0.000000E+00 +0.000000E+00 -0.181187E-02 -0.141734E-03 +0.000000E+00 +0.336811E-02 +0.000000E+00 +0.000000E+00
 +0.130720E+01 -0.100640E+03 -0.194046E+03 -0.107472E+03 -0.995009E+02 +0.883852E+02 +0.000000E+00 +0.000000E+00 -0.179635E-02 -0.151454E-03 +0.000000E+00 +0.335864E-02 +0.000000E+00 +0.000000E+00
 +0.130720E+01 -0.100650E+03 -0.192945E+03 -0.107682E+03 -0.992067E+02 +0.881343E+02 +0.000000E+00 +0.000000E+00 -0.178102E-02 -0.161023E-03 +0.000000E+00 +0.334910E-02 +0.000000E+00 +0.000000E+00
 +0.130720E+01 -0.100660E+03 -0.191863E+03 -0.107881E+03 -0.989156E+02 +0.878808E+02 +0.000000E+00 +0.000000E+00 -0.176600E-02 -0.170351E-03 +0.000000E+00 +0.333947E-02 +0.000000E+00 +0.000000E+00
 +0.130720E+01 -0.100670E+03 -0.190792E+03 -0.108076E+03 -0.986263E+02 +0.876258E+02 +0.000000E+00 +0.000000E+00 -0.175114E-02 -0.179544E-03 +0.000000E+00 +0.332978E-02 +0.000000E+00 +0.000000E+00
 +0.130720E+01 -0.100680E+03 -0.189739E+03 -0.108261E+03 -0.983400E+02 +0.873683E+02 +0.000000E+00 +0.000000E+00 -0.173658E-02 -0.188503E-03 +0.000000E+00 +0.332000E-02 +0.000000E+00 +0.000000E+00
 +0.130720E+01 -0.100690E+03 -0.188696E+03 -0.108442E+03 -0.980554E+02 +0.871096E+02 +0.000000E+00 +0.000000E+00 -0.172217E-02 -0.197343E-03 +0.000000E+00 +0.331016E-02 +0.000000E+00 +0.000000E+00
 +0.130720E+01 -0.100700E+03 -0.187671E+03 -0.108614E+03 -0.977738E+02 +0.868486E+02 +0.000000E+00 +0.000000E+00 -0.170804E-02 -0.205955E-03 +0.000000E+00 +0.330025E-02 +0.000000E+00 +0.000000E+00
 +0.130720E+01 -0.100710E+03 -0.186654E+03 -0.108781E+03 -0.974936E+02 +0.865864E+02 +0.000000E+00 +0.000000E+00 -0.169405E-02 -0.214460E-03 +0.000000E+00 +0.329028E-02 +0.000000E+00 +0.000000E+00
 +0.130720E+01 -0.100720E+03 -0.185656E+03 -0.108940E+03 -0.972165E+02 +0.863221E+02 +0.000000E+00 +0.000000E+00 -0.168034E-02 -0.222744E-03 +0.000000E+00 +0.328024E-02 +0.000000E+00 +0.000000E+00
 +0.130720E+01 -0.100730E+03 -0.184664E+03 -0.109095E+03 -0.969406E+02 +0.860568E+02 +0.000000E+00 +0.000000E+00 -0.166675E-02 -0.230933E-03 +0.000000E+00 +0.327016E-02 +0.000000E+00 +0.000000E+00
 +0.130720E+01 -0.100740E+03 -0.183691E+03 -0.109242E+03 -0.966677E+02 +0.857894E+02 +0.000000E+00 +0.000000E+00 -0.165344E-02 -0.238906E-03 +0.000000E+00 +0.326000E-02 +0.000000E+00 +0.000000E+00
 +0.130720E+01 -0.100750E+03 -0.182724E+03 -0.109385E+03 -0.963960E+02 +0.855213E+02 +0.000000E+00 +0.000000E+00 -0.164023E-02 -0.246794E-03 +0.000000E+00 +0.324981E-02 +0.000000E+00 +0.000000E+00
 +0.130720E+01 -0.100760E+03 -0.181774E+03 -0.109520E+03 -0.961272E+02 +0.852511E+02 +0.000000E+00 +0.000000E+00 -0.162729E-02 -0.254472E-03 +0.000000E+00 +0.323954E-02 +0.000000E+00 +0.000000E+00
 +0.130720E+01 -0.100770E+03 -0.180830E+03 -0.109653E+03 -0.958594E+02 +0.849802E+02 +0.000000E+00 +0.000000E+00 -0.161445E-02 -0.262075E-03 +0.000000E+00 +0.322925E-02 +0.000000E+00 +0.000000E+00
 +0.130720E+01 -0.100780E+03 -0.179903E+03 -0.109777E+03 -0.955945E+02 +0.847075E+02 +0.000000E+00 +0.000000E+00 -0.160186E-02 -0.269472E-03 +0.000000E+00 +0.321888E-02 +0.000000E+00 +0.000000E+00
 +0.130720E+01 -0.100790E+03 -0.178981E+03 -0.109899E+03 -0.953306E+02 +0.844342E+02 +0.000000E+00 +0.000000E+00 -0.158937E-02 -0.276802E-03 +0.000000E+00 +0.320850E-02 +0.000000E+00 +0.000000E+00
 +0.130720E+01 -0.100800E+03 -0.178076E+03 -0.110013E+03 -0.950695E+02 +0.841590E+02 +0.000000E+00 +0.000000E+00 -0.157713E-02 -0.283931E-03 +0.000000E+00 +0.319804E-02 +0.000000E+00 +0.000000E+00
 +0.130720E+01 -0.100810E+03 -0.177175E+03 -0.110125E+03 -0.948092E+02 +0.838834E+02 +0.000000E+00 +0.000000E+00 -0.156496E-02 -0.291001E-03 +0.000000E+00 +0.318757E-02 +0.000000E+00 +0.000000E+00
 +0.130720E+01 -0.100820E+03 -0.176291E+03 -0.110229E+03 -0.945517E+02 +0.836060E+02 +0.000000E+00 +0.000000E+00 -0.155305E-02 -0.297874E-03 +0.000000E+00 +0.317703E-02 +0.000000E+00 +0.000000E+00
 +0.130720E+01 -0.100830E+03 -0.175411E+03 -0.110332E+03 -0.942950E+02 +0.833282E+02 +0.000000E+00 +0.000000E+00 -0.154120E-02 -0.304695E-03 +0.000000E+00 +0.316647E-02 +0.000000E+00 +0.000000E+00
 +0.130720E+01 -0.100840E+03 -0.174546E+03 -0.110426E+03 -0.940411E+02 +0.830488E+02 +0.000000E+00 +0.000000E+00 -0.152960E-02 -0.311322E-03 +0.000000E+00 +0.315586E-02 +0.000000E+00 +0.000000E+00
 +0.130720E+01 -0.100850E+03 -0.173686E+03 -0.110520E+03 -0.937878E+02 +0.827691E+02 +0.000000E+00 +0.000000E+00 -0.151806E-02 -0.317904E-03 +0.000000E+00 +0.314522E-02 +0.000000E+00 +0.000000E+00
 +0.130720E+01 -0.100860E+03 -0.172841E+03 -0.110605E+03 -0.935372E+02 +0.824878E+02 +0.000000E+00 +0.000000E+00 -0.150677E-02 -0.324295E-03 +0.000000E+00 +0.313454E-02 +0.000000E+00 +0.000000E+00
 +0.130720E+01 -0.100870E+03 -0.171999E+03 -0.110690E+03 -0.932872E+02 +0.822062E+02 +0.000000E+00 +0.000000E+00 -0.149552E-02 -0.330648E-03 +0.000000E+00 +0.312384E-02 +0.000000E+00 +0.000000E+00
 +0.130720E+01 -0.100880E+03 -0.171172E+03 -0.110767E+03 -0.930400E+02 +0.819232E+02 +0.000000E+00 +0.000000E+00 -0.148452E-02 -0.336813E-03 +0.000000E+00 +0.311308E-02 +0.000000E+00 +0.000000E+00
 +0.130720E+01 -0.100890E+03 -0.170349E+03 -0.110843E+03 -0.927933E+02 +0.816399E+02 +0.000000E+00 +0.000000E+00 -0.147355E-02 -0.342945E-03 +0.000000E+00 +0.310232E-02 +0.000000E+00 +0.000000E+00
 +0.130720E+01 -0.100900E+03 -0.169540E+03 -0.110912E+03 -0.925492E+02 +0.813553E+02 +0.000000E+00 +0.000000E+00 -0.146283E-02 -0.348892E-03 +0.000000E+00 +0.309150E-02 +0.000000E+00 +0.000000E+00
 +0.130720E+01 -0.100910E+03 -0.168734E+03 -0.110980E+03 -0.923056E+02 +0.810704E+02 +0.000000E+00 +0.000000E+00 -0.145214E-02 -0.354811E-03 +0.000000E+00 +0.308068E-02 +0.000000E+00 +0.000000E+00
 +0.130720E+01 -0.100920E+03 -0.167943E+03 -0.111041E+03 -0.920646E+02 +0.807843E+02 +0.000000E+00 +0.000000E+00 -0.144169E-02 -0.360548E-03 +0.000000E+00 +0.306980E-02 +0.000000E+00 +0.000000E+00
 +0.130720E+01 -0.100930E+03 -0.167154E+03 -0.111101E+03 -0.918240E+02 +0.804981E+02 +0.000000E+00 +0.000000E+00 -0.143126E-02 -0.366262E-03 +0.000000E+00 +0.305893E-02 +0.000000E+00 +0.000000E+00
 +0.130720E+01 -0.100940E+03 -0.166379E+03 -0.111154E+03 -0.915861E+02 +0.802106E+02 +0.000000E+00 +0.000000E+00 -0.142107E-02 -0.371795E-03 +0.000000E+00 +0.304800E-02 +0.000000E+00 +0.000000E+00
 +0.130720E+01 -0.100950E+03 -0.165607E+03 -0.111207E+03 -0.913485E+02 +0.799231E+02 +0.000000E+00 +0.000000E+00 -0.141090E-02 -0.377311E-03 +0.000000E+00 +0.303708E-02 +0.000000E+00 +0.000000E+00
 +0.130720E+01 -0.100960E+03 -0.164849E+03 -0.111253E+03 -0.911135E+02 +0.796345E+02 +0.000000E+00 +0.000000E+00 -0.140097E-02 -0.382649E-03 +0.000000E+00 +0.302611E-02 +0.000000E+00 +0.000000E+00
 +0.130720E+01 -0.100970E+03 -0.164092E+03 -0.111298E+03 -0.908787E+02 +0.793457E+02 +0.000000E+00 +0.000000E+00 -0.139105E-02 -0.387972E-03 +0.000000E+00 +0.301514E-02 +0.000000E+00 +0.000000E+00
 +0.130720E+01 -0.100980E+03 -0.163350E+03 -0.111337E+03 -0.906466E+02 +0.790560E+02 +0.000000E+00 +0.000000E+00 -0.138136E-02 -0.393120E-03 +0.000000E+00 +0.300413E-02 +0.000000E+00 +0.000000E+00
 +0.130720E+01 -0.100990E+03 -0.162608E+03 -0.111376E+03 -0.904146E+02 +0.787662E+02 +0.000000E+00 +0.000000E+00 -0.137168E-02 -0.398258E-03 +0.000000E+00 +0.299312E-02 +0.000000E+00 +0.000000E+00
 +0.130720E+01 -0.101000E+03 -0.161881E+03 -0.111407E+03 -0.901853E+02 +0.784755E+02 +0.000000E+00 +0.000000E+00 -0.136222E-02 -0.403221E-03 +0.000000E+00 +0.298207E-02 +0.000000E+00 +0.000000E+00
 +0.130720E+01 -0.101010E+03 -0.161155E+03 -0.111439E+03 -0.899560E+02 +0.781848E+02 +0.000000E+00 +0.000000E+00 -0.135278E-02 -0.408180E-03 +0.000000E+00 +0.297102E-02 +0.000000E+00 +0.000000E+00
 +0.130720E+01 -0.101020E+03 -0.160443E+03 -0.111464E+03 -0.897294E+02 +0.778932E+02 +0.000000E+00 +0.000000E+00 -0.134356E-02 -0.412965E-03 +0.000000E+00 +0.295994E-02 +0.000000E+00 +0.000000E+00
 +0.130720E+01 -0.101030E+03 -0.159731E+03 -0.111490E+03 -0.895029E+02 +0.776017E+02 +0.000000E+00 +0.000000E+00 -0.133434E-02 -0.417747E-03 +0.000000E+00 +0.294886E-02 +0.000000E+00 +0.000000E+00
 +0.130720E+01 -0.101040E+03 -0.159034E+03 -0.111508E+03 -0.892789E+02 +0.773094E+02 +0.000000E+00 +0.000000E+00 -0.132534E-02 -0.422360E-03 +0.000000E+00 +0.293776E-02 +0.000000E+00 +0.000000E+00
 +0.130720E+01 -0.101050E+03 -0.158337E+03 -0.111527E+03 -0.890550E+02 +0.770171E+02 +0.000000E+00 +0.000000E+00 -0.131635E-02 -0.426969E-03 +0.000000E+00 +0.292665E-02 +0.000000E+00 +0.000000E+00
 +0.130720E+01 -0.101060E+03 -0.157653E+03 -0.111540E+03 -0.888336E+02 +0.767242E+02 +0.000000E+00 +0.000000E+00 -0.130757E-02 -0.431418E-03 +0.000000E+00 +0.291552E-02 +0.000000E+00 +0.000000E+00
 +0.130720E+01 -0.101070E+03 -0.156970E+03 -0.111552E+03 -0.886124E+02 +0.764313E+02 +0.000000E+00 +0.000000E+00 -0.129879E-02 -0.435859E-03 +0.000000E+00 +0.290439E-02 +0.000000E+00 +0.000000E+00
 +0.130720E+01 -0.101080E+03 -0.156300E+03 -0.111559E+03 -0.883935E+02 +0.761378E+02 +0.000000E+00 +0.000000E+00 -0.129022E-02 -0.440148E-03 +0.000000E+00 +0.289324E-02 +0.000000E+00 +0.000000E+00
 +0.130720E+01 -0.101090E+03 -0.155631E+03 -0.111566E+03 -0.881747E+02 +0.758444E+02 +0.000000E+00 +0.000000E+00 -0.128166E-02 -0.444426E-03 +0.000000E+00 +0.288209E-02 +0.000000E+00 +0.000000E+00
 +0.130720E+01 -0.101100E+03 -0.154974E+03 -0.111567E+03 -0.879583E+02 +0.755506E+02 +0.000000E+00 +0.000000E+00 -0.127329E-02 -0.448558E-03 +0.000000E+00 +0.287092E-02 +0.000000E+00 +0.000000E+00
 +0.130720E+01 -0.101110E+03 -0.154318E+03 -0.111567E+03 -0.877421E+02 +0.752567E+02 +0.000000E+00 +0.000000E+00 -0.126494E-02 -0.452678E-03 +0.000000E+00 +0.285976E-02 +0.000000E+00 +0.000000E+00
 +0.130720E+01 -0.101120E+03 -0.153674E+03 -0.111563E+03 -0.875280E+02 +0.749626E+02 +0.000000E+00 +0.000000E+00 -0.125677E-02 -0.456658E-03 +0.000000E+00 +0.284858E-02 +0.000000E+00 +0.000000E+00
 +0.130720E+01 -0.101130E+03 -0.153031E+03 -0.111558E+03 -0.873142E+02 +0.746685E+02 +0.000000E+00 +0.000000E+00 -0.124862E-02 -0.460624E-03 +0.000000E+00 +0.283740E-02 +0.000000E+00 +0.000000E+00
 +0.130720E+01 -0.101140E+03 -0.152400E+03 -0.111548E+03 -0.871026E+02 +0.743741E+02 +0.000000E+00 +0.000000E+00 -0.124064E-02 -0.464457E-03 +0.000000E+00 +0.282622E-02 +0.000000E+00 +0.000000E+00
 +0.130720E+01 -0.101150E+03 -0.151770E+03 -0.111537E+03 -0.868912E+02 +0.740798E+02 +0.000000E+00 +0.000000E+00 -0.123269E-02 -0.468272E-03 +0.000000E+00 +0.281503E-02 +0.000000E+00 +0.000000E+00
 +0.130720E+01 -0.101160E+03 -0.151150E+03 -0.111522E+03 -0.866819E+02 +0.737853E+02 +0.000000E+00 +0.000000E+00 -0.122490E-02 -0.471961E-03 +0.000000E+00 +0.280384E-02 +0.000000E+00 +0.000000E+00
 +0.130720E+01 -0.101170E+03 -0.150533E+03 -0.111506E+03 -0.864729E+02 +0.734908E+02 +0.000000E+00 +0.000000E+00 -0.121714E-02 -0.475629E-03 +0.000000E+00 +0.279265E-02 +0.000000E+00 +0.000000E+00
 +0.130720E+01 -0.101180E+03 -0.149926E+03 -0.111486E+03 -0.862658E+02 +0.731964E+02 +0.000000E+00 +0.000000E+00 -0.120954E-02 -0.479178E-03 +0.000000E+00 +0.278146E-02 +0.000000E+00 +0.000000E+00
 +0.130720E+01 -0.101190E+03 -0.149321E+03 -0.111465E+03 -0.860591E+02 +0.729019E+02 +0.000000E+00 +0.000000E+00 -0.120197E-02 -0.482704E-03 +0.000000E+00 +0.277027E-02 +0.000000E+00 +0.000000E+00
 +0.130720E+01 -0.101200E+03 -0.148725E+03 -0.111439E+03 -0.858543E+02 +0.726075E+02 +0.000000E+00 +0.000000E+00 -0.119455E-02 -0.486116E-03 +0.000000E+00 +0.275908E-02 +0.000000E+00 +0.000000E+00
 +0.130720E+01 -0.101210E+03 -0.148132E+03 -0.111413E+03 -0.856499E+02 +0.723131E+02 +0.000000E+00 +0.000000E+00 -0.118716E-02 -0.489503E-03 +0.000000E+00 +0.274790E-02 +0.000000E+00 +0.000000E+00
 +0.130720E+01 -0.101220E+03 -0.147548E+03 -0.111383E+03 -0.854473E+02 +0.720188E+02 +0.000000E+00 +0.000000E+00 -0.117991E-02 -0.492782E-03 +0.000000E+00 +0.273672E-02 +0.000000E+00 +0.000000E+00
 +0.130720E+01 -0.101230E+03 -0.146966E+03 -0.111352E+03 -0.852452E+02 +0.717246E+02 +0.000000E+00 +0.000000E+00 -0.117270E-02 -0.496034E-03 +0.000000E+00 +0.272554E-02 +0.000000E+00 +0.000000E+00
 +0.130720E+01 -0.101240E+03 -0.146394E+03 -0.111317E+03 -0.850447E+02 +0.714306E+02 +0.000000E+00 +0.000000E+00 -0.116563E-02 -0.499182E-03 +0.000000E+00 +0.271436E-02 +0.000000E+00 +0.000000E+00
 +0.130720E+01 -0.101250E+03 -0.145824E+03 -0.111282E+03 -0.848448E+02 +0.711367E+02 +0.000000E+00 +0.000000E+00 -0.115860E-02 -0.502303E-03 +0.000000E+00 +0.270319E-02 +0.000000E+00 +0.000000E+00
 +0.130720E+01 -0.101260E+03 -0.145262E+03 -0.111243E+03 -0.846465E+02 +0.708430E+02 +0.000000E+00 +0.000000E+00 -0.115170E-02 -0.505324E-03 +0.000000E+00 +0.269203E-02 +0.000000E+00 +0.000000E+00
 +0.130720E+01 -0.101270E+03 -0.144703E+03 -0.111202E+03 -0.844488E+02 +0.705494E+02 +0.000000E+00 +0.000000E+00 -0.114483E-02 -0.508316E-03 +0.000000E+00 +0.268088E-02 +0.000000E+00 +0.000000E+00
 +0.130720E+01 -0.101280E+03 -0.144152E+03 -0.111159E+03 -0.842526E+02 +0.702561E+02 +0.000000E+00 +0.000000E+00 -0.113810E-02 -0.511213E-03 +0.000000E+00 +0.266973E-02 +0.000000E+00 +0.000000E+00
 +0.130720E+01 -0.101290E+03 -0.143604E+03 -0.111114E+03 -0.840570E+02 +0.699630E+02 +0.000000E+00 +0.000000E+00 -0.113140E-02 -0.514079E-03 +0.000000E+00 +0.265859E-02 +0.000000E+00 +0.000000E+00
 +0.130720E+01 -0.101300E+03 -0.143064E+03 -0.111066E+03 -0.838629E+02 +0.696702E+02 +0.000000E+00 +0.000000E+00 -0.112482E-02 -0.516856E-03 +0.000000E+00 +0.264747E-02 +0.000000E+00 +0.000000E+00
 +0.130720E+01 -0.101310E+03 -0.142527E+03 -0.111017E+03 -0.836694E+02 +0.693776E+02 +0.000000E+00 +0.000000E+00 -0.111829E-02 -0.519600E-03 +0.000000E+00 +0.263635E-02 +0.000000E+00 +0.000000E+00
 +0.130720E+01 -0.101320E+03 -0.141997E+03 -0.110965E+03 -0.834774E+02 +0.690854E+02 +0.000000E+00 +0.000000E+00 -0.111187E-02 -0.522259E-03 +0.000000E+00 +0.262524E-02 +0.000000E+00 +0.000000E+00
 +0.130720E+01 -0.101330E+03 -0.141470E+03 -0.110911E+03 -0.832860E+02 +0.687934E+02 +0.000000E+00 +0.000000E+00 -0.110550E-02 -0.524883E-03 +0.000000E+00 +0.261415E-02 +0.000000E+00 +0.000000E+00
 +0.130720E+01 -0.101340E+03 -0.140951E+03 -0.110855E+03 -0.830960E+02 +0.685018E+02 +0.000000E+00 +0.000000E+00 -0.109924E-02 -0.527427E-03 +0.000000E+00 +0.260307E-02 +0.000000E+00 +0.000000E+00
 +0.130720E+01 -0.101350E+03 -0.140434E+03 -0.110798E+03 -0.829067E+02 +0.682104E+02 +0.000000E+00 +0.000000E+00 -0.109303E-02 -0.529935E-03 +0.000000E+00 +0.259200E-02 +0.000000E+00 +0.000000E+00
 +0.130720E+01 -0.101360E+03 -0.139925E+03 -0.110738E+03 -0.827187E+02 +0.679196E+02 +0.000000E+00 +0.000000E+00 -0.108691E-02 -0.532367E-03 +0.000000E+00 +0.258094E-02 +0.000000E+00 +0.000000E+00
 +0.130720E+01 -0.101370E+03 -0.139418E+03 -0.110677E+03 -0.825314E+02 +0.676290E+02 +0.000000E+00 +0.000000E+00 -0.108085E-02 -0.534761E-03 +0.000000E+00 +0.256990E-02 +0.000000E+00 +0.000000E+00
 +0.130720E+01 -0.101380E+03 -0.138919E+03 -0.110613E+03 -0.823454E+02 +0.673389E+02 +0.000000E+00 +0.000000E+00 -0.107489E-02 -0.537083E-03 +0.000000E+00 +0.255888E-02 +0.000000E+00 +0.000000E+00
 +0.130720E+01 -0.101390E+03 -0.138422E+03 -0.110548E+03 -0.821600E+02 +0.670492E+02 +0.000000E+00 +0.000000E+00 -0.106898E-02 -0.539367E-03 +0.000000E+00 +0.254787E-02 +0.000000E+00 +0.000000E+00
 +0.130720E+01 -0.101400E+03 -0.137932E+03 -0.110480E+03 -0.819760E+02 +0.667599E+02 +0.000000E+00 +0.000000E+00 -0.106316E-02 -0.541582E-03 +0.000000E+00 +0.253688E-02 +0.000000E+00 +0.000000E+00
 +0.130720E+01 -0.101410E+03 -0.137445E+03 -0.110411E+03 -0.817927E+02 +0.664711E+02 +0.000000E+00 +0.000000E+00 -0.105740E-02 -0.543757E-03 +0.000000E+00 +0.252590E-02 +0.000000E+00 +0.000000E+00
 +0.130720E+01 -0.101420E+03 -0.136964E+03 -0.110340E+03 -0.816105E+02 +0.661828E+02 +0.000000E+00 +0.000000E+00 -0.105172E-02 -0.545868E-03 +0.000000E+00 +0.251494E-02 +0.000000E+00 +0.000000E+00
 +0.130720E+01 -0.101430E+03 -0.136487E+03 -0.110268E+03 -0.814291E+02 +0.658948E+02 +0.000000E+00 +0.000000E+00 -0.104610E-02 -0.547938E-03 +0.000000E+00 +0.250400E-02 +0.000000E+00 +0.000000E+00
 +0.130720E+01 -0.101440E+03 -0.136015E+03 -0.110193E+03 -0.812489E+02 +0.656075E+02 +0.000000E+00 +0.000000E+00 -0.104056E-02 -0.549946E-03 +0.000000E+00 +0.249309E-02 +0.000000E+00 +0.000000E+00
 +0.130720E+01 -0.101450E+03 -0.135548E+03 -0.110118E+03 -0.810695E+02 +0.653206E+02 +0.000000E+00 +0.000000E+00 -0.103508E-02 -0.551913E-03 +0.000000E+00 +0.248218E-02 +0.000000E+00 +0.000000E+00
 +0.130720E+01 -0.101460E+03 -0.135085E+03 -0.110040E+03 -0.808911E+02 +0.650344E+02 +0.000000E+00 +0.000000E+00 -0.102968E-02 -0.553822E-03 +0.000000E+00 +0.247131E-02 +0.000000E+00 +0.000000E+00
 +0.130720E+01 -0.101470E+03 -0.134626E+03 -0.109960E+03 -0.807136E+02 +0.647486E+02 +0.000000E+00 +0.000000E+00 -0.102434E-02 -0.555689E-03 +0.000000E+00 +0.246045E-02 +0.000000E+00 +0.000000E+00
 +0.130720E+01 -0.101480E+03 -0.134173E+03 -0.109879E+03 -0.805371E+02 +0.644634E+02 +0.000000E+00 +0.000000E+00 -0.101907E-02 -0.557501E-03 +0.000000E+00 +0.244961E-02 +0.000000E+00 +0.000000E+00
 +0.130720E+01 -0.101490E+03 -0.133723E+03 -0.109797E+03 -0.803614E+02 +0.641788E+02 +0.000000E+00 +0.000000E+00 -0.101387E-02 -0.559270E-03 +0.000000E+00 +0.243879E-02 +0.000000E+00 +0.000000E+00
 +0.130720E+01 -0.101500E+03 -0.133278E+03 -0.109712E+03 -0.801868E+02 +0.638947E+02 +0.000000E+00 +0.000000E+00 -0.100873E-02 -0.560987E-03 +0.000000E+00 +0.242800E-02 +0.000000E+00 +0.000000E+00
 +0.130720E+01 -0.101510E+03 -0.132837E+03 -0.109627E+03 -0.800130E+02 +0.636113E+02 +0.000000E+00 +0.000000E+00 -0.100365E-02 -0.562660E-03 +0.000000E+00 +0.241723E-02 +0.000000E+00 +0.000000E+00
 +0.130720E+01 -0.101520E+03 -0.132400E+03 -0.109539E+03 -0.798402E+02 +0.633285E+02 +0.000000E+00 +0.000000E+00 -0.998646E-03 -0.564285E-03 +0.000000E+00 +0.240648E-02 +0.000000E+00 +0.000000E+00
 +0.130720E+01 -0.101530E+03 -0.131968E+03 -0.109451E+03 -0.796682E+02 +0.630463E+02 +0.000000E+00 +0.000000E+00 -0.993700E-03 -0.565865E-03 +0.000000E+00 +0.239576E-02 +0.000000E+00 +0.000000E+00
 +0.130720E+01 -0.101540E+03 -0.131540E+03 -0.109360E+03 -0.794972E+02 +0.627648E+02 +0.000000E+00 +0.000000E+00 -0.988817E-03 -0.567400E-03 +0.000000E+00 +0.238506E-02 +0.000000E+00 +0.000000E+00
 +0.130720E+01 -0.101550E+03 -0.131116E+03 -0.109269E+03 -0.793270E+02 +0.624839E+02 +0.000000E+00 +0.000000E+00 -0.983997E-03 -0.568889E-03 +0.000000E+00 +0.237439E-02 +0.000000E+00 +0.000000E+00
 +0.130720E+01 -0.101560E+03 -0.130697E+03 -0.109175E+03 -0.791578E+02 +0.622037E+02 +0.000000E+00 +0.000000E+00 -0.979237E-03 -0.570336E-03 +0.000000E+00 +0.236374E-02 +0.000000E+00 +0.000000E+00
 +0.130720E+01 -0.101570E+03 -0.130281E+03 -0.109081E+03 -0.789894E+02 +0.619242E+02 +0.000000E+00 +0.000000E+00 -0.974541E-03 -0.571737E-03 +0.000000E+00 +0.235312E-02 +0.000000E+00 +0.000000E+00
 +0.130720E+01 -0.101580E+03 -0.129869E+03 -0.108985E+03 -0.788219E+02 +0.616454E+02 +0.000000E+00 +0.000000E+00 -0.969901E-03 -0.573097E-03 +0.000000E+00 +0.234252E-02 +0.000000E+00 +0.000000E+00
 +0.130720E+01 -0.101590E+03 -0.129462E+03 -0.108888E+03 -0.786554E+02 +0.613673E+02 +0.000000E+00 +0.000000E+00 -0.965326E-03 -0.574412E-03 +0.000000E+00 +0.233196E-02 +0.000000E+00 +0.000000E+00
 +0.130720E+01 -0.101600E+03 -0.129058E+03 -0.108789E+03 -0.784896E+02 +0.610898E+02 +0.000000E+00 +0.000000E+00 -0.960804E-03 -0.575689E-03 +0.000000E+00 +0.232141E-02 +0.000000E+00 +0.000000E+00
 +0.130720E+01 -0.101610E+03 -0.128659E+03 -0.108689E+03 -0.783248E+02 +0.608132E+02 +0.000000E+00 +0.000000E+00 -0.956348E-03 -0.576919E-03 +0.000000E+00 +0.231090E-02 +0.000000E+00 +0.000000E+00
 +0.130720E+01 -0.101620E+03 -0.128263E+03 -0.108588E+03 -0.781607E+02 +0.605372E+02 +0.000000E+00 +0.000000E+00 -0.951941E-03 -0.578114E-03 +0.000000E+00 +0.230041E-02 +0.000000E+00 +0.000000E+00
 +0.130720E+01 -0.101630E+03 -0.127871E+03 -0.108485E+03 -0.779977E+02 +0.602621E+02 +0.000000E+00 +0.000000E+00 -0.947601E-03 -0.579263E-03 +0.000000E+00 +0.228996E-02 +0.000000E+00 +0.000000E+00
 +0.130720E+01 -0.101640E+03 -0.127483E+03 -0.108382E+03 -0.778353E+02 +0.599876E+02 +0.000000E+00 +0.000000E+00 -0.943307E-03 -0.580378E-03 +0.000000E+00 +0.227953E-02 +0.000000E+00 +0.000000E+00
 +0.130720E+01 -0.101650E+03 -0.127099E+03 -0.108276E+03 -0.776740E+02 +0.597140E+02 +0.000000E+00 +0.000000E+00 -0.939080E-03 -0.581447E-03 +0.000000E+00 +0.226913E-02 +0.000000E+00 +0.000000E+00
 +0.130720E+01 -0.101660E+03 -0.126718E+03 -0.108170E+03 -0.775133E+02 +0.594410E+02 +0.000000E+00 +0.000000E+00 -0.934897E-03 -0.582485E-03 +0.000000E+00 +0.225876E-02 +0.000000E+00 +0.000000E+00
 +0.130720E+01 -0.101670E+03 -0.126342E+03 -0.108063E+03 -0.773537E+02 +0.591690E+02 +0.000000E+00 +0.000000E+00 -0.930781E-03 -0.583475E-03 +0.000000E+00 +0.224842E-02 +0.000000E+00 +0.000000E+00
 +0.130720E+01 -0.101680E+03 -0.125969E+03 -0.107954E+03 -0.771946E+02 +0.588976E+02 +0.000000E+00 +0.000000E+00 -0.926706E-03 -0.584437E-03 +0.000000E+00 +0.223811E-02 +0.000000E+00 +0.000000E+00
 +0.130720E+01 -0.101690E+03 -0.125600E+03 -0.107845E+03 -0.770367E+02 +0.586273E+02 +0.000000E+00 +0.000000E+00 -0.922700E-03 -0.585352E-03 +0.000000E+00 +0.222784E-02 +0.000000E+00 +0.000000E+00
 +0.130720E+01 -0.101700E+03 -0.125234E+03 -0.107734E+03 -0.768793E+02 +0.583575E+02 +0.000000E+00 +0.000000E+00 -0.918731E-03 -0.586240E-03 +0.000000E+00 +0.221758E-02 +0.000000E+00 +0.000000E+00
 +0.130720E+01 -0.101710E+03 -0.124872E+03 -0.107622E+03 -0.767230E+02 +0.580888E+02 +0.000000E+00 +0.000000E+00 -0.914831E-03 -0.587080E-03 +0.000000E+00 +0.220737E-02 +0.000000E+00 +0.000000E+00
 +0.130720E+01 -0.101720E+03 -0.124513E+03 -0.107509E+03 -0.765673E+02 +0.578206E+02 +0.000000E+00 +0.000000E+00 -0.910965E-03 -0.587897E-03 +0.000000E+00 +0.219718E-02 +0.000000E+00 +0.000000E+00
 +0.130720E+01 -0.101730E+03 -0.124158E+03 -0.107395E+03 -0.764126E+02 +0.575536E+02 +0.000000E+00 +0.000000E+00 -0.907170E-03 -0.588665E-03 +0.000000E+00 +0.218704E-02 +0.000000E+00 +0.000000E+00
 +0.130720E+01 -0.101740E+03 -0.123806E+03 -0.107280E+03 -0.762585E+02 +0.572871E+02 +0.000000E+00 +0.000000E+00 -0.903406E-03 -0.589412E-03 +0.000000E+00 +0.217691E-02 +0.000000E+00 +0.000000E+00
 +0.130720E+01 -0.101750E+03 -0.123459E+03 -0.107164E+03 -0.761055E+02 +0.570218E+02 +0.000000E+00 +0.000000E+00 -0.899712E-03 -0.590110E-03 +0.000000E+00 +0.216683E-02 +0.000000E+00 +0.000000E+00
 +0.130720E+01 -0.101760E+03 -0.123113E+03 -0.107047E+03 -0.759529E+02 +0.567570E+02 +0.000000E+00 +0.000000E+00 -0.896048E-03 -0.590788E-03 +0.000000E+00 +0.215677E-02 +0.000000E+00 +0.000000E+00
 +0.130720E+01 -0.101770E+03 -0.122773E+03 -0.106929E+03 -0.758015E+02 +0.564934E+02 +0.000000E+00 +0.000000E+00 -0.892454E-03 -0.591418E-03 +0.000000E+00 +0.214675E-02 +0.000000E+00 +0.000000E+00
 +0.130720E+01 -0.101780E+03 -0.122434E+03 -0.106810E+03 -0.756505E+02 +0.562304E+02 +0.000000E+00 +0.000000E+00 -0.888887E-03 -0.592029E-03 +0.000000E+00 +0.213675E-02 +0.000000E+00 +0.000000E+00
 +0.130720E+01 -0.101790E+03 -0.122100E+03 -0.106690E+03 -0.755007E+02 +0.559686E+02 +0.000000E+00 +0.000000E+00 -0.885392E-03 -0.592592E-03 +0.000000E+00 +0.212681E-02 +0.000000E+00 +0.000000E+00
 +0.130720E+01 -0.101800E+03 -0.121768E+03 -0.106569E+03 -0.753513E+02 +0.557072E+02 +0.000000E+00 +0.000000E+00 -0.881920E-03 -0.593139E-03 +0.000000E+00 +0.211687E-02 +0.000000E+00 +0.000000E+00
 +0.130720E+01 -0.101810E+03 -0.121441E+03 -0.106447E+03 -0.752031E+02 +0.554472E+02 +0.000000E+00 +0.000000E+00 -0.878520E-03 -0.593637E-03 +0.000000E+00 +0.210699E-02 +0.000000E+00 +0.000000E+00
 +0.130720E+01 -0.101820E+03 -0.121115E+03 -0.106325E+03 -0.750552E+02 +0.551876E+02 +0.000000E+00 +0.000000E+00 -0.875142E-03 -0.594120E-03 +0.000000E+00 +0.209713E-02 +0.000000E+00 +0.000000E+00
 +0.130720E+01 -0.101830E+03 -0.120795E+03 -0.106201E+03 -0.749085E+02 +0.549294E+02 +0.000000E+00 +0.000000E+00 -0.871836E-03 -0.594554E-03 +0.000000E+00 +0.208732E-02 +0.000000E+00 +0.000000E+00
 +0.130720E+01 -0.101840E+03 -0.120475E+03 -0.106077E+03 -0.747621E+02 +0.546715E+02 +0.000000E+00 +0.000000E+00 -0.868550E-03 -0.594976E-03 +0.000000E+00 +0.207752E-02 +0.000000E+00 +0.000000E+00
 +0.130720E+01 -0.101850E+03 -0.120161E+03 -0.105951E+03 -0.746170E+02 +0.544151E+02 +0.000000E+00 +0.000000E+00 -0.865335E-03 -0.595348E-03 +0.000000E+00 +0.206777E-02 +0.000000E+00 +0.000000E+00
 +0.130720E+01 -0.101860E+03 -0.119848E+03 -0.105825E+03 -0.744721E+02 +0.541589E+02 +0.000000E+00 +0.000000E+00 -0.862139E-03 -0.595709E-03 +0.000000E+00 +0.205804E-02 +0.000000E+00 +0.000000E+00
 +0.130720E+01 -0.101870E+03 -0.119540E+03 -0.105698E+03 -0.743284E+02 +0.539042E+02 +0.000000E+00 +0.000000E+00 -0.859014E-03 -0.596021E-03 +0.000000E+00 +0.204836E-02 +0.000000E+00 +0.000000E+00
 +0.130720E+01 -0.101880E+03 -0.119233E+03 -0.105570E+03 -0.741850E+02 +0.536498E+02 +0.000000E+00 +0.000000E+00 -0.855906E-03 -0.596323E-03 +0.000000E+00 +0.203869E-02 +0.000000E+00 +0.000000E+00
 +0.130720E+01 -0.101890E+03 -0.118931E+03 -0.105441E+03 -0.740428E+02 +0.533966E+02 +0.000000E+00 +0.000000E+00 -0.852870E-03 -0.596574E-03 +0.000000E+00 +0.202907E-02 +0.000000E+00 +0.000000E+00
 +0.130720E+01 -0.101900E+03 -0.118630E+03 -0.105312E+03 -0.739008E+02 +0.531437E+02 +0.000000E+00 +0.000000E+00 -0.849848E-03 -0.596817E-03 +0.000000E+00 +0.201946E-02 +0.000000E+00 +0.000000E+00
 +0.130720E+01 -0.101910E+03 -0.118334E+03 -0.105181E+03 -0.737600E+02 +0.528921E+02 +0.000000E+00 +0.000000E+00 -0.846900E-03 -0.597008E-03 +0.000000E+00 +0.200990E-02 +0.000000E+00 +0.000000E+00
 +0.130720E+01 -0.101920E+03 -0.118039E+03 -0.105050E+03 -0.736194E+02 +0.526408E+02 +0.000000E+00 +0.000000E+00 -0.843964E-03 -0.597190E-03 +0.000000E+00 +0.200035E-02 +0.000000E+00 +0.000000E+00
 +0.130720E+01 -0.101930E+03 -0.117748E+03 -0.104918E+03 -0.734795E+02 +0.523897E+02 +0.000000E+00 +0.000000E+00 -0.841092E-03 -0.597326E-03 +0.000000E+00 +0.199081E-02 +0.000000E+00 +0.000000E+00
 +0.130720E+01 -0.101940E+03 -0.117457E+03 -0.104785E+03 -0.733398E+02 +0.521387E+02 +0.000000E+00 +0.000000E+00 -0.838227E-03 -0.597455E-03 +0.000000E+00 +0.198127E-02 +0.000000E+00 +0.000000E+00
 +0.130720E+01 -0.101950E+03 -0.117147E+03 -0.104642E+03 -0.731903E+02 +0.518390E+02 +0.000000E+00 +0.000000E+00 -0.835171E-03 -0.597584E-03 +0.000000E+00 +0.196988E-02 +0.000000E+00 +0.000000E+00
 +0.130720E+01 -0.101960E+03 -0.116834E+03 -0.104498E+03 -0.730396E+02 +0.515338E+02 +0.000000E+00 +0.000000E+00 -0.832093E-03 -0.597713E-03 +0.000000E+00 +0.195829E-02 +0.000000E+00 +0.000000E+00
 +0.130720E+01 -0.101970E+03 -0.116569E+03 -0.104369E+03 -0.729095E+02 +0.513268E+02 +0.000000E+00 +0.000000E+00 -0.829537E-03 -0.597722E-03 +0.000000E+00 +0.195042E-02 +0.000000E+00 +0.000000E+00
 +0.130720E+01 -0.101980E+03 -0.116309E+03 -0.104240E+03 -0.727811E+02 +0.511283E+02 +0.000000E+00 +0.000000E+00 -0.827025E-03 -0.597721E-03 +0.000000E+00 +0.194288E-02 +0.000000E+00 +0.000000E+00
 +0.130720E+01 -0.101990E+03 -0.116017E+03 -0.104100E+03 -0.726384E+02 +0.508682E+02 +0.000000E+00 +0.000000E+00 -0.824185E-03 -0.597767E-03 +0.000000E+00 +0.193299E-02 +0.000000E+00 +0.000000E+00
 +0.130720E+01 -0.102000E+03 -0.115722E+03 -0.103959E+03 -0.724946E+02 +0.506034E+02 +0.000000E+00 +0.000000E+00 -0.821320E-03 -0.597817E-03 +0.000000E+00 +0.192293E-02 +0.000000E+00 +0.000000E+00
 +0.130720E+01 -0.102010E+03 -0.115468E+03 -0.103832E+03 -0.723690E+02 +0.503597E+02 +0.000000E+00 +0.000000E+00 -0.818876E-03 -0.597802E-03 +0.000000E+00 +0.191367E-02 +0.000000E+00 +0.000000E+00
 +0.130720E+01 -0.102020E+03 -0.115214E+03 -0.103707E+03 -0.722439E+02 +0.501180E+02 +0.000000E+00 +0.000000E+00 -0.816424E-03 -0.597806E-03 +0.000000E+00 +0.190448E-02 +0.000000E+00 +0.000000E+00
 +0.130720E+01 -0.102030E+03 -0.114932E+03 -0.103563E+03 -0.721034E+02 +0.498855E+02 +0.000000E+00 +0.000000E+00 -0.813752E-03 -0.597726E-03 +0.000000E+00 +0.189565E-02 +0.000000E+00 +0.000000E+00
 +0.130720E+01 -0.102040E+03 -0.114699E+03 -0.103440E+03 -0.719860E+02 +0.496488E+02 +0.000000E+00 +0.000000E+00 -0.811547E-03 -0.597634E-03 +0.000000E+00 +0.188665E-02 +0.000000E+00 +0.000000E+00
 +0.130720E+01 -0.102050E+03 -0.114470E+03 -0.103318E+03 -0.718701E+02 +0.494134E+02 +0.000000E+00 +0.000000E+00 -0.809390E-03 -0.597520E-03 +0.000000E+00 +0.187771E-02 +0.000000E+00 +0.000000E+00
 +0.130720E+01 -0.102060E+03 -0.114229E+03 -0.103183E+03 -0.717460E+02 +0.491870E+02 +0.000000E+00 +0.000000E+00 -0.807178E-03 -0.597304E-03 +0.000000E+00 +0.186911E-02 +0.000000E+00 +0.000000E+00
 +0.130720E+01 -0.102070E+03 -0.113992E+03 -0.103053E+03 -0.716248E+02 +0.489595E+02 +0.000000E+00 +0.000000E+00 -0.804971E-03 -0.597139E-03 +0.000000E+00 +0.186046E-02 +0.000000E+00 +0.000000E+00
 +0.130720E+01 -0.102080E+03 -0.113759E+03 -0.102932E+03 -0.715082E+02 +0.487302E+02 +0.000000E+00 +0.000000E+00 -0.802773E-03 -0.597053E-03 +0.000000E+00 +0.185175E-02 +0.000000E+00 +0.000000E+00
 +0.130720E+01 -0.102090E+03 -0.113527E+03 -0.102811E+03 -0.713915E+02 +0.485009E+02 +0.000000E+00 +0.000000E+00 -0.800575E-03 -0.596968E-03 +0.000000E+00 +0.184304E-02 +0.000000E+00 +0.000000E+00
 +0.130720E+01 -0.102100E+03 -0.113288E+03 -0.102661E+03 -0.712632E+02 +0.482680E+02 +0.000000E+00 +0.000000E+00 -0.798472E-03 -0.596559E-03 +0.000000E+00 +0.183418E-02 +0.000000E+00 +0.000000E+00
 +0.130720E+01 -0.102110E+03 -0.113053E+03 -0.102512E+03 -0.711366E+02 +0.480364E+02 +0.000000E+00 +0.000000E+00 -0.796410E-03 -0.596142E-03 +0.000000E+00 +0.182538E-02 +0.000000E+00 +0.000000E+00
 +0.130720E+01 -0.102120E+03 -0.112821E+03 -0.102365E+03 -0.710116E+02 +0.478062E+02 +0.000000E+00 +0.000000E+00 -0.794383E-03 -0.595722E-03 +0.000000E+00 +0.181663E-02 +0.000000E+00 +0.000000E+00
 +0.130720E+01 -0.102130E+03 -0.112590E+03 -0.102218E+03 -0.708865E+02 +0.475759E+02 +0.000000E+00 +0.000000E+00 -0.792357E-03 -0.595301E-03 +0.000000E+00 +0.180788E-02 +0.000000E+00 +0.000000E+00
 +0.130720E+01 -0.102140E+03 -0.112352E+03 -0.102063E+03 -0.707569E+02 +0.473410E+02 +0.000000E+00 +0.000000E+00 -0.790304E-03 -0.594815E-03 +0.000000E+00 +0.179896E-02 +0.000000E+00 +0.000000E+00
 +0.130720E+01 -0.102150E+03 -0.112097E+03 -0.101879E+03 -0.706119E+02 +0.471000E+02 +0.000000E+00 +0.000000E+00 -0.788217E-03 -0.594066E-03 +0.000000E+00 +0.178980E-02 +0.000000E+00 +0.000000E+00
 +0.130720E+01 -0.102160E+03 -0.111839E+03 -0.101687E+03 -0.704636E+02 +0.468596E+02 +0.000000E+00 +0.000000E+00 -0.786131E-03 -0.593247E-03 +0.000000E+00 +0.178067E-02 +0.000000E+00 +0.000000E+00
 +0.130720E+01 -0.102170E+03 -0.111575E+03 -0.101495E+03 -0.703132E+02 +0.466143E+02 +0.000000E+00 +0.000000E+00 -0.783976E-03 -0.592458E-03 +0.000000E+00 +0.177134E-02 +0.000000E+00 +0.000000E+00
 +0.130720E+01 -0.102180E+03 -0.111315E+03 -0.101308E+03 -0.701654E+02 +0.463726E+02 +0.000000E+00 +0.000000E+00 -0.781837E-03 -0.591704E-03 +0.000000E+00 +0.176216E-02 +0.000000E+00 +0.000000E+00
 +0.130720E+01 -0.102190E+03 -0.111097E+03 -0.101170E+03 -0.700480E+02 +0.461571E+02 +0.000000E+00 +0.000000E+00 -0.779933E-03 -0.591310E-03 +0.000000E+00 +0.175397E-02 +0.000000E+00 +0.000000E+00
 +0.130720E+01 -0.102200E+03 -0.110889E+03 -0.101048E+03 -0.699394E+02 +0.459359E+02 +0.000000E+00 +0.000000E+00 -0.778050E-03 -0.591067E-03 +0.000000E+00 +0.174556E-02 +0.000000E+00 +0.000000E+00
 +0.130720E+01 -0.102210E+03 -0.110682E+03 -0.100927E+03 -0.698309E+02 +0.457147E+02 +0.000000E+00 +0.000000E+00 -0.776168E-03 -0.590824E-03 +0.000000E+00 +0.173716E-02 +0.000000E+00 +0.000000E+00
 +0.130720E+01 -0.102220E+03 -0.110474E+03 -0.100806E+03 -0.697223E+02 +0.454936E+02 +0.000000E+00 +0.000000E+00 -0.774286E-03 -0.590581E-03 +0.000000E+00 +0.172876E-02 +0.000000E+00 +0.000000E+00
 +0.130720E+01 -0.102230E+03 -0.110266E+03 -0.100685E+03 -0.696139E+02 +0.452761E+02 +0.000000E+00 +0.000000E+00 -0.772387E-03 -0.590358E-03 +0.000000E+00 +0.172049E-02 +0.000000E+00 +0.000000E+00
 +0.130720E+01 -0.102240E+03 -0.110058E+03 -0.100565E+03 -0.695055E+02 +0.450587E+02 +0.000000E+00 +0.000000E+00 -0.770489E-03 -0.590135E-03 +0.000000E+00 +0.171223E-02 +0.000000E+00 +0.000000E+00
 +0.130720E+01 -0.102250E+03 -0.109864E+03 -0.100423E+03 -0.693945E+02 +0.448413E+02 +0.000000E+00 +0.000000E+00 -0.768912E-03 -0.589539E-03 +0.000000E+00 +0.170397E-02 +0.000000E+00 +0.000000E+00
 +0.130720E+01 -0.102260E+03 -0.109675E+03 -0.100273E+03 -0.692826E+02 +0.446238E+02 +0.000000E+00 +0.000000E+00 -0.767450E-03 -0.588809E-03 +0.000000E+00 +0.169571E-02 +0.000000E+00 +0.000000E+00
 +0.130720E+01 -0.102270E+03 -0.109468E+03 -0.100123E+03 -0.691648E+02 +0.444047E+02 +0.000000E+00 +0.000000E+00 -0.765755E-03 -0.588198E-03 +0.000000E+00 +0.168738E-02 +0.000000E+00 +0.000000E+00
 +0.130720E+01 -0.102280E+03 -0.109246E+03 -0.999729E+02 -0.690423E+02 +0.441841E+02 +0.000000E+00 +0.000000E+00 -0.763874E-03 -0.587681E-03 +0.000000E+00 +0.167900E-02 +0.000000E+00 +0.000000E+00
 +0.130720E+01 -0.102290E+03 -0.109025E+03 -0.998232E+02 -0.689198E+02 +0.439636E+02 +0.000000E+00 +0.000000E+00 -0.761993E-03 -0.587165E-03 +0.000000E+00 +0.167062E-02 +0.000000E+00 +0.000000E+00
 +0.130720E+01 -0.102300E+03 -0.108803E+03 -0.996736E+02 -0.687973E+02 +0.437431E+02 +0.000000E+00 +0.000000E+00 -0.760112E-03 -0.586648E-03 +0.000000E+00 +0.166224E-02 +0.000000E+00 +0.000000E+00
 +0.130720E+01 -0.102310E+03 -0.108587E+03 -0.994968E+02 -0.686677E+02 +0.435244E+02 +0.000000E+00 +0.000000E+00 -0.758469E-03 -0.585753E-03 +0.000000E+00 +0.165393E-02 +0.000000E+00 +0.000000E+00
 +0.130720E+01 -0.102320E+03 -0.108379E+03 -0.993183E+02 -0.685403E+02 +0.433161E+02 +0.000000E+00 +0.000000E+00 -0.756945E-03 -0.584782E-03 +0.000000E+00 +0.164601E-02 +0.000000E+00 +0.000000E+00
 +0.130720E+01 -0.102330E+03 -0.108174E+03 -0.991491E+02 -0.684166E+02 +0.431126E+02 +0.000000E+00 +0.000000E+00 -0.755391E-03 -0.583917E-03 +0.000000E+00 +0.163828E-02 +0.000000E+00 +0.000000E+00
 +0.130720E+01 -0.102340E+03 -0.107969E+03 -0.989799E+02 -0.682930E+02 +0.429090E+02 +0.000000E+00 +0.000000E+00 -0.753837E-03 -0.583051E-03 +0.000000E+00 +0.163054E-02 +0.000000E+00 +0.000000E+00
 +0.130720E+01 -0.102350E+03 -0.107763E+03 -0.988108E+02 -0.681694E+02 +0.427054E+02 +0.000000E+00 +0.000000E+00 -0.752282E-03 -0.582186E-03 +0.000000E+00 +0.162280E-02 +0.000000E+00 +0.000000E+00
 +0.130720E+01 -0.102360E+03 -0.107558E+03 -0.986416E+02 -0.680458E+02 +0.425018E+02 +0.000000E+00 +0.000000E+00 -0.750728E-03 -0.581320E-03 +0.000000E+00 +0.161507E-02 +0.000000E+00 +0.000000E+00
 +0.130720E+01 -0.102370E+03 -0.107356E+03 -0.984783E+02 -0.679252E+02 +0.423005E+02 +0.000000E+00 +0.000000E+00 -0.749180E-03 -0.580508E-03 +0.000000E+00 +0.160742E-02 +0.000000E+00 +0.000000E+00
 +0.130720E+01 -0.102380E+03 -0.107187E+03 -0.983480E+02 -0.678266E+02 +0.421104E+02 +0.000000E+00 +0.000000E+00 -0.747852E-03 -0.579906E-03 +0.000000E+00 +0.160020E-02 +0.000000E+00 +0.000000E+00
 +0.130720E+01 -0.102390E+03 -0.107019E+03 -0.982177E+02 -0.677280E+02 +0.419204E+02 +0.000000E+00 +0.000000E+00 -0.746524E-03 -0.579304E-03 +0.000000E+00 +0.159298E-02 +0.000000E+00 +0.000000E+00
 +0.130720E+01 -0.102400E+03 -0.106850E+03 -0.980875E+02 -0.676295E+02 +0.417304E+02 +0.000000E+00 +0.000000E+00 -0.745196E-03 -0.578702E-03 +0.000000E+00 +0.158576E-02 +0.000000E+00 +0.000000E+00
 +0.130720E+01 -0.102410E+03 -0.106682E+03 -0.979572E+02 -0.675309E+02 +0.415404E+02 +0.000000E+00 +0.000000E+00 -0.743868E-03 -0.578100E-03 +0.000000E+00 +0.157853E-02 +0.000000E+00 +0.000000E+00
 +0.130720E+01 -0.102420E+03 -0.106513E+03 -0.978269E+02 -0.674323E+02 +0.413504E+02 +0.000000E+00 +0.000000E+00 -0.742540E-03 -0.577498E-03 +0.000000E+00 +0.157131E-02 +0.000000E+00 +0.000000E+00
 +0.130720E+01 -0.102430E+03 -0.106345E+03 -0.976967E+02 -0.673337E+02 +0.411603E+02 +0.000000E+00 +0.000000E+00 -0.741212E-03 -0.576897E-03 +0.000000E+00 +0.156409E-02 +0.000000E+00 +0.000000E+00
 +0.130720E+01 -0.102440E+03 -0.106176E+03 -0.975664E+02 -0.672351E+02 +0.409703E+02 +0.000000E+00 +0.000000E+00 -0.739884E-03 -0.576295E-03 +0.000000E+00 +0.155687E-02 +0.000000E+00 +0.000000E+00
 +0.130720E+01 -0.102450E+03 -0.106012E+03 -0.974213E+02 -0.671331E+02 +0.407687E+02 +0.000000E+00 +0.000000E+00 -0.738705E-03 -0.575476E-03 +0.000000E+00 +0.154921E-02 +0.000000E+00 +0.000000E+00
 +0.130720E+01 -0.102460E+03 -0.105853E+03 -0.972995E+02 -0.670402E+02 +0.405648E+02 +0.000000E+00 +0.000000E+00 -0.737434E-03 -0.574928E-03 +0.000000E+00 +0.154146E-02 +0.000000E+00 +0.000000E+00
 +0.130720E+01 -0.102470E+03 -0.105686E+03 -0.971445E+02 -0.669342E+02 +0.403576E+02 +0.000000E+00 +0.000000E+00 -0.736290E-03 -0.573997E-03 +0.000000E+00 +0.153359E-02 +0.000000E+00 +0.000000E+00
 +0.130720E+01 -0.102480E+03 -0.105520E+03 -0.969895E+02 -0.668281E+02 +0.401503E+02 +0.000000E+00 +0.000000E+00 -0.735146E-03 -0.573066E-03 +0.000000E+00 +0.152571E-02 +0.000000E+00 +0.000000E+00
 +0.130720E+01 -0.102490E+03 -0.105354E+03 -0.968344E+02 -0.667221E+02 +0.399431E+02 +0.000000E+00 +0.000000E+00 -0.734001E-03 -0.572134E-03 +0.000000E+00 +0.151784E-02 +0.000000E+00 +0.000000E+00
 +0.130720E+01 -0.102500E+03 -0.105188E+03 -0.966794E+02 -0.666161E+02 +0.397358E+02 +0.000000E+00 +0.000000E+00 -0.732857E-03 -0.571203E-03 +0.000000E+00 +0.150996E-02 +0.000000E+00 +0.000000E+00
 +0.130720E+01 -0.102510E+03 -0.105021E+03 -0.965244E+02 -0.665101E+02 +0.395286E+02 +0.000000E+00 +0.000000E+00 -0.731713E-03 -0.570272E-03 +0.000000E+00 +0.150209E-02 +0.000000E+00 +0.000000E+00
 +0.130720E+01 -0.102520E+03 -0.104855E+03 -0.963694E+02 -0.664040E+02 +0.393214E+02 +0.000000E+00 +0.000000E+00 -0.730569E-03 -0.569341E-03 +0.000000E+00 +0.149421E-02 +0.000000E+00 +0.000000E+00
 +0.130720E+01 -0.102530E+03 -0.104689E+03 -0.962143E+02 -0.662980E+02 +0.391141E+02 +0.000000E+00 +0.000000E+00 -0.729424E-03 -0.568410E-03 +0.000000E+00 +0.148634E-02 +0.000000E+00 +0.000000E+00
 +0.130720E+01 -0.102540E+03 -0.104527E+03 -0.960630E+02 -0.661948E+02 +0.389151E+02 +0.000000E+00 +0.000000E+00 -0.728319E-03 -0.567495E-03 +0.000000E+00 +0.147877E-02 +0.000000E+00 +0.000000E+00
 +0.130720E+01 -0.102550E+03 -0.104373E+03 -0.959170E+02 -0.660957E+02 +0.387279E+02 +0.000000E+00 +0.000000E+00 -0.727271E-03 -0.566604E-03 +0.000000E+00 +0.147166E-02 +0.000000E+00 +0.000000E+00
 +0.130720E+01 -0.102560E+03 -0.104219E+03 -0.957710E+02 -0.659966E+02 +0.385407E+02 +0.000000E+00 +0.000000E+00 -0.726222E-03 -0.565712E-03 +0.000000E+00 +0.146455E-02 +0.000000E+00 +0.000000E+00
 +0.130720E+01 -0.102570E+03 -0.104065E+03 -0.956250E+02 -0.658975E+02 +0.383535E+02 +0.000000E+00 +0.000000E+00 -0.725173E-03 -0.564821E-03 +0.000000E+00 +0.145743E-02 +0.000000E+00 +0.000000E+00
 +0.130720E+01 -0.102580E+03 -0.103910E+03 -0.954790E+02 -0.657984E+02 +0.381663E+02 +0.000000E+00 +0.000000E+00 -0.724124E-03 -0.563930E-03 +0.000000E+00 +0.145032E-02 +0.000000E+00 +0.000000E+00
 +0.130720E+01 -0.102590E+03 -0.103756E+03 -0.953330E+02 -0.656994E+02 +0.379791E+02 +0.000000E+00 +0.000000E+00 -0.723076E-03 -0.563039E-03 +0.000000E+00 +0.144321E-02 +0.000000E+00 +0.000000E+00
 +0.130720E+01 -0.102600E+03 -0.103602E+03 -0.951870E+02 -0.656003E+02 +0.377919E+02 +0.000000E+00 +0.000000E+00 -0.722027E-03 -0.562148E-03 +0.000000E+00 +0.143609E-02 +0.000000E+00 +0.000000E+00
 +0.130720E+01 -0.102610E+03 -0.103447E+03 -0.950410E+02 -0.655012E+02 +0.376047E+02 +0.000000E+00 +0.000000E+00 -0.720978E-03 -0.561256E-03 +0.000000E+00 +0.142898E-02 +0.000000E+00 +0.000000E+00
 +0.130720E+01 -0.102620E+03 -0.103294E+03 -0.948942E+02 -0.654021E+02 +0.374176E+02 +0.000000E+00 +0.000000E+00 -0.719947E-03 -0.560350E-03 +0.000000E+00 +0.142187E-02 +0.000000E+00 +0.000000E+00
 +0.130720E+01 -0.102630E+03 -0.103166E+03 -0.947470E+02 -0.653114E+02 +0.372353E+02 +0.000000E+00 +0.000000E+00 -0.719242E-03 -0.559277E-03 +0.000000E+00 +0.141494E-02 +0.000000E+00 +0.000000E+00
 +0.130720E+01 -0.102640E+03 -0.103028E+03 -0.945949E+02 -0.652156E+02 +0.370516E+02 +0.000000E+00 +0.000000E+00 -0.718436E-03 -0.558208E-03 +0.000000E+00 +0.140796E-02 +0.000000E+00 +0.000000E+00
 +0.130720E+01 -0.102650E+03 -0.102890E+03 -0.944429E+02 -0.651198E+02 +0.368678E+02 +0.000000E+00 +0.000000E+00 -0.717630E-03 -0.557139E-03 +0.000000E+00 +0.140098E-02 +0.000000E+00 +0.000000E+00
 +0.130720E+01 -0.102660E+03 -0.102752E+03 -0.942908E+02 -0.650240E+02 +0.366840E+02 +0.000000E+00 +0.000000E+00 -0.716825E-03 -0.556069E-03 +0.000000E+00 +0.139399E-02 +0.000000E+00 +0.000000E+00
 +0.130720E+01 -0.102670E+03 -0.102613E+03 -0.941387E+02 -0.649282E+02 +0.365002E+02 +0.000000E+00 +0.000000E+00 -0.716019E-03 -0.555000E-03 +0.000000E+00 +0.138701E-02 +0.000000E+00 +0.000000E+00
 +0.130720E+01 -0.102680E+03 -0.102475E+03 -0.939866E+02 -0.648324E+02 +0.363164E+02 +0.000000E+00 +0.000000E+00 -0.715213E-03 -0.553930E-03 +0.000000E+00 +0.138002E-02 +0.000000E+00 +0.000000E+00
 +0.130720E+01 -0.102690E+03 -0.102337E+03 -0.938345E+02 -0.647366E+02 +0.361327E+02 +0.000000E+00 +0.000000E+00 -0.714407E-03 -0.552861E-03 +0.000000E+00 +0.137304E-02 +0.000000E+00 +0.000000E+00
 +0.130720E+01 -0.102700E+03 -0.102199E+03 -0.936825E+02 -0.646408E+02 +0.359489E+02 +0.000000E+00 +0.000000E+00 -0.713601E-03 -0.551792E-03 +0.000000E+00 +0.136606E-02 +0.000000E+00 +0.000000E+00
 +0.130720E+01 -0.102710E+03 -0.102061E+03 -0.935304E+02 -0.645450E+02 +0.357651E+02 +0.000000E+00 +0.000000E+00 -0.712795E-03 -0.550722E-03 +0.000000E+00 +0.135907E-02 +0.000000E+00 +0.000000E+00
 +0.130720E+01 -0.102720E+03 -0.101926E+03 -0.933954E+02 -0.644562E+02 +0.355694E+02 +0.000000E+00 +0.000000E+00 -0.711933E-03 -0.549845E-03 +0.000000E+00 +0.135164E-02 +0.000000E+00 +0.000000E+00
 +0.130720E+01 -0.102730E+03 -0.101792E+03 -0.932617E+02 -0.643679E+02 +0.353727E+02 +0.000000E+00 +0.000000E+00 -0.711067E-03 -0.548983E-03 +0.000000E+00 +0.134416E-02 +0.000000E+00 +0.000000E+00
 +0.130720E+01 -0.102740E+03 -0.101659E+03 -0.931281E+02 -0.642796E+02 +0.351761E+02 +0.000000E+00 +0.000000E+00 -0.710201E-03 -0.548121E-03 +0.000000E+00 +0.133669E-02 +0.000000E+00 +0.000000E+00
 +0.130720E+01 -0.102750E+03 -0.101525E+03 -0.929944E+02 -0.641913E+02 +0.349794E+02 +0.000000E+00 +0.000000E+00 -0.709335E-03 -0.547259E-03 +0.000000E+00 +0.132922E-02 +0.000000E+00 +0.000000E+00
 +0.130720E+01 -0.102760E+03 -0.101391E+03 -0.928607E+02 -0.641030E+02 +0.347828E+02 +0.000000E+00 +0.000000E+00 -0.708469E-03 -0.546396E-03 +0.000000E+00 +0.132175E-02 +0.000000E+00 +0.000000E+00
 +0.130720E+01 -0.102770E+03 -0.101254E+03 -0.927198E+02 -0.640114E+02 +0.345890E+02 +0.000000E+00 +0.000000E+00 -0.707612E-03 -0.545459E-03 +0.000000E+00 +0.131438E-02 +0.000000E+00 +0.000000E+00
 +0.130720E+01 -0.102780E+03 -0.101104E+03 -0.925445E+02 -0.639040E+02 +0.344089E+02 +0.000000E+00 +0.000000E+00 -0.706798E-03 -0.544171E-03 +0.000000E+00 +0.130754E-02 +0.000000E+00 +0.000000E+00
 +0.130720E+01 -0.102790E+03 -0.100962E+03 -0.923740E+02 -0.638008E+02 +0.342370E+02 +0.000000E+00 +0.000000E+00 -0.706056E-03 -0.542892E-03 +0.000000E+00 +0.130101E-02 +0.000000E+00 +0.000000E+00
 +0.130720E+01 -0.102800E+03 -0.100848E+03 -0.922203E+02 -0.637124E+02 +0.340942E+02 +0.000000E+00 +0.000000E+00 -0.705571E-03 -0.541649E-03 +0.000000E+00 +0.129558E-02 +0.000000E+00 +0.000000E+00
 +0.130720E+01 -0.102810E+03 -0.100734E+03 -0.920665E+02 -0.636241E+02 +0.339513E+02 +0.000000E+00 +0.000000E+00 -0.705085E-03 -0.540405E-03 +0.000000E+00 +0.129015E-02 +0.000000E+00 +0.000000E+00
 +0.130720E+01 -0.102820E+03 -0.100620E+03 -0.919127E+02 -0.635358E+02 +0.338084E+02 +0.000000E+00 +0.000000E+00 -0.704599E-03 -0.539162E-03 +0.000000E+00 +0.128472E-02 +0.000000E+00 +0.000000E+00
 +0.130720E+01 -0.102830E+03 -0.100506E+03 -0.917590E+02 -0.634475E+02 +0.336656E+02 +0.000000E+00 +0.000000E+00 -0.704114E-03 -0.537919E-03 +0.000000E+00 +0.127929E-02 +0.000000E+00 +0.000000E+00
 +0.130720E+01 -0.102840E+03 -0.100392E+03 -0.916052E+02 -0.633592E+02 +0.335227E+02 +0.000000E+00 +0.000000E+00 -0.703628E-03 -0.536675E-03 +0.000000E+00 +0.127386E-02 +0.000000E+00 +0.000000E+00
 +0.130720E+01 -0.102850E+03 -0.100278E+03 -0.914515E+02 -0.632708E+02 +0.333799E+02 +0.000000E+00 +0.000000E+00 -0.703142E-03 -0.535432E-03 +0.000000E+00 +0.126843E-02 +0.000000E+00 +0.000000E+00
 +0.130720E+01 -0.102860E+03 -0.100164E+03 -0.912977E+02 -0.631825E+02 +0.332370E+02 +0.000000E+00 +0.000000E+00 -0.702657E-03 -0.534189E-03 +0.000000E+00 +0.126301E-02 +0.000000E+00 +0.000000E+00
 +0.130720E+01 -0.102870E+03 -0.100051E+03 -0.911440E+02 -0.630942E+02 +0.330941E+02 +0.000000E+00 +0.000000E+00 -0.702171E-03 -0.532945E-03 +0.000000E+00 +0.125758E-02 +0.000000E+00 +0.000000E+00
 +0.130720E+01 -0.102880E+03 -0.999367E+02 -0.909902E+02 -0.630059E+02 +0.329513E+02 +0.000000E+00 +0.000000E+00 -0.701686E-03 -0.531702E-03 +0.000000E+00 +0.125215E-02 +0.000000E+00 +0.000000E+00
 +0.130720E+01 -0.102890E+03 -0.998228E+02 -0.908364E+02 -0.629176E+02 +0.328084E+02 +0.000000E+00 +0.000000E+00 -0.701200E-03 -0.530459E-03 +0.000000E+00 +0.124672E-02 +0.000000E+00 +0.000000E+00
 +0.130720E+01 -0.102900E+03 -0.997089E+02 -0.906827E+02 -0.628292E+02 +0.326656E+02 +0.000000E+00 +0.000000E+00 -0.700714E-03 -0.529216E-03 +0.000000E+00 +0.124129E-02 +0.000000E+00 +0.000000E+00
 +0.130720E+01 -0.102910E+03 -0.995951E+02 -0.905289E+02 -0.627409E+02 +0.325227E+02 +0.000000E+00 +0.000000E+00 -0.700229E-03 -0.527972E-03 +0.000000E+00 +0.123586E-02 +0.000000E+00 +0.000000E+00
 +0.130720E+01 -0.102920E+03 -0.994812E+02 -0.903752E+02 -0.626526E+02 +0.323798E+02 +0.000000E+00 +0.000000E+00 -0.699743E-03 -0.526729E-03 +0.000000E+00 +0.123043E-02 +0.000000E+00 +0.000000E+00
 +0.130720E+01 -0.102930E+03 -0.993710E+02 -0.902271E+02 -0.625674E+02 +0.322361E+02 +0.000000E+00 +0.000000E+00 -0.699269E-03 -0.525535E-03 +0.000000E+00 +0.122497E-02 +0.000000E+00 +0.000000E+00
 +0.130720E+01 -0.102940E+03 -0.992809E+02 -0.900873E+02 -0.624915E+02 +0.320801E+02 +0.000000E+00 +0.000000E+00 -0.698999E-03 -0.524320E-03 +0.000000E+00 +0.121904E-02 +0.000000E+00 +0.000000E+00
 +0.130720E+01 -0.102950E+03 -0.991908E+02 -0.899475E+02 -0.624156E+02 +0.319241E+02 +0.000000E+00 +0.000000E+00 -0.698728E-03 -0.523105E-03 +0.000000E+00 +0.121312E-02 +0.000000E+00 +0.000000E+00
 +0.130720E+01 -0.102960E+03 -0.991007E+02 -0.898077E+02 -0.623398E+02 +0.317681E+02 +0.000000E+00 +0.000000E+00 -0.698458E-03 -0.521890E-03 +0.000000E+00 +0.120719E-02 +0.000000E+00 +0.000000E+00
 +0.130720E+01 -0.102970E+03 -0.990106E+02 -0.896679E+02 -0.622639E+02 +0.316121E+02 +0.000000E+00 +0.000000E+00 -0.698188E-03 -0.520675E-03 +0.000000E+00 +0.120126E-02 +0.000000E+00 +0.000000E+00
 +0.130720E+01 -0.102980E+03 -0.989206E+02 -0.895281E+02 -0.621880E+02 +0.314561E+02 +0.000000E+00 +0.000000E+00 -0.697918E-03 -0.519460E-03 +0.000000E+00 +0.119533E-02 +0.000000E+00 +0.000000E+00
 +0.130720E+01 -0.102990E+03 -0.988305E+02 -0.893883E+02 -0.621122E+02 +0.313001E+02 +0.000000E+00 +0.000000E+00 -0.697648E-03 -0.518245E-03 +0.000000E+00 +0.118940E-02 +0.000000E+00 +0.000000E+00
 +0.130720E+01 -0.103000E+03 -0.987404E+02 -0.892485E+02 -0.620363E+02 +0.311441E+02 +0.000000E+00 +0.000000E+00 -0.697378E-03 -0.517030E-03 +0.000000E+00 +0.118348E-02 +0.000000E+00 +0.000000E+00
 +0.130720E+01 -0.103010E+03 -0.986503E+02 -0.891086E+02 -0.619605E+02 +0.309881E+02 +0.000000E+00 +0.000000E+00 -0.697107E-03 -0.515816E-03 +0.000000E+00 +0.117755E-02 +0.000000E+00 +0.000000E+00
 +0.130720E+01 -0.103020E+03 -0.985602E+02 -0.889688E+02 -0.618846E+02 +0.308321E+02 +0.000000E+00 +0.000000E+00 -0.696837E-03 -0.514601E-03 +0.000000E+00 +0.117162E-02 +0.000000E+00 +0.000000E+00
 +0.130720E+01 -0.103030E+03 -0.984702E+02 -0.888290E+02 -0.618087E+02 +0.306761E+02 +0.000000E+00 +0.000000E+00 -0.696567E-03 -0.513386E-03 +0.000000E+00 +0.116569E-02 +0.000000E+00 +0.000000E+00
 +0.130720E+01 -0.103040E+03 -0.983801E+02 -0.886892E+02 -0.617329E+02 +0.305201E+02 +0.000000E+00 +0.000000E+00 -0.696297E-03 -0.512171E-03 +0.000000E+00 +0.115977E-02 +0.000000E+00 +0.000000E+00
 +0.130720E+01 -0.103050E+03 -0.982900E+02 -0.885494E+02 -0.616570E+02 +0.303641E+02 +0.000000E+00 +0.000000E+00 -0.696027E-03 -0.510956E-03 +0.000000E+00 +0.115384E-02 +0.000000E+00 +0.000000E+00
 +0.130720E+01 -0.103060E+03 -0.981999E+02 -0.884096E+02 -0.615812E+02 +0.302081E+02 +0.000000E+00 +0.000000E+00 -0.695757E-03 -0.509741E-03 +0.000000E+00 +0.114791E-02 +0.000000E+00 +0.000000E+00
 +0.130720E+01 -0.103070E+03 -0.981098E+02 -0.882698E+02 -0.615053E+02 +0.300521E+02 +0.000000E+00 +0.000000E+00 -0.695486E-03 -0.508526E-03 +0.000000E+00 +0.114198E-02 +0.000000E+00 +0.000000E+00
 +0.130720E+01 -0.103080E+03 -0.980198E+02 -0.881300E+02 -0.614294E+02 +0.298962E+02 +0.000000E+00 +0.000000E+00 -0.695216E-03 -0.507311E-03 +0.000000E+00 +0.113605E-02 +0.000000E+00 +0.000000E+00
 +0.130720E+01 -0.103090E+03 -0.979297E+02 -0.879902E+02 -0.613536E+02 +0.297402E+02 +0.000000E+00 +0.000000E+00 -0.694946E-03 -0.506097E-03 +0.000000E+00 +0.113013E-02 +0.000000E+00 +0.000000E+00
 +0.130720E+01 -0.103100E+03 -0.978403E+02 -0.878507E+02 -0.612780E+02 +0.295849E+02 +0.000000E+00 +0.000000E+00 -0.694683E-03 -0.504881E-03 +0.000000E+00 +0.112422E-02 +0.000000E+00 +0.000000E+00
 +0.130720E+01 -0.103110E+03 -0.977752E+02 -0.877209E+02 -0.612137E+02 +0.294544E+02 +0.000000E+00 +0.000000E+00 -0.694669E-03 -0.503636E-03 +0.000000E+00 +0.111927E-02 +0.000000E+00 +0.000000E+00
 +0.130720E+01 -0.103120E+03 -0.977101E+02 -0.875910E+02 -0.611494E+02 +0.293240E+02 +0.000000E+00 +0.000000E+00 -0.694654E-03 -0.502391E-03 +0.000000E+00 +0.111431E-02 +0.000000E+00 +0.000000E+00
 +0.130720E+01 -0.103130E+03 -0.976451E+02 -0.874612E+02 -0.610850E+02 +0.291936E+02 +0.000000E+00 +0.000000E+00 -0.694640E-03 -0.501146E-03 +0.000000E+00 +0.110936E-02 +0.000000E+00 +0.000000E+00
 +0.130720E+01 -0.103140E+03 -0.975800E+02 -0.873313E+02 -0.610207E+02 +0.290632E+02 +0.000000E+00 +0.000000E+00 -0.694626E-03 -0.499901E-03 +0.000000E+00 +0.110440E-02 +0.000000E+00 +0.000000E+00
 +0.130720E+01 -0.103150E+03 -0.975149E+02 -0.872015E+02 -0.609564E+02 +0.289328E+02 +0.000000E+00 +0.000000E+00 -0.694612E-03 -0.498656E-03 +0.000000E+00 +0.109945E-02 +0.000000E+00 +0.000000E+00
 +0.130720E+01 -0.103160E+03 -0.974498E+02 -0.870716E+02 -0.608921E+02 +0.288024E+02 +0.000000E+00 +0.000000E+00 -0.694597E-03 -0.497411E-03 +0.000000E+00 +0.109449E-02 +0.000000E+00 +0.000000E+00
 +0.130720E+01 -0.103170E+03 -0.973847E+02 -0.869418E+02 -0.608277E+02 +0.286719E+02 +0.000000E+00 +0.000000E+00 -0.694583E-03 -0.496166E-03 +0.000000E+00 +0.108953E-02 +0.000000E+00 +0.000000E+00
 +0.130720E+01 -0.103180E+03 -0.973197E+02 -0.868119E+02 -0.607634E+02 +0.285415E+02 +0.000000E+00 +0.000000E+00 -0.694569E-03 -0.494921E-03 +0.000000E+00 +0.108458E-02 +0.000000E+00 +0.000000E+00
 +0.130720E+01 -0.103190E+03 -0.972546E+02 -0.866821E+02 -0.606991E+02 +0.284111E+02 +0.000000E+00 +0.000000E+00 -0.694554E-03 -0.493676E-03 +0.000000E+00 +0.107962E-02 +0.000000E+00 +0.000000E+00
 +0.130720E+01 -0.103200E+03 -0.971895E+02 -0.865522E+02 -0.606348E+02 +0.282807E+02 +0.000000E+00 +0.000000E+00 -0.694540E-03 -0.492431E-03 +0.000000E+00 +0.107467E-02 +0.000000E+00 +0.000000E+00
 +0.130720E+01 -0.103210E+03 -0.971239E+02 -0.864223E+02 -0.605702E+02 +0.281500E+02 +0.000000E+00 +0.000000E+00 -0.694520E-03 -0.491189E-03 +0.000000E+00 +0.106970E-02 +0.000000E+00 +0.000000E+00
 +0.130720E+01 -0.103220E+03 -0.970273E+02 -0.862868E+02 -0.604937E+02 +0.280060E+02 +0.000000E+00 +0.000000E+00 -0.694139E-03 -0.490070E-03 +0.000000E+00 +0.106423E-02 +0.000000E+00 +0.000000E+00
 +0.130720E+01 -0.103230E+03 -0.969307E+02 -0.861514E+02 -0.604171E+02 +0.278620E+02 +0.000000E+00 +0.000000E+00 -0.693759E-03 -0.488951E-03 +0.000000E+00 +0.105876E-02 +0.000000E+00 +0.000000E+00
 +0.130720E+01 -0.103240E+03 -0.968342E+02 -0.860160E+02 -0.603405E+02 +0.277180E+02 +0.000000E+00 +0.000000E+00 -0.693379E-03 -0.487833E-03 +0.000000E+00 +0.105328E-02 +0.000000E+00 +0.000000E+00
 +0.130720E+01 -0.103250E+03 -0.967376E+02 -0.858805E+02 -0.602640E+02 +0.275740E+02 +0.000000E+00 +0.000000E+00 -0.692999E-03 -0.486714E-03 +0.000000E+00 +0.104781E-02 +0.000000E+00 +0.000000E+00
 +0.130720E+01 -0.103260E+03 -0.966410E+02 -0.857451E+02 -0.601874E+02 +0.274299E+02 +0.000000E+00 +0.000000E+00 -0.692618E-03 -0.485596E-03 +0.000000E+00 +0.104234E-02 +0.000000E+00 +0.000000E+00
 +0.130720E+01 -0.103270E+03 -0.965508E+02 -0.856091E+02 -0.601128E+02 +0.272948E+02 +0.000000E+00 +0.000000E+00 -0.692322E-03 -0.484431E-03 +0.000000E+00 +0.103720E-02 +0.000000E+00 +0.000000E+00
 +0.130720E+01 -0.103280E+03 -0.964637E+02 -0.854729E+02 -0.600391E+02 +0.271640E+02 +0.000000E+00 +0.000000E+00 -0.692068E-03 -0.483243E-03 +0.000000E+00 +0.103223E-02 +0.000000E+00 +0.000000E+00
 +0.130720E+01 -0.103290E+03 -0.963767E+02 -0.853367E+02 -0.599654E+02 +0.270333E+02 +0.000000E+00 +0.000000E+00 -0.691814E-03 -0.482054E-03 +0.000000E+00 +0.102726E-02 +0.000000E+00 +0.000000E+00
 +0.130720E+01 -0.103300E+03 -0.962896E+02 -0.852005E+02 -0.598917E+02 +0.269025E+02 +0.000000E+00 +0.000000E+00 -0.691560E-03 -0.480866E-03 +0.000000E+00 +0.102230E-02 +0.000000E+00 +0.000000E+00
 +0.130720E+01 -0.103310E+03 -0.962026E+02 -0.850643E+02 -0.598181E+02 +0.267718E+02 +0.000000E+00 +0.000000E+00 -0.691306E-03 -0.479678E-03 +0.000000E+00 +0.101733E-02 +0.000000E+00 +0.000000E+00
 +0.130720E+01 -0.103320E+03 -0.961156E+02 -0.849281E+02 -0.597444E+02 +0.266410E+02 +0.000000E+00 +0.000000E+00 -0.691052E-03 -0.478490E-03 +0.000000E+00 +0.101236E-02 +0.000000E+00 +0.000000E+00
 +0.130720E+01 -0.103330E+03 -0.960285E+02 -0.847919E+02 -0.596707E+02 +0.265103E+02 +0.000000E+00 +0.000000E+00 -0.690798E-03 -0.477302E-03 +0.000000E+00 +0.100739E-02 +0.000000E+00 +0.000000E+00
 +0.130720E+01 -0.103340E+03 -0.959457E+02 -0.846370E+02 -0.595923E+02 +0.263775E+02 +0.000000E+00 +0.000000E+00 -0.690715E-03 -0.475849E-03 +0.000000E+00 +0.100234E-02 +0.000000E+00 +0.000000E+00
 +0.130720E+01 -0.103350E+03 -0.958653E+02 -0.844715E+02 -0.595112E+02 +0.262435E+02 +0.000000E+00 +0.000000E+00 -0.690729E-03 -0.474247E-03 +0.000000E+00 +0.997254E-03 +0.000000E+00 +0.000000E+00
 +0.130720E+01 -0.103360E+03 -0.957850E+02 -0.843061E+02 -0.594300E+02 +0.261096E+02 +0.000000E+00 +0.000000E+00 -0.690744E-03 -0.472644E-03 +0.000000E+00 +0.992163E-03 +0.000000E+00 +0.000000E+00
 +0.130720E+01 -0.103370E+03 -0.957046E+02 -0.841406E+02 -0.593489E+02 +0.259756E+02 +0.000000E+00 +0.000000E+00 -0.690758E-03 -0.471042E-03 +0.000000E+00 +0.987073E-03 +0.000000E+00 +0.000000E+00
 +0.130720E+01 -0.103380E+03 -0.956242E+02 -0.839751E+02 -0.592678E+02 +0.258416E+02 +0.000000E+00 +0.000000E+00 -0.690773E-03 -0.469439E-03 +0.000000E+00 +0.981982E-03 +0.000000E+00 +0.000000E+00
 +0.130720E+01 -0.103390E+03 -0.955439E+02 -0.838096E+02 -0.591867E+02 +0.257077E+02 +0.000000E+00 +0.000000E+00 -0.690787E-03 -0.467837E-03 +0.000000E+00 +0.976892E-03 +0.000000E+00 +0.000000E+00
 +0.130720E+01 -0.103400E+03 -0.954635E+02 -0.836442E+02 -0.591055E+02 +0.255737E+02 +0.000000E+00 +0.000000E+00 -0.690801E-03 -0.466234E-03 +0.000000E+00 +0.971801E-03 +0.000000E+00 +0.000000E+00
 +0.130720E+01 -0.103410E+03 -0.953831E+02 -0.834787E+02 -0.590244E+02 +0.254397E+02 +0.000000E+00 +0.000000E+00 -0.690816E-03 -0.464631E-03 +0.000000E+00 +0.966710E-03 +0.000000E+00 +0.000000E+00
 +0.130720E+01 -0.103420E+03 -0.953250E+02 -0.833558E+02 -0.589646E+02 +0.253230E+02 +0.000000E+00 +0.000000E+00 -0.690846E-03 -0.463432E-03 +0.000000E+00 +0.962274E-03 +0.000000E+00 +0.000000E+00
 +0.130720E+01 -0.103430E+03 -0.952722E+02 -0.832431E+02 -0.589100E+02 +0.252104E+02 +0.000000E+00 +0.000000E+00 -0.690880E-03 -0.462329E-03 +0.000000E+00 +0.957995E-03 +0.000000E+00 +0.000000E+00
 +0.130720E+01 -0.103440E+03 -0.952194E+02 -0.831305E+02 -0.588554E+02 +0.250978E+02 +0.000000E+00 +0.000000E+00 -0.690914E-03 -0.461226E-03 +0.000000E+00 +0.953716E-03 +0.000000E+00 +0.000000E+00
 +0.130720E+01 -0.103450E+03 -0.951665E+02 -0.830178E+02 -0.588008E+02 +0.249852E+02 +0.000000E+00 +0.000000E+00 -0.690948E-03 -0.460123E-03 +0.000000E+00 +0.949436E-03 +0.000000E+00 +0.000000E+00
 +0.130720E+01 -0.103460E+03 -0.951137E+02 -0.829052E+02 -0.587462E+02 +0.248726E+02 +0.000000E+00 +0.000000E+00 -0.690982E-03 -0.459020E-03 +0.000000E+00 +0.945157E-03 +0.000000E+00 +0.000000E+00
 +0.130720E+01 -0.103470E+03 -0.950609E+02 -0.827925E+02 -0.586916E+02 +0.247599E+02 +0.000000E+00 +0.000000E+00 -0.691016E-03 -0.457917E-03 +0.000000E+00 +0.940878E-03 +0.000000E+00 +0.000000E+00
 +0.130720E+01 -0.103480E+03 -0.950081E+02 -0.826799E+02 -0.586370E+02 +0.246473E+02 +0.000000E+00 +0.000000E+00 -0.691050E-03 -0.456814E-03 +0.000000E+00 +0.936599E-03 +0.000000E+00 +0.000000E+00
 +0.130720E+01 -0.103490E+03 -0.949553E+02 -0.825672E+02 -0.585824E+02 +0.245347E+02 +0.000000E+00 +0.000000E+00 -0.691084E-03 -0.455711E-03 +0.000000E+00 +0.932320E-03 +0.000000E+00 +0.000000E+00
 +0.130720E+01 -0.103500E+03 -0.949025E+02 -0.824546E+02 -0.585278E+02 +0.244221E+02 +0.000000E+00 +0.000000E+00 -0.691118E-03 -0.454608E-03 +0.000000E+00 +0.928041E-03 +0.000000E+00 +0.000000E+00
 +0.130720E+01 -0.103510E+03 -0.948497E+02 -0.823420E+02 -0.584732E+02 +0.243095E+02 +0.000000E+00 +0.000000E+00 -0.691153E-03 -0.453505E-03 +0.000000E+00 +0.923761E-03 +0.000000E+00 +0.000000E+00
 +0.130720E+01 -0.103520E+03 -0.947969E+02 -0.822293E+02 -0.584186E+02 +0.241969E+02 +0.000000E+00 +0.000000E+00 -0.691187E-03 -0.452403E-03 +0.000000E+00 +0.919482E-03 +0.000000E+00 +0.000000E+00
 +0.130720E+01 -0.103530E+03 -0.947441E+02 -0.821167E+02 -0.583640E+02 +0.240843E+02 +0.000000E+00 +0.000000E+00 -0.691221E-03 -0.451300E-03 +0.000000E+00 +0.915203E-03 +0.000000E+00 +0.000000E+00
 +0.130720E+01 -0.103540E+03 -0.946913E+02 -0.820040E+02 -0.583094E+02 +0.239717E+02 +0.000000E+00 +0.000000E+00 -0.691255E-03 -0.450197E-03 +0.000000E+00 +0.910924E-03 +0.000000E+00 +0.000000E+00
 +0.130720E+01 -0.103550E+03 -0.946385E+02 -0.818914E+02 -0.582548E+02 +0.238591E+02 +0.000000E+00 +0.000000E+00 -0.691289E-03 -0.449094E-03 +0.000000E+00 +0.906645E-03 +0.000000E+00 +0.000000E+00
 +0.130720E+01 -0.103560E+03 -0.945856E+02 -0.817787E+02 -0.582002E+02 +0.237465E+02 +0.000000E+00 +0.000000E+00 -0.691323E-03 -0.447991E-03 +0.000000E+00 +0.902365E-03 +0.000000E+00 +0.000000E+00
 +0.130720E+01 -0.103570E+03 -0.945328E+02 -0.816661E+02 -0.581456E+02 +0.236338E+02 +0.000000E+00 +0.000000E+00 -0.691357E-03 -0.446888E-03 +0.000000E+00 +0.898086E-03 +0.000000E+00 +0.000000E+00
 +0.130720E+01 -0.103580E+03 -0.944800E+02 -0.815527E+02 -0.580908E+02 +0.235213E+02 +0.000000E+00 +0.000000E+00 -0.691394E-03 -0.445777E-03 +0.000000E+00 +0.893811E-03 +0.000000E+00 +0.000000E+00
 +0.130720E+01 -0.103590E+03 -0.944232E+02 -0.813921E+02 -0.580190E+02 +0.234157E+02 +0.000000E+00 +0.000000E+00 -0.691679E-03 -0.444088E-03 +0.000000E+00 +0.889796E-03 +0.000000E+00 +0.000000E+00
 +0.130720E+01 -0.103600E+03 -0.943664E+02 -0.812314E+02 -0.579473E+02 +0.233100E+02 +0.000000E+00 +0.000000E+00 -0.691963E-03 -0.442398E-03 +0.000000E+00 +0.885780E-03 +0.000000E+00 +0.000000E+00
 +0.130720E+01 -0.103610E+03 -0.943197E+02 -0.810835E+02 -0.578830E+02 +0.232149E+02 +0.000000E+00 +0.000000E+00 -0.692296E-03 -0.440808E-03 +0.000000E+00 +0.882166E-03 +0.000000E+00 +0.000000E+00
 +0.130720E+01 -0.103620E+03 -0.942821E+02 -0.809472E+02 -0.578257E+02 +0.231294E+02 +0.000000E+00 +0.000000E+00 -0.692672E-03 -0.439309E-03 +0.000000E+00 +0.878918E-03 +0.000000E+00 +0.000000E+00
 +0.130720E+01 -0.103630E+03 -0.942446E+02 -0.808110E+02 -0.577683E+02 +0.230440E+02 +0.000000E+00 +0.000000E+00 -0.693048E-03 -0.437811E-03 +0.000000E+00 +0.875670E-03 +0.000000E+00 +0.000000E+00
 +0.130720E+01 -0.103640E+03 -0.942070E+02 -0.806747E+02 -0.577110E+02 +0.229585E+02 +0.000000E+00 +0.000000E+00 -0.693425E-03 -0.436312E-03 +0.000000E+00 +0.872422E-03 +0.000000E+00 +0.000000E+00
 +0.130720E+01 -0.103650E+03 -0.941695E+02 -0.805385E+02 -0.576536E+02 +0.228730E+02 +0.000000E+00 +0.000000E+00 -0.693801E-03 -0.434813E-03 +0.000000E+00 +0.869174E-03 +0.000000E+00 +0.000000E+00
 +0.130720E+01 -0.103660E+03 -0.941319E+02 -0.804023E+02 -0.575963E+02 +0.227875E+02 +0.000000E+00 +0.000000E+00 -0.694177E-03 -0.433314E-03 +0.000000E+00 +0.865926E-03 +0.000000E+00 +0.000000E+00
 +0.130720E+01 -0.103670E+03 -0.940943E+02 -0.802660E+02 -0.575389E+02 +0.227021E+02 +0.000000E+00 +0.000000E+00 -0.694553E-03 -0.431815E-03 +0.000000E+00 +0.862678E-03 +0.000000E+00 +0.000000E+00
 +0.130720E+01 -0.103680E+03 -0.940568E+02 -0.801298E+02 -0.574816E+02 +0.226166E+02 +0.000000E+00 +0.000000E+00 -0.694929E-03 -0.430316E-03 +0.000000E+00 +0.859431E-03 +0.000000E+00 +0.000000E+00
 +0.130720E+01 -0.103690E+03 -0.940192E+02 -0.799935E+02 -0.574242E+02 +0.225311E+02 +0.000000E+00 +0.000000E+00 -0.695306E-03 -0.428817E-03 +0.000000E+00 +0.856183E-03 +0.000000E+00 +0.000000E+00
 +0.130720E+01 -0.103700E+03 -0.939817E+02 -0.798573E+02 -0.573669E+02 +0.224456E+02 +0.000000E+00 +0.000000E+00 -0.695682E-03 -0.427318E-03 +0.000000E+00 +0.852935E-03 +0.000000E+00 +0.000000E+00
 +0.130720E+01 -0.103710E+03 -0.939441E+02 -0.797210E+02 -0.573095E+02 +0.223602E+02 +0.000000E+00 +0.000000E+00 -0.696058E-03 -0.425819E-03 +0.000000E+00 +0.849687E-03 +0.000000E+00 +0.000000E+00
 +0.130720E+01 -0.103720E+03 -0.939066E+02 -0.795848E+02 -0.572521E+02 +0.222747E+02 +0.000000E+00 +0.000000E+00 -0.696434E-03 -0.424320E-03 +0.000000E+00 +0.846439E-03 +0.000000E+00 +0.000000E+00
 +0.130720E+01 -0.103730E+03 -0.938690E+02 -0.794485E+02 -0.571948E+02 +0.221892E+02 +0.000000E+00 +0.000000E+00 -0.696810E-03 -0.422821E-03 +0.000000E+00 +0.843191E-03 +0.000000E+00 +0.000000E+00
 +0.130720E+01 -0.103740E+03 -0.938315E+02 -0.793123E+02 -0.571374E+02 +0.221038E+02 +0.000000E+00 +0.000000E+00 -0.697186E-03 -0.421322E-03 +0.000000E+00 +0.839943E-03 +0.000000E+00 +0.000000E+00
 +0.130720E+01 -0.103750E+03 -0.937939E+02 -0.791760E+02 -0.570801E+02 +0.220183E+02 +0.000000E+00 +0.000000E+00 -0.697563E-03 -0.419823E-03 +0.000000E+00 +0.836695E-03 +0.000000E+00 +0.000000E+00
 +0.130720E+01 -0.103760E+03 -0.937563E+02 -0.790398E+02 -0.570227E+02 +0.219328E+02 +0.000000E+00 +0.000000E+00 -0.697939E-03 -0.418324E-03 +0.000000E+00 +0.833447E-03 +0.000000E+00 +0.000000E+00
 +0.130720E+01 -0.103770E+03 -0.937188E+02 -0.789035E+02 -0.569654E+02 +0.218473E+02 +0.000000E+00 +0.000000E+00 -0.698315E-03 -0.416825E-03 +0.000000E+00 +0.830199E-03 +0.000000E+00 +0.000000E+00
 +0.130720E+01 -0.103780E+03 -0.936812E+02 -0.787673E+02 -0.569080E+02 +0.217619E+02 +0.000000E+00 +0.000000E+00 -0.698691E-03 -0.415326E-03 +0.000000E+00 +0.826951E-03 +0.000000E+00 +0.000000E+00
 +0.130720E+01 -0.103790E+03 -0.936437E+02 -0.786311E+02 -0.568507E+02 +0.216764E+02 +0.000000E+00 +0.000000E+00 -0.699067E-03 -0.413827E-03 +0.000000E+00 +0.823703E-03 +0.000000E+00 +0.000000E+00
 +0.130720E+01 -0.103800E+03 -0.936061E+02 -0.784948E+02 -0.567933E+02 +0.215909E+02 +0.000000E+00 +0.000000E+00 -0.699444E-03 -0.412328E-03 +0.000000E+00 +0.820455E-03 +0.000000E+00 +0.000000E+00
 +0.130720E+01 -0.103810E+03 -0.935686E+02 -0.783586E+02 -0.567360E+02 +0.215054E+02 +0.000000E+00 +0.000000E+00 -0.699820E-03 -0.410829E-03 +0.000000E+00 +0.817207E-03 +0.000000E+00 +0.000000E+00
 +0.130720E+01 -0.103820E+03 -0.935310E+02 -0.782223E+02 -0.566786E+02 +0.214200E+02 +0.000000E+00 +0.000000E+00 -0.700196E-03 -0.409331E-03 +0.000000E+00 +0.813959E-03 +0.000000E+00 +0.000000E+00
 +0.130720E+01 -0.103830E+03 -0.934935E+02 -0.780861E+02 -0.566212E+02 +0.213345E+02 +0.000000E+00 +0.000000E+00 -0.700572E-03 -0.407832E-03 +0.000000E+00 +0.810711E-03 +0.000000E+00 +0.000000E+00
 +0.130720E+01 -0.103840E+03 -0.934559E+02 -0.779498E+02 -0.565639E+02 +0.212490E+02 +0.000000E+00 +0.000000E+00 -0.700948E-03 -0.406333E-03 +0.000000E+00 +0.807463E-03 +0.000000E+00 +0.000000E+00
 +0.130720E+01 -0.103850E+03 -0.934184E+02 -0.778136E+02 -0.565065E+02 +0.211635E+02 +0.000000E+00 +0.000000E+00 -0.701325E-03 -0.404834E-03 +0.000000E+00 +0.804215E-03 +0.000000E+00 +0.000000E+00
 +0.130720E+01 -0.103860E+03 -0.933808E+02 -0.776773E+02 -0.564492E+02 +0.210781E+02 +0.000000E+00 +0.000000E+00 -0.701701E-03 -0.403335E-03 +0.000000E+00 +0.800967E-03 +0.000000E+00 +0.000000E+00
 +0.130720E+01 -0.103870E+03 -0.933432E+02 -0.775411E+02 -0.563918E+02 +0.209926E+02 +0.000000E+00 +0.000000E+00 -0.702077E-03 -0.401836E-03 +0.000000E+00 +0.797719E-03 +0.000000E+00 +0.000000E+00
 +0.130720E+01 -0.103880E+03 -0.933057E+02 -0.774048E+02 -0.563345E+02 +0.209071E+02 +0.000000E+00 +0.000000E+00 -0.702453E-03 -0.400337E-03 +0.000000E+00 +0.794471E-03 +0.000000E+00 +0.000000E+00
 +0.130720E+01 -0.103890E+03 -0.932681E+02 -0.772686E+02 -0.562771E+02 +0.208217E+02 +0.000000E+00 +0.000000E+00 -0.702829E-03 -0.398838E-03 +0.000000E+00 +0.791223E-03 +0.000000E+00 +0.000000E+00
 +0.130720E+01 -0.103900E+03 -0.932306E+02 -0.771323E+02 -0.562198E+02 +0.207362E+02 +0.000000E+00 +0.000000E+00 -0.703206E-03 -0.397339E-03 +0.000000E+00 +0.787975E-03 +0.000000E+00 +0.000000E+00
 +0.130720E+01 -0.103910E+03 -0.931930E+02 -0.769961E+02 -0.561624E+02 +0.206507E+02 +0.000000E+00 +0.000000E+00 -0.703582E-03 -0.395840E-03 +0.000000E+00 +0.784727E-03 +0.000000E+00 +0.000000E+00
 +0.130720E+01 -0.103920E+03 -0.931555E+02 -0.768599E+02 -0.561051E+02 +0.205652E+02 +0.000000E+00 +0.000000E+00 -0.703958E-03 -0.394341E-03 +0.000000E+00 +0.781479E-03 +0.000000E+00 +0.000000E+00
 +0.130720E+01 -0.103930E+03 -0.931046E+02 -0.767160E+02 -0.560408E+02 +0.204540E+02 +0.000000E+00 +0.000000E+00 -0.704213E-03 -0.392829E-03 +0.000000E+00 +0.777251E-03 +0.000000E+00 +0.000000E+00
 +0.130720E+01 -0.103940E+03 -0.930513E+02 -0.765708E+02 -0.559753E+02 +0.203378E+02 +0.000000E+00 +0.000000E+00 -0.704444E-03 -0.391314E-03 +0.000000E+00 +0.772836E-03 +0.000000E+00 +0.000000E+00
 +0.130720E+01 -0.103950E+03 -0.929980E+02 -0.764255E+02 -0.559097E+02 +0.202216E+02 +0.000000E+00 +0.000000E+00 -0.704676E-03 -0.389800E-03 +0.000000E+00 +0.768422E-03 +0.000000E+00 +0.000000E+00
 +0.130720E+01 -0.103960E+03 -0.929446E+02 -0.762803E+02 -0.558442E+02 +0.201055E+02 +0.000000E+00 +0.000000E+00 -0.704908E-03 -0.388285E-03 +0.000000E+00 +0.764008E-03 +0.000000E+00 +0.000000E+00
 +0.130720E+01 -0.103970E+03 -0.928913E+02 -0.761350E+02 -0.557787E+02 +0.199893E+02 +0.000000E+00 +0.000000E+00 -0.705139E-03 -0.386771E-03 +0.000000E+00 +0.759594E-03 +0.000000E+00 +0.000000E+00
 +0.130720E+01 -0.103980E+03 -0.928379E+02 -0.759898E+02 -0.557131E+02 +0.198732E+02 +0.000000E+00 +0.000000E+00 -0.705371E-03 -0.385256E-03 +0.000000E+00 +0.755180E-03 +0.000000E+00 +0.000000E+00
 +0.130720E+01 -0.103990E+03 -0.927846E+02 -0.758445E+02 -0.556476E+02 +0.197570E+02 +0.000000E+00 +0.000000E+00 -0.705602E-03 -0.383741E-03 +0.000000E+00 +0.750766E-03 +0.000000E+00 +0.000000E+00
 +0.130720E+01 -0.104000E+03 -0.927312E+02 -0.756993E+02 -0.555821E+02 +0.196408E+02 +0.000000E+00 +0.000000E+00 -0.705834E-03 -0.382227E-03 +0.000000E+00 +0.746352E-03 +0.000000E+00 +0.000000E+00
 +0.130720E+01 -0.104010E+03 -0.926779E+02 -0.755540E+02 -0.555165E+02 +0.195247E+02 +0.000000E+00 +0.000000E+00 -0.706066E-03 -0.380712E-03 +0.000000E+00 +0.741938E-03 +0.000000E+00 +0.000000E+00
 +0.130720E+01 -0.104020E+03 -0.926245E+02 -0.754088E+02 -0.554510E+02 +0.194085E+02 +0.000000E+00 +0.000000E+00 -0.706297E-03 -0.379198E-03 +0.000000E+00 +0.737524E-03 +0.000000E+00 +0.000000E+00
 +0.130720E+01 -0.104030E+03 -0.925712E+02 -0.752635E+02 -0.553854E+02 +0.192924E+02 +0.000000E+00 +0.000000E+00 -0.706529E-03 -0.377683E-03 +0.000000E+00 +0.733110E-03 +0.000000E+00 +0.000000E+00
 +0.130720E+01 -0.104040E+03 -0.925178E+02 -0.751183E+02 -0.553199E+02 +0.191762E+02 +0.000000E+00 +0.000000E+00 -0.706761E-03 -0.376169E-03 +0.000000E+00 +0.728695E-03 +0.000000E+00 +0.000000E+00
 +0.130720E+01 -0.104050E+03 -0.924645E+02 -0.749730E+02 -0.552544E+02 +0.190600E+02 +0.000000E+00 +0.000000E+00 -0.706992E-03 -0.374654E-03 +0.000000E+00 +0.724281E-03 +0.000000E+00 +0.000000E+00
 +0.130720E+01 -0.104060E+03 -0.924111E+02 -0.748278E+02 -0.551888E+02 +0.189439E+02 +0.000000E+00 +0.000000E+00 -0.707224E-03 -0.373139E-03 +0.000000E+00 +0.719867E-03 +0.000000E+00 +0.000000E+00
 +0.130720E+01 -0.104070E+03 -0.923578E+02 -0.746825E+02 -0.551233E+02 +0.188277E+02 +0.000000E+00 +0.000000E+00 -0.707455E-03 -0.371625E-03 +0.000000E+00 +0.715453E-03 +0.000000E+00 +0.000000E+00
 +0.130720E+01 -0.104080E+03 -0.923045E+02 -0.745373E+02 -0.550578E+02 +0.187116E+02 +0.000000E+00 +0.000000E+00 -0.707687E-03 -0.370110E-03 +0.000000E+00 +0.711039E-03 +0.000000E+00 +0.000000E+00
 +0.130720E+01 -0.104090E+03 -0.922511E+02 -0.743920E+02 -0.549922E+02 +0.185954E+02 +0.000000E+00 +0.000000E+00 -0.707919E-03 -0.368596E-03 +0.000000E+00 +0.706625E-03 +0.000000E+00 +0.000000E+00
 +0.130720E+01 -0.104100E+03 -0.921978E+02 -0.742467E+02 -0.549267E+02 +0.184792E+02 +0.000000E+00 +0.000000E+00 -0.708150E-03 -0.367081E-03 +0.000000E+00 +0.702211E-03 +0.000000E+00 +0.000000E+00
 +0.130720E+01 -0.104110E+03 -0.921444E+02 -0.741015E+02 -0.548611E+02 +0.183631E+02 +0.000000E+00 +0.000000E+00 -0.708382E-03 -0.365567E-03 +0.000000E+00 +0.697797E-03 +0.000000E+00 +0.000000E+00
 +0.130720E+01 -0.104120E+03 -0.920911E+02 -0.739562E+02 -0.547956E+02 +0.182469E+02 +0.000000E+00 +0.000000E+00 -0.708614E-03 -0.364052E-03 +0.000000E+00 +0.693383E-03 +0.000000E+00 +0.000000E+00
 +0.130720E+01 -0.104130E+03 -0.920377E+02 -0.738110E+02 -0.547301E+02 +0.181308E+02 +0.000000E+00 +0.000000E+00 -0.708845E-03 -0.362537E-03 +0.000000E+00 +0.688969E-03 +0.000000E+00 +0.000000E+00
 +0.130720E+01 -0.104140E+03 -0.919844E+02 -0.736657E+02 -0.546645E+02 +0.180146E+02 +0.000000E+00 +0.000000E+00 -0.709077E-03 -0.361023E-03 +0.000000E+00 +0.684554E-03 +0.000000E+00 +0.000000E+00
 +0.130720E+01 -0.104150E+03 -0.919310E+02 -0.735205E+02 -0.545990E+02 +0.178984E+02 +0.000000E+00 +0.000000E+00 -0.709309E-03 -0.359508E-03 +0.000000E+00 +0.680140E-03 +0.000000E+00 +0.000000E+00
 +0.130720E+01 -0.104160E+03 -0.918777E+02 -0.733752E+02 -0.545335E+02 +0.177823E+02 +0.000000E+00 +0.000000E+00 -0.709540E-03 -0.357994E-03 +0.000000E+00 +0.675726E-03 +0.000000E+00 +0.000000E+00
 +0.130720E+01 -0.104170E+03 -0.918243E+02 -0.732300E+02 -0.544679E+02 +0.176661E+02 +0.000000E+00 +0.000000E+00 -0.709772E-03 -0.356479E-03 +0.000000E+00 +0.671312E-03 +0.000000E+00 +0.000000E+00
 +0.130720E+01 -0.104180E+03 -0.917710E+02 -0.730847E+02 -0.544024E+02 +0.175499E+02 +0.000000E+00 +0.000000E+00 -0.710003E-03 -0.354965E-03 +0.000000E+00 +0.666898E-03 +0.000000E+00 +0.000000E+00
 +0.130720E+01 -0.104190E+03 -0.917416E+02 -0.730216E+02 -0.543719E+02 +0.174677E+02 +0.000000E+00 +0.000000E+00 -0.710025E-03 -0.354345E-03 +0.000000E+00 +0.663773E-03 +0.000000E+00 +0.000000E+00
 +0.130720E+01 -0.104200E+03 -0.917124E+02 -0.729591E+02 -0.543416E+02 +0.173857E+02 +0.000000E+00 +0.000000E+00 -0.710045E-03 -0.353733E-03 +0.000000E+00 +0.660657E-03 +0.000000E+00 +0.000000E+00
 +0.130720E+01 -0.104210E+03 -0.916832E+02 -0.728966E+02 -0.543113E+02 +0.173037E+02 +0.000000E+00 +0.000000E+00 -0.710066E-03 -0.353120E-03 +0.000000E+00 +0.657542E-03 +0.000000E+00 +0.000000E+00
 +0.130720E+01 -0.104220E+03 -0.916540E+02 -0.728341E+02 -0.542811E+02 +0.172217E+02 +0.000000E+00 +0.000000E+00 -0.710086E-03 -0.352508E-03 +0.000000E+00 +0.654426E-03 +0.000000E+00 +0.000000E+00
 +0.130720E+01 -0.104230E+03 -0.916248E+02 -0.727716E+02 -0.542508E+02 +0.171398E+02 +0.000000E+00 +0.000000E+00 -0.710106E-03 -0.351895E-03 +0.000000E+00 +0.651311E-03 +0.000000E+00 +0.000000E+00
 +0.130720E+01 -0.104240E+03 -0.915956E+02 -0.727091E+02 -0.542206E+02 +0.170578E+02 +0.000000E+00 +0.000000E+00 -0.710126E-03 -0.351283E-03 +0.000000E+00 +0.648195E-03 +0.000000E+00 +0.000000E+00
 +0.130720E+01 -0.104250E+03 -0.915664E+02 -0.726467E+02 -0.541903E+02 +0.169758E+02 +0.000000E+00 +0.000000E+00 -0.710146E-03 -0.350670E-03 +0.000000E+00 +0.645080E-03 +0.000000E+00 +0.000000E+00
 +0.130720E+01 -0.104260E+03 -0.915372E+02 -0.725842E+02 -0.541601E+02 +0.168938E+02 +0.000000E+00 +0.000000E+00 -0.710166E-03 -0.350058E-03 +0.000000E+00 +0.641964E-03 +0.000000E+00 +0.000000E+00
 +0.130720E+01 -0.104270E+03 -0.915080E+02 -0.725217E+02 -0.541298E+02 +0.168118E+02 +0.000000E+00 +0.000000E+00 -0.710187E-03 -0.349445E-03 +0.000000E+00 +0.638849E-03 +0.000000E+00 +0.000000E+00
 +0.130720E+01 -0.104280E+03 -0.914789E+02 -0.724592E+02 -0.540996E+02 +0.167298E+02 +0.000000E+00 +0.000000E+00 -0.710207E-03 -0.348833E-03 +0.000000E+00 +0.635733E-03 +0.000000E+00 +0.000000E+00
 +0.130720E+01 -0.104290E+03 -0.914497E+02 -0.723967E+02 -0.540693E+02 +0.166478E+02 +0.000000E+00 +0.000000E+00 -0.710227E-03 -0.348221E-03 +0.000000E+00 +0.632618E-03 +0.000000E+00 +0.000000E+00
 +0.130720E+01 -0.104300E+03 -0.914205E+02 -0.723342E+02 -0.540390E+02 +0.165659E+02 +0.000000E+00 +0.000000E+00 -0.710247E-03 -0.347608E-03 +0.000000E+00 +0.629503E-03 +0.000000E+00 +0.000000E+00
 +0.130720E+01 -0.104310E+03 -0.913913E+02 -0.722717E+02 -0.540088E+02 +0.164839E+02 +0.000000E+00 +0.000000E+00 -0.710267E-03 -0.346996E-03 +0.000000E+00 +0.626387E-03 +0.000000E+00 +0.000000E+00
 +0.130720E+01 -0.104320E+03 -0.913621E+02 -0.722092E+02 -0.539785E+02 +0.164019E+02 +0.000000E+00 +0.000000E+00 -0.710287E-03 -0.346383E-03 +0.000000E+00 +0.623272E-03 +0.000000E+00 +0.000000E+00
 +0.130720E+01 -0.104330E+03 -0.913329E+02 -0.721467E+02 -0.539483E+02 +0.163199E+02 +0.000000E+00 +0.000000E+00 -0.710308E-03 -0.345771E-03 +0.000000E+00 +0.620156E-03 +0.000000E+00 +0.000000E+00
 +0.130720E+01 -0.104340E+03 -0.913037E+02 -0.720842E+02 -0.539180E+02 +0.162379E+02 +0.000000E+00 +0.000000E+00 -0.710328E-03 -0.345158E-03 +0.000000E+00 +0.617041E-03 +0.000000E+00 +0.000000E+00
 +0.130720E+01 -0.104350E+03 -0.912745E+02 -0.720217E+02 -0.538878E+02 +0.161559E+02 +0.000000E+00 +0.000000E+00 -0.710348E-03 -0.344546E-03 +0.000000E+00 +0.613925E-03 +0.000000E+00 +0.000000E+00
 +0.130720E+01 -0.104360E+03 -0.912453E+02 -0.719593E+02 -0.538575E+02 +0.160739E+02 +0.000000E+00 +0.000000E+00 -0.710368E-03 -0.343933E-03 +0.000000E+00 +0.610810E-03 +0.000000E+00 +0.000000E+00
 +0.130720E+01 -0.104370E+03 -0.912161E+02 -0.718968E+02 -0.538272E+02 +0.159920E+02 +0.000000E+00 +0.000000E+00 -0.710388E-03 -0.343321E-03 +0.000000E+00 +0.607694E-03 +0.000000E+00 +0.000000E+00
 +0.130720E+01 -0.104380E+03 -0.911869E+02 -0.718343E+02 -0.537970E+02 +0.159100E+02 +0.000000E+00 +0.000000E+00 -0.710408E-03 -0.342708E-03 +0.000000E+00 +0.604579E-03 +0.000000E+00 +0.000000E+00
 +0.130720E+01 -0.104390E+03 -0.911577E+02 -0.717718E+02 -0.537667E+02 +0.158280E+02 +0.000000E+00 +0.000000E+00 -0.710429E-03 -0.342096E-03 +0.000000E+00 +0.601463E-03 +0.000000E+00 +0.000000E+00
 +0.130720E+01 -0.104400E+03 -0.911502E+02 -0.716801E+02 -0.537340E+02 +0.157543E+02 +0.000000E+00 +0.000000E+00 -0.710907E-03 -0.340976E-03 +0.000000E+00 +0.598663E-03 +0.000000E+00 +0.000000E+00
 +0.130720E+01 -0.104410E+03 -0.911488E+02 -0.715801E+02 -0.537005E+02 +0.156829E+02 +0.000000E+00 +0.000000E+00 -0.711517E-03 -0.339712E-03 +0.000000E+00 +0.595952E-03 +0.000000E+00 +0.000000E+00
 +0.130720E+01 -0.104420E+03 -0.911475E+02 -0.714801E+02 -0.536671E+02 +0.156116E+02 +0.000000E+00 +0.000000E+00 -0.712127E-03 -0.338447E-03 +0.000000E+00 +0.593240E-03 +0.000000E+00 +0.000000E+00
 +0.130720E+01 -0.104430E+03 -0.911461E+02 -0.713801E+02 -0.536337E+02 +0.155402E+02 +0.000000E+00 +0.000000E+00 -0.712737E-03 -0.337183E-03 +0.000000E+00 +0.590529E-03 +0.000000E+00 +0.000000E+00
 +0.130720E+01 -0.104440E+03 -0.911448E+02 -0.712801E+02 -0.536002E+02 +0.154689E+02 +0.000000E+00 +0.000000E+00 -0.713346E-03 -0.335918E-03 +0.000000E+00 +0.587818E-03 +0.000000E+00 +0.000000E+00
 +0.130720E+01 -0.104450E+03 -0.911434E+02 -0.711801E+02 -0.535668E+02 +0.153976E+02 +0.000000E+00 +0.000000E+00 -0.713956E-03 -0.334654E-03 +0.000000E+00 +0.585107E-03 +0.000000E+00 +0.000000E+00
 +0.130720E+01 -0.104460E+03 -0.911421E+02 -0.710801E+02 -0.535333E+02 +0.153262E+02 +0.000000E+00 +0.000000E+00 -0.714566E-03 -0.333389E-03 +0.000000E+00 +0.582396E-03 +0.000000E+00 +0.000000E+00
 +0.130720E+01 -0.104470E+03 -0.911407E+02 -0.709801E+02 -0.534999E+02 +0.152549E+02 +0.000000E+00 +0.000000E+00 -0.715176E-03 -0.332125E-03 +0.000000E+00 +0.579685E-03 +0.000000E+00 +0.000000E+00
 +0.130720E+01 -0.104480E+03 -0.911394E+02 -0.708801E+02 -0.534664E+02 +0.151835E+02 +0.000000E+00 +0.000000E+00 -0.715785E-03 -0.330861E-03 +0.000000E+00 +0.576974E-03 +0.000000E+00 +0.000000E+00
 +0.130720E+01 -0.104490E+03 -0.911380E+02 -0.707802E+02 -0.534330E+02 +0.151122E+02 +0.000000E+00 +0.000000E+00 -0.716395E-03 -0.329596E-03 +0.000000E+00 +0.574263E-03 +0.000000E+00 +0.000000E+00
 +0.130720E+01 -0.104500E+03 -0.911366E+02 -0.706802E+02 -0.533995E+02 +0.150408E+02 +0.000000E+00 +0.000000E+00 -0.717005E-03 -0.328332E-03 +0.000000E+00 +0.571552E-03 +0.000000E+00 +0.000000E+00
 +0.130720E+01 -0.104510E+03 -0.911353E+02 -0.705802E+02 -0.533661E+02 +0.149695E+02 +0.000000E+00 +0.000000E+00 -0.717615E-03 -0.327067E-03 +0.000000E+00 +0.568841E-03 +0.000000E+00 +0.000000E+00
 +0.130720E+01 -0.104520E+03 -0.911339E+02 -0.704802E+02 -0.533327E+02 +0.148982E+02 +0.000000E+00 +0.000000E+00 -0.718224E-03 -0.325803E-03 +0.000000E+00 +0.566130E-03 +0.000000E+00 +0.000000E+00
 +0.130720E+01 -0.104530E+03 -0.911326E+02 -0.703802E+02 -0.532992E+02 +0.148268E+02 +0.000000E+00 +0.000000E+00 -0.718834E-03 -0.324538E-03 +0.000000E+00 +0.563419E-03 +0.000000E+00 +0.000000E+00
 +0.130720E+01 -0.104540E+03 -0.911312E+02 -0.702802E+02 -0.532658E+02 +0.147555E+02 +0.000000E+00 +0.000000E+00 -0.719444E-03 -0.323274E-03 +0.000000E+00 +0.560708E-03 +0.000000E+00 +0.000000E+00
 +0.130720E+01 -0.104550E+03 -0.911299E+02 -0.701802E+02 -0.532323E+02 +0.146841E+02 +0.000000E+00 +0.000000E+00 -0.720054E-03 -0.322009E-03 +0.000000E+00 +0.557997E-03 +0.000000E+00 +0.000000E+00
 +0.130720E+01 -0.104560E+03 -0.911285E+02 -0.700802E+02 -0.531989E+02 +0.146128E+02 +0.000000E+00 +0.000000E+00 -0.720663E-03 -0.320745E-03 +0.000000E+00 +0.555286E-03 +0.000000E+00 +0.000000E+00
 +0.130720E+01 -0.104570E+03 -0.911272E+02 -0.699802E+02 -0.531654E+02 +0.145414E+02 +0.000000E+00 +0.000000E+00 -0.721273E-03 -0.319480E-03 +0.000000E+00 +0.552575E-03 +0.000000E+00 +0.000000E+00
 +0.130720E+01 -0.104580E+03 -0.911163E+02 -0.698845E+02 -0.531303E+02 +0.144770E+02 +0.000000E+00 +0.000000E+00 -0.721734E-03 -0.318331E-03 +0.000000E+00 +0.550125E-03 +0.000000E+00 +0.000000E+00
 +0.130720E+01 -0.104590E+03 -0.910902E+02 -0.697958E+02 -0.530924E+02 +0.144235E+02 +0.000000E+00 +0.000000E+00 -0.721958E-03 -0.317365E-03 +0.000000E+00 +0.548093E-03 +0.000000E+00 +0.000000E+00
 +0.130720E+01 -0.104600E+03 -0.910641E+02 -0.697071E+02 -0.530545E+02 +0.143700E+02 +0.000000E+00 +0.000000E+00 -0.722182E-03 -0.316400E-03 +0.000000E+00 +0.546060E-03 +0.000000E+00 +0.000000E+00
 +0.130720E+01 -0.104610E+03 -0.910380E+02 -0.696184E+02 -0.530166E+02 +0.143165E+02 +0.000000E+00 +0.000000E+00 -0.722406E-03 -0.315434E-03 +0.000000E+00 +0.544028E-03 +0.000000E+00 +0.000000E+00
 +0.130720E+01 -0.104620E+03 -0.910119E+02 -0.695297E+02 -0.529787E+02 +0.142630E+02 +0.000000E+00 +0.000000E+00 -0.722631E-03 -0.314468E-03 +0.000000E+00 +0.541995E-03 +0.000000E+00 +0.000000E+00
 +0.130720E+01 -0.104630E+03 -0.909858E+02 -0.694409E+02 -0.529408E+02 +0.142095E+02 +0.000000E+00 +0.000000E+00 -0.722855E-03 -0.313502E-03 +0.000000E+00 +0.539963E-03 +0.000000E+00 +0.000000E+00
 +0.130720E+01 -0.104640E+03 -0.909597E+02 -0.693522E+02 -0.529029E+02 +0.141561E+02 +0.000000E+00 +0.000000E+00 -0.723079E-03 -0.312537E-03 +0.000000E+00 +0.537930E-03 +0.000000E+00 +0.000000E+00
 +0.130720E+01 -0.104650E+03 -0.909336E+02 -0.692635E+02 -0.528651E+02 +0.141026E+02 +0.000000E+00 +0.000000E+00 -0.723303E-03 -0.311571E-03 +0.000000E+00 +0.535898E-03 +0.000000E+00 +0.000000E+00
 +0.130720E+01 -0.104660E+03 -0.909075E+02 -0.691748E+02 -0.528272E+02 +0.140491E+02 +0.000000E+00 +0.000000E+00 -0.723527E-03 -0.310605E-03 +0.000000E+00 +0.533865E-03 +0.000000E+00 +0.000000E+00
 +0.130720E+01 -0.104670E+03 -0.908814E+02 -0.690861E+02 -0.527893E+02 +0.139956E+02 +0.000000E+00 +0.000000E+00 -0.723751E-03 -0.309639E-03 +0.000000E+00 +0.531833E-03 +0.000000E+00 +0.000000E+00
 +0.130720E+01 -0.104680E+03 -0.908553E+02 -0.689974E+02 -0.527514E+02 +0.139421E+02 +0.000000E+00 +0.000000E+00 -0.723975E-03 -0.308673E-03 +0.000000E+00 +0.529800E-03 +0.000000E+00 +0.000000E+00
 +0.130720E+01 -0.104690E+03 -0.908292E+02 -0.689086E+02 -0.527135E+02 +0.138886E+02 +0.000000E+00 +0.000000E+00 -0.724199E-03 -0.307708E-03 +0.000000E+00 +0.527768E-03 +0.000000E+00 +0.000000E+00
 +0.130720E+01 -0.104700E+03 -0.908031E+02 -0.688199E+02 -0.526756E+02 +0.138351E+02 +0.000000E+00 +0.000000E+00 -0.724423E-03 -0.306742E-03 +0.000000E+00 +0.525735E-03 +0.000000E+00 +0.000000E+00
 +0.130720E+01 -0.104710E+03 -0.907770E+02 -0.687312E+02 -0.526377E+02 +0.137817E+02 +0.000000E+00 +0.000000E+00 -0.724647E-03 -0.305776E-03 +0.000000E+00 +0.523703E-03 +0.000000E+00 +0.000000E+00
 +0.130720E+01 -0.104720E+03 -0.907509E+02 -0.686425E+02 -0.525998E+02 +0.137282E+02 +0.000000E+00 +0.000000E+00 -0.724871E-03 -0.304810E-03 +0.000000E+00 +0.521670E-03 +0.000000E+00 +0.000000E+00
 +0.130720E+01 -0.104730E+03 -0.907249E+02 -0.685538E+02 -0.525619E+02 +0.136747E+02 +0.000000E+00 +0.000000E+00 -0.725095E-03 -0.303845E-03 +0.000000E+00 +0.519638E-03 +0.000000E+00 +0.000000E+00
 +0.130720E+01 -0.104740E+03 -0.906988E+02 -0.684651E+02 -0.525241E+02 +0.136212E+02 +0.000000E+00 +0.000000E+00 -0.725319E-03 -0.302879E-03 +0.000000E+00 +0.517605E-03 +0.000000E+00 +0.000000E+00
 +0.130720E+01 -0.104750E+03 -0.906727E+02 -0.683763E+02 -0.524862E+02 +0.135677E+02 +0.000000E+00 +0.000000E+00 -0.725543E-03 -0.301913E-03 +0.000000E+00 +0.515573E-03 +0.000000E+00 +0.000000E+00
 +0.130720E+01 -0.104760E+03 -0.906466E+02 -0.682876E+02 -0.524483E+02 +0.135142E+02 +0.000000E+00 +0.000000E+00 -0.725767E-03 -0.300947E-03 +0.000000E+00 +0.513540E-03 +0.000000E+00 +0.000000E+00
 +0.130720E+01 -0.104770E+03 -0.906205E+02 -0.681989E+02 -0.524104E+02 +0.134607E+02 +0.000000E+00 +0.000000E+00 -0.725991E-03 -0.299982E-03 +0.000000E+00 +0.511508E-03 +0.000000E+00 +0.000000E+00
 +0.130720E+01 -0.104780E+03 -0.905944E+02 -0.681102E+02 -0.523725E+02 +0.134072E+02 +0.000000E+00 +0.000000E+00 -0.726216E-03 -0.299016E-03 +0.000000E+00 +0.509475E-03 +0.000000E+00 +0.000000E+00
 +0.130720E+01 -0.104790E+03 -0.905683E+02 -0.680215E+02 -0.523346E+02 +0.133538E+02 +0.000000E+00 +0.000000E+00 -0.726440E-03 -0.298050E-03 +0.000000E+00 +0.507443E-03 +0.000000E+00 +0.000000E+00
 +0.130720E+01 -0.104800E+03 -0.905422E+02 -0.679327E+02 -0.522967E+02 +0.133003E+02 +0.000000E+00 +0.000000E+00 -0.726664E-03 -0.297084E-03 +0.000000E+00 +0.505410E-03 +0.000000E+00 +0.000000E+00
 +0.130720E+01 -0.104810E+03 -0.905161E+02 -0.678440E+02 -0.522588E+02 +0.132468E+02 +0.000000E+00 +0.000000E+00 -0.726888E-03 -0.296119E-03 +0.000000E+00 +0.503378E-03 +0.000000E+00 +0.000000E+00
 +0.130720E+01 -0.104820E+03 -0.904900E+02 -0.677553E+02 -0.522209E+02 +0.131933E+02 +0.000000E+00 +0.000000E+00 -0.727112E-03 -0.295153E-03 +0.000000E+00 +0.501345E-03 +0.000000E+00 +0.000000E+00
 +0.130720E+01 -0.104830E+03 -0.904639E+02 -0.676666E+02 -0.521831E+02 +0.131398E+02 +0.000000E+00 +0.000000E+00 -0.727336E-03 -0.294187E-03 +0.000000E+00 +0.499313E-03 +0.000000E+00 +0.000000E+00
 +0.130720E+01 -0.104840E+03 -0.904378E+02 -0.675779E+02 -0.521452E+02 +0.130863E+02 +0.000000E+00 +0.000000E+00 -0.727560E-03 -0.293221E-03 +0.000000E+00 +0.497280E-03 +0.000000E+00 +0.000000E+00
 +0.130720E+01 -0.104850E+03 -0.904117E+02 -0.674892E+02 -0.521073E+02 +0.130328E+02 +0.000000E+00 +0.000000E+00 -0.727784E-03 -0.292256E-03 +0.000000E+00 +0.495248E-03 +0.000000E+00 +0.000000E+00
 +0.130720E+01 -0.104860E+03 -0.903856E+02 -0.674004E+02 -0.520694E+02 +0.129794E+02 +0.000000E+00 +0.000000E+00 -0.728008E-03 -0.291290E-03 +0.000000E+00 +0.493215E-03 +0.000000E+00 +0.000000E+00
 +0.130720E+01 -0.104870E+03 -0.903595E+02 -0.673117E+02 -0.520315E+02 +0.129259E+02 +0.000000E+00 +0.000000E+00 -0.728232E-03 -0.290324E-03 +0.000000E+00 +0.491183E-03 +0.000000E+00 +0.000000E+00
 +0.130720E+01 -0.104880E+03 -0.903334E+02 -0.672230E+02 -0.519936E+02 +0.128724E+02 +0.000000E+00 +0.000000E+00 -0.728456E-03 -0.289358E-03 +0.000000E+00 +0.489150E-03 +0.000000E+00 +0.000000E+00
 +0.130720E+01 -0.104890E+03 -0.903073E+02 -0.671343E+02 -0.519557E+02 +0.128189E+02 +0.000000E+00 +0.000000E+00 -0.728680E-03 -0.288393E-03 +0.000000E+00 +0.487118E-03 +0.000000E+00 +0.000000E+00
 +0.130720E+01 -0.104900E+03 -0.902812E+02 -0.670456E+02 -0.519178E+02 +0.127654E+02 +0.000000E+00 +0.000000E+00 -0.728904E-03 -0.287427E-03 +0.000000E+00 +0.485085E-03 +0.000000E+00 +0.000000E+00
 +0.130720E+01 -0.104910E+03 -0.902551E+02 -0.669568E+02 -0.518800E+02 +0.127119E+02 +0.000000E+00 +0.000000E+00 -0.729128E-03 -0.286461E-03 +0.000000E+00 +0.483053E-03 +0.000000E+00 +0.000000E+00
 +0.130720E+01 -0.104920E+03 -0.902290E+02 -0.668681E+02 -0.518421E+02 +0.126584E+02 +0.000000E+00 +0.000000E+00 -0.729352E-03 -0.285495E-03 +0.000000E+00 +0.481020E-03 +0.000000E+00 +0.000000E+00
 +0.130720E+01 -0.104930E+03 -0.902029E+02 -0.667794E+02 -0.518042E+02 +0.126049E+02 +0.000000E+00 +0.000000E+00 -0.729577E-03 -0.284529E-03 +0.000000E+00 +0.478988E-03 +0.000000E+00 +0.000000E+00
 +0.130720E+01 -0.104940E+03 -0.901768E+02 -0.666907E+02 -0.517663E+02 +0.125515E+02 +0.000000E+00 +0.000000E+00 -0.729801E-03 -0.283564E-03 +0.000000E+00 +0.476955E-03 +0.000000E+00 +0.000000E+00
 +0.130720E+01 -0.104950E+03 -0.901507E+02 -0.666020E+02 -0.517284E+02 +0.124980E+02 +0.000000E+00 +0.000000E+00 -0.730025E-03 -0.282598E-03 +0.000000E+00 +0.474923E-03 +0.000000E+00 +0.000000E+00
 +0.130720E+01 -0.104960E+03 -0.901247E+02 -0.665133E+02 -0.516905E+02 +0.124445E+02 +0.000000E+00 +0.000000E+00 -0.730249E-03 -0.281632E-03 +0.000000E+00 +0.472890E-03 +0.000000E+00 +0.000000E+00
 +0.130720E+01 -0.104970E+03 -0.900986E+02 -0.664245E+02 -0.516526E+02 +0.123910E+02 +0.000000E+00 +0.000000E+00 -0.730473E-03 -0.280666E-03 +0.000000E+00 +0.470858E-03 +0.000000E+00 +0.000000E+00
 +0.130720E+01 -0.104980E+03 -0.900725E+02 -0.663358E+02 -0.516147E+02 +0.123375E+02 +0.000000E+00 +0.000000E+00 -0.730697E-03 -0.279701E-03 +0.000000E+00 +0.468825E-03 +0.000000E+00 +0.000000E+00
 +0.130720E+01 -0.104990E+03 -0.900464E+02 -0.662471E+02 -0.515768E+02 +0.122840E+02 +0.000000E+00 +0.000000E+00 -0.730921E-03 -0.278735E-03 +0.000000E+00 +0.466793E-03 +0.000000E+00 +0.000000E+00
