%X Y s_xx s_yy s_zz s_xy s_xz s_yz e_xx e_yy e_zz e_xy e_xz e_yz
 +0.130720E+01 -0.100000E+03 -0.403471E+03 -0.219357E+02 -0.140384E+03 +0.320396E+02 +0.000000E+00 +0.000000E+00 -0.499865E-02 +0.225052E-02 +0.000000E+00 +0.121750E-02 +0.000000E+00 +0.000000E+00
 +0.130720E+01 -0.100010E+03 -0.396046E+03 -0.278780E+02 -0.139895E+03 +0.368589E+02 +0.000000E+00 +0.000000E+00 -0.486687E-02 +0.212832E-02 +0.000000E+00 +0.140064E-02 +0.000000E+00 +0.000000E+00
 +0.130720E+01 -0.100020E+03 -0.388628E+03 -0.337962E+02 -0.139400E+03 +0.417396E+02 +0.000000E+00 +0.000000E+00 -0.473533E-02 +0.200647E-02 +0.000000E+00 +0.158611E-02 +0.000000E+00 +0.000000E+00
 +0.130720E+01 -0.100030E+03 -0.381533E+03 -0.384965E+02 -0.138610E+03 +0.497271E+02 +0.000000E+00 +0.000000E+00 -0.461554E-02 +0.190215E-02 +0.000000E+00 +0.188963E-02 +0.000000E+00 +0.000000E+00
 +0.130720E+01 -0.100040E+03 -0.374502E+03 -0.431574E+02 -0.137827E+03 +0.575769E+02 +0.000000E+00 +0.000000E+00 -0.449681E-02 +0.179873E-02 +0.000000E+00 +0.218792E-02 +0.000000E+00 +0.000000E+00
 +0.130720E+01 -0.100050E+03 -0.369028E+03 -0.468396E+02 -0.137236E+03 +0.620172E+02 +0.000000E+00 +0.000000E+00 -0.440404E-02 +0.171754E-02 +0.000000E+00 +0.235665E-02 +0.000000E+00 +0.000000E+00
 +0.130720E+01 -0.100060E+03 -0.363594E+03 -0.504863E+02 -0.136646E+03 +0.663775E+02 +0.000000E+00 +0.000000E+00 -0.431200E-02 +0.163704E-02 +0.000000E+00 +0.252235E-02 +0.000000E+00 +0.000000E+00
 +0.130720E+01 -0.100070E+03 -0.358806E+03 -0.535576E+02 -0.136080E+03 +0.694453E+02 +0.000000E+00 +0.000000E+00 -0.423179E-02 +0.156792E-02 +0.000000E+00 +0.263892E-02 +0.000000E+00 +0.000000E+00
 +0.130720E+01 -0.100080E+03 -0.354058E+03 -0.565945E+02 -0.135515E+03 +0.724458E+02 +0.000000E+00 +0.000000E+00 -0.415231E-02 +0.149949E-02 +0.000000E+00 +0.275294E-02 +0.000000E+00 +0.000000E+00
 +0.130720E+01 -0.100090E+03 -0.349780E+03 -0.592218E+02 -0.134970E+03 +0.746460E+02 +0.000000E+00 +0.000000E+00 -0.408138E-02 +0.143923E-02 +0.000000E+00 +0.283655E-02 +0.000000E+00 +0.000000E+00
 +0.130720E+01 -0.100100E+03 -0.345540E+03 -0.618155E+02 -0.134427E+03 +0.767903E+02 +0.000000E+00 +0.000000E+00 -0.401114E-02 +0.137962E-02 +0.000000E+00 +0.291803E-02 +0.000000E+00 +0.000000E+00
 +0.130720E+01 -0.100110E+03 -0.341653E+03 -0.640973E+02 -0.133898E+03 +0.784138E+02 +0.000000E+00 +0.000000E+00 -0.394736E-02 +0.132621E-02 +0.000000E+00 +0.297973E-02 +0.000000E+00 +0.000000E+00
 +0.130720E+01 -0.100120E+03 -0.337805E+03 -0.663465E+02 -0.133370E+03 +0.799888E+02 +0.000000E+00 +0.000000E+00 -0.388427E-02 +0.127345E-02 +0.000000E+00 +0.303958E-02 +0.000000E+00 +0.000000E+00
 +0.130720E+01 -0.100130E+03 -0.334246E+03 -0.683479E+02 -0.132856E+03 +0.811954E+02 +0.000000E+00 +0.000000E+00 -0.382641E-02 +0.122565E-02 +0.000000E+00 +0.308543E-02 +0.000000E+00 +0.000000E+00
 +0.130720E+01 -0.100140E+03 -0.330725E+03 -0.703175E+02 -0.132344E+03 +0.823598E+02 +0.000000E+00 +0.000000E+00 -0.376924E-02 +0.117850E-02 +0.000000E+00 +0.312967E-02 +0.000000E+00 +0.000000E+00
 +0.130720E+01 -0.100150E+03 -0.327446E+03 -0.720848E+02 -0.131845E+03 +0.832552E+02 +0.000000E+00 +0.000000E+00 -0.371642E-02 +0.113545E-02 +0.000000E+00 +0.316370E-02 +0.000000E+00 +0.000000E+00
 +0.130720E+01 -0.100160E+03 -0.324206E+03 -0.738212E+02 -0.131349E+03 +0.841137E+02 +0.000000E+00 +0.000000E+00 -0.366428E-02 +0.109303E-02 +0.000000E+00 +0.319632E-02 +0.000000E+00 +0.000000E+00
 +0.130720E+01 -0.100170E+03 -0.321173E+03 -0.753895E+02 -0.130866E+03 +0.847705E+02 +0.000000E+00 +0.000000E+00 -0.361585E-02 +0.105405E-02 +0.000000E+00 +0.322128E-02 +0.000000E+00 +0.000000E+00
 +0.130720E+01 -0.100180E+03 -0.318179E+03 -0.769278E+02 -0.130385E+03 +0.853949E+02 +0.000000E+00 +0.000000E+00 -0.356808E-02 +0.101569E-02 +0.000000E+00 +0.324501E-02 +0.000000E+00 +0.000000E+00
 +0.130720E+01 -0.100190E+03 -0.315365E+03 -0.783248E+02 -0.129918E+03 +0.858660E+02 +0.000000E+00 +0.000000E+00 -0.352350E-02 +0.980265E-03 +0.000000E+00 +0.326291E-02 +0.000000E+00 +0.000000E+00
 +0.130720E+01 -0.100200E+03 -0.312589E+03 -0.796929E+02 -0.129453E+03 +0.863086E+02 +0.000000E+00 +0.000000E+00 -0.347958E-02 +0.945442E-03 +0.000000E+00 +0.327973E-02 +0.000000E+00 +0.000000E+00
 +0.130720E+01 -0.100210E+03 -0.309970E+03 -0.809410E+02 -0.129001E+03 +0.866332E+02 +0.000000E+00 +0.000000E+00 -0.343842E-02 +0.913132E-03 +0.000000E+00 +0.329206E-02 +0.000000E+00 +0.000000E+00
 +0.130720E+01 -0.100220E+03 -0.307389E+03 -0.821615E+02 -0.128552E+03 +0.869330E+02 +0.000000E+00 +0.000000E+00 -0.339790E-02 +0.881410E-03 +0.000000E+00 +0.330345E-02 +0.000000E+00 +0.000000E+00
 +0.130720E+01 -0.100230E+03 -0.304945E+03 -0.832797E+02 -0.128114E+03 +0.871413E+02 +0.000000E+00 +0.000000E+00 -0.335979E-02 +0.851854E-03 +0.000000E+00 +0.331137E-02 +0.000000E+00 +0.000000E+00
 +0.130720E+01 -0.100240E+03 -0.302538E+03 -0.843715E+02 -0.127680E+03 +0.873281E+02 +0.000000E+00 +0.000000E+00 -0.332230E-02 +0.822866E-03 +0.000000E+00 +0.331847E-02 +0.000000E+00 +0.000000E+00
 +0.130720E+01 -0.100250E+03 -0.300253E+03 -0.853757E+02 -0.127257E+03 +0.874437E+02 +0.000000E+00 +0.000000E+00 -0.328691E-02 +0.795753E-03 +0.000000E+00 +0.332286E-02 +0.000000E+00 +0.000000E+00
 +0.130720E+01 -0.100260E+03 -0.298003E+03 -0.863546E+02 -0.126838E+03 +0.875406E+02 +0.000000E+00 +0.000000E+00 -0.325214E-02 +0.769187E-03 +0.000000E+00 +0.332654E-02 +0.000000E+00 +0.000000E+00
 +0.130720E+01 -0.100270E+03 -0.295861E+03 -0.872584E+02 -0.126429E+03 +0.875819E+02 +0.000000E+00 +0.000000E+00 -0.321920E-02 +0.744247E-03 +0.000000E+00 +0.332811E-02 +0.000000E+00 +0.000000E+00
 +0.130720E+01 -0.100280E+03 -0.293753E+03 -0.881382E+02 -0.126024E+03 +0.876071E+02 +0.000000E+00 +0.000000E+00 -0.318685E-02 +0.719832E-03 +0.000000E+00 +0.332907E-02 +0.000000E+00 +0.000000E+00
 +0.130720E+01 -0.100290E+03 -0.291740E+03 -0.889535E+02 -0.125629E+03 +0.875888E+02 +0.000000E+00 +0.000000E+00 -0.315611E-02 +0.696829E-03 +0.000000E+00 +0.332837E-02 +0.000000E+00 +0.000000E+00
 +0.130720E+01 -0.100300E+03 -0.289760E+03 -0.897460E+02 -0.125237E+03 +0.875565E+02 +0.000000E+00 +0.000000E+00 -0.312594E-02 +0.674329E-03 +0.000000E+00 +0.332715E-02 +0.000000E+00 +0.000000E+00
 +0.130720E+01 -0.100310E+03 -0.287864E+03 -0.904829E+02 -0.124854E+03 +0.874903E+02 +0.000000E+00 +0.000000E+00 -0.309718E-02 +0.653057E-03 +0.000000E+00 +0.332463E-02 +0.000000E+00 +0.000000E+00
 +0.130720E+01 -0.100320E+03 -0.286000E+03 -0.911983E+02 -0.124475E+03 +0.874120E+02 +0.000000E+00 +0.000000E+00 -0.306897E-02 +0.632266E-03 +0.000000E+00 +0.332166E-02 +0.000000E+00 +0.000000E+00
 +0.130720E+01 -0.100330E+03 -0.284210E+03 -0.918658E+02 -0.124105E+03 +0.873072E+02 +0.000000E+00 +0.000000E+00 -0.304199E-02 +0.612543E-03 +0.000000E+00 +0.331767E-02 +0.000000E+00 +0.000000E+00
 +0.130720E+01 -0.100340E+03 -0.282451E+03 -0.925130E+02 -0.123738E+03 +0.871921E+02 +0.000000E+00 +0.000000E+00 -0.301554E-02 +0.593278E-03 +0.000000E+00 +0.331330E-02 +0.000000E+00 +0.000000E+00
 +0.130720E+01 -0.100350E+03 -0.280757E+03 -0.931188E+02 -0.123379E+03 +0.870561E+02 +0.000000E+00 +0.000000E+00 -0.299018E-02 +0.574943E-03 +0.000000E+00 +0.330813E-02 +0.000000E+00 +0.000000E+00
 +0.130720E+01 -0.100360E+03 -0.279093E+03 -0.937055E+02 -0.123024E+03 +0.869114E+02 +0.000000E+00 +0.000000E+00 -0.296533E-02 +0.557045E-03 +0.000000E+00 +0.330263E-02 +0.000000E+00 +0.000000E+00
 +0.130720E+01 -0.100370E+03 -0.277487E+03 -0.942565E+02 -0.122675E+03 +0.867503E+02 +0.000000E+00 +0.000000E+00 -0.294142E-02 +0.539958E-03 +0.000000E+00 +0.329651E-02 +0.000000E+00 +0.000000E+00
 +0.130720E+01 -0.100380E+03 -0.275910E+03 -0.947894E+02 -0.122331E+03 +0.865818E+02 +0.000000E+00 +0.000000E+00 -0.291800E-02 +0.523285E-03 +0.000000E+00 +0.329011E-02 +0.000000E+00 +0.000000E+00
 +0.130720E+01 -0.100390E+03 -0.274383E+03 -0.952915E+02 -0.121993E+03 +0.864005E+02 +0.000000E+00 +0.000000E+00 -0.289542E-02 +0.507321E-03 +0.000000E+00 +0.328322E-02 +0.000000E+00 +0.000000E+00
 +0.130720E+01 -0.100400E+03 -0.272885E+03 -0.957767E+02 -0.121658E+03 +0.862128E+02 +0.000000E+00 +0.000000E+00 -0.287330E-02 +0.491750E-03 +0.000000E+00 +0.327609E-02 +0.000000E+00 +0.000000E+00
 +0.130720E+01 -0.100410E+03 -0.271431E+03 -0.962350E+02 -0.121330E+03 +0.860151E+02 +0.000000E+00 +0.000000E+00 -0.285192E-02 +0.476797E-03 +0.000000E+00 +0.326857E-02 +0.000000E+00 +0.000000E+00
 +0.130720E+01 -0.100420E+03 -0.270004E+03 -0.966775E+02 -0.121005E+03 +0.858120E+02 +0.000000E+00 +0.000000E+00 -0.283098E-02 +0.462218E-03 +0.000000E+00 +0.326085E-02 +0.000000E+00 +0.000000E+00
 +0.130720E+01 -0.100430E+03 -0.268616E+03 -0.970968E+02 -0.120685E+03 +0.856010E+02 +0.000000E+00 +0.000000E+00 -0.281068E-02 +0.448180E-03 +0.000000E+00 +0.325284E-02 +0.000000E+00 +0.000000E+00
 +0.130720E+01 -0.100440E+03 -0.267254E+03 -0.975010E+02 -0.120369E+03 +0.853854E+02 +0.000000E+00 +0.000000E+00 -0.279081E-02 +0.434496E-03 +0.000000E+00 +0.324465E-02 +0.000000E+00 +0.000000E+00
 +0.130720E+01 -0.100450E+03 -0.265927E+03 -0.978852E+02 -0.120058E+03 +0.851637E+02 +0.000000E+00 +0.000000E+00 -0.277151E-02 +0.421286E-03 +0.000000E+00 +0.323622E-02 +0.000000E+00 +0.000000E+00
 +0.130720E+01 -0.100460E+03 -0.264625E+03 -0.982552E+02 -0.119751E+03 +0.849380E+02 +0.000000E+00 +0.000000E+00 -0.275262E-02 +0.408412E-03 +0.000000E+00 +0.322765E-02 +0.000000E+00 +0.000000E+00
 +0.130720E+01 -0.100470E+03 -0.263354E+03 -0.986077E+02 -0.119447E+03 +0.847076E+02 +0.000000E+00 +0.000000E+00 -0.273423E-02 +0.395954E-03 +0.000000E+00 +0.321889E-02 +0.000000E+00 +0.000000E+00
 +0.130720E+01 -0.100480E+03 -0.262107E+03 -0.989468E+02 -0.119148E+03 +0.844738E+02 +0.000000E+00 +0.000000E+00 -0.271622E-02 +0.383816E-03 +0.000000E+00 +0.321000E-02 +0.000000E+00 +0.000000E+00
 +0.130720E+01 -0.100490E+03 -0.260887E+03 -0.992708E+02 -0.118852E+03 +0.842361E+02 +0.000000E+00 +0.000000E+00 -0.269866E-02 +0.372042E-03 +0.000000E+00 +0.320097E-02 +0.000000E+00 +0.000000E+00
 +0.130720E+01 -0.100500E+03 -0.259689E+03 -0.995821E+02 -0.118560E+03 +0.839957E+02 +0.000000E+00 +0.000000E+00 -0.268147E-02 +0.360572E-03 +0.000000E+00 +0.319184E-02 +0.000000E+00 +0.000000E+00
 +0.130720E+01 -0.100510E+03 -0.258516E+03 -0.998802E+02 -0.118271E+03 +0.837522E+02 +0.000000E+00 +0.000000E+00 -0.266467E-02 +0.349424E-03 +0.000000E+00 +0.318259E-02 +0.000000E+00 +0.000000E+00
 +0.130720E+01 -0.100520E+03 -0.257365E+03 -0.100166E+03 -0.117986E+03 +0.835064E+02 +0.000000E+00 +0.000000E+00 -0.264822E-02 +0.338564E-03 +0.000000E+00 +0.317324E-02 +0.000000E+00 +0.000000E+00
 +0.130720E+01 -0.100530E+03 -0.256236E+03 -0.100441E+03 -0.117703E+03 +0.832581E+02 +0.000000E+00 +0.000000E+00 -0.263212E-02 +0.327988E-03 +0.000000E+00 +0.316381E-02 +0.000000E+00 +0.000000E+00
 +0.130720E+01 -0.100540E+03 -0.255128E+03 -0.100704E+03 -0.117424E+03 +0.830078E+02 +0.000000E+00 +0.000000E+00 -0.261636E-02 +0.317686E-03 +0.000000E+00 +0.315430E-02 +0.000000E+00 +0.000000E+00
 +0.130720E+01 -0.100550E+03 -0.254038E+03 -0.100957E+03 -0.117149E+03 +0.827555E+02 +0.000000E+00 +0.000000E+00 -0.260091E-02 +0.307635E-03 +0.000000E+00 +0.314471E-02 +0.000000E+00 +0.000000E+00
 +0.130720E+01 -0.100560E+03 -0.252969E+03 -0.101200E+03 -0.116876E+03 +0.825015E+02 +0.000000E+00 +0.000000E+00 -0.258578E-02 +0.297847E-03 +0.000000E+00 +0.313506E-02 +0.000000E+00 +0.000000E+00
 +0.130720E+01 -0.100570E+03 -0.251917E+03 -0.101433E+03 -0.116606E+03 +0.822460E+02 +0.000000E+00 +0.000000E+00 -0.257092E-02 +0.288279E-03 +0.000000E+00 +0.312535E-02 +0.000000E+00 +0.000000E+00
 +0.130720E+01 -0.100580E+03 -0.250885E+03 -0.101656E+03 -0.116339E+03 +0.819889E+02 +0.000000E+00 +0.000000E+00 -0.255638E-02 +0.278963E-03 +0.000000E+00 +0.311558E-02 +0.000000E+00 +0.000000E+00
 +0.130720E+01 -0.100590E+03 -0.249868E+03 -0.101872E+03 -0.116074E+03 +0.817306E+02 +0.000000E+00 +0.000000E+00 -0.254208E-02 +0.269842E-03 +0.000000E+00 +0.310576E-02 +0.000000E+00 +0.000000E+00
 +0.130720E+01 -0.100600E+03 -0.248869E+03 -0.102078E+03 -0.115812E+03 +0.814709E+02 +0.000000E+00 +0.000000E+00 -0.252808E-02 +0.260962E-03 +0.000000E+00 +0.309589E-02 +0.000000E+00 +0.000000E+00
 +0.130720E+01 -0.100610E+03 -0.247884E+03 -0.102277E+03 -0.115553E+03 +0.812103E+02 +0.000000E+00 +0.000000E+00 -0.251429E-02 +0.252255E-03 +0.000000E+00 +0.308599E-02 +0.000000E+00 +0.000000E+00
 +0.130720E+01 -0.100620E+03 -0.246918E+03 -0.102466E+03 -0.115297E+03 +0.809484E+02 +0.000000E+00 +0.000000E+00 -0.250080E-02 +0.243779E-03 +0.000000E+00 +0.307604E-02 +0.000000E+00 +0.000000E+00
 +0.130720E+01 -0.100630E+03 -0.245963E+03 -0.102650E+03 -0.115042E+03 +0.806858E+02 +0.000000E+00 +0.000000E+00 -0.248749E-02 +0.235457E-03 +0.000000E+00 +0.306606E-02 +0.000000E+00 +0.000000E+00
 +0.130720E+01 -0.100640E+03 -0.245026E+03 -0.102824E+03 -0.114790E+03 +0.804221E+02 +0.000000E+00 +0.000000E+00 -0.247447E-02 +0.227357E-03 +0.000000E+00 +0.305604E-02 +0.000000E+00 +0.000000E+00
 +0.130720E+01 -0.100650E+03 -0.244099E+03 -0.102994E+03 -0.114541E+03 +0.801578E+02 +0.000000E+00 +0.000000E+00 -0.246161E-02 +0.219393E-03 +0.000000E+00 +0.304599E-02 +0.000000E+00 +0.000000E+00
 +0.130720E+01 -0.100660E+03 -0.243190E+03 -0.103154E+03 -0.114294E+03 +0.798925E+02 +0.000000E+00 +0.000000E+00 -0.244903E-02 +0.211644E-03 +0.000000E+00 +0.303591E-02 +0.000000E+00 +0.000000E+00
 +0.130720E+01 -0.100670E+03 -0.242290E+03 -0.103310E+03 -0.114048E+03 +0.796266E+02 +0.000000E+00 +0.000000E+00 -0.243659E-02 +0.204016E-03 +0.000000E+00 +0.302581E-02 +0.000000E+00 +0.000000E+00
 +0.130720E+01 -0.100680E+03 -0.241406E+03 -0.103458E+03 -0.113805E+03 +0.793600E+02 +0.000000E+00 +0.000000E+00 -0.242442E-02 +0.196595E-03 +0.000000E+00 +0.301568E-02 +0.000000E+00 +0.000000E+00
 +0.130720E+01 -0.100690E+03 -0.240532E+03 -0.103602E+03 -0.113564E+03 +0.790928E+02 +0.000000E+00 +0.000000E+00 -0.241238E-02 +0.189281E-03 +0.000000E+00 +0.300553E-02 +0.000000E+00 +0.000000E+00
 +0.130720E+01 -0.100700E+03 -0.239673E+03 -0.103738E+03 -0.113326E+03 +0.788250E+02 +0.000000E+00 +0.000000E+00 -0.240060E-02 +0.182167E-03 +0.000000E+00 +0.299535E-02 +0.000000E+00 +0.000000E+00
 +0.130720E+01 -0.100710E+03 -0.238822E+03 -0.103870E+03 -0.113088E+03 +0.785567E+02 +0.000000E+00 +0.000000E+00 -0.238894E-02 +0.175149E-03 +0.000000E+00 +0.298515E-02 +0.000000E+00 +0.000000E+00
 +0.130720E+01 -0.100720E+03 -0.237986E+03 -0.103994E+03 -0.112854E+03 +0.782878E+02 +0.000000E+00 +0.000000E+00 -0.237752E-02 +0.168326E-03 +0.000000E+00 +0.297493E-02 +0.000000E+00 +0.000000E+00
 +0.130720E+01 -0.100730E+03 -0.237157E+03 -0.104115E+03 -0.112620E+03 +0.780185E+02 +0.000000E+00 +0.000000E+00 -0.236621E-02 +0.161586E-03 +0.000000E+00 +0.296470E-02 +0.000000E+00 +0.000000E+00
 +0.130720E+01 -0.100740E+03 -0.236344E+03 -0.104229E+03 -0.112389E+03 +0.777486E+02 +0.000000E+00 +0.000000E+00 -0.235514E-02 +0.155036E-03 +0.000000E+00 +0.295445E-02 +0.000000E+00 +0.000000E+00
 +0.130720E+01 -0.100750E+03 -0.235536E+03 -0.104340E+03 -0.112159E+03 +0.774785E+02 +0.000000E+00 +0.000000E+00 -0.234416E-02 +0.148560E-03 +0.000000E+00 +0.294418E-02 +0.000000E+00 +0.000000E+00
 +0.130720E+01 -0.100760E+03 -0.234743E+03 -0.104444E+03 -0.111932E+03 +0.772077E+02 +0.000000E+00 +0.000000E+00 -0.233342E-02 +0.142269E-03 +0.000000E+00 +0.293389E-02 +0.000000E+00 +0.000000E+00
 +0.130720E+01 -0.100770E+03 -0.233956E+03 -0.104545E+03 -0.111705E+03 +0.769368E+02 +0.000000E+00 +0.000000E+00 -0.232276E-02 +0.136043E-03 +0.000000E+00 +0.292360E-02 +0.000000E+00 +0.000000E+00
 +0.130720E+01 -0.100780E+03 -0.233183E+03 -0.104639E+03 -0.111481E+03 +0.766653E+02 +0.000000E+00 +0.000000E+00 -0.231233E-02 +0.129997E-03 +0.000000E+00 +0.291328E-02 +0.000000E+00 +0.000000E+00
 +0.130720E+01 -0.100790E+03 -0.232415E+03 -0.104731E+03 -0.111258E+03 +0.763937E+02 +0.000000E+00 +0.000000E+00 -0.230197E-02 +0.124009E-03 +0.000000E+00 +0.290296E-02 +0.000000E+00 +0.000000E+00
 +0.130720E+01 -0.100800E+03 -0.231661E+03 -0.104817E+03 -0.111037E+03 +0.761216E+02 +0.000000E+00 +0.000000E+00 -0.229184E-02 +0.118196E-03 +0.000000E+00 +0.289262E-02 +0.000000E+00 +0.000000E+00
 +0.130720E+01 -0.100810E+03 -0.230911E+03 -0.104900E+03 -0.110817E+03 +0.758493E+02 +0.000000E+00 +0.000000E+00 -0.228177E-02 +0.112434E-03 +0.000000E+00 +0.288227E-02 +0.000000E+00 +0.000000E+00
 +0.130720E+01 -0.100820E+03 -0.230175E+03 -0.104976E+03 -0.110600E+03 +0.755766E+02 +0.000000E+00 +0.000000E+00 -0.227192E-02 +0.106844E-03 +0.000000E+00 +0.287191E-02 +0.000000E+00 +0.000000E+00
 +0.130720E+01 -0.100830E+03 -0.229442E+03 -0.105051E+03 -0.110383E+03 +0.753038E+02 +0.000000E+00 +0.000000E+00 -0.226213E-02 +0.101298E-03 +0.000000E+00 +0.286154E-02 +0.000000E+00 +0.000000E+00
 +0.130720E+01 -0.100840E+03 -0.228724E+03 -0.105120E+03 -0.110168E+03 +0.750306E+02 +0.000000E+00 +0.000000E+00 -0.225255E-02 +0.959202E-04 +0.000000E+00 +0.285116E-02 +0.000000E+00 +0.000000E+00
 +0.130720E+01 -0.100850E+03 -0.228008E+03 -0.105187E+03 -0.109954E+03 +0.747573E+02 +0.000000E+00 +0.000000E+00 -0.224302E-02 +0.905806E-04 +0.000000E+00 +0.284078E-02 +0.000000E+00 +0.000000E+00
 +0.130720E+01 -0.100860E+03 -0.227306E+03 -0.105248E+03 -0.109743E+03 +0.744837E+02 +0.000000E+00 +0.000000E+00 -0.223370E-02 +0.854061E-04 +0.000000E+00 +0.283038E-02 +0.000000E+00 +0.000000E+00
 +0.130720E+01 -0.100870E+03 -0.226606E+03 -0.105307E+03 -0.109531E+03 +0.742100E+02 +0.000000E+00 +0.000000E+00 -0.222443E-02 +0.802643E-04 +0.000000E+00 +0.281998E-02 +0.000000E+00 +0.000000E+00
 +0.130720E+01 -0.100880E+03 -0.225920E+03 -0.105360E+03 -0.109323E+03 +0.739359E+02 +0.000000E+00 +0.000000E+00 -0.221536E-02 +0.752847E-04 +0.000000E+00 +0.280957E-02 +0.000000E+00 +0.000000E+00
 +0.130720E+01 -0.100890E+03 -0.225236E+03 -0.105412E+03 -0.109114E+03 +0.736619E+02 +0.000000E+00 +0.000000E+00 -0.220632E-02 +0.703328E-04 +0.000000E+00 +0.279915E-02 +0.000000E+00 +0.000000E+00
 +0.130720E+01 -0.100900E+03 -0.224566E+03 -0.105458E+03 -0.108908E+03 +0.733875E+02 +0.000000E+00 +0.000000E+00 -0.219749E-02 +0.655404E-04 +0.000000E+00 +0.278873E-02 +0.000000E+00 +0.000000E+00
 +0.130720E+01 -0.100910E+03 -0.223897E+03 -0.105504E+03 -0.108702E+03 +0.731132E+02 +0.000000E+00 +0.000000E+00 -0.218870E-02 +0.607711E-04 +0.000000E+00 +0.277830E-02 +0.000000E+00 +0.000000E+00
 +0.130720E+01 -0.100920E+03 -0.223240E+03 -0.105543E+03 -0.108498E+03 +0.728386E+02 +0.000000E+00 +0.000000E+00 -0.218010E-02 +0.561587E-04 +0.000000E+00 +0.276787E-02 +0.000000E+00 +0.000000E+00
 +0.130720E+01 -0.100930E+03 -0.222586E+03 -0.105581E+03 -0.108295E+03 +0.725640E+02 +0.000000E+00 +0.000000E+00 -0.217152E-02 +0.515652E-04 +0.000000E+00 +0.275743E-02 +0.000000E+00 +0.000000E+00
 +0.130720E+01 -0.100940E+03 -0.221944E+03 -0.105614E+03 -0.108094E+03 +0.722893E+02 +0.000000E+00 +0.000000E+00 -0.216315E-02 +0.471263E-04 +0.000000E+00 +0.274699E-02 +0.000000E+00 +0.000000E+00
 +0.130720E+01 -0.100950E+03 -0.221304E+03 -0.105646E+03 -0.107893E+03 +0.720145E+02 +0.000000E+00 +0.000000E+00 -0.215479E-02 +0.427023E-04 +0.000000E+00 +0.273655E-02 +0.000000E+00 +0.000000E+00
 +0.130720E+01 -0.100960E+03 -0.220675E+03 -0.105672E+03 -0.107695E+03 +0.717396E+02 +0.000000E+00 +0.000000E+00 -0.214664E-02 +0.384307E-04 +0.000000E+00 +0.272611E-02 +0.000000E+00 +0.000000E+00
 +0.130720E+01 -0.100970E+03 -0.220048E+03 -0.105698E+03 -0.107496E+03 +0.714648E+02 +0.000000E+00 +0.000000E+00 -0.213849E-02 +0.341704E-04 +0.000000E+00 +0.271566E-02 +0.000000E+00 +0.000000E+00
 +0.130720E+01 -0.100980E+03 -0.219434E+03 -0.105718E+03 -0.107300E+03 +0.711898E+02 +0.000000E+00 +0.000000E+00 -0.213054E-02 +0.300604E-04 +0.000000E+00 +0.270521E-02 +0.000000E+00 +0.000000E+00
 +0.130720E+01 -0.100990E+03 -0.218820E+03 -0.105738E+03 -0.107104E+03 +0.709149E+02 +0.000000E+00 +0.000000E+00 -0.212260E-02 +0.259582E-04 +0.000000E+00 +0.269477E-02 +0.000000E+00 +0.000000E+00
 +0.130720E+01 -0.101000E+03 -0.218218E+03 -0.105752E+03 -0.106910E+03 +0.706400E+02 +0.000000E+00 +0.000000E+00 -0.211485E-02 +0.220045E-04 +0.000000E+00 +0.268432E-02 +0.000000E+00 +0.000000E+00
 +0.130720E+01 -0.101010E+03 -0.217616E+03 -0.105766E+03 -0.106716E+03 +0.703651E+02 +0.000000E+00 +0.000000E+00 -0.210710E-02 +0.180554E-04 +0.000000E+00 +0.267387E-02 +0.000000E+00 +0.000000E+00
 +0.130720E+01 -0.101020E+03 -0.217027E+03 -0.105774E+03 -0.106525E+03 +0.700902E+02 +0.000000E+00 +0.000000E+00 -0.209955E-02 +0.142529E-04 +0.000000E+00 +0.266343E-02 +0.000000E+00 +0.000000E+00
 +0.130720E+01 -0.101030E+03 -0.216438E+03 -0.105783E+03 -0.106333E+03 +0.698154E+02 +0.000000E+00 +0.000000E+00 -0.209200E-02 +0.104532E-04 +0.000000E+00 +0.265298E-02 +0.000000E+00 +0.000000E+00
 +0.130720E+01 -0.101040E+03 -0.215861E+03 -0.105786E+03 -0.106143E+03 +0.695406E+02 +0.000000E+00 +0.000000E+00 -0.208463E-02 +0.679603E-05 +0.000000E+00 +0.264254E-02 +0.000000E+00 +0.000000E+00
 +0.130720E+01 -0.101050E+03 -0.215284E+03 -0.105789E+03 -0.105954E+03 +0.692659E+02 +0.000000E+00 +0.000000E+00 -0.207727E-02 +0.314272E-05 +0.000000E+00 +0.263210E-02 +0.000000E+00 +0.000000E+00
 +0.130720E+01 -0.101060E+03 -0.214719E+03 -0.105786E+03 -0.105767E+03 +0.689914E+02 +0.000000E+00 +0.000000E+00 -0.207009E-02 -0.375113E-06 +0.000000E+00 +0.262167E-02 +0.000000E+00 +0.000000E+00
 +0.130720E+01 -0.101070E+03 -0.214154E+03 -0.105784E+03 -0.105579E+03 +0.687168E+02 +0.000000E+00 +0.000000E+00 -0.206291E-02 -0.388652E-05 +0.000000E+00 +0.261124E-02 +0.000000E+00 +0.000000E+00
 +0.130720E+01 -0.101080E+03 -0.213599E+03 -0.105777E+03 -0.105394E+03 +0.684426E+02 +0.000000E+00 +0.000000E+00 -0.205590E-02 -0.726903E-05 +0.000000E+00 +0.260082E-02 +0.000000E+00 +0.000000E+00
 +0.130720E+01 -0.101090E+03 -0.213046E+03 -0.105769E+03 -0.105209E+03 +0.681683E+02 +0.000000E+00 +0.000000E+00 -0.204890E-02 -0.106428E-04 +0.000000E+00 +0.259039E-02 +0.000000E+00 +0.000000E+00
 +0.130720E+01 -0.101100E+03 -0.212503E+03 -0.105757E+03 -0.105026E+03 +0.678943E+02 +0.000000E+00 +0.000000E+00 -0.204206E-02 -0.138938E-04 +0.000000E+00 +0.257998E-02 +0.000000E+00 +0.000000E+00
 +0.130720E+01 -0.101110E+03 -0.211960E+03 -0.105744E+03 -0.104843E+03 +0.676203E+02 +0.000000E+00 +0.000000E+00 -0.203524E-02 -0.171338E-04 +0.000000E+00 +0.256957E-02 +0.000000E+00 +0.000000E+00
 +0.130720E+01 -0.101120E+03 -0.211428E+03 -0.105727E+03 -0.104661E+03 +0.673467E+02 +0.000000E+00 +0.000000E+00 -0.202857E-02 -0.202571E-04 +0.000000E+00 +0.255917E-02 +0.000000E+00 +0.000000E+00
 +0.130720E+01 -0.101130E+03 -0.210897E+03 -0.105710E+03 -0.104480E+03 +0.670731E+02 +0.000000E+00 +0.000000E+00 -0.202191E-02 -0.233673E-04 +0.000000E+00 +0.254878E-02 +0.000000E+00 +0.000000E+00
 +0.130720E+01 -0.101140E+03 -0.210374E+03 -0.105688E+03 -0.104301E+03 +0.667999E+02 +0.000000E+00 +0.000000E+00 -0.201540E-02 -0.263663E-04 +0.000000E+00 +0.253840E-02 +0.000000E+00 +0.000000E+00
 +0.130720E+01 -0.101150E+03 -0.209854E+03 -0.105666E+03 -0.104122E+03 +0.665268E+02 +0.000000E+00 +0.000000E+00 -0.200891E-02 -0.293501E-04 +0.000000E+00 +0.252802E-02 +0.000000E+00 +0.000000E+00
 +0.130720E+01 -0.101160E+03 -0.209342E+03 -0.105640E+03 -0.103944E+03 +0.662540E+02 +0.000000E+00 +0.000000E+00 -0.200256E-02 -0.322283E-04 +0.000000E+00 +0.251765E-02 +0.000000E+00 +0.000000E+00
 +0.130720E+01 -0.101170E+03 -0.208832E+03 -0.105614E+03 -0.103767E+03 +0.659814E+02 +0.000000E+00 +0.000000E+00 -0.199623E-02 -0.350894E-04 +0.000000E+00 +0.250729E-02 +0.000000E+00 +0.000000E+00
 +0.130720E+01 -0.101180E+03 -0.208330E+03 -0.105583E+03 -0.103591E+03 +0.657092E+02 +0.000000E+00 +0.000000E+00 -0.199003E-02 -0.378498E-04 +0.000000E+00 +0.249695E-02 +0.000000E+00 +0.000000E+00
 +0.130720E+01 -0.101190E+03 -0.207830E+03 -0.105552E+03 -0.103416E+03 +0.654371E+02 +0.000000E+00 +0.000000E+00 -0.198386E-02 -0.405914E-04 +0.000000E+00 +0.248661E-02 +0.000000E+00 +0.000000E+00
 +0.130720E+01 -0.101200E+03 -0.207338E+03 -0.105518E+03 -0.103242E+03 +0.651655E+02 +0.000000E+00 +0.000000E+00 -0.197781E-02 -0.432373E-04 +0.000000E+00 +0.247629E-02 +0.000000E+00 +0.000000E+00
 +0.130720E+01 -0.101210E+03 -0.206847E+03 -0.105483E+03 -0.103069E+03 +0.648940E+02 +0.000000E+00 +0.000000E+00 -0.197179E-02 -0.458627E-04 +0.000000E+00 +0.246597E-02 +0.000000E+00 +0.000000E+00
 +0.130720E+01 -0.101220E+03 -0.206365E+03 -0.105444E+03 -0.102897E+03 +0.646230E+02 +0.000000E+00 +0.000000E+00 -0.196589E-02 -0.483969E-04 +0.000000E+00 +0.245568E-02 +0.000000E+00 +0.000000E+00
 +0.130720E+01 -0.101230E+03 -0.205884E+03 -0.105405E+03 -0.102725E+03 +0.643522E+02 +0.000000E+00 +0.000000E+00 -0.196002E-02 -0.509091E-04 +0.000000E+00 +0.244538E-02 +0.000000E+00 +0.000000E+00
 +0.130720E+01 -0.101240E+03 -0.205411E+03 -0.105362E+03 -0.102555E+03 +0.640820E+02 +0.000000E+00 +0.000000E+00 -0.195426E-02 -0.533346E-04 +0.000000E+00 +0.243511E-02 +0.000000E+00 +0.000000E+00
 +0.130720E+01 -0.101250E+03 -0.204940E+03 -0.105319E+03 -0.102385E+03 +0.638119E+02 +0.000000E+00 +0.000000E+00 -0.194853E-02 -0.557366E-04 +0.000000E+00 +0.242485E-02 +0.000000E+00 +0.000000E+00
 +0.130720E+01 -0.101260E+03 -0.204476E+03 -0.105272E+03 -0.102217E+03 +0.635424E+02 +0.000000E+00 +0.000000E+00 -0.194292E-02 -0.580562E-04 +0.000000E+00 +0.241461E-02 +0.000000E+00 +0.000000E+00
 +0.130720E+01 -0.101270E+03 -0.204014E+03 -0.105225E+03 -0.102049E+03 +0.632731E+02 +0.000000E+00 +0.000000E+00 -0.193733E-02 -0.603509E-04 +0.000000E+00 +0.240438E-02 +0.000000E+00 +0.000000E+00
 +0.130720E+01 -0.101280E+03 -0.203559E+03 -0.105175E+03 -0.101882E+03 +0.630044E+02 +0.000000E+00 +0.000000E+00 -0.193185E-02 -0.625672E-04 +0.000000E+00 +0.239417E-02 +0.000000E+00 +0.000000E+00
 +0.130720E+01 -0.101290E+03 -0.203106E+03 -0.105124E+03 -0.101716E+03 +0.627359E+02 +0.000000E+00 +0.000000E+00 -0.192641E-02 -0.647572E-04 +0.000000E+00 +0.238396E-02 +0.000000E+00 +0.000000E+00
 +0.130720E+01 -0.101300E+03 -0.202659E+03 -0.105070E+03 -0.101551E+03 +0.624680E+02 +0.000000E+00 +0.000000E+00 -0.192106E-02 -0.668729E-04 +0.000000E+00 +0.237379E-02 +0.000000E+00 +0.000000E+00
 +0.130720E+01 -0.101310E+03 -0.202215E+03 -0.105016E+03 -0.101386E+03 +0.622004E+02 +0.000000E+00 +0.000000E+00 -0.191575E-02 -0.689611E-04 +0.000000E+00 +0.236362E-02 +0.000000E+00 +0.000000E+00
 +0.130720E+01 -0.101320E+03 -0.201777E+03 -0.104959E+03 -0.101223E+03 +0.619335E+02 +0.000000E+00 +0.000000E+00 -0.191054E-02 -0.709786E-04 +0.000000E+00 +0.235347E-02 +0.000000E+00 +0.000000E+00
 +0.130720E+01 -0.101330E+03 -0.201342E+03 -0.104900E+03 -0.101060E+03 +0.616668E+02 +0.000000E+00 +0.000000E+00 -0.190536E-02 -0.729674E-04 +0.000000E+00 +0.234334E-02 +0.000000E+00 +0.000000E+00
 +0.130720E+01 -0.101340E+03 -0.200913E+03 -0.104840E+03 -0.100898E+03 +0.614009E+02 +0.000000E+00 +0.000000E+00 -0.190027E-02 -0.748893E-04 +0.000000E+00 +0.233323E-02 +0.000000E+00 +0.000000E+00
 +0.130720E+01 -0.101350E+03 -0.200486E+03 -0.104778E+03 -0.100737E+03 +0.611352E+02 +0.000000E+00 +0.000000E+00 -0.189522E-02 -0.767814E-04 +0.000000E+00 +0.232314E-02 +0.000000E+00 +0.000000E+00
 +0.130720E+01 -0.101360E+03 -0.200064E+03 -0.104714E+03 -0.100577E+03 +0.608702E+02 +0.000000E+00 +0.000000E+00 -0.189026E-02 -0.786099E-04 +0.000000E+00 +0.231307E-02 +0.000000E+00 +0.000000E+00
 +0.130720E+01 -0.101370E+03 -0.199646E+03 -0.104649E+03 -0.100417E+03 +0.606056E+02 +0.000000E+00 +0.000000E+00 -0.188534E-02 -0.804077E-04 +0.000000E+00 +0.230301E-02 +0.000000E+00 +0.000000E+00
 +0.130720E+01 -0.101380E+03 -0.199233E+03 -0.104582E+03 -0.100259E+03 +0.603416E+02 +0.000000E+00 +0.000000E+00 -0.188050E-02 -0.821452E-04 +0.000000E+00 +0.229298E-02 +0.000000E+00 +0.000000E+00
 +0.130720E+01 -0.101390E+03 -0.198822E+03 -0.104514E+03 -0.100101E+03 +0.600781E+02 +0.000000E+00 +0.000000E+00 -0.187570E-02 -0.838511E-04 +0.000000E+00 +0.228297E-02 +0.000000E+00 +0.000000E+00
 +0.130720E+01 -0.101400E+03 -0.198417E+03 -0.104444E+03 -0.999442E+02 +0.598152E+02 +0.000000E+00 +0.000000E+00 -0.187098E-02 -0.854999E-04 +0.000000E+00 +0.227298E-02 +0.000000E+00 +0.000000E+00
 +0.130720E+01 -0.101410E+03 -0.198015E+03 -0.104373E+03 -0.997879E+02 +0.595528E+02 +0.000000E+00 +0.000000E+00 -0.186631E-02 -0.871161E-04 +0.000000E+00 +0.226301E-02 +0.000000E+00 +0.000000E+00
 +0.130720E+01 -0.101420E+03 -0.197617E+03 -0.104300E+03 -0.996326E+02 +0.592911E+02 +0.000000E+00 +0.000000E+00 -0.186170E-02 -0.886785E-04 +0.000000E+00 +0.225306E-02 +0.000000E+00 +0.000000E+00
 +0.130720E+01 -0.101430E+03 -0.197222E+03 -0.104226E+03 -0.994779E+02 +0.590298E+02 +0.000000E+00 +0.000000E+00 -0.185715E-02 -0.902073E-04 +0.000000E+00 +0.224313E-02 +0.000000E+00 +0.000000E+00
 +0.130720E+01 -0.101440E+03 -0.196832E+03 -0.104150E+03 -0.993241E+02 +0.587693E+02 +0.000000E+00 +0.000000E+00 -0.185266E-02 -0.916853E-04 +0.000000E+00 +0.223323E-02 +0.000000E+00 +0.000000E+00
 +0.130720E+01 -0.101450E+03 -0.196446E+03 -0.104072E+03 -0.991709E+02 +0.585093E+02 +0.000000E+00 +0.000000E+00 -0.184822E-02 -0.931290E-04 +0.000000E+00 +0.222335E-02 +0.000000E+00 +0.000000E+00
 +0.130720E+01 -0.101460E+03 -0.196063E+03 -0.103994E+03 -0.990187E+02 +0.582499E+02 +0.000000E+00 +0.000000E+00 -0.184384E-02 -0.945247E-04 +0.000000E+00 +0.221350E-02 +0.000000E+00 +0.000000E+00
 +0.130720E+01 -0.101470E+03 -0.195684E+03 -0.103914E+03 -0.988671E+02 +0.579911E+02 +0.000000E+00 +0.000000E+00 -0.183951E-02 -0.958854E-04 +0.000000E+00 +0.220366E-02 +0.000000E+00 +0.000000E+00
 +0.130720E+01 -0.101480E+03 -0.195308E+03 -0.103832E+03 -0.987163E+02 +0.577331E+02 +0.000000E+00 +0.000000E+00 -0.183525E-02 -0.972009E-04 +0.000000E+00 +0.219386E-02 +0.000000E+00 +0.000000E+00
 +0.130720E+01 -0.101490E+03 -0.194936E+03 -0.103749E+03 -0.985663E+02 +0.574756E+02 +0.000000E+00 +0.000000E+00 -0.183103E-02 -0.984807E-04 +0.000000E+00 +0.218407E-02 +0.000000E+00 +0.000000E+00
 +0.130720E+01 -0.101500E+03 -0.194568E+03 -0.103665E+03 -0.984170E+02 +0.572188E+02 +0.000000E+00 +0.000000E+00 -0.182687E-02 -0.997179E-04 +0.000000E+00 +0.217431E-02 +0.000000E+00 +0.000000E+00
 +0.130720E+01 -0.101510E+03 -0.194203E+03 -0.103580E+03 -0.982685E+02 +0.569626E+02 +0.000000E+00 +0.000000E+00 -0.182276E-02 -0.100919E-03 +0.000000E+00 +0.216458E-02 +0.000000E+00 +0.000000E+00
 +0.130720E+01 -0.101520E+03 -0.193842E+03 -0.103493E+03 -0.981207E+02 +0.567072E+02 +0.000000E+00 +0.000000E+00 -0.181871E-02 -0.102080E-03 +0.000000E+00 +0.215487E-02 +0.000000E+00 +0.000000E+00
 +0.130720E+01 -0.101530E+03 -0.193484E+03 -0.103405E+03 -0.979737E+02 +0.564524E+02 +0.000000E+00 +0.000000E+00 -0.181470E-02 -0.103204E-03 +0.000000E+00 +0.214519E-02 +0.000000E+00 +0.000000E+00
 +0.130720E+01 -0.101540E+03 -0.193130E+03 -0.103316E+03 -0.978274E+02 +0.561983E+02 +0.000000E+00 +0.000000E+00 -0.181075E-02 -0.104291E-03 +0.000000E+00 +0.213553E-02 +0.000000E+00 +0.000000E+00
 +0.130720E+01 -0.101550E+03 -0.192779E+03 -0.103226E+03 -0.976818E+02 +0.559449E+02 +0.000000E+00 +0.000000E+00 -0.180685E-02 -0.105340E-03 +0.000000E+00 +0.212591E-02 +0.000000E+00 +0.000000E+00
 +0.130720E+01 -0.101560E+03 -0.192432E+03 -0.103134E+03 -0.975369E+02 +0.556922E+02 +0.000000E+00 +0.000000E+00 -0.180300E-02 -0.106354E-03 +0.000000E+00 +0.211630E-02 +0.000000E+00 +0.000000E+00
 +0.130720E+01 -0.101570E+03 -0.192088E+03 -0.103042E+03 -0.973928E+02 +0.554402E+02 +0.000000E+00 +0.000000E+00 -0.179921E-02 -0.107330E-03 +0.000000E+00 +0.210673E-02 +0.000000E+00 +0.000000E+00
 +0.130720E+01 -0.101580E+03 -0.191747E+03 -0.102948E+03 -0.972494E+02 +0.551889E+02 +0.000000E+00 +0.000000E+00 -0.179546E-02 -0.108274E-03 +0.000000E+00 +0.209718E-02 +0.000000E+00 +0.000000E+00
 +0.130720E+01 -0.101590E+03 -0.191410E+03 -0.102853E+03 -0.971067E+02 +0.549384E+02 +0.000000E+00 +0.000000E+00 -0.179176E-02 -0.109179E-03 +0.000000E+00 +0.208766E-02 +0.000000E+00 +0.000000E+00
 +0.130720E+01 -0.101600E+03 -0.191075E+03 -0.102757E+03 -0.969647E+02 +0.546886E+02 +0.000000E+00 +0.000000E+00 -0.178810E-02 -0.110054E-03 +0.000000E+00 +0.207817E-02 +0.000000E+00 +0.000000E+00
 +0.130720E+01 -0.101610E+03 -0.190745E+03 -0.102660E+03 -0.968235E+02 +0.544396E+02 +0.000000E+00 +0.000000E+00 -0.178450E-02 -0.110890E-03 +0.000000E+00 +0.206870E-02 +0.000000E+00 +0.000000E+00
 +0.130720E+01 -0.101620E+03 -0.190417E+03 -0.102562E+03 -0.966828E+02 +0.541912E+02 +0.000000E+00 +0.000000E+00 -0.178094E-02 -0.111697E-03 +0.000000E+00 +0.205927E-02 +0.000000E+00 +0.000000E+00
 +0.130720E+01 -0.101630E+03 -0.190092E+03 -0.102462E+03 -0.965430E+02 +0.539438E+02 +0.000000E+00 +0.000000E+00 -0.177744E-02 -0.112466E-03 +0.000000E+00 +0.204986E-02 +0.000000E+00 +0.000000E+00
 +0.130720E+01 -0.101640E+03 -0.189771E+03 -0.102362E+03 -0.964038E+02 +0.536969E+02 +0.000000E+00 +0.000000E+00 -0.177397E-02 -0.113207E-03 +0.000000E+00 +0.204048E-02 +0.000000E+00 +0.000000E+00
 +0.130720E+01 -0.101650E+03 -0.189453E+03 -0.102261E+03 -0.962654E+02 +0.534510E+02 +0.000000E+00 +0.000000E+00 -0.177056E-02 -0.113910E-03 +0.000000E+00 +0.203114E-02 +0.000000E+00 +0.000000E+00
 +0.130720E+01 -0.101660E+03 -0.189137E+03 -0.102158E+03 -0.961275E+02 +0.532057E+02 +0.000000E+00 +0.000000E+00 -0.176718E-02 -0.114589E-03 +0.000000E+00 +0.202182E-02 +0.000000E+00 +0.000000E+00
 +0.130720E+01 -0.101670E+03 -0.188825E+03 -0.102055E+03 -0.959905E+02 +0.529613E+02 +0.000000E+00 +0.000000E+00 -0.176386E-02 -0.115228E-03 +0.000000E+00 +0.201253E-02 +0.000000E+00 +0.000000E+00
 +0.130720E+01 -0.101680E+03 -0.188516E+03 -0.101951E+03 -0.958539E+02 +0.527176E+02 +0.000000E+00 +0.000000E+00 -0.176057E-02 -0.115844E-03 +0.000000E+00 +0.200327E-02 +0.000000E+00 +0.000000E+00
 +0.130720E+01 -0.101690E+03 -0.188210E+03 -0.101846E+03 -0.957183E+02 +0.524748E+02 +0.000000E+00 +0.000000E+00 -0.175734E-02 -0.116420E-03 +0.000000E+00 +0.199404E-02 +0.000000E+00 +0.000000E+00
 +0.130720E+01 -0.101700E+03 -0.187906E+03 -0.101740E+03 -0.955831E+02 +0.522327E+02 +0.000000E+00 +0.000000E+00 -0.175414E-02 -0.116976E-03 +0.000000E+00 +0.198484E-02 +0.000000E+00 +0.000000E+00
 +0.130720E+01 -0.101710E+03 -0.187606E+03 -0.101633E+03 -0.954488E+02 +0.519915E+02 +0.000000E+00 +0.000000E+00 -0.175099E-02 -0.117492E-03 +0.000000E+00 +0.197568E-02 +0.000000E+00 +0.000000E+00
 +0.130720E+01 -0.101720E+03 -0.187308E+03 -0.101525E+03 -0.953150E+02 +0.517510E+02 +0.000000E+00 +0.000000E+00 -0.174787E-02 -0.117988E-03 +0.000000E+00 +0.196654E-02 +0.000000E+00 +0.000000E+00
 +0.130720E+01 -0.101730E+03 -0.187014E+03 -0.101416E+03 -0.951820E+02 +0.515115E+02 +0.000000E+00 +0.000000E+00 -0.174481E-02 -0.118445E-03 +0.000000E+00 +0.195744E-02 +0.000000E+00 +0.000000E+00
 +0.130720E+01 -0.101740E+03 -0.186722E+03 -0.101307E+03 -0.950495E+02 +0.512725E+02 +0.000000E+00 +0.000000E+00 -0.174178E-02 -0.118885E-03 +0.000000E+00 +0.194836E-02 +0.000000E+00 +0.000000E+00
 +0.130720E+01 -0.101750E+03 -0.186434E+03 -0.101196E+03 -0.949179E+02 +0.510347E+02 +0.000000E+00 +0.000000E+00 -0.173880E-02 -0.119284E-03 +0.000000E+00 +0.193932E-02 +0.000000E+00 +0.000000E+00
 +0.130720E+01 -0.101760E+03 -0.186147E+03 -0.101085E+03 -0.947866E+02 +0.507974E+02 +0.000000E+00 +0.000000E+00 -0.173585E-02 -0.119667E-03 +0.000000E+00 +0.193030E-02 +0.000000E+00 +0.000000E+00
 +0.130720E+01 -0.101770E+03 -0.185865E+03 -0.100973E+03 -0.946563E+02 +0.505612E+02 +0.000000E+00 +0.000000E+00 -0.173296E-02 -0.120011E-03 +0.000000E+00 +0.192133E-02 +0.000000E+00 +0.000000E+00
 +0.130720E+01 -0.101780E+03 -0.185584E+03 -0.100860E+03 -0.945264E+02 +0.503255E+02 +0.000000E+00 +0.000000E+00 -0.173009E-02 -0.120339E-03 +0.000000E+00 +0.191237E-02 +0.000000E+00 +0.000000E+00
 +0.130720E+01 -0.101790E+03 -0.185306E+03 -0.100746E+03 -0.943974E+02 +0.500911E+02 +0.000000E+00 +0.000000E+00 -0.172727E-02 -0.120628E-03 +0.000000E+00 +0.190346E-02 +0.000000E+00 +0.000000E+00
 +0.130720E+01 -0.101800E+03 -0.185031E+03 -0.100632E+03 -0.942687E+02 +0.498571E+02 +0.000000E+00 +0.000000E+00 -0.172448E-02 -0.120904E-03 +0.000000E+00 +0.189457E-02 +0.000000E+00 +0.000000E+00
 +0.130720E+01 -0.101810E+03 -0.184759E+03 -0.100517E+03 -0.941410E+02 +0.496243E+02 +0.000000E+00 +0.000000E+00 -0.172174E-02 -0.121140E-03 +0.000000E+00 +0.188572E-02 +0.000000E+00 +0.000000E+00
 +0.130720E+01 -0.101820E+03 -0.184488E+03 -0.100401E+03 -0.940136E+02 +0.493919E+02 +0.000000E+00 +0.000000E+00 -0.171902E-02 -0.121364E-03 +0.000000E+00 +0.187689E-02 +0.000000E+00 +0.000000E+00
 +0.130720E+01 -0.101830E+03 -0.184222E+03 -0.100284E+03 -0.938871E+02 +0.491609E+02 +0.000000E+00 +0.000000E+00 -0.171636E-02 -0.121548E-03 +0.000000E+00 +0.186811E-02 +0.000000E+00 +0.000000E+00
 +0.130720E+01 -0.101840E+03 -0.183957E+03 -0.100167E+03 -0.937609E+02 +0.489301E+02 +0.000000E+00 +0.000000E+00 -0.171372E-02 -0.121721E-03 +0.000000E+00 +0.185935E-02 +0.000000E+00 +0.000000E+00
 +0.130720E+01 -0.101850E+03 -0.183696E+03 -0.100049E+03 -0.936357E+02 +0.487007E+02 +0.000000E+00 +0.000000E+00 -0.171114E-02 -0.121854E-03 +0.000000E+00 +0.185063E-02 +0.000000E+00 +0.000000E+00
 +0.130720E+01 -0.101860E+03 -0.183435E+03 -0.999307E+02 -0.935108E+02 +0.484716E+02 +0.000000E+00 +0.000000E+00 -0.170857E-02 -0.121978E-03 +0.000000E+00 +0.184192E-02 +0.000000E+00 +0.000000E+00
 +0.130720E+01 -0.101870E+03 -0.183179E+03 -0.998111E+02 -0.933868E+02 +0.482438E+02 +0.000000E+00 +0.000000E+00 -0.170606E-02 -0.122062E-03 +0.000000E+00 +0.183327E-02 +0.000000E+00 +0.000000E+00
 +0.130720E+01 -0.101880E+03 -0.182924E+03 -0.996913E+02 -0.932631E+02 +0.480163E+02 +0.000000E+00 +0.000000E+00 -0.170356E-02 -0.122137E-03 +0.000000E+00 +0.182462E-02 +0.000000E+00 +0.000000E+00
 +0.130720E+01 -0.101890E+03 -0.182673E+03 -0.995704E+02 -0.931403E+02 +0.477900E+02 +0.000000E+00 +0.000000E+00 -0.170112E-02 -0.122171E-03 +0.000000E+00 +0.181602E-02 +0.000000E+00 +0.000000E+00
 +0.130720E+01 -0.101900E+03 -0.182423E+03 -0.994492E+02 -0.930177E+02 +0.475639E+02 +0.000000E+00 +0.000000E+00 -0.169869E-02 -0.122198E-03 +0.000000E+00 +0.180743E-02 +0.000000E+00 +0.000000E+00
 +0.130720E+01 -0.101910E+03 -0.182177E+03 -0.993266E+02 -0.928960E+02 +0.473391E+02 +0.000000E+00 +0.000000E+00 -0.169633E-02 -0.122182E-03 +0.000000E+00 +0.179888E-02 +0.000000E+00 +0.000000E+00
 +0.130720E+01 -0.101920E+03 -0.181931E+03 -0.992039E+02 -0.927745E+02 +0.471145E+02 +0.000000E+00 +0.000000E+00 -0.169397E-02 -0.122158E-03 +0.000000E+00 +0.179035E-02 +0.000000E+00 +0.000000E+00
 +0.130720E+01 -0.101930E+03 -0.181689E+03 -0.990798E+02 -0.926536E+02 +0.468901E+02 +0.000000E+00 +0.000000E+00 -0.169167E-02 -0.122097E-03 +0.000000E+00 +0.178182E-02 +0.000000E+00 +0.000000E+00
 +0.130720E+01 -0.101940E+03 -0.181447E+03 -0.989554E+02 -0.925328E+02 +0.466657E+02 +0.000000E+00 +0.000000E+00 -0.168937E-02 -0.122030E-03 +0.000000E+00 +0.177330E-02 +0.000000E+00 +0.000000E+00
 +0.130720E+01 -0.101950E+03 -0.181187E+03 -0.988193E+02 -0.924023E+02 +0.463964E+02 +0.000000E+00 +0.000000E+00 -0.168692E-02 -0.121925E-03 +0.000000E+00 +0.176306E-02 +0.000000E+00 +0.000000E+00
 +0.130720E+01 -0.101960E+03 -0.180926E+03 -0.986819E+02 -0.922706E+02 +0.461221E+02 +0.000000E+00 +0.000000E+00 -0.168445E-02 -0.121815E-03 +0.000000E+00 +0.175264E-02 +0.000000E+00 +0.000000E+00
 +0.130720E+01 -0.101970E+03 -0.180705E+03 -0.985632E+02 -0.921587E+02 +0.459386E+02 +0.000000E+00 +0.000000E+00 -0.168239E-02 -0.121686E-03 +0.000000E+00 +0.174567E-02 +0.000000E+00 +0.000000E+00
 +0.130720E+01 -0.101980E+03 -0.180489E+03 -0.984460E+02 -0.920484E+02 +0.457629E+02 +0.000000E+00 +0.000000E+00 -0.168036E-02 -0.121555E-03 +0.000000E+00 +0.173899E-02 +0.000000E+00 +0.000000E+00
 +0.130720E+01 -0.101990E+03 -0.180242E+03 -0.983150E+02 -0.919240E+02 +0.455305E+02 +0.000000E+00 +0.000000E+00 -0.167805E-02 -0.121430E-03 +0.000000E+00 +0.173016E-02 +0.000000E+00 +0.000000E+00
 +0.130720E+01 -0.102000E+03 -0.179994E+03 -0.981829E+02 -0.917984E+02 +0.452939E+02 +0.000000E+00 +0.000000E+00 -0.167572E-02 -0.121305E-03 +0.000000E+00 +0.172117E-02 +0.000000E+00 +0.000000E+00
 +0.130720E+01 -0.102010E+03 -0.179782E+03 -0.980662E+02 -0.916898E+02 +0.450761E+02 +0.000000E+00 +0.000000E+00 -0.167375E-02 -0.121151E-03 +0.000000E+00 +0.171289E-02 +0.000000E+00 +0.000000E+00
 +0.130720E+01 -0.102020E+03 -0.179569E+03 -0.979509E+02 -0.915817E+02 +0.448601E+02 +0.000000E+00 +0.000000E+00 -0.167177E-02 -0.121016E-03 +0.000000E+00 +0.170468E-02 +0.000000E+00 +0.000000E+00
 +0.130720E+01 -0.102030E+03 -0.179333E+03 -0.978173E+02 -0.914596E+02 +0.446524E+02 +0.000000E+00 +0.000000E+00 -0.166959E-02 -0.120797E-03 +0.000000E+00 +0.169679E-02 +0.000000E+00 +0.000000E+00
 +0.130720E+01 -0.102040E+03 -0.179142E+03 -0.977045E+02 -0.913593E+02 +0.444402E+02 +0.000000E+00 +0.000000E+00 -0.166787E-02 -0.120559E-03 +0.000000E+00 +0.168873E-02 +0.000000E+00 +0.000000E+00
 +0.130720E+01 -0.102050E+03 -0.178954E+03 -0.975916E+02 -0.912602E+02 +0.442292E+02 +0.000000E+00 +0.000000E+00 -0.166619E-02 -0.120298E-03 +0.000000E+00 +0.168071E-02 +0.000000E+00 +0.000000E+00
 +0.130720E+01 -0.102060E+03 -0.178756E+03 -0.974660E+02 -0.911534E+02 +0.440274E+02 +0.000000E+00 +0.000000E+00 -0.166446E-02 -0.119940E-03 +0.000000E+00 +0.167304E-02 +0.000000E+00 +0.000000E+00
 +0.130720E+01 -0.102070E+03 -0.178561E+03 -0.973457E+02 -0.910493E+02 +0.438246E+02 +0.000000E+00 +0.000000E+00 -0.166273E-02 -0.119632E-03 +0.000000E+00 +0.166534E-02 +0.000000E+00 +0.000000E+00
 +0.130720E+01 -0.102080E+03 -0.178370E+03 -0.972337E+02 -0.909493E+02 +0.436203E+02 +0.000000E+00 +0.000000E+00 -0.166100E-02 -0.119404E-03 +0.000000E+00 +0.165757E-02 +0.000000E+00 +0.000000E+00
 +0.130720E+01 -0.102090E+03 -0.178179E+03 -0.971216E+02 -0.908492E+02 +0.434161E+02 +0.000000E+00 +0.000000E+00 -0.165927E-02 -0.119175E-03 +0.000000E+00 +0.164981E-02 +0.000000E+00 +0.000000E+00
 +0.130720E+01 -0.102100E+03 -0.177981E+03 -0.969824E+02 -0.907380E+02 +0.432088E+02 +0.000000E+00 +0.000000E+00 -0.165762E-02 -0.118643E-03 +0.000000E+00 +0.164194E-02 +0.000000E+00 +0.000000E+00
 +0.130720E+01 -0.102110E+03 -0.177786E+03 -0.968451E+02 -0.906281E+02 +0.430025E+02 +0.000000E+00 +0.000000E+00 -0.165599E-02 -0.118123E-03 +0.000000E+00 +0.163410E-02 +0.000000E+00 +0.000000E+00
 +0.130720E+01 -0.102120E+03 -0.177592E+03 -0.967097E+02 -0.905194E+02 +0.427971E+02 +0.000000E+00 +0.000000E+00 -0.165437E-02 -0.117616E-03 +0.000000E+00 +0.162629E-02 +0.000000E+00 +0.000000E+00
 +0.130720E+01 -0.102130E+03 -0.177397E+03 -0.965744E+02 -0.904107E+02 +0.425916E+02 +0.000000E+00 +0.000000E+00 -0.165275E-02 -0.117110E-03 +0.000000E+00 +0.161848E-02 +0.000000E+00 +0.000000E+00
 +0.130720E+01 -0.102140E+03 -0.177198E+03 -0.964313E+02 -0.902977E+02 +0.423820E+02 +0.000000E+00 +0.000000E+00 -0.165111E-02 -0.116538E-03 +0.000000E+00 +0.161051E-02 +0.000000E+00 +0.000000E+00
 +0.130720E+01 -0.102150E+03 -0.176983E+03 -0.962601E+02 -0.901701E+02 +0.421669E+02 +0.000000E+00 +0.000000E+00 -0.164944E-02 -0.115710E-03 +0.000000E+00 +0.160234E-02 +0.000000E+00 +0.000000E+00
 +0.130720E+01 -0.102160E+03 -0.176764E+03 -0.960820E+02 -0.900393E+02 +0.419524E+02 +0.000000E+00 +0.000000E+00 -0.164777E-02 -0.114813E-03 +0.000000E+00 +0.159419E-02 +0.000000E+00 +0.000000E+00
 +0.130720E+01 -0.102170E+03 -0.176541E+03 -0.959035E+02 -0.899066E+02 +0.417333E+02 +0.000000E+00 +0.000000E+00 -0.164605E-02 -0.113942E-03 +0.000000E+00 +0.158587E-02 +0.000000E+00 +0.000000E+00
 +0.130720E+01 -0.102180E+03 -0.176320E+03 -0.957293E+02 -0.897763E+02 +0.415175E+02 +0.000000E+00 +0.000000E+00 -0.164433E-02 -0.113106E-03 +0.000000E+00 +0.157766E-02 +0.000000E+00 +0.000000E+00
 +0.130720E+01 -0.102190E+03 -0.176139E+03 -0.956020E+02 -0.896745E+02 +0.413255E+02 +0.000000E+00 +0.000000E+00 -0.164282E-02 -0.112622E-03 +0.000000E+00 +0.157037E-02 +0.000000E+00 +0.000000E+00
 +0.130720E+01 -0.102200E+03 -0.175967E+03 -0.954904E+02 -0.895809E+02 +0.411281E+02 +0.000000E+00 +0.000000E+00 -0.164133E-02 -0.112281E-03 +0.000000E+00 +0.156287E-02 +0.000000E+00 +0.000000E+00
 +0.130720E+01 -0.102210E+03 -0.175795E+03 -0.953789E+02 -0.894873E+02 +0.409307E+02 +0.000000E+00 +0.000000E+00 -0.163984E-02 -0.111941E-03 +0.000000E+00 +0.155537E-02 +0.000000E+00 +0.000000E+00
 +0.130720E+01 -0.102220E+03 -0.175623E+03 -0.952674E+02 -0.893937E+02 +0.407334E+02 +0.000000E+00 +0.000000E+00 -0.163835E-02 -0.111600E-03 +0.000000E+00 +0.154787E-02 +0.000000E+00 +0.000000E+00
 +0.130720E+01 -0.102230E+03 -0.175449E+03 -0.951571E+02 -0.893000E+02 +0.405396E+02 +0.000000E+00 +0.000000E+00 -0.163683E-02 -0.111285E-03 +0.000000E+00 +0.154051E-02 +0.000000E+00 +0.000000E+00
 +0.130720E+01 -0.102240E+03 -0.175275E+03 -0.950468E+02 -0.892064E+02 +0.403459E+02 +0.000000E+00 +0.000000E+00 -0.163531E-02 -0.110969E-03 +0.000000E+00 +0.153314E-02 +0.000000E+00 +0.000000E+00
 +0.130720E+01 -0.102250E+03 -0.175115E+03 -0.949159E+02 -0.891101E+02 +0.401523E+02 +0.000000E+00 +0.000000E+00 -0.163409E-02 -0.110309E-03 +0.000000E+00 +0.152579E-02 +0.000000E+00 +0.000000E+00
 +0.130720E+01 -0.102260E+03 -0.174959E+03 -0.947774E+02 -0.890130E+02 +0.399587E+02 +0.000000E+00 +0.000000E+00 -0.163297E-02 -0.109525E-03 +0.000000E+00 +0.151843E-02 +0.000000E+00 +0.000000E+00
 +0.130720E+01 -0.102270E+03 -0.174785E+03 -0.946392E+02 -0.889100E+02 +0.397631E+02 +0.000000E+00 +0.000000E+00 -0.163163E-02 -0.108854E-03 +0.000000E+00 +0.151100E-02 +0.000000E+00 +0.000000E+00
 +0.130720E+01 -0.102280E+03 -0.174597E+03 -0.945010E+02 -0.888025E+02 +0.395659E+02 +0.000000E+00 +0.000000E+00 -0.163010E-02 -0.108272E-03 +0.000000E+00 +0.150351E-02 +0.000000E+00 +0.000000E+00
 +0.130720E+01 -0.102290E+03 -0.174410E+03 -0.943628E+02 -0.886949E+02 +0.393688E+02 +0.000000E+00 +0.000000E+00 -0.162858E-02 -0.107690E-03 +0.000000E+00 +0.149601E-02 +0.000000E+00 +0.000000E+00
 +0.130720E+01 -0.102300E+03 -0.174222E+03 -0.942246E+02 -0.885873E+02 +0.391716E+02 +0.000000E+00 +0.000000E+00 -0.162706E-02 -0.107109E-03 +0.000000E+00 +0.148852E-02 +0.000000E+00 +0.000000E+00
 +0.130720E+01 -0.102310E+03 -0.174039E+03 -0.940611E+02 -0.884729E+02 +0.389763E+02 +0.000000E+00 +0.000000E+00 -0.162575E-02 -0.106175E-03 +0.000000E+00 +0.148110E-02 +0.000000E+00 +0.000000E+00
 +0.130720E+01 -0.102320E+03 -0.173863E+03 -0.938969E+02 -0.883607E+02 +0.387912E+02 +0.000000E+00 +0.000000E+00 -0.162454E-02 -0.105187E-03 +0.000000E+00 +0.147406E-02 +0.000000E+00 +0.000000E+00
 +0.130720E+01 -0.102330E+03 -0.173689E+03 -0.937420E+02 -0.882522E+02 +0.386107E+02 +0.000000E+00 +0.000000E+00 -0.162330E-02 -0.104306E-03 +0.000000E+00 +0.146720E-02 +0.000000E+00 +0.000000E+00
 +0.130720E+01 -0.102340E+03 -0.173515E+03 -0.935871E+02 -0.881437E+02 +0.384301E+02 +0.000000E+00 +0.000000E+00 -0.162205E-02 -0.103425E-03 +0.000000E+00 +0.146035E-02 +0.000000E+00 +0.000000E+00
 +0.130720E+01 -0.102350E+03 -0.173341E+03 -0.934322E+02 -0.880351E+02 +0.382496E+02 +0.000000E+00 +0.000000E+00 -0.162081E-02 -0.102544E-03 +0.000000E+00 +0.145349E-02 +0.000000E+00 +0.000000E+00
 +0.130720E+01 -0.102360E+03 -0.173167E+03 -0.932773E+02 -0.879266E+02 +0.380691E+02 +0.000000E+00 +0.000000E+00 -0.161957E-02 -0.101663E-03 +0.000000E+00 +0.144663E-02 +0.000000E+00 +0.000000E+00
 +0.130720E+01 -0.102370E+03 -0.172996E+03 -0.931279E+02 -0.878210E+02 +0.378905E+02 +0.000000E+00 +0.000000E+00 -0.161833E-02 -0.100830E-03 +0.000000E+00 +0.143984E-02 +0.000000E+00 +0.000000E+00
 +0.130720E+01 -0.102380E+03 -0.172856E+03 -0.930085E+02 -0.877354E+02 +0.377213E+02 +0.000000E+00 +0.000000E+00 -0.161730E-02 -0.100190E-03 +0.000000E+00 +0.143341E-02 +0.000000E+00 +0.000000E+00
 +0.130720E+01 -0.102390E+03 -0.172716E+03 -0.928892E+02 -0.876497E+02 +0.375521E+02 +0.000000E+00 +0.000000E+00 -0.161626E-02 -0.995493E-04 +0.000000E+00 +0.142698E-02 +0.000000E+00 +0.000000E+00
 +0.130720E+01 -0.102400E+03 -0.172576E+03 -0.927698E+02 -0.875641E+02 +0.373830E+02 +0.000000E+00 +0.000000E+00 -0.161522E-02 -0.989089E-04 +0.000000E+00 +0.142055E-02 +0.000000E+00 +0.000000E+00
 +0.130720E+01 -0.102410E+03 -0.172436E+03 -0.926505E+02 -0.874785E+02 +0.372138E+02 +0.000000E+00 +0.000000E+00 -0.161419E-02 -0.982686E-04 +0.000000E+00 +0.141412E-02 +0.000000E+00 +0.000000E+00
 +0.130720E+01 -0.102420E+03 -0.172296E+03 -0.925311E+02 -0.873928E+02 +0.370446E+02 +0.000000E+00 +0.000000E+00 -0.161315E-02 -0.976282E-04 +0.000000E+00 +0.140770E-02 +0.000000E+00 +0.000000E+00
 +0.130720E+01 -0.102430E+03 -0.172155E+03 -0.924118E+02 -0.873072E+02 +0.368755E+02 +0.000000E+00 +0.000000E+00 -0.161212E-02 -0.969878E-04 +0.000000E+00 +0.140127E-02 +0.000000E+00 +0.000000E+00
 +0.130720E+01 -0.102440E+03 -0.172015E+03 -0.922925E+02 -0.872215E+02 +0.367063E+02 +0.000000E+00 +0.000000E+00 -0.161108E-02 -0.963474E-04 +0.000000E+00 +0.139484E-02 +0.000000E+00 +0.000000E+00
 +0.130720E+01 -0.102450E+03 -0.171878E+03 -0.921595E+02 -0.871323E+02 +0.365261E+02 +0.000000E+00 +0.000000E+00 -0.161017E-02 -0.955160E-04 +0.000000E+00 +0.138799E-02 +0.000000E+00 +0.000000E+00
 +0.130720E+01 -0.102460E+03 -0.171744E+03 -0.920487E+02 -0.870517E+02 +0.363436E+02 +0.000000E+00 +0.000000E+00 -0.160916E-02 -0.949441E-04 +0.000000E+00 +0.138106E-02 +0.000000E+00 +0.000000E+00
 +0.130720E+01 -0.102470E+03 -0.171604E+03 -0.919069E+02 -0.869587E+02 +0.361582E+02 +0.000000E+00 +0.000000E+00 -0.160827E-02 -0.940157E-04 +0.000000E+00 +0.137401E-02 +0.000000E+00 +0.000000E+00
 +0.130720E+01 -0.102480E+03 -0.171465E+03 -0.917652E+02 -0.868658E+02 +0.359727E+02 +0.000000E+00 +0.000000E+00 -0.160738E-02 -0.930873E-04 +0.000000E+00 +0.136696E-02 +0.000000E+00 +0.000000E+00
 +0.130720E+01 -0.102490E+03 -0.171325E+03 -0.916234E+02 -0.867729E+02 +0.357873E+02 +0.000000E+00 +0.000000E+00 -0.160649E-02 -0.921589E-04 +0.000000E+00 +0.135992E-02 +0.000000E+00 +0.000000E+00
 +0.130720E+01 -0.102500E+03 -0.171185E+03 -0.914816E+02 -0.866800E+02 +0.356018E+02 +0.000000E+00 +0.000000E+00 -0.160560E-02 -0.912306E-04 +0.000000E+00 +0.135287E-02 +0.000000E+00 +0.000000E+00
 +0.130720E+01 -0.102510E+03 -0.171045E+03 -0.913398E+02 -0.865871E+02 +0.354163E+02 +0.000000E+00 +0.000000E+00 -0.160471E-02 -0.903022E-04 +0.000000E+00 +0.134582E-02 +0.000000E+00 +0.000000E+00
 +0.130720E+01 -0.102520E+03 -0.170905E+03 -0.911980E+02 -0.864942E+02 +0.352309E+02 +0.000000E+00 +0.000000E+00 -0.160381E-02 -0.893738E-04 +0.000000E+00 +0.133877E-02 +0.000000E+00 +0.000000E+00
 +0.130720E+01 -0.102530E+03 -0.170766E+03 -0.910563E+02 -0.864012E+02 +0.350454E+02 +0.000000E+00 +0.000000E+00 -0.160292E-02 -0.884454E-04 +0.000000E+00 +0.133173E-02 +0.000000E+00 +0.000000E+00
 +0.130720E+01 -0.102540E+03 -0.170630E+03 -0.909178E+02 -0.863107E+02 +0.348676E+02 +0.000000E+00 +0.000000E+00 -0.160206E-02 -0.875350E-04 +0.000000E+00 +0.132497E-02 +0.000000E+00 +0.000000E+00
 +0.130720E+01 -0.102550E+03 -0.170499E+03 -0.907840E+02 -0.862234E+02 +0.347008E+02 +0.000000E+00 +0.000000E+00 -0.160124E-02 -0.866506E-04 +0.000000E+00 +0.131863E-02 +0.000000E+00 +0.000000E+00
 +0.130720E+01 -0.102560E+03 -0.170369E+03 -0.906502E+02 -0.861362E+02 +0.345340E+02 +0.000000E+00 +0.000000E+00 -0.160042E-02 -0.857662E-04 +0.000000E+00 +0.131229E-02 +0.000000E+00 +0.000000E+00
 +0.130720E+01 -0.102570E+03 -0.170238E+03 -0.905164E+02 -0.860490E+02 +0.343671E+02 +0.000000E+00 +0.000000E+00 -0.159959E-02 -0.848818E-04 +0.000000E+00 +0.130595E-02 +0.000000E+00 +0.000000E+00
 +0.130720E+01 -0.102580E+03 -0.170107E+03 -0.903827E+02 -0.859617E+02 +0.342003E+02 +0.000000E+00 +0.000000E+00 -0.159877E-02 -0.839974E-04 +0.000000E+00 +0.129961E-02 +0.000000E+00 +0.000000E+00
 +0.130720E+01 -0.102590E+03 -0.169977E+03 -0.902489E+02 -0.858745E+02 +0.340335E+02 +0.000000E+00 +0.000000E+00 -0.159795E-02 -0.831130E-04 +0.000000E+00 +0.129327E-02 +0.000000E+00 +0.000000E+00
 +0.130720E+01 -0.102600E+03 -0.169846E+03 -0.901151E+02 -0.857873E+02 +0.338667E+02 +0.000000E+00 +0.000000E+00 -0.159712E-02 -0.822286E-04 +0.000000E+00 +0.128693E-02 +0.000000E+00 +0.000000E+00
 +0.130720E+01 -0.102610E+03 -0.169716E+03 -0.899813E+02 -0.857001E+02 +0.336998E+02 +0.000000E+00 +0.000000E+00 -0.159630E-02 -0.813441E-04 +0.000000E+00 +0.128059E-02 +0.000000E+00 +0.000000E+00
 +0.130720E+01 -0.102620E+03 -0.169586E+03 -0.898469E+02 -0.856129E+02 +0.335330E+02 +0.000000E+00 +0.000000E+00 -0.159549E-02 -0.804456E-04 +0.000000E+00 +0.127425E-02 +0.000000E+00 +0.000000E+00
 +0.130720E+01 -0.102630E+03 -0.169479E+03 -0.897125E+02 -0.855332E+02 +0.333704E+02 +0.000000E+00 +0.000000E+00 -0.159497E-02 -0.794061E-04 +0.000000E+00 +0.126807E-02 +0.000000E+00 +0.000000E+00
 +0.130720E+01 -0.102640E+03 -0.169362E+03 -0.895738E+02 -0.854489E+02 +0.332062E+02 +0.000000E+00 +0.000000E+00 -0.159435E-02 -0.783726E-04 +0.000000E+00 +0.126183E-02 +0.000000E+00 +0.000000E+00
 +0.130720E+01 -0.102650E+03 -0.169246E+03 -0.894351E+02 -0.853646E+02 +0.330420E+02 +0.000000E+00 +0.000000E+00 -0.159374E-02 -0.773390E-04 +0.000000E+00 +0.125559E-02 +0.000000E+00 +0.000000E+00
 +0.130720E+01 -0.102660E+03 -0.169129E+03 -0.892964E+02 -0.852803E+02 +0.328777E+02 +0.000000E+00 +0.000000E+00 -0.159312E-02 -0.763055E-04 +0.000000E+00 +0.124935E-02 +0.000000E+00 +0.000000E+00
 +0.130720E+01 -0.102670E+03 -0.169012E+03 -0.891577E+02 -0.851960E+02 +0.327135E+02 +0.000000E+00 +0.000000E+00 -0.159250E-02 -0.752719E-04 +0.000000E+00 +0.124311E-02 +0.000000E+00 +0.000000E+00
 +0.130720E+01 -0.102680E+03 -0.168895E+03 -0.890190E+02 -0.851117E+02 +0.325493E+02 +0.000000E+00 +0.000000E+00 -0.159189E-02 -0.742384E-04 +0.000000E+00 +0.123688E-02 +0.000000E+00 +0.000000E+00
 +0.130720E+01 -0.102690E+03 -0.168779E+03 -0.888803E+02 -0.850274E+02 +0.323851E+02 +0.000000E+00 +0.000000E+00 -0.159127E-02 -0.732048E-04 +0.000000E+00 +0.123064E-02 +0.000000E+00 +0.000000E+00
 +0.130720E+01 -0.102700E+03 -0.168662E+03 -0.887416E+02 -0.849431E+02 +0.322209E+02 +0.000000E+00 +0.000000E+00 -0.159065E-02 -0.721713E-04 +0.000000E+00 +0.122440E-02 +0.000000E+00 +0.000000E+00
 +0.130720E+01 -0.102710E+03 -0.168545E+03 -0.886029E+02 -0.848588E+02 +0.320567E+02 +0.000000E+00 +0.000000E+00 -0.159004E-02 -0.711377E-04 +0.000000E+00 +0.121816E-02 +0.000000E+00 +0.000000E+00
 +0.130720E+01 -0.102720E+03 -0.168432E+03 -0.884824E+02 -0.847817E+02 +0.318822E+02 +0.000000E+00 +0.000000E+00 -0.158935E-02 -0.703119E-04 +0.000000E+00 +0.121152E-02 +0.000000E+00 +0.000000E+00
 +0.130720E+01 -0.102730E+03 -0.168319E+03 -0.883632E+02 -0.847052E+02 +0.317068E+02 +0.000000E+00 +0.000000E+00 -0.158867E-02 -0.695019E-04 +0.000000E+00 +0.120486E-02 +0.000000E+00 +0.000000E+00
 +0.130720E+01 -0.102740E+03 -0.168206E+03 -0.882440E+02 -0.846286E+02 +0.315315E+02 +0.000000E+00 +0.000000E+00 -0.158798E-02 -0.686920E-04 +0.000000E+00 +0.119820E-02 +0.000000E+00 +0.000000E+00
 +0.130720E+01 -0.102750E+03 -0.168094E+03 -0.881248E+02 -0.845520E+02 +0.313562E+02 +0.000000E+00 +0.000000E+00 -0.158729E-02 -0.678820E-04 +0.000000E+00 +0.119153E-02 +0.000000E+00 +0.000000E+00
 +0.130720E+01 -0.102760E+03 -0.167981E+03 -0.880056E+02 -0.844755E+02 +0.311808E+02 +0.000000E+00 +0.000000E+00 -0.158660E-02 -0.670720E-04 +0.000000E+00 +0.118487E-02 +0.000000E+00 +0.000000E+00
 +0.130720E+01 -0.102770E+03 -0.167865E+03 -0.878794E+02 -0.843957E+02 +0.310081E+02 +0.000000E+00 +0.000000E+00 -0.158592E-02 -0.661904E-04 +0.000000E+00 +0.117831E-02 +0.000000E+00 +0.000000E+00
 +0.130720E+01 -0.102780E+03 -0.167737E+03 -0.877206E+02 -0.843009E+02 +0.308473E+02 +0.000000E+00 +0.000000E+00 -0.158528E-02 -0.649732E-04 +0.000000E+00 +0.117220E-02 +0.000000E+00 +0.000000E+00
 +0.130720E+01 -0.102790E+03 -0.167615E+03 -0.875657E+02 -0.842097E+02 +0.306939E+02 +0.000000E+00 +0.000000E+00 -0.158470E-02 -0.637639E-04 +0.000000E+00 +0.116637E-02 +0.000000E+00 +0.000000E+00
 +0.130720E+01 -0.102800E+03 -0.167518E+03 -0.874249E+02 -0.841310E+02 +0.305666E+02 +0.000000E+00 +0.000000E+00 -0.158435E-02 -0.625828E-04 +0.000000E+00 +0.116153E-02 +0.000000E+00 +0.000000E+00
 +0.130720E+01 -0.102810E+03 -0.167420E+03 -0.872840E+02 -0.840524E+02 +0.304393E+02 +0.000000E+00 +0.000000E+00 -0.158399E-02 -0.614018E-04 +0.000000E+00 +0.115669E-02 +0.000000E+00 +0.000000E+00
 +0.130720E+01 -0.102820E+03 -0.167323E+03 -0.871432E+02 -0.839737E+02 +0.303119E+02 +0.000000E+00 +0.000000E+00 -0.158363E-02 -0.602207E-04 +0.000000E+00 +0.115185E-02 +0.000000E+00 +0.000000E+00
 +0.130720E+01 -0.102830E+03 -0.167225E+03 -0.870024E+02 -0.838951E+02 +0.301846E+02 +0.000000E+00 +0.000000E+00 -0.158327E-02 -0.590397E-04 +0.000000E+00 +0.114701E-02 +0.000000E+00 +0.000000E+00
 +0.130720E+01 -0.102840E+03 -0.167128E+03 -0.868616E+02 -0.838164E+02 +0.300572E+02 +0.000000E+00 +0.000000E+00 -0.158291E-02 -0.578586E-04 +0.000000E+00 +0.114218E-02 +0.000000E+00 +0.000000E+00
 +0.130720E+01 -0.102850E+03 -0.167030E+03 -0.867208E+02 -0.837378E+02 +0.299299E+02 +0.000000E+00 +0.000000E+00 -0.158255E-02 -0.566776E-04 +0.000000E+00 +0.113734E-02 +0.000000E+00 +0.000000E+00
 +0.130720E+01 -0.102860E+03 -0.166933E+03 -0.865800E+02 -0.836591E+02 +0.298026E+02 +0.000000E+00 +0.000000E+00 -0.158219E-02 -0.554965E-04 +0.000000E+00 +0.113250E-02 +0.000000E+00 +0.000000E+00
 +0.130720E+01 -0.102870E+03 -0.166835E+03 -0.864392E+02 -0.835805E+02 +0.296752E+02 +0.000000E+00 +0.000000E+00 -0.158184E-02 -0.543155E-04 +0.000000E+00 +0.112766E-02 +0.000000E+00 +0.000000E+00
 +0.130720E+01 -0.102880E+03 -0.166737E+03 -0.862984E+02 -0.835018E+02 +0.295479E+02 +0.000000E+00 +0.000000E+00 -0.158148E-02 -0.531345E-04 +0.000000E+00 +0.112282E-02 +0.000000E+00 +0.000000E+00
 +0.130720E+01 -0.102890E+03 -0.166640E+03 -0.861576E+02 -0.834232E+02 +0.294205E+02 +0.000000E+00 +0.000000E+00 -0.158112E-02 -0.519534E-04 +0.000000E+00 +0.111798E-02 +0.000000E+00 +0.000000E+00
 +0.130720E+01 -0.102900E+03 -0.166542E+03 -0.860168E+02 -0.833445E+02 +0.292932E+02 +0.000000E+00 +0.000000E+00 -0.158076E-02 -0.507724E-04 +0.000000E+00 +0.111314E-02 +0.000000E+00 +0.000000E+00
 +0.130720E+01 -0.102910E+03 -0.166445E+03 -0.858760E+02 -0.832659E+02 +0.291659E+02 +0.000000E+00 +0.000000E+00 -0.158040E-02 -0.495913E-04 +0.000000E+00 +0.110830E-02 +0.000000E+00 +0.000000E+00
 +0.130720E+01 -0.102920E+03 -0.166347E+03 -0.857352E+02 -0.831873E+02 +0.290385E+02 +0.000000E+00 +0.000000E+00 -0.158004E-02 -0.484103E-04 +0.000000E+00 +0.110346E-02 +0.000000E+00 +0.000000E+00
 +0.130720E+01 -0.102930E+03 -0.166253E+03 -0.855997E+02 -0.831115E+02 +0.289102E+02 +0.000000E+00 +0.000000E+00 -0.157969E-02 -0.472768E-04 +0.000000E+00 +0.109859E-02 +0.000000E+00 +0.000000E+00
 +0.130720E+01 -0.102940E+03 -0.166177E+03 -0.854726E+02 -0.830444E+02 +0.287699E+02 +0.000000E+00 +0.000000E+00 -0.157952E-02 -0.461356E-04 +0.000000E+00 +0.109325E-02 +0.000000E+00 +0.000000E+00
 +0.130720E+01 -0.102950E+03 -0.166101E+03 -0.853455E+02 -0.829774E+02 +0.286295E+02 +0.000000E+00 +0.000000E+00 -0.157935E-02 -0.449945E-04 +0.000000E+00 +0.108792E-02 +0.000000E+00 +0.000000E+00
 +0.130720E+01 -0.102960E+03 -0.166025E+03 -0.852184E+02 -0.829104E+02 +0.284892E+02 +0.000000E+00 +0.000000E+00 -0.157918E-02 -0.438533E-04 +0.000000E+00 +0.108259E-02 +0.000000E+00 +0.000000E+00
 +0.130720E+01 -0.102970E+03 -0.165949E+03 -0.850914E+02 -0.828433E+02 +0.283489E+02 +0.000000E+00 +0.000000E+00 -0.157901E-02 -0.427122E-04 +0.000000E+00 +0.107726E-02 +0.000000E+00 +0.000000E+00
 +0.130720E+01 -0.102980E+03 -0.165873E+03 -0.849643E+02 -0.827763E+02 +0.282086E+02 +0.000000E+00 +0.000000E+00 -0.157884E-02 -0.415711E-04 +0.000000E+00 +0.107193E-02 +0.000000E+00 +0.000000E+00
 +0.130720E+01 -0.102990E+03 -0.165797E+03 -0.848372E+02 -0.827093E+02 +0.280683E+02 +0.000000E+00 +0.000000E+00 -0.157867E-02 -0.404299E-04 +0.000000E+00 +0.106659E-02 +0.000000E+00 +0.000000E+00
 +0.130720E+01 -0.103000E+03 -0.165721E+03 -0.847101E+02 -0.826422E+02 +0.279280E+02 +0.000000E+00 +0.000000E+00 -0.157850E-02 -0.392888E-04 +0.000000E+00 +0.106126E-02 +0.000000E+00 +0.000000E+00
 +0.130720E+01 -0.103010E+03 -0.165645E+03 -0.845830E+02 -0.825752E+02 +0.277876E+02 +0.000000E+00 +0.000000E+00 -0.157832E-02 -0.381476E-04 +0.000000E+00 +0.105593E-02 +0.000000E+00 +0.000000E+00
 +0.130720E+01 -0.103020E+03 -0.165569E+03 -0.844559E+02 -0.825082E+02 +0.276473E+02 +0.000000E+00 +0.000000E+00 -0.157815E-02 -0.370065E-04 +0.000000E+00 +0.105060E-02 +0.000000E+00 +0.000000E+00
 +0.130720E+01 -0.103030E+03 -0.165493E+03 -0.843288E+02 -0.824411E+02 +0.275070E+02 +0.000000E+00 +0.000000E+00 -0.157798E-02 -0.358654E-04 +0.000000E+00 +0.104527E-02 +0.000000E+00 +0.000000E+00
 +0.130720E+01 -0.103040E+03 -0.165417E+03 -0.842017E+02 -0.823741E+02 +0.273667E+02 +0.000000E+00 +0.000000E+00 -0.157781E-02 -0.347242E-04 +0.000000E+00 +0.103993E-02 +0.000000E+00 +0.000000E+00
 +0.130720E+01 -0.103050E+03 -0.165341E+03 -0.840746E+02 -0.823071E+02 +0.272264E+02 +0.000000E+00 +0.000000E+00 -0.157764E-02 -0.335831E-04 +0.000000E+00 +0.103460E-02 +0.000000E+00 +0.000000E+00
 +0.130720E+01 -0.103060E+03 -0.165265E+03 -0.839475E+02 -0.822400E+02 +0.270861E+02 +0.000000E+00 +0.000000E+00 -0.157747E-02 -0.324419E-04 +0.000000E+00 +0.102927E-02 +0.000000E+00 +0.000000E+00
 +0.130720E+01 -0.103070E+03 -0.165189E+03 -0.838204E+02 -0.821730E+02 +0.269457E+02 +0.000000E+00 +0.000000E+00 -0.157730E-02 -0.313008E-04 +0.000000E+00 +0.102394E-02 +0.000000E+00 +0.000000E+00
 +0.130720E+01 -0.103080E+03 -0.165113E+03 -0.836933E+02 -0.821060E+02 +0.268054E+02 +0.000000E+00 +0.000000E+00 -0.157713E-02 -0.301597E-04 +0.000000E+00 +0.101861E-02 +0.000000E+00 +0.000000E+00
 +0.130720E+01 -0.103090E+03 -0.165037E+03 -0.835662E+02 -0.820389E+02 +0.266651E+02 +0.000000E+00 +0.000000E+00 -0.157696E-02 -0.290185E-04 +0.000000E+00 +0.101327E-02 +0.000000E+00 +0.000000E+00
 +0.130720E+01 -0.103100E+03 -0.164961E+03 -0.834394E+02 -0.819722E+02 +0.265254E+02 +0.000000E+00 +0.000000E+00 -0.157679E-02 -0.278768E-04 +0.000000E+00 +0.100797E-02 +0.000000E+00 +0.000000E+00
 +0.130720E+01 -0.103110E+03 -0.164907E+03 -0.833213E+02 -0.819153E+02 +0.264089E+02 +0.000000E+00 +0.000000E+00 -0.157684E-02 -0.267145E-04 +0.000000E+00 +0.100354E-02 +0.000000E+00 +0.000000E+00
 +0.130720E+01 -0.103120E+03 -0.164853E+03 -0.832033E+02 -0.818584E+02 +0.262923E+02 +0.000000E+00 +0.000000E+00 -0.157689E-02 -0.255521E-04 +0.000000E+00 +0.999107E-03 +0.000000E+00 +0.000000E+00
 +0.130720E+01 -0.103130E+03 -0.164798E+03 -0.830852E+02 -0.818015E+02 +0.261757E+02 +0.000000E+00 +0.000000E+00 -0.157694E-02 -0.243897E-04 +0.000000E+00 +0.994677E-03 +0.000000E+00 +0.000000E+00
 +0.130720E+01 -0.103140E+03 -0.164744E+03 -0.829672E+02 -0.817447E+02 +0.260591E+02 +0.000000E+00 +0.000000E+00 -0.157699E-02 -0.232274E-04 +0.000000E+00 +0.990248E-03 +0.000000E+00 +0.000000E+00
 +0.130720E+01 -0.103150E+03 -0.164690E+03 -0.828491E+02 -0.816878E+02 +0.259426E+02 +0.000000E+00 +0.000000E+00 -0.157704E-02 -0.220650E-04 +0.000000E+00 +0.985818E-03 +0.000000E+00 +0.000000E+00
 +0.130720E+01 -0.103160E+03 -0.164635E+03 -0.827310E+02 -0.816309E+02 +0.258260E+02 +0.000000E+00 +0.000000E+00 -0.157708E-02 -0.209027E-04 +0.000000E+00 +0.981388E-03 +0.000000E+00 +0.000000E+00
 +0.130720E+01 -0.103170E+03 -0.164581E+03 -0.826130E+02 -0.815740E+02 +0.257094E+02 +0.000000E+00 +0.000000E+00 -0.157713E-02 -0.197403E-04 +0.000000E+00 +0.976958E-03 +0.000000E+00 +0.000000E+00
 +0.130720E+01 -0.103180E+03 -0.164527E+03 -0.824949E+02 -0.815172E+02 +0.255928E+02 +0.000000E+00 +0.000000E+00 -0.157718E-02 -0.185780E-04 +0.000000E+00 +0.972528E-03 +0.000000E+00 +0.000000E+00
 +0.130720E+01 -0.103190E+03 -0.164472E+03 -0.823769E+02 -0.814603E+02 +0.254763E+02 +0.000000E+00 +0.000000E+00 -0.157723E-02 -0.174156E-04 +0.000000E+00 +0.968098E-03 +0.000000E+00 +0.000000E+00
 +0.130720E+01 -0.103200E+03 -0.164418E+03 -0.822588E+02 -0.814034E+02 +0.253597E+02 +0.000000E+00 +0.000000E+00 -0.157728E-02 -0.162533E-04 +0.000000E+00 +0.963668E-03 +0.000000E+00 +0.000000E+00
 +0.130720E+01 -0.103210E+03 -0.164363E+03 -0.821407E+02 -0.813463E+02 +0.252429E+02 +0.000000E+00 +0.000000E+00 -0.157732E-02 -0.150931E-04 +0.000000E+00 +0.959230E-03 +0.000000E+00 +0.000000E+00
 +0.130720E+01 -0.103220E+03 -0.164280E+03 -0.820184E+02 -0.812785E+02 +0.251138E+02 +0.000000E+00 +0.000000E+00 -0.157703E-02 -0.140575E-04 +0.000000E+00 +0.954323E-03 +0.000000E+00 +0.000000E+00
 +0.130720E+01 -0.103230E+03 -0.164197E+03 -0.818960E+02 -0.812106E+02 +0.249846E+02 +0.000000E+00 +0.000000E+00 -0.157674E-02 -0.130220E-04 +0.000000E+00 +0.949416E-03 +0.000000E+00 +0.000000E+00
 +0.130720E+01 -0.103240E+03 -0.164114E+03 -0.817736E+02 -0.811428E+02 +0.248555E+02 +0.000000E+00 +0.000000E+00 -0.157644E-02 -0.119864E-04 +0.000000E+00 +0.944508E-03 +0.000000E+00 +0.000000E+00
 +0.130720E+01 -0.103250E+03 -0.164030E+03 -0.816513E+02 -0.810749E+02 +0.247263E+02 +0.000000E+00 +0.000000E+00 -0.157615E-02 -0.109508E-04 +0.000000E+00 +0.939601E-03 +0.000000E+00 +0.000000E+00
 +0.130720E+01 -0.103260E+03 -0.163947E+03 -0.815289E+02 -0.810071E+02 +0.245972E+02 +0.000000E+00 +0.000000E+00 -0.157586E-02 -0.991525E-05 +0.000000E+00 +0.934694E-03 +0.000000E+00 +0.000000E+00
 +0.130720E+01 -0.103270E+03 -0.163869E+03 -0.814050E+02 -0.809403E+02 +0.244763E+02 +0.000000E+00 +0.000000E+00 -0.157564E-02 -0.882802E-05 +0.000000E+00 +0.930098E-03 +0.000000E+00 +0.000000E+00
 +0.130720E+01 -0.103280E+03 -0.163793E+03 -0.812802E+02 -0.808742E+02 +0.243595E+02 +0.000000E+00 +0.000000E+00 -0.157546E-02 -0.771483E-05 +0.000000E+00 +0.925659E-03 +0.000000E+00 +0.000000E+00
 +0.130720E+01 -0.103290E+03 -0.163717E+03 -0.811554E+02 -0.808080E+02 +0.242426E+02 +0.000000E+00 +0.000000E+00 -0.157528E-02 -0.660163E-05 +0.000000E+00 +0.921220E-03 +0.000000E+00 +0.000000E+00
 +0.130720E+01 -0.103300E+03 -0.163642E+03 -0.810307E+02 -0.807418E+02 +0.241258E+02 +0.000000E+00 +0.000000E+00 -0.157509E-02 -0.548844E-05 +0.000000E+00 +0.916782E-03 +0.000000E+00 +0.000000E+00
 +0.130720E+01 -0.103310E+03 -0.163566E+03 -0.809059E+02 -0.806757E+02 +0.240090E+02 +0.000000E+00 +0.000000E+00 -0.157491E-02 -0.437525E-05 +0.000000E+00 +0.912343E-03 +0.000000E+00 +0.000000E+00
 +0.130720E+01 -0.103320E+03 -0.163490E+03 -0.807812E+02 -0.806095E+02 +0.238922E+02 +0.000000E+00 +0.000000E+00 -0.157473E-02 -0.326206E-05 +0.000000E+00 +0.907904E-03 +0.000000E+00 +0.000000E+00
 +0.130720E+01 -0.103330E+03 -0.163414E+03 -0.806564E+02 -0.805433E+02 +0.237754E+02 +0.000000E+00 +0.000000E+00 -0.157455E-02 -0.214886E-05 +0.000000E+00 +0.903465E-03 +0.000000E+00 +0.000000E+00
 +0.130720E+01 -0.103340E+03 -0.163342E+03 -0.805143E+02 -0.804727E+02 +0.236565E+02 +0.000000E+00 +0.000000E+00 -0.157452E-02 -0.791157E-06 +0.000000E+00 +0.898946E-03 +0.000000E+00 +0.000000E+00
 +0.130720E+01 -0.103350E+03 -0.163272E+03 -0.803623E+02 -0.803995E+02 +0.235364E+02 +0.000000E+00 +0.000000E+00 -0.157459E-02 +0.705762E-06 +0.000000E+00 +0.894382E-03 +0.000000E+00 +0.000000E+00
 +0.130720E+01 -0.103360E+03 -0.163203E+03 -0.802103E+02 -0.803262E+02 +0.234162E+02 +0.000000E+00 +0.000000E+00 -0.157465E-02 +0.220268E-05 +0.000000E+00 +0.889817E-03 +0.000000E+00 +0.000000E+00
 +0.130720E+01 -0.103370E+03 -0.163133E+03 -0.800583E+02 -0.802530E+02 +0.232961E+02 +0.000000E+00 +0.000000E+00 -0.157471E-02 +0.369960E-05 +0.000000E+00 +0.885253E-03 +0.000000E+00 +0.000000E+00
 +0.130720E+01 -0.103380E+03 -0.163063E+03 -0.799063E+02 -0.801798E+02 +0.231760E+02 +0.000000E+00 +0.000000E+00 -0.157478E-02 +0.519652E-05 +0.000000E+00 +0.880689E-03 +0.000000E+00 +0.000000E+00
 +0.130720E+01 -0.103390E+03 -0.162993E+03 -0.797543E+02 -0.801066E+02 +0.230559E+02 +0.000000E+00 +0.000000E+00 -0.157484E-02 +0.669344E-05 +0.000000E+00 +0.876124E-03 +0.000000E+00 +0.000000E+00
 +0.130720E+01 -0.103400E+03 -0.162923E+03 -0.796023E+02 -0.800334E+02 +0.229358E+02 +0.000000E+00 +0.000000E+00 -0.157490E-02 +0.819036E-05 +0.000000E+00 +0.871560E-03 +0.000000E+00 +0.000000E+00
 +0.130720E+01 -0.103410E+03 -0.162853E+03 -0.794503E+02 -0.799602E+02 +0.228157E+02 +0.000000E+00 +0.000000E+00 -0.157497E-02 +0.968728E-05 +0.000000E+00 +0.866996E-03 +0.000000E+00 +0.000000E+00
 +0.130720E+01 -0.103420E+03 -0.162803E+03 -0.793390E+02 -0.799069E+02 +0.227111E+02 +0.000000E+00 +0.000000E+00 -0.157503E-02 +0.107904E-04 +0.000000E+00 +0.863023E-03 +0.000000E+00 +0.000000E+00
 +0.130720E+01 -0.103430E+03 -0.162758E+03 -0.792375E+02 -0.798585E+02 +0.226104E+02 +0.000000E+00 +0.000000E+00 -0.157509E-02 +0.117989E-04 +0.000000E+00 +0.859194E-03 +0.000000E+00 +0.000000E+00
 +0.130720E+01 -0.103440E+03 -0.162713E+03 -0.791359E+02 -0.798100E+02 +0.225096E+02 +0.000000E+00 +0.000000E+00 -0.157515E-02 +0.128074E-04 +0.000000E+00 +0.855364E-03 +0.000000E+00 +0.000000E+00
 +0.130720E+01 -0.103450E+03 -0.162667E+03 -0.790344E+02 -0.797615E+02 +0.224088E+02 +0.000000E+00 +0.000000E+00 -0.157521E-02 +0.138159E-04 +0.000000E+00 +0.851534E-03 +0.000000E+00 +0.000000E+00
 +0.130720E+01 -0.103460E+03 -0.162622E+03 -0.789328E+02 -0.797131E+02 +0.223080E+02 +0.000000E+00 +0.000000E+00 -0.157527E-02 +0.148244E-04 +0.000000E+00 +0.847704E-03 +0.000000E+00 +0.000000E+00
 +0.130720E+01 -0.103470E+03 -0.162577E+03 -0.788313E+02 -0.796646E+02 +0.222072E+02 +0.000000E+00 +0.000000E+00 -0.157533E-02 +0.158329E-04 +0.000000E+00 +0.843874E-03 +0.000000E+00 +0.000000E+00
 +0.130720E+01 -0.103480E+03 -0.162531E+03 -0.787298E+02 -0.796161E+02 +0.221064E+02 +0.000000E+00 +0.000000E+00 -0.157539E-02 +0.168413E-04 +0.000000E+00 +0.840045E-03 +0.000000E+00 +0.000000E+00
 +0.130720E+01 -0.103490E+03 -0.162486E+03 -0.786282E+02 -0.795677E+02 +0.220056E+02 +0.000000E+00 +0.000000E+00 -0.157545E-02 +0.178498E-04 +0.000000E+00 +0.836215E-03 +0.000000E+00 +0.000000E+00
 +0.130720E+01 -0.103500E+03 -0.162441E+03 -0.785267E+02 -0.795192E+02 +0.219049E+02 +0.000000E+00 +0.000000E+00 -0.157551E-02 +0.188583E-04 +0.000000E+00 +0.832385E-03 +0.000000E+00 +0.000000E+00
 +0.130720E+01 -0.103510E+03 -0.162395E+03 -0.784251E+02 -0.794708E+02 +0.218041E+02 +0.000000E+00 +0.000000E+00 -0.157557E-02 +0.198668E-04 +0.000000E+00 +0.828555E-03 +0.000000E+00 +0.000000E+00
 +0.130720E+01 -0.103520E+03 -0.162350E+03 -0.783236E+02 -0.794223E+02 +0.217033E+02 +0.000000E+00 +0.000000E+00 -0.157563E-02 +0.208753E-04 +0.000000E+00 +0.824725E-03 +0.000000E+00 +0.000000E+00
 +0.130720E+01 -0.103530E+03 -0.162305E+03 -0.782221E+02 -0.793738E+02 +0.216025E+02 +0.000000E+00 +0.000000E+00 -0.157569E-02 +0.218838E-04 +0.000000E+00 +0.820895E-03 +0.000000E+00 +0.000000E+00
 +0.130720E+01 -0.103540E+03 -0.162259E+03 -0.781205E+02 -0.793254E+02 +0.215017E+02 +0.000000E+00 +0.000000E+00 -0.157575E-02 +0.228923E-04 +0.000000E+00 +0.817066E-03 +0.000000E+00 +0.000000E+00
 +0.130720E+01 -0.103550E+03 -0.162214E+03 -0.780190E+02 -0.792769E+02 +0.214009E+02 +0.000000E+00 +0.000000E+00 -0.157581E-02 +0.239007E-04 +0.000000E+00 +0.813236E-03 +0.000000E+00 +0.000000E+00
 +0.130720E+01 -0.103560E+03 -0.162169E+03 -0.779174E+02 -0.792285E+02 +0.213002E+02 +0.000000E+00 +0.000000E+00 -0.157587E-02 +0.249092E-04 +0.000000E+00 +0.809406E-03 +0.000000E+00 +0.000000E+00
 +0.130720E+01 -0.103570E+03 -0.162123E+03 -0.778159E+02 -0.791800E+02 +0.211994E+02 +0.000000E+00 +0.000000E+00 -0.157593E-02 +0.259177E-04 +0.000000E+00 +0.805576E-03 +0.000000E+00 +0.000000E+00
 +0.130720E+01 -0.103580E+03 -0.162078E+03 -0.777137E+02 -0.791313E+02 +0.210987E+02 +0.000000E+00 +0.000000E+00 -0.157599E-02 +0.269340E-04 +0.000000E+00 +0.801750E-03 +0.000000E+00 +0.000000E+00
 +0.130720E+01 -0.103590E+03 -0.162028E+03 -0.775660E+02 -0.790661E+02 +0.210038E+02 +0.000000E+00 +0.000000E+00 -0.157628E-02 +0.285006E-04 +0.000000E+00 +0.798146E-03 +0.000000E+00 +0.000000E+00
 +0.130720E+01 -0.103600E+03 -0.161978E+03 -0.774184E+02 -0.790009E+02 +0.209090E+02 +0.000000E+00 +0.000000E+00 -0.157657E-02 +0.300672E-04 +0.000000E+00 +0.794542E-03 +0.000000E+00 +0.000000E+00
 +0.130720E+01 -0.103610E+03 -0.161937E+03 -0.772821E+02 -0.789424E+02 +0.208235E+02 +0.000000E+00 +0.000000E+00 -0.157690E-02 +0.315454E-04 +0.000000E+00 +0.791291E-03 +0.000000E+00 +0.000000E+00
 +0.130720E+01 -0.103620E+03 -0.161905E+03 -0.771563E+02 -0.788901E+02 +0.207464E+02 +0.000000E+00 +0.000000E+00 -0.157728E-02 +0.329428E-04 +0.000000E+00 +0.788362E-03 +0.000000E+00 +0.000000E+00
 +0.130720E+01 -0.103630E+03 -0.161872E+03 -0.770304E+02 -0.788378E+02 +0.206693E+02 +0.000000E+00 +0.000000E+00 -0.157765E-02 +0.343402E-04 +0.000000E+00 +0.785433E-03 +0.000000E+00 +0.000000E+00
 +0.130720E+01 -0.103640E+03 -0.161839E+03 -0.769046E+02 -0.787855E+02 +0.205922E+02 +0.000000E+00 +0.000000E+00 -0.157802E-02 +0.357376E-04 +0.000000E+00 +0.782504E-03 +0.000000E+00 +0.000000E+00
 +0.130720E+01 -0.103650E+03 -0.161807E+03 -0.767787E+02 -0.787332E+02 +0.205151E+02 +0.000000E+00 +0.000000E+00 -0.157840E-02 +0.371350E-04 +0.000000E+00 +0.779575E-03 +0.000000E+00 +0.000000E+00
 +0.130720E+01 -0.103660E+03 -0.161774E+03 -0.766529E+02 -0.786809E+02 +0.204380E+02 +0.000000E+00 +0.000000E+00 -0.157877E-02 +0.385324E-04 +0.000000E+00 +0.776645E-03 +0.000000E+00 +0.000000E+00
 +0.130720E+01 -0.103670E+03 -0.161741E+03 -0.765270E+02 -0.786286E+02 +0.203610E+02 +0.000000E+00 +0.000000E+00 -0.157914E-02 +0.399298E-04 +0.000000E+00 +0.773716E-03 +0.000000E+00 +0.000000E+00
 +0.130720E+01 -0.103680E+03 -0.161709E+03 -0.764012E+02 -0.785763E+02 +0.202839E+02 +0.000000E+00 +0.000000E+00 -0.157952E-02 +0.413273E-04 +0.000000E+00 +0.770787E-03 +0.000000E+00 +0.000000E+00
 +0.130720E+01 -0.103690E+03 -0.161676E+03 -0.762753E+02 -0.785240E+02 +0.202068E+02 +0.000000E+00 +0.000000E+00 -0.157989E-02 +0.427247E-04 +0.000000E+00 +0.767858E-03 +0.000000E+00 +0.000000E+00
 +0.130720E+01 -0.103700E+03 -0.161644E+03 -0.761495E+02 -0.784717E+02 +0.201297E+02 +0.000000E+00 +0.000000E+00 -0.158027E-02 +0.441221E-04 +0.000000E+00 +0.764929E-03 +0.000000E+00 +0.000000E+00
 +0.130720E+01 -0.103710E+03 -0.161611E+03 -0.760237E+02 -0.784194E+02 +0.200526E+02 +0.000000E+00 +0.000000E+00 -0.158064E-02 +0.455195E-04 +0.000000E+00 +0.761999E-03 +0.000000E+00 +0.000000E+00
 +0.130720E+01 -0.103720E+03 -0.161578E+03 -0.758978E+02 -0.783671E+02 +0.199755E+02 +0.000000E+00 +0.000000E+00 -0.158101E-02 +0.469169E-04 +0.000000E+00 +0.759070E-03 +0.000000E+00 +0.000000E+00
 +0.130720E+01 -0.103730E+03 -0.161546E+03 -0.757720E+02 -0.783148E+02 +0.198984E+02 +0.000000E+00 +0.000000E+00 -0.158139E-02 +0.483143E-04 +0.000000E+00 +0.756141E-03 +0.000000E+00 +0.000000E+00
 +0.130720E+01 -0.103740E+03 -0.161513E+03 -0.756461E+02 -0.782625E+02 +0.198214E+02 +0.000000E+00 +0.000000E+00 -0.158176E-02 +0.497117E-04 +0.000000E+00 +0.753212E-03 +0.000000E+00 +0.000000E+00
 +0.130720E+01 -0.103750E+03 -0.161480E+03 -0.755203E+02 -0.782102E+02 +0.197443E+02 +0.000000E+00 +0.000000E+00 -0.158213E-02 +0.511091E-04 +0.000000E+00 +0.750283E-03 +0.000000E+00 +0.000000E+00
 +0.130720E+01 -0.103760E+03 -0.161448E+03 -0.753944E+02 -0.781579E+02 +0.196672E+02 +0.000000E+00 +0.000000E+00 -0.158251E-02 +0.525065E-04 +0.000000E+00 +0.747353E-03 +0.000000E+00 +0.000000E+00
 +0.130720E+01 -0.103770E+03 -0.161415E+03 -0.752686E+02 -0.781056E+02 +0.195901E+02 +0.000000E+00 +0.000000E+00 -0.158288E-02 +0.539039E-04 +0.000000E+00 +0.744424E-03 +0.000000E+00 +0.000000E+00
 +0.130720E+01 -0.103780E+03 -0.161383E+03 -0.751427E+02 -0.780533E+02 +0.195130E+02 +0.000000E+00 +0.000000E+00 -0.158325E-02 +0.553013E-04 +0.000000E+00 +0.741495E-03 +0.000000E+00 +0.000000E+00
 +0.130720E+01 -0.103790E+03 -0.161350E+03 -0.750169E+02 -0.780010E+02 +0.194359E+02 +0.000000E+00 +0.000000E+00 -0.158363E-02 +0.566987E-04 +0.000000E+00 +0.738566E-03 +0.000000E+00 +0.000000E+00
 +0.130720E+01 -0.103800E+03 -0.161317E+03 -0.748911E+02 -0.779487E+02 +0.193589E+02 +0.000000E+00 +0.000000E+00 -0.158400E-02 +0.580961E-04 +0.000000E+00 +0.735637E-03 +0.000000E+00 +0.000000E+00
 +0.130720E+01 -0.103810E+03 -0.161285E+03 -0.747652E+02 -0.778964E+02 +0.192818E+02 +0.000000E+00 +0.000000E+00 -0.158438E-02 +0.594935E-04 +0.000000E+00 +0.732707E-03 +0.000000E+00 +0.000000E+00
 +0.130720E+01 -0.103820E+03 -0.161252E+03 -0.746394E+02 -0.778441E+02 +0.192047E+02 +0.000000E+00 +0.000000E+00 -0.158475E-02 +0.608909E-04 +0.000000E+00 +0.729778E-03 +0.000000E+00 +0.000000E+00
 +0.130720E+01 -0.103830E+03 -0.161219E+03 -0.745135E+02 -0.777919E+02 +0.191276E+02 +0.000000E+00 +0.000000E+00 -0.158512E-02 +0.622883E-04 +0.000000E+00 +0.726849E-03 +0.000000E+00 +0.000000E+00
 +0.130720E+01 -0.103840E+03 -0.161187E+03 -0.743877E+02 -0.777396E+02 +0.190505E+02 +0.000000E+00 +0.000000E+00 -0.158550E-02 +0.636857E-04 +0.000000E+00 +0.723920E-03 +0.000000E+00 +0.000000E+00
 +0.130720E+01 -0.103850E+03 -0.161154E+03 -0.742618E+02 -0.776873E+02 +0.189734E+02 +0.000000E+00 +0.000000E+00 -0.158587E-02 +0.650831E-04 +0.000000E+00 +0.720991E-03 +0.000000E+00 +0.000000E+00
 +0.130720E+01 -0.103860E+03 -0.161121E+03 -0.741360E+02 -0.776350E+02 +0.188964E+02 +0.000000E+00 +0.000000E+00 -0.158624E-02 +0.664805E-04 +0.000000E+00 +0.718061E-03 +0.000000E+00 +0.000000E+00
 +0.130720E+01 -0.103870E+03 -0.161089E+03 -0.740101E+02 -0.775827E+02 +0.188193E+02 +0.000000E+00 +0.000000E+00 -0.158662E-02 +0.678780E-04 +0.000000E+00 +0.715132E-03 +0.000000E+00 +0.000000E+00
 +0.130720E+01 -0.103880E+03 -0.161056E+03 -0.738843E+02 -0.775304E+02 +0.187422E+02 +0.000000E+00 +0.000000E+00 -0.158699E-02 +0.692754E-04 +0.000000E+00 +0.712203E-03 +0.000000E+00 +0.000000E+00
 +0.130720E+01 -0.103890E+03 -0.161024E+03 -0.737584E+02 -0.774781E+02 +0.186651E+02 +0.000000E+00 +0.000000E+00 -0.158736E-02 +0.706728E-04 +0.000000E+00 +0.709274E-03 +0.000000E+00 +0.000000E+00
 +0.130720E+01 -0.103900E+03 -0.160991E+03 -0.736326E+02 -0.774258E+02 +0.185880E+02 +0.000000E+00 +0.000000E+00 -0.158774E-02 +0.720702E-04 +0.000000E+00 +0.706345E-03 +0.000000E+00 +0.000000E+00
 +0.130720E+01 -0.103910E+03 -0.160958E+03 -0.735068E+02 -0.773735E+02 +0.185109E+02 +0.000000E+00 +0.000000E+00 -0.158811E-02 +0.734676E-04 +0.000000E+00 +0.703415E-03 +0.000000E+00 +0.000000E+00
 +0.130720E+01 -0.103920E+03 -0.160926E+03 -0.733809E+02 -0.773212E+02 +0.184338E+02 +0.000000E+00 +0.000000E+00 -0.158849E-02 +0.748650E-04 +0.000000E+00 +0.700486E-03 +0.000000E+00 +0.000000E+00
 +0.130720E+01 -0.103930E+03 -0.160880E+03 -0.732509E+02 -0.772633E+02 +0.183330E+02 +0.000000E+00 +0.000000E+00 -0.158872E-02 +0.762355E-04 +0.000000E+00 +0.696654E-03 +0.000000E+00 +0.000000E+00
 +0.130720E+01 -0.103940E+03 -0.160833E+03 -0.731201E+02 -0.772044E+02 +0.182276E+02 +0.000000E+00 +0.000000E+00 -0.158893E-02 +0.776008E-04 +0.000000E+00 +0.692650E-03 +0.000000E+00 +0.000000E+00
 +0.130720E+01 -0.103950E+03 -0.160785E+03 -0.729893E+02 -0.771454E+02 +0.181223E+02 +0.000000E+00 +0.000000E+00 -0.158915E-02 +0.789662E-04 +0.000000E+00 +0.688647E-03 +0.000000E+00 +0.000000E+00
 +0.130720E+01 -0.103960E+03 -0.160737E+03 -0.728585E+02 -0.770865E+02 +0.180169E+02 +0.000000E+00 +0.000000E+00 -0.158936E-02 +0.803316E-04 +0.000000E+00 +0.684644E-03 +0.000000E+00 +0.000000E+00
 +0.130720E+01 -0.103970E+03 -0.160689E+03 -0.727277E+02 -0.770275E+02 +0.179116E+02 +0.000000E+00 +0.000000E+00 -0.158957E-02 +0.816970E-04 +0.000000E+00 +0.680640E-03 +0.000000E+00 +0.000000E+00
 +0.130720E+01 -0.103980E+03 -0.160641E+03 -0.725969E+02 -0.769686E+02 +0.178062E+02 +0.000000E+00 +0.000000E+00 -0.158978E-02 +0.830624E-04 +0.000000E+00 +0.676637E-03 +0.000000E+00 +0.000000E+00
 +0.130720E+01 -0.103990E+03 -0.160594E+03 -0.724661E+02 -0.769097E+02 +0.177009E+02 +0.000000E+00 +0.000000E+00 -0.158999E-02 +0.844277E-04 +0.000000E+00 +0.672633E-03 +0.000000E+00 +0.000000E+00
 +0.130720E+01 -0.104000E+03 -0.160546E+03 -0.723353E+02 -0.768507E+02 +0.175955E+02 +0.000000E+00 +0.000000E+00 -0.159020E-02 +0.857931E-04 +0.000000E+00 +0.668630E-03 +0.000000E+00 +0.000000E+00
 +0.130720E+01 -0.104010E+03 -0.160498E+03 -0.722045E+02 -0.767918E+02 +0.174902E+02 +0.000000E+00 +0.000000E+00 -0.159042E-02 +0.871585E-04 +0.000000E+00 +0.664626E-03 +0.000000E+00 +0.000000E+00
 +0.130720E+01 -0.104020E+03 -0.160450E+03 -0.720737E+02 -0.767329E+02 +0.173848E+02 +0.000000E+00 +0.000000E+00 -0.159063E-02 +0.885239E-04 +0.000000E+00 +0.660623E-03 +0.000000E+00 +0.000000E+00
 +0.130720E+01 -0.104030E+03 -0.160402E+03 -0.719429E+02 -0.766739E+02 +0.172795E+02 +0.000000E+00 +0.000000E+00 -0.159084E-02 +0.898893E-04 +0.000000E+00 +0.656619E-03 +0.000000E+00 +0.000000E+00
 +0.130720E+01 -0.104040E+03 -0.160355E+03 -0.718121E+02 -0.766150E+02 +0.171741E+02 +0.000000E+00 +0.000000E+00 -0.159105E-02 +0.912546E-04 +0.000000E+00 +0.652616E-03 +0.000000E+00 +0.000000E+00
 +0.130720E+01 -0.104050E+03 -0.160307E+03 -0.716813E+02 -0.765561E+02 +0.170687E+02 +0.000000E+00 +0.000000E+00 -0.159126E-02 +0.926200E-04 +0.000000E+00 +0.648612E-03 +0.000000E+00 +0.000000E+00
 +0.130720E+01 -0.104060E+03 -0.160259E+03 -0.715505E+02 -0.764971E+02 +0.169634E+02 +0.000000E+00 +0.000000E+00 -0.159147E-02 +0.939854E-04 +0.000000E+00 +0.644609E-03 +0.000000E+00 +0.000000E+00
 +0.130720E+01 -0.104070E+03 -0.160211E+03 -0.714197E+02 -0.764382E+02 +0.168580E+02 +0.000000E+00 +0.000000E+00 -0.159169E-02 +0.953508E-04 +0.000000E+00 +0.640606E-03 +0.000000E+00 +0.000000E+00
 +0.130720E+01 -0.104080E+03 -0.160163E+03 -0.712889E+02 -0.763792E+02 +0.167527E+02 +0.000000E+00 +0.000000E+00 -0.159190E-02 +0.967161E-04 +0.000000E+00 +0.636602E-03 +0.000000E+00 +0.000000E+00
 +0.130720E+01 -0.104090E+03 -0.160116E+03 -0.711581E+02 -0.763203E+02 +0.166473E+02 +0.000000E+00 +0.000000E+00 -0.159211E-02 +0.980815E-04 +0.000000E+00 +0.632599E-03 +0.000000E+00 +0.000000E+00
 +0.130720E+01 -0.104100E+03 -0.160068E+03 -0.710273E+02 -0.762614E+02 +0.165420E+02 +0.000000E+00 +0.000000E+00 -0.159232E-02 +0.994469E-04 +0.000000E+00 +0.628595E-03 +0.000000E+00 +0.000000E+00
 +0.130720E+01 -0.104110E+03 -0.160020E+03 -0.708965E+02 -0.762024E+02 +0.164366E+02 +0.000000E+00 +0.000000E+00 -0.159253E-02 +0.100812E-03 +0.000000E+00 +0.624592E-03 +0.000000E+00 +0.000000E+00
 +0.130720E+01 -0.104120E+03 -0.159972E+03 -0.707657E+02 -0.761435E+02 +0.163313E+02 +0.000000E+00 +0.000000E+00 -0.159274E-02 +0.102178E-03 +0.000000E+00 +0.620588E-03 +0.000000E+00 +0.000000E+00
 +0.130720E+01 -0.104130E+03 -0.159924E+03 -0.706349E+02 -0.760846E+02 +0.162259E+02 +0.000000E+00 +0.000000E+00 -0.159296E-02 +0.103543E-03 +0.000000E+00 +0.616585E-03 +0.000000E+00 +0.000000E+00
 +0.130720E+01 -0.104140E+03 -0.159877E+03 -0.705041E+02 -0.760256E+02 +0.161206E+02 +0.000000E+00 +0.000000E+00 -0.159317E-02 +0.104908E-03 +0.000000E+00 +0.612581E-03 +0.000000E+00 +0.000000E+00
 +0.130720E+01 -0.104150E+03 -0.159829E+03 -0.703733E+02 -0.759667E+02 +0.160152E+02 +0.000000E+00 +0.000000E+00 -0.159338E-02 +0.106274E-03 +0.000000E+00 +0.608578E-03 +0.000000E+00 +0.000000E+00
 +0.130720E+01 -0.104160E+03 -0.159781E+03 -0.702425E+02 -0.759077E+02 +0.159099E+02 +0.000000E+00 +0.000000E+00 -0.159359E-02 +0.107639E-03 +0.000000E+00 +0.604574E-03 +0.000000E+00 +0.000000E+00
 +0.130720E+01 -0.104170E+03 -0.159733E+03 -0.701117E+02 -0.758488E+02 +0.158045E+02 +0.000000E+00 +0.000000E+00 -0.159380E-02 +0.109005E-03 +0.000000E+00 +0.600571E-03 +0.000000E+00 +0.000000E+00
 +0.130720E+01 -0.104180E+03 -0.159685E+03 -0.699809E+02 -0.757899E+02 +0.156991E+02 +0.000000E+00 +0.000000E+00 -0.159401E-02 +0.110370E-03 +0.000000E+00 +0.596568E-03 +0.000000E+00 +0.000000E+00
 +0.130720E+01 -0.104190E+03 -0.159660E+03 -0.699249E+02 -0.757629E+02 +0.156246E+02 +0.000000E+00 +0.000000E+00 -0.159404E-02 +0.110922E-03 +0.000000E+00 +0.593733E-03 +0.000000E+00 +0.000000E+00
 +0.130720E+01 -0.104200E+03 -0.159634E+03 -0.698694E+02 -0.757362E+02 +0.155502E+02 +0.000000E+00 +0.000000E+00 -0.159406E-02 +0.111469E-03 +0.000000E+00 +0.590907E-03 +0.000000E+00 +0.000000E+00
 +0.130720E+01 -0.104210E+03 -0.159609E+03 -0.698139E+02 -0.757095E+02 +0.154758E+02 +0.000000E+00 +0.000000E+00 -0.159408E-02 +0.112015E-03 +0.000000E+00 +0.588082E-03 +0.000000E+00 +0.000000E+00
 +0.130720E+01 -0.104220E+03 -0.159583E+03 -0.697585E+02 -0.756827E+02 +0.154015E+02 +0.000000E+00 +0.000000E+00 -0.159411E-02 +0.112561E-03 +0.000000E+00 +0.585256E-03 +0.000000E+00 +0.000000E+00
 +0.130720E+01 -0.104230E+03 -0.159558E+03 -0.697030E+02 -0.756560E+02 +0.153271E+02 +0.000000E+00 +0.000000E+00 -0.159413E-02 +0.113107E-03 +0.000000E+00 +0.582431E-03 +0.000000E+00 +0.000000E+00
 +0.130720E+01 -0.104240E+03 -0.159532E+03 -0.696475E+02 -0.756293E+02 +0.152528E+02 +0.000000E+00 +0.000000E+00 -0.159415E-02 +0.113654E-03 +0.000000E+00 +0.579605E-03 +0.000000E+00 +0.000000E+00
 +0.130720E+01 -0.104250E+03 -0.159507E+03 -0.695920E+02 -0.756026E+02 +0.151784E+02 +0.000000E+00 +0.000000E+00 -0.159418E-02 +0.114200E-03 +0.000000E+00 +0.576780E-03 +0.000000E+00 +0.000000E+00
 +0.130720E+01 -0.104260E+03 -0.159481E+03 -0.695366E+02 -0.755758E+02 +0.151041E+02 +0.000000E+00 +0.000000E+00 -0.159420E-02 +0.114746E-03 +0.000000E+00 +0.573954E-03 +0.000000E+00 +0.000000E+00
 +0.130720E+01 -0.104270E+03 -0.159456E+03 -0.694811E+02 -0.755491E+02 +0.150297E+02 +0.000000E+00 +0.000000E+00 -0.159422E-02 +0.115292E-03 +0.000000E+00 +0.571129E-03 +0.000000E+00 +0.000000E+00
 +0.130720E+01 -0.104280E+03 -0.159430E+03 -0.694256E+02 -0.755224E+02 +0.149554E+02 +0.000000E+00 +0.000000E+00 -0.159425E-02 +0.115839E-03 +0.000000E+00 +0.568303E-03 +0.000000E+00 +0.000000E+00
 +0.130720E+01 -0.104290E+03 -0.159405E+03 -0.693701E+02 -0.754957E+02 +0.148810E+02 +0.000000E+00 +0.000000E+00 -0.159427E-02 +0.116385E-03 +0.000000E+00 +0.565478E-03 +0.000000E+00 +0.000000E+00
 +0.130720E+01 -0.104300E+03 -0.159379E+03 -0.693147E+02 -0.754689E+02 +0.148066E+02 +0.000000E+00 +0.000000E+00 -0.159429E-02 +0.116931E-03 +0.000000E+00 +0.562652E-03 +0.000000E+00 +0.000000E+00
 +0.130720E+01 -0.104310E+03 -0.159354E+03 -0.692592E+02 -0.754422E+02 +0.147323E+02 +0.000000E+00 +0.000000E+00 -0.159432E-02 +0.117477E-03 +0.000000E+00 +0.559827E-03 +0.000000E+00 +0.000000E+00
 +0.130720E+01 -0.104320E+03 -0.159328E+03 -0.692037E+02 -0.754155E+02 +0.146579E+02 +0.000000E+00 +0.000000E+00 -0.159434E-02 +0.118024E-03 +0.000000E+00 +0.557001E-03 +0.000000E+00 +0.000000E+00
 +0.130720E+01 -0.104330E+03 -0.159303E+03 -0.691483E+02 -0.753888E+02 +0.145836E+02 +0.000000E+00 +0.000000E+00 -0.159436E-02 +0.118570E-03 +0.000000E+00 +0.554176E-03 +0.000000E+00 +0.000000E+00
 +0.130720E+01 -0.104340E+03 -0.159277E+03 -0.690928E+02 -0.753621E+02 +0.145092E+02 +0.000000E+00 +0.000000E+00 -0.159439E-02 +0.119116E-03 +0.000000E+00 +0.551350E-03 +0.000000E+00 +0.000000E+00
 +0.130720E+01 -0.104350E+03 -0.159252E+03 -0.690373E+02 -0.753353E+02 +0.144349E+02 +0.000000E+00 +0.000000E+00 -0.159441E-02 +0.119662E-03 +0.000000E+00 +0.548525E-03 +0.000000E+00 +0.000000E+00
 +0.130720E+01 -0.104360E+03 -0.159226E+03 -0.689818E+02 -0.753086E+02 +0.143605E+02 +0.000000E+00 +0.000000E+00 -0.159443E-02 +0.120209E-03 +0.000000E+00 +0.545699E-03 +0.000000E+00 +0.000000E+00
 +0.130720E+01 -0.104370E+03 -0.159201E+03 -0.689264E+02 -0.752819E+02 +0.142862E+02 +0.000000E+00 +0.000000E+00 -0.159445E-02 +0.120755E-03 +0.000000E+00 +0.542874E-03 +0.000000E+00 +0.000000E+00
 +0.130720E+01 -0.104380E+03 -0.159175E+03 -0.688709E+02 -0.752552E+02 +0.142118E+02 +0.000000E+00 +0.000000E+00 -0.159448E-02 +0.121301E-03 +0.000000E+00 +0.540048E-03 +0.000000E+00 +0.000000E+00
 +0.130720E+01 -0.104390E+03 -0.159150E+03 -0.688154E+02 -0.752284E+02 +0.141374E+02 +0.000000E+00 +0.000000E+00 -0.159450E-02 +0.121847E-03 +0.000000E+00 +0.537223E-03 +0.000000E+00 +0.000000E+00
 +0.130720E+01 -0.104400E+03 -0.159144E+03 -0.687322E+02 -0.751991E+02 +0.140701E+02 +0.000000E+00 +0.000000E+00 -0.159495E-02 +0.122872E-03 +0.000000E+00 +0.534665E-03 +0.000000E+00 +0.000000E+00
 +0.130720E+01 -0.104410E+03 -0.159144E+03 -0.686410E+02 -0.751690E+02 +0.140048E+02 +0.000000E+00 +0.000000E+00 -0.159552E-02 +0.124032E-03 +0.000000E+00 +0.532183E-03 +0.000000E+00 +0.000000E+00
 +0.130720E+01 -0.104420E+03 -0.159144E+03 -0.685498E+02 -0.751389E+02 +0.139395E+02 +0.000000E+00 +0.000000E+00 -0.159609E-02 +0.125193E-03 +0.000000E+00 +0.529701E-03 +0.000000E+00 +0.000000E+00
 +0.130720E+01 -0.104430E+03 -0.159144E+03 -0.684586E+02 -0.751088E+02 +0.138742E+02 +0.000000E+00 +0.000000E+00 -0.159667E-02 +0.126354E-03 +0.000000E+00 +0.527219E-03 +0.000000E+00 +0.000000E+00
 +0.130720E+01 -0.104440E+03 -0.159144E+03 -0.683674E+02 -0.750787E+02 +0.138089E+02 +0.000000E+00 +0.000000E+00 -0.159724E-02 +0.127515E-03 +0.000000E+00 +0.524737E-03 +0.000000E+00 +0.000000E+00
 +0.130720E+01 -0.104450E+03 -0.159144E+03 -0.682762E+02 -0.750486E+02 +0.137435E+02 +0.000000E+00 +0.000000E+00 -0.159781E-02 +0.128676E-03 +0.000000E+00 +0.522255E-03 +0.000000E+00 +0.000000E+00
 +0.130720E+01 -0.104460E+03 -0.159144E+03 -0.681850E+02 -0.750185E+02 +0.136782E+02 +0.000000E+00 +0.000000E+00 -0.159838E-02 +0.129837E-03 +0.000000E+00 +0.519773E-03 +0.000000E+00 +0.000000E+00
 +0.130720E+01 -0.104470E+03 -0.159144E+03 -0.680938E+02 -0.749884E+02 +0.136129E+02 +0.000000E+00 +0.000000E+00 -0.159895E-02 +0.130998E-03 +0.000000E+00 +0.517291E-03 +0.000000E+00 +0.000000E+00
 +0.130720E+01 -0.104480E+03 -0.159144E+03 -0.680026E+02 -0.749583E+02 +0.135476E+02 +0.000000E+00 +0.000000E+00 -0.159952E-02 +0.132159E-03 +0.000000E+00 +0.514809E-03 +0.000000E+00 +0.000000E+00
 +0.130720E+01 -0.104490E+03 -0.159144E+03 -0.679114E+02 -0.749282E+02 +0.134823E+02 +0.000000E+00 +0.000000E+00 -0.160010E-02 +0.133319E-03 +0.000000E+00 +0.512327E-03 +0.000000E+00 +0.000000E+00
 +0.130720E+01 -0.104500E+03 -0.159144E+03 -0.678202E+02 -0.748981E+02 +0.134170E+02 +0.000000E+00 +0.000000E+00 -0.160067E-02 +0.134480E-03 +0.000000E+00 +0.509845E-03 +0.000000E+00 +0.000000E+00
 +0.130720E+01 -0.104510E+03 -0.159144E+03 -0.677290E+02 -0.748680E+02 +0.133517E+02 +0.000000E+00 +0.000000E+00 -0.160124E-02 +0.135641E-03 +0.000000E+00 +0.507363E-03 +0.000000E+00 +0.000000E+00
 +0.130720E+01 -0.104520E+03 -0.159144E+03 -0.676378E+02 -0.748379E+02 +0.132863E+02 +0.000000E+00 +0.000000E+00 -0.160181E-02 +0.136802E-03 +0.000000E+00 +0.504881E-03 +0.000000E+00 +0.000000E+00
 +0.130720E+01 -0.104530E+03 -0.159144E+03 -0.675466E+02 -0.748078E+02 +0.132210E+02 +0.000000E+00 +0.000000E+00 -0.160238E-02 +0.137963E-03 +0.000000E+00 +0.502399E-03 +0.000000E+00 +0.000000E+00
 +0.130720E+01 -0.104540E+03 -0.159144E+03 -0.674554E+02 -0.747777E+02 +0.131557E+02 +0.000000E+00 +0.000000E+00 -0.160295E-02 +0.139124E-03 +0.000000E+00 +0.499917E-03 +0.000000E+00 +0.000000E+00
 +0.130720E+01 -0.104550E+03 -0.159144E+03 -0.673642E+02 -0.747476E+02 +0.130904E+02 +0.000000E+00 +0.000000E+00 -0.160353E-02 +0.140285E-03 +0.000000E+00 +0.497435E-03 +0.000000E+00 +0.000000E+00
 +0.130720E+01 -0.104560E+03 -0.159144E+03 -0.672730E+02 -0.747175E+02 +0.130251E+02 +0.000000E+00 +0.000000E+00 -0.160410E-02 +0.141445E-03 +0.000000E+00 +0.494953E-03 +0.000000E+00 +0.000000E+00
 +0.130720E+01 -0.104570E+03 -0.159144E+03 -0.671818E+02 -0.746874E+02 +0.129598E+02 +0.000000E+00 +0.000000E+00 -0.160467E-02 +0.142606E-03 +0.000000E+00 +0.492471E-03 +0.000000E+00 +0.000000E+00
 +0.130720E+01 -0.104580E+03 -0.159134E+03 -0.670941E+02 -0.746554E+02 +0.129012E+02 +0.000000E+00 +0.000000E+00 -0.160510E-02 +0.143665E-03 +0.000000E+00 +0.490244E-03 +0.000000E+00 +0.000000E+00
 +0.130720E+01 -0.104590E+03 -0.159110E+03 -0.670119E+02 -0.746204E+02 +0.128533E+02 +0.000000E+00 +0.000000E+00 -0.160531E-02 +0.144561E-03 +0.000000E+00 +0.488424E-03 +0.000000E+00 +0.000000E+00
 +0.130720E+01 -0.104600E+03 -0.159086E+03 -0.669296E+02 -0.745853E+02 +0.128053E+02 +0.000000E+00 +0.000000E+00 -0.160552E-02 +0.145458E-03 +0.000000E+00 +0.486603E-03 +0.000000E+00 +0.000000E+00
 +0.130720E+01 -0.104610E+03 -0.159062E+03 -0.668474E+02 -0.745502E+02 +0.127574E+02 +0.000000E+00 +0.000000E+00 -0.160573E-02 +0.146354E-03 +0.000000E+00 +0.484783E-03 +0.000000E+00 +0.000000E+00
 +0.130720E+01 -0.104620E+03 -0.159038E+03 -0.667652E+02 -0.745152E+02 +0.127095E+02 +0.000000E+00 +0.000000E+00 -0.160594E-02 +0.147250E-03 +0.000000E+00 +0.482962E-03 +0.000000E+00 +0.000000E+00
 +0.130720E+01 -0.104630E+03 -0.159014E+03 -0.666829E+02 -0.744801E+02 +0.126616E+02 +0.000000E+00 +0.000000E+00 -0.160615E-02 +0.148146E-03 +0.000000E+00 +0.481142E-03 +0.000000E+00 +0.000000E+00
 +0.130720E+01 -0.104640E+03 -0.158990E+03 -0.666007E+02 -0.744450E+02 +0.126137E+02 +0.000000E+00 +0.000000E+00 -0.160636E-02 +0.149042E-03 +0.000000E+00 +0.479321E-03 +0.000000E+00 +0.000000E+00
 +0.130720E+01 -0.104650E+03 -0.158966E+03 -0.665184E+02 -0.744099E+02 +0.125658E+02 +0.000000E+00 +0.000000E+00 -0.160657E-02 +0.149939E-03 +0.000000E+00 +0.477501E-03 +0.000000E+00 +0.000000E+00
 +0.130720E+01 -0.104660E+03 -0.158942E+03 -0.664362E+02 -0.743749E+02 +0.125179E+02 +0.000000E+00 +0.000000E+00 -0.160678E-02 +0.150835E-03 +0.000000E+00 +0.475680E-03 +0.000000E+00 +0.000000E+00
 +0.130720E+01 -0.104670E+03 -0.158918E+03 -0.663540E+02 -0.743398E+02 +0.124700E+02 +0.000000E+00 +0.000000E+00 -0.160699E-02 +0.151731E-03 +0.000000E+00 +0.473860E-03 +0.000000E+00 +0.000000E+00
 +0.130720E+01 -0.104680E+03 -0.158894E+03 -0.662717E+02 -0.743047E+02 +0.124221E+02 +0.000000E+00 +0.000000E+00 -0.160720E-02 +0.152627E-03 +0.000000E+00 +0.472039E-03 +0.000000E+00 +0.000000E+00
 +0.130720E+01 -0.104690E+03 -0.158870E+03 -0.661895E+02 -0.742697E+02 +0.123742E+02 +0.000000E+00 +0.000000E+00 -0.160741E-02 +0.153524E-03 +0.000000E+00 +0.470219E-03 +0.000000E+00 +0.000000E+00
 +0.130720E+01 -0.104700E+03 -0.158846E+03 -0.661072E+02 -0.742346E+02 +0.123263E+02 +0.000000E+00 +0.000000E+00 -0.160762E-02 +0.154420E-03 +0.000000E+00 +0.468398E-03 +0.000000E+00 +0.000000E+00
 +0.130720E+01 -0.104710E+03 -0.158822E+03 -0.660250E+02 -0.741995E+02 +0.122784E+02 +0.000000E+00 +0.000000E+00 -0.160783E-02 +0.155316E-03 +0.000000E+00 +0.466578E-03 +0.000000E+00 +0.000000E+00
 +0.130720E+01 -0.104720E+03 -0.158798E+03 -0.659428E+02 -0.741645E+02 +0.122305E+02 +0.000000E+00 +0.000000E+00 -0.160804E-02 +0.156212E-03 +0.000000E+00 +0.464757E-03 +0.000000E+00 +0.000000E+00
 +0.130720E+01 -0.104730E+03 -0.158774E+03 -0.658605E+02 -0.741294E+02 +0.121826E+02 +0.000000E+00 +0.000000E+00 -0.160825E-02 +0.157109E-03 +0.000000E+00 +0.462937E-03 +0.000000E+00 +0.000000E+00
 +0.130720E+01 -0.104740E+03 -0.158750E+03 -0.657783E+02 -0.740943E+02 +0.121346E+02 +0.000000E+00 +0.000000E+00 -0.160846E-02 +0.158005E-03 +0.000000E+00 +0.461116E-03 +0.000000E+00 +0.000000E+00
 +0.130720E+01 -0.104750E+03 -0.158726E+03 -0.656961E+02 -0.740593E+02 +0.120867E+02 +0.000000E+00 +0.000000E+00 -0.160867E-02 +0.158901E-03 +0.000000E+00 +0.459296E-03 +0.000000E+00 +0.000000E+00
 +0.130720E+01 -0.104760E+03 -0.158702E+03 -0.656138E+02 -0.740242E+02 +0.120388E+02 +0.000000E+00 +0.000000E+00 -0.160888E-02 +0.159797E-03 +0.000000E+00 +0.457475E-03 +0.000000E+00 +0.000000E+00
 +0.130720E+01 -0.104770E+03 -0.158678E+03 -0.655316E+02 -0.739891E+02 +0.119909E+02 +0.000000E+00 +0.000000E+00 -0.160909E-02 +0.160693E-03 +0.000000E+00 +0.455655E-03 +0.000000E+00 +0.000000E+00
 +0.130720E+01 -0.104780E+03 -0.158654E+03 -0.654493E+02 -0.739541E+02 +0.119430E+02 +0.000000E+00 +0.000000E+00 -0.160930E-02 +0.161590E-03 +0.000000E+00 +0.453835E-03 +0.000000E+00 +0.000000E+00
 +0.130720E+01 -0.104790E+03 -0.158630E+03 -0.653671E+02 -0.739190E+02 +0.118951E+02 +0.000000E+00 +0.000000E+00 -0.160951E-02 +0.162486E-03 +0.000000E+00 +0.452014E-03 +0.000000E+00 +0.000000E+00
 +0.130720E+01 -0.104800E+03 -0.158606E+03 -0.652849E+02 -0.738839E+02 +0.118472E+02 +0.000000E+00 +0.000000E+00 -0.160972E-02 +0.163382E-03 +0.000000E+00 +0.450194E-03 +0.000000E+00 +0.000000E+00
 +0.130720E+01 -0.104810E+03 -0.158582E+03 -0.652026E+02 -0.738489E+02 +0.117993E+02 +0.000000E+00 +0.000000E+00 -0.160993E-02 +0.164278E-03 +0.000000E+00 +0.448373E-03 +0.000000E+00 +0.000000E+00
 +0.130720E+01 -0.104820E+03 -0.158558E+03 -0.651204E+02 -0.738138E+02 +0.117514E+02 +0.000000E+00 +0.000000E+00 -0.161014E-02 +0.165175E-03 +0.000000E+00 +0.446553E-03 +0.000000E+00 +0.000000E+00
 +0.130720E+01 -0.104830E+03 -0.158534E+03 -0.650381E+02 -0.737787E+02 +0.117035E+02 +0.000000E+00 +0.000000E+00 -0.161035E-02 +0.166071E-03 +0.000000E+00 +0.444732E-03 +0.000000E+00 +0.000000E+00
 +0.130720E+01 -0.104840E+03 -0.158510E+03 -0.649559E+02 -0.737437E+02 +0.116556E+02 +0.000000E+00 +0.000000E+00 -0.161055E-02 +0.166967E-03 +0.000000E+00 +0.442912E-03 +0.000000E+00 +0.000000E+00
 +0.130720E+01 -0.104850E+03 -0.158486E+03 -0.648737E+02 -0.737086E+02 +0.116077E+02 +0.000000E+00 +0.000000E+00 -0.161076E-02 +0.167863E-03 +0.000000E+00 +0.441091E-03 +0.000000E+00 +0.000000E+00
 +0.130720E+01 -0.104860E+03 -0.158462E+03 -0.647914E+02 -0.736735E+02 +0.115598E+02 +0.000000E+00 +0.000000E+00 -0.161097E-02 +0.168760E-03 +0.000000E+00 +0.439271E-03 +0.000000E+00 +0.000000E+00
 +0.130720E+01 -0.104870E+03 -0.158438E+03 -0.647092E+02 -0.736384E+02 +0.115118E+02 +0.000000E+00 +0.000000E+00 -0.161118E-02 +0.169656E-03 +0.000000E+00 +0.437450E-03 +0.000000E+00 +0.000000E+00
 +0.130720E+01 -0.104880E+03 -0.158414E+03 -0.646270E+02 -0.736034E+02 +0.114639E+02 +0.000000E+00 +0.000000E+00 -0.161139E-02 +0.170552E-03 +0.000000E+00 +0.435630E-03 +0.000000E+00 +0.000000E+00
 +0.130720E+01 -0.104890E+03 -0.158390E+03 -0.645447E+02 -0.735683E+02 +0.114160E+02 +0.000000E+00 +0.000000E+00 -0.161160E-02 +0.171448E-03 +0.000000E+00 +0.433809E-03 +0.000000E+00 +0.000000E+00
 +0.130720E+01 -0.104900E+03 -0.158366E+03 -0.644625E+02 -0.735332E+02 +0.113681E+02 +0.000000E+00 +0.000000E+00 -0.161181E-02 +0.172344E-03 +0.000000E+00 +0.431989E-03 +0.000000E+00 +0.000000E+00
 +0.130720E+01 -0.104910E+03 -0.158341E+03 -0.643802E+02 -0.734982E+02 +0.113202E+02 +0.000000E+00 +0.000000E+00 -0.161202E-02 +0.173241E-03 +0.000000E+00 +0.430168E-03 +0.000000E+00 +0.000000E+00
 +0.130720E+01 -0.104920E+03 -0.158317E+03 -0.642980E+02 -0.734631E+02 +0.112723E+02 +0.000000E+00 +0.000000E+00 -0.161223E-02 +0.174137E-03 +0.000000E+00 +0.428348E-03 +0.000000E+00 +0.000000E+00
 +0.130720E+01 -0.104930E+03 -0.158293E+03 -0.642158E+02 -0.734280E+02 +0.112244E+02 +0.000000E+00 +0.000000E+00 -0.161244E-02 +0.175033E-03 +0.000000E+00 +0.426527E-03 +0.000000E+00 +0.000000E+00
 +0.130720E+01 -0.104940E+03 -0.158269E+03 -0.641335E+02 -0.733930E+02 +0.111765E+02 +0.000000E+00 +0.000000E+00 -0.161265E-02 +0.175929E-03 +0.000000E+00 +0.424707E-03 +0.000000E+00 +0.000000E+00
 +0.130720E+01 -0.104950E+03 -0.158245E+03 -0.640513E+02 -0.733579E+02 +0.111286E+02 +0.000000E+00 +0.000000E+00 -0.161286E-02 +0.176826E-03 +0.000000E+00 +0.422886E-03 +0.000000E+00 +0.000000E+00
 +0.130720E+01 -0.104960E+03 -0.158221E+03 -0.639691E+02 -0.733228E+02 +0.110807E+02 +0.000000E+00 +0.000000E+00 -0.161307E-02 +0.177722E-03 +0.000000E+00 +0.421066E-03 +0.000000E+00 +0.000000E+00
 +0.130720E+01 -0.104970E+03 -0.158197E+03 -0.638868E+02 -0.732878E+02 +0.110328E+02 +0.000000E+00 +0.000000E+00 -0.161328E-02 +0.178618E-03 +0.000000E+00 +0.419245E-03 +0.000000E+00 +0.000000E+00
 +0.130720E+01 -0.104980E+03 -0.158173E+03 -0.638046E+02 -0.732527E+02 +0.109849E+02 +0.000000E+00 +0.000000E+00 -0.161349E-02 +0.179514E-03 +0.000000E+00 +0.417425E-03 +0.000000E+00 +0.000000E+00
 +0.130720E+01 -0.104990E+03 -0.158149E+03 -0.637223E+02 -0.732176E+02 +0.109370E+02 +0.000000E+00 +0.000000E+00 -0.161370E-02 +0.180411E-03 +0.000000E+00 +0.415604E-03 +0.000000E+00 +0.000000E+00
