%X Y s_xx s_yy s_zz s_xy s_xz s_yz e_xx e_yy e_zz e_xy e_xz e_yz
 +0.148320E+01 -0.100000E+03 -0.349248E+03 -0.243123E+02 -0.123275E+03 +0.336153E+02 +0.000000E+00 +0.000000E+00 -0.429349E-02 +0.188029E-02 +0.000000E+00 +0.127738E-02 +0.000000E+00 +0.000000E+00
 +0.148320E+01 -0.100010E+03 -0.342176E+03 -0.301726E+02 -0.122875E+03 +0.387343E+02 +0.000000E+00 +0.000000E+00 -0.416671E-02 +0.176134E-02 +0.000000E+00 +0.147190E-02 +0.000000E+00 +0.000000E+00
 +0.148320E+01 -0.100020E+03 -0.335103E+03 -0.360220E+02 -0.122471E+03 +0.438961E+02 +0.000000E+00 +0.000000E+00 -0.404000E-02 +0.164254E-02 +0.000000E+00 +0.166805E-02 +0.000000E+00 +0.000000E+00
 +0.148320E+01 -0.100030E+03 -0.327973E+03 -0.410805E+02 -0.121788E+03 +0.521738E+02 +0.000000E+00 +0.000000E+00 -0.391752E-02 +0.153344E-02 +0.000000E+00 +0.198260E-02 +0.000000E+00 +0.000000E+00
 +0.148320E+01 -0.100040E+03 -0.320887E+03 -0.461066E+02 -0.121108E+03 +0.603537E+02 +0.000000E+00 +0.000000E+00 -0.379580E-02 +0.142502E-02 +0.000000E+00 +0.229344E-02 +0.000000E+00 +0.000000E+00
 +0.148320E+01 -0.100050E+03 -0.315359E+03 -0.499735E+02 -0.120560E+03 +0.650327E+02 +0.000000E+00 +0.000000E+00 -0.370118E-02 +0.134114E-02 +0.000000E+00 +0.247124E-02 +0.000000E+00 +0.000000E+00
 +0.148320E+01 -0.100060E+03 -0.309861E+03 -0.538138E+02 -0.120013E+03 +0.696514E+02 +0.000000E+00 +0.000000E+00 -0.360711E-02 +0.125778E-02 +0.000000E+00 +0.264675E-02 +0.000000E+00 +0.000000E+00
 +0.148320E+01 -0.100070E+03 -0.305081E+03 -0.570282E+02 -0.119496E+03 +0.728518E+02 +0.000000E+00 +0.000000E+00 -0.352611E-02 +0.118689E-02 +0.000000E+00 +0.276837E-02 +0.000000E+00 +0.000000E+00
 +0.148320E+01 -0.100080E+03 -0.300330E+03 -0.602168E+02 -0.118981E+03 +0.760023E+02 +0.000000E+00 +0.000000E+00 -0.344564E-02 +0.111651E-02 +0.000000E+00 +0.288809E-02 +0.000000E+00 +0.000000E+00
 +0.148320E+01 -0.100090E+03 -0.296094E+03 -0.629546E+02 -0.118486E+03 +0.782828E+02 +0.000000E+00 +0.000000E+00 -0.337455E-02 +0.105510E-02 +0.000000E+00 +0.297475E-02 +0.000000E+00 +0.000000E+00
 +0.148320E+01 -0.100100E+03 -0.291887E+03 -0.656673E+02 -0.117993E+03 +0.805224E+02 +0.000000E+00 +0.000000E+00 -0.330399E-02 +0.994189E-03 +0.000000E+00 +0.305985E-02 +0.000000E+00 +0.000000E+00
 +0.148320E+01 -0.100110E+03 -0.288078E+03 -0.680344E+02 -0.117517E+03 +0.821988E+02 +0.000000E+00 +0.000000E+00 -0.324066E-02 +0.940173E-03 +0.000000E+00 +0.312355E-02 +0.000000E+00 +0.000000E+00
 +0.148320E+01 -0.100120E+03 -0.284298E+03 -0.703769E+02 -0.117043E+03 +0.838401E+02 +0.000000E+00 +0.000000E+00 -0.317785E-02 +0.886650E-03 +0.000000E+00 +0.318592E-02 +0.000000E+00 +0.000000E+00
 +0.148320E+01 -0.100130E+03 -0.280844E+03 -0.724431E+02 -0.116585E+03 +0.850861E+02 +0.000000E+00 +0.000000E+00 -0.312093E-02 +0.838694E-03 +0.000000E+00 +0.323327E-02 +0.000000E+00 +0.000000E+00
 +0.148320E+01 -0.100140E+03 -0.277420E+03 -0.744855E+02 -0.116129E+03 +0.863022E+02 +0.000000E+00 +0.000000E+00 -0.306453E-02 +0.791222E-03 +0.000000E+00 +0.327948E-02 +0.000000E+00 +0.000000E+00
 +0.148320E+01 -0.100150E+03 -0.274270E+03 -0.763015E+02 -0.115689E+03 +0.872334E+02 +0.000000E+00 +0.000000E+00 -0.301305E-02 +0.748357E-03 +0.000000E+00 +0.331487E-02 +0.000000E+00 +0.000000E+00
 +0.148320E+01 -0.100160E+03 -0.271150E+03 -0.780947E+02 -0.115251E+03 +0.881389E+02 +0.000000E+00 +0.000000E+00 -0.296208E-02 +0.705964E-03 +0.000000E+00 +0.334928E-02 +0.000000E+00 +0.000000E+00
 +0.148320E+01 -0.100170E+03 -0.268265E+03 -0.796996E+02 -0.114828E+03 +0.888336E+02 +0.000000E+00 +0.000000E+00 -0.291530E-02 +0.667445E-03 +0.000000E+00 +0.337568E-02 +0.000000E+00 +0.000000E+00
 +0.148320E+01 -0.100180E+03 -0.265409E+03 -0.812826E+02 -0.114408E+03 +0.895063E+02 +0.000000E+00 +0.000000E+00 -0.286901E-02 +0.629383E-03 +0.000000E+00 +0.340124E-02 +0.000000E+00 +0.000000E+00
 +0.148320E+01 -0.100190E+03 -0.262756E+03 -0.827078E+02 -0.114003E+03 +0.900210E+02 +0.000000E+00 +0.000000E+00 -0.282630E-02 +0.594608E-03 +0.000000E+00 +0.342080E-02 +0.000000E+00 +0.000000E+00
 +0.148320E+01 -0.100200E+03 -0.260131E+03 -0.841120E+02 -0.113600E+03 +0.905168E+02 +0.000000E+00 +0.000000E+00 -0.278408E-02 +0.560273E-03 +0.000000E+00 +0.343964E-02 +0.000000E+00 +0.000000E+00
 +0.148320E+01 -0.100210E+03 -0.257682E+03 -0.853829E+02 -0.113211E+03 +0.908930E+02 +0.000000E+00 +0.000000E+00 -0.274494E-02 +0.528743E-03 +0.000000E+00 +0.345393E-02 +0.000000E+00 +0.000000E+00
 +0.148320E+01 -0.100220E+03 -0.255261E+03 -0.866340E+02 -0.112825E+03 +0.912531E+02 +0.000000E+00 +0.000000E+00 -0.270627E-02 +0.497634E-03 +0.000000E+00 +0.346762E-02 +0.000000E+00 +0.000000E+00
 +0.148320E+01 -0.100230E+03 -0.252993E+03 -0.877721E+02 -0.112453E+03 +0.915220E+02 +0.000000E+00 +0.000000E+00 -0.267027E-02 +0.468928E-03 +0.000000E+00 +0.347784E-02 +0.000000E+00 +0.000000E+00
 +0.148320E+01 -0.100240E+03 -0.250752E+03 -0.888916E+02 -0.112082E+03 +0.917773E+02 +0.000000E+00 +0.000000E+00 -0.263472E-02 +0.440623E-03 +0.000000E+00 +0.348754E-02 +0.000000E+00 +0.000000E+00
 +0.148320E+01 -0.100250E+03 -0.248644E+03 -0.899150E+02 -0.111724E+03 +0.919627E+02 +0.000000E+00 +0.000000E+00 -0.260147E-02 +0.414381E-03 +0.000000E+00 +0.349458E-02 +0.000000E+00 +0.000000E+00
 +0.148320E+01 -0.100260E+03 -0.246562E+03 -0.909208E+02 -0.111369E+03 +0.921366E+02 +0.000000E+00 +0.000000E+00 -0.256865E-02 +0.388519E-03 +0.000000E+00 +0.350119E-02 +0.000000E+00 +0.000000E+00
 +0.148320E+01 -0.100270E+03 -0.244596E+03 -0.918448E+02 -0.111025E+03 +0.922567E+02 +0.000000E+00 +0.000000E+00 -0.253784E-02 +0.364431E-03 +0.000000E+00 +0.350575E-02 +0.000000E+00 +0.000000E+00
 +0.148320E+01 -0.100280E+03 -0.242654E+03 -0.927524E+02 -0.110684E+03 +0.923670E+02 +0.000000E+00 +0.000000E+00 -0.250743E-02 +0.340703E-03 +0.000000E+00 +0.350995E-02 +0.000000E+00 +0.000000E+00
 +0.148320E+01 -0.100290E+03 -0.240814E+03 -0.935902E+02 -0.110354E+03 +0.924357E+02 +0.000000E+00 +0.000000E+00 -0.247876E-02 +0.318503E-03 +0.000000E+00 +0.351256E-02 +0.000000E+00 +0.000000E+00
 +0.148320E+01 -0.100300E+03 -0.238997E+03 -0.944126E+02 -0.110025E+03 +0.924963E+02 +0.000000E+00 +0.000000E+00 -0.245047E-02 +0.296641E-03 +0.000000E+00 +0.351486E-02 +0.000000E+00 +0.000000E+00
 +0.148320E+01 -0.100310E+03 -0.237270E+03 -0.951752E+02 -0.109707E+03 +0.925246E+02 +0.000000E+00 +0.000000E+00 -0.242369E-02 +0.276099E-03 +0.000000E+00 +0.351593E-02 +0.000000E+00 +0.000000E+00
 +0.148320E+01 -0.100320E+03 -0.235563E+03 -0.959237E+02 -0.109391E+03 +0.925459E+02 +0.000000E+00 +0.000000E+00 -0.239728E-02 +0.255874E-03 +0.000000E+00 +0.351674E-02 +0.000000E+00 +0.000000E+00
 +0.148320E+01 -0.100330E+03 -0.233935E+03 -0.966208E+02 -0.109083E+03 +0.925420E+02 +0.000000E+00 +0.000000E+00 -0.237218E-02 +0.236789E-03 +0.000000E+00 +0.351660E-02 +0.000000E+00 +0.000000E+00
 +0.148320E+01 -0.100340E+03 -0.232327E+03 -0.973047E+02 -0.108778E+03 +0.925323E+02 +0.000000E+00 +0.000000E+00 -0.234742E-02 +0.218002E-03 +0.000000E+00 +0.351623E-02 +0.000000E+00 +0.000000E+00
 +0.148320E+01 -0.100350E+03 -0.230787E+03 -0.979445E+02 -0.108482E+03 +0.925029E+02 +0.000000E+00 +0.000000E+00 -0.232381E-02 +0.200202E-03 +0.000000E+00 +0.351511E-02 +0.000000E+00 +0.000000E+00
 +0.148320E+01 -0.100360E+03 -0.229267E+03 -0.985721E+02 -0.108187E+03 +0.924684E+02 +0.000000E+00 +0.000000E+00 -0.230052E-02 +0.182681E-03 +0.000000E+00 +0.351380E-02 +0.000000E+00 +0.000000E+00
 +0.148320E+01 -0.100370E+03 -0.227806E+03 -0.991616E+02 -0.107899E+03 +0.924183E+02 +0.000000E+00 +0.000000E+00 -0.227823E-02 +0.166018E-03 +0.000000E+00 +0.351190E-02 +0.000000E+00 +0.000000E+00
 +0.148320E+01 -0.100380E+03 -0.226364E+03 -0.997398E+02 -0.107614E+03 +0.923640E+02 +0.000000E+00 +0.000000E+00 -0.225624E-02 +0.149614E-03 +0.000000E+00 +0.350983E-02 +0.000000E+00 +0.000000E+00
 +0.148320E+01 -0.100390E+03 -0.224974E+03 -0.100285E+03 -0.107335E+03 +0.922972E+02 +0.000000E+00 +0.000000E+00 -0.223513E-02 +0.133958E-03 +0.000000E+00 +0.350729E-02 +0.000000E+00 +0.000000E+00
 +0.148320E+01 -0.100400E+03 -0.223601E+03 -0.100820E+03 -0.107059E+03 +0.922266E+02 +0.000000E+00 +0.000000E+00 -0.221430E-02 +0.118544E-03 +0.000000E+00 +0.350461E-02 +0.000000E+00 +0.000000E+00
 +0.148320E+01 -0.100410E+03 -0.222274E+03 -0.101326E+03 -0.106788E+03 +0.921461E+02 +0.000000E+00 +0.000000E+00 -0.219424E-02 +0.103783E-03 +0.000000E+00 +0.350155E-02 +0.000000E+00 +0.000000E+00
 +0.148320E+01 -0.100420E+03 -0.220964E+03 -0.101822E+03 -0.106519E+03 +0.920623E+02 +0.000000E+00 +0.000000E+00 -0.217445E-02 +0.892497E-04 +0.000000E+00 +0.349837E-02 +0.000000E+00 +0.000000E+00
 +0.148320E+01 -0.100430E+03 -0.219694E+03 -0.102293E+03 -0.106256E+03 +0.919703E+02 +0.000000E+00 +0.000000E+00 -0.215533E-02 +0.752872E-04 +0.000000E+00 +0.349487E-02 +0.000000E+00 +0.000000E+00
 +0.148320E+01 -0.100440E+03 -0.218440E+03 -0.102756E+03 -0.105995E+03 +0.918755E+02 +0.000000E+00 +0.000000E+00 -0.213646E-02 +0.615383E-04 +0.000000E+00 +0.349127E-02 +0.000000E+00 +0.000000E+00
 +0.148320E+01 -0.100450E+03 -0.217221E+03 -0.103196E+03 -0.105738E+03 +0.917739E+02 +0.000000E+00 +0.000000E+00 -0.211819E-02 +0.482911E-04 +0.000000E+00 +0.348741E-02 +0.000000E+00 +0.000000E+00
 +0.148320E+01 -0.100460E+03 -0.216017E+03 -0.103628E+03 -0.105483E+03 +0.916696E+02 +0.000000E+00 +0.000000E+00 -0.210015E-02 +0.352445E-04 +0.000000E+00 +0.348345E-02 +0.000000E+00 +0.000000E+00
 +0.148320E+01 -0.100470E+03 -0.214845E+03 -0.104041E+03 -0.105232E+03 +0.915597E+02 +0.000000E+00 +0.000000E+00 -0.208264E-02 +0.226401E-04 +0.000000E+00 +0.347927E-02 +0.000000E+00 +0.000000E+00
 +0.148320E+01 -0.100480E+03 -0.213686E+03 -0.104445E+03 -0.104983E+03 +0.914475E+02 +0.000000E+00 +0.000000E+00 -0.206536E-02 +0.102247E-04 +0.000000E+00 +0.347500E-02 +0.000000E+00 +0.000000E+00
 +0.148320E+01 -0.100490E+03 -0.212556E+03 -0.104833E+03 -0.104738E+03 +0.913303E+02 +0.000000E+00 +0.000000E+00 -0.204853E-02 -0.179946E-05 +0.000000E+00 +0.347055E-02 +0.000000E+00 +0.000000E+00
 +0.148320E+01 -0.100500E+03 -0.211439E+03 -0.105213E+03 -0.104495E+03 +0.912110E+02 +0.000000E+00 +0.000000E+00 -0.203193E-02 -0.136452E-04 +0.000000E+00 +0.346602E-02 +0.000000E+00 +0.000000E+00
 +0.148320E+01 -0.100510E+03 -0.210346E+03 -0.105579E+03 -0.104255E+03 +0.910874E+02 +0.000000E+00 +0.000000E+00 -0.201573E-02 -0.251434E-04 +0.000000E+00 +0.346132E-02 +0.000000E+00 +0.000000E+00
 +0.148320E+01 -0.100520E+03 -0.209266E+03 -0.105937E+03 -0.104017E+03 +0.909617E+02 +0.000000E+00 +0.000000E+00 -0.199974E-02 -0.364727E-04 +0.000000E+00 +0.345655E-02 +0.000000E+00 +0.000000E+00
 +0.148320E+01 -0.100530E+03 -0.208209E+03 -0.106281E+03 -0.103782E+03 +0.908323E+02 +0.000000E+00 +0.000000E+00 -0.198412E-02 -0.474922E-04 +0.000000E+00 +0.345163E-02 +0.000000E+00 +0.000000E+00
 +0.148320E+01 -0.100540E+03 -0.207163E+03 -0.106619E+03 -0.103548E+03 +0.907010E+02 +0.000000E+00 +0.000000E+00 -0.196868E-02 -0.583512E-04 +0.000000E+00 +0.344664E-02 +0.000000E+00 +0.000000E+00
 +0.148320E+01 -0.100550E+03 -0.206137E+03 -0.106945E+03 -0.103317E+03 +0.905662E+02 +0.000000E+00 +0.000000E+00 -0.195358E-02 -0.689330E-04 +0.000000E+00 +0.344152E-02 +0.000000E+00 +0.000000E+00
 +0.148320E+01 -0.100560E+03 -0.205123E+03 -0.107265E+03 -0.103088E+03 +0.904296E+02 +0.000000E+00 +0.000000E+00 -0.193866E-02 -0.793619E-04 +0.000000E+00 +0.343633E-02 +0.000000E+00 +0.000000E+00
 +0.148320E+01 -0.100570E+03 -0.204127E+03 -0.107574E+03 -0.102861E+03 +0.902899E+02 +0.000000E+00 +0.000000E+00 -0.192404E-02 -0.895416E-04 +0.000000E+00 +0.343102E-02 +0.000000E+00 +0.000000E+00
 +0.148320E+01 -0.100580E+03 -0.203141E+03 -0.107876E+03 -0.102636E+03 +0.901484E+02 +0.000000E+00 +0.000000E+00 -0.190960E-02 -0.995753E-04 +0.000000E+00 +0.342564E-02 +0.000000E+00 +0.000000E+00
 +0.148320E+01 -0.100590E+03 -0.202171E+03 -0.108170E+03 -0.102412E+03 +0.900040E+02 +0.000000E+00 +0.000000E+00 -0.189542E-02 -0.109384E-03 +0.000000E+00 +0.342015E-02 +0.000000E+00 +0.000000E+00
 +0.148320E+01 -0.100600E+03 -0.201212E+03 -0.108457E+03 -0.102191E+03 +0.898578E+02 +0.000000E+00 +0.000000E+00 -0.188141E-02 -0.119053E-03 +0.000000E+00 +0.341460E-02 +0.000000E+00 +0.000000E+00
 +0.148320E+01 -0.100610E+03 -0.200267E+03 -0.108735E+03 -0.101971E+03 +0.897089E+02 +0.000000E+00 +0.000000E+00 -0.186764E-02 -0.128518E-03 +0.000000E+00 +0.340894E-02 +0.000000E+00 +0.000000E+00
 +0.148320E+01 -0.100620E+03 -0.199333E+03 -0.109007E+03 -0.101752E+03 +0.895583E+02 +0.000000E+00 +0.000000E+00 -0.185403E-02 -0.137849E-03 +0.000000E+00 +0.340321E-02 +0.000000E+00 +0.000000E+00
 +0.148320E+01 -0.100630E+03 -0.198411E+03 -0.109272E+03 -0.101536E+03 +0.894052E+02 +0.000000E+00 +0.000000E+00 -0.184064E-02 -0.146994E-03 +0.000000E+00 +0.339740E-02 +0.000000E+00 +0.000000E+00
 +0.148320E+01 -0.100640E+03 -0.197499E+03 -0.109531E+03 -0.101320E+03 +0.892502E+02 +0.000000E+00 +0.000000E+00 -0.182741E-02 -0.156010E-03 +0.000000E+00 +0.339151E-02 +0.000000E+00 +0.000000E+00
 +0.148320E+01 -0.100650E+03 -0.196600E+03 -0.109783E+03 -0.101106E+03 +0.890930E+02 +0.000000E+00 +0.000000E+00 -0.181438E-02 -0.164857E-03 +0.000000E+00 +0.338553E-02 +0.000000E+00 +0.000000E+00
 +0.148320E+01 -0.100660E+03 -0.195709E+03 -0.110029E+03 -0.100894E+03 +0.889339E+02 +0.000000E+00 +0.000000E+00 -0.180149E-02 -0.173578E-03 +0.000000E+00 +0.337949E-02 +0.000000E+00 +0.000000E+00
 +0.148320E+01 -0.100670E+03 -0.194830E+03 -0.110269E+03 -0.100683E+03 +0.887727E+02 +0.000000E+00 +0.000000E+00 -0.178879E-02 -0.182144E-03 +0.000000E+00 +0.337336E-02 +0.000000E+00 +0.000000E+00
 +0.148320E+01 -0.100680E+03 -0.193959E+03 -0.110504E+03 -0.100473E+03 +0.886096E+02 +0.000000E+00 +0.000000E+00 -0.177624E-02 -0.190588E-03 +0.000000E+00 +0.336716E-02 +0.000000E+00 +0.000000E+00
 +0.148320E+01 -0.100690E+03 -0.193099E+03 -0.110732E+03 -0.100264E+03 +0.884444E+02 +0.000000E+00 +0.000000E+00 -0.176385E-02 -0.198891E-03 +0.000000E+00 +0.336089E-02 +0.000000E+00 +0.000000E+00
 +0.148320E+01 -0.100700E+03 -0.192247E+03 -0.110955E+03 -0.100057E+03 +0.882775E+02 +0.000000E+00 +0.000000E+00 -0.175161E-02 -0.207074E-03 +0.000000E+00 +0.335454E-02 +0.000000E+00 +0.000000E+00
 +0.148320E+01 -0.100710E+03 -0.191404E+03 -0.111173E+03 -0.998504E+02 +0.881085E+02 +0.000000E+00 +0.000000E+00 -0.173952E-02 -0.215127E-03 +0.000000E+00 +0.334812E-02 +0.000000E+00 +0.000000E+00
 +0.148320E+01 -0.100720E+03 -0.190570E+03 -0.111385E+03 -0.996452E+02 +0.879377E+02 +0.000000E+00 +0.000000E+00 -0.172757E-02 -0.223064E-03 +0.000000E+00 +0.334163E-02 +0.000000E+00 +0.000000E+00
 +0.148320E+01 -0.100730E+03 -0.189744E+03 -0.111593E+03 -0.994412E+02 +0.877650E+02 +0.000000E+00 +0.000000E+00 -0.171576E-02 -0.230880E-03 +0.000000E+00 +0.333507E-02 +0.000000E+00 +0.000000E+00
 +0.148320E+01 -0.100740E+03 -0.188927E+03 -0.111795E+03 -0.992382E+02 +0.875905E+02 +0.000000E+00 +0.000000E+00 -0.170408E-02 -0.238582E-03 +0.000000E+00 +0.332844E-02 +0.000000E+00 +0.000000E+00
 +0.148320E+01 -0.100750E+03 -0.188117E+03 -0.111993E+03 -0.990362E+02 +0.874141E+02 +0.000000E+00 +0.000000E+00 -0.169254E-02 -0.246173E-03 +0.000000E+00 +0.332174E-02 +0.000000E+00 +0.000000E+00
 +0.148320E+01 -0.100760E+03 -0.187315E+03 -0.112185E+03 -0.988353E+02 +0.872360E+02 +0.000000E+00 +0.000000E+00 -0.168112E-02 -0.253652E-03 +0.000000E+00 +0.331497E-02 +0.000000E+00 +0.000000E+00
 +0.148320E+01 -0.100770E+03 -0.186521E+03 -0.112374E+03 -0.986353E+02 +0.870561E+02 +0.000000E+00 +0.000000E+00 -0.166983E-02 -0.261027E-03 +0.000000E+00 +0.330813E-02 +0.000000E+00 +0.000000E+00
 +0.148320E+01 -0.100780E+03 -0.185735E+03 -0.112557E+03 -0.984363E+02 +0.868744E+02 +0.000000E+00 +0.000000E+00 -0.165867E-02 -0.268293E-03 +0.000000E+00 +0.330123E-02 +0.000000E+00 +0.000000E+00
 +0.148320E+01 -0.100790E+03 -0.184955E+03 -0.112736E+03 -0.982381E+02 +0.866910E+02 +0.000000E+00 +0.000000E+00 -0.164762E-02 -0.275462E-03 +0.000000E+00 +0.329426E-02 +0.000000E+00 +0.000000E+00
 +0.148320E+01 -0.100800E+03 -0.184183E+03 -0.112911E+03 -0.980409E+02 +0.865058E+02 +0.000000E+00 +0.000000E+00 -0.163670E-02 -0.282524E-03 +0.000000E+00 +0.328722E-02 +0.000000E+00 +0.000000E+00
 +0.148320E+01 -0.100810E+03 -0.183418E+03 -0.113081E+03 -0.978446E+02 +0.863191E+02 +0.000000E+00 +0.000000E+00 -0.162589E-02 -0.289495E-03 +0.000000E+00 +0.328012E-02 +0.000000E+00 +0.000000E+00
 +0.148320E+01 -0.100820E+03 -0.182659E+03 -0.113247E+03 -0.976491E+02 +0.861305E+02 +0.000000E+00 +0.000000E+00 -0.161520E-02 -0.296360E-03 +0.000000E+00 +0.327296E-02 +0.000000E+00 +0.000000E+00
 +0.148320E+01 -0.100830E+03 -0.181907E+03 -0.113409E+03 -0.974544E+02 +0.859404E+02 +0.000000E+00 +0.000000E+00 -0.160460E-02 -0.303141E-03 +0.000000E+00 +0.326574E-02 +0.000000E+00 +0.000000E+00
 +0.148320E+01 -0.100840E+03 -0.181162E+03 -0.113567E+03 -0.972606E+02 +0.857485E+02 +0.000000E+00 +0.000000E+00 -0.159413E-02 -0.309817E-03 +0.000000E+00 +0.325844E-02 +0.000000E+00 +0.000000E+00
 +0.148320E+01 -0.100850E+03 -0.180423E+03 -0.113721E+03 -0.970675E+02 +0.855552E+02 +0.000000E+00 +0.000000E+00 -0.158376E-02 -0.316414E-03 +0.000000E+00 +0.325110E-02 +0.000000E+00 +0.000000E+00
 +0.148320E+01 -0.100860E+03 -0.179691E+03 -0.113870E+03 -0.968753E+02 +0.853601E+02 +0.000000E+00 +0.000000E+00 -0.157350E-02 -0.322907E-03 +0.000000E+00 +0.324368E-02 +0.000000E+00 +0.000000E+00
 +0.148320E+01 -0.100870E+03 -0.178964E+03 -0.114017E+03 -0.966838E+02 +0.851637E+02 +0.000000E+00 +0.000000E+00 -0.156333E-02 -0.329327E-03 +0.000000E+00 +0.323622E-02 +0.000000E+00 +0.000000E+00
 +0.148320E+01 -0.100880E+03 -0.178245E+03 -0.114159E+03 -0.964931E+02 +0.849655E+02 +0.000000E+00 +0.000000E+00 -0.155328E-02 -0.335644E-03 +0.000000E+00 +0.322869E-02 +0.000000E+00 +0.000000E+00
 +0.148320E+01 -0.100890E+03 -0.177530E+03 -0.114297E+03 -0.963030E+02 +0.847660E+02 +0.000000E+00 +0.000000E+00 -0.154331E-02 -0.341891E-03 +0.000000E+00 +0.322111E-02 +0.000000E+00 +0.000000E+00
 +0.148320E+01 -0.100900E+03 -0.176822E+03 -0.114432E+03 -0.961138E+02 +0.845647E+02 +0.000000E+00 +0.000000E+00 -0.153346E-02 -0.348037E-03 +0.000000E+00 +0.321346E-02 +0.000000E+00 +0.000000E+00
 +0.148320E+01 -0.100910E+03 -0.176119E+03 -0.114563E+03 -0.959252E+02 +0.843623E+02 +0.000000E+00 +0.000000E+00 -0.152369E-02 -0.354118E-03 +0.000000E+00 +0.320577E-02 +0.000000E+00 +0.000000E+00
 +0.148320E+01 -0.100920E+03 -0.175423E+03 -0.114690E+03 -0.957374E+02 +0.841581E+02 +0.000000E+00 +0.000000E+00 -0.151403E-02 -0.360097E-03 +0.000000E+00 +0.319801E-02 +0.000000E+00 +0.000000E+00
 +0.148320E+01 -0.100930E+03 -0.174732E+03 -0.114814E+03 -0.955501E+02 +0.839528E+02 +0.000000E+00 +0.000000E+00 -0.150445E-02 -0.366016E-03 +0.000000E+00 +0.319021E-02 +0.000000E+00 +0.000000E+00
 +0.148320E+01 -0.100940E+03 -0.174047E+03 -0.114934E+03 -0.953637E+02 +0.837458E+02 +0.000000E+00 +0.000000E+00 -0.149498E-02 -0.371834E-03 +0.000000E+00 +0.318234E-02 +0.000000E+00 +0.000000E+00
 +0.148320E+01 -0.100950E+03 -0.173366E+03 -0.115051E+03 -0.951778E+02 +0.835377E+02 +0.000000E+00 +0.000000E+00 -0.148558E-02 -0.377595E-03 +0.000000E+00 +0.317443E-02 +0.000000E+00 +0.000000E+00
 +0.148320E+01 -0.100960E+03 -0.172693E+03 -0.115164E+03 -0.949927E+02 +0.833280E+02 +0.000000E+00 +0.000000E+00 -0.147630E-02 -0.383256E-03 +0.000000E+00 +0.316646E-02 +0.000000E+00 +0.000000E+00
 +0.148320E+01 -0.100970E+03 -0.172023E+03 -0.115275E+03 -0.948081E+02 +0.831172E+02 +0.000000E+00 +0.000000E+00 -0.146708E-02 -0.388864E-03 +0.000000E+00 +0.315846E-02 +0.000000E+00 +0.000000E+00
 +0.148320E+01 -0.100980E+03 -0.171360E+03 -0.115381E+03 -0.946244E+02 +0.829048E+02 +0.000000E+00 +0.000000E+00 -0.145797E-02 -0.394371E-03 +0.000000E+00 +0.315038E-02 +0.000000E+00 +0.000000E+00
 +0.148320E+01 -0.100990E+03 -0.170700E+03 -0.115485E+03 -0.944410E+02 +0.826915E+02 +0.000000E+00 +0.000000E+00 -0.144893E-02 -0.399829E-03 +0.000000E+00 +0.314228E-02 +0.000000E+00 +0.000000E+00
 +0.148320E+01 -0.101000E+03 -0.170048E+03 -0.115584E+03 -0.942586E+02 +0.824766E+02 +0.000000E+00 +0.000000E+00 -0.144000E-02 -0.405188E-03 +0.000000E+00 +0.313411E-02 +0.000000E+00 +0.000000E+00
 +0.148320E+01 -0.101010E+03 -0.169399E+03 -0.115682E+03 -0.940765E+02 +0.822608E+02 +0.000000E+00 +0.000000E+00 -0.143112E-02 -0.410499E-03 +0.000000E+00 +0.312591E-02 +0.000000E+00 +0.000000E+00
 +0.148320E+01 -0.101020E+03 -0.168756E+03 -0.115775E+03 -0.938953E+02 +0.820435E+02 +0.000000E+00 +0.000000E+00 -0.142236E-02 -0.415712E-03 +0.000000E+00 +0.311765E-02 +0.000000E+00 +0.000000E+00
 +0.148320E+01 -0.101030E+03 -0.168117E+03 -0.115866E+03 -0.937144E+02 +0.818253E+02 +0.000000E+00 +0.000000E+00 -0.141365E-02 -0.420881E-03 +0.000000E+00 +0.310936E-02 +0.000000E+00 +0.000000E+00
 +0.148320E+01 -0.101040E+03 -0.167485E+03 -0.115953E+03 -0.935344E+02 +0.816056E+02 +0.000000E+00 +0.000000E+00 -0.140506E-02 -0.425951E-03 +0.000000E+00 +0.310101E-02 +0.000000E+00 +0.000000E+00
 +0.148320E+01 -0.101050E+03 -0.166855E+03 -0.116038E+03 -0.933547E+02 +0.813852E+02 +0.000000E+00 +0.000000E+00 -0.139651E-02 -0.430980E-03 +0.000000E+00 +0.309264E-02 +0.000000E+00 +0.000000E+00
 +0.148320E+01 -0.101060E+03 -0.166233E+03 -0.116119E+03 -0.931759E+02 +0.811633E+02 +0.000000E+00 +0.000000E+00 -0.138808E-02 -0.435910E-03 +0.000000E+00 +0.308421E-02 +0.000000E+00 +0.000000E+00
 +0.148320E+01 -0.101070E+03 -0.165613E+03 -0.116198E+03 -0.929975E+02 +0.809407E+02 +0.000000E+00 +0.000000E+00 -0.137969E-02 -0.440803E-03 +0.000000E+00 +0.307575E-02 +0.000000E+00 +0.000000E+00
 +0.148320E+01 -0.101080E+03 -0.165000E+03 -0.116272E+03 -0.928199E+02 +0.807167E+02 +0.000000E+00 +0.000000E+00 -0.137142E-02 -0.445597E-03 +0.000000E+00 +0.306723E-02 +0.000000E+00 +0.000000E+00
 +0.148320E+01 -0.101090E+03 -0.164390E+03 -0.116345E+03 -0.926426E+02 +0.804921E+02 +0.000000E+00 +0.000000E+00 -0.136319E-02 -0.450356E-03 +0.000000E+00 +0.305870E-02 +0.000000E+00 +0.000000E+00
 +0.148320E+01 -0.101100E+03 -0.163786E+03 -0.116414E+03 -0.924661E+02 +0.802660E+02 +0.000000E+00 +0.000000E+00 -0.135508E-02 -0.455017E-03 +0.000000E+00 +0.305011E-02 +0.000000E+00 +0.000000E+00
 +0.148320E+01 -0.101110E+03 -0.163185E+03 -0.116482E+03 -0.922900E+02 +0.800394E+02 +0.000000E+00 +0.000000E+00 -0.134700E-02 -0.459644E-03 +0.000000E+00 +0.304150E-02 +0.000000E+00 +0.000000E+00
 +0.148320E+01 -0.101120E+03 -0.162590E+03 -0.116545E+03 -0.921147E+02 +0.798114E+02 +0.000000E+00 +0.000000E+00 -0.133904E-02 -0.464174E-03 +0.000000E+00 +0.303283E-02 +0.000000E+00 +0.000000E+00
 +0.148320E+01 -0.101130E+03 -0.161998E+03 -0.116607E+03 -0.919397E+02 +0.795830E+02 +0.000000E+00 +0.000000E+00 -0.133112E-02 -0.468674E-03 +0.000000E+00 +0.302415E-02 +0.000000E+00 +0.000000E+00
 +0.148320E+01 -0.101140E+03 -0.161413E+03 -0.116664E+03 -0.917656E+02 +0.793532E+02 +0.000000E+00 +0.000000E+00 -0.132330E-02 -0.473075E-03 +0.000000E+00 +0.301542E-02 +0.000000E+00 +0.000000E+00
 +0.148320E+01 -0.101150E+03 -0.160830E+03 -0.116721E+03 -0.915917E+02 +0.791230E+02 +0.000000E+00 +0.000000E+00 -0.131553E-02 -0.477449E-03 +0.000000E+00 +0.300667E-02 +0.000000E+00 +0.000000E+00
 +0.148320E+01 -0.101160E+03 -0.160254E+03 -0.116773E+03 -0.914187E+02 +0.788915E+02 +0.000000E+00 +0.000000E+00 -0.130787E-02 -0.481725E-03 +0.000000E+00 +0.299788E-02 +0.000000E+00 +0.000000E+00
 +0.148320E+01 -0.101170E+03 -0.159679E+03 -0.116824E+03 -0.912459E+02 +0.786597E+02 +0.000000E+00 +0.000000E+00 -0.130023E-02 -0.485975E-03 +0.000000E+00 +0.298907E-02 +0.000000E+00 +0.000000E+00
 +0.148320E+01 -0.101180E+03 -0.159112E+03 -0.116870E+03 -0.910741E+02 +0.784265E+02 +0.000000E+00 +0.000000E+00 -0.129272E-02 -0.490128E-03 +0.000000E+00 +0.298021E-02 +0.000000E+00 +0.000000E+00
 +0.148320E+01 -0.101190E+03 -0.158546E+03 -0.116916E+03 -0.909024E+02 +0.781931E+02 +0.000000E+00 +0.000000E+00 -0.128523E-02 -0.494256E-03 +0.000000E+00 +0.297134E-02 +0.000000E+00 +0.000000E+00
 +0.148320E+01 -0.101200E+03 -0.157987E+03 -0.116957E+03 -0.907317E+02 +0.779585E+02 +0.000000E+00 +0.000000E+00 -0.127785E-02 -0.498288E-03 +0.000000E+00 +0.296242E-02 +0.000000E+00 +0.000000E+00
 +0.148320E+01 -0.101210E+03 -0.157430E+03 -0.116998E+03 -0.905611E+02 +0.777237E+02 +0.000000E+00 +0.000000E+00 -0.127050E-02 -0.502298E-03 +0.000000E+00 +0.295350E-02 +0.000000E+00 +0.000000E+00
 +0.148320E+01 -0.101220E+03 -0.156879E+03 -0.117034E+03 -0.903915E+02 +0.774877E+02 +0.000000E+00 +0.000000E+00 -0.126327E-02 -0.506212E-03 +0.000000E+00 +0.294453E-02 +0.000000E+00 +0.000000E+00
 +0.148320E+01 -0.101230E+03 -0.156331E+03 -0.117070E+03 -0.902221E+02 +0.772514E+02 +0.000000E+00 +0.000000E+00 -0.125606E-02 -0.510105E-03 +0.000000E+00 +0.293555E-02 +0.000000E+00 +0.000000E+00
 +0.148320E+01 -0.101240E+03 -0.155789E+03 -0.117101E+03 -0.900535E+02 +0.770141E+02 +0.000000E+00 +0.000000E+00 -0.124896E-02 -0.513902E-03 +0.000000E+00 +0.292654E-02 +0.000000E+00 +0.000000E+00
 +0.148320E+01 -0.101250E+03 -0.155248E+03 -0.117132E+03 -0.898852E+02 +0.767766E+02 +0.000000E+00 +0.000000E+00 -0.124189E-02 -0.517681E-03 +0.000000E+00 +0.291751E-02 +0.000000E+00 +0.000000E+00
 +0.148320E+01 -0.101260E+03 -0.154714E+03 -0.117158E+03 -0.897178E+02 +0.765381E+02 +0.000000E+00 +0.000000E+00 -0.123493E-02 -0.521363E-03 +0.000000E+00 +0.290845E-02 +0.000000E+00 +0.000000E+00
 +0.148320E+01 -0.101270E+03 -0.154182E+03 -0.117184E+03 -0.895505E+02 +0.762994E+02 +0.000000E+00 +0.000000E+00 -0.122799E-02 -0.525030E-03 +0.000000E+00 +0.289938E-02 +0.000000E+00 +0.000000E+00
 +0.148320E+01 -0.101280E+03 -0.153656E+03 -0.117205E+03 -0.893842E+02 +0.760598E+02 +0.000000E+00 +0.000000E+00 -0.122116E-02 -0.528600E-03 +0.000000E+00 +0.289027E-02 +0.000000E+00 +0.000000E+00
 +0.148320E+01 -0.101290E+03 -0.153131E+03 -0.117226E+03 -0.892180E+02 +0.758201E+02 +0.000000E+00 +0.000000E+00 -0.121435E-02 -0.532156E-03 +0.000000E+00 +0.288116E-02 +0.000000E+00 +0.000000E+00
 +0.148320E+01 -0.101300E+03 -0.152614E+03 -0.117243E+03 -0.890528E+02 +0.755794E+02 +0.000000E+00 +0.000000E+00 -0.120766E-02 -0.535617E-03 +0.000000E+00 +0.287202E-02 +0.000000E+00 +0.000000E+00
 +0.148320E+01 -0.101310E+03 -0.152097E+03 -0.117260E+03 -0.888877E+02 +0.753387E+02 +0.000000E+00 +0.000000E+00 -0.120098E-02 -0.539064E-03 +0.000000E+00 +0.286287E-02 +0.000000E+00 +0.000000E+00
 +0.148320E+01 -0.101320E+03 -0.151588E+03 -0.117272E+03 -0.887236E+02 +0.750971E+02 +0.000000E+00 +0.000000E+00 -0.119442E-02 -0.542417E-03 +0.000000E+00 +0.285369E-02 +0.000000E+00 +0.000000E+00
 +0.148320E+01 -0.101330E+03 -0.151079E+03 -0.117284E+03 -0.885596E+02 +0.748555E+02 +0.000000E+00 +0.000000E+00 -0.118786E-02 -0.545758E-03 +0.000000E+00 +0.284451E-02 +0.000000E+00 +0.000000E+00
 +0.148320E+01 -0.101340E+03 -0.150577E+03 -0.117292E+03 -0.883966E+02 +0.746131E+02 +0.000000E+00 +0.000000E+00 -0.118143E-02 -0.549004E-03 +0.000000E+00 +0.283530E-02 +0.000000E+00 +0.000000E+00
 +0.148320E+01 -0.101350E+03 -0.150076E+03 -0.117299E+03 -0.882336E+02 +0.743707E+02 +0.000000E+00 +0.000000E+00 -0.117500E-02 -0.552241E-03 +0.000000E+00 +0.282609E-02 +0.000000E+00 +0.000000E+00
 +0.148320E+01 -0.101360E+03 -0.149581E+03 -0.117302E+03 -0.880717E+02 +0.741276E+02 +0.000000E+00 +0.000000E+00 -0.116869E-02 -0.555383E-03 +0.000000E+00 +0.281685E-02 +0.000000E+00 +0.000000E+00
 +0.148320E+01 -0.101370E+03 -0.149088E+03 -0.117305E+03 -0.879098E+02 +0.738844E+02 +0.000000E+00 +0.000000E+00 -0.116238E-02 -0.558517E-03 +0.000000E+00 +0.280761E-02 +0.000000E+00 +0.000000E+00
 +0.148320E+01 -0.101380E+03 -0.148601E+03 -0.117305E+03 -0.877489E+02 +0.736406E+02 +0.000000E+00 +0.000000E+00 -0.115619E-02 -0.561557E-03 +0.000000E+00 +0.279834E-02 +0.000000E+00 +0.000000E+00
 +0.148320E+01 -0.101390E+03 -0.148115E+03 -0.117303E+03 -0.875881E+02 +0.733968E+02 +0.000000E+00 +0.000000E+00 -0.115001E-02 -0.564590E-03 +0.000000E+00 +0.278908E-02 +0.000000E+00 +0.000000E+00
 +0.148320E+01 -0.101400E+03 -0.147636E+03 -0.117298E+03 -0.874284E+02 +0.731525E+02 +0.000000E+00 +0.000000E+00 -0.114395E-02 -0.567530E-03 +0.000000E+00 +0.277979E-02 +0.000000E+00 +0.000000E+00
 +0.148320E+01 -0.101410E+03 -0.147157E+03 -0.117293E+03 -0.872686E+02 +0.729081E+02 +0.000000E+00 +0.000000E+00 -0.113789E-02 -0.570464E-03 +0.000000E+00 +0.277051E-02 +0.000000E+00 +0.000000E+00
 +0.148320E+01 -0.101420E+03 -0.146686E+03 -0.117284E+03 -0.871099E+02 +0.726633E+02 +0.000000E+00 +0.000000E+00 -0.113194E-02 -0.573305E-03 +0.000000E+00 +0.276120E-02 +0.000000E+00 +0.000000E+00
 +0.148320E+01 -0.101430E+03 -0.146214E+03 -0.117275E+03 -0.869513E+02 +0.724184E+02 +0.000000E+00 +0.000000E+00 -0.112599E-02 -0.576142E-03 +0.000000E+00 +0.275190E-02 +0.000000E+00 +0.000000E+00
 +0.148320E+01 -0.101440E+03 -0.145750E+03 -0.117261E+03 -0.867937E+02 +0.721732E+02 +0.000000E+00 +0.000000E+00 -0.112017E-02 -0.578887E-03 +0.000000E+00 +0.274258E-02 +0.000000E+00 +0.000000E+00
 +0.148320E+01 -0.101450E+03 -0.145285E+03 -0.117248E+03 -0.866361E+02 +0.719280E+02 +0.000000E+00 +0.000000E+00 -0.111434E-02 -0.581628E-03 +0.000000E+00 +0.273326E-02 +0.000000E+00 +0.000000E+00
 +0.148320E+01 -0.101460E+03 -0.144828E+03 -0.117231E+03 -0.864795E+02 +0.716824E+02 +0.000000E+00 +0.000000E+00 -0.110862E-02 -0.584278E-03 +0.000000E+00 +0.272393E-02 +0.000000E+00 +0.000000E+00
 +0.148320E+01 -0.101470E+03 -0.144371E+03 -0.117214E+03 -0.863230E+02 +0.714369E+02 +0.000000E+00 +0.000000E+00 -0.110291E-02 -0.586926E-03 +0.000000E+00 +0.271460E-02 +0.000000E+00 +0.000000E+00
 +0.148320E+01 -0.101480E+03 -0.143921E+03 -0.117193E+03 -0.861675E+02 +0.711911E+02 +0.000000E+00 +0.000000E+00 -0.109731E-02 -0.589482E-03 +0.000000E+00 +0.270526E-02 +0.000000E+00 +0.000000E+00
 +0.148320E+01 -0.101490E+03 -0.143471E+03 -0.117172E+03 -0.860121E+02 +0.709453E+02 +0.000000E+00 +0.000000E+00 -0.109172E-02 -0.592037E-03 +0.000000E+00 +0.269592E-02 +0.000000E+00 +0.000000E+00
 +0.148320E+01 -0.101500E+03 -0.143027E+03 -0.117147E+03 -0.858577E+02 +0.706994E+02 +0.000000E+00 +0.000000E+00 -0.108623E-02 -0.594503E-03 +0.000000E+00 +0.268658E-02 +0.000000E+00 +0.000000E+00
 +0.148320E+01 -0.101510E+03 -0.142584E+03 -0.117123E+03 -0.857033E+02 +0.704534E+02 +0.000000E+00 +0.000000E+00 -0.108074E-02 -0.596966E-03 +0.000000E+00 +0.267723E-02 +0.000000E+00 +0.000000E+00
 +0.148320E+01 -0.101520E+03 -0.142148E+03 -0.117094E+03 -0.855500E+02 +0.702074E+02 +0.000000E+00 +0.000000E+00 -0.107536E-02 -0.599343E-03 +0.000000E+00 +0.266788E-02 +0.000000E+00 +0.000000E+00
 +0.148320E+01 -0.101530E+03 -0.141712E+03 -0.117066E+03 -0.853967E+02 +0.699613E+02 +0.000000E+00 +0.000000E+00 -0.106999E-02 -0.601717E-03 +0.000000E+00 +0.265853E-02 +0.000000E+00 +0.000000E+00
 +0.148320E+01 -0.101540E+03 -0.141282E+03 -0.117034E+03 -0.852444E+02 +0.697152E+02 +0.000000E+00 +0.000000E+00 -0.106472E-02 -0.604007E-03 +0.000000E+00 +0.264918E-02 +0.000000E+00 +0.000000E+00
 +0.148320E+01 -0.101550E+03 -0.140853E+03 -0.117002E+03 -0.850921E+02 +0.694691E+02 +0.000000E+00 +0.000000E+00 -0.105945E-02 -0.606293E-03 +0.000000E+00 +0.263983E-02 +0.000000E+00 +0.000000E+00
 +0.148320E+01 -0.101560E+03 -0.140430E+03 -0.116967E+03 -0.849409E+02 +0.692231E+02 +0.000000E+00 +0.000000E+00 -0.105428E-02 -0.608498E-03 +0.000000E+00 +0.263048E-02 +0.000000E+00 +0.000000E+00
 +0.148320E+01 -0.101570E+03 -0.140007E+03 -0.116932E+03 -0.847898E+02 +0.689771E+02 +0.000000E+00 +0.000000E+00 -0.104913E-02 -0.610697E-03 +0.000000E+00 +0.262113E-02 +0.000000E+00 +0.000000E+00
 +0.148320E+01 -0.101580E+03 -0.139590E+03 -0.116893E+03 -0.846396E+02 +0.687311E+02 +0.000000E+00 +0.000000E+00 -0.104407E-02 -0.612819E-03 +0.000000E+00 +0.261178E-02 +0.000000E+00 +0.000000E+00
 +0.148320E+01 -0.101590E+03 -0.139174E+03 -0.116854E+03 -0.844895E+02 +0.684852E+02 +0.000000E+00 +0.000000E+00 -0.103901E-02 -0.614933E-03 +0.000000E+00 +0.260244E-02 +0.000000E+00 +0.000000E+00
 +0.148320E+01 -0.101600E+03 -0.138764E+03 -0.116813E+03 -0.843404E+02 +0.682395E+02 +0.000000E+00 +0.000000E+00 -0.103405E-02 -0.616973E-03 +0.000000E+00 +0.259310E-02 +0.000000E+00 +0.000000E+00
 +0.148320E+01 -0.101610E+03 -0.138355E+03 -0.116770E+03 -0.841913E+02 +0.679937E+02 +0.000000E+00 +0.000000E+00 -0.102911E-02 -0.619004E-03 +0.000000E+00 +0.258376E-02 +0.000000E+00 +0.000000E+00
 +0.148320E+01 -0.101620E+03 -0.137951E+03 -0.116726E+03 -0.840433E+02 +0.677482E+02 +0.000000E+00 +0.000000E+00 -0.102425E-02 -0.620963E-03 +0.000000E+00 +0.257443E-02 +0.000000E+00 +0.000000E+00
 +0.148320E+01 -0.101630E+03 -0.137548E+03 -0.116680E+03 -0.838953E+02 +0.675027E+02 +0.000000E+00 +0.000000E+00 -0.101940E-02 -0.622912E-03 +0.000000E+00 +0.256510E-02 +0.000000E+00 +0.000000E+00
 +0.148320E+01 -0.101640E+03 -0.137151E+03 -0.116632E+03 -0.837483E+02 +0.672574E+02 +0.000000E+00 +0.000000E+00 -0.101464E-02 -0.624792E-03 +0.000000E+00 +0.255578E-02 +0.000000E+00 +0.000000E+00
 +0.148320E+01 -0.101650E+03 -0.136754E+03 -0.116584E+03 -0.836014E+02 +0.670123E+02 +0.000000E+00 +0.000000E+00 -0.100990E-02 -0.626662E-03 +0.000000E+00 +0.254647E-02 +0.000000E+00 +0.000000E+00
 +0.148320E+01 -0.101660E+03 -0.136363E+03 -0.116532E+03 -0.834554E+02 +0.667674E+02 +0.000000E+00 +0.000000E+00 -0.100524E-02 -0.628464E-03 +0.000000E+00 +0.253716E-02 +0.000000E+00 +0.000000E+00
 +0.148320E+01 -0.101670E+03 -0.135972E+03 -0.116481E+03 -0.833096E+02 +0.665225E+02 +0.000000E+00 +0.000000E+00 -0.100059E-02 -0.630255E-03 +0.000000E+00 +0.252786E-02 +0.000000E+00 +0.000000E+00
 +0.148320E+01 -0.101680E+03 -0.135587E+03 -0.116427E+03 -0.831647E+02 +0.662780E+02 +0.000000E+00 +0.000000E+00 -0.996030E-03 -0.631981E-03 +0.000000E+00 +0.251857E-02 +0.000000E+00 +0.000000E+00
 +0.148320E+01 -0.101690E+03 -0.135203E+03 -0.116372E+03 -0.830199E+02 +0.660336E+02 +0.000000E+00 +0.000000E+00 -0.991482E-03 -0.633696E-03 +0.000000E+00 +0.250928E-02 +0.000000E+00 +0.000000E+00
 +0.148320E+01 -0.101700E+03 -0.134824E+03 -0.116315E+03 -0.828760E+02 +0.657896E+02 +0.000000E+00 +0.000000E+00 -0.987013E-03 -0.635348E-03 +0.000000E+00 +0.250000E-02 +0.000000E+00 +0.000000E+00
 +0.148320E+01 -0.101710E+03 -0.134446E+03 -0.116258E+03 -0.827323E+02 +0.655457E+02 +0.000000E+00 +0.000000E+00 -0.982561E-03 -0.636987E-03 +0.000000E+00 +0.249073E-02 +0.000000E+00 +0.000000E+00
 +0.148320E+01 -0.101720E+03 -0.134073E+03 -0.116198E+03 -0.825895E+02 +0.653021E+02 +0.000000E+00 +0.000000E+00 -0.978186E-03 -0.638565E-03 +0.000000E+00 +0.248148E-02 +0.000000E+00 +0.000000E+00
 +0.148320E+01 -0.101730E+03 -0.133701E+03 -0.116138E+03 -0.824468E+02 +0.650587E+02 +0.000000E+00 +0.000000E+00 -0.973828E-03 -0.640131E-03 +0.000000E+00 +0.247223E-02 +0.000000E+00 +0.000000E+00
 +0.148320E+01 -0.101740E+03 -0.133334E+03 -0.116075E+03 -0.823050E+02 +0.648158E+02 +0.000000E+00 +0.000000E+00 -0.969545E-03 -0.641638E-03 +0.000000E+00 +0.246300E-02 +0.000000E+00 +0.000000E+00
 +0.148320E+01 -0.101750E+03 -0.132968E+03 -0.116012E+03 -0.821634E+02 +0.645729E+02 +0.000000E+00 +0.000000E+00 -0.965280E-03 -0.643131E-03 +0.000000E+00 +0.245377E-02 +0.000000E+00 +0.000000E+00
 +0.148320E+01 -0.101760E+03 -0.132606E+03 -0.115947E+03 -0.820226E+02 +0.643306E+02 +0.000000E+00 +0.000000E+00 -0.961088E-03 -0.644567E-03 +0.000000E+00 +0.244456E-02 +0.000000E+00 +0.000000E+00
 +0.148320E+01 -0.101770E+03 -0.132246E+03 -0.115882E+03 -0.818821E+02 +0.640884E+02 +0.000000E+00 +0.000000E+00 -0.956914E-03 -0.645989E-03 +0.000000E+00 +0.243536E-02 +0.000000E+00 +0.000000E+00
 +0.148320E+01 -0.101780E+03 -0.131890E+03 -0.115814E+03 -0.817424E+02 +0.638467E+02 +0.000000E+00 +0.000000E+00 -0.952811E-03 -0.647357E-03 +0.000000E+00 +0.242617E-02 +0.000000E+00 +0.000000E+00
 +0.148320E+01 -0.101790E+03 -0.131536E+03 -0.115745E+03 -0.816028E+02 +0.636052E+02 +0.000000E+00 +0.000000E+00 -0.948728E-03 -0.648710E-03 +0.000000E+00 +0.241700E-02 +0.000000E+00 +0.000000E+00
 +0.148320E+01 -0.101800E+03 -0.131186E+03 -0.115675E+03 -0.814641E+02 +0.633642E+02 +0.000000E+00 +0.000000E+00 -0.944712E-03 -0.650010E-03 +0.000000E+00 +0.240784E-02 +0.000000E+00 +0.000000E+00
 +0.148320E+01 -0.101810E+03 -0.130837E+03 -0.115604E+03 -0.813257E+02 +0.631234E+02 +0.000000E+00 +0.000000E+00 -0.940717E-03 -0.651295E-03 +0.000000E+00 +0.239869E-02 +0.000000E+00 +0.000000E+00
 +0.148320E+01 -0.101820E+03 -0.130493E+03 -0.115532E+03 -0.811880E+02 +0.628831E+02 +0.000000E+00 +0.000000E+00 -0.936787E-03 -0.652529E-03 +0.000000E+00 +0.238956E-02 +0.000000E+00 +0.000000E+00
 +0.148320E+01 -0.101830E+03 -0.130149E+03 -0.115458E+03 -0.810506E+02 +0.626431E+02 +0.000000E+00 +0.000000E+00 -0.932879E-03 -0.653748E-03 +0.000000E+00 +0.238044E-02 +0.000000E+00 +0.000000E+00
 +0.148320E+01 -0.101840E+03 -0.129810E+03 -0.115383E+03 -0.809139E+02 +0.624036E+02 +0.000000E+00 +0.000000E+00 -0.929034E-03 -0.654917E-03 +0.000000E+00 +0.237134E-02 +0.000000E+00 +0.000000E+00
 +0.148320E+01 -0.101850E+03 -0.129473E+03 -0.115308E+03 -0.807776E+02 +0.621644E+02 +0.000000E+00 +0.000000E+00 -0.925212E-03 -0.656070E-03 +0.000000E+00 +0.236225E-02 +0.000000E+00 +0.000000E+00
 +0.148320E+01 -0.101860E+03 -0.129139E+03 -0.115230E+03 -0.806419E+02 +0.619258E+02 +0.000000E+00 +0.000000E+00 -0.921450E-03 -0.657177E-03 +0.000000E+00 +0.235318E-02 +0.000000E+00 +0.000000E+00
 +0.148320E+01 -0.101870E+03 -0.128807E+03 -0.115152E+03 -0.805066E+02 +0.616874E+02 +0.000000E+00 +0.000000E+00 -0.917712E-03 -0.658266E-03 +0.000000E+00 +0.234412E-02 +0.000000E+00 +0.000000E+00
 +0.148320E+01 -0.101880E+03 -0.128479E+03 -0.115072E+03 -0.803720E+02 +0.614496E+02 +0.000000E+00 +0.000000E+00 -0.914033E-03 -0.659310E-03 +0.000000E+00 +0.233509E-02 +0.000000E+00 +0.000000E+00
 +0.148320E+01 -0.101890E+03 -0.128152E+03 -0.114992E+03 -0.802377E+02 +0.612121E+02 +0.000000E+00 +0.000000E+00 -0.910377E-03 -0.660337E-03 +0.000000E+00 +0.232606E-02 +0.000000E+00 +0.000000E+00
 +0.148320E+01 -0.101900E+03 -0.127829E+03 -0.114910E+03 -0.801041E+02 +0.609753E+02 +0.000000E+00 +0.000000E+00 -0.906778E-03 -0.661320E-03 +0.000000E+00 +0.231706E-02 +0.000000E+00 +0.000000E+00
 +0.148320E+01 -0.101910E+03 -0.127508E+03 -0.114828E+03 -0.799708E+02 +0.607387E+02 +0.000000E+00 +0.000000E+00 -0.903203E-03 -0.662285E-03 +0.000000E+00 +0.230807E-02 +0.000000E+00 +0.000000E+00
 +0.148320E+01 -0.101920E+03 -0.127190E+03 -0.114744E+03 -0.798382E+02 +0.605028E+02 +0.000000E+00 +0.000000E+00 -0.899684E-03 -0.663209E-03 +0.000000E+00 +0.229910E-02 +0.000000E+00 +0.000000E+00
 +0.148320E+01 -0.101930E+03 -0.126874E+03 -0.114659E+03 -0.797059E+02 +0.602671E+02 +0.000000E+00 +0.000000E+00 -0.896189E-03 -0.664115E-03 +0.000000E+00 +0.229015E-02 +0.000000E+00 +0.000000E+00
 +0.148320E+01 -0.101940E+03 -0.126561E+03 -0.114573E+03 -0.795744E+02 +0.600322E+02 +0.000000E+00 +0.000000E+00 -0.892748E-03 -0.664981E-03 +0.000000E+00 +0.228122E-02 +0.000000E+00 +0.000000E+00
 +0.148320E+01 -0.101950E+03 -0.126250E+03 -0.114487E+03 -0.794431E+02 +0.597976E+02 +0.000000E+00 +0.000000E+00 -0.889331E-03 -0.665828E-03 +0.000000E+00 +0.227231E-02 +0.000000E+00 +0.000000E+00
 +0.148320E+01 -0.101960E+03 -0.125942E+03 -0.114399E+03 -0.793126E+02 +0.595636E+02 +0.000000E+00 +0.000000E+00 -0.885967E-03 -0.666637E-03 +0.000000E+00 +0.226342E-02 +0.000000E+00 +0.000000E+00
 +0.148320E+01 -0.101970E+03 -0.125636E+03 -0.114310E+03 -0.791823E+02 +0.593300E+02 +0.000000E+00 +0.000000E+00 -0.882628E-03 -0.667427E-03 +0.000000E+00 +0.225454E-02 +0.000000E+00 +0.000000E+00
 +0.148320E+01 -0.101980E+03 -0.125334E+03 -0.114220E+03 -0.790528E+02 +0.590971E+02 +0.000000E+00 +0.000000E+00 -0.879338E-03 -0.668180E-03 +0.000000E+00 +0.224569E-02 +0.000000E+00 +0.000000E+00
 +0.148320E+01 -0.101990E+03 -0.125033E+03 -0.114130E+03 -0.789236E+02 +0.588646E+02 +0.000000E+00 +0.000000E+00 -0.876075E-03 -0.668913E-03 +0.000000E+00 +0.223685E-02 +0.000000E+00 +0.000000E+00
 +0.148320E+01 -0.102000E+03 -0.124735E+03 -0.114038E+03 -0.787950E+02 +0.586327E+02 +0.000000E+00 +0.000000E+00 -0.872860E-03 -0.669612E-03 +0.000000E+00 +0.222804E-02 +0.000000E+00 +0.000000E+00
 +0.148320E+01 -0.102010E+03 -0.124439E+03 -0.113945E+03 -0.786668E+02 +0.584013E+02 +0.000000E+00 +0.000000E+00 -0.869671E-03 -0.670291E-03 +0.000000E+00 +0.221925E-02 +0.000000E+00 +0.000000E+00
 +0.148320E+01 -0.102020E+03 -0.124146E+03 -0.113852E+03 -0.785392E+02 +0.581705E+02 +0.000000E+00 +0.000000E+00 -0.866529E-03 -0.670936E-03 +0.000000E+00 +0.221048E-02 +0.000000E+00 +0.000000E+00
 +0.148320E+01 -0.102030E+03 -0.123855E+03 -0.113757E+03 -0.784120E+02 +0.579402E+02 +0.000000E+00 +0.000000E+00 -0.863413E-03 -0.671561E-03 +0.000000E+00 +0.220173E-02 +0.000000E+00 +0.000000E+00
 +0.148320E+01 -0.102040E+03 -0.123567E+03 -0.113662E+03 -0.782854E+02 +0.577105E+02 +0.000000E+00 +0.000000E+00 -0.860342E-03 -0.672154E-03 +0.000000E+00 +0.219300E-02 +0.000000E+00 +0.000000E+00
 +0.148320E+01 -0.102050E+03 -0.123280E+03 -0.113566E+03 -0.781592E+02 +0.574813E+02 +0.000000E+00 +0.000000E+00 -0.857300E-03 -0.672726E-03 +0.000000E+00 +0.218429E-02 +0.000000E+00 +0.000000E+00
 +0.148320E+01 -0.102060E+03 -0.122997E+03 -0.113469E+03 -0.780336E+02 +0.572527E+02 +0.000000E+00 +0.000000E+00 -0.854299E-03 -0.673268E-03 +0.000000E+00 +0.217560E-02 +0.000000E+00 +0.000000E+00
 +0.148320E+01 -0.102070E+03 -0.122715E+03 -0.113371E+03 -0.779084E+02 +0.570246E+02 +0.000000E+00 +0.000000E+00 -0.851327E-03 -0.673789E-03 +0.000000E+00 +0.216694E-02 +0.000000E+00 +0.000000E+00
 +0.148320E+01 -0.102080E+03 -0.122436E+03 -0.113272E+03 -0.777838E+02 +0.567972E+02 +0.000000E+00 +0.000000E+00 -0.848396E-03 -0.674280E-03 +0.000000E+00 +0.215829E-02 +0.000000E+00 +0.000000E+00
 +0.148320E+01 -0.102090E+03 -0.122159E+03 -0.113173E+03 -0.776596E+02 +0.565702E+02 +0.000000E+00 +0.000000E+00 -0.845494E-03 -0.674750E-03 +0.000000E+00 +0.214967E-02 +0.000000E+00 +0.000000E+00
 +0.148320E+01 -0.102100E+03 -0.121885E+03 -0.113072E+03 -0.775359E+02 +0.563439E+02 +0.000000E+00 +0.000000E+00 -0.842632E-03 -0.675192E-03 +0.000000E+00 +0.214107E-02 +0.000000E+00 +0.000000E+00
 +0.148320E+01 -0.102110E+03 -0.121613E+03 -0.112971E+03 -0.774127E+02 +0.561180E+02 +0.000000E+00 +0.000000E+00 -0.839799E-03 -0.675612E-03 +0.000000E+00 +0.213248E-02 +0.000000E+00 +0.000000E+00
 +0.148320E+01 -0.102120E+03 -0.121343E+03 -0.112869E+03 -0.772899E+02 +0.558927E+02 +0.000000E+00 +0.000000E+00 -0.837004E-03 -0.676005E-03 +0.000000E+00 +0.212392E-02 +0.000000E+00 +0.000000E+00
 +0.148320E+01 -0.102130E+03 -0.121075E+03 -0.112766E+03 -0.771677E+02 +0.556679E+02 +0.000000E+00 +0.000000E+00 -0.834240E-03 -0.676375E-03 +0.000000E+00 +0.211538E-02 +0.000000E+00 +0.000000E+00
 +0.148320E+01 -0.102140E+03 -0.120810E+03 -0.112663E+03 -0.770459E+02 +0.554436E+02 +0.000000E+00 +0.000000E+00 -0.831512E-03 -0.676719E-03 +0.000000E+00 +0.210686E-02 +0.000000E+00 +0.000000E+00
 +0.148320E+01 -0.102150E+03 -0.120546E+03 -0.112558E+03 -0.769245E+02 +0.552198E+02 +0.000000E+00 +0.000000E+00 -0.828815E-03 -0.677041E-03 +0.000000E+00 +0.209835E-02 +0.000000E+00 +0.000000E+00
 +0.148320E+01 -0.102160E+03 -0.120285E+03 -0.112453E+03 -0.768037E+02 +0.549964E+02 +0.000000E+00 +0.000000E+00 -0.826153E-03 -0.677337E-03 +0.000000E+00 +0.208986E-02 +0.000000E+00 +0.000000E+00
 +0.148320E+01 -0.102170E+03 -0.120026E+03 -0.112347E+03 -0.766832E+02 +0.547734E+02 +0.000000E+00 +0.000000E+00 -0.823522E-03 -0.677611E-03 +0.000000E+00 +0.208139E-02 +0.000000E+00 +0.000000E+00
 +0.148320E+01 -0.102180E+03 -0.119770E+03 -0.112240E+03 -0.765632E+02 +0.545507E+02 +0.000000E+00 +0.000000E+00 -0.820923E-03 -0.677860E-03 +0.000000E+00 +0.207293E-02 +0.000000E+00 +0.000000E+00
 +0.148320E+01 -0.102190E+03 -0.119515E+03 -0.112133E+03 -0.764436E+02 +0.543286E+02 +0.000000E+00 +0.000000E+00 -0.818354E-03 -0.678088E-03 +0.000000E+00 +0.206449E-02 +0.000000E+00 +0.000000E+00
 +0.148320E+01 -0.102200E+03 -0.119262E+03 -0.112024E+03 -0.763245E+02 +0.541071E+02 +0.000000E+00 +0.000000E+00 -0.815814E-03 -0.678296E-03 +0.000000E+00 +0.205607E-02 +0.000000E+00 +0.000000E+00
 +0.148320E+01 -0.102210E+03 -0.119000E+03 -0.111912E+03 -0.762011E+02 +0.538613E+02 +0.000000E+00 +0.000000E+00 -0.813184E-03 -0.678510E-03 +0.000000E+00 +0.204673E-02 +0.000000E+00 +0.000000E+00
 +0.148320E+01 -0.102220E+03 -0.118730E+03 -0.111796E+03 -0.760736E+02 +0.535919E+02 +0.000000E+00 +0.000000E+00 -0.810467E-03 -0.678731E-03 +0.000000E+00 +0.203649E-02 +0.000000E+00 +0.000000E+00
 +0.148320E+01 -0.102230E+03 -0.118481E+03 -0.111684E+03 -0.759546E+02 +0.533761E+02 +0.000000E+00 +0.000000E+00 -0.808006E-03 -0.678863E-03 +0.000000E+00 +0.202829E-02 +0.000000E+00 +0.000000E+00
 +0.148320E+01 -0.102240E+03 -0.118254E+03 -0.111577E+03 -0.758441E+02 +0.532086E+02 +0.000000E+00 +0.000000E+00 -0.805781E-03 -0.678925E-03 +0.000000E+00 +0.202193E-02 +0.000000E+00 +0.000000E+00
 +0.148320E+01 -0.102250E+03 -0.118035E+03 -0.111496E+03 -0.757454E+02 +0.530054E+02 +0.000000E+00 +0.000000E+00 -0.803507E-03 -0.679268E-03 +0.000000E+00 +0.201421E-02 +0.000000E+00 +0.000000E+00
 +0.148320E+01 -0.102260E+03 -0.117801E+03 -0.111393E+03 -0.756342E+02 +0.527770E+02 +0.000000E+00 +0.000000E+00 -0.801173E-03 -0.679424E-03 +0.000000E+00 +0.200553E-02 +0.000000E+00 +0.000000E+00
 +0.148320E+01 -0.102270E+03 -0.117582E+03 -0.111279E+03 -0.755241E+02 +0.525705E+02 +0.000000E+00 +0.000000E+00 -0.799096E-03 -0.679346E-03 +0.000000E+00 +0.199768E-02 +0.000000E+00 +0.000000E+00
 +0.148320E+01 -0.102280E+03 -0.117365E+03 -0.111150E+03 -0.754100E+02 +0.523702E+02 +0.000000E+00 +0.000000E+00 -0.797146E-03 -0.679062E-03 +0.000000E+00 +0.199007E-02 +0.000000E+00 +0.000000E+00
 +0.148320E+01 -0.102290E+03 -0.117111E+03 -0.111014E+03 -0.752813E+02 +0.521530E+02 +0.000000E+00 +0.000000E+00 -0.794768E-03 -0.678921E-03 +0.000000E+00 +0.198181E-02 +0.000000E+00 +0.000000E+00
 +0.148320E+01 -0.102300E+03 -0.116845E+03 -0.110877E+03 -0.751484E+02 +0.519114E+02 +0.000000E+00 +0.000000E+00 -0.792240E-03 -0.678847E-03 +0.000000E+00 +0.197263E-02 +0.000000E+00 +0.000000E+00
 +0.148320E+01 -0.102310E+03 -0.116614E+03 -0.110770E+03 -0.750367E+02 +0.516895E+02 +0.000000E+00 +0.000000E+00 -0.789969E-03 -0.678932E-03 +0.000000E+00 +0.196420E-02 +0.000000E+00 +0.000000E+00
 +0.148320E+01 -0.102320E+03 -0.116409E+03 -0.110685E+03 -0.749409E+02 +0.514822E+02 +0.000000E+00 +0.000000E+00 -0.787888E-03 -0.679136E-03 +0.000000E+00 +0.195633E-02 +0.000000E+00 +0.000000E+00
 +0.148320E+01 -0.102330E+03 -0.116202E+03 -0.110596E+03 -0.748433E+02 +0.512691E+02 +0.000000E+00 +0.000000E+00 -0.785806E-03 -0.679308E-03 +0.000000E+00 +0.194823E-02 +0.000000E+00 +0.000000E+00
 +0.148320E+01 -0.102340E+03 -0.115985E+03 -0.110501E+03 -0.747403E+02 +0.510582E+02 +0.000000E+00 +0.000000E+00 -0.783655E-03 -0.679444E-03 +0.000000E+00 +0.194021E-02 +0.000000E+00 +0.000000E+00
 +0.148320E+01 -0.102350E+03 -0.115762E+03 -0.110400E+03 -0.746334E+02 +0.508538E+02 +0.000000E+00 +0.000000E+00 -0.781436E-03 -0.679570E-03 +0.000000E+00 +0.193244E-02 +0.000000E+00 +0.000000E+00
 +0.148320E+01 -0.102360E+03 -0.115538E+03 -0.110300E+03 -0.745265E+02 +0.506494E+02 +0.000000E+00 +0.000000E+00 -0.779217E-03 -0.679696E-03 +0.000000E+00 +0.192468E-02 +0.000000E+00 +0.000000E+00
 +0.148320E+01 -0.102370E+03 -0.115313E+03 -0.110186E+03 -0.744146E+02 +0.504446E+02 +0.000000E+00 +0.000000E+00 -0.777066E-03 -0.679656E-03 +0.000000E+00 +0.191689E-02 +0.000000E+00 +0.000000E+00
 +0.148320E+01 -0.102380E+03 -0.115099E+03 -0.110050E+03 -0.742993E+02 +0.502407E+02 +0.000000E+00 +0.000000E+00 -0.775203E-03 -0.679262E-03 +0.000000E+00 +0.190915E-02 +0.000000E+00 +0.000000E+00
 +0.148320E+01 -0.102390E+03 -0.114890E+03 -0.109916E+03 -0.741861E+02 +0.500373E+02 +0.000000E+00 +0.000000E+00 -0.773380E-03 -0.678868E-03 +0.000000E+00 +0.190142E-02 +0.000000E+00 +0.000000E+00
 +0.148320E+01 -0.102400E+03 -0.114674E+03 -0.109775E+03 -0.740679E+02 +0.498326E+02 +0.000000E+00 +0.000000E+00 -0.771507E-03 -0.678427E-03 +0.000000E+00 +0.189364E-02 +0.000000E+00 +0.000000E+00
 +0.148320E+01 -0.102410E+03 -0.114451E+03 -0.109645E+03 -0.739515E+02 +0.496259E+02 +0.000000E+00 +0.000000E+00 -0.769485E-03 -0.678172E-03 +0.000000E+00 +0.188578E-02 +0.000000E+00 +0.000000E+00
 +0.148320E+01 -0.102420E+03 -0.114230E+03 -0.109518E+03 -0.738366E+02 +0.494072E+02 +0.000000E+00 +0.000000E+00 -0.767470E-03 -0.677938E-03 +0.000000E+00 +0.187748E-02 +0.000000E+00 +0.000000E+00
 +0.148320E+01 -0.102430E+03 -0.114009E+03 -0.109390E+03 -0.737217E+02 +0.491886E+02 +0.000000E+00 +0.000000E+00 -0.765455E-03 -0.677704E-03 +0.000000E+00 +0.186917E-02 +0.000000E+00 +0.000000E+00
 +0.148320E+01 -0.102440E+03 -0.113788E+03 -0.109263E+03 -0.736068E+02 +0.489700E+02 +0.000000E+00 +0.000000E+00 -0.763440E-03 -0.677469E-03 +0.000000E+00 +0.186086E-02 +0.000000E+00 +0.000000E+00
 +0.148320E+01 -0.102450E+03 -0.113592E+03 -0.109143E+03 -0.735027E+02 +0.487666E+02 +0.000000E+00 +0.000000E+00 -0.761704E-03 -0.677167E-03 +0.000000E+00 +0.185313E-02 +0.000000E+00 +0.000000E+00
 +0.148320E+01 -0.102460E+03 -0.113385E+03 -0.108998E+03 -0.733861E+02 +0.485710E+02 +0.000000E+00 +0.000000E+00 -0.759971E-03 -0.676618E-03 +0.000000E+00 +0.184570E-02 +0.000000E+00 +0.000000E+00
 +0.148320E+01 -0.102470E+03 -0.113170E+03 -0.108842E+03 -0.732638E+02 +0.483772E+02 +0.000000E+00 +0.000000E+00 -0.758218E-03 -0.675977E-03 +0.000000E+00 +0.183834E-02 +0.000000E+00 +0.000000E+00
 +0.148320E+01 -0.102480E+03 -0.112955E+03 -0.108686E+03 -0.731415E+02 +0.481835E+02 +0.000000E+00 +0.000000E+00 -0.756465E-03 -0.675336E-03 +0.000000E+00 +0.183097E-02 +0.000000E+00 +0.000000E+00
 +0.148320E+01 -0.102490E+03 -0.112739E+03 -0.108547E+03 -0.730246E+02 +0.479923E+02 +0.000000E+00 +0.000000E+00 -0.754584E-03 -0.674927E-03 +0.000000E+00 +0.182371E-02 +0.000000E+00 +0.000000E+00
 +0.148320E+01 -0.102500E+03 -0.112522E+03 -0.108424E+03 -0.729123E+02 +0.478034E+02 +0.000000E+00 +0.000000E+00 -0.752590E-03 -0.674723E-03 +0.000000E+00 +0.181653E-02 +0.000000E+00 +0.000000E+00
 +0.148320E+01 -0.102510E+03 -0.112305E+03 -0.108301E+03 -0.728000E+02 +0.476144E+02 +0.000000E+00 +0.000000E+00 -0.750597E-03 -0.674518E-03 +0.000000E+00 +0.180935E-02 +0.000000E+00 +0.000000E+00
 +0.148320E+01 -0.102520E+03 -0.112101E+03 -0.108185E+03 -0.726944E+02 +0.474197E+02 +0.000000E+00 +0.000000E+00 -0.748723E-03 -0.674324E-03 +0.000000E+00 +0.180195E-02 +0.000000E+00 +0.000000E+00
 +0.148320E+01 -0.102530E+03 -0.111907E+03 -0.108075E+03 -0.725943E+02 +0.472201E+02 +0.000000E+00 +0.000000E+00 -0.746950E-03 -0.674139E-03 +0.000000E+00 +0.179436E-02 +0.000000E+00 +0.000000E+00
 +0.148320E+01 -0.102540E+03 -0.111702E+03 -0.107956E+03 -0.724872E+02 +0.470255E+02 +0.000000E+00 +0.000000E+00 -0.745078E-03 -0.673914E-03 +0.000000E+00 +0.178697E-02 +0.000000E+00 +0.000000E+00
 +0.148320E+01 -0.102550E+03 -0.111493E+03 -0.107835E+03 -0.723785E+02 +0.468320E+02 +0.000000E+00 +0.000000E+00 -0.743184E-03 -0.673680E-03 +0.000000E+00 +0.177962E-02 +0.000000E+00 +0.000000E+00
 +0.148320E+01 -0.102560E+03 -0.111285E+03 -0.107714E+03 -0.722699E+02 +0.466385E+02 +0.000000E+00 +0.000000E+00 -0.741291E-03 -0.673446E-03 +0.000000E+00 +0.177226E-02 +0.000000E+00 +0.000000E+00
 +0.148320E+01 -0.102570E+03 -0.111110E+03 -0.107620E+03 -0.721809E+02 +0.464426E+02 +0.000000E+00 +0.000000E+00 -0.739651E-03 -0.673345E-03 +0.000000E+00 +0.176482E-02 +0.000000E+00 +0.000000E+00
 +0.148320E+01 -0.102580E+03 -0.110930E+03 -0.107496E+03 -0.720805E+02 +0.462481E+02 +0.000000E+00 +0.000000E+00 -0.738136E-03 -0.672895E-03 +0.000000E+00 +0.175743E-02 +0.000000E+00 +0.000000E+00
 +0.148320E+01 -0.102590E+03 -0.110747E+03 -0.107359E+03 -0.719750E+02 +0.460542E+02 +0.000000E+00 +0.000000E+00 -0.736662E-03 -0.672304E-03 +0.000000E+00 +0.175006E-02 +0.000000E+00 +0.000000E+00
 +0.148320E+01 -0.102600E+03 -0.110565E+03 -0.107223E+03 -0.718703E+02 +0.458599E+02 +0.000000E+00 +0.000000E+00 -0.735203E-03 -0.671711E-03 +0.000000E+00 +0.174267E-02 +0.000000E+00 +0.000000E+00
 +0.148320E+01 -0.102610E+03 -0.110396E+03 -0.107093E+03 -0.717715E+02 +0.456622E+02 +0.000000E+00 +0.000000E+00 -0.733872E-03 -0.671110E-03 +0.000000E+00 +0.173516E-02 +0.000000E+00 +0.000000E+00
 +0.148320E+01 -0.102620E+03 -0.110228E+03 -0.106963E+03 -0.716728E+02 +0.454645E+02 +0.000000E+00 +0.000000E+00 -0.732540E-03 -0.670508E-03 +0.000000E+00 +0.172765E-02 +0.000000E+00 +0.000000E+00
 +0.148320E+01 -0.102630E+03 -0.110056E+03 -0.106820E+03 -0.715690E+02 +0.452814E+02 +0.000000E+00 +0.000000E+00 -0.731248E-03 -0.669770E-03 +0.000000E+00 +0.172069E-02 +0.000000E+00 +0.000000E+00
 +0.148320E+01 -0.102640E+03 -0.109898E+03 -0.106704E+03 -0.714787E+02 +0.451229E+02 +0.000000E+00 +0.000000E+00 -0.729966E-03 -0.669284E-03 +0.000000E+00 +0.171467E-02 +0.000000E+00 +0.000000E+00
 +0.148320E+01 -0.102650E+03 -0.109754E+03 -0.106595E+03 -0.713953E+02 +0.449483E+02 +0.000000E+00 +0.000000E+00 -0.728824E-03 -0.668793E-03 +0.000000E+00 +0.170804E-02 +0.000000E+00 +0.000000E+00
 +0.148320E+01 -0.102660E+03 -0.109611E+03 -0.106486E+03 -0.713119E+02 +0.447737E+02 +0.000000E+00 +0.000000E+00 -0.727682E-03 -0.668303E-03 +0.000000E+00 +0.170140E-02 +0.000000E+00 +0.000000E+00
 +0.148320E+01 -0.102670E+03 -0.109467E+03 -0.106376E+03 -0.712285E+02 +0.445991E+02 +0.000000E+00 +0.000000E+00 -0.726540E-03 -0.667812E-03 +0.000000E+00 +0.169477E-02 +0.000000E+00 +0.000000E+00
 +0.148320E+01 -0.102680E+03 -0.109324E+03 -0.106267E+03 -0.711451E+02 +0.444246E+02 +0.000000E+00 +0.000000E+00 -0.725398E-03 -0.667321E-03 +0.000000E+00 +0.168813E-02 +0.000000E+00 +0.000000E+00
 +0.148320E+01 -0.102690E+03 -0.109164E+03 -0.106142E+03 -0.710510E+02 +0.442490E+02 +0.000000E+00 +0.000000E+00 -0.724153E-03 -0.666724E-03 +0.000000E+00 +0.168146E-02 +0.000000E+00 +0.000000E+00
 +0.148320E+01 -0.102700E+03 -0.108989E+03 -0.106000E+03 -0.709465E+02 +0.440724E+02 +0.000000E+00 +0.000000E+00 -0.722808E-03 -0.666023E-03 +0.000000E+00 +0.167475E-02 +0.000000E+00 +0.000000E+00
 +0.148320E+01 -0.102710E+03 -0.108814E+03 -0.105859E+03 -0.708419E+02 +0.438958E+02 +0.000000E+00 +0.000000E+00 -0.721463E-03 -0.665321E-03 +0.000000E+00 +0.166804E-02 +0.000000E+00 +0.000000E+00
 +0.148320E+01 -0.102720E+03 -0.108639E+03 -0.105718E+03 -0.707376E+02 +0.437189E+02 +0.000000E+00 +0.000000E+00 -0.720122E-03 -0.664619E-03 +0.000000E+00 +0.166132E-02 +0.000000E+00 +0.000000E+00
 +0.148320E+01 -0.102730E+03 -0.108489E+03 -0.105589E+03 -0.706455E+02 +0.435241E+02 +0.000000E+00 +0.000000E+00 -0.719018E-03 -0.663921E-03 +0.000000E+00 +0.165392E-02 +0.000000E+00 +0.000000E+00
 +0.148320E+01 -0.102740E+03 -0.108338E+03 -0.105460E+03 -0.705535E+02 +0.433293E+02 +0.000000E+00 +0.000000E+00 -0.717914E-03 -0.663224E-03 +0.000000E+00 +0.164651E-02 +0.000000E+00 +0.000000E+00
 +0.148320E+01 -0.102750E+03 -0.108188E+03 -0.105331E+03 -0.704613E+02 +0.431375E+02 +0.000000E+00 +0.000000E+00 -0.716815E-03 -0.662518E-03 +0.000000E+00 +0.163922E-02 +0.000000E+00 +0.000000E+00
 +0.148320E+01 -0.102760E+03 -0.108038E+03 -0.105200E+03 -0.703687E+02 +0.429507E+02 +0.000000E+00 +0.000000E+00 -0.715723E-03 -0.661799E-03 +0.000000E+00 +0.163213E-02 +0.000000E+00 +0.000000E+00
 +0.148320E+01 -0.102770E+03 -0.107888E+03 -0.105070E+03 -0.702762E+02 +0.427640E+02 +0.000000E+00 +0.000000E+00 -0.714630E-03 -0.661080E-03 +0.000000E+00 +0.162503E-02 +0.000000E+00 +0.000000E+00
 +0.148320E+01 -0.102780E+03 -0.107738E+03 -0.104950E+03 -0.701871E+02 +0.425666E+02 +0.000000E+00 +0.000000E+00 -0.713473E-03 -0.660493E-03 +0.000000E+00 +0.161753E-02 +0.000000E+00 +0.000000E+00
 +0.148320E+01 -0.102790E+03 -0.107588E+03 -0.104834E+03 -0.700993E+02 +0.423651E+02 +0.000000E+00 +0.000000E+00 -0.712289E-03 -0.659958E-03 +0.000000E+00 +0.160987E-02 +0.000000E+00 +0.000000E+00
 +0.148320E+01 -0.102800E+03 -0.107438E+03 -0.104718E+03 -0.700115E+02 +0.421636E+02 +0.000000E+00 +0.000000E+00 -0.711106E-03 -0.659422E-03 +0.000000E+00 +0.160222E-02 +0.000000E+00 +0.000000E+00
 +0.148320E+01 -0.102810E+03 -0.107288E+03 -0.104602E+03 -0.699237E+02 +0.419621E+02 +0.000000E+00 +0.000000E+00 -0.709922E-03 -0.658887E-03 +0.000000E+00 +0.159456E-02 +0.000000E+00 +0.000000E+00
 +0.148320E+01 -0.102820E+03 -0.107138E+03 -0.104486E+03 -0.698359E+02 +0.417606E+02 +0.000000E+00 +0.000000E+00 -0.708739E-03 -0.658352E-03 +0.000000E+00 +0.158690E-02 +0.000000E+00 +0.000000E+00
 +0.148320E+01 -0.102830E+03 -0.106993E+03 -0.104367E+03 -0.697487E+02 +0.415705E+02 +0.000000E+00 +0.000000E+00 -0.707643E-03 -0.657741E-03 +0.000000E+00 +0.157968E-02 +0.000000E+00 +0.000000E+00
 +0.148320E+01 -0.102840E+03 -0.106857E+03 -0.104242E+03 -0.696625E+02 +0.413991E+02 +0.000000E+00 +0.000000E+00 -0.706692E-03 -0.657005E-03 +0.000000E+00 +0.157316E-02 +0.000000E+00 +0.000000E+00
 +0.148320E+01 -0.102850E+03 -0.106721E+03 -0.104117E+03 -0.695764E+02 +0.412276E+02 +0.000000E+00 +0.000000E+00 -0.705740E-03 -0.656270E-03 +0.000000E+00 +0.156665E-02 +0.000000E+00 +0.000000E+00
 +0.148320E+01 -0.102860E+03 -0.106584E+03 -0.103992E+03 -0.694902E+02 +0.410562E+02 +0.000000E+00 +0.000000E+00 -0.704788E-03 -0.655535E-03 +0.000000E+00 +0.156013E-02 +0.000000E+00 +0.000000E+00
 +0.148320E+01 -0.102870E+03 -0.106448E+03 -0.103867E+03 -0.694040E+02 +0.408847E+02 +0.000000E+00 +0.000000E+00 -0.703837E-03 -0.654800E-03 +0.000000E+00 +0.155362E-02 +0.000000E+00 +0.000000E+00
 +0.148320E+01 -0.102880E+03 -0.106312E+03 -0.103742E+03 -0.693179E+02 +0.407133E+02 +0.000000E+00 +0.000000E+00 -0.702885E-03 -0.654065E-03 +0.000000E+00 +0.154710E-02 +0.000000E+00 +0.000000E+00
 +0.148320E+01 -0.102890E+03 -0.106175E+03 -0.103614E+03 -0.692304E+02 +0.405407E+02 +0.000000E+00 +0.000000E+00 -0.701944E-03 -0.653294E-03 +0.000000E+00 +0.154055E-02 +0.000000E+00 +0.000000E+00
 +0.148320E+01 -0.102900E+03 -0.106034E+03 -0.103470E+03 -0.691364E+02 +0.403623E+02 +0.000000E+00 +0.000000E+00 -0.701058E-03 -0.652340E-03 +0.000000E+00 +0.153377E-02 +0.000000E+00 +0.000000E+00
 +0.148320E+01 -0.102910E+03 -0.105894E+03 -0.103326E+03 -0.690424E+02 +0.401839E+02 +0.000000E+00 +0.000000E+00 -0.700172E-03 -0.651386E-03 +0.000000E+00 +0.152699E-02 +0.000000E+00 +0.000000E+00
 +0.148320E+01 -0.102920E+03 -0.105778E+03 -0.103200E+03 -0.689626E+02 +0.400101E+02 +0.000000E+00 +0.000000E+00 -0.699495E-03 -0.650501E-03 +0.000000E+00 +0.152038E-02 +0.000000E+00 +0.000000E+00
 +0.148320E+01 -0.102930E+03 -0.105669E+03 -0.103077E+03 -0.688863E+02 +0.398373E+02 +0.000000E+00 +0.000000E+00 -0.698868E-03 -0.649633E-03 +0.000000E+00 +0.151382E-02 +0.000000E+00 +0.000000E+00
 +0.148320E+01 -0.102940E+03 -0.105545E+03 -0.102949E+03 -0.688029E+02 +0.396653E+02 +0.000000E+00 +0.000000E+00 -0.698094E-03 -0.648775E-03 +0.000000E+00 +0.150728E-02 +0.000000E+00 +0.000000E+00
 +0.148320E+01 -0.102950E+03 -0.105411E+03 -0.102816E+03 -0.687148E+02 +0.394940E+02 +0.000000E+00 +0.000000E+00 -0.697219E-03 -0.647924E-03 +0.000000E+00 +0.150077E-02 +0.000000E+00 +0.000000E+00
 +0.148320E+01 -0.102960E+03 -0.105276E+03 -0.102683E+03 -0.686267E+02 +0.393226E+02 +0.000000E+00 +0.000000E+00 -0.696345E-03 -0.647074E-03 +0.000000E+00 +0.149426E-02 +0.000000E+00 +0.000000E+00
 +0.148320E+01 -0.102970E+03 -0.105142E+03 -0.102550E+03 -0.685385E+02 +0.391512E+02 +0.000000E+00 +0.000000E+00 -0.695471E-03 -0.646223E-03 +0.000000E+00 +0.148775E-02 +0.000000E+00 +0.000000E+00
 +0.148320E+01 -0.102980E+03 -0.105008E+03 -0.102417E+03 -0.684504E+02 +0.389799E+02 +0.000000E+00 +0.000000E+00 -0.694596E-03 -0.645372E-03 +0.000000E+00 +0.148123E-02 +0.000000E+00 +0.000000E+00
 +0.148320E+01 -0.102990E+03 -0.104874E+03 -0.102284E+03 -0.683623E+02 +0.388085E+02 +0.000000E+00 +0.000000E+00 -0.693722E-03 -0.644522E-03 +0.000000E+00 +0.147472E-02 +0.000000E+00 +0.000000E+00
 +0.148320E+01 -0.103000E+03 -0.104739E+03 -0.102149E+03 -0.682730E+02 +0.386373E+02 +0.000000E+00 +0.000000E+00 -0.692847E-03 -0.643649E-03 +0.000000E+00 +0.146822E-02 +0.000000E+00 +0.000000E+00
 +0.148320E+01 -0.103010E+03 -0.104597E+03 -0.102002E+03 -0.681779E+02 +0.384668E+02 +0.000000E+00 +0.000000E+00 -0.691966E-03 -0.642667E-03 +0.000000E+00 +0.146174E-02 +0.000000E+00 +0.000000E+00
 +0.148320E+01 -0.103020E+03 -0.104456E+03 -0.101856E+03 -0.680827E+02 +0.382963E+02 +0.000000E+00 +0.000000E+00 -0.691086E-03 -0.641685E-03 +0.000000E+00 +0.145526E-02 +0.000000E+00 +0.000000E+00
 +0.148320E+01 -0.103030E+03 -0.104314E+03 -0.101709E+03 -0.679876E+02 +0.381258E+02 +0.000000E+00 +0.000000E+00 -0.690206E-03 -0.640703E-03 +0.000000E+00 +0.144878E-02 +0.000000E+00 +0.000000E+00
 +0.148320E+01 -0.103040E+03 -0.104173E+03 -0.101562E+03 -0.678925E+02 +0.379554E+02 +0.000000E+00 +0.000000E+00 -0.689326E-03 -0.639722E-03 +0.000000E+00 +0.144230E-02 +0.000000E+00 +0.000000E+00
 +0.148320E+01 -0.103050E+03 -0.104031E+03 -0.101415E+03 -0.677974E+02 +0.377849E+02 +0.000000E+00 +0.000000E+00 -0.688446E-03 -0.638740E-03 +0.000000E+00 +0.143583E-02 +0.000000E+00 +0.000000E+00
 +0.148320E+01 -0.103060E+03 -0.103909E+03 -0.101247E+03 -0.677016E+02 +0.376344E+02 +0.000000E+00 +0.000000E+00 -0.687943E-03 -0.637366E-03 +0.000000E+00 +0.143011E-02 +0.000000E+00 +0.000000E+00
 +0.148320E+01 -0.103070E+03 -0.103790E+03 -0.101075E+03 -0.676056E+02 +0.374872E+02 +0.000000E+00 +0.000000E+00 -0.687504E-03 -0.635927E-03 +0.000000E+00 +0.142451E-02 +0.000000E+00 +0.000000E+00
 +0.148320E+01 -0.103080E+03 -0.103671E+03 -0.100904E+03 -0.675097E+02 +0.373400E+02 +0.000000E+00 +0.000000E+00 -0.687065E-03 -0.634488E-03 +0.000000E+00 +0.141892E-02 +0.000000E+00 +0.000000E+00
 +0.148320E+01 -0.103090E+03 -0.103566E+03 -0.100770E+03 -0.674311E+02 +0.371928E+02 +0.000000E+00 +0.000000E+00 -0.686570E-03 -0.633445E-03 +0.000000E+00 +0.141333E-02 +0.000000E+00 +0.000000E+00
 +0.148320E+01 -0.103100E+03 -0.103465E+03 -0.100644E+03 -0.673559E+02 +0.370456E+02 +0.000000E+00 +0.000000E+00 -0.686064E-03 -0.632478E-03 +0.000000E+00 +0.140773E-02 +0.000000E+00 +0.000000E+00
 +0.148320E+01 -0.103110E+03 -0.103363E+03 -0.100518E+03 -0.672807E+02 +0.368983E+02 +0.000000E+00 +0.000000E+00 -0.685558E-03 -0.631512E-03 +0.000000E+00 +0.140214E-02 +0.000000E+00 +0.000000E+00
 +0.148320E+01 -0.103120E+03 -0.103261E+03 -0.100392E+03 -0.672054E+02 +0.367511E+02 +0.000000E+00 +0.000000E+00 -0.685052E-03 -0.630545E-03 +0.000000E+00 +0.139654E-02 +0.000000E+00 +0.000000E+00
 +0.148320E+01 -0.103130E+03 -0.103159E+03 -0.100266E+03 -0.671302E+02 +0.366039E+02 +0.000000E+00 +0.000000E+00 -0.684547E-03 -0.629578E-03 +0.000000E+00 +0.139095E-02 +0.000000E+00 +0.000000E+00
 +0.148320E+01 -0.103140E+03 -0.103057E+03 -0.100140E+03 -0.670550E+02 +0.364567E+02 +0.000000E+00 +0.000000E+00 -0.684041E-03 -0.628611E-03 +0.000000E+00 +0.138535E-02 +0.000000E+00 +0.000000E+00
 +0.148320E+01 -0.103150E+03 -0.102955E+03 -0.100014E+03 -0.669798E+02 +0.363095E+02 +0.000000E+00 +0.000000E+00 -0.683535E-03 -0.627644E-03 +0.000000E+00 +0.137976E-02 +0.000000E+00 +0.000000E+00
 +0.148320E+01 -0.103160E+03 -0.102853E+03 -0.998876E+02 -0.669045E+02 +0.361623E+02 +0.000000E+00 +0.000000E+00 -0.683029E-03 -0.626678E-03 +0.000000E+00 +0.137417E-02 +0.000000E+00 +0.000000E+00
 +0.148320E+01 -0.103170E+03 -0.102729E+03 -0.997448E+02 -0.668164E+02 +0.359980E+02 +0.000000E+00 +0.000000E+00 -0.682341E-03 -0.625640E-03 +0.000000E+00 +0.136792E-02 +0.000000E+00 +0.000000E+00
 +0.148320E+01 -0.103180E+03 -0.102573E+03 -0.995786E+02 -0.667100E+02 +0.358096E+02 +0.000000E+00 +0.000000E+00 -0.681396E-03 -0.624503E-03 +0.000000E+00 +0.136077E-02 +0.000000E+00 +0.000000E+00
 +0.148320E+01 -0.103190E+03 -0.102417E+03 -0.994123E+02 -0.666036E+02 +0.356213E+02 +0.000000E+00 +0.000000E+00 -0.680450E-03 -0.623366E-03 +0.000000E+00 +0.135361E-02 +0.000000E+00 +0.000000E+00
 +0.148320E+01 -0.103200E+03 -0.102296E+03 -0.992752E+02 -0.665184E+02 +0.354621E+02 +0.000000E+00 +0.000000E+00 -0.679769E-03 -0.622380E-03 +0.000000E+00 +0.134756E-02 +0.000000E+00 +0.000000E+00
 +0.148320E+01 -0.103210E+03 -0.102195E+03 -0.991550E+02 -0.664455E+02 +0.353197E+02 +0.000000E+00 +0.000000E+00 -0.679239E-03 -0.621481E-03 +0.000000E+00 +0.134215E-02 +0.000000E+00 +0.000000E+00
 +0.148320E+01 -0.103220E+03 -0.102094E+03 -0.990347E+02 -0.663725E+02 +0.351773E+02 +0.000000E+00 +0.000000E+00 -0.678710E-03 -0.620582E-03 +0.000000E+00 +0.133674E-02 +0.000000E+00 +0.000000E+00
 +0.148320E+01 -0.103230E+03 -0.101993E+03 -0.989145E+02 -0.662996E+02 +0.350349E+02 +0.000000E+00 +0.000000E+00 -0.678181E-03 -0.619683E-03 +0.000000E+00 +0.133133E-02 +0.000000E+00 +0.000000E+00
 +0.148320E+01 -0.103240E+03 -0.101892E+03 -0.987942E+02 -0.662266E+02 +0.348925E+02 +0.000000E+00 +0.000000E+00 -0.677652E-03 -0.618785E-03 +0.000000E+00 +0.132592E-02 +0.000000E+00 +0.000000E+00
 +0.148320E+01 -0.103250E+03 -0.101792E+03 -0.986740E+02 -0.661537E+02 +0.347501E+02 +0.000000E+00 +0.000000E+00 -0.677122E-03 -0.617886E-03 +0.000000E+00 +0.132051E-02 +0.000000E+00 +0.000000E+00
 +0.148320E+01 -0.103260E+03 -0.101691E+03 -0.985537E+02 -0.660807E+02 +0.346078E+02 +0.000000E+00 +0.000000E+00 -0.676593E-03 -0.616987E-03 +0.000000E+00 +0.131509E-02 +0.000000E+00 +0.000000E+00
 +0.148320E+01 -0.103270E+03 -0.101590E+03 -0.984335E+02 -0.660078E+02 +0.344654E+02 +0.000000E+00 +0.000000E+00 -0.676064E-03 -0.616089E-03 +0.000000E+00 +0.130968E-02 +0.000000E+00 +0.000000E+00
 +0.148320E+01 -0.103280E+03 -0.101489E+03 -0.983132E+02 -0.659348E+02 +0.343230E+02 +0.000000E+00 +0.000000E+00 -0.675534E-03 -0.615190E-03 +0.000000E+00 +0.130427E-02 +0.000000E+00 +0.000000E+00
 +0.148320E+01 -0.103290E+03 -0.101388E+03 -0.981937E+02 -0.658621E+02 +0.341796E+02 +0.000000E+00 +0.000000E+00 -0.675000E-03 -0.614300E-03 +0.000000E+00 +0.129883E-02 +0.000000E+00 +0.000000E+00
 +0.148320E+01 -0.103300E+03 -0.101287E+03 -0.980784E+02 -0.657907E+02 +0.340303E+02 +0.000000E+00 +0.000000E+00 -0.674437E-03 -0.613466E-03 +0.000000E+00 +0.129315E-02 +0.000000E+00 +0.000000E+00
 +0.148320E+01 -0.103310E+03 -0.101186E+03 -0.979632E+02 -0.657194E+02 +0.338809E+02 +0.000000E+00 +0.000000E+00 -0.673874E-03 -0.612633E-03 +0.000000E+00 +0.128748E-02 +0.000000E+00 +0.000000E+00
 +0.148320E+01 -0.103320E+03 -0.101085E+03 -0.978480E+02 -0.656480E+02 +0.337316E+02 +0.000000E+00 +0.000000E+00 -0.673311E-03 -0.611799E-03 +0.000000E+00 +0.128180E-02 +0.000000E+00 +0.000000E+00
 +0.148320E+01 -0.103330E+03 -0.100984E+03 -0.977327E+02 -0.655767E+02 +0.335822E+02 +0.000000E+00 +0.000000E+00 -0.672748E-03 -0.610965E-03 +0.000000E+00 +0.127613E-02 +0.000000E+00 +0.000000E+00
 +0.148320E+01 -0.103340E+03 -0.100883E+03 -0.976175E+02 -0.655053E+02 +0.334329E+02 +0.000000E+00 +0.000000E+00 -0.672185E-03 -0.610131E-03 +0.000000E+00 +0.127045E-02 +0.000000E+00 +0.000000E+00
 +0.148320E+01 -0.103350E+03 -0.100788E+03 -0.975056E+02 -0.654367E+02 +0.332918E+02 +0.000000E+00 +0.000000E+00 -0.671665E-03 -0.609309E-03 +0.000000E+00 +0.126509E-02 +0.000000E+00 +0.000000E+00
 +0.148320E+01 -0.103360E+03 -0.100696E+03 -0.973966E+02 -0.653706E+02 +0.331577E+02 +0.000000E+00 +0.000000E+00 -0.671183E-03 -0.608495E-03 +0.000000E+00 +0.125999E-02 +0.000000E+00 +0.000000E+00
 +0.148320E+01 -0.103370E+03 -0.100604E+03 -0.972876E+02 -0.653044E+02 +0.330236E+02 +0.000000E+00 +0.000000E+00 -0.670700E-03 -0.607682E-03 +0.000000E+00 +0.125490E-02 +0.000000E+00 +0.000000E+00
 +0.148320E+01 -0.103380E+03 -0.100522E+03 -0.971638E+02 -0.652362E+02 +0.328843E+02 +0.000000E+00 +0.000000E+00 -0.670424E-03 -0.606624E-03 +0.000000E+00 +0.124960E-02 +0.000000E+00 +0.000000E+00
 +0.148320E+01 -0.103390E+03 -0.100443E+03 -0.970329E+02 -0.651671E+02 +0.327427E+02 +0.000000E+00 +0.000000E+00 -0.670247E-03 -0.605449E-03 +0.000000E+00 +0.124422E-02 +0.000000E+00 +0.000000E+00
 +0.148320E+01 -0.103400E+03 -0.100365E+03 -0.969019E+02 -0.650980E+02 +0.326010E+02 +0.000000E+00 +0.000000E+00 -0.670069E-03 -0.604274E-03 +0.000000E+00 +0.123884E-02 +0.000000E+00 +0.000000E+00
 +0.148320E+01 -0.103410E+03 -0.100286E+03 -0.967710E+02 -0.650289E+02 +0.324594E+02 +0.000000E+00 +0.000000E+00 -0.669892E-03 -0.603099E-03 +0.000000E+00 +0.123346E-02 +0.000000E+00 +0.000000E+00
 +0.148320E+01 -0.103420E+03 -0.100208E+03 -0.966401E+02 -0.649599E+02 +0.323177E+02 +0.000000E+00 +0.000000E+00 -0.669714E-03 -0.601925E-03 +0.000000E+00 +0.122807E-02 +0.000000E+00 +0.000000E+00
 +0.148320E+01 -0.103430E+03 -0.100130E+03 -0.965092E+02 -0.648908E+02 +0.321760E+02 +0.000000E+00 +0.000000E+00 -0.669536E-03 -0.600750E-03 +0.000000E+00 +0.122269E-02 +0.000000E+00 +0.000000E+00
 +0.148320E+01 -0.103440E+03 -0.100051E+03 -0.963783E+02 -0.648217E+02 +0.320344E+02 +0.000000E+00 +0.000000E+00 -0.669359E-03 -0.599575E-03 +0.000000E+00 +0.121731E-02 +0.000000E+00 +0.000000E+00
 +0.148320E+01 -0.103450E+03 -0.999727E+02 -0.962474E+02 -0.647526E+02 +0.318927E+02 +0.000000E+00 +0.000000E+00 -0.669181E-03 -0.598400E-03 +0.000000E+00 +0.121192E-02 +0.000000E+00 +0.000000E+00
 +0.148320E+01 -0.103460E+03 -0.998942E+02 -0.961164E+02 -0.646835E+02 +0.317511E+02 +0.000000E+00 +0.000000E+00 -0.669004E-03 -0.597225E-03 +0.000000E+00 +0.120654E-02 +0.000000E+00 +0.000000E+00
 +0.148320E+01 -0.103470E+03 -0.998158E+02 -0.959855E+02 -0.646144E+02 +0.316094E+02 +0.000000E+00 +0.000000E+00 -0.668826E-03 -0.596051E-03 +0.000000E+00 +0.120116E-02 +0.000000E+00 +0.000000E+00
 +0.148320E+01 -0.103480E+03 -0.997374E+02 -0.958546E+02 -0.645454E+02 +0.314677E+02 +0.000000E+00 +0.000000E+00 -0.668648E-03 -0.594876E-03 +0.000000E+00 +0.119577E-02 +0.000000E+00 +0.000000E+00
 +0.148320E+01 -0.103490E+03 -0.996589E+02 -0.957237E+02 -0.644763E+02 +0.313261E+02 +0.000000E+00 +0.000000E+00 -0.668471E-03 -0.593701E-03 +0.000000E+00 +0.119039E-02 +0.000000E+00 +0.000000E+00
 +0.148320E+01 -0.103500E+03 -0.995807E+02 -0.955927E+02 -0.644072E+02 +0.311854E+02 +0.000000E+00 +0.000000E+00 -0.668296E-03 -0.592524E-03 +0.000000E+00 +0.118504E-02 +0.000000E+00 +0.000000E+00
 +0.148320E+01 -0.103510E+03 -0.995056E+02 -0.954599E+02 -0.643386E+02 +0.310604E+02 +0.000000E+00 +0.000000E+00 -0.668173E-03 -0.591304E-03 +0.000000E+00 +0.118030E-02 +0.000000E+00 +0.000000E+00
 +0.148320E+01 -0.103520E+03 -0.994304E+02 -0.953271E+02 -0.642700E+02 +0.309355E+02 +0.000000E+00 +0.000000E+00 -0.668049E-03 -0.590085E-03 +0.000000E+00 +0.117555E-02 +0.000000E+00 +0.000000E+00
 +0.148320E+01 -0.103530E+03 -0.993553E+02 -0.951943E+02 -0.642014E+02 +0.308105E+02 +0.000000E+00 +0.000000E+00 -0.667925E-03 -0.588866E-03 +0.000000E+00 +0.117080E-02 +0.000000E+00 +0.000000E+00
 +0.148320E+01 -0.103540E+03 -0.992802E+02 -0.950615E+02 -0.641328E+02 +0.306856E+02 +0.000000E+00 +0.000000E+00 -0.667801E-03 -0.587647E-03 +0.000000E+00 +0.116605E-02 +0.000000E+00 +0.000000E+00
 +0.148320E+01 -0.103550E+03 -0.992051E+02 -0.949287E+02 -0.640642E+02 +0.305606E+02 +0.000000E+00 +0.000000E+00 -0.667677E-03 -0.586427E-03 +0.000000E+00 +0.116130E-02 +0.000000E+00 +0.000000E+00
 +0.148320E+01 -0.103560E+03 -0.991299E+02 -0.947960E+02 -0.639955E+02 +0.304357E+02 +0.000000E+00 +0.000000E+00 -0.667553E-03 -0.585208E-03 +0.000000E+00 +0.115656E-02 +0.000000E+00 +0.000000E+00
 +0.148320E+01 -0.103570E+03 -0.990548E+02 -0.946632E+02 -0.639269E+02 +0.303107E+02 +0.000000E+00 +0.000000E+00 -0.667429E-03 -0.583989E-03 +0.000000E+00 +0.115181E-02 +0.000000E+00 +0.000000E+00
 +0.148320E+01 -0.103580E+03 -0.989797E+02 -0.945304E+02 -0.638583E+02 +0.301858E+02 +0.000000E+00 +0.000000E+00 -0.667306E-03 -0.582769E-03 +0.000000E+00 +0.114706E-02 +0.000000E+00 +0.000000E+00
 +0.148320E+01 -0.103590E+03 -0.989045E+02 -0.943976E+02 -0.637897E+02 +0.300608E+02 +0.000000E+00 +0.000000E+00 -0.667182E-03 -0.581550E-03 +0.000000E+00 +0.114231E-02 +0.000000E+00 +0.000000E+00
 +0.148320E+01 -0.103600E+03 -0.988294E+02 -0.942648E+02 -0.637211E+02 +0.299358E+02 +0.000000E+00 +0.000000E+00 -0.667058E-03 -0.580331E-03 +0.000000E+00 +0.113756E-02 +0.000000E+00 +0.000000E+00
 +0.148320E+01 -0.103610E+03 -0.987543E+02 -0.941321E+02 -0.636525E+02 +0.298109E+02 +0.000000E+00 +0.000000E+00 -0.666934E-03 -0.579112E-03 +0.000000E+00 +0.113281E-02 +0.000000E+00 +0.000000E+00
 +0.148320E+01 -0.103620E+03 -0.986792E+02 -0.939993E+02 -0.635839E+02 +0.296859E+02 +0.000000E+00 +0.000000E+00 -0.666810E-03 -0.577892E-03 +0.000000E+00 +0.112807E-02 +0.000000E+00 +0.000000E+00
 +0.148320E+01 -0.103630E+03 -0.986040E+02 -0.938665E+02 -0.635153E+02 +0.295610E+02 +0.000000E+00 +0.000000E+00 -0.666686E-03 -0.576673E-03 +0.000000E+00 +0.112332E-02 +0.000000E+00 +0.000000E+00
 +0.148320E+01 -0.103640E+03 -0.985289E+02 -0.937337E+02 -0.634467E+02 +0.294360E+02 +0.000000E+00 +0.000000E+00 -0.666563E-03 -0.575454E-03 +0.000000E+00 +0.111857E-02 +0.000000E+00 +0.000000E+00
 +0.148320E+01 -0.103650E+03 -0.984589E+02 -0.935923E+02 -0.633769E+02 +0.293087E+02 +0.000000E+00 +0.000000E+00 -0.666558E-03 -0.574093E-03 +0.000000E+00 +0.111373E-02 +0.000000E+00 +0.000000E+00
 +0.148320E+01 -0.103660E+03 -0.983940E+02 -0.934426E+02 -0.633061E+02 +0.291792E+02 +0.000000E+00 +0.000000E+00 -0.666670E-03 -0.572594E-03 +0.000000E+00 +0.110881E-02 +0.000000E+00 +0.000000E+00
 +0.148320E+01 -0.103670E+03 -0.983314E+02 -0.932997E+02 -0.632383E+02 +0.290635E+02 +0.000000E+00 +0.000000E+00 -0.666770E-03 -0.571167E-03 +0.000000E+00 +0.110441E-02 +0.000000E+00 +0.000000E+00
 +0.148320E+01 -0.103680E+03 -0.982690E+02 -0.931590E+02 -0.631712E+02 +0.289505E+02 +0.000000E+00 +0.000000E+00 -0.666857E-03 -0.569768E-03 +0.000000E+00 +0.110012E-02 +0.000000E+00 +0.000000E+00
 +0.148320E+01 -0.103690E+03 -0.982000E+02 -0.930263E+02 -0.631047E+02 +0.288278E+02 +0.000000E+00 +0.000000E+00 -0.666811E-03 -0.568511E-03 +0.000000E+00 +0.109546E-02 +0.000000E+00 +0.000000E+00
 +0.148320E+01 -0.103700E+03 -0.981310E+02 -0.928937E+02 -0.630381E+02 +0.287051E+02 +0.000000E+00 +0.000000E+00 -0.666764E-03 -0.567255E-03 +0.000000E+00 +0.109079E-02 +0.000000E+00 +0.000000E+00
 +0.148320E+01 -0.103710E+03 -0.980620E+02 -0.927610E+02 -0.629716E+02 +0.285824E+02 +0.000000E+00 +0.000000E+00 -0.666718E-03 -0.565999E-03 +0.000000E+00 +0.108613E-02 +0.000000E+00 +0.000000E+00
 +0.148320E+01 -0.103720E+03 -0.979930E+02 -0.926283E+02 -0.629050E+02 +0.284597E+02 +0.000000E+00 +0.000000E+00 -0.666671E-03 -0.564742E-03 +0.000000E+00 +0.108147E-02 +0.000000E+00 +0.000000E+00
 +0.148320E+01 -0.103730E+03 -0.979240E+02 -0.924956E+02 -0.628385E+02 +0.283370E+02 +0.000000E+00 +0.000000E+00 -0.666624E-03 -0.563486E-03 +0.000000E+00 +0.107681E-02 +0.000000E+00 +0.000000E+00
 +0.148320E+01 -0.103740E+03 -0.978550E+02 -0.923630E+02 -0.627719E+02 +0.282143E+02 +0.000000E+00 +0.000000E+00 -0.666578E-03 -0.562230E-03 +0.000000E+00 +0.107214E-02 +0.000000E+00 +0.000000E+00
 +0.148320E+01 -0.103750E+03 -0.977859E+02 -0.922303E+02 -0.627054E+02 +0.280916E+02 +0.000000E+00 +0.000000E+00 -0.666531E-03 -0.560974E-03 +0.000000E+00 +0.106748E-02 +0.000000E+00 +0.000000E+00
 +0.148320E+01 -0.103760E+03 -0.977169E+02 -0.920976E+02 -0.626388E+02 +0.279689E+02 +0.000000E+00 +0.000000E+00 -0.666485E-03 -0.559717E-03 +0.000000E+00 +0.106282E-02 +0.000000E+00 +0.000000E+00
 +0.148320E+01 -0.103770E+03 -0.976479E+02 -0.919649E+02 -0.625722E+02 +0.278462E+02 +0.000000E+00 +0.000000E+00 -0.666438E-03 -0.558461E-03 +0.000000E+00 +0.105815E-02 +0.000000E+00 +0.000000E+00
 +0.148320E+01 -0.103780E+03 -0.975789E+02 -0.918323E+02 -0.625057E+02 +0.277235E+02 +0.000000E+00 +0.000000E+00 -0.666391E-03 -0.557205E-03 +0.000000E+00 +0.105349E-02 +0.000000E+00 +0.000000E+00
 +0.148320E+01 -0.103790E+03 -0.975099E+02 -0.916996E+02 -0.624391E+02 +0.276008E+02 +0.000000E+00 +0.000000E+00 -0.666345E-03 -0.555949E-03 +0.000000E+00 +0.104883E-02 +0.000000E+00 +0.000000E+00
 +0.148320E+01 -0.103800E+03 -0.974409E+02 -0.915669E+02 -0.623726E+02 +0.274781E+02 +0.000000E+00 +0.000000E+00 -0.666298E-03 -0.554692E-03 +0.000000E+00 +0.104417E-02 +0.000000E+00 +0.000000E+00
 +0.148320E+01 -0.103810E+03 -0.973719E+02 -0.914342E+02 -0.623060E+02 +0.273553E+02 +0.000000E+00 +0.000000E+00 -0.666251E-03 -0.553436E-03 +0.000000E+00 +0.103950E-02 +0.000000E+00 +0.000000E+00
 +0.148320E+01 -0.103820E+03 -0.973029E+02 -0.913016E+02 -0.622395E+02 +0.272326E+02 +0.000000E+00 +0.000000E+00 -0.666205E-03 -0.552180E-03 +0.000000E+00 +0.103484E-02 +0.000000E+00 +0.000000E+00
 +0.148320E+01 -0.103830E+03 -0.972339E+02 -0.911689E+02 -0.621729E+02 +0.271099E+02 +0.000000E+00 +0.000000E+00 -0.666158E-03 -0.550924E-03 +0.000000E+00 +0.103018E-02 +0.000000E+00 +0.000000E+00
 +0.148320E+01 -0.103840E+03 -0.971659E+02 -0.910418E+02 -0.621085E+02 +0.269962E+02 +0.000000E+00 +0.000000E+00 -0.666090E-03 -0.549731E-03 +0.000000E+00 +0.102585E-02 +0.000000E+00 +0.000000E+00
 +0.148320E+01 -0.103850E+03 -0.970994E+02 -0.909219E+02 -0.620470E+02 +0.268941E+02 +0.000000E+00 +0.000000E+00 -0.665995E-03 -0.548622E-03 +0.000000E+00 +0.102197E-02 +0.000000E+00 +0.000000E+00
 +0.148320E+01 -0.103860E+03 -0.970328E+02 -0.908020E+02 -0.619855E+02 +0.267919E+02 +0.000000E+00 +0.000000E+00 -0.665900E-03 -0.547513E-03 +0.000000E+00 +0.101809E-02 +0.000000E+00 +0.000000E+00
 +0.148320E+01 -0.103870E+03 -0.969663E+02 -0.906821E+02 -0.619240E+02 +0.266898E+02 +0.000000E+00 +0.000000E+00 -0.665804E-03 -0.546404E-03 +0.000000E+00 +0.101421E-02 +0.000000E+00 +0.000000E+00
 +0.148320E+01 -0.103880E+03 -0.968997E+02 -0.905622E+02 -0.618624E+02 +0.265877E+02 +0.000000E+00 +0.000000E+00 -0.665709E-03 -0.545295E-03 +0.000000E+00 +0.101033E-02 +0.000000E+00 +0.000000E+00
 +0.148320E+01 -0.103890E+03 -0.968332E+02 -0.904423E+02 -0.618009E+02 +0.264856E+02 +0.000000E+00 +0.000000E+00 -0.665614E-03 -0.544186E-03 +0.000000E+00 +0.100645E-02 +0.000000E+00 +0.000000E+00
 +0.148320E+01 -0.103900E+03 -0.967667E+02 -0.903224E+02 -0.617394E+02 +0.263834E+02 +0.000000E+00 +0.000000E+00 -0.665518E-03 -0.543077E-03 +0.000000E+00 +0.100257E-02 +0.000000E+00 +0.000000E+00
 +0.148320E+01 -0.103910E+03 -0.967001E+02 -0.902025E+02 -0.616779E+02 +0.262813E+02 +0.000000E+00 +0.000000E+00 -0.665423E-03 -0.541968E-03 +0.000000E+00 +0.998690E-03 +0.000000E+00 +0.000000E+00
 +0.148320E+01 -0.103920E+03 -0.966336E+02 -0.900826E+02 -0.616163E+02 +0.261792E+02 +0.000000E+00 +0.000000E+00 -0.665327E-03 -0.540859E-03 +0.000000E+00 +0.994810E-03 +0.000000E+00 +0.000000E+00
 +0.148320E+01 -0.103930E+03 -0.965670E+02 -0.899627E+02 -0.615548E+02 +0.260771E+02 +0.000000E+00 +0.000000E+00 -0.665232E-03 -0.539750E-03 +0.000000E+00 +0.990929E-03 +0.000000E+00 +0.000000E+00
 +0.148320E+01 -0.103940E+03 -0.965005E+02 -0.898428E+02 -0.614933E+02 +0.259750E+02 +0.000000E+00 +0.000000E+00 -0.665137E-03 -0.538641E-03 +0.000000E+00 +0.987048E-03 +0.000000E+00 +0.000000E+00
 +0.148320E+01 -0.103950E+03 -0.964339E+02 -0.897229E+02 -0.614317E+02 +0.258728E+02 +0.000000E+00 +0.000000E+00 -0.665041E-03 -0.537532E-03 +0.000000E+00 +0.983168E-03 +0.000000E+00 +0.000000E+00
 +0.148320E+01 -0.103960E+03 -0.963674E+02 -0.896030E+02 -0.613702E+02 +0.257707E+02 +0.000000E+00 +0.000000E+00 -0.664946E-03 -0.536423E-03 +0.000000E+00 +0.979287E-03 +0.000000E+00 +0.000000E+00
 +0.148320E+01 -0.103970E+03 -0.963008E+02 -0.894831E+02 -0.613087E+02 +0.256686E+02 +0.000000E+00 +0.000000E+00 -0.664851E-03 -0.535313E-03 +0.000000E+00 +0.975406E-03 +0.000000E+00 +0.000000E+00
 +0.148320E+01 -0.103980E+03 -0.962343E+02 -0.893632E+02 -0.612472E+02 +0.255665E+02 +0.000000E+00 +0.000000E+00 -0.664755E-03 -0.534204E-03 +0.000000E+00 +0.971526E-03 +0.000000E+00 +0.000000E+00
 +0.148320E+01 -0.103990E+03 -0.961677E+02 -0.892433E+02 -0.611856E+02 +0.254643E+02 +0.000000E+00 +0.000000E+00 -0.664660E-03 -0.533095E-03 +0.000000E+00 +0.967645E-03 +0.000000E+00 +0.000000E+00
 +0.148320E+01 -0.104000E+03 -0.961012E+02 -0.891234E+02 -0.611241E+02 +0.253622E+02 +0.000000E+00 +0.000000E+00 -0.664565E-03 -0.531986E-03 +0.000000E+00 +0.963764E-03 +0.000000E+00 +0.000000E+00
 +0.148320E+01 -0.104010E+03 -0.960346E+02 -0.890035E+02 -0.610626E+02 +0.252601E+02 +0.000000E+00 +0.000000E+00 -0.664469E-03 -0.530877E-03 +0.000000E+00 +0.959884E-03 +0.000000E+00 +0.000000E+00
 +0.148320E+01 -0.104020E+03 -0.959761E+02 -0.888742E+02 -0.610006E+02 +0.251564E+02 +0.000000E+00 +0.000000E+00 -0.664534E-03 -0.529598E-03 +0.000000E+00 +0.955943E-03 +0.000000E+00 +0.000000E+00
 +0.148320E+01 -0.104030E+03 -0.959261E+02 -0.887366E+02 -0.609387E+02 +0.250532E+02 +0.000000E+00 +0.000000E+00 -0.664760E-03 -0.528161E-03 +0.000000E+00 +0.952023E-03 +0.000000E+00 +0.000000E+00
 +0.148320E+01 -0.104040E+03 -0.958784E+02 -0.886144E+02 -0.608826E+02 +0.249693E+02 +0.000000E+00 +0.000000E+00 -0.664920E-03 -0.526903E-03 +0.000000E+00 +0.948835E-03 +0.000000E+00 +0.000000E+00
 +0.148320E+01 -0.104050E+03 -0.958383E+02 -0.885001E+02 -0.608317E+02 +0.248681E+02 +0.000000E+00 +0.000000E+00 -0.665126E-03 -0.525700E-03 +0.000000E+00 +0.944986E-03 +0.000000E+00 +0.000000E+00
 +0.148320E+01 -0.104060E+03 -0.957988E+02 -0.883865E+02 -0.607812E+02 +0.247653E+02 +0.000000E+00 +0.000000E+00 -0.665336E-03 -0.524502E-03 +0.000000E+00 +0.941080E-03 +0.000000E+00 +0.000000E+00
 +0.148320E+01 -0.104070E+03 -0.957594E+02 -0.882730E+02 -0.607307E+02 +0.246625E+02 +0.000000E+00 +0.000000E+00 -0.665546E-03 -0.523303E-03 +0.000000E+00 +0.937174E-03 +0.000000E+00 +0.000000E+00
 +0.148320E+01 -0.104080E+03 -0.957199E+02 -0.881594E+02 -0.606802E+02 +0.245597E+02 +0.000000E+00 +0.000000E+00 -0.665755E-03 -0.522105E-03 +0.000000E+00 +0.933268E-03 +0.000000E+00 +0.000000E+00
 +0.148320E+01 -0.104090E+03 -0.956805E+02 -0.880458E+02 -0.606297E+02 +0.244569E+02 +0.000000E+00 +0.000000E+00 -0.665965E-03 -0.520906E-03 +0.000000E+00 +0.929362E-03 +0.000000E+00 +0.000000E+00
 +0.148320E+01 -0.104100E+03 -0.956410E+02 -0.879322E+02 -0.605792E+02 +0.243541E+02 +0.000000E+00 +0.000000E+00 -0.666175E-03 -0.519708E-03 +0.000000E+00 +0.925455E-03 +0.000000E+00 +0.000000E+00
 +0.148320E+01 -0.104110E+03 -0.956015E+02 -0.878186E+02 -0.605287E+02 +0.242513E+02 +0.000000E+00 +0.000000E+00 -0.666385E-03 -0.518509E-03 +0.000000E+00 +0.921549E-03 +0.000000E+00 +0.000000E+00
 +0.148320E+01 -0.104120E+03 -0.955621E+02 -0.877050E+02 -0.604782E+02 +0.241485E+02 +0.000000E+00 +0.000000E+00 -0.666595E-03 -0.517311E-03 +0.000000E+00 +0.917643E-03 +0.000000E+00 +0.000000E+00
 +0.148320E+01 -0.104130E+03 -0.955226E+02 -0.875915E+02 -0.604276E+02 +0.240457E+02 +0.000000E+00 +0.000000E+00 -0.666804E-03 -0.516113E-03 +0.000000E+00 +0.913737E-03 +0.000000E+00 +0.000000E+00
 +0.148320E+01 -0.104140E+03 -0.954832E+02 -0.874779E+02 -0.603771E+02 +0.239429E+02 +0.000000E+00 +0.000000E+00 -0.667014E-03 -0.514914E-03 +0.000000E+00 +0.909831E-03 +0.000000E+00 +0.000000E+00
 +0.148320E+01 -0.104150E+03 -0.954437E+02 -0.873643E+02 -0.603266E+02 +0.238401E+02 +0.000000E+00 +0.000000E+00 -0.667224E-03 -0.513716E-03 +0.000000E+00 +0.905925E-03 +0.000000E+00 +0.000000E+00
 +0.148320E+01 -0.104160E+03 -0.954042E+02 -0.872507E+02 -0.602761E+02 +0.237373E+02 +0.000000E+00 +0.000000E+00 -0.667434E-03 -0.512517E-03 +0.000000E+00 +0.902019E-03 +0.000000E+00 +0.000000E+00
 +0.148320E+01 -0.104170E+03 -0.953648E+02 -0.871371E+02 -0.602256E+02 +0.236345E+02 +0.000000E+00 +0.000000E+00 -0.667644E-03 -0.511319E-03 +0.000000E+00 +0.898112E-03 +0.000000E+00 +0.000000E+00
 +0.148320E+01 -0.104180E+03 -0.953253E+02 -0.870236E+02 -0.601751E+02 +0.235317E+02 +0.000000E+00 +0.000000E+00 -0.667854E-03 -0.510120E-03 +0.000000E+00 +0.894206E-03 +0.000000E+00 +0.000000E+00
 +0.148320E+01 -0.104190E+03 -0.952859E+02 -0.869100E+02 -0.601246E+02 +0.234289E+02 +0.000000E+00 +0.000000E+00 -0.668063E-03 -0.508922E-03 +0.000000E+00 +0.890300E-03 +0.000000E+00 +0.000000E+00
 +0.148320E+01 -0.104200E+03 -0.952464E+02 -0.867964E+02 -0.600741E+02 +0.233262E+02 +0.000000E+00 +0.000000E+00 -0.668273E-03 -0.507723E-03 +0.000000E+00 +0.886394E-03 +0.000000E+00 +0.000000E+00
 +0.148320E+01 -0.104210E+03 -0.952069E+02 -0.866828E+02 -0.600236E+02 +0.232234E+02 +0.000000E+00 +0.000000E+00 -0.668483E-03 -0.506525E-03 +0.000000E+00 +0.882488E-03 +0.000000E+00 +0.000000E+00
 +0.148320E+01 -0.104220E+03 -0.951675E+02 -0.865692E+02 -0.599731E+02 +0.231206E+02 +0.000000E+00 +0.000000E+00 -0.668693E-03 -0.505326E-03 +0.000000E+00 +0.878582E-03 +0.000000E+00 +0.000000E+00
 +0.148320E+01 -0.104230E+03 -0.951280E+02 -0.864557E+02 -0.599226E+02 +0.230178E+02 +0.000000E+00 +0.000000E+00 -0.668903E-03 -0.504128E-03 +0.000000E+00 +0.874675E-03 +0.000000E+00 +0.000000E+00
 +0.148320E+01 -0.104240E+03 -0.950893E+02 -0.863393E+02 -0.598714E+02 +0.229250E+02 +0.000000E+00 +0.000000E+00 -0.669139E-03 -0.502890E-03 +0.000000E+00 +0.871152E-03 +0.000000E+00 +0.000000E+00
 +0.148320E+01 -0.104250E+03 -0.950507E+02 -0.862222E+02 -0.598200E+02 +0.228351E+02 +0.000000E+00 +0.000000E+00 -0.669382E-03 -0.501640E-03 +0.000000E+00 +0.867735E-03 +0.000000E+00 +0.000000E+00
 +0.148320E+01 -0.104260E+03 -0.950121E+02 -0.861050E+02 -0.597687E+02 +0.227452E+02 +0.000000E+00 +0.000000E+00 -0.669626E-03 -0.500391E-03 +0.000000E+00 +0.864319E-03 +0.000000E+00 +0.000000E+00
 +0.148320E+01 -0.104270E+03 -0.949736E+02 -0.859879E+02 -0.597173E+02 +0.226553E+02 +0.000000E+00 +0.000000E+00 -0.669870E-03 -0.499142E-03 +0.000000E+00 +0.860903E-03 +0.000000E+00 +0.000000E+00
 +0.148320E+01 -0.104280E+03 -0.949350E+02 -0.858708E+02 -0.596659E+02 +0.225654E+02 +0.000000E+00 +0.000000E+00 -0.670113E-03 -0.497892E-03 +0.000000E+00 +0.857486E-03 +0.000000E+00 +0.000000E+00
 +0.148320E+01 -0.104290E+03 -0.948965E+02 -0.857536E+02 -0.596145E+02 +0.224755E+02 +0.000000E+00 +0.000000E+00 -0.670357E-03 -0.496643E-03 +0.000000E+00 +0.854070E-03 +0.000000E+00 +0.000000E+00
 +0.148320E+01 -0.104300E+03 -0.948579E+02 -0.856365E+02 -0.595632E+02 +0.223856E+02 +0.000000E+00 +0.000000E+00 -0.670600E-03 -0.495393E-03 +0.000000E+00 +0.850653E-03 +0.000000E+00 +0.000000E+00
 +0.148320E+01 -0.104310E+03 -0.948194E+02 -0.855194E+02 -0.595118E+02 +0.222957E+02 +0.000000E+00 +0.000000E+00 -0.670844E-03 -0.494144E-03 +0.000000E+00 +0.847237E-03 +0.000000E+00 +0.000000E+00
 +0.148320E+01 -0.104320E+03 -0.947808E+02 -0.854022E+02 -0.594604E+02 +0.222058E+02 +0.000000E+00 +0.000000E+00 -0.671088E-03 -0.492895E-03 +0.000000E+00 +0.843821E-03 +0.000000E+00 +0.000000E+00
 +0.148320E+01 -0.104330E+03 -0.947422E+02 -0.852851E+02 -0.594090E+02 +0.221159E+02 +0.000000E+00 +0.000000E+00 -0.671331E-03 -0.491645E-03 +0.000000E+00 +0.840404E-03 +0.000000E+00 +0.000000E+00
 +0.148320E+01 -0.104340E+03 -0.947037E+02 -0.851680E+02 -0.593576E+02 +0.220260E+02 +0.000000E+00 +0.000000E+00 -0.671575E-03 -0.490396E-03 +0.000000E+00 +0.836988E-03 +0.000000E+00 +0.000000E+00
 +0.148320E+01 -0.104350E+03 -0.946651E+02 -0.850508E+02 -0.593063E+02 +0.219361E+02 +0.000000E+00 +0.000000E+00 -0.671818E-03 -0.489147E-03 +0.000000E+00 +0.833572E-03 +0.000000E+00 +0.000000E+00
 +0.148320E+01 -0.104360E+03 -0.946266E+02 -0.849337E+02 -0.592549E+02 +0.218462E+02 +0.000000E+00 +0.000000E+00 -0.672062E-03 -0.487897E-03 +0.000000E+00 +0.830155E-03 +0.000000E+00 +0.000000E+00
 +0.148320E+01 -0.104370E+03 -0.945880E+02 -0.848165E+02 -0.592035E+02 +0.217563E+02 +0.000000E+00 +0.000000E+00 -0.672305E-03 -0.486648E-03 +0.000000E+00 +0.826739E-03 +0.000000E+00 +0.000000E+00
 +0.148320E+01 -0.104380E+03 -0.945494E+02 -0.846994E+02 -0.591521E+02 +0.216664E+02 +0.000000E+00 +0.000000E+00 -0.672549E-03 -0.485399E-03 +0.000000E+00 +0.823322E-03 +0.000000E+00 +0.000000E+00
 +0.148320E+01 -0.104390E+03 -0.945109E+02 -0.845823E+02 -0.591007E+02 +0.215765E+02 +0.000000E+00 +0.000000E+00 -0.672793E-03 -0.484149E-03 +0.000000E+00 +0.819906E-03 +0.000000E+00 +0.000000E+00
 +0.148320E+01 -0.104400E+03 -0.944723E+02 -0.844651E+02 -0.590494E+02 +0.214866E+02 +0.000000E+00 +0.000000E+00 -0.673036E-03 -0.482900E-03 +0.000000E+00 +0.816490E-03 +0.000000E+00 +0.000000E+00
 +0.148320E+01 -0.104410E+03 -0.944338E+02 -0.843480E+02 -0.589980E+02 +0.213967E+02 +0.000000E+00 +0.000000E+00 -0.673280E-03 -0.481650E-03 +0.000000E+00 +0.813073E-03 +0.000000E+00 +0.000000E+00
 +0.148320E+01 -0.104420E+03 -0.943952E+02 -0.842309E+02 -0.589466E+02 +0.213068E+02 +0.000000E+00 +0.000000E+00 -0.673523E-03 -0.480401E-03 +0.000000E+00 +0.809657E-03 +0.000000E+00 +0.000000E+00
 +0.148320E+01 -0.104430E+03 -0.943566E+02 -0.841137E+02 -0.588952E+02 +0.212169E+02 +0.000000E+00 +0.000000E+00 -0.673767E-03 -0.479152E-03 +0.000000E+00 +0.806240E-03 +0.000000E+00 +0.000000E+00
 +0.148320E+01 -0.104440E+03 -0.943181E+02 -0.839966E+02 -0.588439E+02 +0.211270E+02 +0.000000E+00 +0.000000E+00 -0.674011E-03 -0.477902E-03 +0.000000E+00 +0.802824E-03 +0.000000E+00 +0.000000E+00
 +0.148320E+01 -0.104450E+03 -0.942792E+02 -0.838790E+02 -0.587922E+02 +0.210368E+02 +0.000000E+00 +0.000000E+00 -0.674253E-03 -0.476648E-03 +0.000000E+00 +0.799397E-03 +0.000000E+00 +0.000000E+00
 +0.148320E+01 -0.104460E+03 -0.942330E+02 -0.837489E+02 -0.587340E+02 +0.209399E+02 +0.000000E+00 +0.000000E+00 -0.674480E-03 -0.475283E-03 +0.000000E+00 +0.795715E-03 +0.000000E+00 +0.000000E+00
 +0.148320E+01 -0.104470E+03 -0.941867E+02 -0.836188E+02 -0.586758E+02 +0.208430E+02 +0.000000E+00 +0.000000E+00 -0.674707E-03 -0.473917E-03 +0.000000E+00 +0.792033E-03 +0.000000E+00 +0.000000E+00
 +0.148320E+01 -0.104480E+03 -0.941405E+02 -0.834887E+02 -0.586176E+02 +0.207461E+02 +0.000000E+00 +0.000000E+00 -0.674934E-03 -0.472551E-03 +0.000000E+00 +0.788352E-03 +0.000000E+00 +0.000000E+00
 +0.148320E+01 -0.104490E+03 -0.940942E+02 -0.833587E+02 -0.585594E+02 +0.206492E+02 +0.000000E+00 +0.000000E+00 -0.675160E-03 -0.471185E-03 +0.000000E+00 +0.784670E-03 +0.000000E+00 +0.000000E+00
 +0.148320E+01 -0.104500E+03 -0.940479E+02 -0.832286E+02 -0.585013E+02 +0.205523E+02 +0.000000E+00 +0.000000E+00 -0.675387E-03 -0.469820E-03 +0.000000E+00 +0.780988E-03 +0.000000E+00 +0.000000E+00
 +0.148320E+01 -0.104510E+03 -0.940017E+02 -0.830985E+02 -0.584431E+02 +0.204554E+02 +0.000000E+00 +0.000000E+00 -0.675614E-03 -0.468454E-03 +0.000000E+00 +0.777306E-03 +0.000000E+00 +0.000000E+00
 +0.148320E+01 -0.104520E+03 -0.939554E+02 -0.829685E+02 -0.583849E+02 +0.203585E+02 +0.000000E+00 +0.000000E+00 -0.675840E-03 -0.467088E-03 +0.000000E+00 +0.773624E-03 +0.000000E+00 +0.000000E+00
 +0.148320E+01 -0.104530E+03 -0.939092E+02 -0.828384E+02 -0.583267E+02 +0.202616E+02 +0.000000E+00 +0.000000E+00 -0.676067E-03 -0.465722E-03 +0.000000E+00 +0.769942E-03 +0.000000E+00 +0.000000E+00
 +0.148320E+01 -0.104540E+03 -0.938629E+02 -0.827083E+02 -0.582685E+02 +0.201648E+02 +0.000000E+00 +0.000000E+00 -0.676294E-03 -0.464356E-03 +0.000000E+00 +0.766261E-03 +0.000000E+00 +0.000000E+00
 +0.148320E+01 -0.104550E+03 -0.938167E+02 -0.825783E+02 -0.582103E+02 +0.200679E+02 +0.000000E+00 +0.000000E+00 -0.676520E-03 -0.462991E-03 +0.000000E+00 +0.762579E-03 +0.000000E+00 +0.000000E+00
 +0.148320E+01 -0.104560E+03 -0.937704E+02 -0.824482E+02 -0.581521E+02 +0.199710E+02 +0.000000E+00 +0.000000E+00 -0.676747E-03 -0.461625E-03 +0.000000E+00 +0.758897E-03 +0.000000E+00 +0.000000E+00
 +0.148320E+01 -0.104570E+03 -0.937242E+02 -0.823181E+02 -0.580940E+02 +0.198741E+02 +0.000000E+00 +0.000000E+00 -0.676974E-03 -0.460259E-03 +0.000000E+00 +0.755215E-03 +0.000000E+00 +0.000000E+00
 +0.148320E+01 -0.104580E+03 -0.936779E+02 -0.821880E+02 -0.580358E+02 +0.197772E+02 +0.000000E+00 +0.000000E+00 -0.677201E-03 -0.458893E-03 +0.000000E+00 +0.751533E-03 +0.000000E+00 +0.000000E+00
 +0.148320E+01 -0.104590E+03 -0.936316E+02 -0.820580E+02 -0.579776E+02 +0.196803E+02 +0.000000E+00 +0.000000E+00 -0.677427E-03 -0.457528E-03 +0.000000E+00 +0.747851E-03 +0.000000E+00 +0.000000E+00
 +0.148320E+01 -0.104600E+03 -0.935854E+02 -0.819279E+02 -0.579194E+02 +0.195834E+02 +0.000000E+00 +0.000000E+00 -0.677654E-03 -0.456162E-03 +0.000000E+00 +0.744170E-03 +0.000000E+00 +0.000000E+00
 +0.148320E+01 -0.104610E+03 -0.935391E+02 -0.817978E+02 -0.578612E+02 +0.194865E+02 +0.000000E+00 +0.000000E+00 -0.677881E-03 -0.454796E-03 +0.000000E+00 +0.740488E-03 +0.000000E+00 +0.000000E+00
 +0.148320E+01 -0.104620E+03 -0.934929E+02 -0.816678E+02 -0.578030E+02 +0.193896E+02 +0.000000E+00 +0.000000E+00 -0.678107E-03 -0.453430E-03 +0.000000E+00 +0.736806E-03 +0.000000E+00 +0.000000E+00
 +0.148320E+01 -0.104630E+03 -0.934466E+02 -0.815377E+02 -0.577448E+02 +0.192927E+02 +0.000000E+00 +0.000000E+00 -0.678334E-03 -0.452065E-03 +0.000000E+00 +0.733124E-03 +0.000000E+00 +0.000000E+00
 +0.148320E+01 -0.104640E+03 -0.934004E+02 -0.814076E+02 -0.576866E+02 +0.191958E+02 +0.000000E+00 +0.000000E+00 -0.678561E-03 -0.450699E-03 +0.000000E+00 +0.729442E-03 +0.000000E+00 +0.000000E+00
 +0.148320E+01 -0.104650E+03 -0.933541E+02 -0.812776E+02 -0.576285E+02 +0.190990E+02 +0.000000E+00 +0.000000E+00 -0.678788E-03 -0.449333E-03 +0.000000E+00 +0.725760E-03 +0.000000E+00 +0.000000E+00
 +0.148320E+01 -0.104660E+03 -0.933079E+02 -0.811475E+02 -0.575703E+02 +0.190021E+02 +0.000000E+00 +0.000000E+00 -0.679014E-03 -0.447967E-03 +0.000000E+00 +0.722079E-03 +0.000000E+00 +0.000000E+00
 +0.148320E+01 -0.104670E+03 -0.932616E+02 -0.810174E+02 -0.575121E+02 +0.189052E+02 +0.000000E+00 +0.000000E+00 -0.679241E-03 -0.446602E-03 +0.000000E+00 +0.718397E-03 +0.000000E+00 +0.000000E+00
 +0.148320E+01 -0.104680E+03 -0.932153E+02 -0.808874E+02 -0.574539E+02 +0.188083E+02 +0.000000E+00 +0.000000E+00 -0.679468E-03 -0.445236E-03 +0.000000E+00 +0.714715E-03 +0.000000E+00 +0.000000E+00
 +0.148320E+01 -0.104690E+03 -0.931691E+02 -0.807573E+02 -0.573957E+02 +0.187114E+02 +0.000000E+00 +0.000000E+00 -0.679694E-03 -0.443870E-03 +0.000000E+00 +0.711033E-03 +0.000000E+00 +0.000000E+00
 +0.148320E+01 -0.104700E+03 -0.931228E+02 -0.806272E+02 -0.573375E+02 +0.186145E+02 +0.000000E+00 +0.000000E+00 -0.679921E-03 -0.442504E-03 +0.000000E+00 +0.707351E-03 +0.000000E+00 +0.000000E+00
 +0.148320E+01 -0.104710E+03 -0.930766E+02 -0.804971E+02 -0.572793E+02 +0.185176E+02 +0.000000E+00 +0.000000E+00 -0.680148E-03 -0.441138E-03 +0.000000E+00 +0.703669E-03 +0.000000E+00 +0.000000E+00
 +0.148320E+01 -0.104720E+03 -0.930303E+02 -0.803671E+02 -0.572211E+02 +0.184207E+02 +0.000000E+00 +0.000000E+00 -0.680374E-03 -0.439773E-03 +0.000000E+00 +0.699988E-03 +0.000000E+00 +0.000000E+00
 +0.148320E+01 -0.104730E+03 -0.929841E+02 -0.802370E+02 -0.571630E+02 +0.183238E+02 +0.000000E+00 +0.000000E+00 -0.680601E-03 -0.438407E-03 +0.000000E+00 +0.696306E-03 +0.000000E+00 +0.000000E+00
 +0.148320E+01 -0.104740E+03 -0.929378E+02 -0.801069E+02 -0.571048E+02 +0.182269E+02 +0.000000E+00 +0.000000E+00 -0.680828E-03 -0.437041E-03 +0.000000E+00 +0.692624E-03 +0.000000E+00 +0.000000E+00
 +0.148320E+01 -0.104750E+03 -0.929055E+02 -0.800298E+02 -0.570687E+02 +0.181452E+02 +0.000000E+00 +0.000000E+00 -0.680900E-03 -0.436262E-03 +0.000000E+00 +0.689519E-03 +0.000000E+00 +0.000000E+00
 +0.148320E+01 -0.104760E+03 -0.928789E+02 -0.799742E+02 -0.570415E+02 +0.180697E+02 +0.000000E+00 +0.000000E+00 -0.680910E-03 -0.435721E-03 +0.000000E+00 +0.686648E-03 +0.000000E+00 +0.000000E+00
 +0.148320E+01 -0.104770E+03 -0.928522E+02 -0.799185E+02 -0.570143E+02 +0.179941E+02 +0.000000E+00 +0.000000E+00 -0.680920E-03 -0.435179E-03 +0.000000E+00 +0.683777E-03 +0.000000E+00 +0.000000E+00
 +0.148320E+01 -0.104780E+03 -0.928256E+02 -0.798629E+02 -0.569872E+02 +0.179186E+02 +0.000000E+00 +0.000000E+00 -0.680929E-03 -0.434638E-03 +0.000000E+00 +0.680906E-03 +0.000000E+00 +0.000000E+00
 +0.148320E+01 -0.104790E+03 -0.927989E+02 -0.798072E+02 -0.569600E+02 +0.178430E+02 +0.000000E+00 +0.000000E+00 -0.680939E-03 -0.434097E-03 +0.000000E+00 +0.678035E-03 +0.000000E+00 +0.000000E+00
 +0.148320E+01 -0.104800E+03 -0.927723E+02 -0.797516E+02 -0.569329E+02 +0.177675E+02 +0.000000E+00 +0.000000E+00 -0.680949E-03 -0.433555E-03 +0.000000E+00 +0.675164E-03 +0.000000E+00 +0.000000E+00
 +0.148320E+01 -0.104810E+03 -0.927456E+02 -0.796959E+02 -0.569057E+02 +0.176919E+02 +0.000000E+00 +0.000000E+00 -0.680958E-03 -0.433014E-03 +0.000000E+00 +0.672293E-03 +0.000000E+00 +0.000000E+00
 +0.148320E+01 -0.104820E+03 -0.927190E+02 -0.796403E+02 -0.568785E+02 +0.176164E+02 +0.000000E+00 +0.000000E+00 -0.680968E-03 -0.432473E-03 +0.000000E+00 +0.669422E-03 +0.000000E+00 +0.000000E+00
 +0.148320E+01 -0.104830E+03 -0.926923E+02 -0.795846E+02 -0.568514E+02 +0.175408E+02 +0.000000E+00 +0.000000E+00 -0.680978E-03 -0.431931E-03 +0.000000E+00 +0.666551E-03 +0.000000E+00 +0.000000E+00
 +0.148320E+01 -0.104840E+03 -0.926657E+02 -0.795290E+02 -0.568242E+02 +0.174653E+02 +0.000000E+00 +0.000000E+00 -0.680987E-03 -0.431390E-03 +0.000000E+00 +0.663680E-03 +0.000000E+00 +0.000000E+00
 +0.148320E+01 -0.104850E+03 -0.926390E+02 -0.794733E+02 -0.567971E+02 +0.173897E+02 +0.000000E+00 +0.000000E+00 -0.680997E-03 -0.430848E-03 +0.000000E+00 +0.660809E-03 +0.000000E+00 +0.000000E+00
 +0.148320E+01 -0.104860E+03 -0.926124E+02 -0.794176E+02 -0.567699E+02 +0.173142E+02 +0.000000E+00 +0.000000E+00 -0.681007E-03 -0.430307E-03 +0.000000E+00 +0.657938E-03 +0.000000E+00 +0.000000E+00
 +0.148320E+01 -0.104870E+03 -0.925857E+02 -0.793620E+02 -0.567427E+02 +0.172386E+02 +0.000000E+00 +0.000000E+00 -0.681017E-03 -0.429766E-03 +0.000000E+00 +0.655067E-03 +0.000000E+00 +0.000000E+00
 +0.148320E+01 -0.104880E+03 -0.925591E+02 -0.793063E+02 -0.567156E+02 +0.171631E+02 +0.000000E+00 +0.000000E+00 -0.681026E-03 -0.429224E-03 +0.000000E+00 +0.652196E-03 +0.000000E+00 +0.000000E+00
 +0.148320E+01 -0.104890E+03 -0.925324E+02 -0.792507E+02 -0.566884E+02 +0.170875E+02 +0.000000E+00 +0.000000E+00 -0.681036E-03 -0.428683E-03 +0.000000E+00 +0.649325E-03 +0.000000E+00 +0.000000E+00
 +0.148320E+01 -0.104900E+03 -0.925058E+02 -0.791950E+02 -0.566613E+02 +0.170120E+02 +0.000000E+00 +0.000000E+00 -0.681046E-03 -0.428142E-03 +0.000000E+00 +0.646454E-03 +0.000000E+00 +0.000000E+00
 +0.148320E+01 -0.104910E+03 -0.924791E+02 -0.791394E+02 -0.566341E+02 +0.169364E+02 +0.000000E+00 +0.000000E+00 -0.681055E-03 -0.427600E-03 +0.000000E+00 +0.643583E-03 +0.000000E+00 +0.000000E+00
 +0.148320E+01 -0.104920E+03 -0.924525E+02 -0.790837E+02 -0.566069E+02 +0.168609E+02 +0.000000E+00 +0.000000E+00 -0.681065E-03 -0.427059E-03 +0.000000E+00 +0.640712E-03 +0.000000E+00 +0.000000E+00
 +0.148320E+01 -0.104930E+03 -0.924258E+02 -0.790281E+02 -0.565798E+02 +0.167853E+02 +0.000000E+00 +0.000000E+00 -0.681075E-03 -0.426518E-03 +0.000000E+00 +0.637841E-03 +0.000000E+00 +0.000000E+00
 +0.148320E+01 -0.104940E+03 -0.923992E+02 -0.789724E+02 -0.565526E+02 +0.167097E+02 +0.000000E+00 +0.000000E+00 -0.681084E-03 -0.425976E-03 +0.000000E+00 +0.634970E-03 +0.000000E+00 +0.000000E+00
 +0.148320E+01 -0.104950E+03 -0.923725E+02 -0.789168E+02 -0.565255E+02 +0.166342E+02 +0.000000E+00 +0.000000E+00 -0.681094E-03 -0.425435E-03 +0.000000E+00 +0.632099E-03 +0.000000E+00 +0.000000E+00
 +0.148320E+01 -0.104960E+03 -0.923459E+02 -0.788611E+02 -0.564983E+02 +0.165586E+02 +0.000000E+00 +0.000000E+00 -0.681104E-03 -0.424893E-03 +0.000000E+00 +0.629229E-03 +0.000000E+00 +0.000000E+00
 +0.148320E+01 -0.104970E+03 -0.923192E+02 -0.788055E+02 -0.564712E+02 +0.164831E+02 +0.000000E+00 +0.000000E+00 -0.681114E-03 -0.424352E-03 +0.000000E+00 +0.626358E-03 +0.000000E+00 +0.000000E+00
 +0.148320E+01 -0.104980E+03 -0.922926E+02 -0.787498E+02 -0.564440E+02 +0.164075E+02 +0.000000E+00 +0.000000E+00 -0.681123E-03 -0.423811E-03 +0.000000E+00 +0.623487E-03 +0.000000E+00 +0.000000E+00
 +0.148320E+01 -0.104990E+03 -0.922814E+02 -0.786711E+02 -0.564143E+02 +0.163380E+02 +0.000000E+00 +0.000000E+00 -0.681475E-03 -0.422878E-03 +0.000000E+00 +0.620843E-03 +0.000000E+00 +0.000000E+00
