%X Y s_xx s_yy s_zz s_xy s_xz s_yz e_xx e_yy e_zz e_xy e_xz e_yz
 +0.110366E+01 -0.100000E+03 -0.404808E+03 -0.256673E+02 -0.142057E+03 +0.337058E+02 +0.000000E+00 +0.000000E+00 -0.499227E-02 +0.221140E-02 +0.000000E+00 +0.128082E-02 +0.000000E+00 +0.000000E+00
 +0.110366E+01 -0.100010E+03 -0.396803E+03 -0.312431E+02 -0.141255E+03 +0.377313E+02 +0.000000E+00 +0.000000E+00 -0.485541E-02 +0.209023E-02 +0.000000E+00 +0.143379E-02 +0.000000E+00 +0.000000E+00
 +0.110366E+01 -0.100020E+03 -0.388802E+03 -0.368086E+02 -0.140451E+03 +0.417744E+02 +0.000000E+00 +0.000000E+00 -0.471866E-02 +0.196921E-02 +0.000000E+00 +0.158743E-02 +0.000000E+00 +0.000000E+00
 +0.110366E+01 -0.100030E+03 -0.381303E+03 -0.404702E+02 -0.139185E+03 +0.490404E+02 +0.000000E+00 +0.000000E+00 -0.460024E-02 +0.187559E-02 +0.000000E+00 +0.186354E-02 +0.000000E+00 +0.000000E+00
 +0.110366E+01 -0.100040E+03 -0.373824E+03 -0.441254E+02 -0.137923E+03 +0.562753E+02 +0.000000E+00 +0.000000E+00 -0.448212E-02 +0.178216E-02 +0.000000E+00 +0.213846E-02 +0.000000E+00 +0.000000E+00
 +0.110366E+01 -0.100050E+03 -0.368112E+03 -0.472005E+02 -0.137053E+03 +0.606853E+02 +0.000000E+00 +0.000000E+00 -0.439011E-02 +0.170720E-02 +0.000000E+00 +0.230604E-02 +0.000000E+00 +0.000000E+00
 +0.110366E+01 -0.100060E+03 -0.362411E+03 -0.502686E+02 -0.136184E+03 +0.650745E+02 +0.000000E+00 +0.000000E+00 -0.429830E-02 +0.163240E-02 +0.000000E+00 +0.247283E-02 +0.000000E+00 +0.000000E+00
 +0.110366E+01 -0.100070E+03 -0.357422E+03 -0.529131E+02 -0.135411E+03 +0.682074E+02 +0.000000E+00 +0.000000E+00 -0.421822E-02 +0.156745E-02 +0.000000E+00 +0.259188E-02 +0.000000E+00 +0.000000E+00
 +0.110366E+01 -0.100080E+03 -0.352444E+03 -0.555504E+02 -0.134638E+03 +0.713232E+02 +0.000000E+00 +0.000000E+00 -0.413831E-02 +0.150267E-02 +0.000000E+00 +0.271028E-02 +0.000000E+00 +0.000000E+00
 +0.110366E+01 -0.100090E+03 -0.347955E+03 -0.578689E+02 -0.133922E+03 +0.736717E+02 +0.000000E+00 +0.000000E+00 -0.406663E-02 +0.144501E-02 +0.000000E+00 +0.279953E-02 +0.000000E+00 +0.000000E+00
 +0.110366E+01 -0.100100E+03 -0.343476E+03 -0.601803E+02 -0.133207E+03 +0.760056E+02 +0.000000E+00 +0.000000E+00 -0.399512E-02 +0.138750E-02 +0.000000E+00 +0.288821E-02 +0.000000E+00 +0.000000E+00
 +0.110366E+01 -0.100110E+03 -0.339352E+03 -0.622378E+02 -0.132525E+03 +0.778133E+02 +0.000000E+00 +0.000000E+00 -0.392972E-02 +0.133545E-02 +0.000000E+00 +0.295690E-02 +0.000000E+00 +0.000000E+00
 +0.110366E+01 -0.100120E+03 -0.335237E+03 -0.642884E+02 -0.131843E+03 +0.796080E+02 +0.000000E+00 +0.000000E+00 -0.386448E-02 +0.128355E-02 +0.000000E+00 +0.302511E-02 +0.000000E+00 +0.000000E+00
 +0.110366E+01 -0.100130E+03 -0.331408E+03 -0.661300E+02 -0.131188E+03 +0.810194E+02 +0.000000E+00 +0.000000E+00 -0.380419E-02 +0.123609E-02 +0.000000E+00 +0.307874E-02 +0.000000E+00 +0.000000E+00
 +0.110366E+01 -0.100140E+03 -0.327588E+03 -0.679646E+02 -0.130532E+03 +0.824193E+02 +0.000000E+00 +0.000000E+00 -0.374406E-02 +0.118879E-02 +0.000000E+00 +0.313193E-02 +0.000000E+00 +0.000000E+00
 +0.110366E+01 -0.100150E+03 -0.324006E+03 -0.696228E+02 -0.129898E+03 +0.835258E+02 +0.000000E+00 +0.000000E+00 -0.368807E-02 +0.114522E-02 +0.000000E+00 +0.317398E-02 +0.000000E+00 +0.000000E+00
 +0.110366E+01 -0.100160E+03 -0.320434E+03 -0.712741E+02 -0.129264E+03 +0.846219E+02 +0.000000E+00 +0.000000E+00 -0.363224E-02 +0.110180E-02 +0.000000E+00 +0.321563E-02 +0.000000E+00 +0.000000E+00
 +0.110366E+01 -0.100170E+03 -0.317067E+03 -0.727737E+02 -0.128647E+03 +0.854876E+02 +0.000000E+00 +0.000000E+00 -0.357997E-02 +0.106160E-02 +0.000000E+00 +0.324853E-02 +0.000000E+00 +0.000000E+00
 +0.110366E+01 -0.100180E+03 -0.313709E+03 -0.742666E+02 -0.128032E+03 +0.863437E+02 +0.000000E+00 +0.000000E+00 -0.352787E-02 +0.102154E-02 +0.000000E+00 +0.328106E-02 +0.000000E+00 +0.000000E+00
 +0.110366E+01 -0.100190E+03 -0.310533E+03 -0.756273E+02 -0.127433E+03 +0.870146E+02 +0.000000E+00 +0.000000E+00 -0.347890E-02 +0.984305E-03 +0.000000E+00 +0.330655E-02 +0.000000E+00 +0.000000E+00
 +0.110366E+01 -0.100200E+03 -0.307365E+03 -0.769813E+02 -0.126834E+03 +0.876768E+02 +0.000000E+00 +0.000000E+00 -0.343009E-02 +0.947209E-03 +0.000000E+00 +0.333172E-02 +0.000000E+00 +0.000000E+00
 +0.110366E+01 -0.100210E+03 -0.304360E+03 -0.782190E+02 -0.126251E+03 +0.881879E+02 +0.000000E+00 +0.000000E+00 -0.338406E-02 +0.912607E-03 +0.000000E+00 +0.335114E-02 +0.000000E+00 +0.000000E+00
 +0.110366E+01 -0.100220E+03 -0.301363E+03 -0.794502E+02 -0.125668E+03 +0.886911E+02 +0.000000E+00 +0.000000E+00 -0.333820E-02 +0.878146E-03 +0.000000E+00 +0.337026E-02 +0.000000E+00 +0.000000E+00
 +0.110366E+01 -0.100230E+03 -0.298512E+03 -0.805780E+02 -0.125100E+03 +0.890695E+02 +0.000000E+00 +0.000000E+00 -0.329484E-02 +0.845915E-03 +0.000000E+00 +0.338464E-02 +0.000000E+00 +0.000000E+00
 +0.110366E+01 -0.100240E+03 -0.295671E+03 -0.816995E+02 -0.124532E+03 +0.894406E+02 +0.000000E+00 +0.000000E+00 -0.325164E-02 +0.813823E-03 +0.000000E+00 +0.339874E-02 +0.000000E+00 +0.000000E+00
 +0.110366E+01 -0.100250E+03 -0.292962E+03 -0.827287E+02 -0.123978E+03 +0.897078E+02 +0.000000E+00 +0.000000E+00 -0.321070E-02 +0.783737E-03 +0.000000E+00 +0.340890E-02 +0.000000E+00 +0.000000E+00
 +0.110366E+01 -0.100260E+03 -0.290263E+03 -0.837517E+02 -0.123425E+03 +0.899683E+02 +0.000000E+00 +0.000000E+00 -0.316992E-02 +0.753790E-03 +0.000000E+00 +0.341880E-02 +0.000000E+00 +0.000000E+00
 +0.110366E+01 -0.100270E+03 -0.287685E+03 -0.846918E+02 -0.122884E+03 +0.901416E+02 +0.000000E+00 +0.000000E+00 -0.313121E-02 +0.725656E-03 +0.000000E+00 +0.342538E-02 +0.000000E+00 +0.000000E+00
 +0.110366E+01 -0.100280E+03 -0.285116E+03 -0.856258E+02 -0.122345E+03 +0.903089E+02 +0.000000E+00 +0.000000E+00 -0.309265E-02 +0.697659E-03 +0.000000E+00 +0.343174E-02 +0.000000E+00 +0.000000E+00
 +0.110366E+01 -0.100290E+03 -0.282658E+03 -0.864852E+02 -0.121817E+03 +0.904026E+02 +0.000000E+00 +0.000000E+00 -0.305598E-02 +0.671311E-03 +0.000000E+00 +0.343530E-02 +0.000000E+00 +0.000000E+00
 +0.110366E+01 -0.100300E+03 -0.280210E+03 -0.873387E+02 -0.121291E+03 +0.904908E+02 +0.000000E+00 +0.000000E+00 -0.301946E-02 +0.645096E-03 +0.000000E+00 +0.343865E-02 +0.000000E+00 +0.000000E+00
 +0.110366E+01 -0.100310E+03 -0.277865E+03 -0.881246E+02 -0.120776E+03 +0.905167E+02 +0.000000E+00 +0.000000E+00 -0.298468E-02 +0.620384E-03 +0.000000E+00 +0.343964E-02 +0.000000E+00 +0.000000E+00
 +0.110366E+01 -0.100320E+03 -0.275528E+03 -0.889048E+02 -0.120263E+03 +0.905376E+02 +0.000000E+00 +0.000000E+00 -0.295004E-02 +0.595804E-03 +0.000000E+00 +0.344043E-02 +0.000000E+00 +0.000000E+00
 +0.110366E+01 -0.100330E+03 -0.273287E+03 -0.896238E+02 -0.119761E+03 +0.905055E+02 +0.000000E+00 +0.000000E+00 -0.291700E-02 +0.572598E-03 +0.000000E+00 +0.343921E-02 +0.000000E+00 +0.000000E+00
 +0.110366E+01 -0.100340E+03 -0.271055E+03 -0.903371E+02 -0.119259E+03 +0.904688E+02 +0.000000E+00 +0.000000E+00 -0.288411E-02 +0.549520E-03 +0.000000E+00 +0.343782E-02 +0.000000E+00 +0.000000E+00
 +0.110366E+01 -0.100350E+03 -0.268910E+03 -0.909949E+02 -0.118769E+03 +0.903870E+02 +0.000000E+00 +0.000000E+00 -0.285269E-02 +0.527703E-03 +0.000000E+00 +0.343471E-02 +0.000000E+00 +0.000000E+00
 +0.110366E+01 -0.100360E+03 -0.266775E+03 -0.916471E+02 -0.118279E+03 +0.903011E+02 +0.000000E+00 +0.000000E+00 -0.282142E-02 +0.506010E-03 +0.000000E+00 +0.343144E-02 +0.000000E+00 +0.000000E+00
 +0.110366E+01 -0.100370E+03 -0.264721E+03 -0.922488E+02 -0.117800E+03 +0.901766E+02 +0.000000E+00 +0.000000E+00 -0.279150E-02 +0.485475E-03 +0.000000E+00 +0.342671E-02 +0.000000E+00 +0.000000E+00
 +0.110366E+01 -0.100380E+03 -0.262676E+03 -0.928452E+02 -0.117322E+03 +0.900483E+02 +0.000000E+00 +0.000000E+00 -0.276173E-02 +0.465062E-03 +0.000000E+00 +0.342183E-02 +0.000000E+00 +0.000000E+00
 +0.110366E+01 -0.100390E+03 -0.260708E+03 -0.933954E+02 -0.116854E+03 +0.898870E+02 +0.000000E+00 +0.000000E+00 -0.273322E-02 +0.445714E-03 +0.000000E+00 +0.341571E-02 +0.000000E+00 +0.000000E+00
 +0.110366E+01 -0.100400E+03 -0.258748E+03 -0.939405E+02 -0.116387E+03 +0.897223E+02 +0.000000E+00 +0.000000E+00 -0.270485E-02 +0.426486E-03 +0.000000E+00 +0.340945E-02 +0.000000E+00 +0.000000E+00
 +0.110366E+01 -0.100410E+03 -0.256858E+03 -0.944434E+02 -0.115930E+03 +0.895294E+02 +0.000000E+00 +0.000000E+00 -0.267765E-02 +0.408238E-03 +0.000000E+00 +0.340212E-02 +0.000000E+00 +0.000000E+00
 +0.110366E+01 -0.100420E+03 -0.254978E+03 -0.949413E+02 -0.115473E+03 +0.893334E+02 +0.000000E+00 +0.000000E+00 -0.265058E-02 +0.390107E-03 +0.000000E+00 +0.339467E-02 +0.000000E+00 +0.000000E+00
 +0.110366E+01 -0.100430E+03 -0.253163E+03 -0.954007E+02 -0.115026E+03 +0.891131E+02 +0.000000E+00 +0.000000E+00 -0.262460E-02 +0.372882E-03 +0.000000E+00 +0.338630E-02 +0.000000E+00 +0.000000E+00
 +0.110366E+01 -0.100440E+03 -0.251357E+03 -0.958553E+02 -0.114580E+03 +0.888901E+02 +0.000000E+00 +0.000000E+00 -0.259876E-02 +0.355770E-03 +0.000000E+00 +0.337782E-02 +0.000000E+00 +0.000000E+00
 +0.110366E+01 -0.100450E+03 -0.249612E+03 -0.962745E+02 -0.114143E+03 +0.886463E+02 +0.000000E+00 +0.000000E+00 -0.257392E-02 +0.339495E-03 +0.000000E+00 +0.336856E-02 +0.000000E+00 +0.000000E+00
 +0.110366E+01 -0.100460E+03 -0.247876E+03 -0.966891E+02 -0.113707E+03 +0.883999E+02 +0.000000E+00 +0.000000E+00 -0.254922E-02 +0.323331E-03 +0.000000E+00 +0.335920E-02 +0.000000E+00 +0.000000E+00
 +0.110366E+01 -0.100470E+03 -0.246198E+03 -0.970713E+02 -0.113279E+03 +0.881357E+02 +0.000000E+00 +0.000000E+00 -0.252546E-02 +0.307941E-03 +0.000000E+00 +0.334916E-02 +0.000000E+00 +0.000000E+00
 +0.110366E+01 -0.100480E+03 -0.244527E+03 -0.974491E+02 -0.112852E+03 +0.878693E+02 +0.000000E+00 +0.000000E+00 -0.250183E-02 +0.292660E-03 +0.000000E+00 +0.333903E-02 +0.000000E+00 +0.000000E+00
 +0.110366E+01 -0.100490E+03 -0.242911E+03 -0.977970E+02 -0.112434E+03 +0.875875E+02 +0.000000E+00 +0.000000E+00 -0.247907E-02 +0.278096E-03 +0.000000E+00 +0.332833E-02 +0.000000E+00 +0.000000E+00
 +0.110366E+01 -0.100500E+03 -0.241303E+03 -0.981407E+02 -0.112016E+03 +0.873037E+02 +0.000000E+00 +0.000000E+00 -0.245644E-02 +0.263637E-03 +0.000000E+00 +0.331754E-02 +0.000000E+00 +0.000000E+00
 +0.110366E+01 -0.100510E+03 -0.239745E+03 -0.984569E+02 -0.111607E+03 +0.870067E+02 +0.000000E+00 +0.000000E+00 -0.243463E-02 +0.249844E-03 +0.000000E+00 +0.330626E-02 +0.000000E+00 +0.000000E+00
 +0.110366E+01 -0.100520E+03 -0.238195E+03 -0.987690E+02 -0.111198E+03 +0.867079E+02 +0.000000E+00 +0.000000E+00 -0.241294E-02 +0.236154E-03 +0.000000E+00 +0.329490E-02 +0.000000E+00 +0.000000E+00
 +0.110366E+01 -0.100530E+03 -0.236693E+03 -0.990559E+02 -0.110797E+03 +0.863979E+02 +0.000000E+00 +0.000000E+00 -0.239202E-02 +0.223083E-03 +0.000000E+00 +0.328312E-02 +0.000000E+00 +0.000000E+00
 +0.110366E+01 -0.100540E+03 -0.235198E+03 -0.993388E+02 -0.110397E+03 +0.860862E+02 +0.000000E+00 +0.000000E+00 -0.237122E-02 +0.210111E-03 +0.000000E+00 +0.327127E-02 +0.000000E+00 +0.000000E+00
 +0.110366E+01 -0.100550E+03 -0.233748E+03 -0.995984E+02 -0.110004E+03 +0.857648E+02 +0.000000E+00 +0.000000E+00 -0.235114E-02 +0.197716E-03 +0.000000E+00 +0.325906E-02 +0.000000E+00 +0.000000E+00
 +0.110366E+01 -0.100560E+03 -0.232306E+03 -0.998541E+02 -0.109613E+03 +0.854420E+02 +0.000000E+00 +0.000000E+00 -0.233117E-02 +0.185417E-03 +0.000000E+00 +0.324680E-02 +0.000000E+00 +0.000000E+00
 +0.110366E+01 -0.100570E+03 -0.230906E+03 -0.100088E+03 -0.109228E+03 +0.851109E+02 +0.000000E+00 +0.000000E+00 -0.231188E-02 +0.173655E-03 +0.000000E+00 +0.323422E-02 +0.000000E+00 +0.000000E+00
 +0.110366E+01 -0.100580E+03 -0.229513E+03 -0.100319E+03 -0.108845E+03 +0.847786E+02 +0.000000E+00 +0.000000E+00 -0.229270E-02 +0.161988E-03 +0.000000E+00 +0.322159E-02 +0.000000E+00 +0.000000E+00
 +0.110366E+01 -0.100590E+03 -0.228160E+03 -0.100529E+03 -0.108467E+03 +0.844392E+02 +0.000000E+00 +0.000000E+00 -0.227415E-02 +0.150822E-03 +0.000000E+00 +0.320869E-02 +0.000000E+00 +0.000000E+00
 +0.110366E+01 -0.100600E+03 -0.226814E+03 -0.100736E+03 -0.108092E+03 +0.840986E+02 +0.000000E+00 +0.000000E+00 -0.225572E-02 +0.139747E-03 +0.000000E+00 +0.319575E-02 +0.000000E+00 +0.000000E+00
 +0.110366E+01 -0.100610E+03 -0.225505E+03 -0.100925E+03 -0.107722E+03 +0.837520E+02 +0.000000E+00 +0.000000E+00 -0.223788E-02 +0.129141E-03 +0.000000E+00 +0.318258E-02 +0.000000E+00 +0.000000E+00
 +0.110366E+01 -0.100620E+03 -0.224204E+03 -0.101110E+03 -0.107354E+03 +0.834044E+02 +0.000000E+00 +0.000000E+00 -0.222015E-02 +0.118625E-03 +0.000000E+00 +0.316937E-02 +0.000000E+00 +0.000000E+00
 +0.110366E+01 -0.100630E+03 -0.222938E+03 -0.101278E+03 -0.106991E+03 +0.830518E+02 +0.000000E+00 +0.000000E+00 -0.220298E-02 +0.108546E-03 +0.000000E+00 +0.315597E-02 +0.000000E+00 +0.000000E+00
 +0.110366E+01 -0.100640E+03 -0.221679E+03 -0.101443E+03 -0.106630E+03 +0.826982E+02 +0.000000E+00 +0.000000E+00 -0.218592E-02 +0.985548E-04 +0.000000E+00 +0.314253E-02 +0.000000E+00 +0.000000E+00
 +0.110366E+01 -0.100650E+03 -0.220453E+03 -0.101592E+03 -0.106275E+03 +0.823404E+02 +0.000000E+00 +0.000000E+00 -0.216938E-02 +0.889744E-04 +0.000000E+00 +0.312894E-02 +0.000000E+00 +0.000000E+00
 +0.110366E+01 -0.100660E+03 -0.219234E+03 -0.101738E+03 -0.105921E+03 +0.819818E+02 +0.000000E+00 +0.000000E+00 -0.215296E-02 +0.794784E-04 +0.000000E+00 +0.311531E-02 +0.000000E+00 +0.000000E+00
 +0.110366E+01 -0.100670E+03 -0.218047E+03 -0.101868E+03 -0.105572E+03 +0.816197E+02 +0.000000E+00 +0.000000E+00 -0.213702E-02 +0.703682E-04 +0.000000E+00 +0.310155E-02 +0.000000E+00 +0.000000E+00
 +0.110366E+01 -0.100680E+03 -0.216866E+03 -0.101996E+03 -0.105225E+03 +0.812568E+02 +0.000000E+00 +0.000000E+00 -0.212119E-02 +0.613403E-04 +0.000000E+00 +0.308776E-02 +0.000000E+00 +0.000000E+00
 +0.110366E+01 -0.100690E+03 -0.215716E+03 -0.102110E+03 -0.104883E+03 +0.808910E+02 +0.000000E+00 +0.000000E+00 -0.210583E-02 +0.526750E-04 +0.000000E+00 +0.307386E-02 +0.000000E+00 +0.000000E+00
 +0.110366E+01 -0.100700E+03 -0.214572E+03 -0.102221E+03 -0.104542E+03 +0.805246E+02 +0.000000E+00 +0.000000E+00 -0.209058E-02 +0.440899E-04 +0.000000E+00 +0.305994E-02 +0.000000E+00 +0.000000E+00
 +0.110366E+01 -0.100710E+03 -0.213457E+03 -0.102319E+03 -0.104206E+03 +0.801558E+02 +0.000000E+00 +0.000000E+00 -0.207576E-02 +0.358460E-04 +0.000000E+00 +0.304592E-02 +0.000000E+00 +0.000000E+00
 +0.110366E+01 -0.100720E+03 -0.212348E+03 -0.102415E+03 -0.103872E+03 +0.797865E+02 +0.000000E+00 +0.000000E+00 -0.206105E-02 +0.276803E-04 +0.000000E+00 +0.303189E-02 +0.000000E+00 +0.000000E+00
 +0.110366E+01 -0.100730E+03 -0.211266E+03 -0.102498E+03 -0.103542E+03 +0.794153E+02 +0.000000E+00 +0.000000E+00 -0.204675E-02 +0.198360E-04 +0.000000E+00 +0.301778E-02 +0.000000E+00 +0.000000E+00
 +0.110366E+01 -0.100740E+03 -0.210190E+03 -0.102579E+03 -0.103214E+03 +0.790437E+02 +0.000000E+00 +0.000000E+00 -0.203256E-02 +0.120682E-04 +0.000000E+00 +0.300366E-02 +0.000000E+00 +0.000000E+00
 +0.110366E+01 -0.100750E+03 -0.209141E+03 -0.102648E+03 -0.102890E+03 +0.786705E+02 +0.000000E+00 +0.000000E+00 -0.201876E-02 +0.460348E-05 +0.000000E+00 +0.298948E-02 +0.000000E+00 +0.000000E+00
 +0.110366E+01 -0.100760E+03 -0.208097E+03 -0.102714E+03 -0.102568E+03 +0.782971E+02 +0.000000E+00 +0.000000E+00 -0.200506E-02 -0.278659E-05 +0.000000E+00 +0.297529E-02 +0.000000E+00 +0.000000E+00
 +0.110366E+01 -0.100770E+03 -0.207078E+03 -0.102771E+03 -0.102250E+03 +0.779224E+02 +0.000000E+00 +0.000000E+00 -0.199173E-02 -0.989034E-05 +0.000000E+00 +0.296105E-02 +0.000000E+00 +0.000000E+00
 +0.110366E+01 -0.100780E+03 -0.206065E+03 -0.102824E+03 -0.101933E+03 +0.775476E+02 +0.000000E+00 +0.000000E+00 -0.197850E-02 -0.169212E-04 +0.000000E+00 +0.294681E-02 +0.000000E+00 +0.000000E+00
 +0.110366E+01 -0.100790E+03 -0.205076E+03 -0.102868E+03 -0.101621E+03 +0.771718E+02 +0.000000E+00 +0.000000E+00 -0.196563E-02 -0.236813E-04 +0.000000E+00 +0.293253E-02 +0.000000E+00 +0.000000E+00
 +0.110366E+01 -0.100800E+03 -0.204092E+03 -0.102909E+03 -0.101310E+03 +0.767960E+02 +0.000000E+00 +0.000000E+00 -0.195286E-02 -0.303702E-04 +0.000000E+00 +0.291825E-02 +0.000000E+00 +0.000000E+00
 +0.110366E+01 -0.100810E+03 -0.203131E+03 -0.102941E+03 -0.101004E+03 +0.764196E+02 +0.000000E+00 +0.000000E+00 -0.194042E-02 -0.368028E-04 +0.000000E+00 +0.290394E-02 +0.000000E+00 +0.000000E+00
 +0.110366E+01 -0.100820E+03 -0.202176E+03 -0.102970E+03 -0.100698E+03 +0.760431E+02 +0.000000E+00 +0.000000E+00 -0.192808E-02 -0.431658E-04 +0.000000E+00 +0.288964E-02 +0.000000E+00 +0.000000E+00
 +0.110366E+01 -0.100830E+03 -0.201242E+03 -0.102991E+03 -0.100397E+03 +0.756663E+02 +0.000000E+00 +0.000000E+00 -0.191606E-02 -0.492859E-04 +0.000000E+00 +0.287532E-02 +0.000000E+00 +0.000000E+00
 +0.110366E+01 -0.100840E+03 -0.200314E+03 -0.103009E+03 -0.100097E+03 +0.752895E+02 +0.000000E+00 +0.000000E+00 -0.190413E-02 -0.553378E-04 +0.000000E+00 +0.286100E-02 +0.000000E+00 +0.000000E+00
 +0.110366E+01 -0.100850E+03 -0.199406E+03 -0.103019E+03 -0.998003E+02 +0.749126E+02 +0.000000E+00 +0.000000E+00 -0.189251E-02 -0.611595E-04 +0.000000E+00 +0.284668E-02 +0.000000E+00 +0.000000E+00
 +0.110366E+01 -0.100860E+03 -0.198504E+03 -0.103027E+03 -0.995053E+02 +0.745358E+02 +0.000000E+00 +0.000000E+00 -0.188098E-02 -0.669144E-04 +0.000000E+00 +0.283236E-02 +0.000000E+00 +0.000000E+00
 +0.110366E+01 -0.100870E+03 -0.197622E+03 -0.103027E+03 -0.992141E+02 +0.741591E+02 +0.000000E+00 +0.000000E+00 -0.186974E-02 -0.724507E-04 +0.000000E+00 +0.281805E-02 +0.000000E+00 +0.000000E+00
 +0.110366E+01 -0.100880E+03 -0.196745E+03 -0.103025E+03 -0.989241E+02 +0.737825E+02 +0.000000E+00 +0.000000E+00 -0.185859E-02 -0.779216E-04 +0.000000E+00 +0.280374E-02 +0.000000E+00 +0.000000E+00
 +0.110366E+01 -0.100890E+03 -0.195887E+03 -0.103016E+03 -0.986378E+02 +0.734063E+02 +0.000000E+00 +0.000000E+00 -0.184773E-02 -0.831848E-04 +0.000000E+00 +0.278944E-02 +0.000000E+00 +0.000000E+00
 +0.110366E+01 -0.100900E+03 -0.195034E+03 -0.103005E+03 -0.983527E+02 +0.730302E+02 +0.000000E+00 +0.000000E+00 -0.183695E-02 -0.883840E-04 +0.000000E+00 +0.277515E-02 +0.000000E+00 +0.000000E+00
 +0.110366E+01 -0.100910E+03 -0.194199E+03 -0.102986E+03 -0.980712E+02 +0.726546E+02 +0.000000E+00 +0.000000E+00 -0.182643E-02 -0.933856E-04 +0.000000E+00 +0.276087E-02 +0.000000E+00 +0.000000E+00
 +0.110366E+01 -0.100920E+03 -0.193370E+03 -0.102966E+03 -0.977909E+02 +0.722792E+02 +0.000000E+00 +0.000000E+00 -0.181601E-02 -0.983244E-04 +0.000000E+00 +0.274661E-02 +0.000000E+00 +0.000000E+00
 +0.110366E+01 -0.100930E+03 -0.192558E+03 -0.102939E+03 -0.975140E+02 +0.719045E+02 +0.000000E+00 +0.000000E+00 -0.180584E-02 -0.103075E-03 +0.000000E+00 +0.273237E-02 +0.000000E+00 +0.000000E+00
 +0.110366E+01 -0.100940E+03 -0.191751E+03 -0.102910E+03 -0.972383E+02 +0.715300E+02 +0.000000E+00 +0.000000E+00 -0.179575E-02 -0.107765E-03 +0.000000E+00 +0.271814E-02 +0.000000E+00 +0.000000E+00
 +0.110366E+01 -0.100950E+03 -0.190961E+03 -0.102875E+03 -0.969660E+02 +0.711564E+02 +0.000000E+00 +0.000000E+00 -0.178591E-02 -0.112275E-03 +0.000000E+00 +0.270394E-02 +0.000000E+00 +0.000000E+00
 +0.110366E+01 -0.100960E+03 -0.190176E+03 -0.102838E+03 -0.966948E+02 +0.707830E+02 +0.000000E+00 +0.000000E+00 -0.177615E-02 -0.116725E-03 +0.000000E+00 +0.268976E-02 +0.000000E+00 +0.000000E+00
 +0.110366E+01 -0.100970E+03 -0.189407E+03 -0.102796E+03 -0.964269E+02 +0.704106E+02 +0.000000E+00 +0.000000E+00 -0.176663E-02 -0.121004E-03 +0.000000E+00 +0.267560E-02 +0.000000E+00 +0.000000E+00
 +0.110366E+01 -0.100980E+03 -0.188644E+03 -0.102751E+03 -0.961602E+02 +0.700385E+02 +0.000000E+00 +0.000000E+00 -0.175718E-02 -0.125224E-03 +0.000000E+00 +0.266146E-02 +0.000000E+00 +0.000000E+00
 +0.110366E+01 -0.100990E+03 -0.187895E+03 -0.102701E+03 -0.958966E+02 +0.696675E+02 +0.000000E+00 +0.000000E+00 -0.174797E-02 -0.129282E-03 +0.000000E+00 +0.264736E-02 +0.000000E+00 +0.000000E+00
 +0.110366E+01 -0.101000E+03 -0.187151E+03 -0.102649E+03 -0.956341E+02 +0.692969E+02 +0.000000E+00 +0.000000E+00 -0.173883E-02 -0.133281E-03 +0.000000E+00 +0.263328E-02 +0.000000E+00 +0.000000E+00
 +0.110366E+01 -0.101010E+03 -0.186423E+03 -0.102592E+03 -0.953748E+02 +0.689273E+02 +0.000000E+00 +0.000000E+00 -0.172991E-02 -0.137125E-03 +0.000000E+00 +0.261924E-02 +0.000000E+00 +0.000000E+00
 +0.110366E+01 -0.101020E+03 -0.185699E+03 -0.102533E+03 -0.951165E+02 +0.685583E+02 +0.000000E+00 +0.000000E+00 -0.172107E-02 -0.140912E-03 +0.000000E+00 +0.260522E-02 +0.000000E+00 +0.000000E+00
 +0.110366E+01 -0.101030E+03 -0.184989E+03 -0.102469E+03 -0.948613E+02 +0.681905E+02 +0.000000E+00 +0.000000E+00 -0.171243E-02 -0.144551E-03 +0.000000E+00 +0.259124E-02 +0.000000E+00 +0.000000E+00
 +0.110366E+01 -0.101040E+03 -0.184285E+03 -0.102404E+03 -0.946072E+02 +0.678231E+02 +0.000000E+00 +0.000000E+00 -0.170387E-02 -0.148134E-03 +0.000000E+00 +0.257728E-02 +0.000000E+00 +0.000000E+00
 +0.110366E+01 -0.101050E+03 -0.183594E+03 -0.102334E+03 -0.943560E+02 +0.674571E+02 +0.000000E+00 +0.000000E+00 -0.169551E-02 -0.151576E-03 +0.000000E+00 +0.256337E-02 +0.000000E+00 +0.000000E+00
 +0.110366E+01 -0.101060E+03 -0.182908E+03 -0.102262E+03 -0.941059E+02 +0.670916E+02 +0.000000E+00 +0.000000E+00 -0.168723E-02 -0.154962E-03 +0.000000E+00 +0.254948E-02 +0.000000E+00 +0.000000E+00
 +0.110366E+01 -0.101070E+03 -0.182234E+03 -0.102186E+03 -0.938586E+02 +0.667275E+02 +0.000000E+00 +0.000000E+00 -0.167914E-02 -0.158214E-03 +0.000000E+00 +0.253565E-02 +0.000000E+00 +0.000000E+00
 +0.110366E+01 -0.101080E+03 -0.181566E+03 -0.102108E+03 -0.936124E+02 +0.663640E+02 +0.000000E+00 +0.000000E+00 -0.167112E-02 -0.161411E-03 +0.000000E+00 +0.252183E-02 +0.000000E+00 +0.000000E+00
 +0.110366E+01 -0.101090E+03 -0.180911E+03 -0.102026E+03 -0.933690E+02 +0.660019E+02 +0.000000E+00 +0.000000E+00 -0.166329E-02 -0.164479E-03 +0.000000E+00 +0.250807E-02 +0.000000E+00 +0.000000E+00
 +0.110366E+01 -0.101100E+03 -0.180260E+03 -0.101942E+03 -0.931267E+02 +0.656405E+02 +0.000000E+00 +0.000000E+00 -0.165553E-02 -0.167495E-03 +0.000000E+00 +0.249434E-02 +0.000000E+00 +0.000000E+00
 +0.110366E+01 -0.101110E+03 -0.179621E+03 -0.101855E+03 -0.928870E+02 +0.652805E+02 +0.000000E+00 +0.000000E+00 -0.164795E-02 -0.170387E-03 +0.000000E+00 +0.248066E-02 +0.000000E+00 +0.000000E+00
 +0.110366E+01 -0.101120E+03 -0.178987E+03 -0.101766E+03 -0.926485E+02 +0.649212E+02 +0.000000E+00 +0.000000E+00 -0.164044E-02 -0.173227E-03 +0.000000E+00 +0.246701E-02 +0.000000E+00 +0.000000E+00
 +0.110366E+01 -0.101130E+03 -0.178365E+03 -0.101673E+03 -0.924125E+02 +0.645635E+02 +0.000000E+00 +0.000000E+00 -0.163310E-02 -0.175948E-03 +0.000000E+00 +0.245341E-02 +0.000000E+00 +0.000000E+00
 +0.110366E+01 -0.101140E+03 -0.177748E+03 -0.101579E+03 -0.921777E+02 +0.642065E+02 +0.000000E+00 +0.000000E+00 -0.162583E-02 -0.178619E-03 +0.000000E+00 +0.243985E-02 +0.000000E+00 +0.000000E+00
 +0.110366E+01 -0.101150E+03 -0.177141E+03 -0.101481E+03 -0.919453E+02 +0.638510E+02 +0.000000E+00 +0.000000E+00 -0.161872E-02 -0.181177E-03 +0.000000E+00 +0.242634E-02 +0.000000E+00 +0.000000E+00
 +0.110366E+01 -0.101160E+03 -0.176540E+03 -0.101382E+03 -0.917141E+02 +0.634964E+02 +0.000000E+00 +0.000000E+00 -0.161169E-02 -0.183685E-03 +0.000000E+00 +0.241286E-02 +0.000000E+00 +0.000000E+00
 +0.110366E+01 -0.101170E+03 -0.175949E+03 -0.101279E+03 -0.914852E+02 +0.631433E+02 +0.000000E+00 +0.000000E+00 -0.160481E-02 -0.186085E-03 +0.000000E+00 +0.239945E-02 +0.000000E+00 +0.000000E+00
 +0.110366E+01 -0.101180E+03 -0.175363E+03 -0.101175E+03 -0.912575E+02 +0.627911E+02 +0.000000E+00 +0.000000E+00 -0.159800E-02 -0.188435E-03 +0.000000E+00 +0.238606E-02 +0.000000E+00 +0.000000E+00
 +0.110366E+01 -0.101190E+03 -0.174787E+03 -0.101068E+03 -0.910322E+02 +0.624405E+02 +0.000000E+00 +0.000000E+00 -0.159134E-02 -0.190682E-03 +0.000000E+00 +0.237274E-02 +0.000000E+00 +0.000000E+00
 +0.110366E+01 -0.101200E+03 -0.174216E+03 -0.100960E+03 -0.908079E+02 +0.620908E+02 +0.000000E+00 +0.000000E+00 -0.158475E-02 -0.192881E-03 +0.000000E+00 +0.235945E-02 +0.000000E+00 +0.000000E+00
 +0.110366E+01 -0.101210E+03 -0.173655E+03 -0.100848E+03 -0.905859E+02 +0.617428E+02 +0.000000E+00 +0.000000E+00 -0.157831E-02 -0.194981E-03 +0.000000E+00 +0.234623E-02 +0.000000E+00 +0.000000E+00
 +0.110366E+01 -0.101220E+03 -0.173098E+03 -0.100735E+03 -0.903651E+02 +0.613956E+02 +0.000000E+00 +0.000000E+00 -0.157193E-02 -0.197034E-03 +0.000000E+00 +0.233303E-02 +0.000000E+00 +0.000000E+00
 +0.110366E+01 -0.101230E+03 -0.172551E+03 -0.100620E+03 -0.901464E+02 +0.610502E+02 +0.000000E+00 +0.000000E+00 -0.156569E-02 -0.198991E-03 +0.000000E+00 +0.231991E-02 +0.000000E+00 +0.000000E+00
 +0.110366E+01 -0.101240E+03 -0.172009E+03 -0.100503E+03 -0.899289E+02 +0.607057E+02 +0.000000E+00 +0.000000E+00 -0.155952E-02 -0.200903E-03 +0.000000E+00 +0.230681E-02 +0.000000E+00 +0.000000E+00
 +0.110366E+01 -0.101250E+03 -0.171476E+03 -0.100383E+03 -0.897135E+02 +0.603629E+02 +0.000000E+00 +0.000000E+00 -0.155349E-02 -0.202723E-03 +0.000000E+00 +0.229379E-02 +0.000000E+00 +0.000000E+00
 +0.110366E+01 -0.101260E+03 -0.170947E+03 -0.100262E+03 -0.894992E+02 +0.600211E+02 +0.000000E+00 +0.000000E+00 -0.154752E-02 -0.204499E-03 +0.000000E+00 +0.228080E-02 +0.000000E+00 +0.000000E+00
 +0.110366E+01 -0.101270E+03 -0.170428E+03 -0.100139E+03 -0.892871E+02 +0.596810E+02 +0.000000E+00 +0.000000E+00 -0.154167E-02 -0.206187E-03 +0.000000E+00 +0.226788E-02 +0.000000E+00 +0.000000E+00
 +0.110366E+01 -0.101280E+03 -0.169913E+03 -0.100014E+03 -0.890760E+02 +0.593419E+02 +0.000000E+00 +0.000000E+00 -0.153590E-02 -0.207831E-03 +0.000000E+00 +0.225499E-02 +0.000000E+00 +0.000000E+00
 +0.110366E+01 -0.101290E+03 -0.169406E+03 -0.998875E+02 -0.888669E+02 +0.590046E+02 +0.000000E+00 +0.000000E+00 -0.153025E-02 -0.209391E-03 +0.000000E+00 +0.224218E-02 +0.000000E+00 +0.000000E+00
 +0.110366E+01 -0.101300E+03 -0.168904E+03 -0.997594E+02 -0.886590E+02 +0.586684E+02 +0.000000E+00 +0.000000E+00 -0.152466E-02 -0.210908E-03 +0.000000E+00 +0.222940E-02 +0.000000E+00 +0.000000E+00
 +0.110366E+01 -0.101310E+03 -0.168410E+03 -0.996291E+02 -0.884530E+02 +0.583339E+02 +0.000000E+00 +0.000000E+00 -0.151919E-02 -0.212345E-03 +0.000000E+00 +0.221669E-02 +0.000000E+00 +0.000000E+00
 +0.110366E+01 -0.101320E+03 -0.167921E+03 -0.994976E+02 -0.882482E+02 +0.580005E+02 +0.000000E+00 +0.000000E+00 -0.151379E-02 -0.213739E-03 +0.000000E+00 +0.220402E-02 +0.000000E+00 +0.000000E+00
 +0.110366E+01 -0.101330E+03 -0.167440E+03 -0.993640E+02 -0.880452E+02 +0.576688E+02 +0.000000E+00 +0.000000E+00 -0.150849E-02 -0.215057E-03 +0.000000E+00 +0.219142E-02 +0.000000E+00 +0.000000E+00
 +0.110366E+01 -0.101340E+03 -0.166963E+03 -0.992294E+02 -0.878434E+02 +0.573383E+02 +0.000000E+00 +0.000000E+00 -0.150327E-02 -0.216333E-03 +0.000000E+00 +0.217885E-02 +0.000000E+00 +0.000000E+00
 +0.110366E+01 -0.101350E+03 -0.166493E+03 -0.990927E+02 -0.876434E+02 +0.570096E+02 +0.000000E+00 +0.000000E+00 -0.149815E-02 -0.217536E-03 +0.000000E+00 +0.216636E-02 +0.000000E+00 +0.000000E+00
 +0.110366E+01 -0.101360E+03 -0.166028E+03 -0.989550E+02 -0.874445E+02 +0.566819E+02 +0.000000E+00 +0.000000E+00 -0.149309E-02 -0.218698E-03 +0.000000E+00 +0.215391E-02 +0.000000E+00 +0.000000E+00
 +0.110366E+01 -0.101370E+03 -0.165571E+03 -0.988154E+02 -0.872475E+02 +0.563562E+02 +0.000000E+00 +0.000000E+00 -0.148815E-02 -0.219790E-03 +0.000000E+00 +0.214153E-02 +0.000000E+00 +0.000000E+00
 +0.110366E+01 -0.101380E+03 -0.165118E+03 -0.986747E+02 -0.870515E+02 +0.560315E+02 +0.000000E+00 +0.000000E+00 -0.148326E-02 -0.220842E-03 +0.000000E+00 +0.212920E-02 +0.000000E+00 +0.000000E+00
 +0.110366E+01 -0.101390E+03 -0.164672E+03 -0.985324E+02 -0.868573E+02 +0.557087E+02 +0.000000E+00 +0.000000E+00 -0.147847E-02 -0.221827E-03 +0.000000E+00 +0.211693E-02 +0.000000E+00 +0.000000E+00
 +0.110366E+01 -0.101400E+03 -0.164230E+03 -0.983890E+02 -0.866642E+02 +0.553870E+02 +0.000000E+00 +0.000000E+00 -0.147374E-02 -0.222772E-03 +0.000000E+00 +0.210471E-02 +0.000000E+00 +0.000000E+00
 +0.110366E+01 -0.101410E+03 -0.163795E+03 -0.982440E+02 -0.864728E+02 +0.550671E+02 +0.000000E+00 +0.000000E+00 -0.146912E-02 -0.223653E-03 +0.000000E+00 +0.209255E-02 +0.000000E+00 +0.000000E+00
 +0.110366E+01 -0.101420E+03 -0.163364E+03 -0.980980E+02 -0.862825E+02 +0.547485E+02 +0.000000E+00 +0.000000E+00 -0.146455E-02 -0.224496E-03 +0.000000E+00 +0.208044E-02 +0.000000E+00 +0.000000E+00
 +0.110366E+01 -0.101430E+03 -0.162940E+03 -0.979505E+02 -0.860938E+02 +0.544317E+02 +0.000000E+00 +0.000000E+00 -0.146008E-02 -0.225277E-03 +0.000000E+00 +0.206840E-02 +0.000000E+00 +0.000000E+00
 +0.110366E+01 -0.101440E+03 -0.162520E+03 -0.978021E+02 -0.859063E+02 +0.541160E+02 +0.000000E+00 +0.000000E+00 -0.145566E-02 -0.226020E-03 +0.000000E+00 +0.205641E-02 +0.000000E+00 +0.000000E+00
 +0.110366E+01 -0.101450E+03 -0.162106E+03 -0.976522E+02 -0.857204E+02 +0.538023E+02 +0.000000E+00 +0.000000E+00 -0.145134E-02 -0.226705E-03 +0.000000E+00 +0.204449E-02 +0.000000E+00 +0.000000E+00
 +0.110366E+01 -0.101460E+03 -0.161697E+03 -0.975014E+02 -0.855355E+02 +0.534897E+02 +0.000000E+00 +0.000000E+00 -0.144707E-02 -0.227352E-03 +0.000000E+00 +0.203261E-02 +0.000000E+00 +0.000000E+00
 +0.110366E+01 -0.101470E+03 -0.161294E+03 -0.973492E+02 -0.853522E+02 +0.531790E+02 +0.000000E+00 +0.000000E+00 -0.144289E-02 -0.227943E-03 +0.000000E+00 +0.202080E-02 +0.000000E+00 +0.000000E+00
 +0.110366E+01 -0.101480E+03 -0.160895E+03 -0.971962E+02 -0.851700E+02 +0.528695E+02 +0.000000E+00 +0.000000E+00 -0.143877E-02 -0.228498E-03 +0.000000E+00 +0.200904E-02 +0.000000E+00 +0.000000E+00
 +0.110366E+01 -0.101490E+03 -0.160502E+03 -0.970420E+02 -0.849894E+02 +0.525618E+02 +0.000000E+00 +0.000000E+00 -0.143473E-02 -0.228999E-03 +0.000000E+00 +0.199735E-02 +0.000000E+00 +0.000000E+00
 +0.110366E+01 -0.101500E+03 -0.160112E+03 -0.968869E+02 -0.848098E+02 +0.522554E+02 +0.000000E+00 +0.000000E+00 -0.143075E-02 -0.229465E-03 +0.000000E+00 +0.198571E-02 +0.000000E+00 +0.000000E+00
 +0.110366E+01 -0.101510E+03 -0.159729E+03 -0.967306E+02 -0.846317E+02 +0.519509E+02 +0.000000E+00 +0.000000E+00 -0.142685E-02 -0.229878E-03 +0.000000E+00 +0.197413E-02 +0.000000E+00 +0.000000E+00
 +0.110366E+01 -0.101520E+03 -0.159350E+03 -0.965734E+02 -0.844547E+02 +0.516476E+02 +0.000000E+00 +0.000000E+00 -0.142301E-02 -0.230257E-03 +0.000000E+00 +0.196261E-02 +0.000000E+00 +0.000000E+00
 +0.110366E+01 -0.101530E+03 -0.158976E+03 -0.964152E+02 -0.842791E+02 +0.513461E+02 +0.000000E+00 +0.000000E+00 -0.141924E-02 -0.230585E-03 +0.000000E+00 +0.195115E-02 +0.000000E+00 +0.000000E+00
 +0.110366E+01 -0.101540E+03 -0.158606E+03 -0.962561E+02 -0.841046E+02 +0.510459E+02 +0.000000E+00 +0.000000E+00 -0.141553E-02 -0.230880E-03 +0.000000E+00 +0.193974E-02 +0.000000E+00 +0.000000E+00
 +0.110366E+01 -0.101550E+03 -0.158242E+03 -0.960960E+02 -0.839315E+02 +0.507475E+02 +0.000000E+00 +0.000000E+00 -0.141190E-02 -0.231126E-03 +0.000000E+00 +0.192840E-02 +0.000000E+00 +0.000000E+00
 +0.110366E+01 -0.101560E+03 -0.157881E+03 -0.959350E+02 -0.837594E+02 +0.504503E+02 +0.000000E+00 +0.000000E+00 -0.140832E-02 -0.231337E-03 +0.000000E+00 +0.191711E-02 +0.000000E+00 +0.000000E+00
 +0.110366E+01 -0.101570E+03 -0.157526E+03 -0.957730E+02 -0.835887E+02 +0.501550E+02 +0.000000E+00 +0.000000E+00 -0.140481E-02 -0.231502E-03 +0.000000E+00 +0.190589E-02 +0.000000E+00 +0.000000E+00
 +0.110366E+01 -0.101580E+03 -0.157175E+03 -0.956102E+02 -0.834191E+02 +0.498609E+02 +0.000000E+00 +0.000000E+00 -0.140136E-02 -0.231632E-03 +0.000000E+00 +0.189472E-02 +0.000000E+00 +0.000000E+00
 +0.110366E+01 -0.101590E+03 -0.156829E+03 -0.954463E+02 -0.832507E+02 +0.495686E+02 +0.000000E+00 +0.000000E+00 -0.139798E-02 -0.231717E-03 +0.000000E+00 +0.188361E-02 +0.000000E+00 +0.000000E+00
 +0.110366E+01 -0.101600E+03 -0.156486E+03 -0.952816E+02 -0.830834E+02 +0.492776E+02 +0.000000E+00 +0.000000E+00 -0.139465E-02 -0.231767E-03 +0.000000E+00 +0.187255E-02 +0.000000E+00 +0.000000E+00
 +0.110366E+01 -0.101610E+03 -0.156149E+03 -0.951158E+02 -0.829173E+02 +0.489882E+02 +0.000000E+00 +0.000000E+00 -0.139140E-02 -0.231771E-03 +0.000000E+00 +0.186155E-02 +0.000000E+00 +0.000000E+00
 +0.110366E+01 -0.101620E+03 -0.155815E+03 -0.949489E+02 -0.827521E+02 +0.487001E+02 +0.000000E+00 +0.000000E+00 -0.138820E-02 -0.231738E-03 +0.000000E+00 +0.185060E-02 +0.000000E+00 +0.000000E+00
 +0.110366E+01 -0.101630E+03 -0.155487E+03 -0.947807E+02 -0.825882E+02 +0.484136E+02 +0.000000E+00 +0.000000E+00 -0.138507E-02 -0.231657E-03 +0.000000E+00 +0.183972E-02 +0.000000E+00 +0.000000E+00
 +0.110366E+01 -0.101640E+03 -0.155148E+03 -0.946024E+02 -0.824176E+02 +0.481036E+02 +0.000000E+00 +0.000000E+00 -0.138187E-02 -0.231512E-03 +0.000000E+00 +0.182794E-02 +0.000000E+00 +0.000000E+00
 +0.110366E+01 -0.101650E+03 -0.154796E+03 -0.944116E+02 -0.822386E+02 +0.477643E+02 +0.000000E+00 +0.000000E+00 -0.137859E-02 -0.231288E-03 +0.000000E+00 +0.181504E-02 +0.000000E+00 +0.000000E+00
 +0.110366E+01 -0.101660E+03 -0.154473E+03 -0.942375E+02 -0.820745E+02 +0.474774E+02 +0.000000E+00 +0.000000E+00 -0.137557E-02 -0.231097E-03 +0.000000E+00 +0.180414E-02 +0.000000E+00 +0.000000E+00
 +0.110366E+01 -0.101670E+03 -0.154184E+03 -0.940820E+02 -0.819278E+02 +0.472531E+02 +0.000000E+00 +0.000000E+00 -0.137287E-02 -0.230930E-03 +0.000000E+00 +0.179562E-02 +0.000000E+00 +0.000000E+00
 +0.110366E+01 -0.101680E+03 -0.153877E+03 -0.939087E+02 -0.817692E+02 +0.470033E+02 +0.000000E+00 +0.000000E+00 -0.137004E-02 -0.230652E-03 +0.000000E+00 +0.178613E-02 +0.000000E+00 +0.000000E+00
 +0.110366E+01 -0.101690E+03 -0.153556E+03 -0.937273E+02 -0.816036E+02 +0.467203E+02 +0.000000E+00 +0.000000E+00 -0.136710E-02 -0.230350E-03 +0.000000E+00 +0.177537E-02 +0.000000E+00 +0.000000E+00
 +0.110366E+01 -0.101700E+03 -0.153247E+03 -0.935505E+02 -0.814432E+02 +0.464365E+02 +0.000000E+00 +0.000000E+00 -0.136427E-02 -0.230038E-03 +0.000000E+00 +0.176459E-02 +0.000000E+00 +0.000000E+00
 +0.110366E+01 -0.101710E+03 -0.152948E+03 -0.933716E+02 -0.812853E+02 +0.461669E+02 +0.000000E+00 +0.000000E+00 -0.136158E-02 -0.229639E-03 +0.000000E+00 +0.175434E-02 +0.000000E+00 +0.000000E+00
 +0.110366E+01 -0.101720E+03 -0.152654E+03 -0.932033E+02 -0.811328E+02 +0.458811E+02 +0.000000E+00 +0.000000E+00 -0.135890E-02 -0.229338E-03 +0.000000E+00 +0.174348E-02 +0.000000E+00 +0.000000E+00
 +0.110366E+01 -0.101730E+03 -0.152380E+03 -0.930379E+02 -0.809880E+02 +0.456063E+02 +0.000000E+00 +0.000000E+00 -0.135645E-02 -0.228947E-03 +0.000000E+00 +0.173304E-02 +0.000000E+00 +0.000000E+00
 +0.110366E+01 -0.101740E+03 -0.152104E+03 -0.928679E+02 -0.808408E+02 +0.453325E+02 +0.000000E+00 +0.000000E+00 -0.135400E-02 -0.228516E-03 +0.000000E+00 +0.172263E-02 +0.000000E+00 +0.000000E+00
 +0.110366E+01 -0.101750E+03 -0.151811E+03 -0.926883E+02 -0.806847E+02 +0.450529E+02 +0.000000E+00 +0.000000E+00 -0.135140E-02 -0.228068E-03 +0.000000E+00 +0.171201E-02 +0.000000E+00 +0.000000E+00
 +0.110366E+01 -0.101760E+03 -0.151537E+03 -0.925476E+02 -0.805481E+02 +0.447938E+02 +0.000000E+00 +0.000000E+00 -0.134880E-02 -0.227992E-03 +0.000000E+00 +0.170216E-02 +0.000000E+00 +0.000000E+00
 +0.110366E+01 -0.101770E+03 -0.151282E+03 -0.924083E+02 -0.804177E+02 +0.445425E+02 +0.000000E+00 +0.000000E+00 -0.134642E-02 -0.227821E-03 +0.000000E+00 +0.169261E-02 +0.000000E+00 +0.000000E+00
 +0.110366E+01 -0.101780E+03 -0.151033E+03 -0.922424E+02 -0.802809E+02 +0.442858E+02 +0.000000E+00 +0.000000E+00 -0.134429E-02 -0.227269E-03 +0.000000E+00 +0.168286E-02 +0.000000E+00 +0.000000E+00
 +0.110366E+01 -0.101790E+03 -0.150784E+03 -0.920765E+02 -0.801440E+02 +0.440291E+02 +0.000000E+00 +0.000000E+00 -0.134216E-02 -0.226717E-03 +0.000000E+00 +0.167310E-02 +0.000000E+00 +0.000000E+00
 +0.110366E+01 -0.101800E+03 -0.150515E+03 -0.919224E+02 -0.800043E+02 +0.437696E+02 +0.000000E+00 +0.000000E+00 -0.133970E-02 -0.226444E-03 +0.000000E+00 +0.166324E-02 +0.000000E+00 +0.000000E+00
 +0.110366E+01 -0.101810E+03 -0.150235E+03 -0.917701E+02 -0.798616E+02 +0.435092E+02 +0.000000E+00 +0.000000E+00 -0.133709E-02 -0.226260E-03 +0.000000E+00 +0.165335E-02 +0.000000E+00 +0.000000E+00
 +0.110366E+01 -0.101820E+03 -0.149959E+03 -0.915631E+02 -0.797025E+02 +0.432555E+02 +0.000000E+00 +0.000000E+00 -0.133488E-02 -0.225353E-03 +0.000000E+00 +0.164371E-02 +0.000000E+00 +0.000000E+00
 +0.110366E+01 -0.101830E+03 -0.149684E+03 -0.913562E+02 -0.795433E+02 +0.430018E+02 +0.000000E+00 +0.000000E+00 -0.133267E-02 -0.224445E-03 +0.000000E+00 +0.163407E-02 +0.000000E+00 +0.000000E+00
 +0.110366E+01 -0.101840E+03 -0.149430E+03 -0.911617E+02 -0.793954E+02 +0.427506E+02 +0.000000E+00 +0.000000E+00 -0.133067E-02 -0.223560E-03 +0.000000E+00 +0.162452E-02 +0.000000E+00 +0.000000E+00
 +0.110366E+01 -0.101850E+03 -0.149183E+03 -0.909708E+02 -0.792507E+02 +0.425001E+02 +0.000000E+00 +0.000000E+00 -0.132871E-02 -0.222681E-03 +0.000000E+00 +0.161500E-02 +0.000000E+00 +0.000000E+00
 +0.110366E+01 -0.101860E+03 -0.148915E+03 -0.907867E+02 -0.791016E+02 +0.422501E+02 +0.000000E+00 +0.000000E+00 -0.132646E-02 -0.222016E-03 +0.000000E+00 +0.160550E-02 +0.000000E+00 +0.000000E+00
 +0.110366E+01 -0.101870E+03 -0.148632E+03 -0.906079E+02 -0.789491E+02 +0.420004E+02 +0.000000E+00 +0.000000E+00 -0.132397E-02 -0.221517E-03 +0.000000E+00 +0.159601E-02 +0.000000E+00 +0.000000E+00
 +0.110366E+01 -0.101880E+03 -0.148367E+03 -0.904368E+02 -0.788053E+02 +0.417536E+02 +0.000000E+00 +0.000000E+00 -0.132167E-02 -0.220999E-03 +0.000000E+00 +0.158664E-02 +0.000000E+00 +0.000000E+00
 +0.110366E+01 -0.101890E+03 -0.148142E+03 -0.902822E+02 -0.786799E+02 +0.415128E+02 +0.000000E+00 +0.000000E+00 -0.131978E-02 -0.220443E-03 +0.000000E+00 +0.157749E-02 +0.000000E+00 +0.000000E+00
 +0.110366E+01 -0.101900E+03 -0.147916E+03 -0.901275E+02 -0.785545E+02 +0.412721E+02 +0.000000E+00 +0.000000E+00 -0.131788E-02 -0.219887E-03 +0.000000E+00 +0.156834E-02 +0.000000E+00 +0.000000E+00
 +0.110366E+01 -0.101910E+03 -0.147691E+03 -0.899728E+02 -0.784291E+02 +0.410313E+02 +0.000000E+00 +0.000000E+00 -0.131598E-02 -0.219331E-03 +0.000000E+00 +0.155919E-02 +0.000000E+00 +0.000000E+00
 +0.110366E+01 -0.101920E+03 -0.147460E+03 -0.898133E+02 -0.783003E+02 +0.407875E+02 +0.000000E+00 +0.000000E+00 -0.131404E-02 -0.218747E-03 +0.000000E+00 +0.154993E-02 +0.000000E+00 +0.000000E+00
 +0.110366E+01 -0.101930E+03 -0.147230E+03 -0.896162E+02 -0.781591E+02 +0.405490E+02 +0.000000E+00 +0.000000E+00 -0.131234E-02 -0.217683E-03 +0.000000E+00 +0.154086E-02 +0.000000E+00 +0.000000E+00
 +0.110366E+01 -0.101940E+03 -0.147011E+03 -0.893909E+02 -0.780127E+02 +0.403010E+02 +0.000000E+00 +0.000000E+00 -0.131097E-02 -0.216185E-03 +0.000000E+00 +0.153144E-02 +0.000000E+00 +0.000000E+00
 +0.110366E+01 -0.101950E+03 -0.146793E+03 -0.891657E+02 -0.778664E+02 +0.400531E+02 +0.000000E+00 +0.000000E+00 -0.130961E-02 -0.214687E-03 +0.000000E+00 +0.152202E-02 +0.000000E+00 +0.000000E+00
 +0.110366E+01 -0.101960E+03 -0.146575E+03 -0.889404E+02 -0.777200E+02 +0.398051E+02 +0.000000E+00 +0.000000E+00 -0.130824E-02 -0.213188E-03 +0.000000E+00 +0.151259E-02 +0.000000E+00 +0.000000E+00
 +0.110366E+01 -0.101970E+03 -0.146356E+03 -0.887177E+02 -0.775742E+02 +0.395578E+02 +0.000000E+00 +0.000000E+00 -0.130685E-02 -0.211726E-03 +0.000000E+00 +0.150319E-02 +0.000000E+00 +0.000000E+00
 +0.110366E+01 -0.101980E+03 -0.146125E+03 -0.885461E+02 -0.774414E+02 +0.393225E+02 +0.000000E+00 +0.000000E+00 -0.130498E-02 -0.210990E-03 +0.000000E+00 +0.149425E-02 +0.000000E+00 +0.000000E+00
 +0.110366E+01 -0.101990E+03 -0.145894E+03 -0.883746E+02 -0.773085E+02 +0.390872E+02 +0.000000E+00 +0.000000E+00 -0.130312E-02 -0.210255E-03 +0.000000E+00 +0.148531E-02 +0.000000E+00 +0.000000E+00
 +0.110366E+01 -0.102000E+03 -0.145663E+03 -0.882030E+02 -0.771757E+02 +0.388519E+02 +0.000000E+00 +0.000000E+00 -0.130125E-02 -0.209520E-03 +0.000000E+00 +0.147637E-02 +0.000000E+00 +0.000000E+00
 +0.110366E+01 -0.102010E+03 -0.145432E+03 -0.880315E+02 -0.770428E+02 +0.386166E+02 +0.000000E+00 +0.000000E+00 -0.129939E-02 -0.208784E-03 +0.000000E+00 +0.146743E-02 +0.000000E+00 +0.000000E+00
 +0.110366E+01 -0.102020E+03 -0.145210E+03 -0.878692E+02 -0.769161E+02 +0.383770E+02 +0.000000E+00 +0.000000E+00 -0.129758E-02 -0.208110E-03 +0.000000E+00 +0.145833E-02 +0.000000E+00 +0.000000E+00
 +0.110366E+01 -0.102030E+03 -0.145009E+03 -0.877253E+02 -0.768024E+02 +0.381517E+02 +0.000000E+00 +0.000000E+00 -0.129593E-02 -0.207535E-03 +0.000000E+00 +0.144976E-02 +0.000000E+00 +0.000000E+00
 +0.110366E+01 -0.102040E+03 -0.144822E+03 -0.875835E+02 -0.766937E+02 +0.379207E+02 +0.000000E+00 +0.000000E+00 -0.129443E-02 -0.206906E-03 +0.000000E+00 +0.144099E-02 +0.000000E+00 +0.000000E+00
 +0.110366E+01 -0.102050E+03 -0.144636E+03 -0.874415E+02 -0.765855E+02 +0.376860E+02 +0.000000E+00 +0.000000E+00 -0.129295E-02 -0.206264E-03 +0.000000E+00 +0.143207E-02 +0.000000E+00 +0.000000E+00
 +0.110366E+01 -0.102060E+03 -0.144450E+03 -0.872994E+02 -0.764772E+02 +0.374512E+02 +0.000000E+00 +0.000000E+00 -0.129148E-02 -0.205622E-03 +0.000000E+00 +0.142315E-02 +0.000000E+00 +0.000000E+00
 +0.110366E+01 -0.102070E+03 -0.144264E+03 -0.871574E+02 -0.763690E+02 +0.372164E+02 +0.000000E+00 +0.000000E+00 -0.129000E-02 -0.204980E-03 +0.000000E+00 +0.141423E-02 +0.000000E+00 +0.000000E+00
 +0.110366E+01 -0.102080E+03 -0.144097E+03 -0.869703E+02 -0.762522E+02 +0.370049E+02 +0.000000E+00 +0.000000E+00 -0.128905E-02 -0.203643E-03 +0.000000E+00 +0.140619E-02 +0.000000E+00 +0.000000E+00
 +0.110366E+01 -0.102090E+03 -0.143946E+03 -0.867481E+02 -0.761289E+02 +0.368115E+02 +0.000000E+00 +0.000000E+00 -0.128852E-02 -0.201765E-03 +0.000000E+00 +0.139884E-02 +0.000000E+00 +0.000000E+00
 +0.110366E+01 -0.102100E+03 -0.143794E+03 -0.865259E+02 -0.760056E+02 +0.366181E+02 +0.000000E+00 +0.000000E+00 -0.128798E-02 -0.199886E-03 +0.000000E+00 +0.139149E-02 +0.000000E+00 +0.000000E+00
 +0.110366E+01 -0.102110E+03 -0.143632E+03 -0.863020E+02 -0.758784E+02 +0.364158E+02 +0.000000E+00 +0.000000E+00 -0.128733E-02 -0.198049E-03 +0.000000E+00 +0.138380E-02 +0.000000E+00 +0.000000E+00
 +0.110366E+01 -0.102120E+03 -0.143441E+03 -0.860728E+02 -0.757394E+02 +0.361864E+02 +0.000000E+00 +0.000000E+00 -0.128632E-02 -0.196333E-03 +0.000000E+00 +0.137508E-02 +0.000000E+00 +0.000000E+00
 +0.110366E+01 -0.102130E+03 -0.143249E+03 -0.858436E+02 -0.756005E+02 +0.359570E+02 +0.000000E+00 +0.000000E+00 -0.128532E-02 -0.194618E-03 +0.000000E+00 +0.136637E-02 +0.000000E+00 +0.000000E+00
 +0.110366E+01 -0.102140E+03 -0.143057E+03 -0.856146E+02 -0.754617E+02 +0.357277E+02 +0.000000E+00 +0.000000E+00 -0.128431E-02 -0.192905E-03 +0.000000E+00 +0.135765E-02 +0.000000E+00 +0.000000E+00
 +0.110366E+01 -0.102150E+03 -0.142891E+03 -0.854808E+02 -0.753628E+02 +0.355168E+02 +0.000000E+00 +0.000000E+00 -0.128304E-02 -0.192243E-03 +0.000000E+00 +0.134964E-02 +0.000000E+00 +0.000000E+00
 +0.110366E+01 -0.102160E+03 -0.142725E+03 -0.853471E+02 -0.752639E+02 +0.353059E+02 +0.000000E+00 +0.000000E+00 -0.128177E-02 -0.191581E-03 +0.000000E+00 +0.134162E-02 +0.000000E+00 +0.000000E+00
 +0.110366E+01 -0.102170E+03 -0.142559E+03 -0.852134E+02 -0.751651E+02 +0.350950E+02 +0.000000E+00 +0.000000E+00 -0.128049E-02 -0.190919E-03 +0.000000E+00 +0.133361E-02 +0.000000E+00 +0.000000E+00
 +0.110366E+01 -0.102180E+03 -0.142395E+03 -0.850771E+02 -0.750657E+02 +0.348839E+02 +0.000000E+00 +0.000000E+00 -0.127925E-02 -0.190215E-03 +0.000000E+00 +0.132559E-02 +0.000000E+00 +0.000000E+00
 +0.110366E+01 -0.102190E+03 -0.142240E+03 -0.849196E+02 -0.749626E+02 +0.346712E+02 +0.000000E+00 +0.000000E+00 -0.127827E-02 -0.189181E-03 +0.000000E+00 +0.131751E-02 +0.000000E+00 +0.000000E+00
 +0.110366E+01 -0.102200E+03 -0.142085E+03 -0.847621E+02 -0.748596E+02 +0.344585E+02 +0.000000E+00 +0.000000E+00 -0.127729E-02 -0.188147E-03 +0.000000E+00 +0.130942E-02 +0.000000E+00 +0.000000E+00
 +0.110366E+01 -0.102210E+03 -0.141930E+03 -0.846046E+02 -0.747565E+02 +0.342458E+02 +0.000000E+00 +0.000000E+00 -0.127630E-02 -0.187113E-03 +0.000000E+00 +0.130134E-02 +0.000000E+00 +0.000000E+00
 +0.110366E+01 -0.102220E+03 -0.141775E+03 -0.844471E+02 -0.746534E+02 +0.340331E+02 +0.000000E+00 +0.000000E+00 -0.127532E-02 -0.186079E-03 +0.000000E+00 +0.129326E-02 +0.000000E+00 +0.000000E+00
 +0.110366E+01 -0.102230E+03 -0.141624E+03 -0.842894E+02 -0.745515E+02 +0.338268E+02 +0.000000E+00 +0.000000E+00 -0.127438E-02 -0.185020E-03 +0.000000E+00 +0.128542E-02 +0.000000E+00 +0.000000E+00
 +0.110366E+01 -0.102240E+03 -0.141480E+03 -0.841313E+02 -0.744519E+02 +0.336338E+02 +0.000000E+00 +0.000000E+00 -0.127354E-02 -0.183910E-03 +0.000000E+00 +0.127808E-02 +0.000000E+00 +0.000000E+00
 +0.110366E+01 -0.102250E+03 -0.141337E+03 -0.839732E+02 -0.743522E+02 +0.334408E+02 +0.000000E+00 +0.000000E+00 -0.127270E-02 -0.182799E-03 +0.000000E+00 +0.127075E-02 +0.000000E+00 +0.000000E+00
 +0.110366E+01 -0.102260E+03 -0.141193E+03 -0.838152E+02 -0.742526E+02 +0.332477E+02 +0.000000E+00 +0.000000E+00 -0.127186E-02 -0.181688E-03 +0.000000E+00 +0.126341E-02 +0.000000E+00 +0.000000E+00
 +0.110366E+01 -0.102270E+03 -0.141049E+03 -0.836571E+02 -0.741530E+02 +0.330547E+02 +0.000000E+00 +0.000000E+00 -0.127102E-02 -0.180577E-03 +0.000000E+00 +0.125608E-02 +0.000000E+00 +0.000000E+00
 +0.110366E+01 -0.102280E+03 -0.140905E+03 -0.834990E+02 -0.740534E+02 +0.328616E+02 +0.000000E+00 +0.000000E+00 -0.127019E-02 -0.179467E-03 +0.000000E+00 +0.124874E-02 +0.000000E+00 +0.000000E+00
 +0.110366E+01 -0.102290E+03 -0.140762E+03 -0.833410E+02 -0.739538E+02 +0.326686E+02 +0.000000E+00 +0.000000E+00 -0.126935E-02 -0.178356E-03 +0.000000E+00 +0.124141E-02 +0.000000E+00 +0.000000E+00
 +0.110366E+01 -0.102300E+03 -0.140618E+03 -0.831829E+02 -0.738542E+02 +0.324756E+02 +0.000000E+00 +0.000000E+00 -0.126851E-02 -0.177245E-03 +0.000000E+00 +0.123407E-02 +0.000000E+00 +0.000000E+00
 +0.110366E+01 -0.102310E+03 -0.140474E+03 -0.830248E+02 -0.737546E+02 +0.322825E+02 +0.000000E+00 +0.000000E+00 -0.126767E-02 -0.176134E-03 +0.000000E+00 +0.122674E-02 +0.000000E+00 +0.000000E+00
 +0.110366E+01 -0.102320E+03 -0.140332E+03 -0.828550E+02 -0.736518E+02 +0.320914E+02 +0.000000E+00 +0.000000E+00 -0.126693E-02 -0.174862E-03 +0.000000E+00 +0.121947E-02 +0.000000E+00 +0.000000E+00
 +0.110366E+01 -0.102330E+03 -0.140195E+03 -0.826752E+02 -0.735471E+02 +0.319022E+02 +0.000000E+00 +0.000000E+00 -0.126631E-02 -0.173434E-03 +0.000000E+00 +0.121228E-02 +0.000000E+00 +0.000000E+00
 +0.110366E+01 -0.102340E+03 -0.140058E+03 -0.824954E+02 -0.734425E+02 +0.317130E+02 +0.000000E+00 +0.000000E+00 -0.126569E-02 -0.172006E-03 +0.000000E+00 +0.120509E-02 +0.000000E+00 +0.000000E+00
 +0.110366E+01 -0.102350E+03 -0.139920E+03 -0.823156E+02 -0.733378E+02 +0.315238E+02 +0.000000E+00 +0.000000E+00 -0.126507E-02 -0.170578E-03 +0.000000E+00 +0.119790E-02 +0.000000E+00 +0.000000E+00
 +0.110366E+01 -0.102360E+03 -0.139783E+03 -0.821358E+02 -0.732331E+02 +0.313346E+02 +0.000000E+00 +0.000000E+00 -0.126444E-02 -0.169150E-03 +0.000000E+00 +0.119071E-02 +0.000000E+00 +0.000000E+00
 +0.110366E+01 -0.102370E+03 -0.139646E+03 -0.819559E+02 -0.731285E+02 +0.311454E+02 +0.000000E+00 +0.000000E+00 -0.126382E-02 -0.167722E-03 +0.000000E+00 +0.118352E-02 +0.000000E+00 +0.000000E+00
 +0.110366E+01 -0.102380E+03 -0.139508E+03 -0.817761E+02 -0.730238E+02 +0.309562E+02 +0.000000E+00 +0.000000E+00 -0.126320E-02 -0.166293E-03 +0.000000E+00 +0.117634E-02 +0.000000E+00 +0.000000E+00
 +0.110366E+01 -0.102390E+03 -0.139371E+03 -0.815963E+02 -0.729192E+02 +0.307670E+02 +0.000000E+00 +0.000000E+00 -0.126258E-02 -0.164865E-03 +0.000000E+00 +0.116915E-02 +0.000000E+00 +0.000000E+00
 +0.110366E+01 -0.102400E+03 -0.139234E+03 -0.814165E+02 -0.728145E+02 +0.305778E+02 +0.000000E+00 +0.000000E+00 -0.126196E-02 -0.163437E-03 +0.000000E+00 +0.116196E-02 +0.000000E+00 +0.000000E+00
 +0.110366E+01 -0.102410E+03 -0.139114E+03 -0.812565E+02 -0.727222E+02 +0.303961E+02 +0.000000E+00 +0.000000E+00 -0.126144E-02 -0.162151E-03 +0.000000E+00 +0.115505E-02 +0.000000E+00 +0.000000E+00
 +0.110366E+01 -0.102420E+03 -0.138999E+03 -0.811021E+02 -0.726334E+02 +0.302164E+02 +0.000000E+00 +0.000000E+00 -0.126095E-02 -0.160905E-03 +0.000000E+00 +0.114822E-02 +0.000000E+00 +0.000000E+00
 +0.110366E+01 -0.102430E+03 -0.138884E+03 -0.809477E+02 -0.725446E+02 +0.300367E+02 +0.000000E+00 +0.000000E+00 -0.126046E-02 -0.159659E-03 +0.000000E+00 +0.114140E-02 +0.000000E+00 +0.000000E+00
 +0.110366E+01 -0.102440E+03 -0.138764E+03 -0.807579E+02 -0.724423E+02 +0.298614E+02 +0.000000E+00 +0.000000E+00 -0.126012E-02 -0.157996E-03 +0.000000E+00 +0.113473E-02 +0.000000E+00 +0.000000E+00
 +0.110366E+01 -0.102450E+03 -0.138644E+03 -0.805660E+02 -0.723392E+02 +0.296864E+02 +0.000000E+00 +0.000000E+00 -0.125979E-02 -0.156309E-03 +0.000000E+00 +0.112808E-02 +0.000000E+00 +0.000000E+00
 +0.110366E+01 -0.102460E+03 -0.138523E+03 -0.803741E+02 -0.722361E+02 +0.295114E+02 +0.000000E+00 +0.000000E+00 -0.125945E-02 -0.154622E-03 +0.000000E+00 +0.112143E-02 +0.000000E+00 +0.000000E+00
 +0.110366E+01 -0.102470E+03 -0.138403E+03 -0.801823E+02 -0.721330E+02 +0.293363E+02 +0.000000E+00 +0.000000E+00 -0.125912E-02 -0.152935E-03 +0.000000E+00 +0.111478E-02 +0.000000E+00 +0.000000E+00
 +0.110366E+01 -0.102480E+03 -0.138282E+03 -0.799904E+02 -0.720299E+02 +0.291613E+02 +0.000000E+00 +0.000000E+00 -0.125879E-02 -0.151248E-03 +0.000000E+00 +0.110813E-02 +0.000000E+00 +0.000000E+00
 +0.110366E+01 -0.102490E+03 -0.138162E+03 -0.797985E+02 -0.719269E+02 +0.289862E+02 +0.000000E+00 +0.000000E+00 -0.125846E-02 -0.149561E-03 +0.000000E+00 +0.110148E-02 +0.000000E+00 +0.000000E+00
 +0.110366E+01 -0.102500E+03 -0.138041E+03 -0.796066E+02 -0.718238E+02 +0.288112E+02 +0.000000E+00 +0.000000E+00 -0.125813E-02 -0.147875E-03 +0.000000E+00 +0.109483E-02 +0.000000E+00 +0.000000E+00
 +0.110366E+01 -0.102510E+03 -0.137933E+03 -0.794345E+02 -0.717314E+02 +0.286421E+02 +0.000000E+00 +0.000000E+00 -0.125784E-02 -0.146360E-03 +0.000000E+00 +0.108840E-02 +0.000000E+00 +0.000000E+00
 +0.110366E+01 -0.102520E+03 -0.137840E+03 -0.792856E+02 -0.716516E+02 +0.284801E+02 +0.000000E+00 +0.000000E+00 -0.125759E-02 -0.145047E-03 +0.000000E+00 +0.108224E-02 +0.000000E+00 +0.000000E+00
 +0.110366E+01 -0.102530E+03 -0.137747E+03 -0.791368E+02 -0.715718E+02 +0.283180E+02 +0.000000E+00 +0.000000E+00 -0.125734E-02 -0.143735E-03 +0.000000E+00 +0.107608E-02 +0.000000E+00 +0.000000E+00
 +0.110366E+01 -0.102540E+03 -0.137655E+03 -0.789879E+02 -0.714920E+02 +0.281559E+02 +0.000000E+00 +0.000000E+00 -0.125709E-02 -0.142422E-03 +0.000000E+00 +0.106993E-02 +0.000000E+00 +0.000000E+00
 +0.110366E+01 -0.102550E+03 -0.137562E+03 -0.788390E+02 -0.714122E+02 +0.279939E+02 +0.000000E+00 +0.000000E+00 -0.125684E-02 -0.141109E-03 +0.000000E+00 +0.106377E-02 +0.000000E+00 +0.000000E+00
 +0.110366E+01 -0.102560E+03 -0.137469E+03 -0.786901E+02 -0.713324E+02 +0.278318E+02 +0.000000E+00 +0.000000E+00 -0.125659E-02 -0.139797E-03 +0.000000E+00 +0.105761E-02 +0.000000E+00 +0.000000E+00
 +0.110366E+01 -0.102570E+03 -0.137376E+03 -0.785324E+02 -0.712497E+02 +0.276815E+02 +0.000000E+00 +0.000000E+00 -0.125640E-02 -0.138371E-03 +0.000000E+00 +0.105190E-02 +0.000000E+00 +0.000000E+00
 +0.110366E+01 -0.102580E+03 -0.137283E+03 -0.783727E+02 -0.711663E+02 +0.275339E+02 +0.000000E+00 +0.000000E+00 -0.125621E-02 -0.136921E-03 +0.000000E+00 +0.104629E-02 +0.000000E+00 +0.000000E+00
 +0.110366E+01 -0.102590E+03 -0.137190E+03 -0.782130E+02 -0.710830E+02 +0.273862E+02 +0.000000E+00 +0.000000E+00 -0.125603E-02 -0.135471E-03 +0.000000E+00 +0.104068E-02 +0.000000E+00 +0.000000E+00
 +0.110366E+01 -0.102600E+03 -0.137097E+03 -0.780533E+02 -0.709996E+02 +0.272385E+02 +0.000000E+00 +0.000000E+00 -0.125585E-02 -0.134020E-03 +0.000000E+00 +0.103506E-02 +0.000000E+00 +0.000000E+00
 +0.110366E+01 -0.102610E+03 -0.137004E+03 -0.778937E+02 -0.709163E+02 +0.270909E+02 +0.000000E+00 +0.000000E+00 -0.125567E-02 -0.132570E-03 +0.000000E+00 +0.102945E-02 +0.000000E+00 +0.000000E+00
 +0.110366E+01 -0.102620E+03 -0.136911E+03 -0.777340E+02 -0.708329E+02 +0.269432E+02 +0.000000E+00 +0.000000E+00 -0.125549E-02 -0.131120E-03 +0.000000E+00 +0.102384E-02 +0.000000E+00 +0.000000E+00
 +0.110366E+01 -0.102630E+03 -0.136818E+03 -0.775743E+02 -0.707496E+02 +0.267955E+02 +0.000000E+00 +0.000000E+00 -0.125531E-02 -0.129670E-03 +0.000000E+00 +0.101823E-02 +0.000000E+00 +0.000000E+00
 +0.110366E+01 -0.102640E+03 -0.136725E+03 -0.774146E+02 -0.706662E+02 +0.266478E+02 +0.000000E+00 +0.000000E+00 -0.125513E-02 -0.128219E-03 +0.000000E+00 +0.101262E-02 +0.000000E+00 +0.000000E+00
 +0.110366E+01 -0.102650E+03 -0.136640E+03 -0.772669E+02 -0.705892E+02 +0.265026E+02 +0.000000E+00 +0.000000E+00 -0.125496E-02 -0.126876E-03 +0.000000E+00 +0.100710E-02 +0.000000E+00 +0.000000E+00
 +0.110366E+01 -0.102660E+03 -0.136556E+03 -0.771220E+02 -0.705137E+02 +0.263579E+02 +0.000000E+00 +0.000000E+00 -0.125480E-02 -0.125558E-03 +0.000000E+00 +0.100160E-02 +0.000000E+00 +0.000000E+00
 +0.110366E+01 -0.102670E+03 -0.136472E+03 -0.769770E+02 -0.704381E+02 +0.262132E+02 +0.000000E+00 +0.000000E+00 -0.125464E-02 -0.124239E-03 +0.000000E+00 +0.996101E-03 +0.000000E+00 +0.000000E+00
 +0.110366E+01 -0.102680E+03 -0.136388E+03 -0.768320E+02 -0.703625E+02 +0.260685E+02 +0.000000E+00 +0.000000E+00 -0.125448E-02 -0.122921E-03 +0.000000E+00 +0.990602E-03 +0.000000E+00 +0.000000E+00
 +0.110366E+01 -0.102690E+03 -0.136304E+03 -0.766871E+02 -0.702870E+02 +0.259238E+02 +0.000000E+00 +0.000000E+00 -0.125432E-02 -0.121602E-03 +0.000000E+00 +0.985103E-03 +0.000000E+00 +0.000000E+00
 +0.110366E+01 -0.102700E+03 -0.136220E+03 -0.765421E+02 -0.702114E+02 +0.257791E+02 +0.000000E+00 +0.000000E+00 -0.125416E-02 -0.120284E-03 +0.000000E+00 +0.979605E-03 +0.000000E+00 +0.000000E+00
 +0.110366E+01 -0.102710E+03 -0.136136E+03 -0.763972E+02 -0.701358E+02 +0.256344E+02 +0.000000E+00 +0.000000E+00 -0.125400E-02 -0.118965E-03 +0.000000E+00 +0.974106E-03 +0.000000E+00 +0.000000E+00
 +0.110366E+01 -0.102720E+03 -0.136056E+03 -0.762501E+02 -0.700611E+02 +0.254923E+02 +0.000000E+00 +0.000000E+00 -0.125391E-02 -0.117591E-03 +0.000000E+00 +0.968706E-03 +0.000000E+00 +0.000000E+00
 +0.110366E+01 -0.102730E+03 -0.135994E+03 -0.760958E+02 -0.699896E+02 +0.253594E+02 +0.000000E+00 +0.000000E+00 -0.125408E-02 -0.116017E-03 +0.000000E+00 +0.963656E-03 +0.000000E+00 +0.000000E+00
 +0.110366E+01 -0.102740E+03 -0.135931E+03 -0.759414E+02 -0.699180E+02 +0.252265E+02 +0.000000E+00 +0.000000E+00 -0.125425E-02 -0.114444E-03 +0.000000E+00 +0.958606E-03 +0.000000E+00 +0.000000E+00
 +0.110366E+01 -0.102750E+03 -0.135869E+03 -0.757870E+02 -0.698465E+02 +0.250936E+02 +0.000000E+00 +0.000000E+00 -0.125443E-02 -0.112871E-03 +0.000000E+00 +0.953555E-03 +0.000000E+00 +0.000000E+00
 +0.110366E+01 -0.102760E+03 -0.135806E+03 -0.756327E+02 -0.697749E+02 +0.249607E+02 +0.000000E+00 +0.000000E+00 -0.125460E-02 -0.111297E-03 +0.000000E+00 +0.948505E-03 +0.000000E+00 +0.000000E+00
 +0.110366E+01 -0.102770E+03 -0.135744E+03 -0.754783E+02 -0.697033E+02 +0.248278E+02 +0.000000E+00 +0.000000E+00 -0.125477E-02 -0.109724E-03 +0.000000E+00 +0.943455E-03 +0.000000E+00 +0.000000E+00
 +0.110366E+01 -0.102780E+03 -0.135681E+03 -0.753239E+02 -0.696318E+02 +0.246949E+02 +0.000000E+00 +0.000000E+00 -0.125494E-02 -0.108150E-03 +0.000000E+00 +0.938404E-03 +0.000000E+00 +0.000000E+00
 +0.110366E+01 -0.102790E+03 -0.135619E+03 -0.751695E+02 -0.695602E+02 +0.245619E+02 +0.000000E+00 +0.000000E+00 -0.125512E-02 -0.106577E-03 +0.000000E+00 +0.933354E-03 +0.000000E+00 +0.000000E+00
 +0.110366E+01 -0.102800E+03 -0.135554E+03 -0.750173E+02 -0.694886E+02 +0.244280E+02 +0.000000E+00 +0.000000E+00 -0.125525E-02 -0.105045E-03 +0.000000E+00 +0.928264E-03 +0.000000E+00 +0.000000E+00
 +0.110366E+01 -0.102810E+03 -0.135477E+03 -0.748757E+02 -0.694164E+02 +0.242887E+02 +0.000000E+00 +0.000000E+00 -0.125515E-02 -0.103727E-03 +0.000000E+00 +0.922972E-03 +0.000000E+00 +0.000000E+00
 +0.110366E+01 -0.102820E+03 -0.135400E+03 -0.747342E+02 -0.693442E+02 +0.241495E+02 +0.000000E+00 +0.000000E+00 -0.125506E-02 -0.102408E-03 +0.000000E+00 +0.917679E-03 +0.000000E+00 +0.000000E+00
 +0.110366E+01 -0.102830E+03 -0.135323E+03 -0.745926E+02 -0.692721E+02 +0.240102E+02 +0.000000E+00 +0.000000E+00 -0.125496E-02 -0.101090E-03 +0.000000E+00 +0.912387E-03 +0.000000E+00 +0.000000E+00
 +0.110366E+01 -0.102840E+03 -0.135246E+03 -0.744511E+02 -0.691999E+02 +0.238709E+02 +0.000000E+00 +0.000000E+00 -0.125487E-02 -0.997714E-04 +0.000000E+00 +0.907094E-03 +0.000000E+00 +0.000000E+00
 +0.110366E+01 -0.102850E+03 -0.135169E+03 -0.743095E+02 -0.691278E+02 +0.237316E+02 +0.000000E+00 +0.000000E+00 -0.125478E-02 -0.984530E-04 +0.000000E+00 +0.901801E-03 +0.000000E+00 +0.000000E+00
 +0.110366E+01 -0.102860E+03 -0.135091E+03 -0.741680E+02 -0.690556E+02 +0.235923E+02 +0.000000E+00 +0.000000E+00 -0.125468E-02 -0.971346E-04 +0.000000E+00 +0.896509E-03 +0.000000E+00 +0.000000E+00
 +0.110366E+01 -0.102870E+03 -0.135014E+03 -0.740264E+02 -0.689835E+02 +0.234531E+02 +0.000000E+00 +0.000000E+00 -0.125459E-02 -0.958162E-04 +0.000000E+00 +0.891216E-03 +0.000000E+00 +0.000000E+00
 +0.110366E+01 -0.102880E+03 -0.134937E+03 -0.738849E+02 -0.689113E+02 +0.233138E+02 +0.000000E+00 +0.000000E+00 -0.125449E-02 -0.944978E-04 +0.000000E+00 +0.885923E-03 +0.000000E+00 +0.000000E+00
 +0.110366E+01 -0.102890E+03 -0.134858E+03 -0.737096E+02 -0.688272E+02 +0.231802E+02 +0.000000E+00 +0.000000E+00 -0.125458E-02 -0.927670E-04 +0.000000E+00 +0.880849E-03 +0.000000E+00 +0.000000E+00
 +0.110366E+01 -0.102900E+03 -0.134777E+03 -0.735181E+02 -0.687373E+02 +0.230495E+02 +0.000000E+00 +0.000000E+00 -0.125475E-02 -0.908361E-04 +0.000000E+00 +0.875882E-03 +0.000000E+00 +0.000000E+00
 +0.110366E+01 -0.102910E+03 -0.134696E+03 -0.733265E+02 -0.686473E+02 +0.229188E+02 +0.000000E+00 +0.000000E+00 -0.125492E-02 -0.889051E-04 +0.000000E+00 +0.870914E-03 +0.000000E+00 +0.000000E+00
 +0.110366E+01 -0.102920E+03 -0.134615E+03 -0.731350E+02 -0.685574E+02 +0.227881E+02 +0.000000E+00 +0.000000E+00 -0.125509E-02 -0.869742E-04 +0.000000E+00 +0.865946E-03 +0.000000E+00 +0.000000E+00
 +0.110366E+01 -0.102930E+03 -0.134534E+03 -0.729435E+02 -0.684675E+02 +0.226573E+02 +0.000000E+00 +0.000000E+00 -0.125526E-02 -0.850433E-04 +0.000000E+00 +0.860978E-03 +0.000000E+00 +0.000000E+00
 +0.110366E+01 -0.102940E+03 -0.134453E+03 -0.727519E+02 -0.683776E+02 +0.225266E+02 +0.000000E+00 +0.000000E+00 -0.125543E-02 -0.831124E-04 +0.000000E+00 +0.856010E-03 +0.000000E+00 +0.000000E+00
 +0.110366E+01 -0.102950E+03 -0.134372E+03 -0.725604E+02 -0.682876E+02 +0.223959E+02 +0.000000E+00 +0.000000E+00 -0.125560E-02 -0.811815E-04 +0.000000E+00 +0.851043E-03 +0.000000E+00 +0.000000E+00
 +0.110366E+01 -0.102960E+03 -0.134293E+03 -0.723771E+02 -0.682010E+02 +0.222650E+02 +0.000000E+00 +0.000000E+00 -0.125574E-02 -0.793446E-04 +0.000000E+00 +0.846070E-03 +0.000000E+00 +0.000000E+00
 +0.110366E+01 -0.102970E+03 -0.134224E+03 -0.722397E+02 -0.681329E+02 +0.221335E+02 +0.000000E+00 +0.000000E+00 -0.125572E-02 -0.780293E-04 +0.000000E+00 +0.841072E-03 +0.000000E+00 +0.000000E+00
 +0.110366E+01 -0.102980E+03 -0.134155E+03 -0.721024E+02 -0.680648E+02 +0.220019E+02 +0.000000E+00 +0.000000E+00 -0.125571E-02 -0.767141E-04 +0.000000E+00 +0.836073E-03 +0.000000E+00 +0.000000E+00
 +0.110366E+01 -0.102990E+03 -0.134086E+03 -0.719651E+02 -0.679967E+02 +0.218704E+02 +0.000000E+00 +0.000000E+00 -0.125569E-02 -0.753989E-04 +0.000000E+00 +0.831074E-03 +0.000000E+00 +0.000000E+00
 +0.110366E+01 -0.103000E+03 -0.134016E+03 -0.718277E+02 -0.679286E+02 +0.217388E+02 +0.000000E+00 +0.000000E+00 -0.125567E-02 -0.740836E-04 +0.000000E+00 +0.826076E-03 +0.000000E+00 +0.000000E+00
 +0.110366E+01 -0.103010E+03 -0.133947E+03 -0.716904E+02 -0.678605E+02 +0.216073E+02 +0.000000E+00 +0.000000E+00 -0.125565E-02 -0.727684E-04 +0.000000E+00 +0.821077E-03 +0.000000E+00 +0.000000E+00
 +0.110366E+01 -0.103020E+03 -0.133878E+03 -0.715530E+02 -0.677923E+02 +0.214758E+02 +0.000000E+00 +0.000000E+00 -0.125563E-02 -0.714532E-04 +0.000000E+00 +0.816079E-03 +0.000000E+00 +0.000000E+00
 +0.110366E+01 -0.103030E+03 -0.133809E+03 -0.714157E+02 -0.677242E+02 +0.213442E+02 +0.000000E+00 +0.000000E+00 -0.125561E-02 -0.701379E-04 +0.000000E+00 +0.811080E-03 +0.000000E+00 +0.000000E+00
 +0.110366E+01 -0.103040E+03 -0.133740E+03 -0.712783E+02 -0.676561E+02 +0.212127E+02 +0.000000E+00 +0.000000E+00 -0.125560E-02 -0.688227E-04 +0.000000E+00 +0.806082E-03 +0.000000E+00 +0.000000E+00
 +0.110366E+01 -0.103050E+03 -0.133671E+03 -0.711410E+02 -0.675880E+02 +0.210811E+02 +0.000000E+00 +0.000000E+00 -0.125558E-02 -0.675075E-04 +0.000000E+00 +0.801083E-03 +0.000000E+00 +0.000000E+00
 +0.110366E+01 -0.103060E+03 -0.133629E+03 -0.710020E+02 -0.675281E+02 +0.209616E+02 +0.000000E+00 +0.000000E+00 -0.125591E-02 -0.660040E-04 +0.000000E+00 +0.796541E-03 +0.000000E+00 +0.000000E+00
 +0.110366E+01 -0.103070E+03 -0.133597E+03 -0.708623E+02 -0.674717E+02 +0.208471E+02 +0.000000E+00 +0.000000E+00 -0.125639E-02 -0.644211E-04 +0.000000E+00 +0.792192E-03 +0.000000E+00 +0.000000E+00
 +0.110366E+01 -0.103080E+03 -0.133566E+03 -0.707226E+02 -0.674153E+02 +0.207327E+02 +0.000000E+00 +0.000000E+00 -0.125687E-02 -0.628381E-04 +0.000000E+00 +0.787842E-03 +0.000000E+00 +0.000000E+00
 +0.110366E+01 -0.103090E+03 -0.133535E+03 -0.705829E+02 -0.673589E+02 +0.206182E+02 +0.000000E+00 +0.000000E+00 -0.125735E-02 -0.612551E-04 +0.000000E+00 +0.783493E-03 +0.000000E+00 +0.000000E+00
 +0.110366E+01 -0.103100E+03 -0.133504E+03 -0.704432E+02 -0.673025E+02 +0.205038E+02 +0.000000E+00 +0.000000E+00 -0.125783E-02 -0.596722E-04 +0.000000E+00 +0.779144E-03 +0.000000E+00 +0.000000E+00
 +0.110366E+01 -0.103110E+03 -0.133473E+03 -0.703034E+02 -0.672461E+02 +0.203893E+02 +0.000000E+00 +0.000000E+00 -0.125830E-02 -0.580892E-04 +0.000000E+00 +0.774795E-03 +0.000000E+00 +0.000000E+00
 +0.110366E+01 -0.103120E+03 -0.133441E+03 -0.701637E+02 -0.671897E+02 +0.202749E+02 +0.000000E+00 +0.000000E+00 -0.125878E-02 -0.565063E-04 +0.000000E+00 +0.770445E-03 +0.000000E+00 +0.000000E+00
 +0.110366E+01 -0.103130E+03 -0.133398E+03 -0.700286E+02 -0.671309E+02 +0.201756E+02 +0.000000E+00 +0.000000E+00 -0.125908E-02 -0.550567E-04 +0.000000E+00 +0.766674E-03 +0.000000E+00 +0.000000E+00
 +0.110366E+01 -0.103140E+03 -0.133355E+03 -0.698937E+02 -0.670720E+02 +0.200771E+02 +0.000000E+00 +0.000000E+00 -0.125937E-02 -0.536131E-04 +0.000000E+00 +0.762929E-03 +0.000000E+00 +0.000000E+00
 +0.110366E+01 -0.103150E+03 -0.133311E+03 -0.697588E+02 -0.670131E+02 +0.199785E+02 +0.000000E+00 +0.000000E+00 -0.125966E-02 -0.521694E-04 +0.000000E+00 +0.759183E-03 +0.000000E+00 +0.000000E+00
 +0.110366E+01 -0.103160E+03 -0.133267E+03 -0.696239E+02 -0.669542E+02 +0.198799E+02 +0.000000E+00 +0.000000E+00 -0.125995E-02 -0.507258E-04 +0.000000E+00 +0.755438E-03 +0.000000E+00 +0.000000E+00
 +0.110366E+01 -0.103170E+03 -0.133224E+03 -0.694890E+02 -0.668952E+02 +0.197814E+02 +0.000000E+00 +0.000000E+00 -0.126024E-02 -0.492821E-04 +0.000000E+00 +0.751693E-03 +0.000000E+00 +0.000000E+00
 +0.110366E+01 -0.103180E+03 -0.133180E+03 -0.693541E+02 -0.668363E+02 +0.196828E+02 +0.000000E+00 +0.000000E+00 -0.126053E-02 -0.478384E-04 +0.000000E+00 +0.747947E-03 +0.000000E+00 +0.000000E+00
 +0.110366E+01 -0.103190E+03 -0.133137E+03 -0.692193E+02 -0.667774E+02 +0.195843E+02 +0.000000E+00 +0.000000E+00 -0.126082E-02 -0.463948E-04 +0.000000E+00 +0.744202E-03 +0.000000E+00 +0.000000E+00
 +0.110366E+01 -0.103200E+03 -0.133093E+03 -0.690844E+02 -0.667185E+02 +0.194857E+02 +0.000000E+00 +0.000000E+00 -0.126111E-02 -0.449511E-04 +0.000000E+00 +0.740456E-03 +0.000000E+00 +0.000000E+00
 +0.110366E+01 -0.103210E+03 -0.133049E+03 -0.689495E+02 -0.666596E+02 +0.193871E+02 +0.000000E+00 +0.000000E+00 -0.126140E-02 -0.435075E-04 +0.000000E+00 +0.736711E-03 +0.000000E+00 +0.000000E+00
 +0.110366E+01 -0.103220E+03 -0.133006E+03 -0.688146E+02 -0.666007E+02 +0.192886E+02 +0.000000E+00 +0.000000E+00 -0.126169E-02 -0.420638E-04 +0.000000E+00 +0.732965E-03 +0.000000E+00 +0.000000E+00
 +0.110366E+01 -0.103230E+03 -0.132962E+03 -0.686797E+02 -0.665418E+02 +0.191900E+02 +0.000000E+00 +0.000000E+00 -0.126199E-02 -0.406201E-04 +0.000000E+00 +0.729220E-03 +0.000000E+00 +0.000000E+00
 +0.110366E+01 -0.103240E+03 -0.132918E+03 -0.685448E+02 -0.664828E+02 +0.190914E+02 +0.000000E+00 +0.000000E+00 -0.126228E-02 -0.391765E-04 +0.000000E+00 +0.725474E-03 +0.000000E+00 +0.000000E+00
 +0.110366E+01 -0.103250E+03 -0.132875E+03 -0.684099E+02 -0.664239E+02 +0.189929E+02 +0.000000E+00 +0.000000E+00 -0.126257E-02 -0.377328E-04 +0.000000E+00 +0.721729E-03 +0.000000E+00 +0.000000E+00
 +0.110366E+01 -0.103260E+03 -0.132831E+03 -0.682750E+02 -0.663650E+02 +0.188943E+02 +0.000000E+00 +0.000000E+00 -0.126286E-02 -0.362892E-04 +0.000000E+00 +0.717984E-03 +0.000000E+00 +0.000000E+00
 +0.110366E+01 -0.103270E+03 -0.132788E+03 -0.681401E+02 -0.663061E+02 +0.187957E+02 +0.000000E+00 +0.000000E+00 -0.126315E-02 -0.348455E-04 +0.000000E+00 +0.714238E-03 +0.000000E+00 +0.000000E+00
 +0.110366E+01 -0.103280E+03 -0.132744E+03 -0.680052E+02 -0.662472E+02 +0.186972E+02 +0.000000E+00 +0.000000E+00 -0.126344E-02 -0.334019E-04 +0.000000E+00 +0.710493E-03 +0.000000E+00 +0.000000E+00
 +0.110366E+01 -0.103290E+03 -0.132700E+03 -0.678703E+02 -0.661883E+02 +0.185986E+02 +0.000000E+00 +0.000000E+00 -0.126373E-02 -0.319582E-04 +0.000000E+00 +0.706747E-03 +0.000000E+00 +0.000000E+00
 +0.110366E+01 -0.103300E+03 -0.132657E+03 -0.677354E+02 -0.661294E+02 +0.185000E+02 +0.000000E+00 +0.000000E+00 -0.126402E-02 -0.305145E-04 +0.000000E+00 +0.703002E-03 +0.000000E+00 +0.000000E+00
 +0.110366E+01 -0.103310E+03 -0.132613E+03 -0.676005E+02 -0.660704E+02 +0.184015E+02 +0.000000E+00 +0.000000E+00 -0.126431E-02 -0.290709E-04 +0.000000E+00 +0.699256E-03 +0.000000E+00 +0.000000E+00
 +0.110366E+01 -0.103320E+03 -0.132565E+03 -0.674376E+02 -0.660010E+02 +0.182936E+02 +0.000000E+00 +0.000000E+00 -0.126472E-02 -0.272959E-04 +0.000000E+00 +0.695157E-03 +0.000000E+00 +0.000000E+00
 +0.110366E+01 -0.103330E+03 -0.132517E+03 -0.672717E+02 -0.659304E+02 +0.181847E+02 +0.000000E+00 +0.000000E+00 -0.126515E-02 -0.254854E-04 +0.000000E+00 +0.691019E-03 +0.000000E+00 +0.000000E+00
 +0.110366E+01 -0.103340E+03 -0.132469E+03 -0.671059E+02 -0.658598E+02 +0.180758E+02 +0.000000E+00 +0.000000E+00 -0.126558E-02 -0.236749E-04 +0.000000E+00 +0.686882E-03 +0.000000E+00 +0.000000E+00
 +0.110366E+01 -0.103350E+03 -0.132421E+03 -0.669400E+02 -0.657892E+02 +0.179670E+02 +0.000000E+00 +0.000000E+00 -0.126601E-02 -0.218643E-04 +0.000000E+00 +0.682744E-03 +0.000000E+00 +0.000000E+00
 +0.110366E+01 -0.103360E+03 -0.132373E+03 -0.667741E+02 -0.657186E+02 +0.178581E+02 +0.000000E+00 +0.000000E+00 -0.126644E-02 -0.200538E-04 +0.000000E+00 +0.678607E-03 +0.000000E+00 +0.000000E+00
 +0.110366E+01 -0.103370E+03 -0.132325E+03 -0.666082E+02 -0.656480E+02 +0.177492E+02 +0.000000E+00 +0.000000E+00 -0.126687E-02 -0.182433E-04 +0.000000E+00 +0.674470E-03 +0.000000E+00 +0.000000E+00
 +0.110366E+01 -0.103380E+03 -0.132277E+03 -0.664423E+02 -0.655775E+02 +0.176403E+02 +0.000000E+00 +0.000000E+00 -0.126730E-02 -0.164328E-04 +0.000000E+00 +0.670332E-03 +0.000000E+00 +0.000000E+00
 +0.110366E+01 -0.103390E+03 -0.132229E+03 -0.662765E+02 -0.655069E+02 +0.175314E+02 +0.000000E+00 +0.000000E+00 -0.126772E-02 -0.146222E-04 +0.000000E+00 +0.666195E-03 +0.000000E+00 +0.000000E+00
 +0.110366E+01 -0.103400E+03 -0.132181E+03 -0.661106E+02 -0.654363E+02 +0.174226E+02 +0.000000E+00 +0.000000E+00 -0.126815E-02 -0.128117E-04 +0.000000E+00 +0.662057E-03 +0.000000E+00 +0.000000E+00
 +0.110366E+01 -0.103410E+03 -0.132133E+03 -0.659447E+02 -0.653657E+02 +0.173137E+02 +0.000000E+00 +0.000000E+00 -0.126858E-02 -0.110012E-04 +0.000000E+00 +0.657920E-03 +0.000000E+00 +0.000000E+00
 +0.110366E+01 -0.103420E+03 -0.132085E+03 -0.657788E+02 -0.652951E+02 +0.172048E+02 +0.000000E+00 +0.000000E+00 -0.126901E-02 -0.919065E-05 +0.000000E+00 +0.653782E-03 +0.000000E+00 +0.000000E+00
 +0.110366E+01 -0.103430E+03 -0.132037E+03 -0.656129E+02 -0.652245E+02 +0.170959E+02 +0.000000E+00 +0.000000E+00 -0.126944E-02 -0.738012E-05 +0.000000E+00 +0.649645E-03 +0.000000E+00 +0.000000E+00
 +0.110366E+01 -0.103440E+03 -0.131989E+03 -0.654471E+02 -0.651539E+02 +0.169870E+02 +0.000000E+00 +0.000000E+00 -0.126987E-02 -0.556959E-05 +0.000000E+00 +0.645507E-03 +0.000000E+00 +0.000000E+00
 +0.110366E+01 -0.103450E+03 -0.131941E+03 -0.652812E+02 -0.650833E+02 +0.168782E+02 +0.000000E+00 +0.000000E+00 -0.127030E-02 -0.375907E-05 +0.000000E+00 +0.641370E-03 +0.000000E+00 +0.000000E+00
 +0.110366E+01 -0.103460E+03 -0.131893E+03 -0.651153E+02 -0.650127E+02 +0.167693E+02 +0.000000E+00 +0.000000E+00 -0.127073E-02 -0.194854E-05 +0.000000E+00 +0.637232E-03 +0.000000E+00 +0.000000E+00
 +0.110366E+01 -0.103470E+03 -0.131845E+03 -0.649494E+02 -0.649422E+02 +0.166604E+02 +0.000000E+00 +0.000000E+00 -0.127115E-02 -0.138011E-06 +0.000000E+00 +0.633095E-03 +0.000000E+00 +0.000000E+00
 +0.110366E+01 -0.103480E+03 -0.131797E+03 -0.647835E+02 -0.648716E+02 +0.165515E+02 +0.000000E+00 +0.000000E+00 -0.127158E-02 +0.167252E-05 +0.000000E+00 +0.628957E-03 +0.000000E+00 +0.000000E+00
 +0.110366E+01 -0.103490E+03 -0.131749E+03 -0.646177E+02 -0.648010E+02 +0.164426E+02 +0.000000E+00 +0.000000E+00 -0.127201E-02 +0.348304E-05 +0.000000E+00 +0.624820E-03 +0.000000E+00 +0.000000E+00
 +0.110366E+01 -0.103500E+03 -0.131701E+03 -0.644518E+02 -0.647304E+02 +0.163338E+02 +0.000000E+00 +0.000000E+00 -0.127244E-02 +0.529357E-05 +0.000000E+00 +0.620683E-03 +0.000000E+00 +0.000000E+00
 +0.110366E+01 -0.103510E+03 -0.131653E+03 -0.642859E+02 -0.646598E+02 +0.162249E+02 +0.000000E+00 +0.000000E+00 -0.127287E-02 +0.710410E-05 +0.000000E+00 +0.616545E-03 +0.000000E+00 +0.000000E+00
 +0.110366E+01 -0.103520E+03 -0.131605E+03 -0.641200E+02 -0.645892E+02 +0.161160E+02 +0.000000E+00 +0.000000E+00 -0.127330E-02 +0.891463E-05 +0.000000E+00 +0.612408E-03 +0.000000E+00 +0.000000E+00
 +0.110366E+01 -0.103530E+03 -0.131558E+03 -0.639616E+02 -0.645216E+02 +0.160088E+02 +0.000000E+00 +0.000000E+00 -0.127370E-02 +0.106385E-04 +0.000000E+00 +0.608335E-03 +0.000000E+00 +0.000000E+00
 +0.110366E+01 -0.103540E+03 -0.131528E+03 -0.638903E+02 -0.644881E+02 +0.159214E+02 +0.000000E+00 +0.000000E+00 -0.127376E-02 +0.113582E-04 +0.000000E+00 +0.605014E-03 +0.000000E+00 +0.000000E+00
 +0.110366E+01 -0.103550E+03 -0.131498E+03 -0.638189E+02 -0.644546E+02 +0.158340E+02 +0.000000E+00 +0.000000E+00 -0.127383E-02 +0.120779E-04 +0.000000E+00 +0.601694E-03 +0.000000E+00 +0.000000E+00
 +0.110366E+01 -0.103560E+03 -0.131468E+03 -0.637475E+02 -0.644211E+02 +0.157467E+02 +0.000000E+00 +0.000000E+00 -0.127389E-02 +0.127976E-04 +0.000000E+00 +0.598373E-03 +0.000000E+00 +0.000000E+00
 +0.110366E+01 -0.103570E+03 -0.131438E+03 -0.636762E+02 -0.643876E+02 +0.156593E+02 +0.000000E+00 +0.000000E+00 -0.127395E-02 +0.135173E-04 +0.000000E+00 +0.595052E-03 +0.000000E+00 +0.000000E+00
 +0.110366E+01 -0.103580E+03 -0.131408E+03 -0.636048E+02 -0.643541E+02 +0.155719E+02 +0.000000E+00 +0.000000E+00 -0.127402E-02 +0.142370E-04 +0.000000E+00 +0.591732E-03 +0.000000E+00 +0.000000E+00
 +0.110366E+01 -0.103590E+03 -0.131378E+03 -0.635334E+02 -0.643206E+02 +0.154845E+02 +0.000000E+00 +0.000000E+00 -0.127408E-02 +0.149567E-04 +0.000000E+00 +0.588411E-03 +0.000000E+00 +0.000000E+00
 +0.110366E+01 -0.103600E+03 -0.131347E+03 -0.634621E+02 -0.642871E+02 +0.153971E+02 +0.000000E+00 +0.000000E+00 -0.127415E-02 +0.156763E-04 +0.000000E+00 +0.585090E-03 +0.000000E+00 +0.000000E+00
 +0.110366E+01 -0.103610E+03 -0.131317E+03 -0.633907E+02 -0.642536E+02 +0.153097E+02 +0.000000E+00 +0.000000E+00 -0.127421E-02 +0.163960E-04 +0.000000E+00 +0.581769E-03 +0.000000E+00 +0.000000E+00
 +0.110366E+01 -0.103620E+03 -0.131287E+03 -0.633193E+02 -0.642202E+02 +0.152223E+02 +0.000000E+00 +0.000000E+00 -0.127427E-02 +0.171157E-04 +0.000000E+00 +0.578449E-03 +0.000000E+00 +0.000000E+00
 +0.110366E+01 -0.103630E+03 -0.131257E+03 -0.632480E+02 -0.641867E+02 +0.151349E+02 +0.000000E+00 +0.000000E+00 -0.127434E-02 +0.178354E-04 +0.000000E+00 +0.575128E-03 +0.000000E+00 +0.000000E+00
 +0.110366E+01 -0.103640E+03 -0.131227E+03 -0.631766E+02 -0.641532E+02 +0.150476E+02 +0.000000E+00 +0.000000E+00 -0.127440E-02 +0.185551E-04 +0.000000E+00 +0.571807E-03 +0.000000E+00 +0.000000E+00
 +0.110366E+01 -0.103650E+03 -0.131197E+03 -0.631052E+02 -0.641197E+02 +0.149602E+02 +0.000000E+00 +0.000000E+00 -0.127447E-02 +0.192748E-04 +0.000000E+00 +0.568487E-03 +0.000000E+00 +0.000000E+00
 +0.110366E+01 -0.103660E+03 -0.131167E+03 -0.630339E+02 -0.640862E+02 +0.148728E+02 +0.000000E+00 +0.000000E+00 -0.127453E-02 +0.199945E-04 +0.000000E+00 +0.565166E-03 +0.000000E+00 +0.000000E+00
 +0.110366E+01 -0.103670E+03 -0.131137E+03 -0.629625E+02 -0.640527E+02 +0.147854E+02 +0.000000E+00 +0.000000E+00 -0.127459E-02 +0.207142E-04 +0.000000E+00 +0.561845E-03 +0.000000E+00 +0.000000E+00
 +0.110366E+01 -0.103680E+03 -0.131107E+03 -0.628911E+02 -0.640192E+02 +0.146980E+02 +0.000000E+00 +0.000000E+00 -0.127466E-02 +0.214339E-04 +0.000000E+00 +0.558525E-03 +0.000000E+00 +0.000000E+00
 +0.110366E+01 -0.103690E+03 -0.131076E+03 -0.628197E+02 -0.639857E+02 +0.146106E+02 +0.000000E+00 +0.000000E+00 -0.127472E-02 +0.221536E-04 +0.000000E+00 +0.555204E-03 +0.000000E+00 +0.000000E+00
 +0.110366E+01 -0.103700E+03 -0.131046E+03 -0.627484E+02 -0.639522E+02 +0.145232E+02 +0.000000E+00 +0.000000E+00 -0.127479E-02 +0.228733E-04 +0.000000E+00 +0.551883E-03 +0.000000E+00 +0.000000E+00
 +0.110366E+01 -0.103710E+03 -0.131021E+03 -0.626707E+02 -0.639182E+02 +0.144382E+02 +0.000000E+00 +0.000000E+00 -0.127495E-02 +0.237023E-04 +0.000000E+00 +0.548652E-03 +0.000000E+00 +0.000000E+00
 +0.110366E+01 -0.103720E+03 -0.131019E+03 -0.625620E+02 -0.638816E+02 +0.143648E+02 +0.000000E+00 +0.000000E+00 -0.127560E-02 +0.250718E-04 +0.000000E+00 +0.545864E-03 +0.000000E+00 +0.000000E+00
 +0.110366E+01 -0.103730E+03 -0.131016E+03 -0.624534E+02 -0.638450E+02 +0.142914E+02 +0.000000E+00 +0.000000E+00 -0.127626E-02 +0.264413E-04 +0.000000E+00 +0.543075E-03 +0.000000E+00 +0.000000E+00
 +0.110366E+01 -0.103740E+03 -0.131014E+03 -0.623447E+02 -0.638084E+02 +0.142181E+02 +0.000000E+00 +0.000000E+00 -0.127691E-02 +0.278108E-04 +0.000000E+00 +0.540287E-03 +0.000000E+00 +0.000000E+00
 +0.110366E+01 -0.103750E+03 -0.131012E+03 -0.622360E+02 -0.637718E+02 +0.141447E+02 +0.000000E+00 +0.000000E+00 -0.127756E-02 +0.291803E-04 +0.000000E+00 +0.537498E-03 +0.000000E+00 +0.000000E+00
 +0.110366E+01 -0.103760E+03 -0.131010E+03 -0.621273E+02 -0.637352E+02 +0.140713E+02 +0.000000E+00 +0.000000E+00 -0.127821E-02 +0.305498E-04 +0.000000E+00 +0.534710E-03 +0.000000E+00 +0.000000E+00
 +0.110366E+01 -0.103770E+03 -0.131007E+03 -0.620187E+02 -0.636986E+02 +0.139979E+02 +0.000000E+00 +0.000000E+00 -0.127887E-02 +0.319193E-04 +0.000000E+00 +0.531921E-03 +0.000000E+00 +0.000000E+00
 +0.110366E+01 -0.103780E+03 -0.131005E+03 -0.619100E+02 -0.636620E+02 +0.139245E+02 +0.000000E+00 +0.000000E+00 -0.127952E-02 +0.332888E-04 +0.000000E+00 +0.529133E-03 +0.000000E+00 +0.000000E+00
 +0.110366E+01 -0.103790E+03 -0.131003E+03 -0.618013E+02 -0.636254E+02 +0.138512E+02 +0.000000E+00 +0.000000E+00 -0.128017E-02 +0.346583E-04 +0.000000E+00 +0.526344E-03 +0.000000E+00 +0.000000E+00
 +0.110366E+01 -0.103800E+03 -0.131001E+03 -0.616926E+02 -0.635888E+02 +0.137778E+02 +0.000000E+00 +0.000000E+00 -0.128083E-02 +0.360277E-04 +0.000000E+00 +0.523556E-03 +0.000000E+00 +0.000000E+00
 +0.110366E+01 -0.103810E+03 -0.130999E+03 -0.615839E+02 -0.635522E+02 +0.137044E+02 +0.000000E+00 +0.000000E+00 -0.128148E-02 +0.373972E-04 +0.000000E+00 +0.520767E-03 +0.000000E+00 +0.000000E+00
 +0.110366E+01 -0.103820E+03 -0.130996E+03 -0.614753E+02 -0.635156E+02 +0.136310E+02 +0.000000E+00 +0.000000E+00 -0.128213E-02 +0.387667E-04 +0.000000E+00 +0.517979E-03 +0.000000E+00 +0.000000E+00
 +0.110366E+01 -0.103830E+03 -0.130994E+03 -0.613666E+02 -0.634790E+02 +0.135576E+02 +0.000000E+00 +0.000000E+00 -0.128279E-02 +0.401362E-04 +0.000000E+00 +0.515190E-03 +0.000000E+00 +0.000000E+00
 +0.110366E+01 -0.103840E+03 -0.130992E+03 -0.612579E+02 -0.634424E+02 +0.134843E+02 +0.000000E+00 +0.000000E+00 -0.128344E-02 +0.415057E-04 +0.000000E+00 +0.512402E-03 +0.000000E+00 +0.000000E+00
 +0.110366E+01 -0.103850E+03 -0.130990E+03 -0.611492E+02 -0.634058E+02 +0.134109E+02 +0.000000E+00 +0.000000E+00 -0.128409E-02 +0.428752E-04 +0.000000E+00 +0.509613E-03 +0.000000E+00 +0.000000E+00
 +0.110366E+01 -0.103860E+03 -0.130987E+03 -0.610405E+02 -0.633692E+02 +0.133375E+02 +0.000000E+00 +0.000000E+00 -0.128474E-02 +0.442447E-04 +0.000000E+00 +0.506825E-03 +0.000000E+00 +0.000000E+00
 +0.110366E+01 -0.103870E+03 -0.130970E+03 -0.609407E+02 -0.633305E+02 +0.132742E+02 +0.000000E+00 +0.000000E+00 -0.128515E-02 +0.454062E-04 +0.000000E+00 +0.504421E-03 +0.000000E+00 +0.000000E+00
 +0.110366E+01 -0.103880E+03 -0.130944E+03 -0.608458E+02 -0.632906E+02 +0.132167E+02 +0.000000E+00 +0.000000E+00 -0.128541E-02 +0.464505E-04 +0.000000E+00 +0.502233E-03 +0.000000E+00 +0.000000E+00
 +0.110366E+01 -0.103890E+03 -0.130918E+03 -0.607509E+02 -0.632506E+02 +0.131591E+02 +0.000000E+00 +0.000000E+00 -0.128567E-02 +0.474949E-04 +0.000000E+00 +0.500046E-03 +0.000000E+00 +0.000000E+00
 +0.110366E+01 -0.103900E+03 -0.130892E+03 -0.606560E+02 -0.632107E+02 +0.131015E+02 +0.000000E+00 +0.000000E+00 -0.128594E-02 +0.485393E-04 +0.000000E+00 +0.497859E-03 +0.000000E+00 +0.000000E+00
 +0.110366E+01 -0.103910E+03 -0.130865E+03 -0.605611E+02 -0.631708E+02 +0.130440E+02 +0.000000E+00 +0.000000E+00 -0.128620E-02 +0.495836E-04 +0.000000E+00 +0.495671E-03 +0.000000E+00 +0.000000E+00
 +0.110366E+01 -0.103920E+03 -0.130839E+03 -0.604662E+02 -0.631309E+02 +0.129864E+02 +0.000000E+00 +0.000000E+00 -0.128646E-02 +0.506280E-04 +0.000000E+00 +0.493484E-03 +0.000000E+00 +0.000000E+00
 +0.110366E+01 -0.103930E+03 -0.130813E+03 -0.603713E+02 -0.630909E+02 +0.129289E+02 +0.000000E+00 +0.000000E+00 -0.128672E-02 +0.516723E-04 +0.000000E+00 +0.491297E-03 +0.000000E+00 +0.000000E+00
 +0.110366E+01 -0.103940E+03 -0.130787E+03 -0.602764E+02 -0.630510E+02 +0.128713E+02 +0.000000E+00 +0.000000E+00 -0.128699E-02 +0.527167E-04 +0.000000E+00 +0.489109E-03 +0.000000E+00 +0.000000E+00
 +0.110366E+01 -0.103950E+03 -0.130761E+03 -0.601815E+02 -0.630111E+02 +0.128137E+02 +0.000000E+00 +0.000000E+00 -0.128725E-02 +0.537611E-04 +0.000000E+00 +0.486922E-03 +0.000000E+00 +0.000000E+00
 +0.110366E+01 -0.103960E+03 -0.130735E+03 -0.600866E+02 -0.629711E+02 +0.127562E+02 +0.000000E+00 +0.000000E+00 -0.128751E-02 +0.548054E-04 +0.000000E+00 +0.484735E-03 +0.000000E+00 +0.000000E+00
 +0.110366E+01 -0.103970E+03 -0.130709E+03 -0.599918E+02 -0.629312E+02 +0.126986E+02 +0.000000E+00 +0.000000E+00 -0.128778E-02 +0.558498E-04 +0.000000E+00 +0.482547E-03 +0.000000E+00 +0.000000E+00
 +0.110366E+01 -0.103980E+03 -0.130683E+03 -0.598969E+02 -0.628913E+02 +0.126411E+02 +0.000000E+00 +0.000000E+00 -0.128804E-02 +0.568942E-04 +0.000000E+00 +0.480360E-03 +0.000000E+00 +0.000000E+00
 +0.110366E+01 -0.103990E+03 -0.130657E+03 -0.598020E+02 -0.628514E+02 +0.125835E+02 +0.000000E+00 +0.000000E+00 -0.128830E-02 +0.579385E-04 +0.000000E+00 +0.478173E-03 +0.000000E+00 +0.000000E+00
 +0.110366E+01 -0.104000E+03 -0.130631E+03 -0.597071E+02 -0.628114E+02 +0.125259E+02 +0.000000E+00 +0.000000E+00 -0.128856E-02 +0.589829E-04 +0.000000E+00 +0.475985E-03 +0.000000E+00 +0.000000E+00
 +0.110366E+01 -0.104010E+03 -0.130605E+03 -0.596122E+02 -0.627715E+02 +0.124684E+02 +0.000000E+00 +0.000000E+00 -0.128883E-02 +0.600272E-04 +0.000000E+00 +0.473798E-03 +0.000000E+00 +0.000000E+00
 +0.110366E+01 -0.104020E+03 -0.130578E+03 -0.595173E+02 -0.627316E+02 +0.124108E+02 +0.000000E+00 +0.000000E+00 -0.128909E-02 +0.610716E-04 +0.000000E+00 +0.471611E-03 +0.000000E+00 +0.000000E+00
 +0.110366E+01 -0.104030E+03 -0.130552E+03 -0.594224E+02 -0.626917E+02 +0.123532E+02 +0.000000E+00 +0.000000E+00 -0.128935E-02 +0.621160E-04 +0.000000E+00 +0.469423E-03 +0.000000E+00 +0.000000E+00
 +0.110366E+01 -0.104040E+03 -0.130526E+03 -0.593275E+02 -0.626517E+02 +0.122957E+02 +0.000000E+00 +0.000000E+00 -0.128962E-02 +0.631603E-04 +0.000000E+00 +0.467236E-03 +0.000000E+00 +0.000000E+00
 +0.110366E+01 -0.104050E+03 -0.130500E+03 -0.592326E+02 -0.626118E+02 +0.122381E+02 +0.000000E+00 +0.000000E+00 -0.128988E-02 +0.642047E-04 +0.000000E+00 +0.465049E-03 +0.000000E+00 +0.000000E+00
 +0.110366E+01 -0.104060E+03 -0.130474E+03 -0.591377E+02 -0.625719E+02 +0.121806E+02 +0.000000E+00 +0.000000E+00 -0.129014E-02 +0.652491E-04 +0.000000E+00 +0.462861E-03 +0.000000E+00 +0.000000E+00
 +0.110366E+01 -0.104070E+03 -0.130448E+03 -0.590428E+02 -0.625320E+02 +0.121230E+02 +0.000000E+00 +0.000000E+00 -0.129040E-02 +0.662934E-04 +0.000000E+00 +0.460674E-03 +0.000000E+00 +0.000000E+00
 +0.110366E+01 -0.104080E+03 -0.130422E+03 -0.589479E+02 -0.624920E+02 +0.120654E+02 +0.000000E+00 +0.000000E+00 -0.129067E-02 +0.673378E-04 +0.000000E+00 +0.458487E-03 +0.000000E+00 +0.000000E+00
 +0.110366E+01 -0.104090E+03 -0.130396E+03 -0.588530E+02 -0.624521E+02 +0.120079E+02 +0.000000E+00 +0.000000E+00 -0.129093E-02 +0.683821E-04 +0.000000E+00 +0.456299E-03 +0.000000E+00 +0.000000E+00
 +0.110366E+01 -0.104100E+03 -0.130370E+03 -0.587582E+02 -0.624122E+02 +0.119503E+02 +0.000000E+00 +0.000000E+00 -0.129119E-02 +0.694265E-04 +0.000000E+00 +0.454112E-03 +0.000000E+00 +0.000000E+00
 +0.110366E+01 -0.104110E+03 -0.130344E+03 -0.586633E+02 -0.623723E+02 +0.118928E+02 +0.000000E+00 +0.000000E+00 -0.129146E-02 +0.704709E-04 +0.000000E+00 +0.451925E-03 +0.000000E+00 +0.000000E+00
 +0.110366E+01 -0.104120E+03 -0.130317E+03 -0.585684E+02 -0.623323E+02 +0.118352E+02 +0.000000E+00 +0.000000E+00 -0.129172E-02 +0.715152E-04 +0.000000E+00 +0.449737E-03 +0.000000E+00 +0.000000E+00
 +0.110366E+01 -0.104130E+03 -0.130291E+03 -0.584735E+02 -0.622924E+02 +0.117776E+02 +0.000000E+00 +0.000000E+00 -0.129198E-02 +0.725596E-04 +0.000000E+00 +0.447550E-03 +0.000000E+00 +0.000000E+00
 +0.110366E+01 -0.104140E+03 -0.130265E+03 -0.583786E+02 -0.622525E+02 +0.117201E+02 +0.000000E+00 +0.000000E+00 -0.129224E-02 +0.736040E-04 +0.000000E+00 +0.445363E-03 +0.000000E+00 +0.000000E+00
 +0.110366E+01 -0.104150E+03 -0.130239E+03 -0.582837E+02 -0.622126E+02 +0.116625E+02 +0.000000E+00 +0.000000E+00 -0.129251E-02 +0.746483E-04 +0.000000E+00 +0.443175E-03 +0.000000E+00 +0.000000E+00
 +0.110366E+01 -0.104160E+03 -0.130213E+03 -0.581888E+02 -0.621726E+02 +0.116049E+02 +0.000000E+00 +0.000000E+00 -0.129277E-02 +0.756927E-04 +0.000000E+00 +0.440988E-03 +0.000000E+00 +0.000000E+00
 +0.110366E+01 -0.104170E+03 -0.130187E+03 -0.580939E+02 -0.621327E+02 +0.115474E+02 +0.000000E+00 +0.000000E+00 -0.129303E-02 +0.767370E-04 +0.000000E+00 +0.438801E-03 +0.000000E+00 +0.000000E+00
 +0.110366E+01 -0.104180E+03 -0.130161E+03 -0.579990E+02 -0.620928E+02 +0.114898E+02 +0.000000E+00 +0.000000E+00 -0.129329E-02 +0.777814E-04 +0.000000E+00 +0.436613E-03 +0.000000E+00 +0.000000E+00
 +0.110366E+01 -0.104190E+03 -0.130135E+03 -0.579041E+02 -0.620529E+02 +0.114323E+02 +0.000000E+00 +0.000000E+00 -0.129356E-02 +0.788258E-04 +0.000000E+00 +0.434426E-03 +0.000000E+00 +0.000000E+00
 +0.110366E+01 -0.104200E+03 -0.130109E+03 -0.578092E+02 -0.620129E+02 +0.113747E+02 +0.000000E+00 +0.000000E+00 -0.129382E-02 +0.798701E-04 +0.000000E+00 +0.432239E-03 +0.000000E+00 +0.000000E+00
 +0.110366E+01 -0.104210E+03 -0.130083E+03 -0.577143E+02 -0.619730E+02 +0.113171E+02 +0.000000E+00 +0.000000E+00 -0.129408E-02 +0.809145E-04 +0.000000E+00 +0.430051E-03 +0.000000E+00 +0.000000E+00
 +0.110366E+01 -0.104220E+03 -0.130057E+03 -0.576195E+02 -0.619331E+02 +0.112596E+02 +0.000000E+00 +0.000000E+00 -0.129435E-02 +0.819589E-04 +0.000000E+00 +0.427864E-03 +0.000000E+00 +0.000000E+00
 +0.110366E+01 -0.104230E+03 -0.130030E+03 -0.575246E+02 -0.618931E+02 +0.112020E+02 +0.000000E+00 +0.000000E+00 -0.129461E-02 +0.830032E-04 +0.000000E+00 +0.425677E-03 +0.000000E+00 +0.000000E+00
 +0.110366E+01 -0.104240E+03 -0.130004E+03 -0.574297E+02 -0.618532E+02 +0.111445E+02 +0.000000E+00 +0.000000E+00 -0.129487E-02 +0.840476E-04 +0.000000E+00 +0.423489E-03 +0.000000E+00 +0.000000E+00
 +0.110366E+01 -0.104250E+03 -0.129978E+03 -0.573348E+02 -0.618133E+02 +0.110869E+02 +0.000000E+00 +0.000000E+00 -0.129513E-02 +0.850919E-04 +0.000000E+00 +0.421302E-03 +0.000000E+00 +0.000000E+00
 +0.110366E+01 -0.104260E+03 -0.129959E+03 -0.572367E+02 -0.617745E+02 +0.110359E+02 +0.000000E+00 +0.000000E+00 -0.129550E-02 +0.862178E-04 +0.000000E+00 +0.419364E-03 +0.000000E+00 +0.000000E+00
 +0.110366E+01 -0.104270E+03 -0.129952E+03 -0.571338E+02 -0.617384E+02 +0.109911E+02 +0.000000E+00 +0.000000E+00 -0.129606E-02 +0.874866E-04 +0.000000E+00 +0.417661E-03 +0.000000E+00 +0.000000E+00
 +0.110366E+01 -0.104280E+03 -0.129946E+03 -0.570309E+02 -0.617023E+02 +0.109463E+02 +0.000000E+00 +0.000000E+00 -0.129662E-02 +0.887555E-04 +0.000000E+00 +0.415959E-03 +0.000000E+00 +0.000000E+00
 +0.110366E+01 -0.104290E+03 -0.129939E+03 -0.569280E+02 -0.616661E+02 +0.109015E+02 +0.000000E+00 +0.000000E+00 -0.129719E-02 +0.900243E-04 +0.000000E+00 +0.414256E-03 +0.000000E+00 +0.000000E+00
 +0.110366E+01 -0.104300E+03 -0.129932E+03 -0.568251E+02 -0.616300E+02 +0.108567E+02 +0.000000E+00 +0.000000E+00 -0.129775E-02 +0.912932E-04 +0.000000E+00 +0.412554E-03 +0.000000E+00 +0.000000E+00
 +0.110366E+01 -0.104310E+03 -0.129926E+03 -0.567222E+02 -0.615939E+02 +0.108119E+02 +0.000000E+00 +0.000000E+00 -0.129831E-02 +0.925620E-04 +0.000000E+00 +0.410851E-03 +0.000000E+00 +0.000000E+00
 +0.110366E+01 -0.104320E+03 -0.129919E+03 -0.566193E+02 -0.615577E+02 +0.107671E+02 +0.000000E+00 +0.000000E+00 -0.129887E-02 +0.938309E-04 +0.000000E+00 +0.409149E-03 +0.000000E+00 +0.000000E+00
 +0.110366E+01 -0.104330E+03 -0.129913E+03 -0.565164E+02 -0.615216E+02 +0.107223E+02 +0.000000E+00 +0.000000E+00 -0.129943E-02 +0.950997E-04 +0.000000E+00 +0.407446E-03 +0.000000E+00 +0.000000E+00
 +0.110366E+01 -0.104340E+03 -0.129906E+03 -0.564134E+02 -0.614855E+02 +0.106775E+02 +0.000000E+00 +0.000000E+00 -0.129999E-02 +0.963686E-04 +0.000000E+00 +0.405744E-03 +0.000000E+00 +0.000000E+00
 +0.110366E+01 -0.104350E+03 -0.129900E+03 -0.563105E+02 -0.614493E+02 +0.106327E+02 +0.000000E+00 +0.000000E+00 -0.130055E-02 +0.976375E-04 +0.000000E+00 +0.404041E-03 +0.000000E+00 +0.000000E+00
 +0.110366E+01 -0.104360E+03 -0.129893E+03 -0.562076E+02 -0.614132E+02 +0.105879E+02 +0.000000E+00 +0.000000E+00 -0.130112E-02 +0.989063E-04 +0.000000E+00 +0.402339E-03 +0.000000E+00 +0.000000E+00
 +0.110366E+01 -0.104370E+03 -0.129886E+03 -0.561047E+02 -0.613771E+02 +0.105431E+02 +0.000000E+00 +0.000000E+00 -0.130168E-02 +0.100175E-03 +0.000000E+00 +0.400636E-03 +0.000000E+00 +0.000000E+00
 +0.110366E+01 -0.104380E+03 -0.129880E+03 -0.560018E+02 -0.613409E+02 +0.104982E+02 +0.000000E+00 +0.000000E+00 -0.130224E-02 +0.101444E-03 +0.000000E+00 +0.398933E-03 +0.000000E+00 +0.000000E+00
 +0.110366E+01 -0.104390E+03 -0.129873E+03 -0.558989E+02 -0.613048E+02 +0.104534E+02 +0.000000E+00 +0.000000E+00 -0.130280E-02 +0.102713E-03 +0.000000E+00 +0.397231E-03 +0.000000E+00 +0.000000E+00
 +0.110366E+01 -0.104400E+03 -0.129867E+03 -0.557960E+02 -0.612687E+02 +0.104086E+02 +0.000000E+00 +0.000000E+00 -0.130336E-02 +0.103982E-03 +0.000000E+00 +0.395528E-03 +0.000000E+00 +0.000000E+00
 +0.110366E+01 -0.104410E+03 -0.129860E+03 -0.556931E+02 -0.612326E+02 +0.103638E+02 +0.000000E+00 +0.000000E+00 -0.130392E-02 +0.105251E-03 +0.000000E+00 +0.393826E-03 +0.000000E+00 +0.000000E+00
 +0.110366E+01 -0.104420E+03 -0.129854E+03 -0.555901E+02 -0.611964E+02 +0.103190E+02 +0.000000E+00 +0.000000E+00 -0.130449E-02 +0.106519E-03 +0.000000E+00 +0.392123E-03 +0.000000E+00 +0.000000E+00
 +0.110366E+01 -0.104430E+03 -0.129847E+03 -0.554872E+02 -0.611603E+02 +0.102742E+02 +0.000000E+00 +0.000000E+00 -0.130505E-02 +0.107788E-03 +0.000000E+00 +0.390421E-03 +0.000000E+00 +0.000000E+00
 +0.110366E+01 -0.104440E+03 -0.129840E+03 -0.553843E+02 -0.611242E+02 +0.102294E+02 +0.000000E+00 +0.000000E+00 -0.130561E-02 +0.109057E-03 +0.000000E+00 +0.388718E-03 +0.000000E+00 +0.000000E+00
 +0.110366E+01 -0.104450E+03 -0.129834E+03 -0.552814E+02 -0.610880E+02 +0.101846E+02 +0.000000E+00 +0.000000E+00 -0.130617E-02 +0.110326E-03 +0.000000E+00 +0.387016E-03 +0.000000E+00 +0.000000E+00
 +0.110366E+01 -0.104460E+03 -0.129827E+03 -0.551785E+02 -0.610519E+02 +0.101398E+02 +0.000000E+00 +0.000000E+00 -0.130673E-02 +0.111595E-03 +0.000000E+00 +0.385313E-03 +0.000000E+00 +0.000000E+00
 +0.110366E+01 -0.104470E+03 -0.129821E+03 -0.550756E+02 -0.610158E+02 +0.100950E+02 +0.000000E+00 +0.000000E+00 -0.130729E-02 +0.112864E-03 +0.000000E+00 +0.383611E-03 +0.000000E+00 +0.000000E+00
 +0.110366E+01 -0.104480E+03 -0.129814E+03 -0.549727E+02 -0.609796E+02 +0.100502E+02 +0.000000E+00 +0.000000E+00 -0.130786E-02 +0.114133E-03 +0.000000E+00 +0.381908E-03 +0.000000E+00 +0.000000E+00
 +0.110366E+01 -0.104490E+03 -0.129808E+03 -0.548698E+02 -0.609435E+02 +0.100054E+02 +0.000000E+00 +0.000000E+00 -0.130842E-02 +0.115401E-03 +0.000000E+00 +0.380206E-03 +0.000000E+00 +0.000000E+00
 +0.110366E+01 -0.104500E+03 -0.129801E+03 -0.547668E+02 -0.609074E+02 +0.996061E+01 +0.000000E+00 +0.000000E+00 -0.130898E-02 +0.116670E-03 +0.000000E+00 +0.378503E-03 +0.000000E+00 +0.000000E+00
 +0.110366E+01 -0.104510E+03 -0.129794E+03 -0.546639E+02 -0.608713E+02 +0.991580E+01 +0.000000E+00 +0.000000E+00 -0.130954E-02 +0.117939E-03 +0.000000E+00 +0.376800E-03 +0.000000E+00 +0.000000E+00
 +0.110366E+01 -0.104520E+03 -0.129788E+03 -0.545610E+02 -0.608351E+02 +0.987100E+01 +0.000000E+00 +0.000000E+00 -0.131010E-02 +0.119208E-03 +0.000000E+00 +0.375098E-03 +0.000000E+00 +0.000000E+00
 +0.110366E+01 -0.104530E+03 -0.129781E+03 -0.544581E+02 -0.607990E+02 +0.982619E+01 +0.000000E+00 +0.000000E+00 -0.131066E-02 +0.120477E-03 +0.000000E+00 +0.373395E-03 +0.000000E+00 +0.000000E+00
 +0.110366E+01 -0.104540E+03 -0.129775E+03 -0.543552E+02 -0.607629E+02 +0.978139E+01 +0.000000E+00 +0.000000E+00 -0.131122E-02 +0.121746E-03 +0.000000E+00 +0.371693E-03 +0.000000E+00 +0.000000E+00
 +0.110366E+01 -0.104550E+03 -0.129768E+03 -0.542523E+02 -0.607267E+02 +0.973659E+01 +0.000000E+00 +0.000000E+00 -0.131179E-02 +0.123014E-03 +0.000000E+00 +0.369990E-03 +0.000000E+00 +0.000000E+00
 +0.110366E+01 -0.104560E+03 -0.129762E+03 -0.541494E+02 -0.606906E+02 +0.969178E+01 +0.000000E+00 +0.000000E+00 -0.131235E-02 +0.124283E-03 +0.000000E+00 +0.368288E-03 +0.000000E+00 +0.000000E+00
 +0.110366E+01 -0.104570E+03 -0.129755E+03 -0.540465E+02 -0.606545E+02 +0.964698E+01 +0.000000E+00 +0.000000E+00 -0.131291E-02 +0.125552E-03 +0.000000E+00 +0.366585E-03 +0.000000E+00 +0.000000E+00
 +0.110366E+01 -0.104580E+03 -0.129748E+03 -0.539435E+02 -0.606183E+02 +0.960218E+01 +0.000000E+00 +0.000000E+00 -0.131347E-02 +0.126821E-03 +0.000000E+00 +0.364883E-03 +0.000000E+00 +0.000000E+00
 +0.110366E+01 -0.104590E+03 -0.129742E+03 -0.538406E+02 -0.605822E+02 +0.955737E+01 +0.000000E+00 +0.000000E+00 -0.131403E-02 +0.128090E-03 +0.000000E+00 +0.363180E-03 +0.000000E+00 +0.000000E+00
 +0.110366E+01 -0.104600E+03 -0.129735E+03 -0.537377E+02 -0.605461E+02 +0.951257E+01 +0.000000E+00 +0.000000E+00 -0.131459E-02 +0.129359E-03 +0.000000E+00 +0.361478E-03 +0.000000E+00 +0.000000E+00
 +0.110366E+01 -0.104610E+03 -0.129729E+03 -0.536348E+02 -0.605099E+02 +0.946777E+01 +0.000000E+00 +0.000000E+00 -0.131516E-02 +0.130628E-03 +0.000000E+00 +0.359775E-03 +0.000000E+00 +0.000000E+00
 +0.110366E+01 -0.104620E+03 -0.129722E+03 -0.535319E+02 -0.604738E+02 +0.942296E+01 +0.000000E+00 +0.000000E+00 -0.131572E-02 +0.131896E-03 +0.000000E+00 +0.358073E-03 +0.000000E+00 +0.000000E+00
 +0.110366E+01 -0.104630E+03 -0.129716E+03 -0.534290E+02 -0.604377E+02 +0.937816E+01 +0.000000E+00 +0.000000E+00 -0.131628E-02 +0.133165E-03 +0.000000E+00 +0.356370E-03 +0.000000E+00 +0.000000E+00
 +0.110366E+01 -0.104640E+03 -0.129709E+03 -0.533261E+02 -0.604016E+02 +0.933336E+01 +0.000000E+00 +0.000000E+00 -0.131684E-02 +0.134434E-03 +0.000000E+00 +0.354667E-03 +0.000000E+00 +0.000000E+00
 +0.110366E+01 -0.104650E+03 -0.129702E+03 -0.532232E+02 -0.603654E+02 +0.928855E+01 +0.000000E+00 +0.000000E+00 -0.131740E-02 +0.135703E-03 +0.000000E+00 +0.352965E-03 +0.000000E+00 +0.000000E+00
 +0.110366E+01 -0.104660E+03 -0.129696E+03 -0.531202E+02 -0.603293E+02 +0.924375E+01 +0.000000E+00 +0.000000E+00 -0.131796E-02 +0.136972E-03 +0.000000E+00 +0.351262E-03 +0.000000E+00 +0.000000E+00
 +0.110366E+01 -0.104670E+03 -0.129689E+03 -0.530173E+02 -0.602932E+02 +0.919894E+01 +0.000000E+00 +0.000000E+00 -0.131853E-02 +0.138241E-03 +0.000000E+00 +0.349560E-03 +0.000000E+00 +0.000000E+00
 +0.110366E+01 -0.104680E+03 -0.129683E+03 -0.529144E+02 -0.602570E+02 +0.915414E+01 +0.000000E+00 +0.000000E+00 -0.131909E-02 +0.139510E-03 +0.000000E+00 +0.347857E-03 +0.000000E+00 +0.000000E+00
 +0.110366E+01 -0.104690E+03 -0.129676E+03 -0.528115E+02 -0.602209E+02 +0.910934E+01 +0.000000E+00 +0.000000E+00 -0.131965E-02 +0.140778E-03 +0.000000E+00 +0.346155E-03 +0.000000E+00 +0.000000E+00
 +0.110366E+01 -0.104700E+03 -0.129669E+03 -0.527086E+02 -0.601848E+02 +0.906453E+01 +0.000000E+00 +0.000000E+00 -0.132021E-02 +0.142047E-03 +0.000000E+00 +0.344452E-03 +0.000000E+00 +0.000000E+00
 +0.110366E+01 -0.104710E+03 -0.129663E+03 -0.526057E+02 -0.601486E+02 +0.901973E+01 +0.000000E+00 +0.000000E+00 -0.132077E-02 +0.143316E-03 +0.000000E+00 +0.342750E-03 +0.000000E+00 +0.000000E+00
 +0.110366E+01 -0.104720E+03 -0.129656E+03 -0.525028E+02 -0.601125E+02 +0.897493E+01 +0.000000E+00 +0.000000E+00 -0.132133E-02 +0.144585E-03 +0.000000E+00 +0.341047E-03 +0.000000E+00 +0.000000E+00
 +0.110366E+01 -0.104730E+03 -0.129650E+03 -0.524268E+02 -0.600852E+02 +0.893028E+01 +0.000000E+00 +0.000000E+00 -0.132172E-02 +0.145509E-03 +0.000000E+00 +0.339351E-03 +0.000000E+00 +0.000000E+00
 +0.110366E+01 -0.104740E+03 -0.129643E+03 -0.523772E+02 -0.600666E+02 +0.888578E+01 +0.000000E+00 +0.000000E+00 -0.132195E-02 +0.146099E-03 +0.000000E+00 +0.337660E-03 +0.000000E+00 +0.000000E+00
 +0.110366E+01 -0.104750E+03 -0.129636E+03 -0.523275E+02 -0.600479E+02 +0.884128E+01 +0.000000E+00 +0.000000E+00 -0.132217E-02 +0.146688E-03 +0.000000E+00 +0.335969E-03 +0.000000E+00 +0.000000E+00
 +0.110366E+01 -0.104760E+03 -0.129629E+03 -0.522779E+02 -0.600293E+02 +0.879679E+01 +0.000000E+00 +0.000000E+00 -0.132240E-02 +0.147277E-03 +0.000000E+00 +0.334278E-03 +0.000000E+00 +0.000000E+00
 +0.110366E+01 -0.104770E+03 -0.129622E+03 -0.522282E+02 -0.600106E+02 +0.875229E+01 +0.000000E+00 +0.000000E+00 -0.132262E-02 +0.147866E-03 +0.000000E+00 +0.332587E-03 +0.000000E+00 +0.000000E+00
 +0.110366E+01 -0.104780E+03 -0.129615E+03 -0.521786E+02 -0.599920E+02 +0.870779E+01 +0.000000E+00 +0.000000E+00 -0.132284E-02 +0.148455E-03 +0.000000E+00 +0.330896E-03 +0.000000E+00 +0.000000E+00
 +0.110366E+01 -0.104790E+03 -0.129608E+03 -0.521289E+02 -0.599733E+02 +0.866330E+01 +0.000000E+00 +0.000000E+00 -0.132307E-02 +0.149044E-03 +0.000000E+00 +0.329205E-03 +0.000000E+00 +0.000000E+00
 +0.110366E+01 -0.104800E+03 -0.129602E+03 -0.520793E+02 -0.599547E+02 +0.861880E+01 +0.000000E+00 +0.000000E+00 -0.132329E-02 +0.149633E-03 +0.000000E+00 +0.327514E-03 +0.000000E+00 +0.000000E+00
 +0.110366E+01 -0.104810E+03 -0.129595E+03 -0.520296E+02 -0.599360E+02 +0.857430E+01 +0.000000E+00 +0.000000E+00 -0.132352E-02 +0.150222E-03 +0.000000E+00 +0.325823E-03 +0.000000E+00 +0.000000E+00
 +0.110366E+01 -0.104820E+03 -0.129588E+03 -0.519799E+02 -0.599174E+02 +0.852981E+01 +0.000000E+00 +0.000000E+00 -0.132374E-02 +0.150811E-03 +0.000000E+00 +0.324133E-03 +0.000000E+00 +0.000000E+00
 +0.110366E+01 -0.104830E+03 -0.129581E+03 -0.519303E+02 -0.598987E+02 +0.848531E+01 +0.000000E+00 +0.000000E+00 -0.132396E-02 +0.151400E-03 +0.000000E+00 +0.322442E-03 +0.000000E+00 +0.000000E+00
 +0.110366E+01 -0.104840E+03 -0.129574E+03 -0.518806E+02 -0.598801E+02 +0.844081E+01 +0.000000E+00 +0.000000E+00 -0.132419E-02 +0.151990E-03 +0.000000E+00 +0.320751E-03 +0.000000E+00 +0.000000E+00
 +0.110366E+01 -0.104850E+03 -0.129567E+03 -0.518310E+02 -0.598614E+02 +0.839631E+01 +0.000000E+00 +0.000000E+00 -0.132441E-02 +0.152579E-03 +0.000000E+00 +0.319060E-03 +0.000000E+00 +0.000000E+00
 +0.110366E+01 -0.104860E+03 -0.129560E+03 -0.517813E+02 -0.598428E+02 +0.835182E+01 +0.000000E+00 +0.000000E+00 -0.132464E-02 +0.153168E-03 +0.000000E+00 +0.317369E-03 +0.000000E+00 +0.000000E+00
 +0.110366E+01 -0.104870E+03 -0.129554E+03 -0.517317E+02 -0.598241E+02 +0.830732E+01 +0.000000E+00 +0.000000E+00 -0.132486E-02 +0.153757E-03 +0.000000E+00 +0.315678E-03 +0.000000E+00 +0.000000E+00
 +0.110366E+01 -0.104880E+03 -0.129547E+03 -0.516820E+02 -0.598055E+02 +0.826282E+01 +0.000000E+00 +0.000000E+00 -0.132508E-02 +0.154346E-03 +0.000000E+00 +0.313987E-03 +0.000000E+00 +0.000000E+00
 +0.110366E+01 -0.104890E+03 -0.129540E+03 -0.516324E+02 -0.597868E+02 +0.821833E+01 +0.000000E+00 +0.000000E+00 -0.132531E-02 +0.154935E-03 +0.000000E+00 +0.312296E-03 +0.000000E+00 +0.000000E+00
 +0.110366E+01 -0.104900E+03 -0.129533E+03 -0.515827E+02 -0.597682E+02 +0.817383E+01 +0.000000E+00 +0.000000E+00 -0.132553E-02 +0.155524E-03 +0.000000E+00 +0.310606E-03 +0.000000E+00 +0.000000E+00
 +0.110366E+01 -0.104910E+03 -0.129526E+03 -0.515330E+02 -0.597495E+02 +0.812933E+01 +0.000000E+00 +0.000000E+00 -0.132576E-02 +0.156113E-03 +0.000000E+00 +0.308915E-03 +0.000000E+00 +0.000000E+00
 +0.110366E+01 -0.104920E+03 -0.129519E+03 -0.514834E+02 -0.597309E+02 +0.808484E+01 +0.000000E+00 +0.000000E+00 -0.132598E-02 +0.156702E-03 +0.000000E+00 +0.307224E-03 +0.000000E+00 +0.000000E+00
 +0.110366E+01 -0.104930E+03 -0.129512E+03 -0.514337E+02 -0.597122E+02 +0.804034E+01 +0.000000E+00 +0.000000E+00 -0.132620E-02 +0.157291E-03 +0.000000E+00 +0.305533E-03 +0.000000E+00 +0.000000E+00
 +0.110366E+01 -0.104940E+03 -0.129506E+03 -0.513841E+02 -0.596936E+02 +0.799584E+01 +0.000000E+00 +0.000000E+00 -0.132643E-02 +0.157881E-03 +0.000000E+00 +0.303842E-03 +0.000000E+00 +0.000000E+00
 +0.110366E+01 -0.104950E+03 -0.129499E+03 -0.513344E+02 -0.596749E+02 +0.795135E+01 +0.000000E+00 +0.000000E+00 -0.132665E-02 +0.158470E-03 +0.000000E+00 +0.302151E-03 +0.000000E+00 +0.000000E+00
 +0.110366E+01 -0.104960E+03 -0.129493E+03 -0.512837E+02 -0.596562E+02 +0.790736E+01 +0.000000E+00 +0.000000E+00 -0.132689E-02 +0.159077E-03 +0.000000E+00 +0.300480E-03 +0.000000E+00 +0.000000E+00
 +0.110366E+01 -0.104970E+03 -0.129501E+03 -0.512096E+02 -0.596345E+02 +0.787443E+01 +0.000000E+00 +0.000000E+00 -0.132747E-02 +0.160074E-03 +0.000000E+00 +0.299228E-03 +0.000000E+00 +0.000000E+00
 +0.110366E+01 -0.104980E+03 -0.129510E+03 -0.511355E+02 -0.596129E+02 +0.784150E+01 +0.000000E+00 +0.000000E+00 -0.132804E-02 +0.161072E-03 +0.000000E+00 +0.297977E-03 +0.000000E+00 +0.000000E+00
 +0.110366E+01 -0.104990E+03 -0.129518E+03 -0.510614E+02 -0.595913E+02 +0.780857E+01 +0.000000E+00 +0.000000E+00 -0.132861E-02 +0.162069E-03 +0.000000E+00 +0.296726E-03 +0.000000E+00 +0.000000E+00
