%X Y s_xx s_yy s_zz s_xy s_xz s_yz e_xx e_yy e_zz e_xy e_xz e_yz
 +0.110366E+01 -0.100000E+03 +0.345169E+03 -0.112228E+02 +0.110202E+03 -0.578785E+01 +0.000000E+00 +0.000000E+00 +0.446436E-02 -0.230707E-02 +0.000000E+00 -0.219938E-03 +0.000000E+00 +0.000000E+00
 +0.110366E+01 -0.100010E+03 +0.329520E+03 -0.553883E+01 +0.106914E+03 -0.883642E+01 +0.000000E+00 +0.000000E+00 +0.422952E-02 -0.213660E-02 +0.000000E+00 -0.335784E-03 +0.000000E+00 +0.000000E+00
 +0.110366E+01 -0.100020E+03 +0.313868E+03 +0.111049E+00 +0.103613E+03 -0.118758E+02 +0.000000E+00 +0.000000E+00 +0.399485E-02 -0.196654E-02 +0.000000E+00 -0.451280E-03 +0.000000E+00 +0.000000E+00
 +0.110366E+01 -0.100030E+03 +0.297529E+03 -0.467295E+00 +0.980302E+02 -0.132310E+02 +0.000000E+00 +0.000000E+00 +0.379047E-02 -0.187145E-02 +0.000000E+00 -0.502777E-03 +0.000000E+00 +0.000000E+00
 +0.110366E+01 -0.100040E+03 +0.281238E+03 -0.104674E+01 +0.924632E+02 -0.145692E+02 +0.000000E+00 +0.000000E+00 +0.358673E-02 -0.177669E-02 +0.000000E+00 -0.553628E-03 +0.000000E+00 +0.000000E+00
 +0.110366E+01 -0.100050E+03 +0.269464E+03 -0.172603E+01 +0.883534E+02 -0.143593E+02 +0.000000E+00 +0.000000E+00 +0.344109E-02 -0.171151E-02 +0.000000E+00 -0.545655E-03 +0.000000E+00 +0.000000E+00
 +0.110366E+01 -0.100060E+03 +0.257729E+03 -0.240604E+01 +0.842565E+02 -0.141426E+02 +0.000000E+00 +0.000000E+00 +0.329597E-02 -0.164659E-02 +0.000000E+00 -0.537418E-03 +0.000000E+00 +0.000000E+00
 +0.110366E+01 -0.100070E+03 +0.248402E+03 -0.312905E+01 +0.809401E+02 -0.135077E+02 +0.000000E+00 +0.000000E+00 +0.318178E-02 -0.159731E-02 +0.000000E+00 -0.513293E-03 +0.000000E+00 +0.000000E+00
 +0.110366E+01 -0.100080E+03 +0.239111E+03 -0.385250E+01 +0.776354E+02 -0.128675E+02 +0.000000E+00 +0.000000E+00 +0.306804E-02 -0.154827E-02 +0.000000E+00 -0.488964E-03 +0.000000E+00 +0.000000E+00
 +0.110366E+01 -0.100090E+03 +0.231429E+03 -0.459624E+01 +0.748548E+02 -0.119873E+02 +0.000000E+00 +0.000000E+00 +0.297491E-02 -0.150957E-02 +0.000000E+00 -0.455516E-03 +0.000000E+00 +0.000000E+00
 +0.110366E+01 -0.100100E+03 +0.223779E+03 -0.534038E+01 +0.720848E+02 -0.111036E+02 +0.000000E+00 +0.000000E+00 +0.288219E-02 -0.147108E-02 +0.000000E+00 -0.421939E-03 +0.000000E+00 +0.000000E+00
 +0.110366E+01 -0.100110E+03 +0.217295E+03 -0.609922E+01 +0.696945E+02 -0.100975E+02 +0.000000E+00 +0.000000E+00 +0.280440E-02 -0.144008E-02 +0.000000E+00 -0.383704E-03 +0.000000E+00 +0.000000E+00
 +0.110366E+01 -0.100120E+03 +0.210840E+03 -0.685849E+01 +0.673140E+02 -0.908897E+01 +0.000000E+00 +0.000000E+00 +0.272700E-02 -0.140928E-02 +0.000000E+00 -0.345381E-03 +0.000000E+00 +0.000000E+00
 +0.110366E+01 -0.100130E+03 +0.205283E+03 -0.763037E+01 +0.652253E+02 -0.801164E+01 +0.000000E+00 +0.000000E+00 +0.266109E-02 -0.138426E-02 +0.000000E+00 -0.304442E-03 +0.000000E+00 +0.000000E+00
 +0.110366E+01 -0.100140E+03 +0.199753E+03 -0.840268E+01 +0.631458E+02 -0.693305E+01 +0.000000E+00 +0.000000E+00 +0.259555E-02 -0.135942E-02 +0.000000E+00 -0.263456E-03 +0.000000E+00 +0.000000E+00
 +0.110366E+01 -0.100150E+03 +0.194940E+03 -0.918600E+01 +0.612988E+02 -0.582266E+01 +0.000000E+00 +0.000000E+00 +0.253918E-02 -0.133921E-02 +0.000000E+00 -0.221261E-03 +0.000000E+00 +0.000000E+00
 +0.110366E+01 -0.100160E+03 +0.190153E+03 -0.996973E+01 +0.594606E+02 -0.471189E+01 +0.000000E+00 +0.000000E+00 +0.248316E-02 -0.131918E-02 +0.000000E+00 -0.179052E-03 +0.000000E+00 +0.000000E+00
 +0.110366E+01 -0.100170E+03 +0.185954E+03 -0.107625E+02 +0.578131E+02 -0.359259E+01 +0.000000E+00 +0.000000E+00 +0.243467E-02 -0.130294E-02 +0.000000E+00 -0.136518E-03 +0.000000E+00 +0.000000E+00
 +0.110366E+01 -0.100180E+03 +0.181779E+03 -0.115557E+02 +0.561738E+02 -0.247371E+01 +0.000000E+00 +0.000000E+00 +0.238651E-02 -0.128686E-02 +0.000000E+00 -0.940008E-04 +0.000000E+00 +0.000000E+00
 +0.110366E+01 -0.100190E+03 +0.178096E+03 -0.123557E+02 +0.546943E+02 -0.136283E+01 +0.000000E+00 +0.000000E+00 +0.234463E-02 -0.127395E-02 +0.000000E+00 -0.517875E-04 +0.000000E+00 +0.000000E+00
 +0.110366E+01 -0.100200E+03 +0.174436E+03 -0.131560E+02 +0.532226E+02 -0.253070E+00 +0.000000E+00 +0.000000E+00 +0.230306E-02 -0.126119E-02 +0.000000E+00 -0.961667E-05 +0.000000E+00 +0.000000E+00
 +0.110366E+01 -0.100210E+03 +0.171193E+03 -0.139606E+02 +0.518868E+02 +0.837248E+00 +0.000000E+00 +0.000000E+00 +0.226682E-02 -0.125110E-02 +0.000000E+00 +0.318154E-04 +0.000000E+00 +0.000000E+00
 +0.110366E+01 -0.100220E+03 +0.167973E+03 -0.147653E+02 +0.505585E+02 +0.192581E+01 +0.000000E+00 +0.000000E+00 +0.223087E-02 -0.124115E-02 +0.000000E+00 +0.731809E-04 +0.000000E+00 +0.000000E+00
 +0.110366E+01 -0.100230E+03 +0.165109E+03 -0.155718E+02 +0.493474E+02 +0.298683E+01 +0.000000E+00 +0.000000E+00 +0.219948E-02 -0.123346E-02 +0.000000E+00 +0.113500E-03 +0.000000E+00 +0.000000E+00
 +0.110366E+01 -0.100240E+03 +0.162267E+03 -0.163783E+02 +0.481434E+02 +0.404553E+01 +0.000000E+00 +0.000000E+00 +0.216835E-02 -0.122591E-02 +0.000000E+00 +0.153730E-03 +0.000000E+00 +0.000000E+00
 +0.110366E+01 -0.100250E+03 +0.159734E+03 -0.171839E+02 +0.470415E+02 +0.507110E+01 +0.000000E+00 +0.000000E+00 +0.214116E-02 -0.122028E-02 +0.000000E+00 +0.192702E-03 +0.000000E+00 +0.000000E+00
 +0.110366E+01 -0.100260E+03 +0.157221E+03 -0.179893E+02 +0.459464E+02 +0.609385E+01 +0.000000E+00 +0.000000E+00 +0.211422E-02 -0.121478E-02 +0.000000E+00 +0.231566E-03 +0.000000E+00 +0.000000E+00
 +0.110366E+01 -0.100270E+03 +0.154976E+03 -0.187915E+02 +0.449410E+02 +0.707972E+01 +0.000000E+00 +0.000000E+00 +0.209067E-02 -0.121092E-02 +0.000000E+00 +0.269029E-03 +0.000000E+00 +0.000000E+00
 +0.110366E+01 -0.100280E+03 +0.152751E+03 -0.195932E+02 +0.439422E+02 +0.806235E+01 +0.000000E+00 +0.000000E+00 +0.206737E-02 -0.120717E-02 +0.000000E+00 +0.306369E-03 +0.000000E+00 +0.000000E+00
 +0.110366E+01 -0.100290E+03 +0.150761E+03 -0.203894E+02 +0.430227E+02 +0.900575E+01 +0.000000E+00 +0.000000E+00 +0.204703E-02 -0.120483E-02 +0.000000E+00 +0.342219E-03 +0.000000E+00 +0.000000E+00
 +0.110366E+01 -0.100300E+03 +0.148789E+03 -0.211849E+02 +0.421094E+02 +0.994555E+01 +0.000000E+00 +0.000000E+00 +0.202692E-02 -0.120259E-02 +0.000000E+00 +0.377931E-03 +0.000000E+00 +0.000000E+00
 +0.110366E+01 -0.100310E+03 +0.147024E+03 -0.219728E+02 +0.412668E+02 +0.108448E+02 +0.000000E+00 +0.000000E+00 +0.200938E-02 -0.120155E-02 +0.000000E+00 +0.412103E-03 +0.000000E+00 +0.000000E+00
 +0.110366E+01 -0.100320E+03 +0.145276E+03 -0.227599E+02 +0.404302E+02 +0.117402E+02 +0.000000E+00 +0.000000E+00 +0.199206E-02 -0.120061E-02 +0.000000E+00 +0.446127E-03 +0.000000E+00 +0.000000E+00
 +0.110366E+01 -0.100330E+03 +0.143709E+03 -0.235376E+02 +0.396567E+02 +0.125946E+02 +0.000000E+00 +0.000000E+00 +0.197700E-02 -0.120069E-02 +0.000000E+00 +0.478594E-03 +0.000000E+00 +0.000000E+00
 +0.110366E+01 -0.100340E+03 +0.142160E+03 -0.243142E+02 +0.388890E+02 +0.134448E+02 +0.000000E+00 +0.000000E+00 +0.196214E-02 -0.120086E-02 +0.000000E+00 +0.510903E-03 +0.000000E+00 +0.000000E+00
 +0.110366E+01 -0.100350E+03 +0.140771E+03 -0.250799E+02 +0.381779E+02 +0.142542E+02 +0.000000E+00 +0.000000E+00 +0.194926E-02 -0.120190E-02 +0.000000E+00 +0.541659E-03 +0.000000E+00 +0.000000E+00
 +0.110366E+01 -0.100360E+03 +0.139397E+03 -0.258442E+02 +0.374725E+02 +0.150592E+02 +0.000000E+00 +0.000000E+00 +0.193657E-02 -0.120302E-02 +0.000000E+00 +0.572250E-03 +0.000000E+00 +0.000000E+00
 +0.110366E+01 -0.100370E+03 +0.138166E+03 -0.265963E+02 +0.368181E+02 +0.158240E+02 +0.000000E+00 +0.000000E+00 +0.192562E-02 -0.120487E-02 +0.000000E+00 +0.601313E-03 +0.000000E+00 +0.000000E+00
 +0.110366E+01 -0.100380E+03 +0.136950E+03 -0.273469E+02 +0.361691E+02 +0.165843E+02 +0.000000E+00 +0.000000E+00 +0.191484E-02 -0.120680E-02 +0.000000E+00 +0.630203E-03 +0.000000E+00 +0.000000E+00
 +0.110366E+01 -0.100390E+03 +0.135861E+03 -0.280841E+02 +0.355663E+02 +0.173053E+02 +0.000000E+00 +0.000000E+00 +0.190559E-02 -0.120936E-02 +0.000000E+00 +0.657601E-03 +0.000000E+00 +0.000000E+00
 +0.110366E+01 -0.100400E+03 +0.134785E+03 -0.288197E+02 +0.349686E+02 +0.180216E+02 +0.000000E+00 +0.000000E+00 +0.189651E-02 -0.121198E-02 +0.000000E+00 +0.684822E-03 +0.000000E+00 +0.000000E+00
 +0.110366E+01 -0.100410E+03 +0.133822E+03 -0.295410E+02 +0.344128E+02 +0.186999E+02 +0.000000E+00 +0.000000E+00 +0.188878E-02 -0.121512E-02 +0.000000E+00 +0.710596E-03 +0.000000E+00 +0.000000E+00
 +0.110366E+01 -0.100420E+03 +0.132872E+03 -0.302605E+02 +0.338620E+02 +0.193734E+02 +0.000000E+00 +0.000000E+00 +0.188120E-02 -0.121833E-02 +0.000000E+00 +0.736190E-03 +0.000000E+00 +0.000000E+00
 +0.110366E+01 -0.100430E+03 +0.132023E+03 -0.309650E+02 +0.333492E+02 +0.200102E+02 +0.000000E+00 +0.000000E+00 +0.187481E-02 -0.122197E-02 +0.000000E+00 +0.760389E-03 +0.000000E+00 +0.000000E+00
 +0.110366E+01 -0.100440E+03 +0.131186E+03 -0.316675E+02 +0.328412E+02 +0.206422E+02 +0.000000E+00 +0.000000E+00 +0.186856E-02 -0.122567E-02 +0.000000E+00 +0.784405E-03 +0.000000E+00 +0.000000E+00
 +0.110366E+01 -0.100450E+03 +0.130439E+03 -0.323547E+02 +0.323680E+02 +0.212390E+02 +0.000000E+00 +0.000000E+00 +0.186336E-02 -0.122973E-02 +0.000000E+00 +0.807082E-03 +0.000000E+00 +0.000000E+00
 +0.110366E+01 -0.100460E+03 +0.129704E+03 -0.330395E+02 +0.318992E+02 +0.218310E+02 +0.000000E+00 +0.000000E+00 +0.185829E-02 -0.123384E-02 +0.000000E+00 +0.829576E-03 +0.000000E+00 +0.000000E+00
 +0.110366E+01 -0.100470E+03 +0.129049E+03 -0.337087E+02 +0.314622E+02 +0.223892E+02 +0.000000E+00 +0.000000E+00 +0.185415E-02 -0.123825E-02 +0.000000E+00 +0.850789E-03 +0.000000E+00 +0.000000E+00
 +0.110366E+01 -0.100480E+03 +0.128405E+03 -0.343755E+02 +0.310296E+02 +0.229426E+02 +0.000000E+00 +0.000000E+00 +0.185013E-02 -0.124270E-02 +0.000000E+00 +0.871819E-03 +0.000000E+00 +0.000000E+00
 +0.110366E+01 -0.100490E+03 +0.127833E+03 -0.350264E+02 +0.306260E+02 +0.234639E+02 +0.000000E+00 +0.000000E+00 +0.184692E-02 -0.124740E-02 +0.000000E+00 +0.891627E-03 +0.000000E+00 +0.000000E+00
 +0.110366E+01 -0.100500E+03 +0.127271E+03 -0.356748E+02 +0.302266E+02 +0.239803E+02 +0.000000E+00 +0.000000E+00 +0.184383E-02 -0.125213E-02 +0.000000E+00 +0.911252E-03 +0.000000E+00 +0.000000E+00
 +0.110366E+01 -0.100510E+03 +0.126773E+03 -0.363071E+02 +0.298538E+02 +0.244662E+02 +0.000000E+00 +0.000000E+00 +0.184147E-02 -0.125706E-02 +0.000000E+00 +0.929715E-03 +0.000000E+00 +0.000000E+00
 +0.110366E+01 -0.100520E+03 +0.126285E+03 -0.369368E+02 +0.294850E+02 +0.249473E+02 +0.000000E+00 +0.000000E+00 +0.183921E-02 -0.126202E-02 +0.000000E+00 +0.947996E-03 +0.000000E+00 +0.000000E+00
 +0.110366E+01 -0.100530E+03 +0.125856E+03 -0.375505E+02 +0.291407E+02 +0.253993E+02 +0.000000E+00 +0.000000E+00 +0.183758E-02 -0.126713E-02 +0.000000E+00 +0.965174E-03 +0.000000E+00 +0.000000E+00
 +0.110366E+01 -0.100540E+03 +0.125435E+03 -0.381615E+02 +0.288002E+02 +0.258466E+02 +0.000000E+00 +0.000000E+00 +0.183606E-02 -0.127227E-02 +0.000000E+00 +0.982173E-03 +0.000000E+00 +0.000000E+00
 +0.110366E+01 -0.100550E+03 +0.125066E+03 -0.387565E+02 +0.284822E+02 +0.262664E+02 +0.000000E+00 +0.000000E+00 +0.183510E-02 -0.127754E-02 +0.000000E+00 +0.998125E-03 +0.000000E+00 +0.000000E+00
 +0.110366E+01 -0.100560E+03 +0.124706E+03 -0.393486E+02 +0.281679E+02 +0.266816E+02 +0.000000E+00 +0.000000E+00 +0.183422E-02 -0.128281E-02 +0.000000E+00 +0.101390E-02 +0.000000E+00 +0.000000E+00
 +0.110366E+01 -0.100570E+03 +0.124393E+03 -0.399250E+02 +0.278743E+02 +0.270706E+02 +0.000000E+00 +0.000000E+00 +0.183385E-02 -0.128819E-02 +0.000000E+00 +0.102868E-02 +0.000000E+00 +0.000000E+00
 +0.110366E+01 -0.100580E+03 +0.124087E+03 -0.404985E+02 +0.275843E+02 +0.274551E+02 +0.000000E+00 +0.000000E+00 +0.183356E-02 -0.129357E-02 +0.000000E+00 +0.104329E-02 +0.000000E+00 +0.000000E+00
 +0.110366E+01 -0.100590E+03 +0.123824E+03 -0.410564E+02 +0.273133E+02 +0.278150E+02 +0.000000E+00 +0.000000E+00 +0.183370E-02 -0.129902E-02 +0.000000E+00 +0.105697E-02 +0.000000E+00 +0.000000E+00
 +0.110366E+01 -0.100600E+03 +0.123568E+03 -0.416113E+02 +0.270457E+02 +0.281703E+02 +0.000000E+00 +0.000000E+00 +0.183392E-02 -0.130448E-02 +0.000000E+00 +0.107047E-02 +0.000000E+00 +0.000000E+00
 +0.110366E+01 -0.100610E+03 +0.123350E+03 -0.421508E+02 +0.267958E+02 +0.285023E+02 +0.000000E+00 +0.000000E+00 +0.183453E-02 -0.130999E-02 +0.000000E+00 +0.108309E-02 +0.000000E+00 +0.000000E+00
 +0.110366E+01 -0.100620E+03 +0.123139E+03 -0.426874E+02 +0.265491E+02 +0.288299E+02 +0.000000E+00 +0.000000E+00 +0.183521E-02 -0.131549E-02 +0.000000E+00 +0.109554E-02 +0.000000E+00 +0.000000E+00
 +0.110366E+01 -0.100630E+03 +0.122962E+03 -0.432088E+02 +0.263187E+02 +0.291355E+02 +0.000000E+00 +0.000000E+00 +0.183623E-02 -0.132102E-02 +0.000000E+00 +0.110715E-02 +0.000000E+00 +0.000000E+00
 +0.110366E+01 -0.100640E+03 +0.122792E+03 -0.437272E+02 +0.260915E+02 +0.294368E+02 +0.000000E+00 +0.000000E+00 +0.183731E-02 -0.132655E-02 +0.000000E+00 +0.111860E-02 +0.000000E+00 +0.000000E+00
 +0.110366E+01 -0.100650E+03 +0.122653E+03 -0.442308E+02 +0.258793E+02 +0.297174E+02 +0.000000E+00 +0.000000E+00 +0.183870E-02 -0.133209E-02 +0.000000E+00 +0.112926E-02 +0.000000E+00 +0.000000E+00
 +0.110366E+01 -0.100660E+03 +0.122519E+03 -0.447314E+02 +0.256701E+02 +0.299937E+02 +0.000000E+00 +0.000000E+00 +0.184014E-02 -0.133763E-02 +0.000000E+00 +0.113976E-02 +0.000000E+00 +0.000000E+00
 +0.110366E+01 -0.100670E+03 +0.122414E+03 -0.452175E+02 +0.254748E+02 +0.302505E+02 +0.000000E+00 +0.000000E+00 +0.184184E-02 -0.134315E-02 +0.000000E+00 +0.114952E-02 +0.000000E+00 +0.000000E+00
 +0.110366E+01 -0.100680E+03 +0.122314E+03 -0.457004E+02 +0.252825E+02 +0.305031E+02 +0.000000E+00 +0.000000E+00 +0.184360E-02 -0.134868E-02 +0.000000E+00 +0.115912E-02 +0.000000E+00 +0.000000E+00
 +0.110366E+01 -0.100690E+03 +0.122239E+03 -0.461693E+02 +0.251031E+02 +0.307373E+02 +0.000000E+00 +0.000000E+00 +0.184559E-02 -0.135417E-02 +0.000000E+00 +0.116802E-02 +0.000000E+00 +0.000000E+00
 +0.110366E+01 -0.100700E+03 +0.122170E+03 -0.466350E+02 +0.249264E+02 +0.309674E+02 +0.000000E+00 +0.000000E+00 +0.184762E-02 -0.135967E-02 +0.000000E+00 +0.117676E-02 +0.000000E+00 +0.000000E+00
 +0.110366E+01 -0.100710E+03 +0.122123E+03 -0.470871E+02 +0.247617E+02 +0.311802E+02 +0.000000E+00 +0.000000E+00 +0.184986E-02 -0.136513E-02 +0.000000E+00 +0.118485E-02 +0.000000E+00 +0.000000E+00
 +0.110366E+01 -0.100720E+03 +0.122081E+03 -0.475359E+02 +0.245998E+02 +0.313891E+02 +0.000000E+00 +0.000000E+00 +0.185214E-02 -0.137058E-02 +0.000000E+00 +0.119279E-02 +0.000000E+00 +0.000000E+00
 +0.110366E+01 -0.100730E+03 +0.122059E+03 -0.479714E+02 +0.244489E+02 +0.315816E+02 +0.000000E+00 +0.000000E+00 +0.185459E-02 -0.137598E-02 +0.000000E+00 +0.120010E-02 +0.000000E+00 +0.000000E+00
 +0.110366E+01 -0.100740E+03 +0.122042E+03 -0.484037E+02 +0.243006E+02 +0.317703E+02 +0.000000E+00 +0.000000E+00 +0.185708E-02 -0.138138E-02 +0.000000E+00 +0.120727E-02 +0.000000E+00 +0.000000E+00
 +0.110366E+01 -0.100750E+03 +0.122043E+03 -0.488231E+02 +0.241625E+02 +0.319436E+02 +0.000000E+00 +0.000000E+00 +0.185973E-02 -0.138673E-02 +0.000000E+00 +0.121386E-02 +0.000000E+00 +0.000000E+00
 +0.110366E+01 -0.100760E+03 +0.122048E+03 -0.492392E+02 +0.240270E+02 +0.321131E+02 +0.000000E+00 +0.000000E+00 +0.186241E-02 -0.139206E-02 +0.000000E+00 +0.122030E-02 +0.000000E+00 +0.000000E+00
 +0.110366E+01 -0.100770E+03 +0.122070E+03 -0.496428E+02 +0.239011E+02 +0.322682E+02 +0.000000E+00 +0.000000E+00 +0.186522E-02 -0.139733E-02 +0.000000E+00 +0.122619E-02 +0.000000E+00 +0.000000E+00
 +0.110366E+01 -0.100780E+03 +0.122096E+03 -0.500431E+02 +0.237775E+02 +0.324197E+02 +0.000000E+00 +0.000000E+00 +0.186806E-02 -0.140259E-02 +0.000000E+00 +0.123195E-02 +0.000000E+00 +0.000000E+00
 +0.110366E+01 -0.100790E+03 +0.122137E+03 -0.504314E+02 +0.236628E+02 +0.325575E+02 +0.000000E+00 +0.000000E+00 +0.187101E-02 -0.140779E-02 +0.000000E+00 +0.123719E-02 +0.000000E+00 +0.000000E+00
 +0.110366E+01 -0.100800E+03 +0.122181E+03 -0.508163E+02 +0.235505E+02 +0.326918E+02 +0.000000E+00 +0.000000E+00 +0.187399E-02 -0.141297E-02 +0.000000E+00 +0.124229E-02 +0.000000E+00 +0.000000E+00
 +0.110366E+01 -0.100810E+03 +0.122239E+03 -0.511895E+02 +0.234464E+02 +0.328133E+02 +0.000000E+00 +0.000000E+00 +0.187706E-02 -0.141808E-02 +0.000000E+00 +0.124691E-02 +0.000000E+00 +0.000000E+00
 +0.110366E+01 -0.100820E+03 +0.122300E+03 -0.515595E+02 +0.233445E+02 +0.329314E+02 +0.000000E+00 +0.000000E+00 +0.188016E-02 -0.142318E-02 +0.000000E+00 +0.125139E-02 +0.000000E+00 +0.000000E+00
 +0.110366E+01 -0.100830E+03 +0.122373E+03 -0.519180E+02 +0.232503E+02 +0.330374E+02 +0.000000E+00 +0.000000E+00 +0.188334E-02 -0.142820E-02 +0.000000E+00 +0.125542E-02 +0.000000E+00 +0.000000E+00
 +0.110366E+01 -0.100840E+03 +0.122450E+03 -0.522734E+02 +0.231582E+02 +0.331401E+02 +0.000000E+00 +0.000000E+00 +0.188654E-02 -0.143320E-02 +0.000000E+00 +0.125932E-02 +0.000000E+00 +0.000000E+00
 +0.110366E+01 -0.100850E+03 +0.122537E+03 -0.526177E+02 +0.230733E+02 +0.332315E+02 +0.000000E+00 +0.000000E+00 +0.188981E-02 -0.143813E-02 +0.000000E+00 +0.126280E-02 +0.000000E+00 +0.000000E+00
 +0.110366E+01 -0.100860E+03 +0.122627E+03 -0.529587E+02 +0.229904E+02 +0.333197E+02 +0.000000E+00 +0.000000E+00 +0.189309E-02 -0.144303E-02 +0.000000E+00 +0.126615E-02 +0.000000E+00 +0.000000E+00
 +0.110366E+01 -0.100870E+03 +0.122726E+03 -0.532892E+02 +0.229142E+02 +0.333972E+02 +0.000000E+00 +0.000000E+00 +0.189643E-02 -0.144787E-02 +0.000000E+00 +0.126909E-02 +0.000000E+00 +0.000000E+00
 +0.110366E+01 -0.100880E+03 +0.122829E+03 -0.536164E+02 +0.228400E+02 +0.334716E+02 +0.000000E+00 +0.000000E+00 +0.189978E-02 -0.145267E-02 +0.000000E+00 +0.127192E-02 +0.000000E+00 +0.000000E+00
 +0.110366E+01 -0.100890E+03 +0.122939E+03 -0.539333E+02 +0.227720E+02 +0.335361E+02 +0.000000E+00 +0.000000E+00 +0.190318E-02 -0.145740E-02 +0.000000E+00 +0.127437E-02 +0.000000E+00 +0.000000E+00
 +0.110366E+01 -0.100900E+03 +0.123053E+03 -0.542471E+02 +0.227058E+02 +0.335975E+02 +0.000000E+00 +0.000000E+00 +0.190659E-02 -0.146211E-02 +0.000000E+00 +0.127670E-02 +0.000000E+00 +0.000000E+00
 +0.110366E+01 -0.100910E+03 +0.123174E+03 -0.545509E+02 +0.226455E+02 +0.336495E+02 +0.000000E+00 +0.000000E+00 +0.191003E-02 -0.146673E-02 +0.000000E+00 +0.127868E-02 +0.000000E+00 +0.000000E+00
 +0.110366E+01 -0.100920E+03 +0.123297E+03 -0.548515E+02 +0.225869E+02 +0.336986E+02 +0.000000E+00 +0.000000E+00 +0.191349E-02 -0.147133E-02 +0.000000E+00 +0.128055E-02 +0.000000E+00 +0.000000E+00
 +0.110366E+01 -0.100930E+03 +0.123427E+03 -0.551425E+02 +0.225338E+02 +0.337389E+02 +0.000000E+00 +0.000000E+00 +0.191697E-02 -0.147585E-02 +0.000000E+00 +0.128208E-02 +0.000000E+00 +0.000000E+00
 +0.110366E+01 -0.100940E+03 +0.123559E+03 -0.554304E+02 +0.224824E+02 +0.337764E+02 +0.000000E+00 +0.000000E+00 +0.192045E-02 -0.148034E-02 +0.000000E+00 +0.128350E-02 +0.000000E+00 +0.000000E+00
 +0.110366E+01 -0.100950E+03 +0.123697E+03 -0.557090E+02 +0.224360E+02 +0.338056E+02 +0.000000E+00 +0.000000E+00 +0.192396E-02 -0.148475E-02 +0.000000E+00 +0.128461E-02 +0.000000E+00 +0.000000E+00
 +0.110366E+01 -0.100960E+03 +0.123837E+03 -0.559845E+02 +0.223913E+02 +0.338321E+02 +0.000000E+00 +0.000000E+00 +0.192746E-02 -0.148914E-02 +0.000000E+00 +0.128562E-02 +0.000000E+00 +0.000000E+00
 +0.110366E+01 -0.100970E+03 +0.123982E+03 -0.562510E+02 +0.223512E+02 +0.338508E+02 +0.000000E+00 +0.000000E+00 +0.193099E-02 -0.149344E-02 +0.000000E+00 +0.128633E-02 +0.000000E+00 +0.000000E+00
 +0.110366E+01 -0.100980E+03 +0.124129E+03 -0.565145E+02 +0.223128E+02 +0.338669E+02 +0.000000E+00 +0.000000E+00 +0.193451E-02 -0.149772E-02 +0.000000E+00 +0.128694E-02 +0.000000E+00 +0.000000E+00
 +0.110366E+01 -0.100990E+03 +0.124281E+03 -0.567693E+02 +0.222788E+02 +0.338758E+02 +0.000000E+00 +0.000000E+00 +0.193804E-02 -0.150191E-02 +0.000000E+00 +0.128728E-02 +0.000000E+00 +0.000000E+00
 +0.110366E+01 -0.101000E+03 +0.124434E+03 -0.570210E+02 +0.222462E+02 +0.338821E+02 +0.000000E+00 +0.000000E+00 +0.194156E-02 -0.150608E-02 +0.000000E+00 +0.128752E-02 +0.000000E+00 +0.000000E+00
 +0.110366E+01 -0.101010E+03 +0.124591E+03 -0.572645E+02 +0.222178E+02 +0.338816E+02 +0.000000E+00 +0.000000E+00 +0.194509E-02 -0.151016E-02 +0.000000E+00 +0.128750E-02 +0.000000E+00 +0.000000E+00
 +0.110366E+01 -0.101020E+03 +0.124750E+03 -0.575049E+02 +0.221908E+02 +0.338786E+02 +0.000000E+00 +0.000000E+00 +0.194862E-02 -0.151422E-02 +0.000000E+00 +0.128739E-02 +0.000000E+00 +0.000000E+00
 +0.110366E+01 -0.101030E+03 +0.124912E+03 -0.577373E+02 +0.221677E+02 +0.338693E+02 +0.000000E+00 +0.000000E+00 +0.195214E-02 -0.151819E-02 +0.000000E+00 +0.128703E-02 +0.000000E+00 +0.000000E+00
 +0.110366E+01 -0.101040E+03 +0.125076E+03 -0.579667E+02 +0.221459E+02 +0.338576E+02 +0.000000E+00 +0.000000E+00 +0.195566E-02 -0.152214E-02 +0.000000E+00 +0.128659E-02 +0.000000E+00 +0.000000E+00
 +0.110366E+01 -0.101050E+03 +0.125242E+03 -0.581883E+02 +0.221278E+02 +0.338399E+02 +0.000000E+00 +0.000000E+00 +0.195917E-02 -0.152601E-02 +0.000000E+00 +0.128592E-02 +0.000000E+00 +0.000000E+00
 +0.110366E+01 -0.101060E+03 +0.125410E+03 -0.584070E+02 +0.221109E+02 +0.338200E+02 +0.000000E+00 +0.000000E+00 +0.196268E-02 -0.152984E-02 +0.000000E+00 +0.128516E-02 +0.000000E+00 +0.000000E+00
 +0.110366E+01 -0.101070E+03 +0.125580E+03 -0.586183E+02 +0.220974E+02 +0.337944E+02 +0.000000E+00 +0.000000E+00 +0.196617E-02 -0.153360E-02 +0.000000E+00 +0.128419E-02 +0.000000E+00 +0.000000E+00
 +0.110366E+01 -0.101080E+03 +0.125751E+03 -0.588266E+02 +0.220852E+02 +0.337667E+02 +0.000000E+00 +0.000000E+00 +0.196966E-02 -0.153732E-02 +0.000000E+00 +0.128314E-02 +0.000000E+00 +0.000000E+00
 +0.110366E+01 -0.101090E+03 +0.125925E+03 -0.590277E+02 +0.220760E+02 +0.337338E+02 +0.000000E+00 +0.000000E+00 +0.197313E-02 -0.154097E-02 +0.000000E+00 +0.128189E-02 +0.000000E+00 +0.000000E+00
 +0.110366E+01 -0.101100E+03 +0.126099E+03 -0.592260E+02 +0.220681E+02 +0.336988E+02 +0.000000E+00 +0.000000E+00 +0.197659E-02 -0.154459E-02 +0.000000E+00 +0.128055E-02 +0.000000E+00 +0.000000E+00
 +0.110366E+01 -0.101110E+03 +0.126275E+03 -0.594173E+02 +0.220631E+02 +0.336589E+02 +0.000000E+00 +0.000000E+00 +0.198003E-02 -0.154813E-02 +0.000000E+00 +0.127904E-02 +0.000000E+00 +0.000000E+00
 +0.110366E+01 -0.101120E+03 +0.126452E+03 -0.596058E+02 +0.220593E+02 +0.336170E+02 +0.000000E+00 +0.000000E+00 +0.198347E-02 -0.155164E-02 +0.000000E+00 +0.127745E-02 +0.000000E+00 +0.000000E+00
 +0.110366E+01 -0.101130E+03 +0.126631E+03 -0.597877E+02 +0.220582E+02 +0.335705E+02 +0.000000E+00 +0.000000E+00 +0.198688E-02 -0.155507E-02 +0.000000E+00 +0.127568E-02 +0.000000E+00 +0.000000E+00
 +0.110366E+01 -0.101140E+03 +0.126810E+03 -0.599667E+02 +0.220582E+02 +0.335221E+02 +0.000000E+00 +0.000000E+00 +0.199028E-02 -0.155847E-02 +0.000000E+00 +0.127384E-02 +0.000000E+00 +0.000000E+00
 +0.110366E+01 -0.101150E+03 +0.126990E+03 -0.601393E+02 +0.220608E+02 +0.334694E+02 +0.000000E+00 +0.000000E+00 +0.199366E-02 -0.156180E-02 +0.000000E+00 +0.127184E-02 +0.000000E+00 +0.000000E+00
 +0.110366E+01 -0.101160E+03 +0.127171E+03 -0.603091E+02 +0.220644E+02 +0.334150E+02 +0.000000E+00 +0.000000E+00 +0.199702E-02 -0.156510E-02 +0.000000E+00 +0.126977E-02 +0.000000E+00 +0.000000E+00
 +0.110366E+01 -0.101170E+03 +0.127353E+03 -0.604728E+02 +0.220703E+02 +0.333565E+02 +0.000000E+00 +0.000000E+00 +0.200036E-02 -0.156832E-02 +0.000000E+00 +0.126755E-02 +0.000000E+00 +0.000000E+00
 +0.110366E+01 -0.101180E+03 +0.127535E+03 -0.606337E+02 +0.220774E+02 +0.332962E+02 +0.000000E+00 +0.000000E+00 +0.200369E-02 -0.157151E-02 +0.000000E+00 +0.126526E-02 +0.000000E+00 +0.000000E+00
 +0.110366E+01 -0.101190E+03 +0.127718E+03 -0.607887E+02 +0.220865E+02 +0.332323E+02 +0.000000E+00 +0.000000E+00 +0.200699E-02 -0.157463E-02 +0.000000E+00 +0.126283E-02 +0.000000E+00 +0.000000E+00
 +0.110366E+01 -0.101200E+03 +0.127901E+03 -0.609410E+02 +0.220967E+02 +0.331667E+02 +0.000000E+00 +0.000000E+00 +0.201028E-02 -0.157772E-02 +0.000000E+00 +0.126033E-02 +0.000000E+00 +0.000000E+00
 +0.110366E+01 -0.101210E+03 +0.128084E+03 -0.610876E+02 +0.221090E+02 +0.330976E+02 +0.000000E+00 +0.000000E+00 +0.201353E-02 -0.158074E-02 +0.000000E+00 +0.125771E-02 +0.000000E+00 +0.000000E+00
 +0.110366E+01 -0.101220E+03 +0.128268E+03 -0.612316E+02 +0.221221E+02 +0.330270E+02 +0.000000E+00 +0.000000E+00 +0.201678E-02 -0.158372E-02 +0.000000E+00 +0.125502E-02 +0.000000E+00 +0.000000E+00
 +0.110366E+01 -0.101230E+03 +0.128452E+03 -0.613700E+02 +0.221372E+02 +0.329531E+02 +0.000000E+00 +0.000000E+00 +0.201999E-02 -0.158664E-02 +0.000000E+00 +0.125222E-02 +0.000000E+00 +0.000000E+00
 +0.110366E+01 -0.101240E+03 +0.128637E+03 -0.615058E+02 +0.221532E+02 +0.328777E+02 +0.000000E+00 +0.000000E+00 +0.202319E-02 -0.158952E-02 +0.000000E+00 +0.124935E-02 +0.000000E+00 +0.000000E+00
 +0.110366E+01 -0.101250E+03 +0.128821E+03 -0.616364E+02 +0.221709E+02 +0.327993E+02 +0.000000E+00 +0.000000E+00 +0.202635E-02 -0.159234E-02 +0.000000E+00 +0.124637E-02 +0.000000E+00 +0.000000E+00
 +0.110366E+01 -0.101260E+03 +0.129006E+03 -0.617644E+02 +0.221896E+02 +0.327195E+02 +0.000000E+00 +0.000000E+00 +0.202950E-02 -0.159513E-02 +0.000000E+00 +0.124334E-02 +0.000000E+00 +0.000000E+00
 +0.110366E+01 -0.101270E+03 +0.129190E+03 -0.618873E+02 +0.222098E+02 +0.326369E+02 +0.000000E+00 +0.000000E+00 +0.203262E-02 -0.159785E-02 +0.000000E+00 +0.124020E-02 +0.000000E+00 +0.000000E+00
 +0.110366E+01 -0.101280E+03 +0.129374E+03 -0.620077E+02 +0.222309E+02 +0.325529E+02 +0.000000E+00 +0.000000E+00 +0.203572E-02 -0.160053E-02 +0.000000E+00 +0.123701E-02 +0.000000E+00 +0.000000E+00
 +0.110366E+01 -0.101290E+03 +0.129558E+03 -0.621232E+02 +0.222536E+02 +0.324664E+02 +0.000000E+00 +0.000000E+00 +0.203879E-02 -0.160316E-02 +0.000000E+00 +0.123372E-02 +0.000000E+00 +0.000000E+00
 +0.110366E+01 -0.101300E+03 +0.129742E+03 -0.622362E+02 +0.222770E+02 +0.323785E+02 +0.000000E+00 +0.000000E+00 +0.204184E-02 -0.160575E-02 +0.000000E+00 +0.123038E-02 +0.000000E+00 +0.000000E+00
 +0.110366E+01 -0.101310E+03 +0.129926E+03 -0.623446E+02 +0.223019E+02 +0.322883E+02 +0.000000E+00 +0.000000E+00 +0.204486E-02 -0.160828E-02 +0.000000E+00 +0.122696E-02 +0.000000E+00 +0.000000E+00
 +0.110366E+01 -0.101320E+03 +0.130109E+03 -0.624504E+02 +0.223275E+02 +0.321969E+02 +0.000000E+00 +0.000000E+00 +0.204786E-02 -0.161078E-02 +0.000000E+00 +0.122348E-02 +0.000000E+00 +0.000000E+00
 +0.110366E+01 -0.101330E+03 +0.130292E+03 -0.625518E+02 +0.223544E+02 +0.321032E+02 +0.000000E+00 +0.000000E+00 +0.205082E-02 -0.161322E-02 +0.000000E+00 +0.121992E-02 +0.000000E+00 +0.000000E+00
 +0.110366E+01 -0.101340E+03 +0.130475E+03 -0.626508E+02 +0.223820E+02 +0.320084E+02 +0.000000E+00 +0.000000E+00 +0.205377E-02 -0.161562E-02 +0.000000E+00 +0.121632E-02 +0.000000E+00 +0.000000E+00
 +0.110366E+01 -0.101350E+03 +0.130657E+03 -0.627455E+02 +0.224109E+02 +0.319115E+02 +0.000000E+00 +0.000000E+00 +0.205668E-02 -0.161797E-02 +0.000000E+00 +0.121264E-02 +0.000000E+00 +0.000000E+00
 +0.110366E+01 -0.101360E+03 +0.130839E+03 -0.628377E+02 +0.224405E+02 +0.318136E+02 +0.000000E+00 +0.000000E+00 +0.205958E-02 -0.162029E-02 +0.000000E+00 +0.120892E-02 +0.000000E+00 +0.000000E+00
 +0.110366E+01 -0.101370E+03 +0.131020E+03 -0.629259E+02 +0.224712E+02 +0.317138E+02 +0.000000E+00 +0.000000E+00 +0.206244E-02 -0.162255E-02 +0.000000E+00 +0.120512E-02 +0.000000E+00 +0.000000E+00
 +0.110366E+01 -0.101380E+03 +0.131201E+03 -0.630117E+02 +0.225026E+02 +0.316129E+02 +0.000000E+00 +0.000000E+00 +0.206528E-02 -0.162477E-02 +0.000000E+00 +0.120129E-02 +0.000000E+00 +0.000000E+00
 +0.110366E+01 -0.101390E+03 +0.131381E+03 -0.630936E+02 +0.225350E+02 +0.315103E+02 +0.000000E+00 +0.000000E+00 +0.206808E-02 -0.162694E-02 +0.000000E+00 +0.119739E-02 +0.000000E+00 +0.000000E+00
 +0.110366E+01 -0.101400E+03 +0.131561E+03 -0.631731E+02 +0.225680E+02 +0.314068E+02 +0.000000E+00 +0.000000E+00 +0.207087E-02 -0.162908E-02 +0.000000E+00 +0.119346E-02 +0.000000E+00 +0.000000E+00
 +0.110366E+01 -0.101410E+03 +0.131740E+03 -0.632489E+02 +0.226021E+02 +0.313017E+02 +0.000000E+00 +0.000000E+00 +0.207362E-02 -0.163117E-02 +0.000000E+00 +0.118946E-02 +0.000000E+00 +0.000000E+00
 +0.110366E+01 -0.101420E+03 +0.131918E+03 -0.633224E+02 +0.226367E+02 +0.311956E+02 +0.000000E+00 +0.000000E+00 +0.207635E-02 -0.163322E-02 +0.000000E+00 +0.118543E-02 +0.000000E+00 +0.000000E+00
 +0.110366E+01 -0.101430E+03 +0.132096E+03 -0.633922E+02 +0.226722E+02 +0.310882E+02 +0.000000E+00 +0.000000E+00 +0.207905E-02 -0.163522E-02 +0.000000E+00 +0.118135E-02 +0.000000E+00 +0.000000E+00
 +0.110366E+01 -0.101440E+03 +0.132273E+03 -0.634598E+02 +0.227083E+02 +0.309798E+02 +0.000000E+00 +0.000000E+00 +0.208173E-02 -0.163719E-02 +0.000000E+00 +0.117723E-02 +0.000000E+00 +0.000000E+00
 +0.110366E+01 -0.101450E+03 +0.132449E+03 -0.635239E+02 +0.227453E+02 +0.308702E+02 +0.000000E+00 +0.000000E+00 +0.208437E-02 -0.163911E-02 +0.000000E+00 +0.117307E-02 +0.000000E+00 +0.000000E+00
 +0.110366E+01 -0.101460E+03 +0.132624E+03 -0.635859E+02 +0.227827E+02 +0.307597E+02 +0.000000E+00 +0.000000E+00 +0.208699E-02 -0.164100E-02 +0.000000E+00 +0.116887E-02 +0.000000E+00 +0.000000E+00
 +0.110366E+01 -0.101470E+03 +0.132799E+03 -0.636445E+02 +0.228210E+02 +0.306481E+02 +0.000000E+00 +0.000000E+00 +0.208958E-02 -0.164284E-02 +0.000000E+00 +0.116463E-02 +0.000000E+00 +0.000000E+00
 +0.110366E+01 -0.101480E+03 +0.132973E+03 -0.637009E+02 +0.228597E+02 +0.305357E+02 +0.000000E+00 +0.000000E+00 +0.209215E-02 -0.164465E-02 +0.000000E+00 +0.116036E-02 +0.000000E+00 +0.000000E+00
 +0.110366E+01 -0.101490E+03 +0.133146E+03 -0.637542E+02 +0.228992E+02 +0.304223E+02 +0.000000E+00 +0.000000E+00 +0.209468E-02 -0.164641E-02 +0.000000E+00 +0.115605E-02 +0.000000E+00 +0.000000E+00
 +0.110366E+01 -0.101500E+03 +0.133318E+03 -0.638053E+02 +0.229392E+02 +0.303081E+02 +0.000000E+00 +0.000000E+00 +0.209720E-02 -0.164814E-02 +0.000000E+00 +0.115171E-02 +0.000000E+00 +0.000000E+00
 +0.110366E+01 -0.101510E+03 +0.133489E+03 -0.638533E+02 +0.229798E+02 +0.301930E+02 +0.000000E+00 +0.000000E+00 +0.209968E-02 -0.164983E-02 +0.000000E+00 +0.114733E-02 +0.000000E+00 +0.000000E+00
 +0.110366E+01 -0.101520E+03 +0.133659E+03 -0.638993E+02 +0.230209E+02 +0.300772E+02 +0.000000E+00 +0.000000E+00 +0.210213E-02 -0.165148E-02 +0.000000E+00 +0.114293E-02 +0.000000E+00 +0.000000E+00
 +0.110366E+01 -0.101530E+03 +0.133829E+03 -0.639422E+02 +0.230626E+02 +0.299605E+02 +0.000000E+00 +0.000000E+00 +0.210456E-02 -0.165309E-02 +0.000000E+00 +0.113850E-02 +0.000000E+00 +0.000000E+00
 +0.110366E+01 -0.101540E+03 +0.133997E+03 -0.639832E+02 +0.231047E+02 +0.298433E+02 +0.000000E+00 +0.000000E+00 +0.210696E-02 -0.165467E-02 +0.000000E+00 +0.113405E-02 +0.000000E+00 +0.000000E+00
 +0.110366E+01 -0.101550E+03 +0.134165E+03 -0.640212E+02 +0.231474E+02 +0.297252E+02 +0.000000E+00 +0.000000E+00 +0.210933E-02 -0.165620E-02 +0.000000E+00 +0.112956E-02 +0.000000E+00 +0.000000E+00
 +0.110366E+01 -0.101560E+03 +0.134331E+03 -0.640572E+02 +0.231905E+02 +0.296066E+02 +0.000000E+00 +0.000000E+00 +0.211168E-02 -0.165771E-02 +0.000000E+00 +0.112505E-02 +0.000000E+00 +0.000000E+00
 +0.110366E+01 -0.101570E+03 +0.134497E+03 -0.640905E+02 +0.232341E+02 +0.294872E+02 +0.000000E+00 +0.000000E+00 +0.211399E-02 -0.165917E-02 +0.000000E+00 +0.112052E-02 +0.000000E+00 +0.000000E+00
 +0.110366E+01 -0.101580E+03 +0.134662E+03 -0.641216E+02 +0.232782E+02 +0.293674E+02 +0.000000E+00 +0.000000E+00 +0.211628E-02 -0.166060E-02 +0.000000E+00 +0.111596E-02 +0.000000E+00 +0.000000E+00
 +0.110366E+01 -0.101590E+03 +0.134825E+03 -0.641501E+02 +0.233227E+02 +0.292469E+02 +0.000000E+00 +0.000000E+00 +0.211854E-02 -0.166198E-02 +0.000000E+00 +0.111138E-02 +0.000000E+00 +0.000000E+00
 +0.110366E+01 -0.101600E+03 +0.134988E+03 -0.641764E+02 +0.233677E+02 +0.291258E+02 +0.000000E+00 +0.000000E+00 +0.212078E-02 -0.166334E-02 +0.000000E+00 +0.110678E-02 +0.000000E+00 +0.000000E+00
 +0.110366E+01 -0.101610E+03 +0.135149E+03 -0.642000E+02 +0.234132E+02 +0.290040E+02 +0.000000E+00 +0.000000E+00 +0.212298E-02 -0.166465E-02 +0.000000E+00 +0.110215E-02 +0.000000E+00 +0.000000E+00
 +0.110366E+01 -0.101620E+03 +0.135310E+03 -0.642213E+02 +0.234592E+02 +0.288815E+02 +0.000000E+00 +0.000000E+00 +0.212516E-02 -0.166593E-02 +0.000000E+00 +0.109750E-02 +0.000000E+00 +0.000000E+00
 +0.110366E+01 -0.101630E+03 +0.135469E+03 -0.642397E+02 +0.235057E+02 +0.287581E+02 +0.000000E+00 +0.000000E+00 +0.212730E-02 -0.166716E-02 +0.000000E+00 +0.109281E-02 +0.000000E+00 +0.000000E+00
 +0.110366E+01 -0.101640E+03 +0.135633E+03 -0.642605E+02 +0.235528E+02 +0.286149E+02 +0.000000E+00 +0.000000E+00 +0.212952E-02 -0.166845E-02 +0.000000E+00 +0.108736E-02 +0.000000E+00 +0.000000E+00
 +0.110366E+01 -0.101650E+03 +0.135801E+03 -0.642843E+02 +0.236007E+02 +0.284469E+02 +0.000000E+00 +0.000000E+00 +0.213182E-02 -0.166981E-02 +0.000000E+00 +0.108098E-02 +0.000000E+00 +0.000000E+00
 +0.110366E+01 -0.101660E+03 +0.135963E+03 -0.642969E+02 +0.236498E+02 +0.283192E+02 +0.000000E+00 +0.000000E+00 +0.213395E-02 -0.167099E-02 +0.000000E+00 +0.107613E-02 +0.000000E+00 +0.000000E+00
 +0.110366E+01 -0.101670E+03 +0.136116E+03 -0.642951E+02 +0.237008E+02 +0.282396E+02 +0.000000E+00 +0.000000E+00 +0.213588E-02 -0.167192E-02 +0.000000E+00 +0.107310E-02 +0.000000E+00 +0.000000E+00
 +0.110366E+01 -0.101680E+03 +0.136279E+03 -0.642877E+02 +0.237572E+02 +0.281378E+02 +0.000000E+00 +0.000000E+00 +0.213792E-02 -0.167285E-02 +0.000000E+00 +0.106924E-02 +0.000000E+00 +0.000000E+00
 +0.110366E+01 -0.101690E+03 +0.136447E+03 -0.642873E+02 +0.238127E+02 +0.280086E+02 +0.000000E+00 +0.000000E+00 +0.214005E-02 -0.167390E-02 +0.000000E+00 +0.106433E-02 +0.000000E+00 +0.000000E+00
 +0.110366E+01 -0.101700E+03 +0.136605E+03 -0.642932E+02 +0.238630E+02 +0.278794E+02 +0.000000E+00 +0.000000E+00 +0.214210E-02 -0.167497E-02 +0.000000E+00 +0.105942E-02 +0.000000E+00 +0.000000E+00
 +0.110366E+01 -0.101710E+03 +0.136755E+03 -0.642977E+02 +0.239109E+02 +0.277600E+02 +0.000000E+00 +0.000000E+00 +0.214404E-02 -0.167596E-02 +0.000000E+00 +0.105488E-02 +0.000000E+00 +0.000000E+00
 +0.110366E+01 -0.101720E+03 +0.136902E+03 -0.643110E+02 +0.239549E+02 +0.276277E+02 +0.000000E+00 +0.000000E+00 +0.214599E-02 -0.167705E-02 +0.000000E+00 +0.104985E-02 +0.000000E+00 +0.000000E+00
 +0.110366E+01 -0.101730E+03 +0.137033E+03 -0.643163E+02 +0.239964E+02 +0.274954E+02 +0.000000E+00 +0.000000E+00 +0.214769E-02 -0.167794E-02 +0.000000E+00 +0.104483E-02 +0.000000E+00 +0.000000E+00
 +0.110366E+01 -0.101740E+03 +0.137164E+03 -0.643149E+02 +0.240404E+02 +0.273629E+02 +0.000000E+00 +0.000000E+00 +0.214936E-02 -0.167875E-02 +0.000000E+00 +0.103979E-02 +0.000000E+00 +0.000000E+00
 +0.110366E+01 -0.101750E+03 +0.137308E+03 -0.643067E+02 +0.240903E+02 +0.272297E+02 +0.000000E+00 +0.000000E+00 +0.215113E-02 -0.167954E-02 +0.000000E+00 +0.103473E-02 +0.000000E+00 +0.000000E+00
 +0.110366E+01 -0.101760E+03 +0.137444E+03 -0.643285E+02 +0.241282E+02 +0.271041E+02 +0.000000E+00 +0.000000E+00 +0.215300E-02 -0.168068E-02 +0.000000E+00 +0.102995E-02 +0.000000E+00 +0.000000E+00
 +0.110366E+01 -0.101770E+03 +0.137573E+03 -0.643492E+02 +0.241638E+02 +0.269804E+02 +0.000000E+00 +0.000000E+00 +0.215477E-02 -0.168175E-02 +0.000000E+00 +0.102526E-02 +0.000000E+00 +0.000000E+00
 +0.110366E+01 -0.101780E+03 +0.137697E+03 -0.643472E+02 +0.242054E+02 +0.268537E+02 +0.000000E+00 +0.000000E+00 +0.215634E-02 -0.168250E-02 +0.000000E+00 +0.102044E-02 +0.000000E+00 +0.000000E+00
 +0.110366E+01 -0.101790E+03 +0.137821E+03 -0.643452E+02 +0.242470E+02 +0.267269E+02 +0.000000E+00 +0.000000E+00 +0.215791E-02 -0.168325E-02 +0.000000E+00 +0.101562E-02 +0.000000E+00 +0.000000E+00
 +0.110366E+01 -0.101800E+03 +0.137963E+03 -0.643530E+02 +0.242913E+02 +0.266004E+02 +0.000000E+00 +0.000000E+00 +0.215976E-02 -0.168424E-02 +0.000000E+00 +0.101082E-02 +0.000000E+00 +0.000000E+00
 +0.110366E+01 -0.101810E+03 +0.138115E+03 -0.643620E+02 +0.243385E+02 +0.264744E+02 +0.000000E+00 +0.000000E+00 +0.216175E-02 -0.168531E-02 +0.000000E+00 +0.100603E-02 +0.000000E+00 +0.000000E+00
 +0.110366E+01 -0.101820E+03 +0.138275E+03 -0.643197E+02 +0.244053E+02 +0.263519E+02 +0.000000E+00 +0.000000E+00 +0.216353E-02 -0.168577E-02 +0.000000E+00 +0.100137E-02 +0.000000E+00 +0.000000E+00
 +0.110366E+01 -0.101830E+03 +0.138435E+03 -0.642773E+02 +0.244720E+02 +0.262294E+02 +0.000000E+00 +0.000000E+00 +0.216530E-02 -0.168624E-02 +0.000000E+00 +0.996719E-03 +0.000000E+00 +0.000000E+00
 +0.110366E+01 -0.101840E+03 +0.138578E+03 -0.642478E+02 +0.245290E+02 +0.261099E+02 +0.000000E+00 +0.000000E+00 +0.216693E-02 -0.168676E-02 +0.000000E+00 +0.992174E-03 +0.000000E+00 +0.000000E+00
 +0.110366E+01 -0.101850E+03 +0.138717E+03 -0.642220E+02 +0.245832E+02 +0.259911E+02 +0.000000E+00 +0.000000E+00 +0.216853E-02 -0.168730E-02 +0.000000E+00 +0.987662E-03 +0.000000E+00 +0.000000E+00
 +0.110366E+01 -0.101860E+03 +0.138872E+03 -0.642049E+02 +0.246401E+02 +0.258677E+02 +0.000000E+00 +0.000000E+00 +0.217040E-02 -0.168805E-02 +0.000000E+00 +0.982972E-03 +0.000000E+00 +0.000000E+00
 +0.110366E+01 -0.101870E+03 +0.139040E+03 -0.641946E+02 +0.246991E+02 +0.257407E+02 +0.000000E+00 +0.000000E+00 +0.217248E-02 -0.168898E-02 +0.000000E+00 +0.978146E-03 +0.000000E+00 +0.000000E+00
 +0.110366E+01 -0.101880E+03 +0.139194E+03 -0.641839E+02 +0.247534E+02 +0.256135E+02 +0.000000E+00 +0.000000E+00 +0.217437E-02 -0.168981E-02 +0.000000E+00 +0.973312E-03 +0.000000E+00 +0.000000E+00
 +0.110366E+01 -0.101890E+03 +0.139317E+03 -0.641723E+02 +0.247978E+02 +0.254858E+02 +0.000000E+00 +0.000000E+00 +0.217587E-02 -0.169043E-02 +0.000000E+00 +0.968462E-03 +0.000000E+00 +0.000000E+00
 +0.110366E+01 -0.101900E+03 +0.139440E+03 -0.641608E+02 +0.248423E+02 +0.253582E+02 +0.000000E+00 +0.000000E+00 +0.217736E-02 -0.169106E-02 +0.000000E+00 +0.963612E-03 +0.000000E+00 +0.000000E+00
 +0.110366E+01 -0.101910E+03 +0.139564E+03 -0.641492E+02 +0.248867E+02 +0.252306E+02 +0.000000E+00 +0.000000E+00 +0.217886E-02 -0.169168E-02 +0.000000E+00 +0.958762E-03 +0.000000E+00 +0.000000E+00
 +0.110366E+01 -0.101920E+03 +0.139690E+03 -0.641411E+02 +0.249310E+02 +0.251034E+02 +0.000000E+00 +0.000000E+00 +0.218041E-02 -0.169237E-02 +0.000000E+00 +0.953930E-03 +0.000000E+00 +0.000000E+00
 +0.110366E+01 -0.101930E+03 +0.139817E+03 -0.640986E+02 +0.249870E+02 +0.249835E+02 +0.000000E+00 +0.000000E+00 +0.218177E-02 -0.169263E-02 +0.000000E+00 +0.949374E-03 +0.000000E+00 +0.000000E+00
 +0.110366E+01 -0.101940E+03 +0.139938E+03 -0.640343E+02 +0.250482E+02 +0.248552E+02 +0.000000E+00 +0.000000E+00 +0.218290E-02 -0.169257E-02 +0.000000E+00 +0.944497E-03 +0.000000E+00 +0.000000E+00
 +0.110366E+01 -0.101950E+03 +0.140059E+03 -0.639699E+02 +0.251094E+02 +0.247268E+02 +0.000000E+00 +0.000000E+00 +0.218404E-02 -0.169251E-02 +0.000000E+00 +0.939620E-03 +0.000000E+00 +0.000000E+00
 +0.110366E+01 -0.101960E+03 +0.140180E+03 -0.639055E+02 +0.251705E+02 +0.245985E+02 +0.000000E+00 +0.000000E+00 +0.218518E-02 -0.169244E-02 +0.000000E+00 +0.934742E-03 +0.000000E+00 +0.000000E+00
 +0.110366E+01 -0.101970E+03 +0.140302E+03 -0.638424E+02 +0.252316E+02 +0.244699E+02 +0.000000E+00 +0.000000E+00 +0.218633E-02 -0.169241E-02 +0.000000E+00 +0.929857E-03 +0.000000E+00 +0.000000E+00
 +0.110366E+01 -0.101980E+03 +0.140445E+03 -0.638061E+02 +0.252908E+02 +0.243372E+02 +0.000000E+00 +0.000000E+00 +0.218793E-02 -0.169284E-02 +0.000000E+00 +0.924814E-03 +0.000000E+00 +0.000000E+00
 +0.110366E+01 -0.101990E+03 +0.140588E+03 -0.637699E+02 +0.253501E+02 +0.242045E+02 +0.000000E+00 +0.000000E+00 +0.218953E-02 -0.169328E-02 +0.000000E+00 +0.919771E-03 +0.000000E+00 +0.000000E+00
 +0.110366E+01 -0.102000E+03 +0.140731E+03 -0.637336E+02 +0.254093E+02 +0.240718E+02 +0.000000E+00 +0.000000E+00 +0.219112E-02 -0.169371E-02 +0.000000E+00 +0.914728E-03 +0.000000E+00 +0.000000E+00
 +0.110366E+01 -0.102010E+03 +0.140875E+03 -0.636973E+02 +0.254685E+02 +0.239391E+02 +0.000000E+00 +0.000000E+00 +0.219272E-02 -0.169415E-02 +0.000000E+00 +0.909685E-03 +0.000000E+00 +0.000000E+00
 +0.110366E+01 -0.102020E+03 +0.141012E+03 -0.636698E+02 +0.255230E+02 +0.238033E+02 +0.000000E+00 +0.000000E+00 +0.219429E-02 -0.169466E-02 +0.000000E+00 +0.904526E-03 +0.000000E+00 +0.000000E+00
 +0.110366E+01 -0.102030E+03 +0.141131E+03 -0.636638E+02 +0.255643E+02 +0.236812E+02 +0.000000E+00 +0.000000E+00 +0.219577E-02 -0.169533E-02 +0.000000E+00 +0.899884E-03 +0.000000E+00 +0.000000E+00
 +0.110366E+01 -0.102040E+03 +0.141235E+03 -0.636679E+02 +0.255972E+02 +0.235574E+02 +0.000000E+00 +0.000000E+00 +0.219712E-02 -0.169604E-02 +0.000000E+00 +0.895182E-03 +0.000000E+00 +0.000000E+00
 +0.110366E+01 -0.102050E+03 +0.141337E+03 -0.636729E+02 +0.256293E+02 +0.234310E+02 +0.000000E+00 +0.000000E+00 +0.219846E-02 -0.169674E-02 +0.000000E+00 +0.890378E-03 +0.000000E+00 +0.000000E+00
 +0.110366E+01 -0.102060E+03 +0.141440E+03 -0.636779E+02 +0.256614E+02 +0.233046E+02 +0.000000E+00 +0.000000E+00 +0.219979E-02 -0.169745E-02 +0.000000E+00 +0.885575E-03 +0.000000E+00 +0.000000E+00
 +0.110366E+01 -0.102070E+03 +0.141542E+03 -0.636829E+02 +0.256935E+02 +0.231782E+02 +0.000000E+00 +0.000000E+00 +0.220112E-02 -0.169815E-02 +0.000000E+00 +0.880772E-03 +0.000000E+00 +0.000000E+00
 +0.110366E+01 -0.102080E+03 +0.141642E+03 -0.636248E+02 +0.257457E+02 +0.230613E+02 +0.000000E+00 +0.000000E+00 +0.220203E-02 -0.169804E-02 +0.000000E+00 +0.876331E-03 +0.000000E+00 +0.000000E+00
 +0.110366E+01 -0.102090E+03 +0.141741E+03 -0.635174E+02 +0.258138E+02 +0.229519E+02 +0.000000E+00 +0.000000E+00 +0.220262E-02 -0.169729E-02 +0.000000E+00 +0.872172E-03 +0.000000E+00 +0.000000E+00
 +0.110366E+01 -0.102100E+03 +0.141840E+03 -0.634101E+02 +0.258818E+02 +0.228425E+02 +0.000000E+00 +0.000000E+00 +0.220320E-02 -0.169655E-02 +0.000000E+00 +0.868014E-03 +0.000000E+00 +0.000000E+00
 +0.110366E+01 -0.102110E+03 +0.141942E+03 -0.633095E+02 +0.259488E+02 +0.227293E+02 +0.000000E+00 +0.000000E+00 +0.220387E-02 -0.169591E-02 +0.000000E+00 +0.863713E-03 +0.000000E+00 +0.000000E+00
 +0.110366E+01 -0.102120E+03 +0.142055E+03 -0.632293E+02 +0.260126E+02 +0.226047E+02 +0.000000E+00 +0.000000E+00 +0.220481E-02 -0.169560E-02 +0.000000E+00 +0.858980E-03 +0.000000E+00 +0.000000E+00
 +0.110366E+01 -0.102130E+03 +0.142169E+03 -0.631491E+02 +0.260764E+02 +0.224802E+02 +0.000000E+00 +0.000000E+00 +0.220575E-02 -0.169528E-02 +0.000000E+00 +0.854246E-03 +0.000000E+00 +0.000000E+00
 +0.110366E+01 -0.102140E+03 +0.142282E+03 -0.630690E+02 +0.261402E+02 +0.223556E+02 +0.000000E+00 +0.000000E+00 +0.220669E-02 -0.169497E-02 +0.000000E+00 +0.849513E-03 +0.000000E+00 +0.000000E+00
 +0.110366E+01 -0.102150E+03 +0.142382E+03 -0.630555E+02 +0.261777E+02 +0.222338E+02 +0.000000E+00 +0.000000E+00 +0.220788E-02 -0.169543E-02 +0.000000E+00 +0.844883E-03 +0.000000E+00 +0.000000E+00
 +0.110366E+01 -0.102160E+03 +0.142482E+03 -0.630420E+02 +0.262151E+02 +0.221119E+02 +0.000000E+00 +0.000000E+00 +0.220907E-02 -0.169589E-02 +0.000000E+00 +0.840253E-03 +0.000000E+00 +0.000000E+00
 +0.110366E+01 -0.102170E+03 +0.142582E+03 -0.630285E+02 +0.262526E+02 +0.219901E+02 +0.000000E+00 +0.000000E+00 +0.221026E-02 -0.169634E-02 +0.000000E+00 +0.835623E-03 +0.000000E+00 +0.000000E+00
 +0.110366E+01 -0.102180E+03 +0.142681E+03 -0.630129E+02 +0.262906E+02 +0.218676E+02 +0.000000E+00 +0.000000E+00 +0.221143E-02 -0.169677E-02 +0.000000E+00 +0.830967E-03 +0.000000E+00 +0.000000E+00
 +0.110366E+01 -0.102190E+03 +0.142778E+03 -0.629815E+02 +0.263328E+02 +0.217397E+02 +0.000000E+00 +0.000000E+00 +0.221246E-02 -0.169697E-02 +0.000000E+00 +0.826107E-03 +0.000000E+00 +0.000000E+00
 +0.110366E+01 -0.102200E+03 +0.142874E+03 -0.629500E+02 +0.263750E+02 +0.216117E+02 +0.000000E+00 +0.000000E+00 +0.221349E-02 -0.169718E-02 +0.000000E+00 +0.821246E-03 +0.000000E+00 +0.000000E+00
 +0.110366E+01 -0.102210E+03 +0.142971E+03 -0.629186E+02 +0.264172E+02 +0.214838E+02 +0.000000E+00 +0.000000E+00 +0.221452E-02 -0.169738E-02 +0.000000E+00 +0.816386E-03 +0.000000E+00 +0.000000E+00
 +0.110366E+01 -0.102220E+03 +0.143067E+03 -0.628871E+02 +0.264594E+02 +0.213559E+02 +0.000000E+00 +0.000000E+00 +0.221555E-02 -0.169758E-02 +0.000000E+00 +0.811525E-03 +0.000000E+00 +0.000000E+00
 +0.110366E+01 -0.102230E+03 +0.143160E+03 -0.628516E+02 +0.265017E+02 +0.212328E+02 +0.000000E+00 +0.000000E+00 +0.221650E-02 -0.169771E-02 +0.000000E+00 +0.806847E-03 +0.000000E+00 +0.000000E+00
 +0.110366E+01 -0.102240E+03 +0.143245E+03 -0.628076E+02 +0.265443E+02 +0.211196E+02 +0.000000E+00 +0.000000E+00 +0.221731E-02 -0.169769E-02 +0.000000E+00 +0.802545E-03 +0.000000E+00 +0.000000E+00
 +0.110366E+01 -0.102250E+03 +0.143330E+03 -0.627636E+02 +0.265870E+02 +0.210064E+02 +0.000000E+00 +0.000000E+00 +0.221812E-02 -0.169766E-02 +0.000000E+00 +0.798243E-03 +0.000000E+00 +0.000000E+00
 +0.110366E+01 -0.102260E+03 +0.143415E+03 -0.627196E+02 +0.266296E+02 +0.208932E+02 +0.000000E+00 +0.000000E+00 +0.221893E-02 -0.169763E-02 +0.000000E+00 +0.793941E-03 +0.000000E+00 +0.000000E+00
 +0.110366E+01 -0.102270E+03 +0.143500E+03 -0.626755E+02 +0.266722E+02 +0.207800E+02 +0.000000E+00 +0.000000E+00 +0.221974E-02 -0.169761E-02 +0.000000E+00 +0.789639E-03 +0.000000E+00 +0.000000E+00
 +0.110366E+01 -0.102280E+03 +0.143586E+03 -0.626315E+02 +0.267148E+02 +0.206668E+02 +0.000000E+00 +0.000000E+00 +0.222054E-02 -0.169758E-02 +0.000000E+00 +0.785337E-03 +0.000000E+00 +0.000000E+00
 +0.110366E+01 -0.102290E+03 +0.143671E+03 -0.625875E+02 +0.267574E+02 +0.205535E+02 +0.000000E+00 +0.000000E+00 +0.222135E-02 -0.169755E-02 +0.000000E+00 +0.781035E-03 +0.000000E+00 +0.000000E+00
 +0.110366E+01 -0.102300E+03 +0.143756E+03 -0.625435E+02 +0.268001E+02 +0.204403E+02 +0.000000E+00 +0.000000E+00 +0.222216E-02 -0.169753E-02 +0.000000E+00 +0.776733E-03 +0.000000E+00 +0.000000E+00
 +0.110366E+01 -0.102310E+03 +0.143841E+03 -0.624995E+02 +0.268427E+02 +0.203271E+02 +0.000000E+00 +0.000000E+00 +0.222297E-02 -0.169750E-02 +0.000000E+00 +0.772431E-03 +0.000000E+00 +0.000000E+00
 +0.110366E+01 -0.102320E+03 +0.143930E+03 -0.624375E+02 +0.268927E+02 +0.202112E+02 +0.000000E+00 +0.000000E+00 +0.222372E-02 -0.169727E-02 +0.000000E+00 +0.768027E-03 +0.000000E+00 +0.000000E+00
 +0.110366E+01 -0.102330E+03 +0.144021E+03 -0.623611E+02 +0.269476E+02 +0.200940E+02 +0.000000E+00 +0.000000E+00 +0.222439E-02 -0.169687E-02 +0.000000E+00 +0.763573E-03 +0.000000E+00 +0.000000E+00
 +0.110366E+01 -0.102340E+03 +0.144111E+03 -0.622847E+02 +0.270026E+02 +0.199768E+02 +0.000000E+00 +0.000000E+00 +0.222506E-02 -0.169646E-02 +0.000000E+00 +0.759118E-03 +0.000000E+00 +0.000000E+00
 +0.110366E+01 -0.102350E+03 +0.144201E+03 -0.622084E+02 +0.270575E+02 +0.198596E+02 +0.000000E+00 +0.000000E+00 +0.222572E-02 -0.169605E-02 +0.000000E+00 +0.754664E-03 +0.000000E+00 +0.000000E+00
 +0.110366E+01 -0.102360E+03 +0.144291E+03 -0.621320E+02 +0.271125E+02 +0.197424E+02 +0.000000E+00 +0.000000E+00 +0.222639E-02 -0.169565E-02 +0.000000E+00 +0.750210E-03 +0.000000E+00 +0.000000E+00
 +0.110366E+01 -0.102370E+03 +0.144381E+03 -0.620557E+02 +0.271674E+02 +0.196251E+02 +0.000000E+00 +0.000000E+00 +0.222706E-02 -0.169524E-02 +0.000000E+00 +0.745755E-03 +0.000000E+00 +0.000000E+00
 +0.110366E+01 -0.102380E+03 +0.144471E+03 -0.619793E+02 +0.272223E+02 +0.195079E+02 +0.000000E+00 +0.000000E+00 +0.222773E-02 -0.169483E-02 +0.000000E+00 +0.741301E-03 +0.000000E+00 +0.000000E+00
 +0.110366E+01 -0.102390E+03 +0.144561E+03 -0.619029E+02 +0.272773E+02 +0.193907E+02 +0.000000E+00 +0.000000E+00 +0.222840E-02 -0.169442E-02 +0.000000E+00 +0.736847E-03 +0.000000E+00 +0.000000E+00
 +0.110366E+01 -0.102400E+03 +0.144652E+03 -0.618266E+02 +0.273322E+02 +0.192735E+02 +0.000000E+00 +0.000000E+00 +0.222907E-02 -0.169402E-02 +0.000000E+00 +0.732393E-03 +0.000000E+00 +0.000000E+00
 +0.110366E+01 -0.102410E+03 +0.144732E+03 -0.617711E+02 +0.273770E+02 +0.191651E+02 +0.000000E+00 +0.000000E+00 +0.222974E-02 -0.169381E-02 +0.000000E+00 +0.728274E-03 +0.000000E+00 +0.000000E+00
 +0.110366E+01 -0.102420E+03 +0.144809E+03 -0.617215E+02 +0.274189E+02 +0.190592E+02 +0.000000E+00 +0.000000E+00 +0.223041E-02 -0.169367E-02 +0.000000E+00 +0.724250E-03 +0.000000E+00 +0.000000E+00
 +0.110366E+01 -0.102430E+03 +0.144887E+03 -0.616719E+02 +0.274609E+02 +0.189533E+02 +0.000000E+00 +0.000000E+00 +0.223109E-02 -0.169352E-02 +0.000000E+00 +0.720226E-03 +0.000000E+00 +0.000000E+00
 +0.110366E+01 -0.102440E+03 +0.144971E+03 -0.615868E+02 +0.275169E+02 +0.188418E+02 +0.000000E+00 +0.000000E+00 +0.223164E-02 -0.169297E-02 +0.000000E+00 +0.715989E-03 +0.000000E+00 +0.000000E+00
 +0.110366E+01 -0.102450E+03 +0.145057E+03 -0.614997E+02 +0.275738E+02 +0.187300E+02 +0.000000E+00 +0.000000E+00 +0.223217E-02 -0.169240E-02 +0.000000E+00 +0.711740E-03 +0.000000E+00 +0.000000E+00
 +0.110366E+01 -0.102460E+03 +0.145142E+03 -0.614125E+02 +0.276307E+02 +0.186182E+02 +0.000000E+00 +0.000000E+00 +0.223271E-02 -0.169182E-02 +0.000000E+00 +0.707491E-03 +0.000000E+00 +0.000000E+00
 +0.110366E+01 -0.102470E+03 +0.145227E+03 -0.613254E+02 +0.276876E+02 +0.185064E+02 +0.000000E+00 +0.000000E+00 +0.223325E-02 -0.169125E-02 +0.000000E+00 +0.703242E-03 +0.000000E+00 +0.000000E+00
 +0.110366E+01 -0.102480E+03 +0.145312E+03 -0.612383E+02 +0.277444E+02 +0.183946E+02 +0.000000E+00 +0.000000E+00 +0.223379E-02 -0.169067E-02 +0.000000E+00 +0.698993E-03 +0.000000E+00 +0.000000E+00
 +0.110366E+01 -0.102490E+03 +0.145398E+03 -0.611511E+02 +0.278013E+02 +0.182827E+02 +0.000000E+00 +0.000000E+00 +0.223433E-02 -0.169010E-02 +0.000000E+00 +0.694744E-03 +0.000000E+00 +0.000000E+00
 +0.110366E+01 -0.102500E+03 +0.145483E+03 -0.610640E+02 +0.278582E+02 +0.181709E+02 +0.000000E+00 +0.000000E+00 +0.223487E-02 -0.168952E-02 +0.000000E+00 +0.690495E-03 +0.000000E+00 +0.000000E+00
 +0.110366E+01 -0.102510E+03 +0.145557E+03 -0.609963E+02 +0.279050E+02 +0.180656E+02 +0.000000E+00 +0.000000E+00 +0.223539E-02 -0.168912E-02 +0.000000E+00 +0.686491E-03 +0.000000E+00 +0.000000E+00
 +0.110366E+01 -0.102520E+03 +0.145618E+03 -0.609515E+02 +0.279399E+02 +0.179678E+02 +0.000000E+00 +0.000000E+00 +0.223588E-02 -0.168894E-02 +0.000000E+00 +0.682776E-03 +0.000000E+00 +0.000000E+00
 +0.110366E+01 -0.102530E+03 +0.145679E+03 -0.609067E+02 +0.279749E+02 +0.178700E+02 +0.000000E+00 +0.000000E+00 +0.223638E-02 -0.168875E-02 +0.000000E+00 +0.679060E-03 +0.000000E+00 +0.000000E+00
 +0.110366E+01 -0.102540E+03 +0.145740E+03 -0.608618E+02 +0.280098E+02 +0.177722E+02 +0.000000E+00 +0.000000E+00 +0.223688E-02 -0.168856E-02 +0.000000E+00 +0.675345E-03 +0.000000E+00 +0.000000E+00
 +0.110366E+01 -0.102550E+03 +0.145801E+03 -0.608170E+02 +0.280448E+02 +0.176745E+02 +0.000000E+00 +0.000000E+00 +0.223737E-02 -0.168837E-02 +0.000000E+00 +0.671629E-03 +0.000000E+00 +0.000000E+00
 +0.110366E+01 -0.102560E+03 +0.145862E+03 -0.607722E+02 +0.280797E+02 +0.175767E+02 +0.000000E+00 +0.000000E+00 +0.223787E-02 -0.168819E-02 +0.000000E+00 +0.667914E-03 +0.000000E+00 +0.000000E+00
 +0.110366E+01 -0.102570E+03 +0.145929E+03 -0.607109E+02 +0.281219E+02 +0.174800E+02 +0.000000E+00 +0.000000E+00 +0.223833E-02 -0.168782E-02 +0.000000E+00 +0.664238E-03 +0.000000E+00 +0.000000E+00
 +0.110366E+01 -0.102580E+03 +0.145997E+03 -0.606461E+02 +0.281657E+02 +0.173835E+02 +0.000000E+00 +0.000000E+00 +0.223879E-02 -0.168742E-02 +0.000000E+00 +0.660571E-03 +0.000000E+00 +0.000000E+00
 +0.110366E+01 -0.102590E+03 +0.146065E+03 -0.605812E+02 +0.282095E+02 +0.172870E+02 +0.000000E+00 +0.000000E+00 +0.223925E-02 -0.168702E-02 +0.000000E+00 +0.656905E-03 +0.000000E+00 +0.000000E+00
 +0.110366E+01 -0.102600E+03 +0.146132E+03 -0.605164E+02 +0.282533E+02 +0.171905E+02 +0.000000E+00 +0.000000E+00 +0.223970E-02 -0.168662E-02 +0.000000E+00 +0.653238E-03 +0.000000E+00 +0.000000E+00
 +0.110366E+01 -0.102610E+03 +0.146200E+03 -0.604515E+02 +0.282971E+02 +0.170940E+02 +0.000000E+00 +0.000000E+00 +0.224016E-02 -0.168622E-02 +0.000000E+00 +0.649571E-03 +0.000000E+00 +0.000000E+00
 +0.110366E+01 -0.102620E+03 +0.146268E+03 -0.603866E+02 +0.283409E+02 +0.169975E+02 +0.000000E+00 +0.000000E+00 +0.224062E-02 -0.168582E-02 +0.000000E+00 +0.645904E-03 +0.000000E+00 +0.000000E+00
 +0.110366E+01 -0.102630E+03 +0.146336E+03 -0.603218E+02 +0.283847E+02 +0.169010E+02 +0.000000E+00 +0.000000E+00 +0.224108E-02 -0.168542E-02 +0.000000E+00 +0.642238E-03 +0.000000E+00 +0.000000E+00
 +0.110366E+01 -0.102640E+03 +0.146404E+03 -0.602569E+02 +0.284285E+02 +0.168045E+02 +0.000000E+00 +0.000000E+00 +0.224153E-02 -0.168502E-02 +0.000000E+00 +0.638571E-03 +0.000000E+00 +0.000000E+00
 +0.110366E+01 -0.102650E+03 +0.146466E+03 -0.601958E+02 +0.284693E+02 +0.167140E+02 +0.000000E+00 +0.000000E+00 +0.224194E-02 -0.168464E-02 +0.000000E+00 +0.635132E-03 +0.000000E+00 +0.000000E+00
 +0.110366E+01 -0.102660E+03 +0.146528E+03 -0.601354E+02 +0.285094E+02 +0.166249E+02 +0.000000E+00 +0.000000E+00 +0.224235E-02 -0.168425E-02 +0.000000E+00 +0.631745E-03 +0.000000E+00 +0.000000E+00
 +0.110366E+01 -0.102670E+03 +0.146589E+03 -0.600751E+02 +0.285496E+02 +0.165357E+02 +0.000000E+00 +0.000000E+00 +0.224275E-02 -0.168387E-02 +0.000000E+00 +0.628357E-03 +0.000000E+00 +0.000000E+00
 +0.110366E+01 -0.102680E+03 +0.146650E+03 -0.600147E+02 +0.285897E+02 +0.164466E+02 +0.000000E+00 +0.000000E+00 +0.224315E-02 -0.168348E-02 +0.000000E+00 +0.624970E-03 +0.000000E+00 +0.000000E+00
 +0.110366E+01 -0.102690E+03 +0.146711E+03 -0.599544E+02 +0.286298E+02 +0.163574E+02 +0.000000E+00 +0.000000E+00 +0.224355E-02 -0.168310E-02 +0.000000E+00 +0.621582E-03 +0.000000E+00 +0.000000E+00
 +0.110366E+01 -0.102700E+03 +0.146773E+03 -0.598940E+02 +0.286699E+02 +0.162683E+02 +0.000000E+00 +0.000000E+00 +0.224395E-02 -0.168272E-02 +0.000000E+00 +0.618195E-03 +0.000000E+00 +0.000000E+00
 +0.110366E+01 -0.102710E+03 +0.146834E+03 -0.598337E+02 +0.287101E+02 +0.161791E+02 +0.000000E+00 +0.000000E+00 +0.224435E-02 -0.168233E-02 +0.000000E+00 +0.614808E-03 +0.000000E+00 +0.000000E+00
 +0.110366E+01 -0.102720E+03 +0.146893E+03 -0.597692E+02 +0.287507E+02 +0.160903E+02 +0.000000E+00 +0.000000E+00 +0.224469E-02 -0.168188E-02 +0.000000E+00 +0.611431E-03 +0.000000E+00 +0.000000E+00
 +0.110366E+01 -0.102730E+03 +0.146942E+03 -0.596899E+02 +0.287932E+02 +0.160024E+02 +0.000000E+00 +0.000000E+00 +0.224483E-02 -0.168118E-02 +0.000000E+00 +0.608093E-03 +0.000000E+00 +0.000000E+00
 +0.110366E+01 -0.102740E+03 +0.146992E+03 -0.596107E+02 +0.288357E+02 +0.159146E+02 +0.000000E+00 +0.000000E+00 +0.224496E-02 -0.168048E-02 +0.000000E+00 +0.604755E-03 +0.000000E+00 +0.000000E+00
 +0.110366E+01 -0.102750E+03 +0.147041E+03 -0.595314E+02 +0.288782E+02 +0.158267E+02 +0.000000E+00 +0.000000E+00 +0.224509E-02 -0.167978E-02 +0.000000E+00 +0.601416E-03 +0.000000E+00 +0.000000E+00
 +0.110366E+01 -0.102760E+03 +0.147091E+03 -0.594522E+02 +0.289207E+02 +0.157389E+02 +0.000000E+00 +0.000000E+00 +0.224523E-02 -0.167908E-02 +0.000000E+00 +0.598078E-03 +0.000000E+00 +0.000000E+00
 +0.110366E+01 -0.102770E+03 +0.147140E+03 -0.593729E+02 +0.289631E+02 +0.156511E+02 +0.000000E+00 +0.000000E+00 +0.224536E-02 -0.167839E-02 +0.000000E+00 +0.594740E-03 +0.000000E+00 +0.000000E+00
 +0.110366E+01 -0.102780E+03 +0.147190E+03 -0.592937E+02 +0.290056E+02 +0.155632E+02 +0.000000E+00 +0.000000E+00 +0.224549E-02 -0.167769E-02 +0.000000E+00 +0.591402E-03 +0.000000E+00 +0.000000E+00
 +0.110366E+01 -0.102790E+03 +0.147239E+03 -0.592145E+02 +0.290481E+02 +0.154754E+02 +0.000000E+00 +0.000000E+00 +0.224563E-02 -0.167699E-02 +0.000000E+00 +0.588064E-03 +0.000000E+00 +0.000000E+00
 +0.110366E+01 -0.102800E+03 +0.147290E+03 -0.591396E+02 +0.290896E+02 +0.153876E+02 +0.000000E+00 +0.000000E+00 +0.224581E-02 -0.167635E-02 +0.000000E+00 +0.584729E-03 +0.000000E+00 +0.000000E+00
 +0.110366E+01 -0.102810E+03 +0.147348E+03 -0.590872E+02 +0.291260E+02 +0.153003E+02 +0.000000E+00 +0.000000E+00 +0.224621E-02 -0.167605E-02 +0.000000E+00 +0.581410E-03 +0.000000E+00 +0.000000E+00
 +0.110366E+01 -0.102820E+03 +0.147406E+03 -0.590348E+02 +0.291623E+02 +0.152129E+02 +0.000000E+00 +0.000000E+00 +0.224662E-02 -0.167575E-02 +0.000000E+00 +0.578090E-03 +0.000000E+00 +0.000000E+00
 +0.110366E+01 -0.102830E+03 +0.147463E+03 -0.589825E+02 +0.291987E+02 +0.151256E+02 +0.000000E+00 +0.000000E+00 +0.224703E-02 -0.167544E-02 +0.000000E+00 +0.574771E-03 +0.000000E+00 +0.000000E+00
 +0.110366E+01 -0.102840E+03 +0.147521E+03 -0.589301E+02 +0.292351E+02 +0.150382E+02 +0.000000E+00 +0.000000E+00 +0.224744E-02 -0.167514E-02 +0.000000E+00 +0.571452E-03 +0.000000E+00 +0.000000E+00
 +0.110366E+01 -0.102850E+03 +0.147579E+03 -0.588777E+02 +0.292714E+02 +0.149509E+02 +0.000000E+00 +0.000000E+00 +0.224784E-02 -0.167483E-02 +0.000000E+00 +0.568133E-03 +0.000000E+00 +0.000000E+00
 +0.110366E+01 -0.102860E+03 +0.147637E+03 -0.588253E+02 +0.293078E+02 +0.148635E+02 +0.000000E+00 +0.000000E+00 +0.224825E-02 -0.167453E-02 +0.000000E+00 +0.564814E-03 +0.000000E+00 +0.000000E+00
 +0.110366E+01 -0.102870E+03 +0.147695E+03 -0.587730E+02 +0.293441E+02 +0.147762E+02 +0.000000E+00 +0.000000E+00 +0.224866E-02 -0.167423E-02 +0.000000E+00 +0.561495E-03 +0.000000E+00 +0.000000E+00
 +0.110366E+01 -0.102880E+03 +0.147752E+03 -0.587206E+02 +0.293805E+02 +0.146888E+02 +0.000000E+00 +0.000000E+00 +0.224907E-02 -0.167392E-02 +0.000000E+00 +0.558176E-03 +0.000000E+00 +0.000000E+00
 +0.110366E+01 -0.102890E+03 +0.147814E+03 -0.586275E+02 +0.294315E+02 +0.146061E+02 +0.000000E+00 +0.000000E+00 +0.224927E-02 -0.167312E-02 +0.000000E+00 +0.555032E-03 +0.000000E+00 +0.000000E+00
 +0.110366E+01 -0.102900E+03 +0.147877E+03 -0.585147E+02 +0.294897E+02 +0.145256E+02 +0.000000E+00 +0.000000E+00 +0.224937E-02 -0.167208E-02 +0.000000E+00 +0.551972E-03 +0.000000E+00 +0.000000E+00
 +0.110366E+01 -0.102910E+03 +0.147941E+03 -0.584018E+02 +0.295479E+02 +0.144451E+02 +0.000000E+00 +0.000000E+00 +0.224947E-02 -0.167104E-02 +0.000000E+00 +0.548913E-03 +0.000000E+00 +0.000000E+00
 +0.110366E+01 -0.102920E+03 +0.148004E+03 -0.582890E+02 +0.296060E+02 +0.143646E+02 +0.000000E+00 +0.000000E+00 +0.224957E-02 -0.167001E-02 +0.000000E+00 +0.545853E-03 +0.000000E+00 +0.000000E+00
 +0.110366E+01 -0.102930E+03 +0.148068E+03 -0.581762E+02 +0.296642E+02 +0.142840E+02 +0.000000E+00 +0.000000E+00 +0.224967E-02 -0.166897E-02 +0.000000E+00 +0.542794E-03 +0.000000E+00 +0.000000E+00
 +0.110366E+01 -0.102940E+03 +0.148131E+03 -0.580633E+02 +0.297224E+02 +0.142035E+02 +0.000000E+00 +0.000000E+00 +0.224977E-02 -0.166793E-02 +0.000000E+00 +0.539734E-03 +0.000000E+00 +0.000000E+00
 +0.110366E+01 -0.102950E+03 +0.148195E+03 -0.579505E+02 +0.297805E+02 +0.141230E+02 +0.000000E+00 +0.000000E+00 +0.224987E-02 -0.166689E-02 +0.000000E+00 +0.536675E-03 +0.000000E+00 +0.000000E+00
 +0.110366E+01 -0.102960E+03 +0.148256E+03 -0.578438E+02 +0.298361E+02 +0.140411E+02 +0.000000E+00 +0.000000E+00 +0.224998E-02 -0.166592E-02 +0.000000E+00 +0.533563E-03 +0.000000E+00 +0.000000E+00
 +0.110366E+01 -0.102970E+03 +0.148308E+03 -0.577709E+02 +0.298773E+02 +0.139515E+02 +0.000000E+00 +0.000000E+00 +0.225019E-02 -0.166532E-02 +0.000000E+00 +0.530159E-03 +0.000000E+00 +0.000000E+00
 +0.110366E+01 -0.102980E+03 +0.148360E+03 -0.576981E+02 +0.299185E+02 +0.138620E+02 +0.000000E+00 +0.000000E+00 +0.225039E-02 -0.166472E-02 +0.000000E+00 +0.526755E-03 +0.000000E+00 +0.000000E+00
 +0.110366E+01 -0.102990E+03 +0.148412E+03 -0.576253E+02 +0.299596E+02 +0.137724E+02 +0.000000E+00 +0.000000E+00 +0.225060E-02 -0.166411E-02 +0.000000E+00 +0.523351E-03 +0.000000E+00 +0.000000E+00
 +0.110366E+01 -0.103000E+03 +0.148464E+03 -0.575525E+02 +0.300008E+02 +0.136828E+02 +0.000000E+00 +0.000000E+00 +0.225080E-02 -0.166351E-02 +0.000000E+00 +0.519947E-03 +0.000000E+00 +0.000000E+00
 +0.110366E+01 -0.103010E+03 +0.148516E+03 -0.574797E+02 +0.300420E+02 +0.135932E+02 +0.000000E+00 +0.000000E+00 +0.225101E-02 -0.166291E-02 +0.000000E+00 +0.516542E-03 +0.000000E+00 +0.000000E+00
 +0.110366E+01 -0.103020E+03 +0.148568E+03 -0.574069E+02 +0.300832E+02 +0.135036E+02 +0.000000E+00 +0.000000E+00 +0.225121E-02 -0.166231E-02 +0.000000E+00 +0.513138E-03 +0.000000E+00 +0.000000E+00
 +0.110366E+01 -0.103030E+03 +0.148620E+03 -0.573341E+02 +0.301244E+02 +0.134141E+02 +0.000000E+00 +0.000000E+00 +0.225142E-02 -0.166171E-02 +0.000000E+00 +0.509734E-03 +0.000000E+00 +0.000000E+00
 +0.110366E+01 -0.103040E+03 +0.148672E+03 -0.572613E+02 +0.301655E+02 +0.133245E+02 +0.000000E+00 +0.000000E+00 +0.225162E-02 -0.166111E-02 +0.000000E+00 +0.506330E-03 +0.000000E+00 +0.000000E+00
 +0.110366E+01 -0.103050E+03 +0.148724E+03 -0.571884E+02 +0.302067E+02 +0.132349E+02 +0.000000E+00 +0.000000E+00 +0.225183E-02 -0.166051E-02 +0.000000E+00 +0.502926E-03 +0.000000E+00 +0.000000E+00
 +0.110366E+01 -0.103060E+03 +0.148762E+03 -0.571099E+02 +0.302453E+02 +0.131478E+02 +0.000000E+00 +0.000000E+00 +0.225182E-02 -0.165975E-02 +0.000000E+00 +0.499615E-03 +0.000000E+00 +0.000000E+00
 +0.110366E+01 -0.103070E+03 +0.148795E+03 -0.570290E+02 +0.302827E+02 +0.130616E+02 +0.000000E+00 +0.000000E+00 +0.225173E-02 -0.165892E-02 +0.000000E+00 +0.496342E-03 +0.000000E+00 +0.000000E+00
 +0.110366E+01 -0.103080E+03 +0.148827E+03 -0.569481E+02 +0.303202E+02 +0.129755E+02 +0.000000E+00 +0.000000E+00 +0.225164E-02 -0.165810E-02 +0.000000E+00 +0.493070E-03 +0.000000E+00 +0.000000E+00
 +0.110366E+01 -0.103090E+03 +0.148860E+03 -0.568672E+02 +0.303576E+02 +0.128894E+02 +0.000000E+00 +0.000000E+00 +0.225155E-02 -0.165727E-02 +0.000000E+00 +0.489797E-03 +0.000000E+00 +0.000000E+00
 +0.110366E+01 -0.103100E+03 +0.148893E+03 -0.567862E+02 +0.303951E+02 +0.128033E+02 +0.000000E+00 +0.000000E+00 +0.225145E-02 -0.165645E-02 +0.000000E+00 +0.486525E-03 +0.000000E+00 +0.000000E+00
 +0.110366E+01 -0.103110E+03 +0.148925E+03 -0.567053E+02 +0.304326E+02 +0.127172E+02 +0.000000E+00 +0.000000E+00 +0.225136E-02 -0.165562E-02 +0.000000E+00 +0.483253E-03 +0.000000E+00 +0.000000E+00
 +0.110366E+01 -0.103120E+03 +0.148958E+03 -0.566244E+02 +0.304700E+02 +0.126311E+02 +0.000000E+00 +0.000000E+00 +0.225127E-02 -0.165479E-02 +0.000000E+00 +0.479980E-03 +0.000000E+00 +0.000000E+00
 +0.110366E+01 -0.103130E+03 +0.149004E+03 -0.565496E+02 +0.305101E+02 +0.125631E+02 +0.000000E+00 +0.000000E+00 +0.225139E-02 -0.165413E-02 +0.000000E+00 +0.477399E-03 +0.000000E+00 +0.000000E+00
 +0.110366E+01 -0.103140E+03 +0.149052E+03 -0.564751E+02 +0.305503E+02 +0.124960E+02 +0.000000E+00 +0.000000E+00 +0.225153E-02 -0.165348E-02 +0.000000E+00 +0.474847E-03 +0.000000E+00 +0.000000E+00
 +0.110366E+01 -0.103150E+03 +0.149099E+03 -0.564005E+02 +0.305905E+02 +0.124288E+02 +0.000000E+00 +0.000000E+00 +0.225166E-02 -0.165283E-02 +0.000000E+00 +0.472296E-03 +0.000000E+00 +0.000000E+00
 +0.110366E+01 -0.103160E+03 +0.149146E+03 -0.563260E+02 +0.306307E+02 +0.123617E+02 +0.000000E+00 +0.000000E+00 +0.225180E-02 -0.165218E-02 +0.000000E+00 +0.469745E-03 +0.000000E+00 +0.000000E+00
 +0.110366E+01 -0.103170E+03 +0.149194E+03 -0.562515E+02 +0.306709E+02 +0.122946E+02 +0.000000E+00 +0.000000E+00 +0.225193E-02 -0.165153E-02 +0.000000E+00 +0.467194E-03 +0.000000E+00 +0.000000E+00
 +0.110366E+01 -0.103180E+03 +0.149241E+03 -0.561770E+02 +0.307111E+02 +0.122274E+02 +0.000000E+00 +0.000000E+00 +0.225207E-02 -0.165087E-02 +0.000000E+00 +0.464643E-03 +0.000000E+00 +0.000000E+00
 +0.110366E+01 -0.103190E+03 +0.149288E+03 -0.561025E+02 +0.307513E+02 +0.121603E+02 +0.000000E+00 +0.000000E+00 +0.225220E-02 -0.165022E-02 +0.000000E+00 +0.462092E-03 +0.000000E+00 +0.000000E+00
 +0.110366E+01 -0.103200E+03 +0.149335E+03 -0.560279E+02 +0.307915E+02 +0.120932E+02 +0.000000E+00 +0.000000E+00 +0.225234E-02 -0.164957E-02 +0.000000E+00 +0.459540E-03 +0.000000E+00 +0.000000E+00
 +0.110366E+01 -0.103210E+03 +0.149383E+03 -0.559534E+02 +0.308317E+02 +0.120260E+02 +0.000000E+00 +0.000000E+00 +0.225247E-02 -0.164892E-02 +0.000000E+00 +0.456989E-03 +0.000000E+00 +0.000000E+00
 +0.110366E+01 -0.103220E+03 +0.149430E+03 -0.558789E+02 +0.308719E+02 +0.119589E+02 +0.000000E+00 +0.000000E+00 +0.225260E-02 -0.164826E-02 +0.000000E+00 +0.454438E-03 +0.000000E+00 +0.000000E+00
 +0.110366E+01 -0.103230E+03 +0.149477E+03 -0.558044E+02 +0.309121E+02 +0.118918E+02 +0.000000E+00 +0.000000E+00 +0.225274E-02 -0.164761E-02 +0.000000E+00 +0.451887E-03 +0.000000E+00 +0.000000E+00
 +0.110366E+01 -0.103240E+03 +0.149525E+03 -0.557298E+02 +0.309523E+02 +0.118246E+02 +0.000000E+00 +0.000000E+00 +0.225287E-02 -0.164696E-02 +0.000000E+00 +0.449336E-03 +0.000000E+00 +0.000000E+00
 +0.110366E+01 -0.103250E+03 +0.149572E+03 -0.556553E+02 +0.309925E+02 +0.117575E+02 +0.000000E+00 +0.000000E+00 +0.225301E-02 -0.164631E-02 +0.000000E+00 +0.446785E-03 +0.000000E+00 +0.000000E+00
 +0.110366E+01 -0.103260E+03 +0.149619E+03 -0.555808E+02 +0.310327E+02 +0.116904E+02 +0.000000E+00 +0.000000E+00 +0.225314E-02 -0.164566E-02 +0.000000E+00 +0.444233E-03 +0.000000E+00 +0.000000E+00
 +0.110366E+01 -0.103270E+03 +0.149666E+03 -0.555063E+02 +0.310729E+02 +0.116232E+02 +0.000000E+00 +0.000000E+00 +0.225328E-02 -0.164500E-02 +0.000000E+00 +0.441682E-03 +0.000000E+00 +0.000000E+00
 +0.110366E+01 -0.103280E+03 +0.149714E+03 -0.554317E+02 +0.311130E+02 +0.115561E+02 +0.000000E+00 +0.000000E+00 +0.225341E-02 -0.164435E-02 +0.000000E+00 +0.439131E-03 +0.000000E+00 +0.000000E+00
 +0.110366E+01 -0.103290E+03 +0.149761E+03 -0.553572E+02 +0.311532E+02 +0.114889E+02 +0.000000E+00 +0.000000E+00 +0.225355E-02 -0.164370E-02 +0.000000E+00 +0.436580E-03 +0.000000E+00 +0.000000E+00
 +0.110366E+01 -0.103300E+03 +0.149808E+03 -0.552827E+02 +0.311934E+02 +0.114218E+02 +0.000000E+00 +0.000000E+00 +0.225368E-02 -0.164305E-02 +0.000000E+00 +0.434029E-03 +0.000000E+00 +0.000000E+00
 +0.110366E+01 -0.103310E+03 +0.149856E+03 -0.552082E+02 +0.312336E+02 +0.113547E+02 +0.000000E+00 +0.000000E+00 +0.225382E-02 -0.164239E-02 +0.000000E+00 +0.431477E-03 +0.000000E+00 +0.000000E+00
 +0.110366E+01 -0.103320E+03 +0.149899E+03 -0.551194E+02 +0.312772E+02 +0.112732E+02 +0.000000E+00 +0.000000E+00 +0.225381E-02 -0.164154E-02 +0.000000E+00 +0.428380E-03 +0.000000E+00 +0.000000E+00
 +0.110366E+01 -0.103330E+03 +0.149942E+03 -0.550292E+02 +0.313211E+02 +0.111901E+02 +0.000000E+00 +0.000000E+00 +0.225379E-02 -0.164066E-02 +0.000000E+00 +0.425224E-03 +0.000000E+00 +0.000000E+00
 +0.110366E+01 -0.103340E+03 +0.149985E+03 -0.549389E+02 +0.313651E+02 +0.111070E+02 +0.000000E+00 +0.000000E+00 +0.225377E-02 -0.163978E-02 +0.000000E+00 +0.422068E-03 +0.000000E+00 +0.000000E+00
 +0.110366E+01 -0.103350E+03 +0.150028E+03 -0.548487E+02 +0.314090E+02 +0.110240E+02 +0.000000E+00 +0.000000E+00 +0.225375E-02 -0.163890E-02 +0.000000E+00 +0.418911E-03 +0.000000E+00 +0.000000E+00
 +0.110366E+01 -0.103360E+03 +0.150070E+03 -0.547584E+02 +0.314530E+02 +0.109409E+02 +0.000000E+00 +0.000000E+00 +0.225373E-02 -0.163802E-02 +0.000000E+00 +0.415755E-03 +0.000000E+00 +0.000000E+00
 +0.110366E+01 -0.103370E+03 +0.150113E+03 -0.546681E+02 +0.314969E+02 +0.108579E+02 +0.000000E+00 +0.000000E+00 +0.225371E-02 -0.163714E-02 +0.000000E+00 +0.412599E-03 +0.000000E+00 +0.000000E+00
 +0.110366E+01 -0.103380E+03 +0.150156E+03 -0.545779E+02 +0.315408E+02 +0.107748E+02 +0.000000E+00 +0.000000E+00 +0.225369E-02 -0.163626E-02 +0.000000E+00 +0.409443E-03 +0.000000E+00 +0.000000E+00
 +0.110366E+01 -0.103390E+03 +0.150199E+03 -0.544876E+02 +0.315848E+02 +0.106918E+02 +0.000000E+00 +0.000000E+00 +0.225367E-02 -0.163538E-02 +0.000000E+00 +0.406287E-03 +0.000000E+00 +0.000000E+00
 +0.110366E+01 -0.103400E+03 +0.150242E+03 -0.543974E+02 +0.316287E+02 +0.106087E+02 +0.000000E+00 +0.000000E+00 +0.225365E-02 -0.163450E-02 +0.000000E+00 +0.403130E-03 +0.000000E+00 +0.000000E+00
 +0.110366E+01 -0.103410E+03 +0.150285E+03 -0.543071E+02 +0.316726E+02 +0.105256E+02 +0.000000E+00 +0.000000E+00 +0.225363E-02 -0.163362E-02 +0.000000E+00 +0.399974E-03 +0.000000E+00 +0.000000E+00
 +0.110366E+01 -0.103420E+03 +0.150328E+03 -0.542168E+02 +0.317166E+02 +0.104426E+02 +0.000000E+00 +0.000000E+00 +0.225361E-02 -0.163274E-02 +0.000000E+00 +0.396818E-03 +0.000000E+00 +0.000000E+00
 +0.110366E+01 -0.103430E+03 +0.150371E+03 -0.541266E+02 +0.317605E+02 +0.103595E+02 +0.000000E+00 +0.000000E+00 +0.225359E-02 -0.163185E-02 +0.000000E+00 +0.393662E-03 +0.000000E+00 +0.000000E+00
 +0.110366E+01 -0.103440E+03 +0.150413E+03 -0.540363E+02 +0.318045E+02 +0.102765E+02 +0.000000E+00 +0.000000E+00 +0.225357E-02 -0.163097E-02 +0.000000E+00 +0.390506E-03 +0.000000E+00 +0.000000E+00
 +0.110366E+01 -0.103450E+03 +0.150456E+03 -0.539461E+02 +0.318484E+02 +0.101934E+02 +0.000000E+00 +0.000000E+00 +0.225355E-02 -0.163009E-02 +0.000000E+00 +0.387350E-03 +0.000000E+00 +0.000000E+00
 +0.110366E+01 -0.103460E+03 +0.150499E+03 -0.538558E+02 +0.318923E+02 +0.101104E+02 +0.000000E+00 +0.000000E+00 +0.225353E-02 -0.162921E-02 +0.000000E+00 +0.384193E-03 +0.000000E+00 +0.000000E+00
 +0.110366E+01 -0.103470E+03 +0.150542E+03 -0.537655E+02 +0.319363E+02 +0.100273E+02 +0.000000E+00 +0.000000E+00 +0.225351E-02 -0.162833E-02 +0.000000E+00 +0.381037E-03 +0.000000E+00 +0.000000E+00
 +0.110366E+01 -0.103480E+03 +0.150585E+03 -0.536753E+02 +0.319802E+02 +0.994424E+01 +0.000000E+00 +0.000000E+00 +0.225349E-02 -0.162745E-02 +0.000000E+00 +0.377881E-03 +0.000000E+00 +0.000000E+00
 +0.110366E+01 -0.103490E+03 +0.150628E+03 -0.535850E+02 +0.320241E+02 +0.986118E+01 +0.000000E+00 +0.000000E+00 +0.225347E-02 -0.162657E-02 +0.000000E+00 +0.374725E-03 +0.000000E+00 +0.000000E+00
 +0.110366E+01 -0.103500E+03 +0.150671E+03 -0.534948E+02 +0.320681E+02 +0.977812E+01 +0.000000E+00 +0.000000E+00 +0.225345E-02 -0.162569E-02 +0.000000E+00 +0.371569E-03 +0.000000E+00 +0.000000E+00
 +0.110366E+01 -0.103510E+03 +0.150714E+03 -0.534045E+02 +0.321120E+02 +0.969506E+01 +0.000000E+00 +0.000000E+00 +0.225343E-02 -0.162481E-02 +0.000000E+00 +0.368412E-03 +0.000000E+00 +0.000000E+00
 +0.110366E+01 -0.103520E+03 +0.150757E+03 -0.533142E+02 +0.321560E+02 +0.961201E+01 +0.000000E+00 +0.000000E+00 +0.225341E-02 -0.162393E-02 +0.000000E+00 +0.365256E-03 +0.000000E+00 +0.000000E+00
 +0.110366E+01 -0.103530E+03 +0.150798E+03 -0.532290E+02 +0.321978E+02 +0.953090E+01 +0.000000E+00 +0.000000E+00 +0.225341E-02 -0.162311E-02 +0.000000E+00 +0.362174E-03 +0.000000E+00 +0.000000E+00
 +0.110366E+01 -0.103540E+03 +0.150825E+03 -0.532021E+02 +0.322155E+02 +0.947235E+01 +0.000000E+00 +0.000000E+00 +0.225358E-02 -0.162293E-02 +0.000000E+00 +0.359949E-03 +0.000000E+00 +0.000000E+00
 +0.110366E+01 -0.103550E+03 +0.150851E+03 -0.531752E+02 +0.322331E+02 +0.941380E+01 +0.000000E+00 +0.000000E+00 +0.225374E-02 -0.162276E-02 +0.000000E+00 +0.357725E-03 +0.000000E+00 +0.000000E+00
 +0.110366E+01 -0.103560E+03 +0.150878E+03 -0.531483E+02 +0.322507E+02 +0.935526E+01 +0.000000E+00 +0.000000E+00 +0.225391E-02 -0.162258E-02 +0.000000E+00 +0.355500E-03 +0.000000E+00 +0.000000E+00
 +0.110366E+01 -0.103570E+03 +0.150904E+03 -0.531214E+02 +0.322684E+02 +0.929671E+01 +0.000000E+00 +0.000000E+00 +0.225408E-02 -0.162241E-02 +0.000000E+00 +0.353275E-03 +0.000000E+00 +0.000000E+00
 +0.110366E+01 -0.103580E+03 +0.150931E+03 -0.530945E+02 +0.322860E+02 +0.923817E+01 +0.000000E+00 +0.000000E+00 +0.225425E-02 -0.162223E-02 +0.000000E+00 +0.351050E-03 +0.000000E+00 +0.000000E+00
 +0.110366E+01 -0.103590E+03 +0.150957E+03 -0.530676E+02 +0.323037E+02 +0.917962E+01 +0.000000E+00 +0.000000E+00 +0.225442E-02 -0.162205E-02 +0.000000E+00 +0.348826E-03 +0.000000E+00 +0.000000E+00
 +0.110366E+01 -0.103600E+03 +0.150984E+03 -0.530407E+02 +0.323213E+02 +0.912107E+01 +0.000000E+00 +0.000000E+00 +0.225459E-02 -0.162188E-02 +0.000000E+00 +0.346601E-03 +0.000000E+00 +0.000000E+00
 +0.110366E+01 -0.103610E+03 +0.151011E+03 -0.530138E+02 +0.323389E+02 +0.906253E+01 +0.000000E+00 +0.000000E+00 +0.225476E-02 -0.162170E-02 +0.000000E+00 +0.344376E-03 +0.000000E+00 +0.000000E+00
 +0.110366E+01 -0.103620E+03 +0.151037E+03 -0.529869E+02 +0.323566E+02 +0.900398E+01 +0.000000E+00 +0.000000E+00 +0.225493E-02 -0.162153E-02 +0.000000E+00 +0.342151E-03 +0.000000E+00 +0.000000E+00
 +0.110366E+01 -0.103630E+03 +0.151064E+03 -0.529600E+02 +0.323742E+02 +0.894544E+01 +0.000000E+00 +0.000000E+00 +0.225510E-02 -0.162135E-02 +0.000000E+00 +0.339927E-03 +0.000000E+00 +0.000000E+00
 +0.110366E+01 -0.103640E+03 +0.151090E+03 -0.529331E+02 +0.323919E+02 +0.888689E+01 +0.000000E+00 +0.000000E+00 +0.225527E-02 -0.162117E-02 +0.000000E+00 +0.337702E-03 +0.000000E+00 +0.000000E+00
 +0.110366E+01 -0.103650E+03 +0.151117E+03 -0.529062E+02 +0.324095E+02 +0.882834E+01 +0.000000E+00 +0.000000E+00 +0.225544E-02 -0.162100E-02 +0.000000E+00 +0.335477E-03 +0.000000E+00 +0.000000E+00
 +0.110366E+01 -0.103660E+03 +0.151143E+03 -0.528793E+02 +0.324271E+02 +0.876980E+01 +0.000000E+00 +0.000000E+00 +0.225561E-02 -0.162082E-02 +0.000000E+00 +0.333252E-03 +0.000000E+00 +0.000000E+00
 +0.110366E+01 -0.103670E+03 +0.151170E+03 -0.528524E+02 +0.324448E+02 +0.871125E+01 +0.000000E+00 +0.000000E+00 +0.225578E-02 -0.162065E-02 +0.000000E+00 +0.331028E-03 +0.000000E+00 +0.000000E+00
 +0.110366E+01 -0.103680E+03 +0.151196E+03 -0.528255E+02 +0.324624E+02 +0.865271E+01 +0.000000E+00 +0.000000E+00 +0.225595E-02 -0.162047E-02 +0.000000E+00 +0.328803E-03 +0.000000E+00 +0.000000E+00
 +0.110366E+01 -0.103690E+03 +0.151223E+03 -0.527987E+02 +0.324801E+02 +0.859416E+01 +0.000000E+00 +0.000000E+00 +0.225612E-02 -0.162030E-02 +0.000000E+00 +0.326578E-03 +0.000000E+00 +0.000000E+00
 +0.110366E+01 -0.103700E+03 +0.151250E+03 -0.527718E+02 +0.324977E+02 +0.853561E+01 +0.000000E+00 +0.000000E+00 +0.225629E-02 -0.162012E-02 +0.000000E+00 +0.324353E-03 +0.000000E+00 +0.000000E+00
 +0.110366E+01 -0.103710E+03 +0.151273E+03 -0.527381E+02 +0.325165E+02 +0.847706E+01 +0.000000E+00 +0.000000E+00 +0.225637E-02 -0.161984E-02 +0.000000E+00 +0.322128E-03 +0.000000E+00 +0.000000E+00
 +0.110366E+01 -0.103720E+03 +0.151281E+03 -0.526712E+02 +0.325412E+02 +0.841849E+01 +0.000000E+00 +0.000000E+00 +0.225605E-02 -0.161904E-02 +0.000000E+00 +0.319903E-03 +0.000000E+00 +0.000000E+00
 +0.110366E+01 -0.103730E+03 +0.151289E+03 -0.526044E+02 +0.325658E+02 +0.835991E+01 +0.000000E+00 +0.000000E+00 +0.225573E-02 -0.161823E-02 +0.000000E+00 +0.317677E-03 +0.000000E+00 +0.000000E+00
 +0.110366E+01 -0.103740E+03 +0.151297E+03 -0.525375E+02 +0.325905E+02 +0.830133E+01 +0.000000E+00 +0.000000E+00 +0.225541E-02 -0.161743E-02 +0.000000E+00 +0.315451E-03 +0.000000E+00 +0.000000E+00
 +0.110366E+01 -0.103750E+03 +0.151304E+03 -0.524706E+02 +0.326151E+02 +0.824276E+01 +0.000000E+00 +0.000000E+00 +0.225510E-02 -0.161663E-02 +0.000000E+00 +0.313225E-03 +0.000000E+00 +0.000000E+00
 +0.110366E+01 -0.103760E+03 +0.151312E+03 -0.524037E+02 +0.326398E+02 +0.818418E+01 +0.000000E+00 +0.000000E+00 +0.225478E-02 -0.161583E-02 +0.000000E+00 +0.310999E-03 +0.000000E+00 +0.000000E+00
 +0.110366E+01 -0.103770E+03 +0.151320E+03 -0.523369E+02 +0.326644E+02 +0.812560E+01 +0.000000E+00 +0.000000E+00 +0.225446E-02 -0.161502E-02 +0.000000E+00 +0.308773E-03 +0.000000E+00 +0.000000E+00
 +0.110366E+01 -0.103780E+03 +0.151328E+03 -0.522700E+02 +0.326891E+02 +0.806703E+01 +0.000000E+00 +0.000000E+00 +0.225414E-02 -0.161422E-02 +0.000000E+00 +0.306547E-03 +0.000000E+00 +0.000000E+00
 +0.110366E+01 -0.103790E+03 +0.151336E+03 -0.522031E+02 +0.327138E+02 +0.800845E+01 +0.000000E+00 +0.000000E+00 +0.225382E-02 -0.161342E-02 +0.000000E+00 +0.304321E-03 +0.000000E+00 +0.000000E+00
 +0.110366E+01 -0.103800E+03 +0.151344E+03 -0.521362E+02 +0.327384E+02 +0.794987E+01 +0.000000E+00 +0.000000E+00 +0.225350E-02 -0.161262E-02 +0.000000E+00 +0.302095E-03 +0.000000E+00 +0.000000E+00
 +0.110366E+01 -0.103810E+03 +0.151351E+03 -0.520694E+02 +0.327631E+02 +0.789130E+01 +0.000000E+00 +0.000000E+00 +0.225318E-02 -0.161182E-02 +0.000000E+00 +0.299869E-03 +0.000000E+00 +0.000000E+00
 +0.110366E+01 -0.103820E+03 +0.151359E+03 -0.520025E+02 +0.327877E+02 +0.783272E+01 +0.000000E+00 +0.000000E+00 +0.225286E-02 -0.161101E-02 +0.000000E+00 +0.297643E-03 +0.000000E+00 +0.000000E+00
 +0.110366E+01 -0.103830E+03 +0.151367E+03 -0.519356E+02 +0.328124E+02 +0.777414E+01 +0.000000E+00 +0.000000E+00 +0.225254E-02 -0.161021E-02 +0.000000E+00 +0.295417E-03 +0.000000E+00 +0.000000E+00
 +0.110366E+01 -0.103840E+03 +0.151375E+03 -0.518687E+02 +0.328370E+02 +0.771556E+01 +0.000000E+00 +0.000000E+00 +0.225222E-02 -0.160941E-02 +0.000000E+00 +0.293191E-03 +0.000000E+00 +0.000000E+00
 +0.110366E+01 -0.103850E+03 +0.151383E+03 -0.518019E+02 +0.328617E+02 +0.765699E+01 +0.000000E+00 +0.000000E+00 +0.225190E-02 -0.160861E-02 +0.000000E+00 +0.290966E-03 +0.000000E+00 +0.000000E+00
 +0.110366E+01 -0.103860E+03 +0.151391E+03 -0.517350E+02 +0.328863E+02 +0.759841E+01 +0.000000E+00 +0.000000E+00 +0.225158E-02 -0.160780E-02 +0.000000E+00 +0.288740E-03 +0.000000E+00 +0.000000E+00
 +0.110366E+01 -0.103870E+03 +0.151411E+03 -0.516683E+02 +0.329152E+02 +0.755432E+01 +0.000000E+00 +0.000000E+00 +0.225142E-02 -0.160708E-02 +0.000000E+00 +0.287064E-03 +0.000000E+00 +0.000000E+00
 +0.110366E+01 -0.103880E+03 +0.151439E+03 -0.516016E+02 +0.329463E+02 +0.751838E+01 +0.000000E+00 +0.000000E+00 +0.225136E-02 -0.160641E-02 +0.000000E+00 +0.285699E-03 +0.000000E+00 +0.000000E+00
 +0.110366E+01 -0.103890E+03 +0.151467E+03 -0.515350E+02 +0.329775E+02 +0.748245E+01 +0.000000E+00 +0.000000E+00 +0.225130E-02 -0.160574E-02 +0.000000E+00 +0.284333E-03 +0.000000E+00 +0.000000E+00
 +0.110366E+01 -0.103900E+03 +0.151495E+03 -0.514684E+02 +0.330087E+02 +0.744651E+01 +0.000000E+00 +0.000000E+00 +0.225123E-02 -0.160506E-02 +0.000000E+00 +0.282967E-03 +0.000000E+00 +0.000000E+00
 +0.110366E+01 -0.103910E+03 +0.151522E+03 -0.514017E+02 +0.330398E+02 +0.741057E+01 +0.000000E+00 +0.000000E+00 +0.225117E-02 -0.160439E-02 +0.000000E+00 +0.281602E-03 +0.000000E+00 +0.000000E+00
 +0.110366E+01 -0.103920E+03 +0.151550E+03 -0.513351E+02 +0.330710E+02 +0.737464E+01 +0.000000E+00 +0.000000E+00 +0.225111E-02 -0.160372E-02 +0.000000E+00 +0.280236E-03 +0.000000E+00 +0.000000E+00
 +0.110366E+01 -0.103930E+03 +0.151578E+03 -0.512685E+02 +0.331022E+02 +0.733870E+01 +0.000000E+00 +0.000000E+00 +0.225104E-02 -0.160304E-02 +0.000000E+00 +0.278871E-03 +0.000000E+00 +0.000000E+00
 +0.110366E+01 -0.103940E+03 +0.151606E+03 -0.512018E+02 +0.331333E+02 +0.730276E+01 +0.000000E+00 +0.000000E+00 +0.225098E-02 -0.160237E-02 +0.000000E+00 +0.277505E-03 +0.000000E+00 +0.000000E+00
 +0.110366E+01 -0.103950E+03 +0.151634E+03 -0.511352E+02 +0.331645E+02 +0.726683E+01 +0.000000E+00 +0.000000E+00 +0.225091E-02 -0.160169E-02 +0.000000E+00 +0.276139E-03 +0.000000E+00 +0.000000E+00
 +0.110366E+01 -0.103960E+03 +0.151662E+03 -0.510686E+02 +0.331957E+02 +0.723089E+01 +0.000000E+00 +0.000000E+00 +0.225085E-02 -0.160102E-02 +0.000000E+00 +0.274774E-03 +0.000000E+00 +0.000000E+00
 +0.110366E+01 -0.103970E+03 +0.151689E+03 -0.510019E+02 +0.332269E+02 +0.719495E+01 +0.000000E+00 +0.000000E+00 +0.225079E-02 -0.160035E-02 +0.000000E+00 +0.273408E-03 +0.000000E+00 +0.000000E+00
 +0.110366E+01 -0.103980E+03 +0.151717E+03 -0.509353E+02 +0.332580E+02 +0.715902E+01 +0.000000E+00 +0.000000E+00 +0.225072E-02 -0.159967E-02 +0.000000E+00 +0.272043E-03 +0.000000E+00 +0.000000E+00
 +0.110366E+01 -0.103990E+03 +0.151745E+03 -0.508686E+02 +0.332892E+02 +0.712308E+01 +0.000000E+00 +0.000000E+00 +0.225066E-02 -0.159900E-02 +0.000000E+00 +0.270677E-03 +0.000000E+00 +0.000000E+00
 +0.110366E+01 -0.104000E+03 +0.151773E+03 -0.508020E+02 +0.333204E+02 +0.708714E+01 +0.000000E+00 +0.000000E+00 +0.225060E-02 -0.159833E-02 +0.000000E+00 +0.269311E-03 +0.000000E+00 +0.000000E+00
 +0.110366E+01 -0.104010E+03 +0.151801E+03 -0.507354E+02 +0.333515E+02 +0.705121E+01 +0.000000E+00 +0.000000E+00 +0.225053E-02 -0.159765E-02 +0.000000E+00 +0.267946E-03 +0.000000E+00 +0.000000E+00
 +0.110366E+01 -0.104020E+03 +0.151828E+03 -0.506687E+02 +0.333827E+02 +0.701527E+01 +0.000000E+00 +0.000000E+00 +0.225047E-02 -0.159698E-02 +0.000000E+00 +0.266580E-03 +0.000000E+00 +0.000000E+00
 +0.110366E+01 -0.104030E+03 +0.151856E+03 -0.506021E+02 +0.334139E+02 +0.697933E+01 +0.000000E+00 +0.000000E+00 +0.225041E-02 -0.159630E-02 +0.000000E+00 +0.265215E-03 +0.000000E+00 +0.000000E+00
 +0.110366E+01 -0.104040E+03 +0.151884E+03 -0.505355E+02 +0.334450E+02 +0.694340E+01 +0.000000E+00 +0.000000E+00 +0.225034E-02 -0.159563E-02 +0.000000E+00 +0.263849E-03 +0.000000E+00 +0.000000E+00
 +0.110366E+01 -0.104050E+03 +0.151912E+03 -0.504688E+02 +0.334762E+02 +0.690746E+01 +0.000000E+00 +0.000000E+00 +0.225028E-02 -0.159496E-02 +0.000000E+00 +0.262484E-03 +0.000000E+00 +0.000000E+00
 +0.110366E+01 -0.104060E+03 +0.151940E+03 -0.504022E+02 +0.335074E+02 +0.687152E+01 +0.000000E+00 +0.000000E+00 +0.225021E-02 -0.159428E-02 +0.000000E+00 +0.261118E-03 +0.000000E+00 +0.000000E+00
 +0.110366E+01 -0.104070E+03 +0.151968E+03 -0.503356E+02 +0.335386E+02 +0.683559E+01 +0.000000E+00 +0.000000E+00 +0.225015E-02 -0.159361E-02 +0.000000E+00 +0.259752E-03 +0.000000E+00 +0.000000E+00
 +0.110366E+01 -0.104080E+03 +0.151995E+03 -0.502689E+02 +0.335697E+02 +0.679965E+01 +0.000000E+00 +0.000000E+00 +0.225009E-02 -0.159293E-02 +0.000000E+00 +0.258387E-03 +0.000000E+00 +0.000000E+00
 +0.110366E+01 -0.104090E+03 +0.152023E+03 -0.502023E+02 +0.336009E+02 +0.676372E+01 +0.000000E+00 +0.000000E+00 +0.225002E-02 -0.159226E-02 +0.000000E+00 +0.257021E-03 +0.000000E+00 +0.000000E+00
 +0.110366E+01 -0.104100E+03 +0.152051E+03 -0.501357E+02 +0.336321E+02 +0.672778E+01 +0.000000E+00 +0.000000E+00 +0.224996E-02 -0.159159E-02 +0.000000E+00 +0.255656E-03 +0.000000E+00 +0.000000E+00
 +0.110366E+01 -0.104110E+03 +0.152079E+03 -0.500690E+02 +0.336632E+02 +0.669184E+01 +0.000000E+00 +0.000000E+00 +0.224990E-02 -0.159091E-02 +0.000000E+00 +0.254290E-03 +0.000000E+00 +0.000000E+00
 +0.110366E+01 -0.104120E+03 +0.152107E+03 -0.500024E+02 +0.336944E+02 +0.665591E+01 +0.000000E+00 +0.000000E+00 +0.224983E-02 -0.159024E-02 +0.000000E+00 +0.252924E-03 +0.000000E+00 +0.000000E+00
 +0.110366E+01 -0.104130E+03 +0.152135E+03 -0.499358E+02 +0.337256E+02 +0.661997E+01 +0.000000E+00 +0.000000E+00 +0.224977E-02 -0.158957E-02 +0.000000E+00 +0.251559E-03 +0.000000E+00 +0.000000E+00
 +0.110366E+01 -0.104140E+03 +0.152162E+03 -0.498691E+02 +0.337568E+02 +0.658403E+01 +0.000000E+00 +0.000000E+00 +0.224971E-02 -0.158889E-02 +0.000000E+00 +0.250193E-03 +0.000000E+00 +0.000000E+00
 +0.110366E+01 -0.104150E+03 +0.152190E+03 -0.498025E+02 +0.337879E+02 +0.654810E+01 +0.000000E+00 +0.000000E+00 +0.224964E-02 -0.158822E-02 +0.000000E+00 +0.248828E-03 +0.000000E+00 +0.000000E+00
 +0.110366E+01 -0.104160E+03 +0.152218E+03 -0.497359E+02 +0.338191E+02 +0.651216E+01 +0.000000E+00 +0.000000E+00 +0.224958E-02 -0.158754E-02 +0.000000E+00 +0.247462E-03 +0.000000E+00 +0.000000E+00
 +0.110366E+01 -0.104170E+03 +0.152246E+03 -0.496692E+02 +0.338503E+02 +0.647622E+01 +0.000000E+00 +0.000000E+00 +0.224951E-02 -0.158687E-02 +0.000000E+00 +0.246096E-03 +0.000000E+00 +0.000000E+00
 +0.110366E+01 -0.104180E+03 +0.152274E+03 -0.496026E+02 +0.338814E+02 +0.644029E+01 +0.000000E+00 +0.000000E+00 +0.224945E-02 -0.158620E-02 +0.000000E+00 +0.244731E-03 +0.000000E+00 +0.000000E+00
 +0.110366E+01 -0.104190E+03 +0.152301E+03 -0.495360E+02 +0.339126E+02 +0.640435E+01 +0.000000E+00 +0.000000E+00 +0.224939E-02 -0.158552E-02 +0.000000E+00 +0.243365E-03 +0.000000E+00 +0.000000E+00
 +0.110366E+01 -0.104200E+03 +0.152329E+03 -0.494693E+02 +0.339438E+02 +0.636841E+01 +0.000000E+00 +0.000000E+00 +0.224932E-02 -0.158485E-02 +0.000000E+00 +0.242000E-03 +0.000000E+00 +0.000000E+00
 +0.110366E+01 -0.104210E+03 +0.152357E+03 -0.494027E+02 +0.339749E+02 +0.633248E+01 +0.000000E+00 +0.000000E+00 +0.224926E-02 -0.158418E-02 +0.000000E+00 +0.240634E-03 +0.000000E+00 +0.000000E+00
 +0.110366E+01 -0.104220E+03 +0.152385E+03 -0.493361E+02 +0.340061E+02 +0.629654E+01 +0.000000E+00 +0.000000E+00 +0.224920E-02 -0.158350E-02 +0.000000E+00 +0.239269E-03 +0.000000E+00 +0.000000E+00
 +0.110366E+01 -0.104230E+03 +0.152413E+03 -0.492694E+02 +0.340373E+02 +0.626060E+01 +0.000000E+00 +0.000000E+00 +0.224913E-02 -0.158283E-02 +0.000000E+00 +0.237903E-03 +0.000000E+00 +0.000000E+00
 +0.110366E+01 -0.104240E+03 +0.152441E+03 -0.492028E+02 +0.340685E+02 +0.622467E+01 +0.000000E+00 +0.000000E+00 +0.224907E-02 -0.158215E-02 +0.000000E+00 +0.236537E-03 +0.000000E+00 +0.000000E+00
 +0.110366E+01 -0.104250E+03 +0.152468E+03 -0.491362E+02 +0.340996E+02 +0.618873E+01 +0.000000E+00 +0.000000E+00 +0.224901E-02 -0.158148E-02 +0.000000E+00 +0.235172E-03 +0.000000E+00 +0.000000E+00
 +0.110366E+01 -0.104260E+03 +0.152491E+03 -0.490664E+02 +0.341302E+02 +0.615662E+01 +0.000000E+00 +0.000000E+00 +0.224886E-02 -0.158074E-02 +0.000000E+00 +0.233952E-03 +0.000000E+00 +0.000000E+00
 +0.110366E+01 -0.104270E+03 +0.152505E+03 -0.489998E+02 +0.341566E+02 +0.612621E+01 +0.000000E+00 +0.000000E+00 +0.224861E-02 -0.157997E-02 +0.000000E+00 +0.232796E-03 +0.000000E+00 +0.000000E+00
 +0.110366E+01 -0.104280E+03 +0.152518E+03 -0.489332E+02 +0.341830E+02 +0.609579E+01 +0.000000E+00 +0.000000E+00 +0.224837E-02 -0.157921E-02 +0.000000E+00 +0.231640E-03 +0.000000E+00 +0.000000E+00
 +0.110366E+01 -0.104290E+03 +0.152531E+03 -0.488666E+02 +0.342094E+02 +0.606537E+01 +0.000000E+00 +0.000000E+00 +0.224812E-02 -0.157844E-02 +0.000000E+00 +0.230484E-03 +0.000000E+00 +0.000000E+00
 +0.110366E+01 -0.104300E+03 +0.152545E+03 -0.488000E+02 +0.342358E+02 +0.603496E+01 +0.000000E+00 +0.000000E+00 +0.224787E-02 -0.157768E-02 +0.000000E+00 +0.229328E-03 +0.000000E+00 +0.000000E+00
 +0.110366E+01 -0.104310E+03 +0.152558E+03 -0.487335E+02 +0.342622E+02 +0.600454E+01 +0.000000E+00 +0.000000E+00 +0.224763E-02 -0.157692E-02 +0.000000E+00 +0.228173E-03 +0.000000E+00 +0.000000E+00
 +0.110366E+01 -0.104320E+03 +0.152572E+03 -0.486669E+02 +0.342886E+02 +0.597412E+01 +0.000000E+00 +0.000000E+00 +0.224738E-02 -0.157615E-02 +0.000000E+00 +0.227017E-03 +0.000000E+00 +0.000000E+00
 +0.110366E+01 -0.104330E+03 +0.152585E+03 -0.486003E+02 +0.343150E+02 +0.594371E+01 +0.000000E+00 +0.000000E+00 +0.224713E-02 -0.157539E-02 +0.000000E+00 +0.225861E-03 +0.000000E+00 +0.000000E+00
 +0.110366E+01 -0.104340E+03 +0.152598E+03 -0.485337E+02 +0.343414E+02 +0.591329E+01 +0.000000E+00 +0.000000E+00 +0.224689E-02 -0.157463E-02 +0.000000E+00 +0.224705E-03 +0.000000E+00 +0.000000E+00
 +0.110366E+01 -0.104350E+03 +0.152612E+03 -0.484671E+02 +0.343678E+02 +0.588288E+01 +0.000000E+00 +0.000000E+00 +0.224664E-02 -0.157386E-02 +0.000000E+00 +0.223549E-03 +0.000000E+00 +0.000000E+00
 +0.110366E+01 -0.104360E+03 +0.152625E+03 -0.484005E+02 +0.343942E+02 +0.585246E+01 +0.000000E+00 +0.000000E+00 +0.224639E-02 -0.157310E-02 +0.000000E+00 +0.222394E-03 +0.000000E+00 +0.000000E+00
 +0.110366E+01 -0.104370E+03 +0.152639E+03 -0.483339E+02 +0.344206E+02 +0.582204E+01 +0.000000E+00 +0.000000E+00 +0.224614E-02 -0.157234E-02 +0.000000E+00 +0.221238E-03 +0.000000E+00 +0.000000E+00
 +0.110366E+01 -0.104380E+03 +0.152652E+03 -0.482673E+02 +0.344470E+02 +0.579163E+01 +0.000000E+00 +0.000000E+00 +0.224590E-02 -0.157157E-02 +0.000000E+00 +0.220082E-03 +0.000000E+00 +0.000000E+00
 +0.110366E+01 -0.104390E+03 +0.152666E+03 -0.482007E+02 +0.344734E+02 +0.576121E+01 +0.000000E+00 +0.000000E+00 +0.224565E-02 -0.157081E-02 +0.000000E+00 +0.218926E-03 +0.000000E+00 +0.000000E+00
 +0.110366E+01 -0.104400E+03 +0.152679E+03 -0.481341E+02 +0.344998E+02 +0.573080E+01 +0.000000E+00 +0.000000E+00 +0.224540E-02 -0.157004E-02 +0.000000E+00 +0.217770E-03 +0.000000E+00 +0.000000E+00
 +0.110366E+01 -0.104410E+03 +0.152692E+03 -0.480675E+02 +0.345262E+02 +0.570038E+01 +0.000000E+00 +0.000000E+00 +0.224516E-02 -0.156928E-02 +0.000000E+00 +0.216614E-03 +0.000000E+00 +0.000000E+00
 +0.110366E+01 -0.104420E+03 +0.152706E+03 -0.480010E+02 +0.345526E+02 +0.566996E+01 +0.000000E+00 +0.000000E+00 +0.224491E-02 -0.156852E-02 +0.000000E+00 +0.215459E-03 +0.000000E+00 +0.000000E+00
 +0.110366E+01 -0.104430E+03 +0.152719E+03 -0.479344E+02 +0.345790E+02 +0.563955E+01 +0.000000E+00 +0.000000E+00 +0.224466E-02 -0.156775E-02 +0.000000E+00 +0.214303E-03 +0.000000E+00 +0.000000E+00
 +0.110366E+01 -0.104440E+03 +0.152733E+03 -0.478678E+02 +0.346054E+02 +0.560913E+01 +0.000000E+00 +0.000000E+00 +0.224442E-02 -0.156699E-02 +0.000000E+00 +0.213147E-03 +0.000000E+00 +0.000000E+00
 +0.110366E+01 -0.104450E+03 +0.152746E+03 -0.478012E+02 +0.346318E+02 +0.557872E+01 +0.000000E+00 +0.000000E+00 +0.224417E-02 -0.156623E-02 +0.000000E+00 +0.211991E-03 +0.000000E+00 +0.000000E+00
 +0.110366E+01 -0.104460E+03 +0.152759E+03 -0.477346E+02 +0.346582E+02 +0.554830E+01 +0.000000E+00 +0.000000E+00 +0.224392E-02 -0.156546E-02 +0.000000E+00 +0.210835E-03 +0.000000E+00 +0.000000E+00
 +0.110366E+01 -0.104470E+03 +0.152773E+03 -0.476680E+02 +0.346846E+02 +0.551788E+01 +0.000000E+00 +0.000000E+00 +0.224368E-02 -0.156470E-02 +0.000000E+00 +0.209680E-03 +0.000000E+00 +0.000000E+00
 +0.110366E+01 -0.104480E+03 +0.152786E+03 -0.476014E+02 +0.347110E+02 +0.548747E+01 +0.000000E+00 +0.000000E+00 +0.224343E-02 -0.156394E-02 +0.000000E+00 +0.208524E-03 +0.000000E+00 +0.000000E+00
 +0.110366E+01 -0.104490E+03 +0.152800E+03 -0.475348E+02 +0.347374E+02 +0.545705E+01 +0.000000E+00 +0.000000E+00 +0.224318E-02 -0.156317E-02 +0.000000E+00 +0.207368E-03 +0.000000E+00 +0.000000E+00
 +0.110366E+01 -0.104500E+03 +0.152813E+03 -0.474682E+02 +0.347638E+02 +0.542664E+01 +0.000000E+00 +0.000000E+00 +0.224293E-02 -0.156241E-02 +0.000000E+00 +0.206212E-03 +0.000000E+00 +0.000000E+00
 +0.110366E+01 -0.104510E+03 +0.152826E+03 -0.474016E+02 +0.347902E+02 +0.539622E+01 +0.000000E+00 +0.000000E+00 +0.224269E-02 -0.156164E-02 +0.000000E+00 +0.205056E-03 +0.000000E+00 +0.000000E+00
 +0.110366E+01 -0.104520E+03 +0.152840E+03 -0.473350E+02 +0.348166E+02 +0.536580E+01 +0.000000E+00 +0.000000E+00 +0.224244E-02 -0.156088E-02 +0.000000E+00 +0.203901E-03 +0.000000E+00 +0.000000E+00
 +0.110366E+01 -0.104530E+03 +0.152853E+03 -0.472684E+02 +0.348430E+02 +0.533539E+01 +0.000000E+00 +0.000000E+00 +0.224219E-02 -0.156012E-02 +0.000000E+00 +0.202745E-03 +0.000000E+00 +0.000000E+00
 +0.110366E+01 -0.104540E+03 +0.152867E+03 -0.472019E+02 +0.348694E+02 +0.530497E+01 +0.000000E+00 +0.000000E+00 +0.224195E-02 -0.155935E-02 +0.000000E+00 +0.201589E-03 +0.000000E+00 +0.000000E+00
 +0.110366E+01 -0.104550E+03 +0.152880E+03 -0.471353E+02 +0.348958E+02 +0.527456E+01 +0.000000E+00 +0.000000E+00 +0.224170E-02 -0.155859E-02 +0.000000E+00 +0.200433E-03 +0.000000E+00 +0.000000E+00
 +0.110366E+01 -0.104560E+03 +0.152893E+03 -0.470687E+02 +0.349222E+02 +0.524414E+01 +0.000000E+00 +0.000000E+00 +0.224145E-02 -0.155783E-02 +0.000000E+00 +0.199277E-03 +0.000000E+00 +0.000000E+00
 +0.110366E+01 -0.104570E+03 +0.152907E+03 -0.470021E+02 +0.349486E+02 +0.521372E+01 +0.000000E+00 +0.000000E+00 +0.224121E-02 -0.155706E-02 +0.000000E+00 +0.198122E-03 +0.000000E+00 +0.000000E+00
 +0.110366E+01 -0.104580E+03 +0.152920E+03 -0.469355E+02 +0.349749E+02 +0.518331E+01 +0.000000E+00 +0.000000E+00 +0.224096E-02 -0.155630E-02 +0.000000E+00 +0.196966E-03 +0.000000E+00 +0.000000E+00
 +0.110366E+01 -0.104590E+03 +0.152934E+03 -0.468689E+02 +0.350013E+02 +0.515289E+01 +0.000000E+00 +0.000000E+00 +0.224071E-02 -0.155553E-02 +0.000000E+00 +0.195810E-03 +0.000000E+00 +0.000000E+00
 +0.110366E+01 -0.104600E+03 +0.152947E+03 -0.468023E+02 +0.350277E+02 +0.512248E+01 +0.000000E+00 +0.000000E+00 +0.224047E-02 -0.155477E-02 +0.000000E+00 +0.194654E-03 +0.000000E+00 +0.000000E+00
 +0.110366E+01 -0.104610E+03 +0.152960E+03 -0.467357E+02 +0.350541E+02 +0.509206E+01 +0.000000E+00 +0.000000E+00 +0.224022E-02 -0.155401E-02 +0.000000E+00 +0.193498E-03 +0.000000E+00 +0.000000E+00
 +0.110366E+01 -0.104620E+03 +0.152974E+03 -0.466691E+02 +0.350805E+02 +0.506164E+01 +0.000000E+00 +0.000000E+00 +0.223997E-02 -0.155324E-02 +0.000000E+00 +0.192342E-03 +0.000000E+00 +0.000000E+00
 +0.110366E+01 -0.104630E+03 +0.152987E+03 -0.466025E+02 +0.351069E+02 +0.503123E+01 +0.000000E+00 +0.000000E+00 +0.223973E-02 -0.155248E-02 +0.000000E+00 +0.191187E-03 +0.000000E+00 +0.000000E+00
 +0.110366E+01 -0.104640E+03 +0.153001E+03 -0.465359E+02 +0.351333E+02 +0.500081E+01 +0.000000E+00 +0.000000E+00 +0.223948E-02 -0.155172E-02 +0.000000E+00 +0.190031E-03 +0.000000E+00 +0.000000E+00
 +0.110366E+01 -0.104650E+03 +0.153014E+03 -0.464694E+02 +0.351597E+02 +0.497040E+01 +0.000000E+00 +0.000000E+00 +0.223923E-02 -0.155095E-02 +0.000000E+00 +0.188875E-03 +0.000000E+00 +0.000000E+00
 +0.110366E+01 -0.104660E+03 +0.153027E+03 -0.464028E+02 +0.351861E+02 +0.493998E+01 +0.000000E+00 +0.000000E+00 +0.223898E-02 -0.155019E-02 +0.000000E+00 +0.187719E-03 +0.000000E+00 +0.000000E+00
 +0.110366E+01 -0.104670E+03 +0.153041E+03 -0.463362E+02 +0.352125E+02 +0.490956E+01 +0.000000E+00 +0.000000E+00 +0.223874E-02 -0.154943E-02 +0.000000E+00 +0.186563E-03 +0.000000E+00 +0.000000E+00
 +0.110366E+01 -0.104680E+03 +0.153054E+03 -0.462696E+02 +0.352389E+02 +0.487915E+01 +0.000000E+00 +0.000000E+00 +0.223849E-02 -0.154866E-02 +0.000000E+00 +0.185408E-03 +0.000000E+00 +0.000000E+00
 +0.110366E+01 -0.104690E+03 +0.153068E+03 -0.462030E+02 +0.352653E+02 +0.484873E+01 +0.000000E+00 +0.000000E+00 +0.223824E-02 -0.154790E-02 +0.000000E+00 +0.184252E-03 +0.000000E+00 +0.000000E+00
 +0.110366E+01 -0.104700E+03 +0.153081E+03 -0.461364E+02 +0.352917E+02 +0.481832E+01 +0.000000E+00 +0.000000E+00 +0.223800E-02 -0.154713E-02 +0.000000E+00 +0.183096E-03 +0.000000E+00 +0.000000E+00
 +0.110366E+01 -0.104710E+03 +0.153094E+03 -0.460698E+02 +0.353181E+02 +0.478790E+01 +0.000000E+00 +0.000000E+00 +0.223775E-02 -0.154637E-02 +0.000000E+00 +0.181940E-03 +0.000000E+00 +0.000000E+00
 +0.110366E+01 -0.104720E+03 +0.153108E+03 -0.460032E+02 +0.353445E+02 +0.475748E+01 +0.000000E+00 +0.000000E+00 +0.223750E-02 -0.154561E-02 +0.000000E+00 +0.180784E-03 +0.000000E+00 +0.000000E+00
 +0.110366E+01 -0.104730E+03 +0.153121E+03 -0.459568E+02 +0.353642E+02 +0.472881E+01 +0.000000E+00 +0.000000E+00 +0.223738E-02 -0.154510E-02 +0.000000E+00 +0.179695E-03 +0.000000E+00 +0.000000E+00
 +0.110366E+01 -0.104740E+03 +0.153135E+03 -0.459302E+02 +0.353775E+02 +0.470182E+01 +0.000000E+00 +0.000000E+00 +0.223739E-02 -0.154484E-02 +0.000000E+00 +0.178669E-03 +0.000000E+00 +0.000000E+00
 +0.110366E+01 -0.104750E+03 +0.153148E+03 -0.459035E+02 +0.353907E+02 +0.467483E+01 +0.000000E+00 +0.000000E+00 +0.223739E-02 -0.154459E-02 +0.000000E+00 +0.177644E-03 +0.000000E+00 +0.000000E+00
 +0.110366E+01 -0.104760E+03 +0.153161E+03 -0.458768E+02 +0.354039E+02 +0.464784E+01 +0.000000E+00 +0.000000E+00 +0.223739E-02 -0.154433E-02 +0.000000E+00 +0.176618E-03 +0.000000E+00 +0.000000E+00
 +0.110366E+01 -0.104770E+03 +0.153175E+03 -0.458501E+02 +0.354171E+02 +0.462086E+01 +0.000000E+00 +0.000000E+00 +0.223739E-02 -0.154408E-02 +0.000000E+00 +0.175593E-03 +0.000000E+00 +0.000000E+00
 +0.110366E+01 -0.104780E+03 +0.153188E+03 -0.458234E+02 +0.354303E+02 +0.459387E+01 +0.000000E+00 +0.000000E+00 +0.223740E-02 -0.154382E-02 +0.000000E+00 +0.174567E-03 +0.000000E+00 +0.000000E+00
 +0.110366E+01 -0.104790E+03 +0.153201E+03 -0.457967E+02 +0.354435E+02 +0.456688E+01 +0.000000E+00 +0.000000E+00 +0.223740E-02 -0.154357E-02 +0.000000E+00 +0.173542E-03 +0.000000E+00 +0.000000E+00
 +0.110366E+01 -0.104800E+03 +0.153215E+03 -0.457700E+02 +0.354568E+02 +0.453990E+01 +0.000000E+00 +0.000000E+00 +0.223740E-02 -0.154331E-02 +0.000000E+00 +0.172516E-03 +0.000000E+00 +0.000000E+00
 +0.110366E+01 -0.104810E+03 +0.153228E+03 -0.457434E+02 +0.354700E+02 +0.451291E+01 +0.000000E+00 +0.000000E+00 +0.223741E-02 -0.154305E-02 +0.000000E+00 +0.171491E-03 +0.000000E+00 +0.000000E+00
 +0.110366E+01 -0.104820E+03 +0.153242E+03 -0.457167E+02 +0.354832E+02 +0.448592E+01 +0.000000E+00 +0.000000E+00 +0.223741E-02 -0.154280E-02 +0.000000E+00 +0.170465E-03 +0.000000E+00 +0.000000E+00
 +0.110366E+01 -0.104830E+03 +0.153255E+03 -0.456900E+02 +0.354964E+02 +0.445894E+01 +0.000000E+00 +0.000000E+00 +0.223741E-02 -0.154254E-02 +0.000000E+00 +0.169440E-03 +0.000000E+00 +0.000000E+00
 +0.110366E+01 -0.104840E+03 +0.153268E+03 -0.456633E+02 +0.355096E+02 +0.443195E+01 +0.000000E+00 +0.000000E+00 +0.223741E-02 -0.154229E-02 +0.000000E+00 +0.168414E-03 +0.000000E+00 +0.000000E+00
 +0.110366E+01 -0.104850E+03 +0.153282E+03 -0.456366E+02 +0.355228E+02 +0.440496E+01 +0.000000E+00 +0.000000E+00 +0.223742E-02 -0.154203E-02 +0.000000E+00 +0.167389E-03 +0.000000E+00 +0.000000E+00
 +0.110366E+01 -0.104860E+03 +0.153295E+03 -0.456099E+02 +0.355361E+02 +0.437798E+01 +0.000000E+00 +0.000000E+00 +0.223742E-02 -0.154177E-02 +0.000000E+00 +0.166363E-03 +0.000000E+00 +0.000000E+00
 +0.110366E+01 -0.104870E+03 +0.153308E+03 -0.455832E+02 +0.355493E+02 +0.435099E+01 +0.000000E+00 +0.000000E+00 +0.223742E-02 -0.154152E-02 +0.000000E+00 +0.165338E-03 +0.000000E+00 +0.000000E+00
 +0.110366E+01 -0.104880E+03 +0.153322E+03 -0.455566E+02 +0.355625E+02 +0.432400E+01 +0.000000E+00 +0.000000E+00 +0.223742E-02 -0.154126E-02 +0.000000E+00 +0.164312E-03 +0.000000E+00 +0.000000E+00
 +0.110366E+01 -0.104890E+03 +0.153335E+03 -0.455299E+02 +0.355757E+02 +0.429701E+01 +0.000000E+00 +0.000000E+00 +0.223743E-02 -0.154101E-02 +0.000000E+00 +0.163287E-03 +0.000000E+00 +0.000000E+00
 +0.110366E+01 -0.104900E+03 +0.153348E+03 -0.455032E+02 +0.355889E+02 +0.427003E+01 +0.000000E+00 +0.000000E+00 +0.223743E-02 -0.154075E-02 +0.000000E+00 +0.162261E-03 +0.000000E+00 +0.000000E+00
 +0.110366E+01 -0.104910E+03 +0.153362E+03 -0.454765E+02 +0.356021E+02 +0.424304E+01 +0.000000E+00 +0.000000E+00 +0.223743E-02 -0.154049E-02 +0.000000E+00 +0.161236E-03 +0.000000E+00 +0.000000E+00
 +0.110366E+01 -0.104920E+03 +0.153375E+03 -0.454498E+02 +0.356154E+02 +0.421605E+01 +0.000000E+00 +0.000000E+00 +0.223744E-02 -0.154024E-02 +0.000000E+00 +0.160210E-03 +0.000000E+00 +0.000000E+00
 +0.110366E+01 -0.104930E+03 +0.153389E+03 -0.454231E+02 +0.356286E+02 +0.418907E+01 +0.000000E+00 +0.000000E+00 +0.223744E-02 -0.153998E-02 +0.000000E+00 +0.159185E-03 +0.000000E+00 +0.000000E+00
 +0.110366E+01 -0.104940E+03 +0.153402E+03 -0.453964E+02 +0.356418E+02 +0.416208E+01 +0.000000E+00 +0.000000E+00 +0.223744E-02 -0.153973E-02 +0.000000E+00 +0.158159E-03 +0.000000E+00 +0.000000E+00
 +0.110366E+01 -0.104950E+03 +0.153415E+03 -0.453698E+02 +0.356550E+02 +0.413509E+01 +0.000000E+00 +0.000000E+00 +0.223744E-02 -0.153947E-02 +0.000000E+00 +0.157134E-03 +0.000000E+00 +0.000000E+00
 +0.110366E+01 -0.104960E+03 +0.153428E+03 -0.453418E+02 +0.356685E+02 +0.410819E+01 +0.000000E+00 +0.000000E+00 +0.223743E-02 -0.153920E-02 +0.000000E+00 +0.156111E-03 +0.000000E+00 +0.000000E+00
 +0.110366E+01 -0.104970E+03 +0.153430E+03 -0.452874E+02 +0.356872E+02 +0.408302E+01 +0.000000E+00 +0.000000E+00 +0.223712E-02 -0.153852E-02 +0.000000E+00 +0.155155E-03 +0.000000E+00 +0.000000E+00
 +0.110366E+01 -0.104980E+03 +0.153433E+03 -0.452329E+02 +0.357060E+02 +0.405786E+01 +0.000000E+00 +0.000000E+00 +0.223681E-02 -0.153784E-02 +0.000000E+00 +0.154199E-03 +0.000000E+00 +0.000000E+00
 +0.110366E+01 -0.104990E+03 +0.153435E+03 -0.451784E+02 +0.357247E+02 +0.403270E+01 +0.000000E+00 +0.000000E+00 +0.223650E-02 -0.153716E-02 +0.000000E+00 +0.153243E-03 +0.000000E+00 +0.000000E+00
