%X Y s_xx s_yy s_zz s_xy s_xz s_yz e_xx e_yy e_zz e_xy e_xz e_yz
 +0.148320E+01 -0.100000E+03 +0.455811E+03 -0.937938E+01 +0.147331E+03 -0.800300E+01 +0.000000E+00 +0.000000E+00 +0.586192E-02 -0.297793E-02 +0.000000E+00 -0.304131E-03 +0.000000E+00 +0.000000E+00
 +0.148320E+01 -0.100010E+03 +0.440046E+03 -0.435712E+01 +0.143782E+03 -0.112306E+02 +0.000000E+00 +0.000000E+00 +0.562942E-02 -0.281485E-02 +0.000000E+00 -0.426770E-03 +0.000000E+00 +0.000000E+00
 +0.148320E+01 -0.100020E+03 +0.424237E+03 +0.598101E+00 +0.140196E+03 -0.144484E+02 +0.000000E+00 +0.000000E+00 +0.539679E-02 -0.265235E-02 +0.000000E+00 -0.549040E-03 +0.000000E+00 +0.000000E+00
 +0.148320E+01 -0.100030E+03 +0.405282E+03 +0.681893E+00 +0.133968E+03 -0.169625E+02 +0.000000E+00 +0.000000E+00 +0.515497E-02 -0.253244E-02 +0.000000E+00 -0.644573E-03 +0.000000E+00 +0.000000E+00
 +0.148320E+01 -0.100040E+03 +0.386461E+03 +0.746064E+00 +0.127778E+03 -0.194238E+02 +0.000000E+00 +0.000000E+00 +0.491496E-02 -0.241361E-02 +0.000000E+00 -0.738105E-03 +0.000000E+00 +0.000000E+00
 +0.148320E+01 -0.100050E+03 +0.372397E+03 +0.107100E+00 +0.122927E+03 -0.199982E+02 +0.000000E+00 +0.000000E+00 +0.473995E-02 -0.233357E-02 +0.000000E+00 -0.759931E-03 +0.000000E+00 +0.000000E+00
 +0.148320E+01 -0.100060E+03 +0.358441E+03 -0.534146E+00 +0.118109E+03 -0.205463E+02 +0.000000E+00 +0.000000E+00 +0.456630E-02 -0.225422E-02 +0.000000E+00 -0.780759E-03 +0.000000E+00 +0.000000E+00
 +0.148320E+01 -0.100070E+03 +0.346987E+03 -0.122915E+01 +0.114100E+03 -0.204760E+02 +0.000000E+00 +0.000000E+00 +0.442485E-02 -0.219125E-02 +0.000000E+00 -0.778087E-03 +0.000000E+00 +0.000000E+00
 +0.148320E+01 -0.100080E+03 +0.335629E+03 -0.192547E+01 +0.110122E+03 -0.203856E+02 +0.000000E+00 +0.000000E+00 +0.428463E-02 -0.212891E-02 +0.000000E+00 -0.774653E-03 +0.000000E+00 +0.000000E+00
 +0.148320E+01 -0.100090E+03 +0.325947E+03 -0.264477E+01 +0.106690E+03 -0.199462E+02 +0.000000E+00 +0.000000E+00 +0.416589E-02 -0.207735E-02 +0.000000E+00 -0.757956E-03 +0.000000E+00 +0.000000E+00
 +0.148320E+01 -0.100100E+03 +0.316354E+03 -0.336480E+01 +0.103286E+03 -0.194919E+02 +0.000000E+00 +0.000000E+00 +0.404828E-02 -0.202637E-02 +0.000000E+00 -0.740692E-03 +0.000000E+00 +0.000000E+00
 +0.148320E+01 -0.100110E+03 +0.307988E+03 -0.409486E+01 +0.100285E+03 -0.188328E+02 +0.000000E+00 +0.000000E+00 +0.394637E-02 -0.198321E-02 +0.000000E+00 -0.715647E-03 +0.000000E+00 +0.000000E+00
 +0.148320E+01 -0.100120E+03 +0.299706E+03 -0.482547E+01 +0.973107E+02 -0.181622E+02 +0.000000E+00 +0.000000E+00 +0.384552E-02 -0.194059E-02 +0.000000E+00 -0.690165E-03 +0.000000E+00 +0.000000E+00
 +0.148320E+01 -0.100130E+03 +0.292366E+03 -0.556232E+01 +0.946452E+02 -0.173621E+02 +0.000000E+00 +0.000000E+00 +0.375669E-02 -0.190394E-02 +0.000000E+00 -0.659761E-03 +0.000000E+00 +0.000000E+00
 +0.148320E+01 -0.100140E+03 +0.285104E+03 -0.629967E+01 +0.920054E+02 -0.165532E+02 +0.000000E+00 +0.000000E+00 +0.366887E-02 -0.186780E-02 +0.000000E+00 -0.629021E-03 +0.000000E+00 +0.000000E+00
 +0.148320E+01 -0.100150E+03 +0.278592E+03 -0.704191E+01 +0.896116E+02 -0.156599E+02 +0.000000E+00 +0.000000E+00 +0.359063E-02 -0.183642E-02 +0.000000E+00 -0.595077E-03 +0.000000E+00 +0.000000E+00
 +0.148320E+01 -0.100160E+03 +0.272155E+03 -0.778469E+01 +0.872422E+02 -0.147600E+02 +0.000000E+00 +0.000000E+00 +0.351334E-02 -0.180551E-02 +0.000000E+00 -0.560880E-03 +0.000000E+00 +0.000000E+00
 +0.148320E+01 -0.100170E+03 +0.266331E+03 -0.853192E+01 +0.850737E+02 -0.138055E+02 +0.000000E+00 +0.000000E+00 +0.344389E-02 -0.177851E-02 +0.000000E+00 -0.524608E-03 +0.000000E+00 +0.000000E+00
 +0.148320E+01 -0.100180E+03 +0.260578E+03 -0.927972E+01 +0.829284E+02 -0.128462E+02 +0.000000E+00 +0.000000E+00 +0.337534E-02 -0.175195E-02 +0.000000E+00 -0.488156E-03 +0.000000E+00 +0.000000E+00
 +0.148320E+01 -0.100190E+03 +0.255336E+03 -0.100316E+02 +0.809506E+02 -0.118526E+02 +0.000000E+00 +0.000000E+00 +0.331333E-02 -0.172866E-02 +0.000000E+00 -0.450401E-03 +0.000000E+00 +0.000000E+00
 +0.148320E+01 -0.100200E+03 +0.250163E+03 -0.107842E+02 +0.789950E+02 -0.108560E+02 +0.000000E+00 +0.000000E+00 +0.325219E-02 -0.170580E-02 +0.000000E+00 -0.412528E-03 +0.000000E+00 +0.000000E+00
 +0.148320E+01 -0.100210E+03 +0.245423E+03 -0.115404E+02 +0.771813E+02 -0.983970E+01 +0.000000E+00 +0.000000E+00 +0.319659E-02 -0.168571E-02 +0.000000E+00 -0.373909E-03 +0.000000E+00 +0.000000E+00
 +0.148320E+01 -0.100220E+03 +0.240748E+03 -0.122972E+02 +0.753889E+02 -0.882182E+01 +0.000000E+00 +0.000000E+00 +0.314183E-02 -0.166604E-02 +0.000000E+00 -0.335229E-03 +0.000000E+00 +0.000000E+00
 +0.148320E+01 -0.100230E+03 +0.236445E+03 -0.130572E+02 +0.737181E+02 -0.779498E+01 +0.000000E+00 +0.000000E+00 +0.309182E-02 -0.164873E-02 +0.000000E+00 -0.296209E-03 +0.000000E+00 +0.000000E+00
 +0.148320E+01 -0.100240E+03 +0.232205E+03 -0.138178E+02 +0.720679E+02 -0.676795E+01 +0.000000E+00 +0.000000E+00 +0.304261E-02 -0.163183E-02 +0.000000E+00 -0.257182E-03 +0.000000E+00 +0.000000E+00
 +0.148320E+01 -0.100250E+03 +0.228287E+03 -0.145808E+02 +0.705231E+02 -0.573997E+01 +0.000000E+00 +0.000000E+00 +0.299752E-02 -0.161698E-02 +0.000000E+00 -0.218119E-03 +0.000000E+00 +0.000000E+00
 +0.148320E+01 -0.100260E+03 +0.224430E+03 -0.153443E+02 +0.689981E+02 -0.471307E+01 +0.000000E+00 +0.000000E+00 +0.295320E-02 -0.160251E-02 +0.000000E+00 -0.179097E-03 +0.000000E+00 +0.000000E+00
 +0.148320E+01 -0.100270E+03 +0.220853E+03 -0.161095E+02 +0.675654E+02 -0.369126E+01 +0.000000E+00 +0.000000E+00 +0.291247E-02 -0.158982E-02 +0.000000E+00 -0.140268E-03 +0.000000E+00 +0.000000E+00
 +0.148320E+01 -0.100280E+03 +0.217335E+03 -0.168750E+02 +0.661518E+02 -0.267171E+01 +0.000000E+00 +0.000000E+00 +0.287248E-02 -0.157751E-02 +0.000000E+00 -0.101525E-03 +0.000000E+00 +0.000000E+00
 +0.148320E+01 -0.100290E+03 +0.214064E+03 -0.176415E+02 +0.648195E+02 -0.166182E+01 +0.000000E+00 +0.000000E+00 +0.283565E-02 -0.156676E-02 +0.000000E+00 -0.631492E-04 +0.000000E+00 +0.000000E+00
 +0.148320E+01 -0.100300E+03 +0.210849E+03 -0.184080E+02 +0.635056E+02 -0.655278E+00 +0.000000E+00 +0.000000E+00 +0.279953E-02 -0.155636E-02 +0.000000E+00 -0.249006E-04 +0.000000E+00 +0.000000E+00
 +0.148320E+01 -0.100310E+03 +0.207853E+03 -0.191747E+02 +0.622638E+02 +0.338164E+00 +0.000000E+00 +0.000000E+00 +0.276619E-02 -0.154733E-02 +0.000000E+00 +0.128502E-04 +0.000000E+00 +0.000000E+00
 +0.148320E+01 -0.100320E+03 +0.204910E+03 -0.199412E+02 +0.610399E+02 +0.132726E+01 +0.000000E+00 +0.000000E+00 +0.273354E-02 -0.153864E-02 +0.000000E+00 +0.504359E-04 +0.000000E+00 +0.000000E+00
 +0.148320E+01 -0.100330E+03 +0.202162E+03 -0.207069E+02 +0.598802E+02 +0.230069E+01 +0.000000E+00 +0.000000E+00 +0.270336E-02 -0.153116E-02 +0.000000E+00 +0.874262E-04 +0.000000E+00 +0.000000E+00
 +0.148320E+01 -0.100340E+03 +0.199466E+03 -0.214722E+02 +0.587378E+02 +0.326886E+01 +0.000000E+00 +0.000000E+00 +0.267383E-02 -0.152399E-02 +0.000000E+00 +0.124217E-03 +0.000000E+00 +0.000000E+00
 +0.148320E+01 -0.100350E+03 +0.196942E+03 -0.222360E+02 +0.576530E+02 +0.421948E+01 +0.000000E+00 +0.000000E+00 +0.264649E-02 -0.151789E-02 +0.000000E+00 +0.160340E-03 +0.000000E+00 +0.000000E+00
 +0.148320E+01 -0.100360E+03 +0.194469E+03 -0.229991E+02 +0.565849E+02 +0.516401E+01 +0.000000E+00 +0.000000E+00 +0.261979E-02 -0.151210E-02 +0.000000E+00 +0.196233E-03 +0.000000E+00 +0.000000E+00
 +0.148320E+01 -0.100370E+03 +0.192150E+03 -0.237598E+02 +0.555686E+02 +0.608969E+01 +0.000000E+00 +0.000000E+00 +0.259504E-02 -0.150724E-02 +0.000000E+00 +0.231408E-03 +0.000000E+00 +0.000000E+00
 +0.148320E+01 -0.100380E+03 +0.189879E+03 -0.245194E+02 +0.545685E+02 +0.700851E+01 +0.000000E+00 +0.000000E+00 +0.257089E-02 -0.150267E-02 +0.000000E+00 +0.266323E-03 +0.000000E+00 +0.000000E+00
 +0.148320E+01 -0.100390E+03 +0.187746E+03 -0.252760E+02 +0.536152E+02 +0.790760E+01 +0.000000E+00 +0.000000E+00 +0.254849E-02 -0.149893E-02 +0.000000E+00 +0.300489E-03 +0.000000E+00 +0.000000E+00
 +0.148320E+01 -0.100400E+03 +0.185660E+03 -0.260313E+02 +0.526775E+02 +0.879915E+01 +0.000000E+00 +0.000000E+00 +0.252667E-02 -0.149547E-02 +0.000000E+00 +0.334368E-03 +0.000000E+00 +0.000000E+00
 +0.148320E+01 -0.100410E+03 +0.183698E+03 -0.267827E+02 +0.517822E+02 +0.967047E+01 +0.000000E+00 +0.000000E+00 +0.250641E-02 -0.149273E-02 +0.000000E+00 +0.367478E-03 +0.000000E+00 +0.000000E+00
 +0.148320E+01 -0.100420E+03 +0.181781E+03 -0.275325E+02 +0.509021E+02 +0.105336E+02 +0.000000E+00 +0.000000E+00 +0.248670E-02 -0.149026E-02 +0.000000E+00 +0.400278E-03 +0.000000E+00 +0.000000E+00
 +0.148320E+01 -0.100430E+03 +0.179976E+03 -0.282779E+02 +0.500603E+02 +0.113763E+02 +0.000000E+00 +0.000000E+00 +0.246840E-02 -0.148843E-02 +0.000000E+00 +0.432301E-03 +0.000000E+00 +0.000000E+00
 +0.148320E+01 -0.100440E+03 +0.178213E+03 -0.290213E+02 +0.492334E+02 +0.122103E+02 +0.000000E+00 +0.000000E+00 +0.245062E-02 -0.148684E-02 +0.000000E+00 +0.463993E-03 +0.000000E+00 +0.000000E+00
 +0.148320E+01 -0.100450E+03 +0.176552E+03 -0.297597E+02 +0.484414E+02 +0.130239E+02 +0.000000E+00 +0.000000E+00 +0.243410E-02 -0.148582E-02 +0.000000E+00 +0.494908E-03 +0.000000E+00 +0.000000E+00
 +0.148320E+01 -0.100460E+03 +0.174931E+03 -0.304957E+02 +0.476637E+02 +0.138283E+02 +0.000000E+00 +0.000000E+00 +0.241808E-02 -0.148503E-02 +0.000000E+00 +0.525474E-03 +0.000000E+00 +0.000000E+00
 +0.148320E+01 -0.100470E+03 +0.173402E+03 -0.312264E+02 +0.469178E+02 +0.146124E+02 +0.000000E+00 +0.000000E+00 +0.240319E-02 -0.148474E-02 +0.000000E+00 +0.555271E-03 +0.000000E+00 +0.000000E+00
 +0.148320E+01 -0.100480E+03 +0.171912E+03 -0.319543E+02 +0.461859E+02 +0.153869E+02 +0.000000E+00 +0.000000E+00 +0.238879E-02 -0.148466E-02 +0.000000E+00 +0.584703E-03 +0.000000E+00 +0.000000E+00
 +0.148320E+01 -0.100490E+03 +0.170504E+03 -0.326764E+02 +0.454830E+02 +0.161416E+02 +0.000000E+00 +0.000000E+00 +0.237539E-02 -0.148503E-02 +0.000000E+00 +0.613379E-03 +0.000000E+00 +0.000000E+00
 +0.148320E+01 -0.100500E+03 +0.169134E+03 -0.333954E+02 +0.447937E+02 +0.168862E+02 +0.000000E+00 +0.000000E+00 +0.236246E-02 -0.148559E-02 +0.000000E+00 +0.641677E-03 +0.000000E+00 +0.000000E+00
 +0.148320E+01 -0.100510E+03 +0.167838E+03 -0.341083E+02 +0.441309E+02 +0.176115E+02 +0.000000E+00 +0.000000E+00 +0.235044E-02 -0.148654E-02 +0.000000E+00 +0.669236E-03 +0.000000E+00 +0.000000E+00
 +0.148320E+01 -0.100520E+03 +0.166579E+03 -0.348177E+02 +0.434813E+02 +0.183264E+02 +0.000000E+00 +0.000000E+00 +0.233886E-02 -0.148768E-02 +0.000000E+00 +0.696405E-03 +0.000000E+00 +0.000000E+00
 +0.148320E+01 -0.100530E+03 +0.165387E+03 -0.355207E+02 +0.428559E+02 +0.190225E+02 +0.000000E+00 +0.000000E+00 +0.232809E-02 -0.148916E-02 +0.000000E+00 +0.722856E-03 +0.000000E+00 +0.000000E+00
 +0.148320E+01 -0.100540E+03 +0.164230E+03 -0.362200E+02 +0.422433E+02 +0.197081E+02 +0.000000E+00 +0.000000E+00 +0.231775E-02 -0.149080E-02 +0.000000E+00 +0.748907E-03 +0.000000E+00 +0.000000E+00
 +0.148320E+01 -0.100550E+03 +0.163134E+03 -0.369127E+02 +0.416530E+02 +0.203754E+02 +0.000000E+00 +0.000000E+00 +0.230814E-02 -0.149275E-02 +0.000000E+00 +0.774265E-03 +0.000000E+00 +0.000000E+00
 +0.148320E+01 -0.100560E+03 +0.162071E+03 -0.376012E+02 +0.410751E+02 +0.210320E+02 +0.000000E+00 +0.000000E+00 +0.229893E-02 -0.149485E-02 +0.000000E+00 +0.799214E-03 +0.000000E+00 +0.000000E+00
 +0.148320E+01 -0.100570E+03 +0.161064E+03 -0.382830E+02 +0.405176E+02 +0.216709E+02 +0.000000E+00 +0.000000E+00 +0.229037E-02 -0.149721E-02 +0.000000E+00 +0.823496E-03 +0.000000E+00 +0.000000E+00
 +0.148320E+01 -0.100580E+03 +0.160088E+03 -0.389604E+02 +0.399722E+02 +0.222990E+02 +0.000000E+00 +0.000000E+00 +0.228221E-02 -0.149972E-02 +0.000000E+00 +0.847362E-03 +0.000000E+00 +0.000000E+00
 +0.148320E+01 -0.100590E+03 +0.159163E+03 -0.396310E+02 +0.394455E+02 +0.229102E+02 +0.000000E+00 +0.000000E+00 +0.227463E-02 -0.150245E-02 +0.000000E+00 +0.870588E-03 +0.000000E+00 +0.000000E+00
 +0.148320E+01 -0.100600E+03 +0.158268E+03 -0.402968E+02 +0.389306E+02 +0.235103E+02 +0.000000E+00 +0.000000E+00 +0.226741E-02 -0.150532E-02 +0.000000E+00 +0.893393E-03 +0.000000E+00 +0.000000E+00
 +0.148320E+01 -0.100610E+03 +0.157419E+03 -0.409557E+02 +0.384328E+02 +0.240943E+02 +0.000000E+00 +0.000000E+00 +0.226073E-02 -0.150838E-02 +0.000000E+00 +0.915585E-03 +0.000000E+00 +0.000000E+00
 +0.148320E+01 -0.100620E+03 +0.156599E+03 -0.416096E+02 +0.379465E+02 +0.246672E+02 +0.000000E+00 +0.000000E+00 +0.225440E-02 -0.151157E-02 +0.000000E+00 +0.937353E-03 +0.000000E+00 +0.000000E+00
 +0.148320E+01 -0.100630E+03 +0.155820E+03 -0.422566E+02 +0.374760E+02 +0.252247E+02 +0.000000E+00 +0.000000E+00 +0.224854E-02 -0.151492E-02 +0.000000E+00 +0.958537E-03 +0.000000E+00 +0.000000E+00
 +0.148320E+01 -0.100640E+03 +0.155070E+03 -0.428983E+02 +0.370166E+02 +0.257709E+02 +0.000000E+00 +0.000000E+00 +0.224301E-02 -0.151838E-02 +0.000000E+00 +0.979294E-03 +0.000000E+00 +0.000000E+00
 +0.148320E+01 -0.100650E+03 +0.154356E+03 -0.435331E+02 +0.365717E+02 +0.263025E+02 +0.000000E+00 +0.000000E+00 +0.223791E-02 -0.152199E-02 +0.000000E+00 +0.999495E-03 +0.000000E+00 +0.000000E+00
 +0.148320E+01 -0.100660E+03 +0.153670E+03 -0.441624E+02 +0.361376E+02 +0.268228E+02 +0.000000E+00 +0.000000E+00 +0.223312E-02 -0.152570E-02 +0.000000E+00 +0.101927E-02 +0.000000E+00 +0.000000E+00
 +0.148320E+01 -0.100670E+03 +0.153018E+03 -0.447849E+02 +0.357169E+02 +0.273293E+02 +0.000000E+00 +0.000000E+00 +0.222872E-02 -0.152953E-02 +0.000000E+00 +0.103851E-02 +0.000000E+00 +0.000000E+00
 +0.148320E+01 -0.100680E+03 +0.152392E+03 -0.454016E+02 +0.353067E+02 +0.278244E+02 +0.000000E+00 +0.000000E+00 +0.222461E-02 -0.153346E-02 +0.000000E+00 +0.105733E-02 +0.000000E+00 +0.000000E+00
 +0.148320E+01 -0.100690E+03 +0.151796E+03 -0.460116E+02 +0.349088E+02 +0.283064E+02 +0.000000E+00 +0.000000E+00 +0.222085E-02 -0.153749E-02 +0.000000E+00 +0.107564E-02 +0.000000E+00 +0.000000E+00
 +0.148320E+01 -0.100700E+03 +0.151225E+03 -0.466156E+02 +0.345211E+02 +0.287772E+02 +0.000000E+00 +0.000000E+00 +0.221737E-02 -0.154160E-02 +0.000000E+00 +0.109353E-02 +0.000000E+00 +0.000000E+00
 +0.148320E+01 -0.100710E+03 +0.150682E+03 -0.472129E+02 +0.341447E+02 +0.292354E+02 +0.000000E+00 +0.000000E+00 +0.221420E-02 -0.154579E-02 +0.000000E+00 +0.111095E-02 +0.000000E+00 +0.000000E+00
 +0.148320E+01 -0.100720E+03 +0.150162E+03 -0.478041E+02 +0.337782E+02 +0.296825E+02 +0.000000E+00 +0.000000E+00 +0.221130E-02 -0.155006E-02 +0.000000E+00 +0.112794E-02 +0.000000E+00 +0.000000E+00
 +0.148320E+01 -0.100730E+03 +0.149668E+03 -0.483887E+02 +0.334222E+02 +0.301178E+02 +0.000000E+00 +0.000000E+00 +0.220867E-02 -0.155441E-02 +0.000000E+00 +0.114448E-02 +0.000000E+00 +0.000000E+00
 +0.148320E+01 -0.100740E+03 +0.149197E+03 -0.489670E+02 +0.330758E+02 +0.305420E+02 +0.000000E+00 +0.000000E+00 +0.220630E-02 -0.155881E-02 +0.000000E+00 +0.116060E-02 +0.000000E+00 +0.000000E+00
 +0.148320E+01 -0.100750E+03 +0.148748E+03 -0.495390E+02 +0.327390E+02 +0.309551E+02 +0.000000E+00 +0.000000E+00 +0.220417E-02 -0.156328E-02 +0.000000E+00 +0.117629E-02 +0.000000E+00 +0.000000E+00
 +0.148320E+01 -0.100760E+03 +0.148321E+03 -0.501043E+02 +0.324115E+02 +0.313570E+02 +0.000000E+00 +0.000000E+00 +0.220228E-02 -0.156780E-02 +0.000000E+00 +0.119157E-02 +0.000000E+00 +0.000000E+00
 +0.148320E+01 -0.100770E+03 +0.147915E+03 -0.506636E+02 +0.320929E+02 +0.317486E+02 +0.000000E+00 +0.000000E+00 +0.220062E-02 -0.157237E-02 +0.000000E+00 +0.120645E-02 +0.000000E+00 +0.000000E+00
 +0.148320E+01 -0.100780E+03 +0.147529E+03 -0.512161E+02 +0.317834E+02 +0.321292E+02 +0.000000E+00 +0.000000E+00 +0.219917E-02 -0.157699E-02 +0.000000E+00 +0.122091E-02 +0.000000E+00 +0.000000E+00
 +0.148320E+01 -0.100790E+03 +0.147163E+03 -0.517626E+02 +0.314821E+02 +0.325000E+02 +0.000000E+00 +0.000000E+00 +0.219793E-02 -0.158165E-02 +0.000000E+00 +0.123500E-02 +0.000000E+00 +0.000000E+00
 +0.148320E+01 -0.100800E+03 +0.146816E+03 -0.523022E+02 +0.311896E+02 +0.328599E+02 +0.000000E+00 +0.000000E+00 +0.219690E-02 -0.158634E-02 +0.000000E+00 +0.124868E-02 +0.000000E+00 +0.000000E+00
 +0.148320E+01 -0.100810E+03 +0.146486E+03 -0.528360E+02 +0.309045E+02 +0.332106E+02 +0.000000E+00 +0.000000E+00 +0.219605E-02 -0.159107E-02 +0.000000E+00 +0.126200E-02 +0.000000E+00 +0.000000E+00
 +0.148320E+01 -0.100820E+03 +0.146175E+03 -0.533629E+02 +0.306281E+02 +0.335505E+02 +0.000000E+00 +0.000000E+00 +0.219540E-02 -0.159583E-02 +0.000000E+00 +0.127492E-02 +0.000000E+00 +0.000000E+00
 +0.148320E+01 -0.100830E+03 +0.145880E+03 -0.538841E+02 +0.303586E+02 +0.338819E+02 +0.000000E+00 +0.000000E+00 +0.219490E-02 -0.160061E-02 +0.000000E+00 +0.128751E-02 +0.000000E+00 +0.000000E+00
 +0.148320E+01 -0.100840E+03 +0.145603E+03 -0.543982E+02 +0.300975E+02 +0.342026E+02 +0.000000E+00 +0.000000E+00 +0.219460E-02 -0.160542E-02 +0.000000E+00 +0.129970E-02 +0.000000E+00 +0.000000E+00
 +0.148320E+01 -0.100850E+03 +0.145339E+03 -0.549070E+02 +0.298426E+02 +0.345152E+02 +0.000000E+00 +0.000000E+00 +0.219443E-02 -0.161024E-02 +0.000000E+00 +0.131158E-02 +0.000000E+00 +0.000000E+00
 +0.148320E+01 -0.100860E+03 +0.145093E+03 -0.554085E+02 +0.295960E+02 +0.348174E+02 +0.000000E+00 +0.000000E+00 +0.219445E-02 -0.161508E-02 +0.000000E+00 +0.132306E-02 +0.000000E+00 +0.000000E+00
 +0.148320E+01 -0.100870E+03 +0.144860E+03 -0.559048E+02 +0.293551E+02 +0.351120E+02 +0.000000E+00 +0.000000E+00 +0.219459E-02 -0.161994E-02 +0.000000E+00 +0.133426E-02 +0.000000E+00 +0.000000E+00
 +0.148320E+01 -0.100880E+03 +0.144643E+03 -0.563938E+02 +0.291221E+02 +0.353963E+02 +0.000000E+00 +0.000000E+00 +0.219489E-02 -0.162480E-02 +0.000000E+00 +0.134506E-02 +0.000000E+00 +0.000000E+00
 +0.148320E+01 -0.100890E+03 +0.144437E+03 -0.568779E+02 +0.288945E+02 +0.356736E+02 +0.000000E+00 +0.000000E+00 +0.219531E-02 -0.162968E-02 +0.000000E+00 +0.135560E-02 +0.000000E+00 +0.000000E+00
 +0.148320E+01 -0.100900E+03 +0.144247E+03 -0.573545E+02 +0.286746E+02 +0.359407E+02 +0.000000E+00 +0.000000E+00 +0.219588E-02 -0.163455E-02 +0.000000E+00 +0.136575E-02 +0.000000E+00 +0.000000E+00
 +0.148320E+01 -0.100910E+03 +0.144068E+03 -0.578264E+02 +0.284596E+02 +0.362012E+02 +0.000000E+00 +0.000000E+00 +0.219655E-02 -0.163943E-02 +0.000000E+00 +0.137565E-02 +0.000000E+00 +0.000000E+00
 +0.148320E+01 -0.100920E+03 +0.143903E+03 -0.582907E+02 +0.282521E+02 +0.364517E+02 +0.000000E+00 +0.000000E+00 +0.219737E-02 -0.164431E-02 +0.000000E+00 +0.138516E-02 +0.000000E+00 +0.000000E+00
 +0.148320E+01 -0.100930E+03 +0.143748E+03 -0.587506E+02 +0.280491E+02 +0.366961E+02 +0.000000E+00 +0.000000E+00 +0.219828E-02 -0.164919E-02 +0.000000E+00 +0.139445E-02 +0.000000E+00 +0.000000E+00
 +0.148320E+01 -0.100940E+03 +0.143607E+03 -0.592029E+02 +0.278534E+02 +0.369307E+02 +0.000000E+00 +0.000000E+00 +0.219932E-02 -0.165407E-02 +0.000000E+00 +0.140337E-02 +0.000000E+00 +0.000000E+00
 +0.148320E+01 -0.100950E+03 +0.143474E+03 -0.596509E+02 +0.276618E+02 +0.371596E+02 +0.000000E+00 +0.000000E+00 +0.220044E-02 -0.165894E-02 +0.000000E+00 +0.141207E-02 +0.000000E+00 +0.000000E+00
 +0.148320E+01 -0.100960E+03 +0.143356E+03 -0.600913E+02 +0.274772E+02 +0.373788E+02 +0.000000E+00 +0.000000E+00 +0.220169E-02 -0.166380E-02 +0.000000E+00 +0.142040E-02 +0.000000E+00 +0.000000E+00
 +0.148320E+01 -0.100970E+03 +0.143244E+03 -0.605276E+02 +0.272964E+02 +0.375928E+02 +0.000000E+00 +0.000000E+00 +0.220301E-02 -0.166866E-02 +0.000000E+00 +0.142853E-02 +0.000000E+00 +0.000000E+00
 +0.148320E+01 -0.100980E+03 +0.143146E+03 -0.609562E+02 +0.271225E+02 +0.377973E+02 +0.000000E+00 +0.000000E+00 +0.220444E-02 -0.167350E-02 +0.000000E+00 +0.143630E-02 +0.000000E+00 +0.000000E+00
 +0.148320E+01 -0.100990E+03 +0.143054E+03 -0.613810E+02 +0.269521E+02 +0.379969E+02 +0.000000E+00 +0.000000E+00 +0.220594E-02 -0.167833E-02 +0.000000E+00 +0.144388E-02 +0.000000E+00 +0.000000E+00
 +0.148320E+01 -0.101000E+03 +0.142975E+03 -0.617981E+02 +0.267884E+02 +0.381871E+02 +0.000000E+00 +0.000000E+00 +0.220754E-02 -0.168314E-02 +0.000000E+00 +0.145111E-02 +0.000000E+00 +0.000000E+00
 +0.148320E+01 -0.101010E+03 +0.142902E+03 -0.622115E+02 +0.266278E+02 +0.383729E+02 +0.000000E+00 +0.000000E+00 +0.220920E-02 -0.168794E-02 +0.000000E+00 +0.145817E-02 +0.000000E+00 +0.000000E+00
 +0.148320E+01 -0.101020E+03 +0.142840E+03 -0.626171E+02 +0.264737E+02 +0.385495E+02 +0.000000E+00 +0.000000E+00 +0.221097E-02 -0.169272E-02 +0.000000E+00 +0.146488E-02 +0.000000E+00 +0.000000E+00
 +0.148320E+01 -0.101030E+03 +0.142784E+03 -0.630193E+02 +0.263224E+02 +0.387220E+02 +0.000000E+00 +0.000000E+00 +0.221277E-02 -0.169749E-02 +0.000000E+00 +0.147144E-02 +0.000000E+00 +0.000000E+00
 +0.148320E+01 -0.101040E+03 +0.142740E+03 -0.634138E+02 +0.261775E+02 +0.388855E+02 +0.000000E+00 +0.000000E+00 +0.221468E-02 -0.170223E-02 +0.000000E+00 +0.147765E-02 +0.000000E+00 +0.000000E+00
 +0.148320E+01 -0.101050E+03 +0.142700E+03 -0.638050E+02 +0.260352E+02 +0.390452E+02 +0.000000E+00 +0.000000E+00 +0.221662E-02 -0.170696E-02 +0.000000E+00 +0.148372E-02 +0.000000E+00 +0.000000E+00
 +0.148320E+01 -0.101060E+03 +0.142670E+03 -0.641884E+02 +0.258991E+02 +0.391961E+02 +0.000000E+00 +0.000000E+00 +0.221866E-02 -0.171166E-02 +0.000000E+00 +0.148945E-02 +0.000000E+00 +0.000000E+00
 +0.148320E+01 -0.101070E+03 +0.142645E+03 -0.645688E+02 +0.257653E+02 +0.393435E+02 +0.000000E+00 +0.000000E+00 +0.222072E-02 -0.171635E-02 +0.000000E+00 +0.149505E-02 +0.000000E+00 +0.000000E+00
 +0.148320E+01 -0.101080E+03 +0.142631E+03 -0.649414E+02 +0.256375E+02 +0.394823E+02 +0.000000E+00 +0.000000E+00 +0.222287E-02 -0.172100E-02 +0.000000E+00 +0.150033E-02 +0.000000E+00 +0.000000E+00
 +0.148320E+01 -0.101090E+03 +0.142620E+03 -0.653111E+02 +0.255119E+02 +0.396179E+02 +0.000000E+00 +0.000000E+00 +0.222505E-02 -0.172564E-02 +0.000000E+00 +0.150548E-02 +0.000000E+00 +0.000000E+00
 +0.148320E+01 -0.101100E+03 +0.142618E+03 -0.656730E+02 +0.253920E+02 +0.397450E+02 +0.000000E+00 +0.000000E+00 +0.222730E-02 -0.173024E-02 +0.000000E+00 +0.151031E-02 +0.000000E+00 +0.000000E+00
 +0.148320E+01 -0.101110E+03 +0.142621E+03 -0.660323E+02 +0.252741E+02 +0.398693E+02 +0.000000E+00 +0.000000E+00 +0.222958E-02 -0.173482E-02 +0.000000E+00 +0.151503E-02 +0.000000E+00 +0.000000E+00
 +0.148320E+01 -0.101120E+03 +0.142632E+03 -0.663838E+02 +0.251619E+02 +0.399852E+02 +0.000000E+00 +0.000000E+00 +0.223193E-02 -0.173937E-02 +0.000000E+00 +0.151944E-02 +0.000000E+00 +0.000000E+00
 +0.148320E+01 -0.101130E+03 +0.142646E+03 -0.667329E+02 +0.250514E+02 +0.400985E+02 +0.000000E+00 +0.000000E+00 +0.223430E-02 -0.174390E-02 +0.000000E+00 +0.152374E-02 +0.000000E+00 +0.000000E+00
 +0.148320E+01 -0.101140E+03 +0.142669E+03 -0.670741E+02 +0.249463E+02 +0.402037E+02 +0.000000E+00 +0.000000E+00 +0.223673E-02 -0.174839E-02 +0.000000E+00 +0.152774E-02 +0.000000E+00 +0.000000E+00
 +0.148320E+01 -0.101150E+03 +0.142695E+03 -0.674131E+02 +0.248429E+02 +0.403065E+02 +0.000000E+00 +0.000000E+00 +0.223918E-02 -0.175286E-02 +0.000000E+00 +0.153165E-02 +0.000000E+00 +0.000000E+00
 +0.148320E+01 -0.101160E+03 +0.142729E+03 -0.677442E+02 +0.247448E+02 +0.404014E+02 +0.000000E+00 +0.000000E+00 +0.224169E-02 -0.175729E-02 +0.000000E+00 +0.153525E-02 +0.000000E+00 +0.000000E+00
 +0.148320E+01 -0.101170E+03 +0.142765E+03 -0.680733E+02 +0.246481E+02 +0.404942E+02 +0.000000E+00 +0.000000E+00 +0.224421E-02 -0.176171E-02 +0.000000E+00 +0.153878E-02 +0.000000E+00 +0.000000E+00
 +0.148320E+01 -0.101180E+03 +0.142809E+03 -0.683946E+02 +0.245566E+02 +0.405791E+02 +0.000000E+00 +0.000000E+00 +0.224679E-02 -0.176607E-02 +0.000000E+00 +0.154201E-02 +0.000000E+00 +0.000000E+00
 +0.148320E+01 -0.101190E+03 +0.142855E+03 -0.687140E+02 +0.244664E+02 +0.406622E+02 +0.000000E+00 +0.000000E+00 +0.224938E-02 -0.177043E-02 +0.000000E+00 +0.154516E-02 +0.000000E+00 +0.000000E+00
 +0.148320E+01 -0.101200E+03 +0.142908E+03 -0.690257E+02 +0.243812E+02 +0.407377E+02 +0.000000E+00 +0.000000E+00 +0.225201E-02 -0.177473E-02 +0.000000E+00 +0.154803E-02 +0.000000E+00 +0.000000E+00
 +0.148320E+01 -0.101210E+03 +0.142963E+03 -0.693355E+02 +0.242971E+02 +0.408114E+02 +0.000000E+00 +0.000000E+00 +0.225465E-02 -0.177902E-02 +0.000000E+00 +0.155083E-02 +0.000000E+00 +0.000000E+00
 +0.148320E+01 -0.101220E+03 +0.143025E+03 -0.696377E+02 +0.242179E+02 +0.408778E+02 +0.000000E+00 +0.000000E+00 +0.225734E-02 -0.178326E-02 +0.000000E+00 +0.155336E-02 +0.000000E+00 +0.000000E+00
 +0.148320E+01 -0.101230E+03 +0.143089E+03 -0.699383E+02 +0.241397E+02 +0.409426E+02 +0.000000E+00 +0.000000E+00 +0.226003E-02 -0.178748E-02 +0.000000E+00 +0.155582E-02 +0.000000E+00 +0.000000E+00
 +0.148320E+01 -0.101240E+03 +0.143159E+03 -0.702311E+02 +0.240662E+02 +0.410002E+02 +0.000000E+00 +0.000000E+00 +0.226276E-02 -0.179165E-02 +0.000000E+00 +0.155801E-02 +0.000000E+00 +0.000000E+00
 +0.148320E+01 -0.101250E+03 +0.143231E+03 -0.705226E+02 +0.239937E+02 +0.410565E+02 +0.000000E+00 +0.000000E+00 +0.226550E-02 -0.179581E-02 +0.000000E+00 +0.156015E-02 +0.000000E+00 +0.000000E+00
 +0.148320E+01 -0.101260E+03 +0.143308E+03 -0.708063E+02 +0.239257E+02 +0.411057E+02 +0.000000E+00 +0.000000E+00 +0.226827E-02 -0.179991E-02 +0.000000E+00 +0.156202E-02 +0.000000E+00 +0.000000E+00
 +0.148320E+01 -0.101270E+03 +0.143387E+03 -0.710888E+02 +0.238585E+02 +0.411537E+02 +0.000000E+00 +0.000000E+00 +0.227105E-02 -0.180400E-02 +0.000000E+00 +0.156384E-02 +0.000000E+00 +0.000000E+00
 +0.148320E+01 -0.101280E+03 +0.143472E+03 -0.713637E+02 +0.237957E+02 +0.411948E+02 +0.000000E+00 +0.000000E+00 +0.227385E-02 -0.180803E-02 +0.000000E+00 +0.156540E-02 +0.000000E+00 +0.000000E+00
 +0.148320E+01 -0.101290E+03 +0.143558E+03 -0.716374E+02 +0.237337E+02 +0.412349E+02 +0.000000E+00 +0.000000E+00 +0.227665E-02 -0.181205E-02 +0.000000E+00 +0.156693E-02 +0.000000E+00 +0.000000E+00
 +0.148320E+01 -0.101300E+03 +0.143649E+03 -0.719035E+02 +0.236760E+02 +0.412683E+02 +0.000000E+00 +0.000000E+00 +0.227948E-02 -0.181601E-02 +0.000000E+00 +0.156820E-02 +0.000000E+00 +0.000000E+00
 +0.148320E+01 -0.101310E+03 +0.143741E+03 -0.721686E+02 +0.236188E+02 +0.413008E+02 +0.000000E+00 +0.000000E+00 +0.228232E-02 -0.181996E-02 +0.000000E+00 +0.156943E-02 +0.000000E+00 +0.000000E+00
 +0.148320E+01 -0.101320E+03 +0.143838E+03 -0.724262E+02 +0.235659E+02 +0.413268E+02 +0.000000E+00 +0.000000E+00 +0.228517E-02 -0.182385E-02 +0.000000E+00 +0.157042E-02 +0.000000E+00 +0.000000E+00
 +0.148320E+01 -0.101330E+03 +0.143936E+03 -0.726829E+02 +0.235134E+02 +0.413521E+02 +0.000000E+00 +0.000000E+00 +0.228802E-02 -0.182773E-02 +0.000000E+00 +0.157138E-02 +0.000000E+00 +0.000000E+00
 +0.148320E+01 -0.101340E+03 +0.144038E+03 -0.729321E+02 +0.234651E+02 +0.413710E+02 +0.000000E+00 +0.000000E+00 +0.229089E-02 -0.183155E-02 +0.000000E+00 +0.157210E-02 +0.000000E+00 +0.000000E+00
 +0.148320E+01 -0.101350E+03 +0.144142E+03 -0.731806E+02 +0.234171E+02 +0.413892E+02 +0.000000E+00 +0.000000E+00 +0.229376E-02 -0.183536E-02 +0.000000E+00 +0.157279E-02 +0.000000E+00 +0.000000E+00
 +0.148320E+01 -0.101360E+03 +0.144249E+03 -0.734216E+02 +0.233731E+02 +0.414013E+02 +0.000000E+00 +0.000000E+00 +0.229665E-02 -0.183910E-02 +0.000000E+00 +0.157325E-02 +0.000000E+00 +0.000000E+00
 +0.148320E+01 -0.101370E+03 +0.144357E+03 -0.736620E+02 +0.233295E+02 +0.414129E+02 +0.000000E+00 +0.000000E+00 +0.229953E-02 -0.184284E-02 +0.000000E+00 +0.157369E-02 +0.000000E+00 +0.000000E+00
 +0.148320E+01 -0.101380E+03 +0.144470E+03 -0.738951E+02 +0.232897E+02 +0.414184E+02 +0.000000E+00 +0.000000E+00 +0.230242E-02 -0.184651E-02 +0.000000E+00 +0.157390E-02 +0.000000E+00 +0.000000E+00
 +0.148320E+01 -0.101390E+03 +0.144583E+03 -0.741276E+02 +0.232501E+02 +0.414235E+02 +0.000000E+00 +0.000000E+00 +0.230532E-02 -0.185018E-02 +0.000000E+00 +0.157409E-02 +0.000000E+00 +0.000000E+00
 +0.148320E+01 -0.101400E+03 +0.144699E+03 -0.743528E+02 +0.232144E+02 +0.414228E+02 +0.000000E+00 +0.000000E+00 +0.230821E-02 -0.185378E-02 +0.000000E+00 +0.157407E-02 +0.000000E+00 +0.000000E+00
 +0.148320E+01 -0.101410E+03 +0.144816E+03 -0.745776E+02 +0.231788E+02 +0.414218E+02 +0.000000E+00 +0.000000E+00 +0.231111E-02 -0.185737E-02 +0.000000E+00 +0.157403E-02 +0.000000E+00 +0.000000E+00
 +0.148320E+01 -0.101420E+03 +0.144937E+03 -0.747951E+02 +0.231468E+02 +0.414151E+02 +0.000000E+00 +0.000000E+00 +0.231401E-02 -0.186090E-02 +0.000000E+00 +0.157377E-02 +0.000000E+00 +0.000000E+00
 +0.148320E+01 -0.101430E+03 +0.145058E+03 -0.750124E+02 +0.231150E+02 +0.414082E+02 +0.000000E+00 +0.000000E+00 +0.231691E-02 -0.186442E-02 +0.000000E+00 +0.157351E-02 +0.000000E+00 +0.000000E+00
 +0.148320E+01 -0.101440E+03 +0.145182E+03 -0.752224E+02 +0.230867E+02 +0.413957E+02 +0.000000E+00 +0.000000E+00 +0.231981E-02 -0.186787E-02 +0.000000E+00 +0.157304E-02 +0.000000E+00 +0.000000E+00
 +0.148320E+01 -0.101450E+03 +0.145306E+03 -0.754323E+02 +0.230584E+02 +0.413831E+02 +0.000000E+00 +0.000000E+00 +0.232271E-02 -0.187132E-02 +0.000000E+00 +0.157256E-02 +0.000000E+00 +0.000000E+00
 +0.148320E+01 -0.101460E+03 +0.145434E+03 -0.756349E+02 +0.230336E+02 +0.413652E+02 +0.000000E+00 +0.000000E+00 +0.232560E-02 -0.187470E-02 +0.000000E+00 +0.157188E-02 +0.000000E+00 +0.000000E+00
 +0.148320E+01 -0.101470E+03 +0.145561E+03 -0.758375E+02 +0.230089E+02 +0.413472E+02 +0.000000E+00 +0.000000E+00 +0.232850E-02 -0.187808E-02 +0.000000E+00 +0.157119E-02 +0.000000E+00 +0.000000E+00
 +0.148320E+01 -0.101480E+03 +0.145692E+03 -0.760331E+02 +0.229874E+02 +0.413240E+02 +0.000000E+00 +0.000000E+00 +0.233139E-02 -0.188139E-02 +0.000000E+00 +0.157031E-02 +0.000000E+00 +0.000000E+00
 +0.148320E+01 -0.101490E+03 +0.145822E+03 -0.762285E+02 +0.229660E+02 +0.413007E+02 +0.000000E+00 +0.000000E+00 +0.233427E-02 -0.188470E-02 +0.000000E+00 +0.156943E-02 +0.000000E+00 +0.000000E+00
 +0.148320E+01 -0.101500E+03 +0.145956E+03 -0.764172E+02 +0.229477E+02 +0.412726E+02 +0.000000E+00 +0.000000E+00 +0.233715E-02 -0.188793E-02 +0.000000E+00 +0.156836E-02 +0.000000E+00 +0.000000E+00
 +0.148320E+01 -0.101510E+03 +0.146089E+03 -0.766056E+02 +0.229295E+02 +0.412443E+02 +0.000000E+00 +0.000000E+00 +0.234003E-02 -0.189117E-02 +0.000000E+00 +0.156728E-02 +0.000000E+00 +0.000000E+00
 +0.148320E+01 -0.101520E+03 +0.146224E+03 -0.767875E+02 +0.229142E+02 +0.412114E+02 +0.000000E+00 +0.000000E+00 +0.234290E-02 -0.189433E-02 +0.000000E+00 +0.156603E-02 +0.000000E+00 +0.000000E+00
 +0.148320E+01 -0.101530E+03 +0.146360E+03 -0.769691E+02 +0.228991E+02 +0.411782E+02 +0.000000E+00 +0.000000E+00 +0.234576E-02 -0.189749E-02 +0.000000E+00 +0.156477E-02 +0.000000E+00 +0.000000E+00
 +0.148320E+01 -0.101540E+03 +0.146498E+03 -0.771444E+02 +0.228867E+02 +0.411408E+02 +0.000000E+00 +0.000000E+00 +0.234861E-02 -0.190059E-02 +0.000000E+00 +0.156335E-02 +0.000000E+00 +0.000000E+00
 +0.148320E+01 -0.101550E+03 +0.146636E+03 -0.773192E+02 +0.228745E+02 +0.411031E+02 +0.000000E+00 +0.000000E+00 +0.235147E-02 -0.190368E-02 +0.000000E+00 +0.156192E-02 +0.000000E+00 +0.000000E+00
 +0.148320E+01 -0.101560E+03 +0.146776E+03 -0.774881E+02 +0.228649E+02 +0.410613E+02 +0.000000E+00 +0.000000E+00 +0.235430E-02 -0.190671E-02 +0.000000E+00 +0.156033E-02 +0.000000E+00 +0.000000E+00
 +0.148320E+01 -0.101570E+03 +0.146915E+03 -0.776564E+02 +0.228555E+02 +0.410191E+02 +0.000000E+00 +0.000000E+00 +0.235714E-02 -0.190973E-02 +0.000000E+00 +0.155873E-02 +0.000000E+00 +0.000000E+00
 +0.148320E+01 -0.101580E+03 +0.147057E+03 -0.778189E+02 +0.228485E+02 +0.409732E+02 +0.000000E+00 +0.000000E+00 +0.235996E-02 -0.191268E-02 +0.000000E+00 +0.155698E-02 +0.000000E+00 +0.000000E+00
 +0.148320E+01 -0.101590E+03 +0.147198E+03 -0.779808E+02 +0.228418E+02 +0.409268E+02 +0.000000E+00 +0.000000E+00 +0.236278E-02 -0.191563E-02 +0.000000E+00 +0.155522E-02 +0.000000E+00 +0.000000E+00
 +0.148320E+01 -0.101600E+03 +0.147341E+03 -0.781372E+02 +0.228374E+02 +0.408769E+02 +0.000000E+00 +0.000000E+00 +0.236558E-02 -0.191852E-02 +0.000000E+00 +0.155332E-02 +0.000000E+00 +0.000000E+00
 +0.148320E+01 -0.101610E+03 +0.147484E+03 -0.782929E+02 +0.228332E+02 +0.408266E+02 +0.000000E+00 +0.000000E+00 +0.236837E-02 -0.192140E-02 +0.000000E+00 +0.155141E-02 +0.000000E+00 +0.000000E+00
 +0.148320E+01 -0.101620E+03 +0.147629E+03 -0.784431E+02 +0.228312E+02 +0.407728E+02 +0.000000E+00 +0.000000E+00 +0.237115E-02 -0.192421E-02 +0.000000E+00 +0.154937E-02 +0.000000E+00 +0.000000E+00
 +0.148320E+01 -0.101630E+03 +0.147773E+03 -0.785928E+02 +0.228295E+02 +0.407187E+02 +0.000000E+00 +0.000000E+00 +0.237393E-02 -0.192702E-02 +0.000000E+00 +0.154731E-02 +0.000000E+00 +0.000000E+00
 +0.148320E+01 -0.101640E+03 +0.147919E+03 -0.787371E+02 +0.228299E+02 +0.406613E+02 +0.000000E+00 +0.000000E+00 +0.237669E-02 -0.192977E-02 +0.000000E+00 +0.154513E-02 +0.000000E+00 +0.000000E+00
 +0.148320E+01 -0.101650E+03 +0.148064E+03 -0.788808E+02 +0.228305E+02 +0.406034E+02 +0.000000E+00 +0.000000E+00 +0.237944E-02 -0.193252E-02 +0.000000E+00 +0.154293E-02 +0.000000E+00 +0.000000E+00
 +0.148320E+01 -0.101660E+03 +0.148211E+03 -0.790194E+02 +0.228331E+02 +0.405426E+02 +0.000000E+00 +0.000000E+00 +0.238217E-02 -0.193520E-02 +0.000000E+00 +0.154062E-02 +0.000000E+00 +0.000000E+00
 +0.148320E+01 -0.101670E+03 +0.148357E+03 -0.791572E+02 +0.228360E+02 +0.404813E+02 +0.000000E+00 +0.000000E+00 +0.238490E-02 -0.193787E-02 +0.000000E+00 +0.153829E-02 +0.000000E+00 +0.000000E+00
 +0.148320E+01 -0.101680E+03 +0.148505E+03 -0.792902E+02 +0.228408E+02 +0.404171E+02 +0.000000E+00 +0.000000E+00 +0.238761E-02 -0.194049E-02 +0.000000E+00 +0.153585E-02 +0.000000E+00 +0.000000E+00
 +0.148320E+01 -0.101690E+03 +0.148652E+03 -0.794223E+02 +0.228458E+02 +0.403525E+02 +0.000000E+00 +0.000000E+00 +0.239032E-02 -0.194309E-02 +0.000000E+00 +0.153340E-02 +0.000000E+00 +0.000000E+00
 +0.148320E+01 -0.101700E+03 +0.148800E+03 -0.795498E+02 +0.228526E+02 +0.402852E+02 +0.000000E+00 +0.000000E+00 +0.239300E-02 -0.194565E-02 +0.000000E+00 +0.153084E-02 +0.000000E+00 +0.000000E+00
 +0.148320E+01 -0.101710E+03 +0.148948E+03 -0.796764E+02 +0.228597E+02 +0.402174E+02 +0.000000E+00 +0.000000E+00 +0.239568E-02 -0.194819E-02 +0.000000E+00 +0.152826E-02 +0.000000E+00 +0.000000E+00
 +0.148320E+01 -0.101720E+03 +0.149097E+03 -0.797985E+02 +0.228684E+02 +0.401471E+02 +0.000000E+00 +0.000000E+00 +0.239834E-02 -0.195067E-02 +0.000000E+00 +0.152559E-02 +0.000000E+00 +0.000000E+00
 +0.148320E+01 -0.101730E+03 +0.149245E+03 -0.799197E+02 +0.228775E+02 +0.400763E+02 +0.000000E+00 +0.000000E+00 +0.240099E-02 -0.195315E-02 +0.000000E+00 +0.152290E-02 +0.000000E+00 +0.000000E+00
 +0.148320E+01 -0.101740E+03 +0.149394E+03 -0.800365E+02 +0.228880E+02 +0.400031E+02 +0.000000E+00 +0.000000E+00 +0.240362E-02 -0.195557E-02 +0.000000E+00 +0.152012E-02 +0.000000E+00 +0.000000E+00
 +0.148320E+01 -0.101750E+03 +0.149543E+03 -0.801524E+02 +0.228990E+02 +0.399294E+02 +0.000000E+00 +0.000000E+00 +0.240624E-02 -0.195798E-02 +0.000000E+00 +0.151732E-02 +0.000000E+00 +0.000000E+00
 +0.148320E+01 -0.101760E+03 +0.149693E+03 -0.802641E+02 +0.229114E+02 +0.398535E+02 +0.000000E+00 +0.000000E+00 +0.240884E-02 -0.196033E-02 +0.000000E+00 +0.151443E-02 +0.000000E+00 +0.000000E+00
 +0.148320E+01 -0.101770E+03 +0.149842E+03 -0.803748E+02 +0.229241E+02 +0.397771E+02 +0.000000E+00 +0.000000E+00 +0.241144E-02 -0.196268E-02 +0.000000E+00 +0.151153E-02 +0.000000E+00 +0.000000E+00
 +0.148320E+01 -0.101780E+03 +0.149991E+03 -0.804815E+02 +0.229382E+02 +0.396986E+02 +0.000000E+00 +0.000000E+00 +0.241401E-02 -0.196497E-02 +0.000000E+00 +0.150855E-02 +0.000000E+00 +0.000000E+00
 +0.148320E+01 -0.101790E+03 +0.150141E+03 -0.805871E+02 +0.229527E+02 +0.396195E+02 +0.000000E+00 +0.000000E+00 +0.241657E-02 -0.196726E-02 +0.000000E+00 +0.150554E-02 +0.000000E+00 +0.000000E+00
 +0.148320E+01 -0.101800E+03 +0.150290E+03 -0.806890E+02 +0.229684E+02 +0.395386E+02 +0.000000E+00 +0.000000E+00 +0.241911E-02 -0.196949E-02 +0.000000E+00 +0.150247E-02 +0.000000E+00 +0.000000E+00
 +0.148320E+01 -0.101810E+03 +0.150440E+03 -0.807897E+02 +0.229845E+02 +0.394571E+02 +0.000000E+00 +0.000000E+00 +0.242165E-02 -0.197171E-02 +0.000000E+00 +0.149937E-02 +0.000000E+00 +0.000000E+00
 +0.148320E+01 -0.101820E+03 +0.150589E+03 -0.808867E+02 +0.230018E+02 +0.393738E+02 +0.000000E+00 +0.000000E+00 +0.242416E-02 -0.197388E-02 +0.000000E+00 +0.149620E-02 +0.000000E+00 +0.000000E+00
 +0.148320E+01 -0.101830E+03 +0.150739E+03 -0.809826E+02 +0.230195E+02 +0.392900E+02 +0.000000E+00 +0.000000E+00 +0.242666E-02 -0.197604E-02 +0.000000E+00 +0.149302E-02 +0.000000E+00 +0.000000E+00
 +0.148320E+01 -0.101840E+03 +0.150888E+03 -0.810750E+02 +0.230383E+02 +0.392045E+02 +0.000000E+00 +0.000000E+00 +0.242915E-02 -0.197815E-02 +0.000000E+00 +0.148977E-02 +0.000000E+00 +0.000000E+00
 +0.148320E+01 -0.101850E+03 +0.151037E+03 -0.811662E+02 +0.230575E+02 +0.391184E+02 +0.000000E+00 +0.000000E+00 +0.243162E-02 -0.198025E-02 +0.000000E+00 +0.148650E-02 +0.000000E+00 +0.000000E+00
 +0.148320E+01 -0.101860E+03 +0.151187E+03 -0.812541E+02 +0.230777E+02 +0.390308E+02 +0.000000E+00 +0.000000E+00 +0.243407E-02 -0.198230E-02 +0.000000E+00 +0.148317E-02 +0.000000E+00 +0.000000E+00
 +0.148320E+01 -0.101870E+03 +0.151336E+03 -0.813407E+02 +0.230983E+02 +0.389426E+02 +0.000000E+00 +0.000000E+00 +0.243651E-02 -0.198434E-02 +0.000000E+00 +0.147982E-02 +0.000000E+00 +0.000000E+00
 +0.148320E+01 -0.101880E+03 +0.151484E+03 -0.814241E+02 +0.231199E+02 +0.388530E+02 +0.000000E+00 +0.000000E+00 +0.243893E-02 -0.198634E-02 +0.000000E+00 +0.147641E-02 +0.000000E+00 +0.000000E+00
 +0.148320E+01 -0.101890E+03 +0.151633E+03 -0.815062E+02 +0.231419E+02 +0.387629E+02 +0.000000E+00 +0.000000E+00 +0.244133E-02 -0.198831E-02 +0.000000E+00 +0.147299E-02 +0.000000E+00 +0.000000E+00
 +0.148320E+01 -0.101900E+03 +0.151782E+03 -0.815853E+02 +0.231648E+02 +0.386714E+02 +0.000000E+00 +0.000000E+00 +0.244372E-02 -0.199025E-02 +0.000000E+00 +0.146951E-02 +0.000000E+00 +0.000000E+00
 +0.148320E+01 -0.101910E+03 +0.151930E+03 -0.816631E+02 +0.231881E+02 +0.385793E+02 +0.000000E+00 +0.000000E+00 +0.244610E-02 -0.199217E-02 +0.000000E+00 +0.146601E-02 +0.000000E+00 +0.000000E+00
 +0.148320E+01 -0.101920E+03 +0.152078E+03 -0.817379E+02 +0.232123E+02 +0.384860E+02 +0.000000E+00 +0.000000E+00 +0.244845E-02 -0.199405E-02 +0.000000E+00 +0.146247E-02 +0.000000E+00 +0.000000E+00
 +0.148320E+01 -0.101930E+03 +0.152226E+03 -0.818115E+02 +0.232368E+02 +0.383922E+02 +0.000000E+00 +0.000000E+00 +0.245079E-02 -0.199592E-02 +0.000000E+00 +0.145890E-02 +0.000000E+00 +0.000000E+00
 +0.148320E+01 -0.101940E+03 +0.152374E+03 -0.818822E+02 +0.232621E+02 +0.382972E+02 +0.000000E+00 +0.000000E+00 +0.245312E-02 -0.199774E-02 +0.000000E+00 +0.145530E-02 +0.000000E+00 +0.000000E+00
 +0.148320E+01 -0.101950E+03 +0.152521E+03 -0.819516E+02 +0.232879E+02 +0.382017E+02 +0.000000E+00 +0.000000E+00 +0.245543E-02 -0.199955E-02 +0.000000E+00 +0.145167E-02 +0.000000E+00 +0.000000E+00
 +0.148320E+01 -0.101960E+03 +0.152668E+03 -0.820183E+02 +0.233144E+02 +0.381052E+02 +0.000000E+00 +0.000000E+00 +0.245772E-02 -0.200132E-02 +0.000000E+00 +0.144800E-02 +0.000000E+00 +0.000000E+00
 +0.148320E+01 -0.101970E+03 +0.152815E+03 -0.820836E+02 +0.233412E+02 +0.380081E+02 +0.000000E+00 +0.000000E+00 +0.245999E-02 -0.200307E-02 +0.000000E+00 +0.144431E-02 +0.000000E+00 +0.000000E+00
 +0.148320E+01 -0.101980E+03 +0.152961E+03 -0.821463E+02 +0.233688E+02 +0.379100E+02 +0.000000E+00 +0.000000E+00 +0.246225E-02 -0.200479E-02 +0.000000E+00 +0.144058E-02 +0.000000E+00 +0.000000E+00
 +0.148320E+01 -0.101990E+03 +0.153107E+03 -0.822077E+02 +0.233967E+02 +0.378115E+02 +0.000000E+00 +0.000000E+00 +0.246449E-02 -0.200648E-02 +0.000000E+00 +0.143684E-02 +0.000000E+00 +0.000000E+00
 +0.148320E+01 -0.102000E+03 +0.153253E+03 -0.822666E+02 +0.234254E+02 +0.377120E+02 +0.000000E+00 +0.000000E+00 +0.246672E-02 -0.200815E-02 +0.000000E+00 +0.143306E-02 +0.000000E+00 +0.000000E+00
 +0.148320E+01 -0.102010E+03 +0.153398E+03 -0.823242E+02 +0.234543E+02 +0.376120E+02 +0.000000E+00 +0.000000E+00 +0.246893E-02 -0.200979E-02 +0.000000E+00 +0.142926E-02 +0.000000E+00 +0.000000E+00
 +0.148320E+01 -0.102020E+03 +0.153543E+03 -0.823793E+02 +0.234839E+02 +0.375112E+02 +0.000000E+00 +0.000000E+00 +0.247112E-02 -0.201140E-02 +0.000000E+00 +0.142542E-02 +0.000000E+00 +0.000000E+00
 +0.148320E+01 -0.102030E+03 +0.153687E+03 -0.824331E+02 +0.235139E+02 +0.374099E+02 +0.000000E+00 +0.000000E+00 +0.247330E-02 -0.201299E-02 +0.000000E+00 +0.142158E-02 +0.000000E+00 +0.000000E+00
 +0.148320E+01 -0.102040E+03 +0.153831E+03 -0.824846E+02 +0.235445E+02 +0.373078E+02 +0.000000E+00 +0.000000E+00 +0.247545E-02 -0.201455E-02 +0.000000E+00 +0.141770E-02 +0.000000E+00 +0.000000E+00
 +0.148320E+01 -0.102050E+03 +0.153975E+03 -0.825347E+02 +0.235754E+02 +0.372052E+02 +0.000000E+00 +0.000000E+00 +0.247760E-02 -0.201609E-02 +0.000000E+00 +0.141380E-02 +0.000000E+00 +0.000000E+00
 +0.148320E+01 -0.102060E+03 +0.154119E+03 -0.825827E+02 +0.236068E+02 +0.371020E+02 +0.000000E+00 +0.000000E+00 +0.247972E-02 -0.201760E-02 +0.000000E+00 +0.140987E-02 +0.000000E+00 +0.000000E+00
 +0.148320E+01 -0.102070E+03 +0.154261E+03 -0.826292E+02 +0.236386E+02 +0.369982E+02 +0.000000E+00 +0.000000E+00 +0.248183E-02 -0.201909E-02 +0.000000E+00 +0.140593E-02 +0.000000E+00 +0.000000E+00
 +0.148320E+01 -0.102080E+03 +0.154404E+03 -0.826737E+02 +0.236709E+02 +0.368938E+02 +0.000000E+00 +0.000000E+00 +0.248392E-02 -0.202055E-02 +0.000000E+00 +0.140196E-02 +0.000000E+00 +0.000000E+00
 +0.148320E+01 -0.102090E+03 +0.154546E+03 -0.827167E+02 +0.237036E+02 +0.367889E+02 +0.000000E+00 +0.000000E+00 +0.248600E-02 -0.202199E-02 +0.000000E+00 +0.139798E-02 +0.000000E+00 +0.000000E+00
 +0.148320E+01 -0.102100E+03 +0.154687E+03 -0.827578E+02 +0.237367E+02 +0.366834E+02 +0.000000E+00 +0.000000E+00 +0.248806E-02 -0.202340E-02 +0.000000E+00 +0.139397E-02 +0.000000E+00 +0.000000E+00
 +0.148320E+01 -0.102110E+03 +0.154828E+03 -0.827973E+02 +0.237702E+02 +0.365774E+02 +0.000000E+00 +0.000000E+00 +0.249010E-02 -0.202478E-02 +0.000000E+00 +0.138994E-02 +0.000000E+00 +0.000000E+00
 +0.148320E+01 -0.102120E+03 +0.154969E+03 -0.828351E+02 +0.238041E+02 +0.364708E+02 +0.000000E+00 +0.000000E+00 +0.249213E-02 -0.202614E-02 +0.000000E+00 +0.138589E-02 +0.000000E+00 +0.000000E+00
 +0.148320E+01 -0.102130E+03 +0.155109E+03 -0.828713E+02 +0.238384E+02 +0.363637E+02 +0.000000E+00 +0.000000E+00 +0.249414E-02 -0.202748E-02 +0.000000E+00 +0.138182E-02 +0.000000E+00 +0.000000E+00
 +0.148320E+01 -0.102140E+03 +0.155248E+03 -0.829057E+02 +0.238731E+02 +0.362560E+02 +0.000000E+00 +0.000000E+00 +0.249613E-02 -0.202880E-02 +0.000000E+00 +0.137773E-02 +0.000000E+00 +0.000000E+00
 +0.148320E+01 -0.102150E+03 +0.155387E+03 -0.829386E+02 +0.239081E+02 +0.361478E+02 +0.000000E+00 +0.000000E+00 +0.249811E-02 -0.203009E-02 +0.000000E+00 +0.137362E-02 +0.000000E+00 +0.000000E+00
 +0.148320E+01 -0.102160E+03 +0.155526E+03 -0.829699E+02 +0.239435E+02 +0.360390E+02 +0.000000E+00 +0.000000E+00 +0.250007E-02 -0.203135E-02 +0.000000E+00 +0.136948E-02 +0.000000E+00 +0.000000E+00
 +0.148320E+01 -0.102170E+03 +0.155664E+03 -0.829996E+02 +0.239792E+02 +0.359297E+02 +0.000000E+00 +0.000000E+00 +0.250201E-02 -0.203260E-02 +0.000000E+00 +0.136533E-02 +0.000000E+00 +0.000000E+00
 +0.148320E+01 -0.102180E+03 +0.155802E+03 -0.830278E+02 +0.240154E+02 +0.358198E+02 +0.000000E+00 +0.000000E+00 +0.250394E-02 -0.203382E-02 +0.000000E+00 +0.136115E-02 +0.000000E+00 +0.000000E+00
 +0.148320E+01 -0.102190E+03 +0.155939E+03 -0.830546E+02 +0.240518E+02 +0.357097E+02 +0.000000E+00 +0.000000E+00 +0.250586E-02 -0.203502E-02 +0.000000E+00 +0.135697E-02 +0.000000E+00 +0.000000E+00
 +0.148320E+01 -0.102200E+03 +0.156076E+03 -0.830801E+02 +0.240886E+02 +0.355993E+02 +0.000000E+00 +0.000000E+00 +0.250776E-02 -0.203620E-02 +0.000000E+00 +0.135277E-02 +0.000000E+00 +0.000000E+00
 +0.148320E+01 -0.102210E+03 +0.156215E+03 -0.831109E+02 +0.241245E+02 +0.354673E+02 +0.000000E+00 +0.000000E+00 +0.250973E-02 -0.203747E-02 +0.000000E+00 +0.134776E-02 +0.000000E+00 +0.000000E+00
 +0.148320E+01 -0.102220E+03 +0.156358E+03 -0.831469E+02 +0.241595E+02 +0.353141E+02 +0.000000E+00 +0.000000E+00 +0.251176E-02 -0.203882E-02 +0.000000E+00 +0.134193E-02 +0.000000E+00 +0.000000E+00
 +0.148320E+01 -0.102230E+03 +0.156495E+03 -0.831637E+02 +0.241992E+02 +0.352067E+02 +0.000000E+00 +0.000000E+00 +0.251361E-02 -0.203990E-02 +0.000000E+00 +0.133786E-02 +0.000000E+00 +0.000000E+00
 +0.148320E+01 -0.102240E+03 +0.156627E+03 -0.831646E+02 +0.242425E+02 +0.351406E+02 +0.000000E+00 +0.000000E+00 +0.251530E-02 -0.204074E-02 +0.000000E+00 +0.133534E-02 +0.000000E+00 +0.000000E+00
 +0.148320E+01 -0.102250E+03 +0.156746E+03 -0.832031E+02 +0.242692E+02 +0.350443E+02 +0.000000E+00 +0.000000E+00 +0.251706E-02 -0.204197E-02 +0.000000E+00 +0.133168E-02 +0.000000E+00 +0.000000E+00
 +0.148320E+01 -0.102260E+03 +0.156875E+03 -0.832289E+02 +0.243032E+02 +0.349247E+02 +0.000000E+00 +0.000000E+00 +0.251886E-02 -0.204311E-02 +0.000000E+00 +0.132714E-02 +0.000000E+00 +0.000000E+00
 +0.148320E+01 -0.102270E+03 +0.156997E+03 -0.832344E+02 +0.243415E+02 +0.348137E+02 +0.000000E+00 +0.000000E+00 +0.252045E-02 -0.204394E-02 +0.000000E+00 +0.132292E-02 +0.000000E+00 +0.000000E+00
 +0.148320E+01 -0.102280E+03 +0.157117E+03 -0.832234E+02 +0.243848E+02 +0.347046E+02 +0.000000E+00 +0.000000E+00 +0.252191E-02 -0.204456E-02 +0.000000E+00 +0.131878E-02 +0.000000E+00 +0.000000E+00
 +0.148320E+01 -0.102290E+03 +0.157261E+03 -0.832208E+02 +0.244333E+02 +0.345926E+02 +0.000000E+00 +0.000000E+00 +0.252373E-02 -0.204543E-02 +0.000000E+00 +0.131452E-02 +0.000000E+00 +0.000000E+00
 +0.148320E+01 -0.102300E+03 +0.157409E+03 -0.832364E+02 +0.244769E+02 +0.344708E+02 +0.000000E+00 +0.000000E+00 +0.252571E-02 -0.204655E-02 +0.000000E+00 +0.130989E-02 +0.000000E+00 +0.000000E+00
 +0.148320E+01 -0.102310E+03 +0.157534E+03 -0.832683E+02 +0.245077E+02 +0.343547E+02 +0.000000E+00 +0.000000E+00 +0.252750E-02 -0.204774E-02 +0.000000E+00 +0.130548E-02 +0.000000E+00 +0.000000E+00
 +0.148320E+01 -0.102320E+03 +0.157643E+03 -0.833121E+02 +0.245291E+02 +0.342427E+02 +0.000000E+00 +0.000000E+00 +0.252916E-02 -0.204898E-02 +0.000000E+00 +0.130122E-02 +0.000000E+00 +0.000000E+00
 +0.148320E+01 -0.102330E+03 +0.157753E+03 -0.833478E+02 +0.245539E+02 +0.341242E+02 +0.000000E+00 +0.000000E+00 +0.253079E-02 -0.205013E-02 +0.000000E+00 +0.129672E-02 +0.000000E+00 +0.000000E+00
 +0.148320E+01 -0.102340E+03 +0.157876E+03 -0.833654E+02 +0.245883E+02 +0.340050E+02 +0.000000E+00 +0.000000E+00 +0.253246E-02 -0.205112E-02 +0.000000E+00 +0.129219E-02 +0.000000E+00 +0.000000E+00
 +0.148320E+01 -0.102350E+03 +0.158007E+03 -0.833714E+02 +0.246297E+02 +0.338902E+02 +0.000000E+00 +0.000000E+00 +0.253417E-02 -0.205202E-02 +0.000000E+00 +0.128783E-02 +0.000000E+00 +0.000000E+00
 +0.148320E+01 -0.102360E+03 +0.158138E+03 -0.833775E+02 +0.246711E+02 +0.337754E+02 +0.000000E+00 +0.000000E+00 +0.253588E-02 -0.205292E-02 +0.000000E+00 +0.128346E-02 +0.000000E+00 +0.000000E+00
 +0.148320E+01 -0.102370E+03 +0.158272E+03 -0.833744E+02 +0.247161E+02 +0.336616E+02 +0.000000E+00 +0.000000E+00 +0.253756E-02 -0.205372E-02 +0.000000E+00 +0.127914E-02 +0.000000E+00 +0.000000E+00
 +0.148320E+01 -0.102380E+03 +0.158390E+03 -0.833675E+02 +0.247573E+02 +0.335550E+02 +0.000000E+00 +0.000000E+00 +0.253901E-02 -0.205437E-02 +0.000000E+00 +0.127509E-02 +0.000000E+00 +0.000000E+00
 +0.148320E+01 -0.102390E+03 +0.158502E+03 -0.833651E+02 +0.247952E+02 +0.334496E+02 +0.000000E+00 +0.000000E+00 +0.254043E-02 -0.205504E-02 +0.000000E+00 +0.127109E-02 +0.000000E+00 +0.000000E+00
 +0.148320E+01 -0.102400E+03 +0.158621E+03 -0.833575E+02 +0.248369E+02 +0.333437E+02 +0.000000E+00 +0.000000E+00 +0.254189E-02 -0.205569E-02 +0.000000E+00 +0.126706E-02 +0.000000E+00 +0.000000E+00
 +0.148320E+01 -0.102410E+03 +0.158746E+03 -0.833534E+02 +0.248796E+02 +0.332327E+02 +0.000000E+00 +0.000000E+00 +0.254347E-02 -0.205643E-02 +0.000000E+00 +0.126284E-02 +0.000000E+00 +0.000000E+00
 +0.148320E+01 -0.102420E+03 +0.158885E+03 -0.833271E+02 +0.249343E+02 +0.331025E+02 +0.000000E+00 +0.000000E+00 +0.254507E-02 -0.205697E-02 +0.000000E+00 +0.125789E-02 +0.000000E+00 +0.000000E+00
 +0.148320E+01 -0.102430E+03 +0.159025E+03 -0.833007E+02 +0.249889E+02 +0.329723E+02 +0.000000E+00 +0.000000E+00 +0.254668E-02 -0.205750E-02 +0.000000E+00 +0.125295E-02 +0.000000E+00 +0.000000E+00
 +0.148320E+01 -0.102440E+03 +0.159164E+03 -0.832743E+02 +0.250436E+02 +0.328422E+02 +0.000000E+00 +0.000000E+00 +0.254829E-02 -0.205804E-02 +0.000000E+00 +0.124800E-02 +0.000000E+00 +0.000000E+00
 +0.148320E+01 -0.102450E+03 +0.159282E+03 -0.832670E+02 +0.250848E+02 +0.327328E+02 +0.000000E+00 +0.000000E+00 +0.254974E-02 -0.205868E-02 +0.000000E+00 +0.124385E-02 +0.000000E+00 +0.000000E+00
 +0.148320E+01 -0.102460E+03 +0.159408E+03 -0.832475E+02 +0.251328E+02 +0.326264E+02 +0.000000E+00 +0.000000E+00 +0.255122E-02 -0.205923E-02 +0.000000E+00 +0.123980E-02 +0.000000E+00 +0.000000E+00
 +0.148320E+01 -0.102470E+03 +0.159539E+03 -0.832217E+02 +0.251846E+02 +0.325195E+02 +0.000000E+00 +0.000000E+00 +0.255273E-02 -0.205972E-02 +0.000000E+00 +0.123574E-02 +0.000000E+00 +0.000000E+00
 +0.148320E+01 -0.102480E+03 +0.159670E+03 -0.831959E+02 +0.252364E+02 +0.324127E+02 +0.000000E+00 +0.000000E+00 +0.255423E-02 -0.206021E-02 +0.000000E+00 +0.123168E-02 +0.000000E+00 +0.000000E+00
 +0.148320E+01 -0.102490E+03 +0.159806E+03 -0.831726E+02 +0.252889E+02 +0.323042E+02 +0.000000E+00 +0.000000E+00 +0.255582E-02 -0.206077E-02 +0.000000E+00 +0.122756E-02 +0.000000E+00 +0.000000E+00
 +0.148320E+01 -0.102500E+03 +0.159946E+03 -0.831517E+02 +0.253422E+02 +0.321942E+02 +0.000000E+00 +0.000000E+00 +0.255748E-02 -0.206138E-02 +0.000000E+00 +0.122338E-02 +0.000000E+00 +0.000000E+00
 +0.148320E+01 -0.102510E+03 +0.160087E+03 -0.831308E+02 +0.253954E+02 +0.320843E+02 +0.000000E+00 +0.000000E+00 +0.255913E-02 -0.206200E-02 +0.000000E+00 +0.121920E-02 +0.000000E+00 +0.000000E+00
 +0.148320E+01 -0.102520E+03 +0.160214E+03 -0.831171E+02 +0.254421E+02 +0.319667E+02 +0.000000E+00 +0.000000E+00 +0.256067E-02 -0.206262E-02 +0.000000E+00 +0.121473E-02 +0.000000E+00 +0.000000E+00
 +0.148320E+01 -0.102530E+03 +0.160331E+03 -0.831095E+02 +0.254831E+02 +0.318425E+02 +0.000000E+00 +0.000000E+00 +0.256211E-02 -0.206326E-02 +0.000000E+00 +0.121002E-02 +0.000000E+00 +0.000000E+00
 +0.148320E+01 -0.102540E+03 +0.160458E+03 -0.830953E+02 +0.255296E+02 +0.317265E+02 +0.000000E+00 +0.000000E+00 +0.256363E-02 -0.206387E-02 +0.000000E+00 +0.120561E-02 +0.000000E+00 +0.000000E+00
 +0.148320E+01 -0.102550E+03 +0.160586E+03 -0.830797E+02 +0.255772E+02 +0.316121E+02 +0.000000E+00 +0.000000E+00 +0.256517E-02 -0.206448E-02 +0.000000E+00 +0.120126E-02 +0.000000E+00 +0.000000E+00
 +0.148320E+01 -0.102560E+03 +0.160715E+03 -0.830641E+02 +0.256248E+02 +0.314978E+02 +0.000000E+00 +0.000000E+00 +0.256671E-02 -0.206509E-02 +0.000000E+00 +0.119692E-02 +0.000000E+00 +0.000000E+00
 +0.148320E+01 -0.102570E+03 +0.160815E+03 -0.830808E+02 +0.256524E+02 +0.313841E+02 +0.000000E+00 +0.000000E+00 +0.256810E-02 -0.206593E-02 +0.000000E+00 +0.119260E-02 +0.000000E+00 +0.000000E+00
 +0.148320E+01 -0.102580E+03 +0.160927E+03 -0.830610E+02 +0.256958E+02 +0.312710E+02 +0.000000E+00 +0.000000E+00 +0.256939E-02 -0.206638E-02 +0.000000E+00 +0.118830E-02 +0.000000E+00 +0.000000E+00
 +0.148320E+01 -0.102590E+03 +0.161044E+03 -0.830256E+02 +0.257459E+02 +0.311580E+02 +0.000000E+00 +0.000000E+00 +0.257066E-02 -0.206666E-02 +0.000000E+00 +0.118400E-02 +0.000000E+00 +0.000000E+00
 +0.148320E+01 -0.102600E+03 +0.161159E+03 -0.829910E+02 +0.257955E+02 +0.310447E+02 +0.000000E+00 +0.000000E+00 +0.257191E-02 -0.206694E-02 +0.000000E+00 +0.117970E-02 +0.000000E+00 +0.000000E+00
 +0.148320E+01 -0.102610E+03 +0.161266E+03 -0.829623E+02 +0.258402E+02 +0.309287E+02 +0.000000E+00 +0.000000E+00 +0.257309E-02 -0.206725E-02 +0.000000E+00 +0.117529E-02 +0.000000E+00 +0.000000E+00
 +0.148320E+01 -0.102620E+03 +0.161373E+03 -0.829336E+02 +0.258849E+02 +0.308128E+02 +0.000000E+00 +0.000000E+00 +0.257427E-02 -0.206755E-02 +0.000000E+00 +0.117089E-02 +0.000000E+00 +0.000000E+00
 +0.148320E+01 -0.102630E+03 +0.161480E+03 -0.828978E+02 +0.259322E+02 +0.307050E+02 +0.000000E+00 +0.000000E+00 +0.257541E-02 -0.206777E-02 +0.000000E+00 +0.116679E-02 +0.000000E+00 +0.000000E+00
 +0.148320E+01 -0.102640E+03 +0.161583E+03 -0.828716E+02 +0.259747E+02 +0.306079E+02 +0.000000E+00 +0.000000E+00 +0.257655E-02 -0.206808E-02 +0.000000E+00 +0.116310E-02 +0.000000E+00 +0.000000E+00
 +0.148320E+01 -0.102650E+03 +0.161668E+03 -0.828667E+02 +0.260044E+02 +0.305031E+02 +0.000000E+00 +0.000000E+00 +0.257761E-02 -0.206855E-02 +0.000000E+00 +0.115912E-02 +0.000000E+00 +0.000000E+00
 +0.148320E+01 -0.102660E+03 +0.161753E+03 -0.828618E+02 +0.260342E+02 +0.303984E+02 +0.000000E+00 +0.000000E+00 +0.257866E-02 -0.206902E-02 +0.000000E+00 +0.115514E-02 +0.000000E+00 +0.000000E+00
 +0.148320E+01 -0.102670E+03 +0.161839E+03 -0.828569E+02 +0.260639E+02 +0.302936E+02 +0.000000E+00 +0.000000E+00 +0.257972E-02 -0.206950E-02 +0.000000E+00 +0.115116E-02 +0.000000E+00 +0.000000E+00
 +0.148320E+01 -0.102680E+03 +0.161924E+03 -0.828520E+02 +0.260937E+02 +0.301889E+02 +0.000000E+00 +0.000000E+00 +0.258077E-02 -0.206997E-02 +0.000000E+00 +0.114718E-02 +0.000000E+00 +0.000000E+00
 +0.148320E+01 -0.102690E+03 +0.162021E+03 -0.828330E+02 +0.261321E+02 +0.300865E+02 +0.000000E+00 +0.000000E+00 +0.258189E-02 -0.207034E-02 +0.000000E+00 +0.114329E-02 +0.000000E+00 +0.000000E+00
 +0.148320E+01 -0.102700E+03 +0.162130E+03 -0.827999E+02 +0.261789E+02 +0.299863E+02 +0.000000E+00 +0.000000E+00 +0.258307E-02 -0.207060E-02 +0.000000E+00 +0.113948E-02 +0.000000E+00 +0.000000E+00
 +0.148320E+01 -0.102710E+03 +0.162239E+03 -0.827669E+02 +0.262258E+02 +0.298861E+02 +0.000000E+00 +0.000000E+00 +0.258425E-02 -0.207086E-02 +0.000000E+00 +0.113567E-02 +0.000000E+00 +0.000000E+00
 +0.148320E+01 -0.102720E+03 +0.162347E+03 -0.827343E+02 +0.262723E+02 +0.297856E+02 +0.000000E+00 +0.000000E+00 +0.258543E-02 -0.207113E-02 +0.000000E+00 +0.113185E-02 +0.000000E+00 +0.000000E+00
 +0.148320E+01 -0.102730E+03 +0.162437E+03 -0.827201E+02 +0.263065E+02 +0.296704E+02 +0.000000E+00 +0.000000E+00 +0.258647E-02 -0.207151E-02 +0.000000E+00 +0.112747E-02 +0.000000E+00 +0.000000E+00
 +0.148320E+01 -0.102740E+03 +0.162526E+03 -0.827060E+02 +0.263406E+02 +0.295551E+02 +0.000000E+00 +0.000000E+00 +0.258752E-02 -0.207188E-02 +0.000000E+00 +0.112309E-02 +0.000000E+00 +0.000000E+00
 +0.148320E+01 -0.102750E+03 +0.162620E+03 -0.826793E+02 +0.263804E+02 +0.294379E+02 +0.000000E+00 +0.000000E+00 +0.258855E-02 -0.207214E-02 +0.000000E+00 +0.111864E-02 +0.000000E+00 +0.000000E+00
 +0.148320E+01 -0.102760E+03 +0.162722E+03 -0.826317E+02 +0.264300E+02 +0.293174E+02 +0.000000E+00 +0.000000E+00 +0.258956E-02 -0.207217E-02 +0.000000E+00 +0.111406E-02 +0.000000E+00 +0.000000E+00
 +0.148320E+01 -0.102770E+03 +0.162825E+03 -0.825840E+02 +0.264795E+02 +0.291969E+02 +0.000000E+00 +0.000000E+00 +0.259056E-02 -0.207221E-02 +0.000000E+00 +0.110948E-02 +0.000000E+00 +0.000000E+00
 +0.148320E+01 -0.102780E+03 +0.162926E+03 -0.825491E+02 +0.265245E+02 +0.290673E+02 +0.000000E+00 +0.000000E+00 +0.259163E-02 -0.207240E-02 +0.000000E+00 +0.110456E-02 +0.000000E+00 +0.000000E+00
 +0.148320E+01 -0.102790E+03 +0.163027E+03 -0.825191E+02 +0.265677E+02 +0.289342E+02 +0.000000E+00 +0.000000E+00 +0.259273E-02 -0.207265E-02 +0.000000E+00 +0.109950E-02 +0.000000E+00 +0.000000E+00
 +0.148320E+01 -0.102800E+03 +0.163128E+03 -0.824891E+02 +0.266110E+02 +0.288011E+02 +0.000000E+00 +0.000000E+00 +0.259383E-02 -0.207290E-02 +0.000000E+00 +0.109444E-02 +0.000000E+00 +0.000000E+00
 +0.148320E+01 -0.102810E+03 +0.163230E+03 -0.824592E+02 +0.266542E+02 +0.286680E+02 +0.000000E+00 +0.000000E+00 +0.259493E-02 -0.207315E-02 +0.000000E+00 +0.108938E-02 +0.000000E+00 +0.000000E+00
 +0.148320E+01 -0.102820E+03 +0.163331E+03 -0.824292E+02 +0.266975E+02 +0.285349E+02 +0.000000E+00 +0.000000E+00 +0.259603E-02 -0.207341E-02 +0.000000E+00 +0.108433E-02 +0.000000E+00 +0.000000E+00
 +0.148320E+01 -0.102830E+03 +0.163427E+03 -0.823960E+02 +0.267401E+02 +0.284113E+02 +0.000000E+00 +0.000000E+00 +0.259705E-02 -0.207359E-02 +0.000000E+00 +0.107963E-02 +0.000000E+00 +0.000000E+00
 +0.148320E+01 -0.102840E+03 +0.163515E+03 -0.823577E+02 +0.267818E+02 +0.283032E+02 +0.000000E+00 +0.000000E+00 +0.259792E-02 -0.207365E-02 +0.000000E+00 +0.107552E-02 +0.000000E+00 +0.000000E+00
 +0.148320E+01 -0.102850E+03 +0.163603E+03 -0.823194E+02 +0.268235E+02 +0.281952E+02 +0.000000E+00 +0.000000E+00 +0.259880E-02 -0.207371E-02 +0.000000E+00 +0.107142E-02 +0.000000E+00 +0.000000E+00
 +0.148320E+01 -0.102860E+03 +0.163691E+03 -0.822810E+02 +0.268652E+02 +0.280872E+02 +0.000000E+00 +0.000000E+00 +0.259968E-02 -0.207378E-02 +0.000000E+00 +0.106731E-02 +0.000000E+00 +0.000000E+00
 +0.148320E+01 -0.102870E+03 +0.163779E+03 -0.822427E+02 +0.269069E+02 +0.279792E+02 +0.000000E+00 +0.000000E+00 +0.260056E-02 -0.207384E-02 +0.000000E+00 +0.106321E-02 +0.000000E+00 +0.000000E+00
 +0.148320E+01 -0.102880E+03 +0.163867E+03 -0.822044E+02 +0.269485E+02 +0.278711E+02 +0.000000E+00 +0.000000E+00 +0.260144E-02 -0.207391E-02 +0.000000E+00 +0.105910E-02 +0.000000E+00 +0.000000E+00
 +0.148320E+01 -0.102890E+03 +0.163956E+03 -0.821636E+02 +0.269914E+02 +0.277616E+02 +0.000000E+00 +0.000000E+00 +0.260232E-02 -0.207395E-02 +0.000000E+00 +0.105494E-02 +0.000000E+00 +0.000000E+00
 +0.148320E+01 -0.102900E+03 +0.164051E+03 -0.821101E+02 +0.270405E+02 +0.276443E+02 +0.000000E+00 +0.000000E+00 +0.260320E-02 -0.207386E-02 +0.000000E+00 +0.105048E-02 +0.000000E+00 +0.000000E+00
 +0.148320E+01 -0.102910E+03 +0.164146E+03 -0.820566E+02 +0.270896E+02 +0.275270E+02 +0.000000E+00 +0.000000E+00 +0.260408E-02 -0.207378E-02 +0.000000E+00 +0.104602E-02 +0.000000E+00 +0.000000E+00
 +0.148320E+01 -0.102920E+03 +0.164219E+03 -0.820172E+02 +0.271267E+02 +0.274118E+02 +0.000000E+00 +0.000000E+00 +0.260476E-02 -0.207374E-02 +0.000000E+00 +0.104165E-02 +0.000000E+00 +0.000000E+00
 +0.148320E+01 -0.102930E+03 +0.164287E+03 -0.819812E+02 +0.271610E+02 +0.272972E+02 +0.000000E+00 +0.000000E+00 +0.260540E-02 -0.207370E-02 +0.000000E+00 +0.103729E-02 +0.000000E+00 +0.000000E+00
 +0.148320E+01 -0.102940E+03 +0.164370E+03 -0.819409E+02 +0.272016E+02 +0.271843E+02 +0.000000E+00 +0.000000E+00 +0.260620E-02 -0.207371E-02 +0.000000E+00 +0.103300E-02 +0.000000E+00 +0.000000E+00
 +0.148320E+01 -0.102950E+03 +0.164464E+03 -0.818977E+02 +0.272467E+02 +0.270726E+02 +0.000000E+00 +0.000000E+00 +0.260712E-02 -0.207374E-02 +0.000000E+00 +0.102876E-02 +0.000000E+00 +0.000000E+00
 +0.148320E+01 -0.102960E+03 +0.164557E+03 -0.818544E+02 +0.272918E+02 +0.269608E+02 +0.000000E+00 +0.000000E+00 +0.260804E-02 -0.207378E-02 +0.000000E+00 +0.102451E-02 +0.000000E+00 +0.000000E+00
 +0.148320E+01 -0.102970E+03 +0.164650E+03 -0.818112E+02 +0.273369E+02 +0.268491E+02 +0.000000E+00 +0.000000E+00 +0.260896E-02 -0.207381E-02 +0.000000E+00 +0.102027E-02 +0.000000E+00 +0.000000E+00
 +0.148320E+01 -0.102980E+03 +0.164744E+03 -0.817680E+02 +0.273820E+02 +0.267374E+02 +0.000000E+00 +0.000000E+00 +0.260987E-02 -0.207385E-02 +0.000000E+00 +0.101602E-02 +0.000000E+00 +0.000000E+00
 +0.148320E+01 -0.102990E+03 +0.164837E+03 -0.817247E+02 +0.274271E+02 +0.266256E+02 +0.000000E+00 +0.000000E+00 +0.261079E-02 -0.207389E-02 +0.000000E+00 +0.101177E-02 +0.000000E+00 +0.000000E+00
 +0.148320E+01 -0.103000E+03 +0.164932E+03 -0.816784E+02 +0.274736E+02 +0.265137E+02 +0.000000E+00 +0.000000E+00 +0.261170E-02 -0.207389E-02 +0.000000E+00 +0.100752E-02 +0.000000E+00 +0.000000E+00
 +0.148320E+01 -0.103010E+03 +0.165031E+03 -0.816167E+02 +0.275268E+02 +0.264008E+02 +0.000000E+00 +0.000000E+00 +0.261259E-02 -0.207373E-02 +0.000000E+00 +0.100323E-02 +0.000000E+00 +0.000000E+00
 +0.148320E+01 -0.103020E+03 +0.165131E+03 -0.815551E+02 +0.275800E+02 +0.262879E+02 +0.000000E+00 +0.000000E+00 +0.261347E-02 -0.207357E-02 +0.000000E+00 +0.998940E-03 +0.000000E+00 +0.000000E+00
 +0.148320E+01 -0.103030E+03 +0.165231E+03 -0.814935E+02 +0.276332E+02 +0.261750E+02 +0.000000E+00 +0.000000E+00 +0.261435E-02 -0.207341E-02 +0.000000E+00 +0.994650E-03 +0.000000E+00 +0.000000E+00
 +0.148320E+01 -0.103040E+03 +0.165330E+03 -0.814319E+02 +0.276864E+02 +0.260621E+02 +0.000000E+00 +0.000000E+00 +0.261523E-02 -0.207325E-02 +0.000000E+00 +0.990360E-03 +0.000000E+00 +0.000000E+00
 +0.148320E+01 -0.103050E+03 +0.165430E+03 -0.813703E+02 +0.277397E+02 +0.259492E+02 +0.000000E+00 +0.000000E+00 +0.261611E-02 -0.207309E-02 +0.000000E+00 +0.986070E-03 +0.000000E+00 +0.000000E+00
 +0.148320E+01 -0.103060E+03 +0.165522E+03 -0.812718E+02 +0.278026E+02 +0.258460E+02 +0.000000E+00 +0.000000E+00 +0.261667E-02 -0.207241E-02 +0.000000E+00 +0.982150E-03 +0.000000E+00 +0.000000E+00
 +0.148320E+01 -0.103070E+03 +0.165613E+03 -0.811671E+02 +0.278672E+02 +0.257445E+02 +0.000000E+00 +0.000000E+00 +0.261717E-02 -0.207165E-02 +0.000000E+00 +0.978292E-03 +0.000000E+00 +0.000000E+00
 +0.148320E+01 -0.103080E+03 +0.165704E+03 -0.810625E+02 +0.279317E+02 +0.256430E+02 +0.000000E+00 +0.000000E+00 +0.261767E-02 -0.207089E-02 +0.000000E+00 +0.974434E-03 +0.000000E+00 +0.000000E+00
 +0.148320E+01 -0.103090E+03 +0.165775E+03 -0.810111E+02 +0.279722E+02 +0.255473E+02 +0.000000E+00 +0.000000E+00 +0.261826E-02 -0.207068E-02 +0.000000E+00 +0.970796E-03 +0.000000E+00 +0.000000E+00
 +0.148320E+01 -0.103100E+03 +0.165843E+03 -0.809700E+02 +0.280081E+02 +0.254526E+02 +0.000000E+00 +0.000000E+00 +0.261886E-02 -0.207058E-02 +0.000000E+00 +0.967199E-03 +0.000000E+00 +0.000000E+00
 +0.148320E+01 -0.103110E+03 +0.165911E+03 -0.809288E+02 +0.280440E+02 +0.253580E+02 +0.000000E+00 +0.000000E+00 +0.261947E-02 -0.207048E-02 +0.000000E+00 +0.963602E-03 +0.000000E+00 +0.000000E+00
 +0.148320E+01 -0.103120E+03 +0.165978E+03 -0.808877E+02 +0.280799E+02 +0.252633E+02 +0.000000E+00 +0.000000E+00 +0.262007E-02 -0.207038E-02 +0.000000E+00 +0.960005E-03 +0.000000E+00 +0.000000E+00
 +0.148320E+01 -0.103130E+03 +0.166046E+03 -0.808466E+02 +0.281158E+02 +0.251687E+02 +0.000000E+00 +0.000000E+00 +0.262067E-02 -0.207029E-02 +0.000000E+00 +0.956409E-03 +0.000000E+00 +0.000000E+00
 +0.148320E+01 -0.103140E+03 +0.166114E+03 -0.808054E+02 +0.281517E+02 +0.250740E+02 +0.000000E+00 +0.000000E+00 +0.262128E-02 -0.207019E-02 +0.000000E+00 +0.952812E-03 +0.000000E+00 +0.000000E+00
 +0.148320E+01 -0.103150E+03 +0.166181E+03 -0.807643E+02 +0.281876E+02 +0.249793E+02 +0.000000E+00 +0.000000E+00 +0.262188E-02 -0.207009E-02 +0.000000E+00 +0.949215E-03 +0.000000E+00 +0.000000E+00
 +0.148320E+01 -0.103160E+03 +0.166249E+03 -0.807231E+02 +0.282235E+02 +0.248847E+02 +0.000000E+00 +0.000000E+00 +0.262248E-02 -0.206999E-02 +0.000000E+00 +0.945618E-03 +0.000000E+00 +0.000000E+00
 +0.148320E+01 -0.103170E+03 +0.166336E+03 -0.806794E+02 +0.282666E+02 +0.247776E+02 +0.000000E+00 +0.000000E+00 +0.262331E-02 -0.206997E-02 +0.000000E+00 +0.941549E-03 +0.000000E+00 +0.000000E+00
 +0.148320E+01 -0.103180E+03 +0.166449E+03 -0.806319E+02 +0.283197E+02 +0.246530E+02 +0.000000E+00 +0.000000E+00 +0.262446E-02 -0.207008E-02 +0.000000E+00 +0.936814E-03 +0.000000E+00 +0.000000E+00
 +0.148320E+01 -0.103190E+03 +0.166563E+03 -0.805845E+02 +0.283727E+02 +0.245284E+02 +0.000000E+00 +0.000000E+00 +0.262561E-02 -0.207019E-02 +0.000000E+00 +0.932079E-03 +0.000000E+00 +0.000000E+00
 +0.148320E+01 -0.103200E+03 +0.166651E+03 -0.805341E+02 +0.284185E+02 +0.244213E+02 +0.000000E+00 +0.000000E+00 +0.262641E-02 -0.207010E-02 +0.000000E+00 +0.928008E-03 +0.000000E+00 +0.000000E+00
 +0.148320E+01 -0.103210E+03 +0.166724E+03 -0.804819E+02 +0.284601E+02 +0.243242E+02 +0.000000E+00 +0.000000E+00 +0.262702E-02 -0.206990E-02 +0.000000E+00 +0.924320E-03 +0.000000E+00 +0.000000E+00
 +0.148320E+01 -0.103220E+03 +0.166798E+03 -0.804296E+02 +0.285016E+02 +0.242271E+02 +0.000000E+00 +0.000000E+00 +0.262763E-02 -0.206969E-02 +0.000000E+00 +0.920632E-03 +0.000000E+00 +0.000000E+00
 +0.148320E+01 -0.103230E+03 +0.166872E+03 -0.803774E+02 +0.285431E+02 +0.241301E+02 +0.000000E+00 +0.000000E+00 +0.262824E-02 -0.206949E-02 +0.000000E+00 +0.916943E-03 +0.000000E+00 +0.000000E+00
 +0.148320E+01 -0.103240E+03 +0.166945E+03 -0.803252E+02 +0.285847E+02 +0.240330E+02 +0.000000E+00 +0.000000E+00 +0.262886E-02 -0.206929E-02 +0.000000E+00 +0.913255E-03 +0.000000E+00 +0.000000E+00
 +0.148320E+01 -0.103250E+03 +0.167019E+03 -0.802730E+02 +0.286262E+02 +0.239360E+02 +0.000000E+00 +0.000000E+00 +0.262947E-02 -0.206909E-02 +0.000000E+00 +0.909567E-03 +0.000000E+00 +0.000000E+00
 +0.148320E+01 -0.103260E+03 +0.167093E+03 -0.802208E+02 +0.286678E+02 +0.238389E+02 +0.000000E+00 +0.000000E+00 +0.263008E-02 -0.206888E-02 +0.000000E+00 +0.905879E-03 +0.000000E+00 +0.000000E+00
 +0.148320E+01 -0.103270E+03 +0.167167E+03 -0.801686E+02 +0.287093E+02 +0.237419E+02 +0.000000E+00 +0.000000E+00 +0.263069E-02 -0.206868E-02 +0.000000E+00 +0.902191E-03 +0.000000E+00 +0.000000E+00
 +0.148320E+01 -0.103280E+03 +0.167240E+03 -0.801164E+02 +0.287509E+02 +0.236448E+02 +0.000000E+00 +0.000000E+00 +0.263130E-02 -0.206848E-02 +0.000000E+00 +0.898503E-03 +0.000000E+00 +0.000000E+00
 +0.148320E+01 -0.103290E+03 +0.167314E+03 -0.800661E+02 +0.287918E+02 +0.235469E+02 +0.000000E+00 +0.000000E+00 +0.263192E-02 -0.206830E-02 +0.000000E+00 +0.894784E-03 +0.000000E+00 +0.000000E+00
 +0.148320E+01 -0.103300E+03 +0.167389E+03 -0.800275E+02 +0.288292E+02 +0.234440E+02 +0.000000E+00 +0.000000E+00 +0.263263E-02 -0.206828E-02 +0.000000E+00 +0.890874E-03 +0.000000E+00 +0.000000E+00
 +0.148320E+01 -0.103310E+03 +0.167463E+03 -0.799890E+02 +0.288666E+02 +0.233411E+02 +0.000000E+00 +0.000000E+00 +0.263334E-02 -0.206826E-02 +0.000000E+00 +0.886963E-03 +0.000000E+00 +0.000000E+00
 +0.148320E+01 -0.103320E+03 +0.167538E+03 -0.799505E+02 +0.289039E+02 +0.232382E+02 +0.000000E+00 +0.000000E+00 +0.263405E-02 -0.206823E-02 +0.000000E+00 +0.883053E-03 +0.000000E+00 +0.000000E+00
 +0.148320E+01 -0.103330E+03 +0.167613E+03 -0.799119E+02 +0.289413E+02 +0.231353E+02 +0.000000E+00 +0.000000E+00 +0.263476E-02 -0.206821E-02 +0.000000E+00 +0.879142E-03 +0.000000E+00 +0.000000E+00
 +0.148320E+01 -0.103340E+03 +0.167688E+03 -0.798734E+02 +0.289786E+02 +0.230324E+02 +0.000000E+00 +0.000000E+00 +0.263547E-02 -0.206819E-02 +0.000000E+00 +0.875232E-03 +0.000000E+00 +0.000000E+00
 +0.148320E+01 -0.103350E+03 +0.167758E+03 -0.798337E+02 +0.290149E+02 +0.229370E+02 +0.000000E+00 +0.000000E+00 +0.263611E-02 -0.206812E-02 +0.000000E+00 +0.871607E-03 +0.000000E+00 +0.000000E+00
 +0.148320E+01 -0.103360E+03 +0.167824E+03 -0.797930E+02 +0.290502E+02 +0.228480E+02 +0.000000E+00 +0.000000E+00 +0.263670E-02 -0.206802E-02 +0.000000E+00 +0.868224E-03 +0.000000E+00 +0.000000E+00
 +0.148320E+01 -0.103370E+03 +0.167890E+03 -0.797523E+02 +0.290855E+02 +0.227590E+02 +0.000000E+00 +0.000000E+00 +0.263729E-02 -0.206792E-02 +0.000000E+00 +0.864840E-03 +0.000000E+00 +0.000000E+00
 +0.148320E+01 -0.103380E+03 +0.167952E+03 -0.796983E+02 +0.291238E+02 +0.226612E+02 +0.000000E+00 +0.000000E+00 +0.263774E-02 -0.206762E-02 +0.000000E+00 +0.861127E-03 +0.000000E+00 +0.000000E+00
 +0.148320E+01 -0.103390E+03 +0.168013E+03 -0.796379E+02 +0.291637E+02 +0.225594E+02 +0.000000E+00 +0.000000E+00 +0.263813E-02 -0.206723E-02 +0.000000E+00 +0.857257E-03 +0.000000E+00 +0.000000E+00
 +0.148320E+01 -0.103400E+03 +0.168073E+03 -0.795775E+02 +0.292035E+02 +0.224575E+02 +0.000000E+00 +0.000000E+00 +0.263852E-02 -0.206684E-02 +0.000000E+00 +0.853387E-03 +0.000000E+00 +0.000000E+00
 +0.148320E+01 -0.103410E+03 +0.168133E+03 -0.795171E+02 +0.292434E+02 +0.223557E+02 +0.000000E+00 +0.000000E+00 +0.263891E-02 -0.206645E-02 +0.000000E+00 +0.849517E-03 +0.000000E+00 +0.000000E+00
 +0.148320E+01 -0.103420E+03 +0.168194E+03 -0.794568E+02 +0.292832E+02 +0.222539E+02 +0.000000E+00 +0.000000E+00 +0.263930E-02 -0.206606E-02 +0.000000E+00 +0.845646E-03 +0.000000E+00 +0.000000E+00
 +0.148320E+01 -0.103430E+03 +0.168254E+03 -0.793964E+02 +0.293231E+02 +0.221520E+02 +0.000000E+00 +0.000000E+00 +0.263969E-02 -0.206567E-02 +0.000000E+00 +0.841776E-03 +0.000000E+00 +0.000000E+00
 +0.148320E+01 -0.103440E+03 +0.168315E+03 -0.793360E+02 +0.293629E+02 +0.220502E+02 +0.000000E+00 +0.000000E+00 +0.264008E-02 -0.206528E-02 +0.000000E+00 +0.837906E-03 +0.000000E+00 +0.000000E+00
 +0.148320E+01 -0.103450E+03 +0.168375E+03 -0.792756E+02 +0.294028E+02 +0.219483E+02 +0.000000E+00 +0.000000E+00 +0.264047E-02 -0.206489E-02 +0.000000E+00 +0.834036E-03 +0.000000E+00 +0.000000E+00
 +0.148320E+01 -0.103460E+03 +0.168435E+03 -0.792153E+02 +0.294427E+02 +0.218465E+02 +0.000000E+00 +0.000000E+00 +0.264086E-02 -0.206450E-02 +0.000000E+00 +0.830166E-03 +0.000000E+00 +0.000000E+00
 +0.148320E+01 -0.103470E+03 +0.168496E+03 -0.791549E+02 +0.294825E+02 +0.217446E+02 +0.000000E+00 +0.000000E+00 +0.264125E-02 -0.206411E-02 +0.000000E+00 +0.826296E-03 +0.000000E+00 +0.000000E+00
 +0.148320E+01 -0.103480E+03 +0.168556E+03 -0.790945E+02 +0.295224E+02 +0.216428E+02 +0.000000E+00 +0.000000E+00 +0.264164E-02 -0.206372E-02 +0.000000E+00 +0.822426E-03 +0.000000E+00 +0.000000E+00
 +0.148320E+01 -0.103490E+03 +0.168617E+03 -0.790342E+02 +0.295622E+02 +0.215409E+02 +0.000000E+00 +0.000000E+00 +0.264203E-02 -0.206333E-02 +0.000000E+00 +0.818556E-03 +0.000000E+00 +0.000000E+00
 +0.148320E+01 -0.103500E+03 +0.168677E+03 -0.789731E+02 +0.296022E+02 +0.214401E+02 +0.000000E+00 +0.000000E+00 +0.264242E-02 -0.206293E-02 +0.000000E+00 +0.814722E-03 +0.000000E+00 +0.000000E+00
 +0.148320E+01 -0.103510E+03 +0.168734E+03 -0.789018E+02 +0.296446E+02 +0.213548E+02 +0.000000E+00 +0.000000E+00 +0.264270E-02 -0.206238E-02 +0.000000E+00 +0.811482E-03 +0.000000E+00 +0.000000E+00
 +0.148320E+01 -0.103520E+03 +0.168791E+03 -0.788305E+02 +0.296870E+02 +0.212695E+02 +0.000000E+00 +0.000000E+00 +0.264298E-02 -0.206183E-02 +0.000000E+00 +0.808241E-03 +0.000000E+00 +0.000000E+00
 +0.148320E+01 -0.103530E+03 +0.168848E+03 -0.787591E+02 +0.297294E+02 +0.211842E+02 +0.000000E+00 +0.000000E+00 +0.264326E-02 -0.206128E-02 +0.000000E+00 +0.805001E-03 +0.000000E+00 +0.000000E+00
 +0.148320E+01 -0.103540E+03 +0.168905E+03 -0.786878E+02 +0.297718E+02 +0.210990E+02 +0.000000E+00 +0.000000E+00 +0.264354E-02 -0.206073E-02 +0.000000E+00 +0.801761E-03 +0.000000E+00 +0.000000E+00
 +0.148320E+01 -0.103550E+03 +0.168963E+03 -0.786165E+02 +0.298142E+02 +0.210137E+02 +0.000000E+00 +0.000000E+00 +0.264382E-02 -0.206018E-02 +0.000000E+00 +0.798520E-03 +0.000000E+00 +0.000000E+00
 +0.148320E+01 -0.103560E+03 +0.169020E+03 -0.785451E+02 +0.298566E+02 +0.209284E+02 +0.000000E+00 +0.000000E+00 +0.264410E-02 -0.205963E-02 +0.000000E+00 +0.795280E-03 +0.000000E+00 +0.000000E+00
 +0.148320E+01 -0.103570E+03 +0.169077E+03 -0.784738E+02 +0.298990E+02 +0.208432E+02 +0.000000E+00 +0.000000E+00 +0.264438E-02 -0.205908E-02 +0.000000E+00 +0.792040E-03 +0.000000E+00 +0.000000E+00
 +0.148320E+01 -0.103580E+03 +0.169134E+03 -0.784025E+02 +0.299415E+02 +0.207579E+02 +0.000000E+00 +0.000000E+00 +0.264466E-02 -0.205853E-02 +0.000000E+00 +0.788799E-03 +0.000000E+00 +0.000000E+00
 +0.148320E+01 -0.103590E+03 +0.169191E+03 -0.783311E+02 +0.299839E+02 +0.206726E+02 +0.000000E+00 +0.000000E+00 +0.264494E-02 -0.205799E-02 +0.000000E+00 +0.785559E-03 +0.000000E+00 +0.000000E+00
 +0.148320E+01 -0.103600E+03 +0.169248E+03 -0.782598E+02 +0.300263E+02 +0.205873E+02 +0.000000E+00 +0.000000E+00 +0.264522E-02 -0.205744E-02 +0.000000E+00 +0.782319E-03 +0.000000E+00 +0.000000E+00
 +0.148320E+01 -0.103610E+03 +0.169306E+03 -0.781885E+02 +0.300687E+02 +0.205021E+02 +0.000000E+00 +0.000000E+00 +0.264550E-02 -0.205689E-02 +0.000000E+00 +0.779078E-03 +0.000000E+00 +0.000000E+00
 +0.148320E+01 -0.103620E+03 +0.169363E+03 -0.781171E+02 +0.301111E+02 +0.204168E+02 +0.000000E+00 +0.000000E+00 +0.264578E-02 -0.205634E-02 +0.000000E+00 +0.775838E-03 +0.000000E+00 +0.000000E+00
 +0.148320E+01 -0.103630E+03 +0.169420E+03 -0.780458E+02 +0.301535E+02 +0.203315E+02 +0.000000E+00 +0.000000E+00 +0.264606E-02 -0.205579E-02 +0.000000E+00 +0.772598E-03 +0.000000E+00 +0.000000E+00
 +0.148320E+01 -0.103640E+03 +0.169477E+03 -0.779745E+02 +0.301959E+02 +0.202462E+02 +0.000000E+00 +0.000000E+00 +0.264634E-02 -0.205524E-02 +0.000000E+00 +0.769357E-03 +0.000000E+00 +0.000000E+00
 +0.148320E+01 -0.103650E+03 +0.169531E+03 -0.778947E+02 +0.302401E+02 +0.201556E+02 +0.000000E+00 +0.000000E+00 +0.264653E-02 -0.205456E-02 +0.000000E+00 +0.765912E-03 +0.000000E+00 +0.000000E+00
 +0.148320E+01 -0.103660E+03 +0.169583E+03 -0.778068E+02 +0.302861E+02 +0.200596E+02 +0.000000E+00 +0.000000E+00 +0.264664E-02 -0.205376E-02 +0.000000E+00 +0.762266E-03 +0.000000E+00 +0.000000E+00
 +0.148320E+01 -0.103670E+03 +0.169632E+03 -0.777183E+02 +0.303314E+02 +0.199767E+02 +0.000000E+00 +0.000000E+00 +0.264671E-02 -0.205295E-02 +0.000000E+00 +0.759114E-03 +0.000000E+00 +0.000000E+00
 +0.148320E+01 -0.103680E+03 +0.169681E+03 -0.776309E+02 +0.303764E+02 +0.198964E+02 +0.000000E+00 +0.000000E+00 +0.264678E-02 -0.205214E-02 +0.000000E+00 +0.756062E-03 +0.000000E+00 +0.000000E+00
 +0.148320E+01 -0.103690E+03 +0.169737E+03 -0.775599E+02 +0.304183E+02 +0.198073E+02 +0.000000E+00 +0.000000E+00 +0.264705E-02 -0.205159E-02 +0.000000E+00 +0.752677E-03 +0.000000E+00 +0.000000E+00
 +0.148320E+01 -0.103700E+03 +0.169793E+03 -0.774889E+02 +0.304602E+02 +0.197182E+02 +0.000000E+00 +0.000000E+00 +0.264731E-02 -0.205103E-02 +0.000000E+00 +0.749291E-03 +0.000000E+00 +0.000000E+00
 +0.148320E+01 -0.103710E+03 +0.169849E+03 -0.774179E+02 +0.305021E+02 +0.196291E+02 +0.000000E+00 +0.000000E+00 +0.264758E-02 -0.205048E-02 +0.000000E+00 +0.745906E-03 +0.000000E+00 +0.000000E+00
 +0.148320E+01 -0.103720E+03 +0.169904E+03 -0.773469E+02 +0.305440E+02 +0.195400E+02 +0.000000E+00 +0.000000E+00 +0.264785E-02 -0.204993E-02 +0.000000E+00 +0.742521E-03 +0.000000E+00 +0.000000E+00
 +0.148320E+01 -0.103730E+03 +0.169960E+03 -0.772759E+02 +0.305859E+02 +0.194509E+02 +0.000000E+00 +0.000000E+00 +0.264812E-02 -0.204937E-02 +0.000000E+00 +0.739136E-03 +0.000000E+00 +0.000000E+00
 +0.148320E+01 -0.103740E+03 +0.170016E+03 -0.772050E+02 +0.306278E+02 +0.193619E+02 +0.000000E+00 +0.000000E+00 +0.264838E-02 -0.204882E-02 +0.000000E+00 +0.735750E-03 +0.000000E+00 +0.000000E+00
 +0.148320E+01 -0.103750E+03 +0.170072E+03 -0.771340E+02 +0.306697E+02 +0.192728E+02 +0.000000E+00 +0.000000E+00 +0.264865E-02 -0.204827E-02 +0.000000E+00 +0.732365E-03 +0.000000E+00 +0.000000E+00
 +0.148320E+01 -0.103760E+03 +0.170128E+03 -0.770630E+02 +0.307116E+02 +0.191837E+02 +0.000000E+00 +0.000000E+00 +0.264892E-02 -0.204772E-02 +0.000000E+00 +0.728980E-03 +0.000000E+00 +0.000000E+00
 +0.148320E+01 -0.103770E+03 +0.170184E+03 -0.769920E+02 +0.307535E+02 +0.190946E+02 +0.000000E+00 +0.000000E+00 +0.264919E-02 -0.204716E-02 +0.000000E+00 +0.725595E-03 +0.000000E+00 +0.000000E+00
 +0.148320E+01 -0.103780E+03 +0.170240E+03 -0.769210E+02 +0.307954E+02 +0.190055E+02 +0.000000E+00 +0.000000E+00 +0.264945E-02 -0.204661E-02 +0.000000E+00 +0.722209E-03 +0.000000E+00 +0.000000E+00
 +0.148320E+01 -0.103790E+03 +0.170296E+03 -0.768500E+02 +0.308373E+02 +0.189164E+02 +0.000000E+00 +0.000000E+00 +0.264972E-02 -0.204606E-02 +0.000000E+00 +0.718824E-03 +0.000000E+00 +0.000000E+00
 +0.148320E+01 -0.103800E+03 +0.170352E+03 -0.767790E+02 +0.308792E+02 +0.188273E+02 +0.000000E+00 +0.000000E+00 +0.264999E-02 -0.204551E-02 +0.000000E+00 +0.715439E-03 +0.000000E+00 +0.000000E+00
 +0.148320E+01 -0.103810E+03 +0.170408E+03 -0.767080E+02 +0.309210E+02 +0.187383E+02 +0.000000E+00 +0.000000E+00 +0.265026E-02 -0.204495E-02 +0.000000E+00 +0.712054E-03 +0.000000E+00 +0.000000E+00
 +0.148320E+01 -0.103820E+03 +0.170464E+03 -0.766370E+02 +0.309629E+02 +0.186492E+02 +0.000000E+00 +0.000000E+00 +0.265052E-02 -0.204440E-02 +0.000000E+00 +0.708668E-03 +0.000000E+00 +0.000000E+00
 +0.148320E+01 -0.103830E+03 +0.170520E+03 -0.765660E+02 +0.310048E+02 +0.185601E+02 +0.000000E+00 +0.000000E+00 +0.265079E-02 -0.204385E-02 +0.000000E+00 +0.705283E-03 +0.000000E+00 +0.000000E+00
 +0.148320E+01 -0.103840E+03 +0.170576E+03 -0.764948E+02 +0.310467E+02 +0.184790E+02 +0.000000E+00 +0.000000E+00 +0.265105E-02 -0.204329E-02 +0.000000E+00 +0.702201E-03 +0.000000E+00 +0.000000E+00
 +0.148320E+01 -0.103850E+03 +0.170631E+03 -0.764233E+02 +0.310886E+02 +0.184082E+02 +0.000000E+00 +0.000000E+00 +0.265131E-02 -0.204273E-02 +0.000000E+00 +0.699512E-03 +0.000000E+00 +0.000000E+00
 +0.148320E+01 -0.103860E+03 +0.170687E+03 -0.763518E+02 +0.311305E+02 +0.183374E+02 +0.000000E+00 +0.000000E+00 +0.265157E-02 -0.204216E-02 +0.000000E+00 +0.696823E-03 +0.000000E+00 +0.000000E+00
 +0.148320E+01 -0.103870E+03 +0.170742E+03 -0.762802E+02 +0.311724E+02 +0.182667E+02 +0.000000E+00 +0.000000E+00 +0.265182E-02 -0.204160E-02 +0.000000E+00 +0.694134E-03 +0.000000E+00 +0.000000E+00
 +0.148320E+01 -0.103880E+03 +0.170797E+03 -0.762087E+02 +0.312143E+02 +0.181959E+02 +0.000000E+00 +0.000000E+00 +0.265208E-02 -0.204104E-02 +0.000000E+00 +0.691445E-03 +0.000000E+00 +0.000000E+00
 +0.148320E+01 -0.103890E+03 +0.170853E+03 -0.761372E+02 +0.312562E+02 +0.181252E+02 +0.000000E+00 +0.000000E+00 +0.265234E-02 -0.204047E-02 +0.000000E+00 +0.688756E-03 +0.000000E+00 +0.000000E+00
 +0.148320E+01 -0.103900E+03 +0.170908E+03 -0.760657E+02 +0.312980E+02 +0.180544E+02 +0.000000E+00 +0.000000E+00 +0.265259E-02 -0.203991E-02 +0.000000E+00 +0.686067E-03 +0.000000E+00 +0.000000E+00
 +0.148320E+01 -0.103910E+03 +0.170964E+03 -0.759942E+02 +0.313399E+02 +0.179836E+02 +0.000000E+00 +0.000000E+00 +0.265285E-02 -0.203935E-02 +0.000000E+00 +0.683378E-03 +0.000000E+00 +0.000000E+00
 +0.148320E+01 -0.103920E+03 +0.171019E+03 -0.759226E+02 +0.313818E+02 +0.179129E+02 +0.000000E+00 +0.000000E+00 +0.265311E-02 -0.203878E-02 +0.000000E+00 +0.680689E-03 +0.000000E+00 +0.000000E+00
 +0.148320E+01 -0.103930E+03 +0.171074E+03 -0.758511E+02 +0.314237E+02 +0.178421E+02 +0.000000E+00 +0.000000E+00 +0.265336E-02 -0.203822E-02 +0.000000E+00 +0.678000E-03 +0.000000E+00 +0.000000E+00
 +0.148320E+01 -0.103940E+03 +0.171130E+03 -0.757796E+02 +0.314656E+02 +0.177713E+02 +0.000000E+00 +0.000000E+00 +0.265362E-02 -0.203766E-02 +0.000000E+00 +0.675311E-03 +0.000000E+00 +0.000000E+00
 +0.148320E+01 -0.103950E+03 +0.171185E+03 -0.757081E+02 +0.315075E+02 +0.177006E+02 +0.000000E+00 +0.000000E+00 +0.265388E-02 -0.203709E-02 +0.000000E+00 +0.672622E-03 +0.000000E+00 +0.000000E+00
 +0.148320E+01 -0.103960E+03 +0.171241E+03 -0.756365E+02 +0.315493E+02 +0.176298E+02 +0.000000E+00 +0.000000E+00 +0.265413E-02 -0.203653E-02 +0.000000E+00 +0.669933E-03 +0.000000E+00 +0.000000E+00
 +0.148320E+01 -0.103970E+03 +0.171296E+03 -0.755650E+02 +0.315912E+02 +0.175590E+02 +0.000000E+00 +0.000000E+00 +0.265439E-02 -0.203597E-02 +0.000000E+00 +0.667244E-03 +0.000000E+00 +0.000000E+00
 +0.148320E+01 -0.103980E+03 +0.171351E+03 -0.754935E+02 +0.316331E+02 +0.174883E+02 +0.000000E+00 +0.000000E+00 +0.265465E-02 -0.203541E-02 +0.000000E+00 +0.664555E-03 +0.000000E+00 +0.000000E+00
 +0.148320E+01 -0.103990E+03 +0.171407E+03 -0.754220E+02 +0.316750E+02 +0.174175E+02 +0.000000E+00 +0.000000E+00 +0.265490E-02 -0.203484E-02 +0.000000E+00 +0.661866E-03 +0.000000E+00 +0.000000E+00
 +0.148320E+01 -0.104000E+03 +0.171462E+03 -0.753504E+02 +0.317169E+02 +0.173468E+02 +0.000000E+00 +0.000000E+00 +0.265516E-02 -0.203428E-02 +0.000000E+00 +0.659177E-03 +0.000000E+00 +0.000000E+00
 +0.148320E+01 -0.104010E+03 +0.171518E+03 -0.752789E+02 +0.317588E+02 +0.172760E+02 +0.000000E+00 +0.000000E+00 +0.265542E-02 -0.203372E-02 +0.000000E+00 +0.656488E-03 +0.000000E+00 +0.000000E+00
 +0.148320E+01 -0.104020E+03 +0.171568E+03 -0.751980E+02 +0.318020E+02 +0.172004E+02 +0.000000E+00 +0.000000E+00 +0.265555E-02 -0.203300E-02 +0.000000E+00 +0.653615E-03 +0.000000E+00 +0.000000E+00
 +0.148320E+01 -0.104030E+03 +0.171612E+03 -0.751080E+02 +0.318465E+02 +0.171220E+02 +0.000000E+00 +0.000000E+00 +0.265555E-02 -0.203214E-02 +0.000000E+00 +0.650635E-03 +0.000000E+00 +0.000000E+00
 +0.148320E+01 -0.104040E+03 +0.171660E+03 -0.750242E+02 +0.318897E+02 +0.170636E+02 +0.000000E+00 +0.000000E+00 +0.265563E-02 -0.203136E-02 +0.000000E+00 +0.648417E-03 +0.000000E+00 +0.000000E+00
 +0.148320E+01 -0.104050E+03 +0.171695E+03 -0.749594E+02 +0.319228E+02 +0.169871E+02 +0.000000E+00 +0.000000E+00 +0.265567E-02 -0.203076E-02 +0.000000E+00 +0.645509E-03 +0.000000E+00 +0.000000E+00
 +0.148320E+01 -0.104060E+03 +0.171729E+03 -0.748961E+02 +0.319549E+02 +0.169090E+02 +0.000000E+00 +0.000000E+00 +0.265571E-02 -0.203017E-02 +0.000000E+00 +0.642540E-03 +0.000000E+00 +0.000000E+00
 +0.148320E+01 -0.104070E+03 +0.171764E+03 -0.748329E+02 +0.319871E+02 +0.168308E+02 +0.000000E+00 +0.000000E+00 +0.265575E-02 -0.202958E-02 +0.000000E+00 +0.639572E-03 +0.000000E+00 +0.000000E+00
 +0.148320E+01 -0.104080E+03 +0.171798E+03 -0.747697E+02 +0.320193E+02 +0.167527E+02 +0.000000E+00 +0.000000E+00 +0.265579E-02 -0.202899E-02 +0.000000E+00 +0.636604E-03 +0.000000E+00 +0.000000E+00
 +0.148320E+01 -0.104090E+03 +0.171832E+03 -0.747064E+02 +0.320515E+02 +0.166746E+02 +0.000000E+00 +0.000000E+00 +0.265583E-02 -0.202840E-02 +0.000000E+00 +0.633635E-03 +0.000000E+00 +0.000000E+00
 +0.148320E+01 -0.104100E+03 +0.171866E+03 -0.746432E+02 +0.320837E+02 +0.165965E+02 +0.000000E+00 +0.000000E+00 +0.265587E-02 -0.202781E-02 +0.000000E+00 +0.630667E-03 +0.000000E+00 +0.000000E+00
 +0.148320E+01 -0.104110E+03 +0.171901E+03 -0.745799E+02 +0.321158E+02 +0.165184E+02 +0.000000E+00 +0.000000E+00 +0.265591E-02 -0.202722E-02 +0.000000E+00 +0.627698E-03 +0.000000E+00 +0.000000E+00
 +0.148320E+01 -0.104120E+03 +0.171935E+03 -0.745167E+02 +0.321480E+02 +0.164403E+02 +0.000000E+00 +0.000000E+00 +0.265595E-02 -0.202663E-02 +0.000000E+00 +0.624730E-03 +0.000000E+00 +0.000000E+00
 +0.148320E+01 -0.104130E+03 +0.171969E+03 -0.744535E+02 +0.321802E+02 +0.163622E+02 +0.000000E+00 +0.000000E+00 +0.265599E-02 -0.202604E-02 +0.000000E+00 +0.621762E-03 +0.000000E+00 +0.000000E+00
 +0.148320E+01 -0.104140E+03 +0.172003E+03 -0.743902E+02 +0.322124E+02 +0.162840E+02 +0.000000E+00 +0.000000E+00 +0.265603E-02 -0.202545E-02 +0.000000E+00 +0.618793E-03 +0.000000E+00 +0.000000E+00
 +0.148320E+01 -0.104150E+03 +0.172038E+03 -0.743270E+02 +0.322446E+02 +0.162059E+02 +0.000000E+00 +0.000000E+00 +0.265607E-02 -0.202486E-02 +0.000000E+00 +0.615825E-03 +0.000000E+00 +0.000000E+00
 +0.148320E+01 -0.104160E+03 +0.172072E+03 -0.742637E+02 +0.322767E+02 +0.161278E+02 +0.000000E+00 +0.000000E+00 +0.265611E-02 -0.202427E-02 +0.000000E+00 +0.612857E-03 +0.000000E+00 +0.000000E+00
 +0.148320E+01 -0.104170E+03 +0.172106E+03 -0.742005E+02 +0.323089E+02 +0.160497E+02 +0.000000E+00 +0.000000E+00 +0.265615E-02 -0.202368E-02 +0.000000E+00 +0.609888E-03 +0.000000E+00 +0.000000E+00
 +0.148320E+01 -0.104180E+03 +0.172141E+03 -0.741373E+02 +0.323411E+02 +0.159716E+02 +0.000000E+00 +0.000000E+00 +0.265619E-02 -0.202309E-02 +0.000000E+00 +0.606920E-03 +0.000000E+00 +0.000000E+00
 +0.148320E+01 -0.104190E+03 +0.172175E+03 -0.740740E+02 +0.323733E+02 +0.158935E+02 +0.000000E+00 +0.000000E+00 +0.265623E-02 -0.202250E-02 +0.000000E+00 +0.603952E-03 +0.000000E+00 +0.000000E+00
 +0.148320E+01 -0.104200E+03 +0.172209E+03 -0.740108E+02 +0.324055E+02 +0.158153E+02 +0.000000E+00 +0.000000E+00 +0.265627E-02 -0.202191E-02 +0.000000E+00 +0.600983E-03 +0.000000E+00 +0.000000E+00
 +0.148320E+01 -0.104210E+03 +0.172243E+03 -0.739475E+02 +0.324376E+02 +0.157372E+02 +0.000000E+00 +0.000000E+00 +0.265631E-02 -0.202132E-02 +0.000000E+00 +0.598015E-03 +0.000000E+00 +0.000000E+00
 +0.148320E+01 -0.104220E+03 +0.172278E+03 -0.738843E+02 +0.324698E+02 +0.156591E+02 +0.000000E+00 +0.000000E+00 +0.265635E-02 -0.202073E-02 +0.000000E+00 +0.595047E-03 +0.000000E+00 +0.000000E+00
 +0.148320E+01 -0.104230E+03 +0.172312E+03 -0.738211E+02 +0.325020E+02 +0.155810E+02 +0.000000E+00 +0.000000E+00 +0.265639E-02 -0.202014E-02 +0.000000E+00 +0.592078E-03 +0.000000E+00 +0.000000E+00
 +0.148320E+01 -0.104240E+03 +0.172351E+03 -0.737414E+02 +0.325412E+02 +0.155120E+02 +0.000000E+00 +0.000000E+00 +0.265639E-02 -0.201937E-02 +0.000000E+00 +0.589456E-03 +0.000000E+00 +0.000000E+00
 +0.148320E+01 -0.104250E+03 +0.172391E+03 -0.736572E+02 +0.325823E+02 +0.154456E+02 +0.000000E+00 +0.000000E+00 +0.265637E-02 -0.201855E-02 +0.000000E+00 +0.586931E-03 +0.000000E+00 +0.000000E+00
 +0.148320E+01 -0.104260E+03 +0.172432E+03 -0.735730E+02 +0.326234E+02 +0.153791E+02 +0.000000E+00 +0.000000E+00 +0.265636E-02 -0.201773E-02 +0.000000E+00 +0.584406E-03 +0.000000E+00 +0.000000E+00
 +0.148320E+01 -0.104270E+03 +0.172472E+03 -0.734888E+02 +0.326645E+02 +0.153127E+02 +0.000000E+00 +0.000000E+00 +0.265635E-02 -0.201691E-02 +0.000000E+00 +0.581881E-03 +0.000000E+00 +0.000000E+00
 +0.148320E+01 -0.104280E+03 +0.172513E+03 -0.734045E+02 +0.327057E+02 +0.152462E+02 +0.000000E+00 +0.000000E+00 +0.265633E-02 -0.201609E-02 +0.000000E+00 +0.579356E-03 +0.000000E+00 +0.000000E+00
 +0.148320E+01 -0.104290E+03 +0.172553E+03 -0.733203E+02 +0.327468E+02 +0.151798E+02 +0.000000E+00 +0.000000E+00 +0.265632E-02 -0.201527E-02 +0.000000E+00 +0.576831E-03 +0.000000E+00 +0.000000E+00
 +0.148320E+01 -0.104300E+03 +0.172593E+03 -0.732361E+02 +0.327879E+02 +0.151133E+02 +0.000000E+00 +0.000000E+00 +0.265630E-02 -0.201446E-02 +0.000000E+00 +0.574306E-03 +0.000000E+00 +0.000000E+00
 +0.148320E+01 -0.104310E+03 +0.172634E+03 -0.731518E+02 +0.328290E+02 +0.150469E+02 +0.000000E+00 +0.000000E+00 +0.265629E-02 -0.201364E-02 +0.000000E+00 +0.571781E-03 +0.000000E+00 +0.000000E+00
 +0.148320E+01 -0.104320E+03 +0.172674E+03 -0.730676E+02 +0.328701E+02 +0.149804E+02 +0.000000E+00 +0.000000E+00 +0.265628E-02 -0.201282E-02 +0.000000E+00 +0.569256E-03 +0.000000E+00 +0.000000E+00
 +0.148320E+01 -0.104330E+03 +0.172714E+03 -0.729834E+02 +0.329113E+02 +0.149140E+02 +0.000000E+00 +0.000000E+00 +0.265626E-02 -0.201200E-02 +0.000000E+00 +0.566731E-03 +0.000000E+00 +0.000000E+00
 +0.148320E+01 -0.104340E+03 +0.172755E+03 -0.728992E+02 +0.329524E+02 +0.148475E+02 +0.000000E+00 +0.000000E+00 +0.265625E-02 -0.201118E-02 +0.000000E+00 +0.564206E-03 +0.000000E+00 +0.000000E+00
 +0.148320E+01 -0.104350E+03 +0.172795E+03 -0.728149E+02 +0.329935E+02 +0.147811E+02 +0.000000E+00 +0.000000E+00 +0.265623E-02 -0.201036E-02 +0.000000E+00 +0.561681E-03 +0.000000E+00 +0.000000E+00
 +0.148320E+01 -0.104360E+03 +0.172836E+03 -0.727307E+02 +0.330346E+02 +0.147146E+02 +0.000000E+00 +0.000000E+00 +0.265622E-02 -0.200954E-02 +0.000000E+00 +0.559156E-03 +0.000000E+00 +0.000000E+00
 +0.148320E+01 -0.104370E+03 +0.172876E+03 -0.726465E+02 +0.330758E+02 +0.146482E+02 +0.000000E+00 +0.000000E+00 +0.265621E-02 -0.200872E-02 +0.000000E+00 +0.556631E-03 +0.000000E+00 +0.000000E+00
 +0.148320E+01 -0.104380E+03 +0.172916E+03 -0.725622E+02 +0.331169E+02 +0.145817E+02 +0.000000E+00 +0.000000E+00 +0.265619E-02 -0.200790E-02 +0.000000E+00 +0.554106E-03 +0.000000E+00 +0.000000E+00
 +0.148320E+01 -0.104390E+03 +0.172957E+03 -0.724780E+02 +0.331580E+02 +0.145153E+02 +0.000000E+00 +0.000000E+00 +0.265618E-02 -0.200708E-02 +0.000000E+00 +0.551581E-03 +0.000000E+00 +0.000000E+00
 +0.148320E+01 -0.104400E+03 +0.172997E+03 -0.723938E+02 +0.331991E+02 +0.144488E+02 +0.000000E+00 +0.000000E+00 +0.265616E-02 -0.200627E-02 +0.000000E+00 +0.549056E-03 +0.000000E+00 +0.000000E+00
 +0.148320E+01 -0.104410E+03 +0.173038E+03 -0.723096E+02 +0.332402E+02 +0.143824E+02 +0.000000E+00 +0.000000E+00 +0.265615E-02 -0.200545E-02 +0.000000E+00 +0.546531E-03 +0.000000E+00 +0.000000E+00
 +0.148320E+01 -0.104420E+03 +0.173078E+03 -0.722253E+02 +0.332814E+02 +0.143159E+02 +0.000000E+00 +0.000000E+00 +0.265614E-02 -0.200463E-02 +0.000000E+00 +0.544006E-03 +0.000000E+00 +0.000000E+00
 +0.148320E+01 -0.104430E+03 +0.173118E+03 -0.721411E+02 +0.333225E+02 +0.142495E+02 +0.000000E+00 +0.000000E+00 +0.265612E-02 -0.200381E-02 +0.000000E+00 +0.541481E-03 +0.000000E+00 +0.000000E+00
 +0.148320E+01 -0.104440E+03 +0.173159E+03 -0.720569E+02 +0.333636E+02 +0.141830E+02 +0.000000E+00 +0.000000E+00 +0.265611E-02 -0.200299E-02 +0.000000E+00 +0.538956E-03 +0.000000E+00 +0.000000E+00
 +0.148320E+01 -0.104450E+03 +0.173199E+03 -0.719731E+02 +0.334046E+02 +0.141161E+02 +0.000000E+00 +0.000000E+00 +0.265610E-02 -0.200218E-02 +0.000000E+00 +0.536412E-03 +0.000000E+00 +0.000000E+00
 +0.148320E+01 -0.104460E+03 +0.173242E+03 -0.719001E+02 +0.334428E+02 +0.140373E+02 +0.000000E+00 +0.000000E+00 +0.265618E-02 -0.200151E-02 +0.000000E+00 +0.533417E-03 +0.000000E+00 +0.000000E+00
 +0.148320E+01 -0.104470E+03 +0.173284E+03 -0.718271E+02 +0.334809E+02 +0.139585E+02 +0.000000E+00 +0.000000E+00 +0.265627E-02 -0.200085E-02 +0.000000E+00 +0.530423E-03 +0.000000E+00 +0.000000E+00
 +0.148320E+01 -0.104480E+03 +0.173327E+03 -0.717541E+02 +0.335190E+02 +0.138797E+02 +0.000000E+00 +0.000000E+00 +0.265635E-02 -0.200019E-02 +0.000000E+00 +0.527428E-03 +0.000000E+00 +0.000000E+00
 +0.148320E+01 -0.104490E+03 +0.173370E+03 -0.716811E+02 +0.335572E+02 +0.138009E+02 +0.000000E+00 +0.000000E+00 +0.265644E-02 -0.199953E-02 +0.000000E+00 +0.524434E-03 +0.000000E+00 +0.000000E+00
 +0.148320E+01 -0.104500E+03 +0.173412E+03 -0.716081E+02 +0.335953E+02 +0.137221E+02 +0.000000E+00 +0.000000E+00 +0.265652E-02 -0.199887E-02 +0.000000E+00 +0.521439E-03 +0.000000E+00 +0.000000E+00
 +0.148320E+01 -0.104510E+03 +0.173455E+03 -0.715351E+02 +0.336335E+02 +0.136433E+02 +0.000000E+00 +0.000000E+00 +0.265660E-02 -0.199820E-02 +0.000000E+00 +0.518445E-03 +0.000000E+00 +0.000000E+00
 +0.148320E+01 -0.104520E+03 +0.173497E+03 -0.714621E+02 +0.336716E+02 +0.135645E+02 +0.000000E+00 +0.000000E+00 +0.265669E-02 -0.199754E-02 +0.000000E+00 +0.515451E-03 +0.000000E+00 +0.000000E+00
 +0.148320E+01 -0.104530E+03 +0.173540E+03 -0.713891E+02 +0.337098E+02 +0.134857E+02 +0.000000E+00 +0.000000E+00 +0.265677E-02 -0.199688E-02 +0.000000E+00 +0.512456E-03 +0.000000E+00 +0.000000E+00
 +0.148320E+01 -0.104540E+03 +0.173583E+03 -0.713161E+02 +0.337479E+02 +0.134069E+02 +0.000000E+00 +0.000000E+00 +0.265686E-02 -0.199622E-02 +0.000000E+00 +0.509462E-03 +0.000000E+00 +0.000000E+00
 +0.148320E+01 -0.104550E+03 +0.173625E+03 -0.712431E+02 +0.337861E+02 +0.133281E+02 +0.000000E+00 +0.000000E+00 +0.265694E-02 -0.199555E-02 +0.000000E+00 +0.506467E-03 +0.000000E+00 +0.000000E+00
 +0.148320E+01 -0.104560E+03 +0.173668E+03 -0.711701E+02 +0.338242E+02 +0.132493E+02 +0.000000E+00 +0.000000E+00 +0.265703E-02 -0.199489E-02 +0.000000E+00 +0.503473E-03 +0.000000E+00 +0.000000E+00
 +0.148320E+01 -0.104570E+03 +0.173710E+03 -0.710971E+02 +0.338624E+02 +0.131705E+02 +0.000000E+00 +0.000000E+00 +0.265711E-02 -0.199423E-02 +0.000000E+00 +0.500478E-03 +0.000000E+00 +0.000000E+00
 +0.148320E+01 -0.104580E+03 +0.173753E+03 -0.710241E+02 +0.339005E+02 +0.130917E+02 +0.000000E+00 +0.000000E+00 +0.265720E-02 -0.199357E-02 +0.000000E+00 +0.497484E-03 +0.000000E+00 +0.000000E+00
 +0.148320E+01 -0.104590E+03 +0.173796E+03 -0.709511E+02 +0.339387E+02 +0.130129E+02 +0.000000E+00 +0.000000E+00 +0.265728E-02 -0.199291E-02 +0.000000E+00 +0.494490E-03 +0.000000E+00 +0.000000E+00
 +0.148320E+01 -0.104600E+03 +0.173838E+03 -0.708781E+02 +0.339768E+02 +0.129341E+02 +0.000000E+00 +0.000000E+00 +0.265737E-02 -0.199224E-02 +0.000000E+00 +0.491495E-03 +0.000000E+00 +0.000000E+00
 +0.148320E+01 -0.104610E+03 +0.173881E+03 -0.708052E+02 +0.340150E+02 +0.128553E+02 +0.000000E+00 +0.000000E+00 +0.265745E-02 -0.199158E-02 +0.000000E+00 +0.488501E-03 +0.000000E+00 +0.000000E+00
 +0.148320E+01 -0.104620E+03 +0.173923E+03 -0.707322E+02 +0.340531E+02 +0.127765E+02 +0.000000E+00 +0.000000E+00 +0.265754E-02 -0.199092E-02 +0.000000E+00 +0.485506E-03 +0.000000E+00 +0.000000E+00
 +0.148320E+01 -0.104630E+03 +0.173966E+03 -0.706592E+02 +0.340912E+02 +0.126977E+02 +0.000000E+00 +0.000000E+00 +0.265762E-02 -0.199026E-02 +0.000000E+00 +0.482512E-03 +0.000000E+00 +0.000000E+00
 +0.148320E+01 -0.104640E+03 +0.174009E+03 -0.705862E+02 +0.341294E+02 +0.126189E+02 +0.000000E+00 +0.000000E+00 +0.265770E-02 -0.198960E-02 +0.000000E+00 +0.479517E-03 +0.000000E+00 +0.000000E+00
 +0.148320E+01 -0.104650E+03 +0.174051E+03 -0.705132E+02 +0.341675E+02 +0.125401E+02 +0.000000E+00 +0.000000E+00 +0.265779E-02 -0.198893E-02 +0.000000E+00 +0.476523E-03 +0.000000E+00 +0.000000E+00
 +0.148320E+01 -0.104660E+03 +0.174094E+03 -0.704402E+02 +0.342057E+02 +0.124613E+02 +0.000000E+00 +0.000000E+00 +0.265787E-02 -0.198827E-02 +0.000000E+00 +0.473529E-03 +0.000000E+00 +0.000000E+00
 +0.148320E+01 -0.104670E+03 +0.174136E+03 -0.703672E+02 +0.342438E+02 +0.123825E+02 +0.000000E+00 +0.000000E+00 +0.265796E-02 -0.198761E-02 +0.000000E+00 +0.470534E-03 +0.000000E+00 +0.000000E+00
 +0.148320E+01 -0.104680E+03 +0.174179E+03 -0.702942E+02 +0.342820E+02 +0.123037E+02 +0.000000E+00 +0.000000E+00 +0.265804E-02 -0.198695E-02 +0.000000E+00 +0.467540E-03 +0.000000E+00 +0.000000E+00
 +0.148320E+01 -0.104690E+03 +0.174222E+03 -0.702212E+02 +0.343201E+02 +0.122249E+02 +0.000000E+00 +0.000000E+00 +0.265813E-02 -0.198628E-02 +0.000000E+00 +0.464545E-03 +0.000000E+00 +0.000000E+00
 +0.148320E+01 -0.104700E+03 +0.174264E+03 -0.701482E+02 +0.343583E+02 +0.121461E+02 +0.000000E+00 +0.000000E+00 +0.265821E-02 -0.198562E-02 +0.000000E+00 +0.461551E-03 +0.000000E+00 +0.000000E+00
 +0.148320E+01 -0.104710E+03 +0.174307E+03 -0.700752E+02 +0.343964E+02 +0.120673E+02 +0.000000E+00 +0.000000E+00 +0.265830E-02 -0.198496E-02 +0.000000E+00 +0.458556E-03 +0.000000E+00 +0.000000E+00
 +0.148320E+01 -0.104720E+03 +0.174349E+03 -0.700022E+02 +0.344346E+02 +0.119885E+02 +0.000000E+00 +0.000000E+00 +0.265838E-02 -0.198430E-02 +0.000000E+00 +0.455562E-03 +0.000000E+00 +0.000000E+00
 +0.148320E+01 -0.104730E+03 +0.174392E+03 -0.699292E+02 +0.344727E+02 +0.119097E+02 +0.000000E+00 +0.000000E+00 +0.265847E-02 -0.198364E-02 +0.000000E+00 +0.452568E-03 +0.000000E+00 +0.000000E+00
 +0.148320E+01 -0.104740E+03 +0.174435E+03 -0.698562E+02 +0.345109E+02 +0.118309E+02 +0.000000E+00 +0.000000E+00 +0.265855E-02 -0.198297E-02 +0.000000E+00 +0.449573E-03 +0.000000E+00 +0.000000E+00
 +0.148320E+01 -0.104750E+03 +0.174464E+03 -0.698184E+02 +0.345332E+02 +0.117692E+02 +0.000000E+00 +0.000000E+00 +0.265869E-02 -0.198268E-02 +0.000000E+00 +0.447228E-03 +0.000000E+00 +0.000000E+00
 +0.148320E+01 -0.104760E+03 +0.174489E+03 -0.697949E+02 +0.345490E+02 +0.117144E+02 +0.000000E+00 +0.000000E+00 +0.265886E-02 -0.198253E-02 +0.000000E+00 +0.445147E-03 +0.000000E+00 +0.000000E+00
 +0.148320E+01 -0.104770E+03 +0.174514E+03 -0.697713E+02 +0.345649E+02 +0.116596E+02 +0.000000E+00 +0.000000E+00 +0.265902E-02 -0.198239E-02 +0.000000E+00 +0.443065E-03 +0.000000E+00 +0.000000E+00
 +0.148320E+01 -0.104780E+03 +0.174538E+03 -0.697478E+02 +0.345808E+02 +0.116048E+02 +0.000000E+00 +0.000000E+00 +0.265919E-02 -0.198224E-02 +0.000000E+00 +0.440984E-03 +0.000000E+00 +0.000000E+00
 +0.148320E+01 -0.104790E+03 +0.174563E+03 -0.697243E+02 +0.345967E+02 +0.115501E+02 +0.000000E+00 +0.000000E+00 +0.265935E-02 -0.198210E-02 +0.000000E+00 +0.438903E-03 +0.000000E+00 +0.000000E+00
 +0.148320E+01 -0.104800E+03 +0.174587E+03 -0.697007E+02 +0.346126E+02 +0.114953E+02 +0.000000E+00 +0.000000E+00 +0.265952E-02 -0.198195E-02 +0.000000E+00 +0.436821E-03 +0.000000E+00 +0.000000E+00
 +0.148320E+01 -0.104810E+03 +0.174612E+03 -0.696772E+02 +0.346284E+02 +0.114405E+02 +0.000000E+00 +0.000000E+00 +0.265968E-02 -0.198181E-02 +0.000000E+00 +0.434740E-03 +0.000000E+00 +0.000000E+00
 +0.148320E+01 -0.104820E+03 +0.174636E+03 -0.696537E+02 +0.346443E+02 +0.113857E+02 +0.000000E+00 +0.000000E+00 +0.265985E-02 -0.198166E-02 +0.000000E+00 +0.432658E-03 +0.000000E+00 +0.000000E+00
 +0.148320E+01 -0.104830E+03 +0.174661E+03 -0.696301E+02 +0.346602E+02 +0.113310E+02 +0.000000E+00 +0.000000E+00 +0.266002E-02 -0.198152E-02 +0.000000E+00 +0.430577E-03 +0.000000E+00 +0.000000E+00
 +0.148320E+01 -0.104840E+03 +0.174686E+03 -0.696066E+02 +0.346761E+02 +0.112762E+02 +0.000000E+00 +0.000000E+00 +0.266018E-02 -0.198137E-02 +0.000000E+00 +0.428495E-03 +0.000000E+00 +0.000000E+00
 +0.148320E+01 -0.104850E+03 +0.174710E+03 -0.695831E+02 +0.346919E+02 +0.112214E+02 +0.000000E+00 +0.000000E+00 +0.266035E-02 -0.198123E-02 +0.000000E+00 +0.426414E-03 +0.000000E+00 +0.000000E+00
 +0.148320E+01 -0.104860E+03 +0.174735E+03 -0.695595E+02 +0.347078E+02 +0.111666E+02 +0.000000E+00 +0.000000E+00 +0.266051E-02 -0.198108E-02 +0.000000E+00 +0.424332E-03 +0.000000E+00 +0.000000E+00
 +0.148320E+01 -0.104870E+03 +0.174759E+03 -0.695360E+02 +0.347237E+02 +0.111119E+02 +0.000000E+00 +0.000000E+00 +0.266068E-02 -0.198093E-02 +0.000000E+00 +0.422251E-03 +0.000000E+00 +0.000000E+00
 +0.148320E+01 -0.104880E+03 +0.174784E+03 -0.695125E+02 +0.347396E+02 +0.110571E+02 +0.000000E+00 +0.000000E+00 +0.266084E-02 -0.198079E-02 +0.000000E+00 +0.420169E-03 +0.000000E+00 +0.000000E+00
 +0.148320E+01 -0.104890E+03 +0.174809E+03 -0.694889E+02 +0.347555E+02 +0.110023E+02 +0.000000E+00 +0.000000E+00 +0.266101E-02 -0.198064E-02 +0.000000E+00 +0.418088E-03 +0.000000E+00 +0.000000E+00
 +0.148320E+01 -0.104900E+03 +0.174833E+03 -0.694654E+02 +0.347713E+02 +0.109475E+02 +0.000000E+00 +0.000000E+00 +0.266117E-02 -0.198050E-02 +0.000000E+00 +0.416006E-03 +0.000000E+00 +0.000000E+00
 +0.148320E+01 -0.104910E+03 +0.174858E+03 -0.694419E+02 +0.347872E+02 +0.108928E+02 +0.000000E+00 +0.000000E+00 +0.266134E-02 -0.198035E-02 +0.000000E+00 +0.413925E-03 +0.000000E+00 +0.000000E+00
 +0.148320E+01 -0.104920E+03 +0.174882E+03 -0.694183E+02 +0.348031E+02 +0.108380E+02 +0.000000E+00 +0.000000E+00 +0.266150E-02 -0.198021E-02 +0.000000E+00 +0.411843E-03 +0.000000E+00 +0.000000E+00
 +0.148320E+01 -0.104930E+03 +0.174907E+03 -0.693948E+02 +0.348190E+02 +0.107832E+02 +0.000000E+00 +0.000000E+00 +0.266167E-02 -0.198006E-02 +0.000000E+00 +0.409762E-03 +0.000000E+00 +0.000000E+00
 +0.148320E+01 -0.104940E+03 +0.174931E+03 -0.693713E+02 +0.348349E+02 +0.107284E+02 +0.000000E+00 +0.000000E+00 +0.266184E-02 -0.197992E-02 +0.000000E+00 +0.407680E-03 +0.000000E+00 +0.000000E+00
 +0.148320E+01 -0.104950E+03 +0.174956E+03 -0.693478E+02 +0.348507E+02 +0.106737E+02 +0.000000E+00 +0.000000E+00 +0.266200E-02 -0.197977E-02 +0.000000E+00 +0.405599E-03 +0.000000E+00 +0.000000E+00
 +0.148320E+01 -0.104960E+03 +0.174981E+03 -0.693242E+02 +0.348666E+02 +0.106189E+02 +0.000000E+00 +0.000000E+00 +0.266217E-02 -0.197963E-02 +0.000000E+00 +0.403517E-03 +0.000000E+00 +0.000000E+00
 +0.148320E+01 -0.104970E+03 +0.175005E+03 -0.693007E+02 +0.348825E+02 +0.105641E+02 +0.000000E+00 +0.000000E+00 +0.266233E-02 -0.197948E-02 +0.000000E+00 +0.401436E-03 +0.000000E+00 +0.000000E+00
 +0.148320E+01 -0.104980E+03 +0.175030E+03 -0.692772E+02 +0.348984E+02 +0.105093E+02 +0.000000E+00 +0.000000E+00 +0.266250E-02 -0.197934E-02 +0.000000E+00 +0.399354E-03 +0.000000E+00 +0.000000E+00
 +0.148320E+01 -0.104990E+03 +0.175043E+03 -0.692287E+02 +0.349187E+02 +0.104539E+02 +0.000000E+00 +0.000000E+00 +0.266236E-02 -0.197880E-02 +0.000000E+00 +0.397249E-03 +0.000000E+00 +0.000000E+00
