%X Y s_xx s_yy s_zz s_xy s_xz s_yz e_xx e_yy e_zz e_xy e_xz e_yz
 +0.148320E+01 -0.100000E+03 -0.419162E+03 -0.267996E+02 -0.147167E+03 +0.360759E+02 +0.000000E+00 +0.000000E+00 -0.516790E-02 +0.228698E-02 +0.000000E+00 +0.137088E-02 +0.000000E+00 +0.000000E+00
 +0.148320E+01 -0.100010E+03 -0.411230E+03 -0.329237E+02 -0.146571E+03 +0.411030E+02 +0.000000E+00 +0.000000E+00 -0.502853E-02 +0.215930E-02 +0.000000E+00 +0.156192E-02 +0.000000E+00 +0.000000E+00
 +0.148320E+01 -0.100020E+03 -0.403302E+03 -0.390293E+02 -0.145969E+03 +0.461770E+02 +0.000000E+00 +0.000000E+00 -0.488932E-02 +0.203186E-02 +0.000000E+00 +0.175473E-02 +0.000000E+00 +0.000000E+00
 +0.148320E+01 -0.100030E+03 -0.395596E+03 -0.438033E+02 -0.145002E+03 +0.546527E+02 +0.000000E+00 +0.000000E+00 -0.476129E-02 +0.192277E-02 +0.000000E+00 +0.207680E-02 +0.000000E+00 +0.000000E+00
 +0.148320E+01 -0.100040E+03 -0.387939E+03 -0.485495E+02 -0.144041E+03 +0.630339E+02 +0.000000E+00 +0.000000E+00 -0.463406E-02 +0.181434E-02 +0.000000E+00 +0.239529E-02 +0.000000E+00 +0.000000E+00
 +0.148320E+01 -0.100050E+03 -0.382067E+03 -0.523011E+02 -0.143341E+03 +0.680313E+02 +0.000000E+00 +0.000000E+00 -0.453579E-02 +0.172977E-02 +0.000000E+00 +0.258519E-02 +0.000000E+00 +0.000000E+00
 +0.148320E+01 -0.100060E+03 -0.376227E+03 -0.560295E+02 -0.142645E+03 +0.729687E+02 +0.000000E+00 +0.000000E+00 -0.443806E-02 +0.164569E-02 +0.000000E+00 +0.277281E-02 +0.000000E+00 +0.000000E+00
 +0.148320E+01 -0.100070E+03 -0.371126E+03 -0.592140E+02 -0.142012E+03 +0.764946E+02 +0.000000E+00 +0.000000E+00 -0.435316E-02 +0.157317E-02 +0.000000E+00 +0.290680E-02 +0.000000E+00 +0.000000E+00
 +0.148320E+01 -0.100080E+03 -0.366055E+03 -0.623757E+02 -0.141382E+03 +0.799703E+02 +0.000000E+00 +0.000000E+00 -0.426878E-02 +0.150112E-02 +0.000000E+00 +0.303887E-02 +0.000000E+00 +0.000000E+00
 +0.148320E+01 -0.100090E+03 -0.361492E+03 -0.651393E+02 -0.140788E+03 +0.825716E+02 +0.000000E+00 +0.000000E+00 -0.419338E-02 +0.143733E-02 +0.000000E+00 +0.313772E-02 +0.000000E+00 +0.000000E+00
 +0.148320E+01 -0.100100E+03 -0.356957E+03 -0.678804E+02 -0.140196E+03 +0.851307E+02 +0.000000E+00 +0.000000E+00 -0.411846E-02 +0.137401E-02 +0.000000E+00 +0.323497E-02 +0.000000E+00 +0.000000E+00
 +0.148320E+01 -0.100110E+03 -0.352802E+03 -0.703126E+02 -0.139628E+03 +0.871100E+02 +0.000000E+00 +0.000000E+00 -0.405031E-02 +0.131699E-02 +0.000000E+00 +0.331018E-02 +0.000000E+00 +0.000000E+00
 +0.148320E+01 -0.100120E+03 -0.348673E+03 -0.727226E+02 -0.139061E+03 +0.890524E+02 +0.000000E+00 +0.000000E+00 -0.398264E-02 +0.126042E-02 +0.000000E+00 +0.338399E-02 +0.000000E+00 +0.000000E+00
 +0.148320E+01 -0.100130E+03 -0.344851E+03 -0.748825E+02 -0.138512E+03 +0.905781E+02 +0.000000E+00 +0.000000E+00 -0.392045E-02 +0.120896E-02 +0.000000E+00 +0.344197E-02 +0.000000E+00 +0.000000E+00
 +0.148320E+01 -0.100140E+03 -0.341057E+03 -0.770206E+02 -0.137966E+03 +0.920713E+02 +0.000000E+00 +0.000000E+00 -0.385873E-02 +0.115795E-02 +0.000000E+00 +0.349871E-02 +0.000000E+00 +0.000000E+00
 +0.148320E+01 -0.100150E+03 -0.337519E+03 -0.789508E+02 -0.137435E+03 +0.932549E+02 +0.000000E+00 +0.000000E+00 -0.380160E-02 +0.111120E-02 +0.000000E+00 +0.354368E-02 +0.000000E+00 +0.000000E+00
 +0.148320E+01 -0.100160E+03 -0.334009E+03 -0.808596E+02 -0.136907E+03 +0.944096E+02 +0.000000E+00 +0.000000E+00 -0.374494E-02 +0.106489E-02 +0.000000E+00 +0.358756E-02 +0.000000E+00 +0.000000E+00
 +0.148320E+01 -0.100170E+03 -0.330720E+03 -0.825927E+02 -0.136393E+03 +0.953273E+02 +0.000000E+00 +0.000000E+00 -0.369221E-02 +0.102221E-02 +0.000000E+00 +0.362244E-02 +0.000000E+00 +0.000000E+00
 +0.148320E+01 -0.100180E+03 -0.327457E+03 -0.843048E+02 -0.135882E+03 +0.962193E+02 +0.000000E+00 +0.000000E+00 -0.363994E-02 +0.979957E-03 +0.000000E+00 +0.365633E-02 +0.000000E+00 +0.000000E+00
 +0.148320E+01 -0.100190E+03 -0.324388E+03 -0.858665E+02 -0.135384E+03 +0.969269E+02 +0.000000E+00 +0.000000E+00 -0.359108E-02 +0.940834E-03 +0.000000E+00 +0.368322E-02 +0.000000E+00 +0.000000E+00
 +0.148320E+01 -0.100200E+03 -0.321346E+03 -0.874078E+02 -0.134889E+03 +0.976116E+02 +0.000000E+00 +0.000000E+00 -0.354269E-02 +0.902139E-03 +0.000000E+00 +0.370924E-02 +0.000000E+00 +0.000000E+00
 +0.148320E+01 -0.100210E+03 -0.318474E+03 -0.888193E+02 -0.134407E+03 +0.981508E+02 +0.000000E+00 +0.000000E+00 -0.349728E-02 +0.866165E-03 +0.000000E+00 +0.372973E-02 +0.000000E+00 +0.000000E+00
 +0.148320E+01 -0.100220E+03 -0.315629E+03 -0.902110E+02 -0.133927E+03 +0.986697E+02 +0.000000E+00 +0.000000E+00 -0.345234E-02 +0.830610E-03 +0.000000E+00 +0.374945E-02 +0.000000E+00 +0.000000E+00
 +0.148320E+01 -0.100230E+03 -0.312935E+03 -0.914899E+02 -0.133460E+03 +0.990729E+02 +0.000000E+00 +0.000000E+00 -0.341002E-02 +0.797438E-03 +0.000000E+00 +0.376477E-02 +0.000000E+00 +0.000000E+00
 +0.148320E+01 -0.100240E+03 -0.310268E+03 -0.927496E+02 -0.132996E+03 +0.994580E+02 +0.000000E+00 +0.000000E+00 -0.336817E-02 +0.764675E-03 +0.000000E+00 +0.377940E-02 +0.000000E+00 +0.000000E+00
 +0.148320E+01 -0.100250E+03 -0.307735E+03 -0.939111E+02 -0.132543E+03 +0.997504E+02 +0.000000E+00 +0.000000E+00 -0.332864E-02 +0.734009E-03 +0.000000E+00 +0.379052E-02 +0.000000E+00 +0.000000E+00
 +0.148320E+01 -0.100260E+03 -0.305228E+03 -0.950540E+02 -0.132093E+03 +0.100027E+03 +0.000000E+00 +0.000000E+00 -0.328956E-02 +0.703740E-03 +0.000000E+00 +0.380102E-02 +0.000000E+00 +0.000000E+00
 +0.148320E+01 -0.100270E+03 -0.302841E+03 -0.961110E+02 -0.131654E+03 +0.100229E+03 +0.000000E+00 +0.000000E+00 -0.325255E-02 +0.675322E-03 +0.000000E+00 +0.380869E-02 +0.000000E+00 +0.000000E+00
 +0.148320E+01 -0.100280E+03 -0.300480E+03 -0.971502E+02 -0.131218E+03 +0.100416E+03 +0.000000E+00 +0.000000E+00 -0.321598E-02 +0.647289E-03 +0.000000E+00 +0.381582E-02 +0.000000E+00 +0.000000E+00
 +0.148320E+01 -0.100290E+03 -0.298227E+03 -0.981140E+02 -0.130793E+03 +0.100544E+03 +0.000000E+00 +0.000000E+00 -0.318126E-02 +0.620893E-03 +0.000000E+00 +0.382066E-02 +0.000000E+00 +0.000000E+00
 +0.148320E+01 -0.100300E+03 -0.295999E+03 -0.990608E+02 -0.130370E+03 +0.100659E+03 +0.000000E+00 +0.000000E+00 -0.314695E-02 +0.594867E-03 +0.000000E+00 +0.382503E-02 +0.000000E+00 +0.000000E+00
 +0.148320E+01 -0.100310E+03 -0.293867E+03 -0.999414E+02 -0.129957E+03 +0.100725E+03 +0.000000E+00 +0.000000E+00 -0.311430E-02 +0.570293E-03 +0.000000E+00 +0.382754E-02 +0.000000E+00 +0.000000E+00
 +0.148320E+01 -0.100320E+03 -0.291760E+03 -0.100806E+03 -0.129547E+03 +0.100780E+03 +0.000000E+00 +0.000000E+00 -0.308205E-02 +0.546076E-03 +0.000000E+00 +0.382964E-02 +0.000000E+00 +0.000000E+00
 +0.148320E+01 -0.100330E+03 -0.289739E+03 -0.101612E+03 -0.129146E+03 +0.100796E+03 +0.000000E+00 +0.000000E+00 -0.305127E-02 +0.523146E-03 +0.000000E+00 +0.383023E-02 +0.000000E+00 +0.000000E+00
 +0.148320E+01 -0.100340E+03 -0.287742E+03 -0.102402E+03 -0.128748E+03 +0.100802E+03 +0.000000E+00 +0.000000E+00 -0.302089E-02 +0.500560E-03 +0.000000E+00 +0.383046E-02 +0.000000E+00 +0.000000E+00
 +0.148320E+01 -0.100350E+03 -0.285823E+03 -0.103142E+03 -0.128358E+03 +0.100775E+03 +0.000000E+00 +0.000000E+00 -0.299183E-02 +0.479117E-03 +0.000000E+00 +0.382946E-02 +0.000000E+00 +0.000000E+00
 +0.148320E+01 -0.100360E+03 -0.283927E+03 -0.103866E+03 -0.127972E+03 +0.100740E+03 +0.000000E+00 +0.000000E+00 -0.296315E-02 +0.458003E-03 +0.000000E+00 +0.382814E-02 +0.000000E+00 +0.000000E+00
 +0.148320E+01 -0.100370E+03 -0.282101E+03 -0.104545E+03 -0.127593E+03 +0.100679E+03 +0.000000E+00 +0.000000E+00 -0.293564E-02 +0.437907E-03 +0.000000E+00 +0.382582E-02 +0.000000E+00 +0.000000E+00
 +0.148320E+01 -0.100380E+03 -0.280296E+03 -0.105211E+03 -0.127217E+03 +0.100611E+03 +0.000000E+00 +0.000000E+00 -0.290850E-02 +0.418125E-03 +0.000000E+00 +0.382322E-02 +0.000000E+00 +0.000000E+00
 +0.148320E+01 -0.100390E+03 -0.278555E+03 -0.105836E+03 -0.126849E+03 +0.100521E+03 +0.000000E+00 +0.000000E+00 -0.288242E-02 +0.399248E-03 +0.000000E+00 +0.381980E-02 +0.000000E+00 +0.000000E+00
 +0.148320E+01 -0.100400E+03 -0.276836E+03 -0.106448E+03 -0.126484E+03 +0.100425E+03 +0.000000E+00 +0.000000E+00 -0.285669E-02 +0.380673E-03 +0.000000E+00 +0.381614E-02 +0.000000E+00 +0.000000E+00
 +0.148320E+01 -0.100410E+03 -0.275173E+03 -0.107025E+03 -0.126125E+03 +0.100311E+03 +0.000000E+00 +0.000000E+00 -0.283190E-02 +0.362904E-03 +0.000000E+00 +0.381181E-02 +0.000000E+00 +0.000000E+00
 +0.148320E+01 -0.100420E+03 -0.273530E+03 -0.107589E+03 -0.125769E+03 +0.100191E+03 +0.000000E+00 +0.000000E+00 -0.280746E-02 +0.345423E-03 +0.000000E+00 +0.380726E-02 +0.000000E+00 +0.000000E+00
 +0.148320E+01 -0.100430E+03 -0.271939E+03 -0.108122E+03 -0.125420E+03 +0.100057E+03 +0.000000E+00 +0.000000E+00 -0.278386E-02 +0.328663E-03 +0.000000E+00 +0.380217E-02 +0.000000E+00 +0.000000E+00
 +0.148320E+01 -0.100440E+03 -0.270368E+03 -0.108643E+03 -0.125074E+03 +0.999181E+02 +0.000000E+00 +0.000000E+00 -0.276059E-02 +0.312176E-03 +0.000000E+00 +0.379689E-02 +0.000000E+00 +0.000000E+00
 +0.148320E+01 -0.100450E+03 -0.268842E+03 -0.109137E+03 -0.124733E+03 +0.997672E+02 +0.000000E+00 +0.000000E+00 -0.273808E-02 +0.296334E-03 +0.000000E+00 +0.379115E-02 +0.000000E+00 +0.000000E+00
 +0.148320E+01 -0.100460E+03 -0.267336E+03 -0.109619E+03 -0.124395E+03 +0.996119E+02 +0.000000E+00 +0.000000E+00 -0.271588E-02 +0.280752E-03 +0.000000E+00 +0.378525E-02 +0.000000E+00 +0.000000E+00
 +0.148320E+01 -0.100470E+03 -0.265872E+03 -0.110076E+03 -0.124063E+03 +0.994469E+02 +0.000000E+00 +0.000000E+00 -0.269437E-02 +0.265747E-03 +0.000000E+00 +0.377898E-02 +0.000000E+00 +0.000000E+00
 +0.148320E+01 -0.100480E+03 -0.264426E+03 -0.110523E+03 -0.123733E+03 +0.992779E+02 +0.000000E+00 +0.000000E+00 -0.267316E-02 +0.250992E-03 +0.000000E+00 +0.377256E-02 +0.000000E+00 +0.000000E+00
 +0.148320E+01 -0.100490E+03 -0.263017E+03 -0.110948E+03 -0.123408E+03 +0.991009E+02 +0.000000E+00 +0.000000E+00 -0.265257E-02 +0.236753E-03 +0.000000E+00 +0.376583E-02 +0.000000E+00 +0.000000E+00
 +0.148320E+01 -0.100500E+03 -0.261626E+03 -0.111362E+03 -0.123086E+03 +0.989204E+02 +0.000000E+00 +0.000000E+00 -0.263226E-02 +0.222752E-03 +0.000000E+00 +0.375898E-02 +0.000000E+00 +0.000000E+00
 +0.148320E+01 -0.100510E+03 -0.260269E+03 -0.111758E+03 -0.122769E+03 +0.987332E+02 +0.000000E+00 +0.000000E+00 -0.261251E-02 +0.209215E-03 +0.000000E+00 +0.375186E-02 +0.000000E+00 +0.000000E+00
 +0.148320E+01 -0.100520E+03 -0.258930E+03 -0.112143E+03 -0.122454E+03 +0.985430E+02 +0.000000E+00 +0.000000E+00 -0.259304E-02 +0.195906E-03 +0.000000E+00 +0.374463E-02 +0.000000E+00 +0.000000E+00
 +0.148320E+01 -0.100530E+03 -0.257621E+03 -0.112511E+03 -0.122144E+03 +0.983471E+02 +0.000000E+00 +0.000000E+00 -0.257407E-02 +0.183013E-03 +0.000000E+00 +0.373719E-02 +0.000000E+00 +0.000000E+00
 +0.148320E+01 -0.100540E+03 -0.256328E+03 -0.112870E+03 -0.121836E+03 +0.981485E+02 +0.000000E+00 +0.000000E+00 -0.255536E-02 +0.170338E-03 +0.000000E+00 +0.372964E-02 +0.000000E+00 +0.000000E+00
 +0.148320E+01 -0.100550E+03 -0.255064E+03 -0.113214E+03 -0.121532E+03 +0.979451E+02 +0.000000E+00 +0.000000E+00 -0.253711E-02 +0.158039E-03 +0.000000E+00 +0.372191E-02 +0.000000E+00 +0.000000E+00
 +0.148320E+01 -0.100560E+03 -0.253815E+03 -0.113549E+03 -0.121230E+03 +0.977393E+02 +0.000000E+00 +0.000000E+00 -0.251912E-02 +0.145948E-03 +0.000000E+00 +0.371409E-02 +0.000000E+00 +0.000000E+00
 +0.148320E+01 -0.100570E+03 -0.252592E+03 -0.113869E+03 -0.120932E+03 +0.975295E+02 +0.000000E+00 +0.000000E+00 -0.250154E-02 +0.134196E-03 +0.000000E+00 +0.370612E-02 +0.000000E+00 +0.000000E+00
 +0.148320E+01 -0.100580E+03 -0.251384E+03 -0.114182E+03 -0.120637E+03 +0.973175E+02 +0.000000E+00 +0.000000E+00 -0.248420E-02 +0.122643E-03 +0.000000E+00 +0.369807E-02 +0.000000E+00 +0.000000E+00
 +0.148320E+01 -0.100590E+03 -0.250199E+03 -0.114482E+03 -0.120345E+03 +0.971021E+02 +0.000000E+00 +0.000000E+00 -0.246724E-02 +0.111398E-03 +0.000000E+00 +0.368988E-02 +0.000000E+00 +0.000000E+00
 +0.148320E+01 -0.100600E+03 -0.249029E+03 -0.114774E+03 -0.120055E+03 +0.968846E+02 +0.000000E+00 +0.000000E+00 -0.245051E-02 +0.100343E-03 +0.000000E+00 +0.368162E-02 +0.000000E+00 +0.000000E+00
 +0.148320E+01 -0.100610E+03 -0.247880E+03 -0.115054E+03 -0.119769E+03 +0.966643E+02 +0.000000E+00 +0.000000E+00 -0.243413E-02 +0.895667E-04 +0.000000E+00 +0.367324E-02 +0.000000E+00 +0.000000E+00
 +0.148320E+01 -0.100620E+03 -0.246746E+03 -0.115328E+03 -0.119484E+03 +0.964421E+02 +0.000000E+00 +0.000000E+00 -0.241797E-02 +0.789740E-04 +0.000000E+00 +0.366480E-02 +0.000000E+00 +0.000000E+00
 +0.148320E+01 -0.100630E+03 -0.245630E+03 -0.115591E+03 -0.119203E+03 +0.962174E+02 +0.000000E+00 +0.000000E+00 -0.240212E-02 +0.686340E-04 +0.000000E+00 +0.365626E-02 +0.000000E+00 +0.000000E+00
 +0.148320E+01 -0.100640E+03 -0.244529E+03 -0.115846E+03 -0.118924E+03 +0.959909E+02 +0.000000E+00 +0.000000E+00 -0.238649E-02 +0.584707E-04 +0.000000E+00 +0.364766E-02 +0.000000E+00 +0.000000E+00
 +0.148320E+01 -0.100650E+03 -0.243445E+03 -0.116093E+03 -0.118647E+03 +0.957623E+02 +0.000000E+00 +0.000000E+00 -0.237115E-02 +0.485375E-04 +0.000000E+00 +0.363897E-02 +0.000000E+00 +0.000000E+00
 +0.148320E+01 -0.100660E+03 -0.242374E+03 -0.116332E+03 -0.118373E+03 +0.955321E+02 +0.000000E+00 +0.000000E+00 -0.235602E-02 +0.387745E-04 +0.000000E+00 +0.363022E-02 +0.000000E+00 +0.000000E+00
 +0.148320E+01 -0.100670E+03 -0.241319E+03 -0.116563E+03 -0.118101E+03 +0.953000E+02 +0.000000E+00 +0.000000E+00 -0.234114E-02 +0.292213E-04 +0.000000E+00 +0.362140E-02 +0.000000E+00 +0.000000E+00
 +0.148320E+01 -0.100680E+03 -0.240278E+03 -0.116788E+03 -0.117832E+03 +0.950664E+02 +0.000000E+00 +0.000000E+00 -0.232648E-02 +0.198325E-04 +0.000000E+00 +0.361252E-02 +0.000000E+00 +0.000000E+00
 +0.148320E+01 -0.100690E+03 -0.239251E+03 -0.117005E+03 -0.117564E+03 +0.948310E+02 +0.000000E+00 +0.000000E+00 -0.231205E-02 +0.106354E-04 +0.000000E+00 +0.360358E-02 +0.000000E+00 +0.000000E+00
 +0.148320E+01 -0.100700E+03 -0.238237E+03 -0.117215E+03 -0.117299E+03 +0.945943E+02 +0.000000E+00 +0.000000E+00 -0.229781E-02 +0.159728E-05 +0.000000E+00 +0.359458E-02 +0.000000E+00 +0.000000E+00
 +0.148320E+01 -0.100710E+03 -0.237236E+03 -0.117418E+03 -0.117036E+03 +0.943561E+02 +0.000000E+00 +0.000000E+00 -0.228380E-02 -0.726524E-05 +0.000000E+00 +0.358553E-02 +0.000000E+00 +0.000000E+00
 +0.148320E+01 -0.100720E+03 -0.236248E+03 -0.117616E+03 -0.116775E+03 +0.941166E+02 +0.000000E+00 +0.000000E+00 -0.226998E-02 -0.159738E-04 +0.000000E+00 +0.357643E-02 +0.000000E+00 +0.000000E+00
 +0.148320E+01 -0.100730E+03 -0.235272E+03 -0.117806E+03 -0.116516E+03 +0.938757E+02 +0.000000E+00 +0.000000E+00 -0.225636E-02 -0.245213E-04 +0.000000E+00 +0.356728E-02 +0.000000E+00 +0.000000E+00
 +0.148320E+01 -0.100740E+03 -0.234308E+03 -0.117991E+03 -0.116259E+03 +0.936335E+02 +0.000000E+00 +0.000000E+00 -0.224293E-02 -0.329194E-04 +0.000000E+00 +0.355807E-02 +0.000000E+00 +0.000000E+00
 +0.148320E+01 -0.100750E+03 -0.233355E+03 -0.118170E+03 -0.116003E+03 +0.933902E+02 +0.000000E+00 +0.000000E+00 -0.222968E-02 -0.411694E-04 +0.000000E+00 +0.354883E-02 +0.000000E+00 +0.000000E+00
 +0.148320E+01 -0.100760E+03 -0.232414E+03 -0.118343E+03 -0.115750E+03 +0.931456E+02 +0.000000E+00 +0.000000E+00 -0.221662E-02 -0.492742E-04 +0.000000E+00 +0.353953E-02 +0.000000E+00 +0.000000E+00
 +0.148320E+01 -0.100770E+03 -0.231484E+03 -0.118511E+03 -0.115498E+03 +0.928999E+02 +0.000000E+00 +0.000000E+00 -0.220373E-02 -0.572426E-04 +0.000000E+00 +0.353020E-02 +0.000000E+00 +0.000000E+00
 +0.148320E+01 -0.100780E+03 -0.230565E+03 -0.118673E+03 -0.115249E+03 +0.926531E+02 +0.000000E+00 +0.000000E+00 -0.219101E-02 -0.650697E-04 +0.000000E+00 +0.352082E-02 +0.000000E+00 +0.000000E+00
 +0.148320E+01 -0.100790E+03 -0.229656E+03 -0.118831E+03 -0.115001E+03 +0.924053E+02 +0.000000E+00 +0.000000E+00 -0.217845E-02 -0.727711E-04 +0.000000E+00 +0.351140E-02 +0.000000E+00 +0.000000E+00
 +0.148320E+01 -0.100800E+03 -0.228758E+03 -0.118982E+03 -0.114754E+03 +0.921563E+02 +0.000000E+00 +0.000000E+00 -0.216607E-02 -0.803345E-04 +0.000000E+00 +0.350194E-02 +0.000000E+00 +0.000000E+00
 +0.148320E+01 -0.100810E+03 -0.227869E+03 -0.119130E+03 -0.114510E+03 +0.919065E+02 +0.000000E+00 +0.000000E+00 -0.215383E-02 -0.877819E-04 +0.000000E+00 +0.349245E-02 +0.000000E+00 +0.000000E+00
 +0.148320E+01 -0.100820E+03 -0.226991E+03 -0.119272E+03 -0.114267E+03 +0.916555E+02 +0.000000E+00 +0.000000E+00 -0.214176E-02 -0.950946E-04 +0.000000E+00 +0.348291E-02 +0.000000E+00 +0.000000E+00
 +0.148320E+01 -0.100830E+03 -0.226121E+03 -0.119409E+03 -0.114025E+03 +0.914038E+02 +0.000000E+00 +0.000000E+00 -0.212983E-02 -0.102300E-03 +0.000000E+00 +0.347334E-02 +0.000000E+00 +0.000000E+00
 +0.148320E+01 -0.100840E+03 -0.225262E+03 -0.119542E+03 -0.113785E+03 +0.911510E+02 +0.000000E+00 +0.000000E+00 -0.211806E-02 -0.109373E-03 +0.000000E+00 +0.346374E-02 +0.000000E+00 +0.000000E+00
 +0.148320E+01 -0.100850E+03 -0.224411E+03 -0.119670E+03 -0.113547E+03 +0.908974E+02 +0.000000E+00 +0.000000E+00 -0.210642E-02 -0.116348E-03 +0.000000E+00 +0.345410E-02 +0.000000E+00 +0.000000E+00
 +0.148320E+01 -0.100860E+03 -0.223570E+03 -0.119794E+03 -0.113310E+03 +0.906429E+02 +0.000000E+00 +0.000000E+00 -0.209494E-02 -0.123193E-03 +0.000000E+00 +0.344443E-02 +0.000000E+00 +0.000000E+00
 +0.148320E+01 -0.100870E+03 -0.222736E+03 -0.119914E+03 -0.113074E+03 +0.903876E+02 +0.000000E+00 +0.000000E+00 -0.208357E-02 -0.129946E-03 +0.000000E+00 +0.343473E-02 +0.000000E+00 +0.000000E+00
 +0.148320E+01 -0.100880E+03 -0.221913E+03 -0.120029E+03 -0.112841E+03 +0.901314E+02 +0.000000E+00 +0.000000E+00 -0.207237E-02 -0.136572E-03 +0.000000E+00 +0.342499E-02 +0.000000E+00 +0.000000E+00
 +0.148320E+01 -0.100890E+03 -0.221096E+03 -0.120140E+03 -0.112608E+03 +0.898745E+02 +0.000000E+00 +0.000000E+00 -0.206127E-02 -0.143113E-03 +0.000000E+00 +0.341523E-02 +0.000000E+00 +0.000000E+00
 +0.148320E+01 -0.100900E+03 -0.220289E+03 -0.120247E+03 -0.112377E+03 +0.896167E+02 +0.000000E+00 +0.000000E+00 -0.205034E-02 -0.149529E-03 +0.000000E+00 +0.340544E-02 +0.000000E+00 +0.000000E+00
 +0.148320E+01 -0.100910E+03 -0.219489E+03 -0.120351E+03 -0.112147E+03 +0.893583E+02 +0.000000E+00 +0.000000E+00 -0.203950E-02 -0.155866E-03 +0.000000E+00 +0.339562E-02 +0.000000E+00 +0.000000E+00
 +0.148320E+01 -0.100920E+03 -0.218699E+03 -0.120449E+03 -0.111919E+03 +0.890990E+02 +0.000000E+00 +0.000000E+00 -0.202881E-02 -0.162081E-03 +0.000000E+00 +0.338576E-02 +0.000000E+00 +0.000000E+00
 +0.148320E+01 -0.100930E+03 -0.217914E+03 -0.120545E+03 -0.111692E+03 +0.888392E+02 +0.000000E+00 +0.000000E+00 -0.201823E-02 -0.168222E-03 +0.000000E+00 +0.337589E-02 +0.000000E+00 +0.000000E+00
 +0.148320E+01 -0.100940E+03 -0.217139E+03 -0.120637E+03 -0.111466E+03 +0.885785E+02 +0.000000E+00 +0.000000E+00 -0.200779E-02 -0.174243E-03 +0.000000E+00 +0.336598E-02 +0.000000E+00 +0.000000E+00
 +0.148320E+01 -0.100950E+03 -0.216370E+03 -0.120725E+03 -0.111241E+03 +0.883173E+02 +0.000000E+00 +0.000000E+00 -0.199744E-02 -0.180196E-03 +0.000000E+00 +0.335606E-02 +0.000000E+00 +0.000000E+00
 +0.148320E+01 -0.100960E+03 -0.215610E+03 -0.120809E+03 -0.111018E+03 +0.880553E+02 +0.000000E+00 +0.000000E+00 -0.198724E-02 -0.186029E-03 +0.000000E+00 +0.334610E-02 +0.000000E+00 +0.000000E+00
 +0.148320E+01 -0.100970E+03 -0.214855E+03 -0.120891E+03 -0.110796E+03 +0.877928E+02 +0.000000E+00 +0.000000E+00 -0.197712E-02 -0.191799E-03 +0.000000E+00 +0.333613E-02 +0.000000E+00 +0.000000E+00
 +0.148320E+01 -0.100980E+03 -0.214109E+03 -0.120968E+03 -0.110575E+03 +0.875295E+02 +0.000000E+00 +0.000000E+00 -0.196715E-02 -0.197452E-03 +0.000000E+00 +0.332612E-02 +0.000000E+00 +0.000000E+00
 +0.148320E+01 -0.100990E+03 -0.213369E+03 -0.121042E+03 -0.110356E+03 +0.872659E+02 +0.000000E+00 +0.000000E+00 -0.195725E-02 -0.203046E-03 +0.000000E+00 +0.331610E-02 +0.000000E+00 +0.000000E+00
 +0.148320E+01 -0.101000E+03 -0.212638E+03 -0.121112E+03 -0.110137E+03 +0.870014E+02 +0.000000E+00 +0.000000E+00 -0.194750E-02 -0.208524E-03 +0.000000E+00 +0.330605E-02 +0.000000E+00 +0.000000E+00
 +0.148320E+01 -0.101010E+03 -0.211911E+03 -0.121180E+03 -0.109920E+03 +0.867366E+02 +0.000000E+00 +0.000000E+00 -0.193782E-02 -0.213948E-03 +0.000000E+00 +0.329599E-02 +0.000000E+00 +0.000000E+00
 +0.148320E+01 -0.101020E+03 -0.211193E+03 -0.121244E+03 -0.109704E+03 +0.864710E+02 +0.000000E+00 +0.000000E+00 -0.192829E-02 -0.219257E-03 +0.000000E+00 +0.328590E-02 +0.000000E+00 +0.000000E+00
 +0.148320E+01 -0.101030E+03 -0.210479E+03 -0.121306E+03 -0.109489E+03 +0.862052E+02 +0.000000E+00 +0.000000E+00 -0.191882E-02 -0.224515E-03 +0.000000E+00 +0.327580E-02 +0.000000E+00 +0.000000E+00
 +0.148320E+01 -0.101040E+03 -0.209775E+03 -0.121363E+03 -0.109275E+03 +0.859386E+02 +0.000000E+00 +0.000000E+00 -0.190949E-02 -0.229660E-03 +0.000000E+00 +0.326567E-02 +0.000000E+00 +0.000000E+00
 +0.148320E+01 -0.101050E+03 -0.209074E+03 -0.121418E+03 -0.109063E+03 +0.856717E+02 +0.000000E+00 +0.000000E+00 -0.190022E-02 -0.234758E-03 +0.000000E+00 +0.325552E-02 +0.000000E+00 +0.000000E+00
 +0.148320E+01 -0.101060E+03 -0.208383E+03 -0.121469E+03 -0.108851E+03 +0.854042E+02 +0.000000E+00 +0.000000E+00 -0.189110E-02 -0.239745E-03 +0.000000E+00 +0.324536E-02 +0.000000E+00 +0.000000E+00
 +0.148320E+01 -0.101070E+03 -0.207695E+03 -0.121519E+03 -0.108640E+03 +0.851364E+02 +0.000000E+00 +0.000000E+00 -0.188203E-02 -0.244687E-03 +0.000000E+00 +0.323518E-02 +0.000000E+00 +0.000000E+00
 +0.148320E+01 -0.101080E+03 -0.207016E+03 -0.121564E+03 -0.108431E+03 +0.848680E+02 +0.000000E+00 +0.000000E+00 -0.187310E-02 -0.249519E-03 +0.000000E+00 +0.322498E-02 +0.000000E+00 +0.000000E+00
 +0.148320E+01 -0.101090E+03 -0.206340E+03 -0.121607E+03 -0.108223E+03 +0.845993E+02 +0.000000E+00 +0.000000E+00 -0.186423E-02 -0.254311E-03 +0.000000E+00 +0.321477E-02 +0.000000E+00 +0.000000E+00
 +0.148320E+01 -0.101100E+03 -0.205673E+03 -0.121647E+03 -0.108015E+03 +0.843301E+02 +0.000000E+00 +0.000000E+00 -0.185549E-02 -0.258992E-03 +0.000000E+00 +0.320454E-02 +0.000000E+00 +0.000000E+00
 +0.148320E+01 -0.101110E+03 -0.205009E+03 -0.121684E+03 -0.107809E+03 +0.840607E+02 +0.000000E+00 +0.000000E+00 -0.184680E-02 -0.263637E-03 +0.000000E+00 +0.319431E-02 +0.000000E+00 +0.000000E+00
 +0.148320E+01 -0.101120E+03 -0.204354E+03 -0.121718E+03 -0.107604E+03 +0.837908E+02 +0.000000E+00 +0.000000E+00 -0.183825E-02 -0.268173E-03 +0.000000E+00 +0.318405E-02 +0.000000E+00 +0.000000E+00
 +0.148320E+01 -0.101130E+03 -0.203702E+03 -0.121751E+03 -0.107399E+03 +0.835206E+02 +0.000000E+00 +0.000000E+00 -0.182975E-02 -0.272674E-03 +0.000000E+00 +0.317378E-02 +0.000000E+00 +0.000000E+00
 +0.148320E+01 -0.101140E+03 -0.203058E+03 -0.121779E+03 -0.107196E+03 +0.832500E+02 +0.000000E+00 +0.000000E+00 -0.182138E-02 -0.277067E-03 +0.000000E+00 +0.316350E-02 +0.000000E+00 +0.000000E+00
 +0.148320E+01 -0.101150E+03 -0.202417E+03 -0.121806E+03 -0.106994E+03 +0.829792E+02 +0.000000E+00 +0.000000E+00 -0.181305E-02 -0.281429E-03 +0.000000E+00 +0.315321E-02 +0.000000E+00 +0.000000E+00
 +0.148320E+01 -0.101160E+03 -0.201785E+03 -0.121829E+03 -0.106793E+03 +0.827080E+02 +0.000000E+00 +0.000000E+00 -0.180486E-02 -0.285684E-03 +0.000000E+00 +0.314291E-02 +0.000000E+00 +0.000000E+00
 +0.148320E+01 -0.101170E+03 -0.201155E+03 -0.121850E+03 -0.106592E+03 +0.824367E+02 +0.000000E+00 +0.000000E+00 -0.179671E-02 -0.289910E-03 +0.000000E+00 +0.313259E-02 +0.000000E+00 +0.000000E+00
 +0.148320E+01 -0.101180E+03 -0.200534E+03 -0.121868E+03 -0.106393E+03 +0.821650E+02 +0.000000E+00 +0.000000E+00 -0.178869E-02 -0.294030E-03 +0.000000E+00 +0.312227E-02 +0.000000E+00 +0.000000E+00
 +0.148320E+01 -0.101190E+03 -0.199915E+03 -0.121885E+03 -0.106194E+03 +0.818931E+02 +0.000000E+00 +0.000000E+00 -0.178070E-02 -0.298124E-03 +0.000000E+00 +0.311194E-02 +0.000000E+00 +0.000000E+00
 +0.148320E+01 -0.101200E+03 -0.199305E+03 -0.121897E+03 -0.105997E+03 +0.816210E+02 +0.000000E+00 +0.000000E+00 -0.177285E-02 -0.302112E-03 +0.000000E+00 +0.310160E-02 +0.000000E+00 +0.000000E+00
 +0.148320E+01 -0.101210E+03 -0.198697E+03 -0.121909E+03 -0.105800E+03 +0.813487E+02 +0.000000E+00 +0.000000E+00 -0.176504E-02 -0.306077E-03 +0.000000E+00 +0.309125E-02 +0.000000E+00 +0.000000E+00
 +0.148320E+01 -0.101220E+03 -0.198097E+03 -0.121917E+03 -0.105605E+03 +0.810761E+02 +0.000000E+00 +0.000000E+00 -0.175735E-02 -0.309936E-03 +0.000000E+00 +0.308089E-02 +0.000000E+00 +0.000000E+00
 +0.148320E+01 -0.101230E+03 -0.197499E+03 -0.121924E+03 -0.105409E+03 +0.808035E+02 +0.000000E+00 +0.000000E+00 -0.174970E-02 -0.313774E-03 +0.000000E+00 +0.307053E-02 +0.000000E+00 +0.000000E+00
 +0.148320E+01 -0.101240E+03 -0.196909E+03 -0.121927E+03 -0.105216E+03 +0.805306E+02 +0.000000E+00 +0.000000E+00 -0.174217E-02 -0.317508E-03 +0.000000E+00 +0.306016E-02 +0.000000E+00 +0.000000E+00
 +0.148320E+01 -0.101250E+03 -0.196321E+03 -0.121929E+03 -0.105023E+03 +0.802577E+02 +0.000000E+00 +0.000000E+00 -0.173467E-02 -0.321223E-03 +0.000000E+00 +0.304979E-02 +0.000000E+00 +0.000000E+00
 +0.148320E+01 -0.101260E+03 -0.195742E+03 -0.121927E+03 -0.104831E+03 +0.799846E+02 +0.000000E+00 +0.000000E+00 -0.172731E-02 -0.324835E-03 +0.000000E+00 +0.303941E-02 +0.000000E+00 +0.000000E+00
 +0.148320E+01 -0.101270E+03 -0.195164E+03 -0.121925E+03 -0.104639E+03 +0.797114E+02 +0.000000E+00 +0.000000E+00 -0.171997E-02 -0.328429E-03 +0.000000E+00 +0.302903E-02 +0.000000E+00 +0.000000E+00
 +0.148320E+01 -0.101280E+03 -0.194594E+03 -0.121919E+03 -0.104449E+03 +0.794381E+02 +0.000000E+00 +0.000000E+00 -0.171276E-02 -0.331921E-03 +0.000000E+00 +0.301865E-02 +0.000000E+00 +0.000000E+00
 +0.148320E+01 -0.101290E+03 -0.194026E+03 -0.121912E+03 -0.104260E+03 +0.791647E+02 +0.000000E+00 +0.000000E+00 -0.170557E-02 -0.335397E-03 +0.000000E+00 +0.300826E-02 +0.000000E+00 +0.000000E+00
 +0.148320E+01 -0.101300E+03 -0.193466E+03 -0.121902E+03 -0.104071E+03 +0.788913E+02 +0.000000E+00 +0.000000E+00 -0.169851E-02 -0.338772E-03 +0.000000E+00 +0.299787E-02 +0.000000E+00 +0.000000E+00
 +0.148320E+01 -0.101310E+03 -0.192908E+03 -0.121890E+03 -0.103883E+03 +0.786179E+02 +0.000000E+00 +0.000000E+00 -0.169146E-02 -0.342133E-03 +0.000000E+00 +0.298748E-02 +0.000000E+00 +0.000000E+00
 +0.148320E+01 -0.101320E+03 -0.192358E+03 -0.121876E+03 -0.103697E+03 +0.783444E+02 +0.000000E+00 +0.000000E+00 -0.168455E-02 -0.345393E-03 +0.000000E+00 +0.297709E-02 +0.000000E+00 +0.000000E+00
 +0.148320E+01 -0.101330E+03 -0.191808E+03 -0.121860E+03 -0.103511E+03 +0.780709E+02 +0.000000E+00 +0.000000E+00 -0.167766E-02 -0.348642E-03 +0.000000E+00 +0.296670E-02 +0.000000E+00 +0.000000E+00
 +0.148320E+01 -0.101340E+03 -0.191267E+03 -0.121841E+03 -0.103326E+03 +0.777975E+02 +0.000000E+00 +0.000000E+00 -0.167089E-02 -0.351790E-03 +0.000000E+00 +0.295630E-02 +0.000000E+00 +0.000000E+00
 +0.148320E+01 -0.101350E+03 -0.190727E+03 -0.121822E+03 -0.103141E+03 +0.775240E+02 +0.000000E+00 +0.000000E+00 -0.166414E-02 -0.354929E-03 +0.000000E+00 +0.294591E-02 +0.000000E+00 +0.000000E+00
 +0.148320E+01 -0.101360E+03 -0.190195E+03 -0.121798E+03 -0.102958E+03 +0.772507E+02 +0.000000E+00 +0.000000E+00 -0.165751E-02 -0.357968E-03 +0.000000E+00 +0.293553E-02 +0.000000E+00 +0.000000E+00
 +0.148320E+01 -0.101370E+03 -0.189664E+03 -0.121775E+03 -0.102775E+03 +0.769773E+02 +0.000000E+00 +0.000000E+00 -0.165090E-02 -0.360998E-03 +0.000000E+00 +0.292514E-02 +0.000000E+00 +0.000000E+00
 +0.148320E+01 -0.101380E+03 -0.189142E+03 -0.121748E+03 -0.102593E+03 +0.767041E+02 +0.000000E+00 +0.000000E+00 -0.164441E-02 -0.363930E-03 +0.000000E+00 +0.291475E-02 +0.000000E+00 +0.000000E+00
 +0.148320E+01 -0.101390E+03 -0.188619E+03 -0.121720E+03 -0.102412E+03 +0.764309E+02 +0.000000E+00 +0.000000E+00 -0.163794E-02 -0.366855E-03 +0.000000E+00 +0.290437E-02 +0.000000E+00 +0.000000E+00
 +0.148320E+01 -0.101400E+03 -0.188105E+03 -0.121689E+03 -0.102232E+03 +0.761578E+02 +0.000000E+00 +0.000000E+00 -0.163159E-02 -0.369682E-03 +0.000000E+00 +0.289400E-02 +0.000000E+00 +0.000000E+00
 +0.148320E+01 -0.101410E+03 -0.187592E+03 -0.121658E+03 -0.102052E+03 +0.758848E+02 +0.000000E+00 +0.000000E+00 -0.162525E-02 -0.372504E-03 +0.000000E+00 +0.288362E-02 +0.000000E+00 +0.000000E+00
 +0.148320E+01 -0.101420E+03 -0.187086E+03 -0.121623E+03 -0.101874E+03 +0.756120E+02 +0.000000E+00 +0.000000E+00 -0.161903E-02 -0.375228E-03 +0.000000E+00 +0.287326E-02 +0.000000E+00 +0.000000E+00
 +0.148320E+01 -0.101430E+03 -0.186581E+03 -0.121588E+03 -0.101696E+03 +0.753393E+02 +0.000000E+00 +0.000000E+00 -0.161283E-02 -0.377949E-03 +0.000000E+00 +0.286289E-02 +0.000000E+00 +0.000000E+00
 +0.148320E+01 -0.101440E+03 -0.186085E+03 -0.121549E+03 -0.101519E+03 +0.750668E+02 +0.000000E+00 +0.000000E+00 -0.160674E-02 -0.380573E-03 +0.000000E+00 +0.285254E-02 +0.000000E+00 +0.000000E+00
 +0.148320E+01 -0.101450E+03 -0.185588E+03 -0.121511E+03 -0.101343E+03 +0.747944E+02 +0.000000E+00 +0.000000E+00 -0.160066E-02 -0.383195E-03 +0.000000E+00 +0.284219E-02 +0.000000E+00 +0.000000E+00
 +0.148320E+01 -0.101460E+03 -0.185100E+03 -0.121469E+03 -0.101167E+03 +0.745223E+02 +0.000000E+00 +0.000000E+00 -0.159471E-02 -0.385721E-03 +0.000000E+00 +0.283185E-02 +0.000000E+00 +0.000000E+00
 +0.148320E+01 -0.101470E+03 -0.184611E+03 -0.121426E+03 -0.100992E+03 +0.742503E+02 +0.000000E+00 +0.000000E+00 -0.158876E-02 -0.388245E-03 +0.000000E+00 +0.282151E-02 +0.000000E+00 +0.000000E+00
 +0.148320E+01 -0.101480E+03 -0.184131E+03 -0.121381E+03 -0.100819E+03 +0.739787E+02 +0.000000E+00 +0.000000E+00 -0.158293E-02 -0.390675E-03 +0.000000E+00 +0.281119E-02 +0.000000E+00 +0.000000E+00
 +0.148320E+01 -0.101490E+03 -0.183651E+03 -0.121335E+03 -0.100645E+03 +0.737070E+02 +0.000000E+00 +0.000000E+00 -0.157710E-02 -0.393104E-03 +0.000000E+00 +0.280087E-02 +0.000000E+00 +0.000000E+00
 +0.148320E+01 -0.101500E+03 -0.183179E+03 -0.121286E+03 -0.100473E+03 +0.734359E+02 +0.000000E+00 +0.000000E+00 -0.157140E-02 -0.395441E-03 +0.000000E+00 +0.279056E-02 +0.000000E+00 +0.000000E+00
 +0.148320E+01 -0.101510E+03 -0.182706E+03 -0.121237E+03 -0.100301E+03 +0.731648E+02 +0.000000E+00 +0.000000E+00 -0.156570E-02 -0.397775E-03 +0.000000E+00 +0.278026E-02 +0.000000E+00 +0.000000E+00
 +0.148320E+01 -0.101520E+03 -0.182242E+03 -0.121184E+03 -0.100131E+03 +0.728941E+02 +0.000000E+00 +0.000000E+00 -0.156011E-02 -0.400021E-03 +0.000000E+00 +0.276998E-02 +0.000000E+00 +0.000000E+00
 +0.148320E+01 -0.101530E+03 -0.181778E+03 -0.121132E+03 -0.999602E+02 +0.726236E+02 +0.000000E+00 +0.000000E+00 -0.155453E-02 -0.402263E-03 +0.000000E+00 +0.275970E-02 +0.000000E+00 +0.000000E+00
 +0.148320E+01 -0.101540E+03 -0.181321E+03 -0.121076E+03 -0.997912E+02 +0.723535E+02 +0.000000E+00 +0.000000E+00 -0.154907E-02 -0.404420E-03 +0.000000E+00 +0.274943E-02 +0.000000E+00 +0.000000E+00
 +0.148320E+01 -0.101550E+03 -0.180865E+03 -0.121021E+03 -0.996222E+02 +0.720835E+02 +0.000000E+00 +0.000000E+00 -0.154361E-02 -0.406572E-03 +0.000000E+00 +0.273917E-02 +0.000000E+00 +0.000000E+00
 +0.148320E+01 -0.101560E+03 -0.180416E+03 -0.120962E+03 -0.994546E+02 +0.718142E+02 +0.000000E+00 +0.000000E+00 -0.153826E-02 -0.408642E-03 +0.000000E+00 +0.272894E-02 +0.000000E+00 +0.000000E+00
 +0.148320E+01 -0.101570E+03 -0.179967E+03 -0.120903E+03 -0.992871E+02 +0.715448E+02 +0.000000E+00 +0.000000E+00 -0.153291E-02 -0.410706E-03 +0.000000E+00 +0.271870E-02 +0.000000E+00 +0.000000E+00
 +0.148320E+01 -0.101580E+03 -0.179525E+03 -0.120842E+03 -0.991210E+02 +0.712761E+02 +0.000000E+00 +0.000000E+00 -0.152768E-02 -0.412691E-03 +0.000000E+00 +0.270849E-02 +0.000000E+00 +0.000000E+00
 +0.148320E+01 -0.101590E+03 -0.179084E+03 -0.120780E+03 -0.989550E+02 +0.710075E+02 +0.000000E+00 +0.000000E+00 -0.152245E-02 -0.414668E-03 +0.000000E+00 +0.269828E-02 +0.000000E+00 +0.000000E+00
 +0.148320E+01 -0.101600E+03 -0.178650E+03 -0.120715E+03 -0.987903E+02 +0.707395E+02 +0.000000E+00 +0.000000E+00 -0.151733E-02 -0.416569E-03 +0.000000E+00 +0.268810E-02 +0.000000E+00 +0.000000E+00
 +0.148320E+01 -0.101610E+03 -0.178216E+03 -0.120650E+03 -0.986257E+02 +0.704716E+02 +0.000000E+00 +0.000000E+00 -0.151221E-02 -0.418462E-03 +0.000000E+00 +0.267792E-02 +0.000000E+00 +0.000000E+00
 +0.148320E+01 -0.101620E+03 -0.177789E+03 -0.120583E+03 -0.984625E+02 +0.702044E+02 +0.000000E+00 +0.000000E+00 -0.150720E-02 -0.420281E-03 +0.000000E+00 +0.266777E-02 +0.000000E+00 +0.000000E+00
 +0.148320E+01 -0.101630E+03 -0.177362E+03 -0.120515E+03 -0.982994E+02 +0.699373E+02 +0.000000E+00 +0.000000E+00 -0.150219E-02 -0.422091E-03 +0.000000E+00 +0.265762E-02 +0.000000E+00 +0.000000E+00
 +0.148320E+01 -0.101640E+03 -0.176942E+03 -0.120444E+03 -0.981375E+02 +0.696709E+02 +0.000000E+00 +0.000000E+00 -0.149729E-02 -0.423829E-03 +0.000000E+00 +0.264749E-02 +0.000000E+00 +0.000000E+00
 +0.148320E+01 -0.101650E+03 -0.176523E+03 -0.120374E+03 -0.979758E+02 +0.694046E+02 +0.000000E+00 +0.000000E+00 -0.149239E-02 -0.425558E-03 +0.000000E+00 +0.263737E-02 +0.000000E+00 +0.000000E+00
 +0.148320E+01 -0.101660E+03 -0.176110E+03 -0.120301E+03 -0.978154E+02 +0.691391E+02 +0.000000E+00 +0.000000E+00 -0.148759E-02 -0.427219E-03 +0.000000E+00 +0.262728E-02 +0.000000E+00 +0.000000E+00
 +0.148320E+01 -0.101670E+03 -0.175697E+03 -0.120227E+03 -0.976551E+02 +0.688737E+02 +0.000000E+00 +0.000000E+00 -0.148280E-02 -0.428868E-03 +0.000000E+00 +0.261720E-02 +0.000000E+00 +0.000000E+00
 +0.148320E+01 -0.101680E+03 -0.175291E+03 -0.120151E+03 -0.974961E+02 +0.686090E+02 +0.000000E+00 +0.000000E+00 -0.147811E-02 -0.430452E-03 +0.000000E+00 +0.260714E-02 +0.000000E+00 +0.000000E+00
 +0.148320E+01 -0.101690E+03 -0.174886E+03 -0.120075E+03 -0.973372E+02 +0.683446E+02 +0.000000E+00 +0.000000E+00 -0.147343E-02 -0.432024E-03 +0.000000E+00 +0.259709E-02 +0.000000E+00 +0.000000E+00
 +0.148320E+01 -0.101700E+03 -0.174486E+03 -0.119997E+03 -0.971795E+02 +0.680809E+02 +0.000000E+00 +0.000000E+00 -0.146883E-02 -0.433532E-03 +0.000000E+00 +0.258707E-02 +0.000000E+00 +0.000000E+00
 +0.148320E+01 -0.101710E+03 -0.174088E+03 -0.119918E+03 -0.970221E+02 +0.678174E+02 +0.000000E+00 +0.000000E+00 -0.146425E-02 -0.435028E-03 +0.000000E+00 +0.257706E-02 +0.000000E+00 +0.000000E+00
 +0.148320E+01 -0.101720E+03 -0.173695E+03 -0.119837E+03 -0.968657E+02 +0.675547E+02 +0.000000E+00 +0.000000E+00 -0.145976E-02 -0.436463E-03 +0.000000E+00 +0.256708E-02 +0.000000E+00 +0.000000E+00
 +0.148320E+01 -0.101730E+03 -0.173303E+03 -0.119756E+03 -0.967096E+02 +0.672922E+02 +0.000000E+00 +0.000000E+00 -0.145528E-02 -0.437885E-03 +0.000000E+00 +0.255710E-02 +0.000000E+00 +0.000000E+00
 +0.148320E+01 -0.101740E+03 -0.172917E+03 -0.119673E+03 -0.965547E+02 +0.670305E+02 +0.000000E+00 +0.000000E+00 -0.145088E-02 -0.439247E-03 +0.000000E+00 +0.254716E-02 +0.000000E+00 +0.000000E+00
 +0.148320E+01 -0.101750E+03 -0.172532E+03 -0.119589E+03 -0.964000E+02 +0.667690E+02 +0.000000E+00 +0.000000E+00 -0.144651E-02 -0.440596E-03 +0.000000E+00 +0.253722E-02 +0.000000E+00 +0.000000E+00
 +0.148320E+01 -0.101760E+03 -0.172152E+03 -0.119504E+03 -0.962463E+02 +0.665084E+02 +0.000000E+00 +0.000000E+00 -0.144221E-02 -0.441888E-03 +0.000000E+00 +0.252732E-02 +0.000000E+00 +0.000000E+00
 +0.148320E+01 -0.101770E+03 -0.171773E+03 -0.119418E+03 -0.960930E+02 +0.662480E+02 +0.000000E+00 +0.000000E+00 -0.143793E-02 -0.443166E-03 +0.000000E+00 +0.251742E-02 +0.000000E+00 +0.000000E+00
 +0.148320E+01 -0.101780E+03 -0.171400E+03 -0.119330E+03 -0.959407E+02 +0.659884E+02 +0.000000E+00 +0.000000E+00 -0.143372E-02 -0.444389E-03 +0.000000E+00 +0.250756E-02 +0.000000E+00 +0.000000E+00
 +0.148320E+01 -0.101790E+03 -0.171027E+03 -0.119241E+03 -0.957886E+02 +0.657291E+02 +0.000000E+00 +0.000000E+00 -0.142954E-02 -0.445598E-03 +0.000000E+00 +0.249771E-02 +0.000000E+00 +0.000000E+00
 +0.148320E+01 -0.101800E+03 -0.170660E+03 -0.119151E+03 -0.956377E+02 +0.654707E+02 +0.000000E+00 +0.000000E+00 -0.142543E-02 -0.446753E-03 +0.000000E+00 +0.248789E-02 +0.000000E+00 +0.000000E+00
 +0.148320E+01 -0.101810E+03 -0.170294E+03 -0.119060E+03 -0.954870E+02 +0.652126E+02 +0.000000E+00 +0.000000E+00 -0.142134E-02 -0.447893E-03 +0.000000E+00 +0.247808E-02 +0.000000E+00 +0.000000E+00
 +0.148320E+01 -0.101820E+03 -0.169933E+03 -0.118968E+03 -0.953373E+02 +0.649553E+02 +0.000000E+00 +0.000000E+00 -0.141732E-02 -0.448983E-03 +0.000000E+00 +0.246830E-02 +0.000000E+00 +0.000000E+00
 +0.148320E+01 -0.101830E+03 -0.169573E+03 -0.118875E+03 -0.951879E+02 +0.646983E+02 +0.000000E+00 +0.000000E+00 -0.141332E-02 -0.450057E-03 +0.000000E+00 +0.245854E-02 +0.000000E+00 +0.000000E+00
 +0.148320E+01 -0.101840E+03 -0.169218E+03 -0.118781E+03 -0.950396E+02 +0.644422E+02 +0.000000E+00 +0.000000E+00 -0.140939E-02 -0.451081E-03 +0.000000E+00 +0.244880E-02 +0.000000E+00 +0.000000E+00
 +0.148320E+01 -0.101850E+03 -0.168864E+03 -0.118686E+03 -0.948915E+02 +0.641864E+02 +0.000000E+00 +0.000000E+00 -0.140548E-02 -0.452090E-03 +0.000000E+00 +0.243909E-02 +0.000000E+00 +0.000000E+00
 +0.148320E+01 -0.101860E+03 -0.168515E+03 -0.118589E+03 -0.947444E+02 +0.639316E+02 +0.000000E+00 +0.000000E+00 -0.140164E-02 -0.453052E-03 +0.000000E+00 +0.242940E-02 +0.000000E+00 +0.000000E+00
 +0.148320E+01 -0.101870E+03 -0.168167E+03 -0.118492E+03 -0.945977E+02 +0.636770E+02 +0.000000E+00 +0.000000E+00 -0.139782E-02 -0.453996E-03 +0.000000E+00 +0.241973E-02 +0.000000E+00 +0.000000E+00
 +0.148320E+01 -0.101880E+03 -0.167824E+03 -0.118394E+03 -0.944518E+02 +0.634234E+02 +0.000000E+00 +0.000000E+00 -0.139407E-02 -0.454896E-03 +0.000000E+00 +0.241009E-02 +0.000000E+00 +0.000000E+00
 +0.148320E+01 -0.101890E+03 -0.167482E+03 -0.118295E+03 -0.943064E+02 +0.631701E+02 +0.000000E+00 +0.000000E+00 -0.139034E-02 -0.455779E-03 +0.000000E+00 +0.240046E-02 +0.000000E+00 +0.000000E+00
 +0.148320E+01 -0.101900E+03 -0.167144E+03 -0.118194E+03 -0.941618E+02 +0.629178E+02 +0.000000E+00 +0.000000E+00 -0.138667E-02 -0.456618E-03 +0.000000E+00 +0.239087E-02 +0.000000E+00 +0.000000E+00
 +0.148320E+01 -0.101910E+03 -0.166808E+03 -0.118093E+03 -0.940176E+02 +0.626658E+02 +0.000000E+00 +0.000000E+00 -0.138303E-02 -0.457440E-03 +0.000000E+00 +0.238130E-02 +0.000000E+00 +0.000000E+00
 +0.148320E+01 -0.101920E+03 -0.166476E+03 -0.117991E+03 -0.938743E+02 +0.624147E+02 +0.000000E+00 +0.000000E+00 -0.137944E-02 -0.458221E-03 +0.000000E+00 +0.237176E-02 +0.000000E+00 +0.000000E+00
 +0.148320E+01 -0.101930E+03 -0.166146E+03 -0.117888E+03 -0.937314E+02 +0.621640E+02 +0.000000E+00 +0.000000E+00 -0.137588E-02 -0.458983E-03 +0.000000E+00 +0.236223E-02 +0.000000E+00 +0.000000E+00
 +0.148320E+01 -0.101940E+03 -0.165820E+03 -0.117784E+03 -0.935893E+02 +0.619143E+02 +0.000000E+00 +0.000000E+00 -0.137238E-02 -0.459705E-03 +0.000000E+00 +0.235274E-02 +0.000000E+00 +0.000000E+00
 +0.148320E+01 -0.101950E+03 -0.165495E+03 -0.117680E+03 -0.934477E+02 +0.616650E+02 +0.000000E+00 +0.000000E+00 -0.136890E-02 -0.460409E-03 +0.000000E+00 +0.234327E-02 +0.000000E+00 +0.000000E+00
 +0.148320E+01 -0.101960E+03 -0.165174E+03 -0.117574E+03 -0.933068E+02 +0.614165E+02 +0.000000E+00 +0.000000E+00 -0.136548E-02 -0.461075E-03 +0.000000E+00 +0.233383E-02 +0.000000E+00 +0.000000E+00
 +0.148320E+01 -0.101970E+03 -0.164855E+03 -0.117468E+03 -0.931664E+02 +0.611686E+02 +0.000000E+00 +0.000000E+00 -0.136208E-02 -0.461723E-03 +0.000000E+00 +0.232441E-02 +0.000000E+00 +0.000000E+00
 +0.148320E+01 -0.101980E+03 -0.164539E+03 -0.117360E+03 -0.930268E+02 +0.609215E+02 +0.000000E+00 +0.000000E+00 -0.135874E-02 -0.462334E-03 +0.000000E+00 +0.231502E-02 +0.000000E+00 +0.000000E+00
 +0.148320E+01 -0.101990E+03 -0.164226E+03 -0.117252E+03 -0.928876E+02 +0.606749E+02 +0.000000E+00 +0.000000E+00 -0.135542E-02 -0.462925E-03 +0.000000E+00 +0.230565E-02 +0.000000E+00 +0.000000E+00
 +0.148320E+01 -0.102000E+03 -0.163915E+03 -0.117143E+03 -0.927492E+02 +0.604292E+02 +0.000000E+00 +0.000000E+00 -0.135215E-02 -0.463482E-03 +0.000000E+00 +0.229631E-02 +0.000000E+00 +0.000000E+00
 +0.148320E+01 -0.102010E+03 -0.163607E+03 -0.117033E+03 -0.926113E+02 +0.601841E+02 +0.000000E+00 +0.000000E+00 -0.134892E-02 -0.464019E-03 +0.000000E+00 +0.228699E-02 +0.000000E+00 +0.000000E+00
 +0.148320E+01 -0.102020E+03 -0.163302E+03 -0.116923E+03 -0.924741E+02 +0.599397E+02 +0.000000E+00 +0.000000E+00 -0.134573E-02 -0.464524E-03 +0.000000E+00 +0.227771E-02 +0.000000E+00 +0.000000E+00
 +0.148320E+01 -0.102030E+03 -0.162999E+03 -0.116811E+03 -0.923374E+02 +0.596960E+02 +0.000000E+00 +0.000000E+00 -0.134257E-02 -0.465008E-03 +0.000000E+00 +0.226845E-02 +0.000000E+00 +0.000000E+00
 +0.148320E+01 -0.102040E+03 -0.162699E+03 -0.116699E+03 -0.922014E+02 +0.594531E+02 +0.000000E+00 +0.000000E+00 -0.133945E-02 -0.465460E-03 +0.000000E+00 +0.225922E-02 +0.000000E+00 +0.000000E+00
 +0.148320E+01 -0.102050E+03 -0.162401E+03 -0.116586E+03 -0.920658E+02 +0.592107E+02 +0.000000E+00 +0.000000E+00 -0.133637E-02 -0.465893E-03 +0.000000E+00 +0.225001E-02 +0.000000E+00 +0.000000E+00
 +0.148320E+01 -0.102060E+03 -0.162106E+03 -0.116473E+03 -0.919310E+02 +0.589692E+02 +0.000000E+00 +0.000000E+00 -0.133332E-02 -0.466294E-03 +0.000000E+00 +0.224083E-02 +0.000000E+00 +0.000000E+00
 +0.148320E+01 -0.102070E+03 -0.161813E+03 -0.116359E+03 -0.917967E+02 +0.587283E+02 +0.000000E+00 +0.000000E+00 -0.133031E-02 -0.466676E-03 +0.000000E+00 +0.223168E-02 +0.000000E+00 +0.000000E+00
 +0.148320E+01 -0.102080E+03 -0.161523E+03 -0.116243E+03 -0.916630E+02 +0.584882E+02 +0.000000E+00 +0.000000E+00 -0.132735E-02 -0.467028E-03 +0.000000E+00 +0.222255E-02 +0.000000E+00 +0.000000E+00
 +0.148320E+01 -0.102090E+03 -0.161236E+03 -0.116128E+03 -0.915299E+02 +0.582487E+02 +0.000000E+00 +0.000000E+00 -0.132441E-02 -0.467359E-03 +0.000000E+00 +0.221345E-02 +0.000000E+00 +0.000000E+00
 +0.148320E+01 -0.102100E+03 -0.160951E+03 -0.116011E+03 -0.913974E+02 +0.580100E+02 +0.000000E+00 +0.000000E+00 -0.132151E-02 -0.467662E-03 +0.000000E+00 +0.220438E-02 +0.000000E+00 +0.000000E+00
 +0.148320E+01 -0.102110E+03 -0.160668E+03 -0.115894E+03 -0.912654E+02 +0.577719E+02 +0.000000E+00 +0.000000E+00 -0.131864E-02 -0.467944E-03 +0.000000E+00 +0.219533E-02 +0.000000E+00 +0.000000E+00
 +0.148320E+01 -0.102120E+03 -0.160388E+03 -0.115776E+03 -0.911340E+02 +0.575345E+02 +0.000000E+00 +0.000000E+00 -0.131582E-02 -0.468199E-03 +0.000000E+00 +0.218631E-02 +0.000000E+00 +0.000000E+00
 +0.148320E+01 -0.102130E+03 -0.160110E+03 -0.115657E+03 -0.910032E+02 +0.572977E+02 +0.000000E+00 +0.000000E+00 -0.131302E-02 -0.468432E-03 +0.000000E+00 +0.217731E-02 +0.000000E+00 +0.000000E+00
 +0.148320E+01 -0.102140E+03 -0.159834E+03 -0.115538E+03 -0.908729E+02 +0.570616E+02 +0.000000E+00 +0.000000E+00 -0.131027E-02 -0.468639E-03 +0.000000E+00 +0.216834E-02 +0.000000E+00 +0.000000E+00
 +0.148320E+01 -0.102150E+03 -0.159561E+03 -0.115418E+03 -0.907432E+02 +0.568260E+02 +0.000000E+00 +0.000000E+00 -0.130754E-02 -0.468823E-03 +0.000000E+00 +0.215939E-02 +0.000000E+00 +0.000000E+00
 +0.148320E+01 -0.102160E+03 -0.159291E+03 -0.115297E+03 -0.906141E+02 +0.565911E+02 +0.000000E+00 +0.000000E+00 -0.130486E-02 -0.468983E-03 +0.000000E+00 +0.215046E-02 +0.000000E+00 +0.000000E+00
 +0.148320E+01 -0.102170E+03 -0.159022E+03 -0.115176E+03 -0.904854E+02 +0.563565E+02 +0.000000E+00 +0.000000E+00 -0.130220E-02 -0.469120E-03 +0.000000E+00 +0.214155E-02 +0.000000E+00 +0.000000E+00
 +0.148320E+01 -0.102180E+03 -0.158756E+03 -0.115054E+03 -0.903573E+02 +0.561225E+02 +0.000000E+00 +0.000000E+00 -0.129958E-02 -0.469233E-03 +0.000000E+00 +0.213265E-02 +0.000000E+00 +0.000000E+00
 +0.148320E+01 -0.102190E+03 -0.158492E+03 -0.114931E+03 -0.902296E+02 +0.558891E+02 +0.000000E+00 +0.000000E+00 -0.129699E-02 -0.469325E-03 +0.000000E+00 +0.212378E-02 +0.000000E+00 +0.000000E+00
 +0.148320E+01 -0.102200E+03 -0.158230E+03 -0.114808E+03 -0.901024E+02 +0.556564E+02 +0.000000E+00 +0.000000E+00 -0.129443E-02 -0.469396E-03 +0.000000E+00 +0.211494E-02 +0.000000E+00 +0.000000E+00
 +0.148320E+01 -0.102210E+03 -0.157959E+03 -0.114679E+03 -0.899704E+02 +0.553991E+02 +0.000000E+00 +0.000000E+00 -0.129178E-02 -0.469463E-03 +0.000000E+00 +0.210517E-02 +0.000000E+00 +0.000000E+00
 +0.148320E+01 -0.102220E+03 -0.157678E+03 -0.114546E+03 -0.898337E+02 +0.551181E+02 +0.000000E+00 +0.000000E+00 -0.128904E-02 -0.469525E-03 +0.000000E+00 +0.209449E-02 +0.000000E+00 +0.000000E+00
 +0.148320E+01 -0.102230E+03 -0.157421E+03 -0.114419E+03 -0.897071E+02 +0.548914E+02 +0.000000E+00 +0.000000E+00 -0.128656E-02 -0.469526E-03 +0.000000E+00 +0.208587E-02 +0.000000E+00 +0.000000E+00
 +0.148320E+01 -0.102240E+03 -0.157186E+03 -0.114300E+03 -0.895904E+02 +0.547139E+02 +0.000000E+00 +0.000000E+00 -0.128432E-02 -0.469483E-03 +0.000000E+00 +0.207913E-02 +0.000000E+00 +0.000000E+00
 +0.148320E+01 -0.102250E+03 -0.156960E+03 -0.114206E+03 -0.894849E+02 +0.545001E+02 +0.000000E+00 +0.000000E+00 -0.128203E-02 -0.469704E-03 +0.000000E+00 +0.207100E-02 +0.000000E+00 +0.000000E+00
 +0.148320E+01 -0.102260E+03 -0.156718E+03 -0.114089E+03 -0.893663E+02 +0.542608E+02 +0.000000E+00 +0.000000E+00 -0.127969E-02 -0.469727E-03 +0.000000E+00 +0.206191E-02 +0.000000E+00 +0.000000E+00
 +0.148320E+01 -0.102270E+03 -0.156491E+03 -0.113961E+03 -0.892494E+02 +0.540450E+02 +0.000000E+00 +0.000000E+00 -0.127760E-02 -0.469524E-03 +0.000000E+00 +0.205371E-02 +0.000000E+00 +0.000000E+00
 +0.148320E+01 -0.102280E+03 -0.156267E+03 -0.113819E+03 -0.891285E+02 +0.538357E+02 +0.000000E+00 +0.000000E+00 -0.127564E-02 -0.469117E-03 +0.000000E+00 +0.204576E-02 +0.000000E+00 +0.000000E+00
 +0.148320E+01 -0.102290E+03 -0.156005E+03 -0.113668E+03 -0.889920E+02 +0.536081E+02 +0.000000E+00 +0.000000E+00 -0.127324E-02 -0.468842E-03 +0.000000E+00 +0.203711E-02 +0.000000E+00 +0.000000E+00
 +0.148320E+01 -0.102300E+03 -0.155729E+03 -0.113514E+03 -0.888501E+02 +0.533544E+02 +0.000000E+00 +0.000000E+00 -0.127070E-02 -0.468611E-03 +0.000000E+00 +0.202747E-02 +0.000000E+00 +0.000000E+00
 +0.148320E+01 -0.102310E+03 -0.155489E+03 -0.113391E+03 -0.887306E+02 +0.531221E+02 +0.000000E+00 +0.000000E+00 -0.126842E-02 -0.468551E-03 +0.000000E+00 +0.201864E-02 +0.000000E+00 +0.000000E+00
 +0.148320E+01 -0.102320E+03 -0.155277E+03 -0.113292E+03 -0.886276E+02 +0.529056E+02 +0.000000E+00 +0.000000E+00 -0.126633E-02 -0.468618E-03 +0.000000E+00 +0.201041E-02 +0.000000E+00 +0.000000E+00
 +0.148320E+01 -0.102330E+03 -0.155062E+03 -0.113189E+03 -0.885231E+02 +0.526832E+02 +0.000000E+00 +0.000000E+00 -0.126425E-02 -0.468658E-03 +0.000000E+00 +0.200196E-02 +0.000000E+00 +0.000000E+00
 +0.148320E+01 -0.102340E+03 -0.154839E+03 -0.113081E+03 -0.884137E+02 +0.524633E+02 +0.000000E+00 +0.000000E+00 -0.126209E-02 -0.468678E-03 +0.000000E+00 +0.199361E-02 +0.000000E+00 +0.000000E+00
 +0.148320E+01 -0.102350E+03 -0.154609E+03 -0.112969E+03 -0.883007E+02 +0.522502E+02 +0.000000E+00 +0.000000E+00 -0.125985E-02 -0.468699E-03 +0.000000E+00 +0.198551E-02 +0.000000E+00 +0.000000E+00
 +0.148320E+01 -0.102360E+03 -0.154378E+03 -0.112857E+03 -0.881877E+02 +0.520370E+02 +0.000000E+00 +0.000000E+00 -0.125762E-02 -0.468719E-03 +0.000000E+00 +0.197741E-02 +0.000000E+00 +0.000000E+00
 +0.148320E+01 -0.102370E+03 -0.154146E+03 -0.112731E+03 -0.880694E+02 +0.518234E+02 +0.000000E+00 +0.000000E+00 -0.125546E-02 -0.468565E-03 +0.000000E+00 +0.196929E-02 +0.000000E+00 +0.000000E+00
 +0.148320E+01 -0.102380E+03 -0.153926E+03 -0.112580E+03 -0.879469E+02 +0.516102E+02 +0.000000E+00 +0.000000E+00 -0.125360E-02 -0.468032E-03 +0.000000E+00 +0.196119E-02 +0.000000E+00 +0.000000E+00
 +0.148320E+01 -0.102390E+03 -0.153709E+03 -0.112431E+03 -0.878263E+02 +0.513974E+02 +0.000000E+00 +0.000000E+00 -0.125177E-02 -0.467498E-03 +0.000000E+00 +0.195310E-02 +0.000000E+00 +0.000000E+00
 +0.148320E+01 -0.102400E+03 -0.153484E+03 -0.112275E+03 -0.877006E+02 +0.511832E+02 +0.000000E+00 +0.000000E+00 -0.124989E-02 -0.466914E-03 +0.000000E+00 +0.194496E-02 +0.000000E+00 +0.000000E+00
 +0.148320E+01 -0.102410E+03 -0.153254E+03 -0.112131E+03 -0.875772E+02 +0.509672E+02 +0.000000E+00 +0.000000E+00 -0.124786E-02 -0.466528E-03 +0.000000E+00 +0.193676E-02 +0.000000E+00 +0.000000E+00
 +0.148320E+01 -0.102420E+03 -0.153028E+03 -0.111993E+03 -0.874568E+02 +0.507401E+02 +0.000000E+00 +0.000000E+00 -0.124585E-02 -0.466187E-03 +0.000000E+00 +0.192812E-02 +0.000000E+00 +0.000000E+00
 +0.148320E+01 -0.102430E+03 -0.152801E+03 -0.111855E+03 -0.873363E+02 +0.505130E+02 +0.000000E+00 +0.000000E+00 -0.124383E-02 -0.465846E-03 +0.000000E+00 +0.191949E-02 +0.000000E+00 +0.000000E+00
 +0.148320E+01 -0.102440E+03 -0.152574E+03 -0.111716E+03 -0.872159E+02 +0.502859E+02 +0.000000E+00 +0.000000E+00 -0.124181E-02 -0.465506E-03 +0.000000E+00 +0.191086E-02 +0.000000E+00 +0.000000E+00
 +0.148320E+01 -0.102450E+03 -0.152373E+03 -0.111584E+03 -0.871059E+02 +0.500734E+02 +0.000000E+00 +0.000000E+00 -0.124008E-02 -0.465081E-03 +0.000000E+00 +0.190279E-02 +0.000000E+00 +0.000000E+00
 +0.148320E+01 -0.102460E+03 -0.152160E+03 -0.111424E+03 -0.869827E+02 +0.498693E+02 +0.000000E+00 +0.000000E+00 -0.123836E-02 -0.464393E-03 +0.000000E+00 +0.189503E-02 +0.000000E+00 +0.000000E+00
 +0.148320E+01 -0.102470E+03 -0.151939E+03 -0.111254E+03 -0.868536E+02 +0.496673E+02 +0.000000E+00 +0.000000E+00 -0.123662E-02 -0.463607E-03 +0.000000E+00 +0.188736E-02 +0.000000E+00 +0.000000E+00
 +0.148320E+01 -0.102480E+03 -0.151718E+03 -0.111083E+03 -0.867245E+02 +0.494653E+02 +0.000000E+00 +0.000000E+00 -0.123488E-02 -0.462821E-03 +0.000000E+00 +0.187968E-02 +0.000000E+00 +0.000000E+00
 +0.148320E+01 -0.102490E+03 -0.151496E+03 -0.110932E+03 -0.866014E+02 +0.492663E+02 +0.000000E+00 +0.000000E+00 -0.123300E-02 -0.462287E-03 +0.000000E+00 +0.187212E-02 +0.000000E+00 +0.000000E+00
 +0.148320E+01 -0.102500E+03 -0.151274E+03 -0.110798E+03 -0.864837E+02 +0.490700E+02 +0.000000E+00 +0.000000E+00 -0.123101E-02 -0.461975E-03 +0.000000E+00 +0.186466E-02 +0.000000E+00 +0.000000E+00
 +0.148320E+01 -0.102510E+03 -0.151051E+03 -0.110664E+03 -0.863659E+02 +0.488736E+02 +0.000000E+00 +0.000000E+00 -0.122902E-02 -0.461662E-03 +0.000000E+00 +0.185720E-02 +0.000000E+00 +0.000000E+00
 +0.148320E+01 -0.102520E+03 -0.150841E+03 -0.110537E+03 -0.862548E+02 +0.486717E+02 +0.000000E+00 +0.000000E+00 -0.122714E-02 -0.461359E-03 +0.000000E+00 +0.184953E-02 +0.000000E+00 +0.000000E+00
 +0.148320E+01 -0.102530E+03 -0.150642E+03 -0.110416E+03 -0.861492E+02 +0.484651E+02 +0.000000E+00 +0.000000E+00 -0.122537E-02 -0.461065E-03 +0.000000E+00 +0.184168E-02 +0.000000E+00 +0.000000E+00
 +0.148320E+01 -0.102540E+03 -0.150431E+03 -0.110285E+03 -0.860363E+02 +0.482633E+02 +0.000000E+00 +0.000000E+00 -0.122349E-02 -0.460732E-03 +0.000000E+00 +0.183401E-02 +0.000000E+00 +0.000000E+00
 +0.148320E+01 -0.102550E+03 -0.150216E+03 -0.110153E+03 -0.859219E+02 +0.480625E+02 +0.000000E+00 +0.000000E+00 -0.122160E-02 -0.460390E-03 +0.000000E+00 +0.182637E-02 +0.000000E+00 +0.000000E+00
 +0.148320E+01 -0.102560E+03 -0.150002E+03 -0.110021E+03 -0.858075E+02 +0.478616E+02 +0.000000E+00 +0.000000E+00 -0.121970E-02 -0.460049E-03 +0.000000E+00 +0.181874E-02 +0.000000E+00 +0.000000E+00
 +0.148320E+01 -0.102570E+03 -0.149821E+03 -0.109914E+03 -0.857127E+02 +0.476580E+02 +0.000000E+00 +0.000000E+00 -0.121806E-02 -0.459829E-03 +0.000000E+00 +0.181101E-02 +0.000000E+00 +0.000000E+00
 +0.148320E+01 -0.102580E+03 -0.149636E+03 -0.109779E+03 -0.856070E+02 +0.474559E+02 +0.000000E+00 +0.000000E+00 -0.121656E-02 -0.459264E-03 +0.000000E+00 +0.180332E-02 +0.000000E+00 +0.000000E+00
 +0.148320E+01 -0.102590E+03 -0.149449E+03 -0.109631E+03 -0.854963E+02 +0.472544E+02 +0.000000E+00 +0.000000E+00 -0.121509E-02 -0.458561E-03 +0.000000E+00 +0.179567E-02 +0.000000E+00 +0.000000E+00
 +0.148320E+01 -0.102600E+03 -0.149263E+03 -0.109484E+03 -0.853864E+02 +0.470525E+02 +0.000000E+00 +0.000000E+00 -0.121365E-02 -0.457856E-03 +0.000000E+00 +0.178799E-02 +0.000000E+00 +0.000000E+00
 +0.148320E+01 -0.102610E+03 -0.149090E+03 -0.109342E+03 -0.852826E+02 +0.468471E+02 +0.000000E+00 +0.000000E+00 -0.121233E-02 -0.457138E-03 +0.000000E+00 +0.178019E-02 +0.000000E+00 +0.000000E+00
 +0.148320E+01 -0.102620E+03 -0.148917E+03 -0.109201E+03 -0.851788E+02 +0.466417E+02 +0.000000E+00 +0.000000E+00 -0.121102E-02 -0.456420E-03 +0.000000E+00 +0.177239E-02 +0.000000E+00 +0.000000E+00
 +0.148320E+01 -0.102630E+03 -0.148740E+03 -0.109047E+03 -0.850697E+02 +0.464517E+02 +0.000000E+00 +0.000000E+00 -0.120974E-02 -0.455560E-03 +0.000000E+00 +0.176516E-02 +0.000000E+00 +0.000000E+00
 +0.148320E+01 -0.102640E+03 -0.148579E+03 -0.108921E+03 -0.849750E+02 +0.462878E+02 +0.000000E+00 +0.000000E+00 -0.120848E-02 -0.454971E-03 +0.000000E+00 +0.175894E-02 +0.000000E+00 +0.000000E+00
 +0.148320E+01 -0.102650E+03 -0.148432E+03 -0.108800E+03 -0.848866E+02 +0.461068E+02 +0.000000E+00 +0.000000E+00 -0.120736E-02 -0.454359E-03 +0.000000E+00 +0.175206E-02 +0.000000E+00 +0.000000E+00
 +0.148320E+01 -0.102660E+03 -0.148284E+03 -0.108680E+03 -0.847981E+02 +0.459258E+02 +0.000000E+00 +0.000000E+00 -0.120624E-02 -0.453748E-03 +0.000000E+00 +0.174518E-02 +0.000000E+00 +0.000000E+00
 +0.148320E+01 -0.102670E+03 -0.148137E+03 -0.108559E+03 -0.847097E+02 +0.457448E+02 +0.000000E+00 +0.000000E+00 -0.120512E-02 -0.453137E-03 +0.000000E+00 +0.173830E-02 +0.000000E+00 +0.000000E+00
 +0.148320E+01 -0.102680E+03 -0.147990E+03 -0.108438E+03 -0.846212E+02 +0.455638E+02 +0.000000E+00 +0.000000E+00 -0.120400E-02 -0.452526E-03 +0.000000E+00 +0.173142E-02 +0.000000E+00 +0.000000E+00
 +0.148320E+01 -0.102690E+03 -0.147826E+03 -0.108301E+03 -0.845219E+02 +0.453815E+02 +0.000000E+00 +0.000000E+00 -0.120277E-02 -0.451810E-03 +0.000000E+00 +0.172450E-02 +0.000000E+00 +0.000000E+00
 +0.148320E+01 -0.102700E+03 -0.147645E+03 -0.108148E+03 -0.844118E+02 +0.451979E+02 +0.000000E+00 +0.000000E+00 -0.120144E-02 -0.450990E-03 +0.000000E+00 +0.171752E-02 +0.000000E+00 +0.000000E+00
 +0.148320E+01 -0.102710E+03 -0.147465E+03 -0.107995E+03 -0.843018E+02 +0.450142E+02 +0.000000E+00 +0.000000E+00 -0.120010E-02 -0.450171E-03 +0.000000E+00 +0.171054E-02 +0.000000E+00 +0.000000E+00
 +0.148320E+01 -0.102720E+03 -0.147285E+03 -0.107842E+03 -0.841920E+02 +0.448302E+02 +0.000000E+00 +0.000000E+00 -0.119877E-02 -0.449352E-03 +0.000000E+00 +0.170355E-02 +0.000000E+00 +0.000000E+00
 +0.148320E+01 -0.102730E+03 -0.147131E+03 -0.107701E+03 -0.840944E+02 +0.446280E+02 +0.000000E+00 +0.000000E+00 -0.119769E-02 -0.448525E-03 +0.000000E+00 +0.169586E-02 +0.000000E+00 +0.000000E+00
 +0.148320E+01 -0.102740E+03 -0.146976E+03 -0.107560E+03 -0.839969E+02 +0.444257E+02 +0.000000E+00 +0.000000E+00 -0.119660E-02 -0.447698E-03 +0.000000E+00 +0.168818E-02 +0.000000E+00 +0.000000E+00
 +0.148320E+01 -0.102750E+03 -0.146822E+03 -0.107419E+03 -0.838997E+02 +0.442270E+02 +0.000000E+00 +0.000000E+00 -0.119552E-02 -0.446876E-03 +0.000000E+00 +0.168063E-02 +0.000000E+00 +0.000000E+00
 +0.148320E+01 -0.102760E+03 -0.146669E+03 -0.107280E+03 -0.838033E+02 +0.440343E+02 +0.000000E+00 +0.000000E+00 -0.119445E-02 -0.446063E-03 +0.000000E+00 +0.167330E-02 +0.000000E+00 +0.000000E+00
 +0.148320E+01 -0.102770E+03 -0.146516E+03 -0.107141E+03 -0.837069E+02 +0.438416E+02 +0.000000E+00 +0.000000E+00 -0.119338E-02 -0.445250E-03 +0.000000E+00 +0.166598E-02 +0.000000E+00 +0.000000E+00
 +0.148320E+01 -0.102780E+03 -0.146363E+03 -0.107012E+03 -0.836138E+02 +0.436381E+02 +0.000000E+00 +0.000000E+00 -0.119224E-02 -0.444568E-03 +0.000000E+00 +0.165825E-02 +0.000000E+00 +0.000000E+00
 +0.148320E+01 -0.102790E+03 -0.146210E+03 -0.106887E+03 -0.835219E+02 +0.434304E+02 +0.000000E+00 +0.000000E+00 -0.119107E-02 -0.443936E-03 +0.000000E+00 +0.165035E-02 +0.000000E+00 +0.000000E+00
 +0.148320E+01 -0.102800E+03 -0.146057E+03 -0.106762E+03 -0.834301E+02 +0.432226E+02 +0.000000E+00 +0.000000E+00 -0.118990E-02 -0.443303E-03 +0.000000E+00 +0.164246E-02 +0.000000E+00 +0.000000E+00
 +0.148320E+01 -0.102810E+03 -0.145904E+03 -0.106637E+03 -0.833383E+02 +0.430149E+02 +0.000000E+00 +0.000000E+00 -0.118874E-02 -0.442671E-03 +0.000000E+00 +0.163457E-02 +0.000000E+00 +0.000000E+00
 +0.148320E+01 -0.102820E+03 -0.145750E+03 -0.106512E+03 -0.832465E+02 +0.428072E+02 +0.000000E+00 +0.000000E+00 -0.118757E-02 -0.442039E-03 +0.000000E+00 +0.162667E-02 +0.000000E+00 +0.000000E+00
 +0.148320E+01 -0.102830E+03 -0.145602E+03 -0.106383E+03 -0.831553E+02 +0.426110E+02 +0.000000E+00 +0.000000E+00 -0.118650E-02 -0.441332E-03 +0.000000E+00 +0.161922E-02 +0.000000E+00 +0.000000E+00
 +0.148320E+01 -0.102840E+03 -0.145463E+03 -0.106249E+03 -0.830650E+02 +0.424339E+02 +0.000000E+00 +0.000000E+00 -0.118556E-02 -0.440500E-03 +0.000000E+00 +0.161249E-02 +0.000000E+00 +0.000000E+00
 +0.148320E+01 -0.102850E+03 -0.145323E+03 -0.106115E+03 -0.829748E+02 +0.422569E+02 +0.000000E+00 +0.000000E+00 -0.118462E-02 -0.439669E-03 +0.000000E+00 +0.160576E-02 +0.000000E+00 +0.000000E+00
 +0.148320E+01 -0.102860E+03 -0.145184E+03 -0.105981E+03 -0.828845E+02 +0.420798E+02 +0.000000E+00 +0.000000E+00 -0.118369E-02 -0.438837E-03 +0.000000E+00 +0.159903E-02 +0.000000E+00 +0.000000E+00
 +0.148320E+01 -0.102870E+03 -0.145044E+03 -0.105847E+03 -0.827942E+02 +0.419027E+02 +0.000000E+00 +0.000000E+00 -0.118275E-02 -0.438006E-03 +0.000000E+00 +0.159230E-02 +0.000000E+00 +0.000000E+00
 +0.148320E+01 -0.102880E+03 -0.144905E+03 -0.105713E+03 -0.827040E+02 +0.417256E+02 +0.000000E+00 +0.000000E+00 -0.118182E-02 -0.437174E-03 +0.000000E+00 +0.158557E-02 +0.000000E+00 +0.000000E+00
 +0.148320E+01 -0.102890E+03 -0.144765E+03 -0.105576E+03 -0.826125E+02 +0.415475E+02 +0.000000E+00 +0.000000E+00 -0.118090E-02 -0.436306E-03 +0.000000E+00 +0.157880E-02 +0.000000E+00 +0.000000E+00
 +0.148320E+01 -0.102900E+03 -0.144621E+03 -0.105422E+03 -0.825143E+02 +0.413637E+02 +0.000000E+00 +0.000000E+00 -0.118003E-02 -0.435247E-03 +0.000000E+00 +0.157182E-02 +0.000000E+00 +0.000000E+00
 +0.148320E+01 -0.102910E+03 -0.144478E+03 -0.105268E+03 -0.824162E+02 +0.411800E+02 +0.000000E+00 +0.000000E+00 -0.117917E-02 -0.434187E-03 +0.000000E+00 +0.156484E-02 +0.000000E+00 +0.000000E+00
 +0.148320E+01 -0.102920E+03 -0.144360E+03 -0.105133E+03 -0.823325E+02 +0.410010E+02 +0.000000E+00 +0.000000E+00 -0.117852E-02 -0.433203E-03 +0.000000E+00 +0.155804E-02 +0.000000E+00 +0.000000E+00
 +0.148320E+01 -0.102930E+03 -0.144248E+03 -0.105001E+03 -0.822522E+02 +0.408233E+02 +0.000000E+00 +0.000000E+00 -0.117791E-02 -0.432236E-03 +0.000000E+00 +0.155128E-02 +0.000000E+00 +0.000000E+00
 +0.148320E+01 -0.102940E+03 -0.144121E+03 -0.104864E+03 -0.821649E+02 +0.406462E+02 +0.000000E+00 +0.000000E+00 -0.117716E-02 -0.431276E-03 +0.000000E+00 +0.154455E-02 +0.000000E+00 +0.000000E+00
 +0.148320E+01 -0.102950E+03 -0.143984E+03 -0.104721E+03 -0.820729E+02 +0.404696E+02 +0.000000E+00 +0.000000E+00 -0.117632E-02 -0.430321E-03 +0.000000E+00 +0.153784E-02 +0.000000E+00 +0.000000E+00
 +0.148320E+01 -0.102960E+03 -0.143848E+03 -0.104579E+03 -0.819808E+02 +0.402930E+02 +0.000000E+00 +0.000000E+00 -0.117547E-02 -0.429367E-03 +0.000000E+00 +0.153113E-02 +0.000000E+00 +0.000000E+00
 +0.148320E+01 -0.102970E+03 -0.143711E+03 -0.104437E+03 -0.818887E+02 +0.401164E+02 +0.000000E+00 +0.000000E+00 -0.117462E-02 -0.428412E-03 +0.000000E+00 +0.152442E-02 +0.000000E+00 +0.000000E+00
 +0.148320E+01 -0.102980E+03 -0.143574E+03 -0.104294E+03 -0.817967E+02 +0.399397E+02 +0.000000E+00 +0.000000E+00 -0.117377E-02 -0.427458E-03 +0.000000E+00 +0.151771E-02 +0.000000E+00 +0.000000E+00
 +0.148320E+01 -0.102990E+03 -0.143438E+03 -0.104152E+03 -0.817046E+02 +0.397631E+02 +0.000000E+00 +0.000000E+00 -0.117293E-02 -0.426503E-03 +0.000000E+00 +0.151100E-02 +0.000000E+00 +0.000000E+00
 +0.148320E+01 -0.103000E+03 -0.143300E+03 -0.104008E+03 -0.816113E+02 +0.395867E+02 +0.000000E+00 +0.000000E+00 -0.117208E-02 -0.425528E-03 +0.000000E+00 +0.150430E-02 +0.000000E+00 +0.000000E+00
 +0.148320E+01 -0.103010E+03 -0.143155E+03 -0.103852E+03 -0.815124E+02 +0.394113E+02 +0.000000E+00 +0.000000E+00 -0.117121E-02 -0.424452E-03 +0.000000E+00 +0.149763E-02 +0.000000E+00 +0.000000E+00
 +0.148320E+01 -0.103020E+03 -0.143011E+03 -0.103696E+03 -0.814134E+02 +0.392358E+02 +0.000000E+00 +0.000000E+00 -0.117035E-02 -0.423377E-03 +0.000000E+00 +0.149096E-02 +0.000000E+00 +0.000000E+00
 +0.148320E+01 -0.103030E+03 -0.142867E+03 -0.103541E+03 -0.813144E+02 +0.390603E+02 +0.000000E+00 +0.000000E+00 -0.116949E-02 -0.422301E-03 +0.000000E+00 +0.148429E-02 +0.000000E+00 +0.000000E+00
 +0.148320E+01 -0.103040E+03 -0.142722E+03 -0.103385E+03 -0.812155E+02 +0.388849E+02 +0.000000E+00 +0.000000E+00 -0.116863E-02 -0.421225E-03 +0.000000E+00 +0.147762E-02 +0.000000E+00 +0.000000E+00
 +0.148320E+01 -0.103050E+03 -0.142578E+03 -0.103230E+03 -0.811165E+02 +0.387094E+02 +0.000000E+00 +0.000000E+00 -0.116777E-02 -0.420149E-03 +0.000000E+00 +0.147096E-02 +0.000000E+00 +0.000000E+00
 +0.148320E+01 -0.103060E+03 -0.142454E+03 -0.103054E+03 -0.810177E+02 +0.385549E+02 +0.000000E+00 +0.000000E+00 -0.116729E-02 -0.418693E-03 +0.000000E+00 +0.146509E-02 +0.000000E+00 +0.000000E+00
 +0.148320E+01 -0.103070E+03 -0.142333E+03 -0.102875E+03 -0.809189E+02 +0.384039E+02 +0.000000E+00 +0.000000E+00 -0.116688E-02 -0.417173E-03 +0.000000E+00 +0.145935E-02 +0.000000E+00 +0.000000E+00
 +0.148320E+01 -0.103080E+03 -0.142213E+03 -0.102697E+03 -0.808202E+02 +0.382530E+02 +0.000000E+00 +0.000000E+00 -0.116646E-02 -0.415654E-03 +0.000000E+00 +0.145361E-02 +0.000000E+00 +0.000000E+00
 +0.148320E+01 -0.103090E+03 -0.142106E+03 -0.102555E+03 -0.807381E+02 +0.381013E+02 +0.000000E+00 +0.000000E+00 -0.116599E-02 -0.414515E-03 +0.000000E+00 +0.144785E-02 +0.000000E+00 +0.000000E+00
 +0.148320E+01 -0.103100E+03 -0.142002E+03 -0.102420E+03 -0.806593E+02 +0.379495E+02 +0.000000E+00 +0.000000E+00 -0.116552E-02 -0.413451E-03 +0.000000E+00 +0.144208E-02 +0.000000E+00 +0.000000E+00
 +0.148320E+01 -0.103110E+03 -0.141898E+03 -0.102285E+03 -0.805805E+02 +0.377977E+02 +0.000000E+00 +0.000000E+00 -0.116504E-02 -0.412386E-03 +0.000000E+00 +0.143631E-02 +0.000000E+00 +0.000000E+00
 +0.148320E+01 -0.103120E+03 -0.141794E+03 -0.102150E+03 -0.805017E+02 +0.376459E+02 +0.000000E+00 +0.000000E+00 -0.116456E-02 -0.411321E-03 +0.000000E+00 +0.143054E-02 +0.000000E+00 +0.000000E+00
 +0.148320E+01 -0.103130E+03 -0.141690E+03 -0.102015E+03 -0.804229E+02 +0.374941E+02 +0.000000E+00 +0.000000E+00 -0.116408E-02 -0.410256E-03 +0.000000E+00 +0.142477E-02 +0.000000E+00 +0.000000E+00
 +0.148320E+01 -0.103140E+03 -0.141587E+03 -0.101880E+03 -0.803441E+02 +0.373422E+02 +0.000000E+00 +0.000000E+00 -0.116361E-02 -0.409191E-03 +0.000000E+00 +0.141901E-02 +0.000000E+00 +0.000000E+00
 +0.148320E+01 -0.103150E+03 -0.141483E+03 -0.101746E+03 -0.802653E+02 +0.371904E+02 +0.000000E+00 +0.000000E+00 -0.116313E-02 -0.408126E-03 +0.000000E+00 +0.141324E-02 +0.000000E+00 +0.000000E+00
 +0.148320E+01 -0.103160E+03 -0.141379E+03 -0.101611E+03 -0.801865E+02 +0.370386E+02 +0.000000E+00 +0.000000E+00 -0.116265E-02 -0.407061E-03 +0.000000E+00 +0.140747E-02 +0.000000E+00 +0.000000E+00
 +0.148320E+01 -0.103170E+03 -0.141252E+03 -0.101458E+03 -0.800942E+02 +0.368693E+02 +0.000000E+00 +0.000000E+00 -0.116199E-02 -0.405909E-03 +0.000000E+00 +0.140104E-02 +0.000000E+00 +0.000000E+00
 +0.148320E+01 -0.103180E+03 -0.141093E+03 -0.101279E+03 -0.799828E+02 +0.366755E+02 +0.000000E+00 +0.000000E+00 -0.116109E-02 -0.404635E-03 +0.000000E+00 +0.139367E-02 +0.000000E+00 +0.000000E+00
 +0.148320E+01 -0.103190E+03 -0.140934E+03 -0.101101E+03 -0.798714E+02 +0.364817E+02 +0.000000E+00 +0.000000E+00 -0.116018E-02 -0.403361E-03 +0.000000E+00 +0.138630E-02 +0.000000E+00 +0.000000E+00
 +0.148320E+01 -0.103200E+03 -0.140811E+03 -0.100955E+03 -0.797826E+02 +0.363180E+02 +0.000000E+00 +0.000000E+00 -0.115953E-02 -0.402275E-03 +0.000000E+00 +0.138009E-02 +0.000000E+00 +0.000000E+00
 +0.148320E+01 -0.103210E+03 -0.140708E+03 -0.100828E+03 -0.797069E+02 +0.361719E+02 +0.000000E+00 +0.000000E+00 -0.115902E-02 -0.401298E-03 +0.000000E+00 +0.137453E-02 +0.000000E+00 +0.000000E+00
 +0.148320E+01 -0.103220E+03 -0.140606E+03 -0.100701E+03 -0.796311E+02 +0.360257E+02 +0.000000E+00 +0.000000E+00 -0.115852E-02 -0.400321E-03 +0.000000E+00 +0.136898E-02 +0.000000E+00 +0.000000E+00
 +0.148320E+01 -0.103230E+03 -0.140503E+03 -0.100573E+03 -0.795554E+02 +0.358796E+02 +0.000000E+00 +0.000000E+00 -0.115801E-02 -0.399344E-03 +0.000000E+00 +0.136342E-02 +0.000000E+00 +0.000000E+00
 +0.148320E+01 -0.103240E+03 -0.140401E+03 -0.100446E+03 -0.794796E+02 +0.357334E+02 +0.000000E+00 +0.000000E+00 -0.115751E-02 -0.398367E-03 +0.000000E+00 +0.135787E-02 +0.000000E+00 +0.000000E+00
 +0.148320E+01 -0.103250E+03 -0.140299E+03 -0.100319E+03 -0.794039E+02 +0.355873E+02 +0.000000E+00 +0.000000E+00 -0.115700E-02 -0.397390E-03 +0.000000E+00 +0.135232E-02 +0.000000E+00 +0.000000E+00
 +0.148320E+01 -0.103260E+03 -0.140196E+03 -0.100192E+03 -0.793281E+02 +0.354411E+02 +0.000000E+00 +0.000000E+00 -0.115650E-02 -0.396412E-03 +0.000000E+00 +0.134676E-02 +0.000000E+00 +0.000000E+00
 +0.148320E+01 -0.103270E+03 -0.140094E+03 -0.100065E+03 -0.792524E+02 +0.352950E+02 +0.000000E+00 +0.000000E+00 -0.115599E-02 -0.395435E-03 +0.000000E+00 +0.134121E-02 +0.000000E+00 +0.000000E+00
 +0.148320E+01 -0.103280E+03 -0.139992E+03 -0.999376E+02 -0.791766E+02 +0.351488E+02 +0.000000E+00 +0.000000E+00 -0.115548E-02 -0.394458E-03 +0.000000E+00 +0.133566E-02 +0.000000E+00 +0.000000E+00
 +0.148320E+01 -0.103290E+03 -0.139889E+03 -0.998110E+02 -0.791011E+02 +0.350017E+02 +0.000000E+00 +0.000000E+00 -0.115497E-02 -0.393488E-03 +0.000000E+00 +0.133006E-02 +0.000000E+00 +0.000000E+00
 +0.148320E+01 -0.103300E+03 -0.139787E+03 -0.996879E+02 -0.790266E+02 +0.348484E+02 +0.000000E+00 +0.000000E+00 -0.115444E-02 -0.392564E-03 +0.000000E+00 +0.132424E-02 +0.000000E+00 +0.000000E+00
 +0.148320E+01 -0.103310E+03 -0.139684E+03 -0.995649E+02 -0.789522E+02 +0.346951E+02 +0.000000E+00 +0.000000E+00 -0.115391E-02 -0.391640E-03 +0.000000E+00 +0.131842E-02 +0.000000E+00 +0.000000E+00
 +0.148320E+01 -0.103320E+03 -0.139582E+03 -0.994418E+02 -0.788778E+02 +0.345419E+02 +0.000000E+00 +0.000000E+00 -0.115338E-02 -0.390716E-03 +0.000000E+00 +0.131259E-02 +0.000000E+00 +0.000000E+00
 +0.148320E+01 -0.103330E+03 -0.139479E+03 -0.993188E+02 -0.788034E+02 +0.343886E+02 +0.000000E+00 +0.000000E+00 -0.115284E-02 -0.389792E-03 +0.000000E+00 +0.130677E-02 +0.000000E+00 +0.000000E+00
 +0.148320E+01 -0.103340E+03 -0.139377E+03 -0.991957E+02 -0.787290E+02 +0.342353E+02 +0.000000E+00 +0.000000E+00 -0.115231E-02 -0.388868E-03 +0.000000E+00 +0.130094E-02 +0.000000E+00 +0.000000E+00
 +0.148320E+01 -0.103350E+03 -0.139280E+03 -0.990766E+02 -0.786575E+02 +0.340904E+02 +0.000000E+00 +0.000000E+00 -0.115182E-02 -0.387962E-03 +0.000000E+00 +0.129544E-02 +0.000000E+00 +0.000000E+00
 +0.148320E+01 -0.103360E+03 -0.139186E+03 -0.989607E+02 -0.785886E+02 +0.339525E+02 +0.000000E+00 +0.000000E+00 -0.115136E-02 -0.387071E-03 +0.000000E+00 +0.129019E-02 +0.000000E+00 +0.000000E+00
 +0.148320E+01 -0.103370E+03 -0.139093E+03 -0.988449E+02 -0.785196E+02 +0.338145E+02 +0.000000E+00 +0.000000E+00 -0.115090E-02 -0.386180E-03 +0.000000E+00 +0.128495E-02 +0.000000E+00 +0.000000E+00
 +0.148320E+01 -0.103380E+03 -0.139010E+03 -0.987140E+02 -0.784488E+02 +0.336719E+02 +0.000000E+00 +0.000000E+00 -0.115066E-02 -0.385039E-03 +0.000000E+00 +0.127953E-02 +0.000000E+00 +0.000000E+00
 +0.148320E+01 -0.103390E+03 -0.138930E+03 -0.985760E+02 -0.783771E+02 +0.335270E+02 +0.000000E+00 +0.000000E+00 -0.115051E-02 -0.383779E-03 +0.000000E+00 +0.127403E-02 +0.000000E+00 +0.000000E+00
 +0.148320E+01 -0.103400E+03 -0.138851E+03 -0.984380E+02 -0.783055E+02 +0.333821E+02 +0.000000E+00 +0.000000E+00 -0.115037E-02 -0.382519E-03 +0.000000E+00 +0.126852E-02 +0.000000E+00 +0.000000E+00
 +0.148320E+01 -0.103410E+03 -0.138772E+03 -0.983000E+02 -0.782338E+02 +0.332372E+02 +0.000000E+00 +0.000000E+00 -0.115023E-02 -0.381258E-03 +0.000000E+00 +0.126301E-02 +0.000000E+00 +0.000000E+00
 +0.148320E+01 -0.103420E+03 -0.138693E+03 -0.981620E+02 -0.781621E+02 +0.330924E+02 +0.000000E+00 +0.000000E+00 -0.115008E-02 -0.379998E-03 +0.000000E+00 +0.125751E-02 +0.000000E+00 +0.000000E+00
 +0.148320E+01 -0.103430E+03 -0.138614E+03 -0.980240E+02 -0.780904E+02 +0.329475E+02 +0.000000E+00 +0.000000E+00 -0.114994E-02 -0.378738E-03 +0.000000E+00 +0.125200E-02 +0.000000E+00 +0.000000E+00
 +0.148320E+01 -0.103440E+03 -0.138534E+03 -0.978860E+02 -0.780187E+02 +0.328026E+02 +0.000000E+00 +0.000000E+00 -0.114980E-02 -0.377478E-03 +0.000000E+00 +0.124650E-02 +0.000000E+00 +0.000000E+00
 +0.148320E+01 -0.103450E+03 -0.138455E+03 -0.977480E+02 -0.779471E+02 +0.326577E+02 +0.000000E+00 +0.000000E+00 -0.114966E-02 -0.376217E-03 +0.000000E+00 +0.124099E-02 +0.000000E+00 +0.000000E+00
 +0.148320E+01 -0.103460E+03 -0.138376E+03 -0.976100E+02 -0.778754E+02 +0.325128E+02 +0.000000E+00 +0.000000E+00 -0.114951E-02 -0.374957E-03 +0.000000E+00 +0.123549E-02 +0.000000E+00 +0.000000E+00
 +0.148320E+01 -0.103470E+03 -0.138297E+03 -0.974719E+02 -0.778037E+02 +0.323679E+02 +0.000000E+00 +0.000000E+00 -0.114937E-02 -0.373697E-03 +0.000000E+00 +0.122998E-02 +0.000000E+00 +0.000000E+00
 +0.148320E+01 -0.103480E+03 -0.138218E+03 -0.973339E+02 -0.777320E+02 +0.322231E+02 +0.000000E+00 +0.000000E+00 -0.114923E-02 -0.372436E-03 +0.000000E+00 +0.122448E-02 +0.000000E+00 +0.000000E+00
 +0.148320E+01 -0.103490E+03 -0.138138E+03 -0.971959E+02 -0.776603E+02 +0.320782E+02 +0.000000E+00 +0.000000E+00 -0.114908E-02 -0.371176E-03 +0.000000E+00 +0.121897E-02 +0.000000E+00 +0.000000E+00
 +0.148320E+01 -0.103500E+03 -0.138059E+03 -0.970579E+02 -0.775887E+02 +0.319343E+02 +0.000000E+00 +0.000000E+00 -0.114894E-02 -0.369914E-03 +0.000000E+00 +0.121350E-02 +0.000000E+00 +0.000000E+00
 +0.148320E+01 -0.103510E+03 -0.137983E+03 -0.969190E+02 -0.775178E+02 +0.318061E+02 +0.000000E+00 +0.000000E+00 -0.114885E-02 -0.368623E-03 +0.000000E+00 +0.120863E-02 +0.000000E+00 +0.000000E+00
 +0.148320E+01 -0.103520E+03 -0.137907E+03 -0.967801E+02 -0.774468E+02 +0.316779E+02 +0.000000E+00 +0.000000E+00 -0.114875E-02 -0.367333E-03 +0.000000E+00 +0.120376E-02 +0.000000E+00 +0.000000E+00
 +0.148320E+01 -0.103530E+03 -0.137831E+03 -0.966413E+02 -0.773759E+02 +0.315497E+02 +0.000000E+00 +0.000000E+00 -0.114865E-02 -0.366042E-03 +0.000000E+00 +0.119889E-02 +0.000000E+00 +0.000000E+00
 +0.148320E+01 -0.103540E+03 -0.137755E+03 -0.965024E+02 -0.773050E+02 +0.314215E+02 +0.000000E+00 +0.000000E+00 -0.114855E-02 -0.364751E-03 +0.000000E+00 +0.119402E-02 +0.000000E+00 +0.000000E+00
 +0.148320E+01 -0.103550E+03 -0.137679E+03 -0.963635E+02 -0.772340E+02 +0.312933E+02 +0.000000E+00 +0.000000E+00 -0.114845E-02 -0.363460E-03 +0.000000E+00 +0.118915E-02 +0.000000E+00 +0.000000E+00
 +0.148320E+01 -0.103560E+03 -0.137603E+03 -0.962247E+02 -0.771631E+02 +0.311651E+02 +0.000000E+00 +0.000000E+00 -0.114836E-02 -0.362169E-03 +0.000000E+00 +0.118427E-02 +0.000000E+00 +0.000000E+00
 +0.148320E+01 -0.103570E+03 -0.137527E+03 -0.960858E+02 -0.770922E+02 +0.310369E+02 +0.000000E+00 +0.000000E+00 -0.114826E-02 -0.360879E-03 +0.000000E+00 +0.117940E-02 +0.000000E+00 +0.000000E+00
 +0.148320E+01 -0.103580E+03 -0.137451E+03 -0.959469E+02 -0.770212E+02 +0.309087E+02 +0.000000E+00 +0.000000E+00 -0.114816E-02 -0.359588E-03 +0.000000E+00 +0.117453E-02 +0.000000E+00 +0.000000E+00
 +0.148320E+01 -0.103590E+03 -0.137375E+03 -0.958081E+02 -0.769503E+02 +0.307806E+02 +0.000000E+00 +0.000000E+00 -0.114806E-02 -0.358297E-03 +0.000000E+00 +0.116966E-02 +0.000000E+00 +0.000000E+00
 +0.148320E+01 -0.103600E+03 -0.137299E+03 -0.956692E+02 -0.768794E+02 +0.306524E+02 +0.000000E+00 +0.000000E+00 -0.114797E-02 -0.357006E-03 +0.000000E+00 +0.116479E-02 +0.000000E+00 +0.000000E+00
 +0.148320E+01 -0.103610E+03 -0.137223E+03 -0.955303E+02 -0.768085E+02 +0.305242E+02 +0.000000E+00 +0.000000E+00 -0.114787E-02 -0.355715E-03 +0.000000E+00 +0.115992E-02 +0.000000E+00 +0.000000E+00
 +0.148320E+01 -0.103620E+03 -0.137146E+03 -0.953915E+02 -0.767375E+02 +0.303960E+02 +0.000000E+00 +0.000000E+00 -0.114777E-02 -0.354425E-03 +0.000000E+00 +0.115505E-02 +0.000000E+00 +0.000000E+00
 +0.148320E+01 -0.103630E+03 -0.137070E+03 -0.952526E+02 -0.766666E+02 +0.302678E+02 +0.000000E+00 +0.000000E+00 -0.114767E-02 -0.353134E-03 +0.000000E+00 +0.115018E-02 +0.000000E+00 +0.000000E+00
 +0.148320E+01 -0.103640E+03 -0.136994E+03 -0.951137E+02 -0.765957E+02 +0.301396E+02 +0.000000E+00 +0.000000E+00 -0.114758E-02 -0.351843E-03 +0.000000E+00 +0.114531E-02 +0.000000E+00 +0.000000E+00
 +0.148320E+01 -0.103650E+03 -0.136924E+03 -0.949662E+02 -0.765237E+02 +0.300094E+02 +0.000000E+00 +0.000000E+00 -0.114760E-02 -0.350409E-03 +0.000000E+00 +0.114036E-02 +0.000000E+00 +0.000000E+00
 +0.148320E+01 -0.103660E+03 -0.136858E+03 -0.948104E+02 -0.764506E+02 +0.298773E+02 +0.000000E+00 +0.000000E+00 -0.114774E-02 -0.348835E-03 +0.000000E+00 +0.113534E-02 +0.000000E+00 +0.000000E+00
 +0.148320E+01 -0.103670E+03 -0.136795E+03 -0.946621E+02 -0.763809E+02 +0.297591E+02 +0.000000E+00 +0.000000E+00 -0.114787E-02 -0.347344E-03 +0.000000E+00 +0.113084E-02 +0.000000E+00 +0.000000E+00
 +0.148320E+01 -0.103680E+03 -0.136732E+03 -0.945163E+02 -0.763119E+02 +0.296436E+02 +0.000000E+00 +0.000000E+00 -0.114798E-02 -0.345883E-03 +0.000000E+00 +0.112646E-02 +0.000000E+00 +0.000000E+00
 +0.148320E+01 -0.103690E+03 -0.136662E+03 -0.943776E+02 -0.762432E+02 +0.295182E+02 +0.000000E+00 +0.000000E+00 -0.114797E-02 -0.344553E-03 +0.000000E+00 +0.112169E-02 +0.000000E+00 +0.000000E+00
 +0.148320E+01 -0.103700E+03 -0.136593E+03 -0.942389E+02 -0.761745E+02 +0.293928E+02 +0.000000E+00 +0.000000E+00 -0.114795E-02 -0.343223E-03 +0.000000E+00 +0.111693E-02 +0.000000E+00 +0.000000E+00
 +0.148320E+01 -0.103710E+03 -0.136523E+03 -0.941002E+02 -0.761057E+02 +0.292675E+02 +0.000000E+00 +0.000000E+00 -0.114793E-02 -0.341894E-03 +0.000000E+00 +0.111216E-02 +0.000000E+00 +0.000000E+00
 +0.148320E+01 -0.103720E+03 -0.136454E+03 -0.939615E+02 -0.760370E+02 +0.291421E+02 +0.000000E+00 +0.000000E+00 -0.114792E-02 -0.340564E-03 +0.000000E+00 +0.110740E-02 +0.000000E+00 +0.000000E+00
 +0.148320E+01 -0.103730E+03 -0.136384E+03 -0.938227E+02 -0.759683E+02 +0.290167E+02 +0.000000E+00 +0.000000E+00 -0.114790E-02 -0.339235E-03 +0.000000E+00 +0.110264E-02 +0.000000E+00 +0.000000E+00
 +0.148320E+01 -0.103740E+03 -0.136315E+03 -0.936840E+02 -0.758996E+02 +0.288914E+02 +0.000000E+00 +0.000000E+00 -0.114789E-02 -0.337905E-03 +0.000000E+00 +0.109787E-02 +0.000000E+00 +0.000000E+00
 +0.148320E+01 -0.103750E+03 -0.136245E+03 -0.935453E+02 -0.758308E+02 +0.287660E+02 +0.000000E+00 +0.000000E+00 -0.114787E-02 -0.336576E-03 +0.000000E+00 +0.109311E-02 +0.000000E+00 +0.000000E+00
 +0.148320E+01 -0.103760E+03 -0.136176E+03 -0.934066E+02 -0.757621E+02 +0.286406E+02 +0.000000E+00 +0.000000E+00 -0.114785E-02 -0.335246E-03 +0.000000E+00 +0.108834E-02 +0.000000E+00 +0.000000E+00
 +0.148320E+01 -0.103770E+03 -0.136106E+03 -0.932679E+02 -0.756934E+02 +0.285152E+02 +0.000000E+00 +0.000000E+00 -0.114784E-02 -0.333916E-03 +0.000000E+00 +0.108358E-02 +0.000000E+00 +0.000000E+00
 +0.148320E+01 -0.103780E+03 -0.136036E+03 -0.931292E+02 -0.756247E+02 +0.283899E+02 +0.000000E+00 +0.000000E+00 -0.114782E-02 -0.332587E-03 +0.000000E+00 +0.107881E-02 +0.000000E+00 +0.000000E+00
 +0.148320E+01 -0.103790E+03 -0.135967E+03 -0.929905E+02 -0.755559E+02 +0.282645E+02 +0.000000E+00 +0.000000E+00 -0.114781E-02 -0.331257E-03 +0.000000E+00 +0.107405E-02 +0.000000E+00 +0.000000E+00
 +0.148320E+01 -0.103800E+03 -0.135897E+03 -0.928518E+02 -0.754872E+02 +0.281391E+02 +0.000000E+00 +0.000000E+00 -0.114779E-02 -0.329928E-03 +0.000000E+00 +0.106929E-02 +0.000000E+00 +0.000000E+00
 +0.148320E+01 -0.103810E+03 -0.135828E+03 -0.927131E+02 -0.754185E+02 +0.280137E+02 +0.000000E+00 +0.000000E+00 -0.114778E-02 -0.328598E-03 +0.000000E+00 +0.106452E-02 +0.000000E+00 +0.000000E+00
 +0.148320E+01 -0.103820E+03 -0.135758E+03 -0.925744E+02 -0.753498E+02 +0.278884E+02 +0.000000E+00 +0.000000E+00 -0.114776E-02 -0.327268E-03 +0.000000E+00 +0.105976E-02 +0.000000E+00 +0.000000E+00
 +0.148320E+01 -0.103830E+03 -0.135689E+03 -0.924357E+02 -0.752810E+02 +0.277630E+02 +0.000000E+00 +0.000000E+00 -0.114774E-02 -0.325939E-03 +0.000000E+00 +0.105499E-02 +0.000000E+00 +0.000000E+00
 +0.148320E+01 -0.103840E+03 -0.135620E+03 -0.923032E+02 -0.752147E+02 +0.276466E+02 +0.000000E+00 +0.000000E+00 -0.114770E-02 -0.324681E-03 +0.000000E+00 +0.105057E-02 +0.000000E+00 +0.000000E+00
 +0.148320E+01 -0.103850E+03 -0.135553E+03 -0.921786E+02 -0.751515E+02 +0.275420E+02 +0.000000E+00 +0.000000E+00 -0.114763E-02 -0.323515E-03 +0.000000E+00 +0.104660E-02 +0.000000E+00 +0.000000E+00
 +0.148320E+01 -0.103860E+03 -0.135486E+03 -0.920540E+02 -0.750883E+02 +0.274374E+02 +0.000000E+00 +0.000000E+00 -0.114756E-02 -0.322350E-03 +0.000000E+00 +0.104262E-02 +0.000000E+00 +0.000000E+00
 +0.148320E+01 -0.103870E+03 -0.135419E+03 -0.919295E+02 -0.750250E+02 +0.273328E+02 +0.000000E+00 +0.000000E+00 -0.114749E-02 -0.321185E-03 +0.000000E+00 +0.103865E-02 +0.000000E+00 +0.000000E+00
 +0.148320E+01 -0.103880E+03 -0.135352E+03 -0.918049E+02 -0.749618E+02 +0.272282E+02 +0.000000E+00 +0.000000E+00 -0.114741E-02 -0.320020E-03 +0.000000E+00 +0.103467E-02 +0.000000E+00 +0.000000E+00
 +0.148320E+01 -0.103890E+03 -0.135285E+03 -0.916804E+02 -0.748986E+02 +0.271236E+02 +0.000000E+00 +0.000000E+00 -0.114734E-02 -0.318854E-03 +0.000000E+00 +0.103070E-02 +0.000000E+00 +0.000000E+00
 +0.148320E+01 -0.103900E+03 -0.135218E+03 -0.915558E+02 -0.748354E+02 +0.270190E+02 +0.000000E+00 +0.000000E+00 -0.114727E-02 -0.317689E-03 +0.000000E+00 +0.102672E-02 +0.000000E+00 +0.000000E+00
 +0.148320E+01 -0.103910E+03 -0.135151E+03 -0.914313E+02 -0.747721E+02 +0.269144E+02 +0.000000E+00 +0.000000E+00 -0.114720E-02 -0.316524E-03 +0.000000E+00 +0.102275E-02 +0.000000E+00 +0.000000E+00
 +0.148320E+01 -0.103920E+03 -0.135084E+03 -0.913067E+02 -0.747089E+02 +0.268098E+02 +0.000000E+00 +0.000000E+00 -0.114712E-02 -0.315358E-03 +0.000000E+00 +0.101877E-02 +0.000000E+00 +0.000000E+00
 +0.148320E+01 -0.103930E+03 -0.135017E+03 -0.911822E+02 -0.746457E+02 +0.267052E+02 +0.000000E+00 +0.000000E+00 -0.114705E-02 -0.314193E-03 +0.000000E+00 +0.101480E-02 +0.000000E+00 +0.000000E+00
 +0.148320E+01 -0.103940E+03 -0.134950E+03 -0.910576E+02 -0.745825E+02 +0.266006E+02 +0.000000E+00 +0.000000E+00 -0.114698E-02 -0.313028E-03 +0.000000E+00 +0.101082E-02 +0.000000E+00 +0.000000E+00
 +0.148320E+01 -0.103950E+03 -0.134883E+03 -0.909331E+02 -0.745192E+02 +0.264960E+02 +0.000000E+00 +0.000000E+00 -0.114691E-02 -0.311863E-03 +0.000000E+00 +0.100685E-02 +0.000000E+00 +0.000000E+00
 +0.148320E+01 -0.103960E+03 -0.134816E+03 -0.908085E+02 -0.744560E+02 +0.263914E+02 +0.000000E+00 +0.000000E+00 -0.114684E-02 -0.310697E-03 +0.000000E+00 +0.100287E-02 +0.000000E+00 +0.000000E+00
 +0.148320E+01 -0.103970E+03 -0.134749E+03 -0.906839E+02 -0.743928E+02 +0.262868E+02 +0.000000E+00 +0.000000E+00 -0.114676E-02 -0.309532E-03 +0.000000E+00 +0.998898E-03 +0.000000E+00 +0.000000E+00
 +0.148320E+01 -0.103980E+03 -0.134682E+03 -0.905594E+02 -0.743296E+02 +0.261822E+02 +0.000000E+00 +0.000000E+00 -0.114669E-02 -0.308367E-03 +0.000000E+00 +0.994923E-03 +0.000000E+00 +0.000000E+00
 +0.148320E+01 -0.103990E+03 -0.134615E+03 -0.904348E+02 -0.742663E+02 +0.260776E+02 +0.000000E+00 +0.000000E+00 -0.114662E-02 -0.307202E-03 +0.000000E+00 +0.990948E-03 +0.000000E+00 +0.000000E+00
 +0.148320E+01 -0.104000E+03 -0.134548E+03 -0.903103E+02 -0.742031E+02 +0.259730E+02 +0.000000E+00 +0.000000E+00 -0.114655E-02 -0.306036E-03 +0.000000E+00 +0.986973E-03 +0.000000E+00 +0.000000E+00
 +0.148320E+01 -0.104010E+03 -0.134481E+03 -0.901857E+02 -0.741399E+02 +0.258684E+02 +0.000000E+00 +0.000000E+00 -0.114647E-02 -0.304871E-03 +0.000000E+00 +0.982998E-03 +0.000000E+00 +0.000000E+00
 +0.148320E+01 -0.104020E+03 -0.134422E+03 -0.900517E+02 -0.740762E+02 +0.257625E+02 +0.000000E+00 +0.000000E+00 -0.114656E-02 -0.303534E-03 +0.000000E+00 +0.978976E-03 +0.000000E+00 +0.000000E+00
 +0.148320E+01 -0.104030E+03 -0.134372E+03 -0.899096E+02 -0.740129E+02 +0.256576E+02 +0.000000E+00 +0.000000E+00 -0.114682E-02 -0.302038E-03 +0.000000E+00 +0.974987E-03 +0.000000E+00 +0.000000E+00
 +0.148320E+01 -0.104040E+03 -0.134325E+03 -0.897837E+02 -0.739558E+02 +0.255717E+02 +0.000000E+00 +0.000000E+00 -0.114701E-02 -0.300732E-03 +0.000000E+00 +0.971726E-03 +0.000000E+00 +0.000000E+00
 +0.148320E+01 -0.104050E+03 -0.134285E+03 -0.896648E+02 -0.739033E+02 +0.254686E+02 +0.000000E+00 +0.000000E+00 -0.114724E-02 -0.299468E-03 +0.000000E+00 +0.967807E-03 +0.000000E+00 +0.000000E+00
 +0.148320E+01 -0.104060E+03 -0.134245E+03 -0.895464E+02 -0.738512E+02 +0.253639E+02 +0.000000E+00 +0.000000E+00 -0.114748E-02 -0.298209E-03 +0.000000E+00 +0.963830E-03 +0.000000E+00 +0.000000E+00
 +0.148320E+01 -0.104070E+03 -0.134206E+03 -0.894280E+02 -0.737991E+02 +0.252593E+02 +0.000000E+00 +0.000000E+00 -0.114772E-02 -0.296949E-03 +0.000000E+00 +0.959853E-03 +0.000000E+00 +0.000000E+00
 +0.148320E+01 -0.104080E+03 -0.134166E+03 -0.893096E+02 -0.737470E+02 +0.251546E+02 +0.000000E+00 +0.000000E+00 -0.114796E-02 -0.295689E-03 +0.000000E+00 +0.955876E-03 +0.000000E+00 +0.000000E+00
 +0.148320E+01 -0.104090E+03 -0.134127E+03 -0.891912E+02 -0.736949E+02 +0.250500E+02 +0.000000E+00 +0.000000E+00 -0.114820E-02 -0.294429E-03 +0.000000E+00 +0.951899E-03 +0.000000E+00 +0.000000E+00
 +0.148320E+01 -0.104100E+03 -0.134087E+03 -0.890728E+02 -0.736428E+02 +0.249453E+02 +0.000000E+00 +0.000000E+00 -0.114844E-02 -0.293170E-03 +0.000000E+00 +0.947922E-03 +0.000000E+00 +0.000000E+00
 +0.148320E+01 -0.104110E+03 -0.134048E+03 -0.889544E+02 -0.735908E+02 +0.248407E+02 +0.000000E+00 +0.000000E+00 -0.114869E-02 -0.291910E-03 +0.000000E+00 +0.943945E-03 +0.000000E+00 +0.000000E+00
 +0.148320E+01 -0.104120E+03 -0.134008E+03 -0.888360E+02 -0.735387E+02 +0.247360E+02 +0.000000E+00 +0.000000E+00 -0.114893E-02 -0.290650E-03 +0.000000E+00 +0.939969E-03 +0.000000E+00 +0.000000E+00
 +0.148320E+01 -0.104130E+03 -0.133969E+03 -0.887177E+02 -0.734866E+02 +0.246314E+02 +0.000000E+00 +0.000000E+00 -0.114917E-02 -0.289390E-03 +0.000000E+00 +0.935992E-03 +0.000000E+00 +0.000000E+00
 +0.148320E+01 -0.104140E+03 -0.133930E+03 -0.885993E+02 -0.734345E+02 +0.245267E+02 +0.000000E+00 +0.000000E+00 -0.114941E-02 -0.288131E-03 +0.000000E+00 +0.932015E-03 +0.000000E+00 +0.000000E+00
 +0.148320E+01 -0.104150E+03 -0.133890E+03 -0.884809E+02 -0.733824E+02 +0.244220E+02 +0.000000E+00 +0.000000E+00 -0.114965E-02 -0.286871E-03 +0.000000E+00 +0.928038E-03 +0.000000E+00 +0.000000E+00
 +0.148320E+01 -0.104160E+03 -0.133851E+03 -0.883625E+02 -0.733303E+02 +0.243174E+02 +0.000000E+00 +0.000000E+00 -0.114989E-02 -0.285611E-03 +0.000000E+00 +0.924061E-03 +0.000000E+00 +0.000000E+00
 +0.148320E+01 -0.104170E+03 -0.133811E+03 -0.882441E+02 -0.732783E+02 +0.242127E+02 +0.000000E+00 +0.000000E+00 -0.115013E-02 -0.284351E-03 +0.000000E+00 +0.920084E-03 +0.000000E+00 +0.000000E+00
 +0.148320E+01 -0.104180E+03 -0.133772E+03 -0.881257E+02 -0.732262E+02 +0.241081E+02 +0.000000E+00 +0.000000E+00 -0.115037E-02 -0.283091E-03 +0.000000E+00 +0.916107E-03 +0.000000E+00 +0.000000E+00
 +0.148320E+01 -0.104190E+03 -0.133732E+03 -0.880073E+02 -0.731741E+02 +0.240034E+02 +0.000000E+00 +0.000000E+00 -0.115061E-02 -0.281832E-03 +0.000000E+00 +0.912130E-03 +0.000000E+00 +0.000000E+00
 +0.148320E+01 -0.104200E+03 -0.133693E+03 -0.878889E+02 -0.731220E+02 +0.238988E+02 +0.000000E+00 +0.000000E+00 -0.115085E-02 -0.280572E-03 +0.000000E+00 +0.908154E-03 +0.000000E+00 +0.000000E+00
 +0.148320E+01 -0.104210E+03 -0.133653E+03 -0.877706E+02 -0.730699E+02 +0.237941E+02 +0.000000E+00 +0.000000E+00 -0.115109E-02 -0.279312E-03 +0.000000E+00 +0.904177E-03 +0.000000E+00 +0.000000E+00
 +0.148320E+01 -0.104220E+03 -0.133614E+03 -0.876522E+02 -0.730178E+02 +0.236895E+02 +0.000000E+00 +0.000000E+00 -0.115133E-02 -0.278052E-03 +0.000000E+00 +0.900200E-03 +0.000000E+00 +0.000000E+00
 +0.148320E+01 -0.104230E+03 -0.133575E+03 -0.875338E+02 -0.729657E+02 +0.235848E+02 +0.000000E+00 +0.000000E+00 -0.115157E-02 -0.276793E-03 +0.000000E+00 +0.896223E-03 +0.000000E+00 +0.000000E+00
 +0.148320E+01 -0.104240E+03 -0.133536E+03 -0.874140E+02 -0.729136E+02 +0.234903E+02 +0.000000E+00 +0.000000E+00 -0.115183E-02 -0.275508E-03 +0.000000E+00 +0.892632E-03 +0.000000E+00 +0.000000E+00
 +0.148320E+01 -0.104250E+03 -0.133498E+03 -0.872937E+02 -0.728614E+02 +0.233987E+02 +0.000000E+00 +0.000000E+00 -0.115210E-02 -0.274215E-03 +0.000000E+00 +0.889149E-03 +0.000000E+00 +0.000000E+00
 +0.148320E+01 -0.104260E+03 -0.133460E+03 -0.871735E+02 -0.728092E+02 +0.233070E+02 +0.000000E+00 +0.000000E+00 -0.115237E-02 -0.272923E-03 +0.000000E+00 +0.885666E-03 +0.000000E+00 +0.000000E+00
 +0.148320E+01 -0.104270E+03 -0.133422E+03 -0.870533E+02 -0.727569E+02 +0.232154E+02 +0.000000E+00 +0.000000E+00 -0.115264E-02 -0.271631E-03 +0.000000E+00 +0.882184E-03 +0.000000E+00 +0.000000E+00
 +0.148320E+01 -0.104280E+03 -0.133384E+03 -0.869331E+02 -0.727047E+02 +0.231237E+02 +0.000000E+00 +0.000000E+00 -0.115291E-02 -0.270339E-03 +0.000000E+00 +0.878701E-03 +0.000000E+00 +0.000000E+00
 +0.148320E+01 -0.104290E+03 -0.133346E+03 -0.868129E+02 -0.726525E+02 +0.230321E+02 +0.000000E+00 +0.000000E+00 -0.115318E-02 -0.269047E-03 +0.000000E+00 +0.875218E-03 +0.000000E+00 +0.000000E+00
 +0.148320E+01 -0.104300E+03 -0.133308E+03 -0.866927E+02 -0.726003E+02 +0.229404E+02 +0.000000E+00 +0.000000E+00 -0.115345E-02 -0.267754E-03 +0.000000E+00 +0.871735E-03 +0.000000E+00 +0.000000E+00
 +0.148320E+01 -0.104310E+03 -0.133270E+03 -0.865724E+02 -0.725481E+02 +0.228487E+02 +0.000000E+00 +0.000000E+00 -0.115372E-02 -0.266462E-03 +0.000000E+00 +0.868252E-03 +0.000000E+00 +0.000000E+00
 +0.148320E+01 -0.104320E+03 -0.133232E+03 -0.864522E+02 -0.724959E+02 +0.227571E+02 +0.000000E+00 +0.000000E+00 -0.115399E-02 -0.265170E-03 +0.000000E+00 +0.864770E-03 +0.000000E+00 +0.000000E+00
 +0.148320E+01 -0.104330E+03 -0.133194E+03 -0.863320E+02 -0.724437E+02 +0.226654E+02 +0.000000E+00 +0.000000E+00 -0.115426E-02 -0.263878E-03 +0.000000E+00 +0.861287E-03 +0.000000E+00 +0.000000E+00
 +0.148320E+01 -0.104340E+03 -0.133156E+03 -0.862118E+02 -0.723915E+02 +0.225738E+02 +0.000000E+00 +0.000000E+00 -0.115453E-02 -0.262585E-03 +0.000000E+00 +0.857804E-03 +0.000000E+00 +0.000000E+00
 +0.148320E+01 -0.104350E+03 -0.133118E+03 -0.860916E+02 -0.723393E+02 +0.224821E+02 +0.000000E+00 +0.000000E+00 -0.115480E-02 -0.261293E-03 +0.000000E+00 +0.854321E-03 +0.000000E+00 +0.000000E+00
 +0.148320E+01 -0.104360E+03 -0.133080E+03 -0.859714E+02 -0.722871E+02 +0.223905E+02 +0.000000E+00 +0.000000E+00 -0.115507E-02 -0.260001E-03 +0.000000E+00 +0.850839E-03 +0.000000E+00 +0.000000E+00
 +0.148320E+01 -0.104370E+03 -0.133042E+03 -0.858511E+02 -0.722349E+02 +0.222988E+02 +0.000000E+00 +0.000000E+00 -0.115534E-02 -0.258709E-03 +0.000000E+00 +0.847356E-03 +0.000000E+00 +0.000000E+00
 +0.148320E+01 -0.104380E+03 -0.133004E+03 -0.857309E+02 -0.721827E+02 +0.222072E+02 +0.000000E+00 +0.000000E+00 -0.115561E-02 -0.257417E-03 +0.000000E+00 +0.843873E-03 +0.000000E+00 +0.000000E+00
 +0.148320E+01 -0.104390E+03 -0.132966E+03 -0.856107E+02 -0.721305E+02 +0.221155E+02 +0.000000E+00 +0.000000E+00 -0.115588E-02 -0.256124E-03 +0.000000E+00 +0.840390E-03 +0.000000E+00 +0.000000E+00
 +0.148320E+01 -0.104400E+03 -0.132928E+03 -0.854905E+02 -0.720783E+02 +0.220239E+02 +0.000000E+00 +0.000000E+00 -0.115615E-02 -0.254832E-03 +0.000000E+00 +0.836907E-03 +0.000000E+00 +0.000000E+00
 +0.148320E+01 -0.104410E+03 -0.132891E+03 -0.853703E+02 -0.720261E+02 +0.219322E+02 +0.000000E+00 +0.000000E+00 -0.115642E-02 -0.253540E-03 +0.000000E+00 +0.833425E-03 +0.000000E+00 +0.000000E+00
 +0.148320E+01 -0.104420E+03 -0.132853E+03 -0.852501E+02 -0.719739E+02 +0.218406E+02 +0.000000E+00 +0.000000E+00 -0.115669E-02 -0.252248E-03 +0.000000E+00 +0.829942E-03 +0.000000E+00 +0.000000E+00
 +0.148320E+01 -0.104430E+03 -0.132815E+03 -0.851298E+02 -0.719216E+02 +0.217489E+02 +0.000000E+00 +0.000000E+00 -0.115697E-02 -0.250956E-03 +0.000000E+00 +0.826459E-03 +0.000000E+00 +0.000000E+00
 +0.148320E+01 -0.104440E+03 -0.132777E+03 -0.850096E+02 -0.718694E+02 +0.216573E+02 +0.000000E+00 +0.000000E+00 -0.115724E-02 -0.249663E-03 +0.000000E+00 +0.822976E-03 +0.000000E+00 +0.000000E+00
 +0.148320E+01 -0.104450E+03 -0.132738E+03 -0.848888E+02 -0.718169E+02 +0.215654E+02 +0.000000E+00 +0.000000E+00 -0.115751E-02 -0.248365E-03 +0.000000E+00 +0.819484E-03 +0.000000E+00 +0.000000E+00
 +0.148320E+01 -0.104460E+03 -0.132692E+03 -0.847534E+02 -0.717570E+02 +0.214672E+02 +0.000000E+00 +0.000000E+00 -0.115776E-02 -0.246932E-03 +0.000000E+00 +0.815753E-03 +0.000000E+00 +0.000000E+00
 +0.148320E+01 -0.104470E+03 -0.132646E+03 -0.846181E+02 -0.716970E+02 +0.213690E+02 +0.000000E+00 +0.000000E+00 -0.115802E-02 -0.245499E-03 +0.000000E+00 +0.812023E-03 +0.000000E+00 +0.000000E+00
 +0.148320E+01 -0.104480E+03 -0.132599E+03 -0.844827E+02 -0.716371E+02 +0.212708E+02 +0.000000E+00 +0.000000E+00 -0.115828E-02 -0.244066E-03 +0.000000E+00 +0.808292E-03 +0.000000E+00 +0.000000E+00
 +0.148320E+01 -0.104490E+03 -0.132553E+03 -0.843474E+02 -0.715772E+02 +0.211727E+02 +0.000000E+00 +0.000000E+00 -0.115854E-02 -0.242633E-03 +0.000000E+00 +0.804562E-03 +0.000000E+00 +0.000000E+00
 +0.148320E+01 -0.104500E+03 -0.132507E+03 -0.842120E+02 -0.715172E+02 +0.210745E+02 +0.000000E+00 +0.000000E+00 -0.115880E-02 -0.241200E-03 +0.000000E+00 +0.800831E-03 +0.000000E+00 +0.000000E+00
 +0.148320E+01 -0.104510E+03 -0.132461E+03 -0.840766E+02 -0.714573E+02 +0.209763E+02 +0.000000E+00 +0.000000E+00 -0.115906E-02 -0.239767E-03 +0.000000E+00 +0.797101E-03 +0.000000E+00 +0.000000E+00
 +0.148320E+01 -0.104520E+03 -0.132414E+03 -0.839413E+02 -0.713974E+02 +0.208782E+02 +0.000000E+00 +0.000000E+00 -0.115932E-02 -0.238334E-03 +0.000000E+00 +0.793371E-03 +0.000000E+00 +0.000000E+00
 +0.148320E+01 -0.104530E+03 -0.132368E+03 -0.838059E+02 -0.713374E+02 +0.207800E+02 +0.000000E+00 +0.000000E+00 -0.115958E-02 -0.236901E-03 +0.000000E+00 +0.789640E-03 +0.000000E+00 +0.000000E+00
 +0.148320E+01 -0.104540E+03 -0.132322E+03 -0.836706E+02 -0.712775E+02 +0.206818E+02 +0.000000E+00 +0.000000E+00 -0.115984E-02 -0.235468E-03 +0.000000E+00 +0.785910E-03 +0.000000E+00 +0.000000E+00
 +0.148320E+01 -0.104550E+03 -0.132276E+03 -0.835352E+02 -0.712176E+02 +0.205837E+02 +0.000000E+00 +0.000000E+00 -0.116010E-02 -0.234035E-03 +0.000000E+00 +0.782179E-03 +0.000000E+00 +0.000000E+00
 +0.148320E+01 -0.104560E+03 -0.132229E+03 -0.833998E+02 -0.711576E+02 +0.204855E+02 +0.000000E+00 +0.000000E+00 -0.116036E-02 -0.232602E-03 +0.000000E+00 +0.778449E-03 +0.000000E+00 +0.000000E+00
 +0.148320E+01 -0.104570E+03 -0.132183E+03 -0.832645E+02 -0.710977E+02 +0.203873E+02 +0.000000E+00 +0.000000E+00 -0.116062E-02 -0.231169E-03 +0.000000E+00 +0.774719E-03 +0.000000E+00 +0.000000E+00
 +0.148320E+01 -0.104580E+03 -0.132137E+03 -0.831291E+02 -0.710377E+02 +0.202892E+02 +0.000000E+00 +0.000000E+00 -0.116088E-02 -0.229736E-03 +0.000000E+00 +0.770988E-03 +0.000000E+00 +0.000000E+00
 +0.148320E+01 -0.104590E+03 -0.132091E+03 -0.829938E+02 -0.709778E+02 +0.201910E+02 +0.000000E+00 +0.000000E+00 -0.116114E-02 -0.228303E-03 +0.000000E+00 +0.767258E-03 +0.000000E+00 +0.000000E+00
 +0.148320E+01 -0.104600E+03 -0.132044E+03 -0.828584E+02 -0.709179E+02 +0.200928E+02 +0.000000E+00 +0.000000E+00 -0.116140E-02 -0.226870E-03 +0.000000E+00 +0.763527E-03 +0.000000E+00 +0.000000E+00
 +0.148320E+01 -0.104610E+03 -0.131998E+03 -0.827230E+02 -0.708579E+02 +0.199947E+02 +0.000000E+00 +0.000000E+00 -0.116166E-02 -0.225437E-03 +0.000000E+00 +0.759797E-03 +0.000000E+00 +0.000000E+00
 +0.148320E+01 -0.104620E+03 -0.131952E+03 -0.825877E+02 -0.707980E+02 +0.198965E+02 +0.000000E+00 +0.000000E+00 -0.116192E-02 -0.224004E-03 +0.000000E+00 +0.756067E-03 +0.000000E+00 +0.000000E+00
 +0.148320E+01 -0.104630E+03 -0.131905E+03 -0.824523E+02 -0.707381E+02 +0.197983E+02 +0.000000E+00 +0.000000E+00 -0.116218E-02 -0.222571E-03 +0.000000E+00 +0.752336E-03 +0.000000E+00 +0.000000E+00
 +0.148320E+01 -0.104640E+03 -0.131859E+03 -0.823170E+02 -0.706781E+02 +0.197002E+02 +0.000000E+00 +0.000000E+00 -0.116244E-02 -0.221138E-03 +0.000000E+00 +0.748606E-03 +0.000000E+00 +0.000000E+00
 +0.148320E+01 -0.104650E+03 -0.131813E+03 -0.821816E+02 -0.706182E+02 +0.196020E+02 +0.000000E+00 +0.000000E+00 -0.116270E-02 -0.219705E-03 +0.000000E+00 +0.744875E-03 +0.000000E+00 +0.000000E+00
 +0.148320E+01 -0.104660E+03 -0.131767E+03 -0.820462E+02 -0.705582E+02 +0.195038E+02 +0.000000E+00 +0.000000E+00 -0.116296E-02 -0.218272E-03 +0.000000E+00 +0.741145E-03 +0.000000E+00 +0.000000E+00
 +0.148320E+01 -0.104670E+03 -0.131720E+03 -0.819109E+02 -0.704983E+02 +0.194056E+02 +0.000000E+00 +0.000000E+00 -0.116322E-02 -0.216839E-03 +0.000000E+00 +0.737414E-03 +0.000000E+00 +0.000000E+00
 +0.148320E+01 -0.104680E+03 -0.131674E+03 -0.817755E+02 -0.704384E+02 +0.193075E+02 +0.000000E+00 +0.000000E+00 -0.116348E-02 -0.215406E-03 +0.000000E+00 +0.733684E-03 +0.000000E+00 +0.000000E+00
 +0.148320E+01 -0.104690E+03 -0.131628E+03 -0.816402E+02 -0.703784E+02 +0.192093E+02 +0.000000E+00 +0.000000E+00 -0.116374E-02 -0.213973E-03 +0.000000E+00 +0.729954E-03 +0.000000E+00 +0.000000E+00
 +0.148320E+01 -0.104700E+03 -0.131582E+03 -0.815048E+02 -0.703185E+02 +0.191111E+02 +0.000000E+00 +0.000000E+00 -0.116400E-02 -0.212540E-03 +0.000000E+00 +0.726223E-03 +0.000000E+00 +0.000000E+00
 +0.148320E+01 -0.104710E+03 -0.131535E+03 -0.813694E+02 -0.702586E+02 +0.190130E+02 +0.000000E+00 +0.000000E+00 -0.116426E-02 -0.211107E-03 +0.000000E+00 +0.722493E-03 +0.000000E+00 +0.000000E+00
 +0.148320E+01 -0.104720E+03 -0.131489E+03 -0.812341E+02 -0.701986E+02 +0.189148E+02 +0.000000E+00 +0.000000E+00 -0.116452E-02 -0.209674E-03 +0.000000E+00 +0.718762E-03 +0.000000E+00 +0.000000E+00
 +0.148320E+01 -0.104730E+03 -0.131443E+03 -0.810987E+02 -0.701387E+02 +0.188166E+02 +0.000000E+00 +0.000000E+00 -0.116478E-02 -0.208240E-03 +0.000000E+00 +0.715032E-03 +0.000000E+00 +0.000000E+00
 +0.148320E+01 -0.104740E+03 -0.131397E+03 -0.809634E+02 -0.700788E+02 +0.187185E+02 +0.000000E+00 +0.000000E+00 -0.116504E-02 -0.206807E-03 +0.000000E+00 +0.711302E-03 +0.000000E+00 +0.000000E+00
 +0.148320E+01 -0.104750E+03 -0.131364E+03 -0.808826E+02 -0.700415E+02 +0.186352E+02 +0.000000E+00 +0.000000E+00 -0.116513E-02 -0.205982E-03 +0.000000E+00 +0.708139E-03 +0.000000E+00 +0.000000E+00
 +0.148320E+01 -0.104760E+03 -0.131338E+03 -0.808240E+02 -0.700134E+02 +0.185581E+02 +0.000000E+00 +0.000000E+00 -0.116516E-02 -0.205403E-03 +0.000000E+00 +0.705206E-03 +0.000000E+00 +0.000000E+00
 +0.148320E+01 -0.104770E+03 -0.131311E+03 -0.807655E+02 -0.699852E+02 +0.184809E+02 +0.000000E+00 +0.000000E+00 -0.116519E-02 -0.204824E-03 +0.000000E+00 +0.702274E-03 +0.000000E+00 +0.000000E+00
 +0.148320E+01 -0.104780E+03 -0.131284E+03 -0.807069E+02 -0.699571E+02 +0.184037E+02 +0.000000E+00 +0.000000E+00 -0.116522E-02 -0.204245E-03 +0.000000E+00 +0.699341E-03 +0.000000E+00 +0.000000E+00
 +0.148320E+01 -0.104790E+03 -0.131258E+03 -0.806483E+02 -0.699290E+02 +0.183265E+02 +0.000000E+00 +0.000000E+00 -0.116525E-02 -0.203666E-03 +0.000000E+00 +0.696409E-03 +0.000000E+00 +0.000000E+00
 +0.148320E+01 -0.104800E+03 -0.131231E+03 -0.805897E+02 -0.699009E+02 +0.182494E+02 +0.000000E+00 +0.000000E+00 -0.116528E-02 -0.203087E-03 +0.000000E+00 +0.693476E-03 +0.000000E+00 +0.000000E+00
 +0.148320E+01 -0.104810E+03 -0.131205E+03 -0.805311E+02 -0.698728E+02 +0.181722E+02 +0.000000E+00 +0.000000E+00 -0.116531E-02 -0.202508E-03 +0.000000E+00 +0.690544E-03 +0.000000E+00 +0.000000E+00
 +0.148320E+01 -0.104820E+03 -0.131178E+03 -0.804725E+02 -0.698447E+02 +0.180950E+02 +0.000000E+00 +0.000000E+00 -0.116533E-02 -0.201929E-03 +0.000000E+00 +0.687611E-03 +0.000000E+00 +0.000000E+00
 +0.148320E+01 -0.104830E+03 -0.131151E+03 -0.804139E+02 -0.698166E+02 +0.180179E+02 +0.000000E+00 +0.000000E+00 -0.116536E-02 -0.201350E-03 +0.000000E+00 +0.684679E-03 +0.000000E+00 +0.000000E+00
 +0.148320E+01 -0.104840E+03 -0.131125E+03 -0.803553E+02 -0.697885E+02 +0.179407E+02 +0.000000E+00 +0.000000E+00 -0.116539E-02 -0.200771E-03 +0.000000E+00 +0.681746E-03 +0.000000E+00 +0.000000E+00
 +0.148320E+01 -0.104850E+03 -0.131098E+03 -0.802968E+02 -0.697604E+02 +0.178635E+02 +0.000000E+00 +0.000000E+00 -0.116542E-02 -0.200192E-03 +0.000000E+00 +0.678814E-03 +0.000000E+00 +0.000000E+00
 +0.148320E+01 -0.104860E+03 -0.131072E+03 -0.802382E+02 -0.697322E+02 +0.177863E+02 +0.000000E+00 +0.000000E+00 -0.116545E-02 -0.199612E-03 +0.000000E+00 +0.675881E-03 +0.000000E+00 +0.000000E+00
 +0.148320E+01 -0.104870E+03 -0.131045E+03 -0.801796E+02 -0.697041E+02 +0.177092E+02 +0.000000E+00 +0.000000E+00 -0.116548E-02 -0.199033E-03 +0.000000E+00 +0.672948E-03 +0.000000E+00 +0.000000E+00
 +0.148320E+01 -0.104880E+03 -0.131018E+03 -0.801210E+02 -0.696760E+02 +0.176320E+02 +0.000000E+00 +0.000000E+00 -0.116551E-02 -0.198454E-03 +0.000000E+00 +0.670016E-03 +0.000000E+00 +0.000000E+00
 +0.148320E+01 -0.104890E+03 -0.130992E+03 -0.800624E+02 -0.696479E+02 +0.175548E+02 +0.000000E+00 +0.000000E+00 -0.116554E-02 -0.197875E-03 +0.000000E+00 +0.667083E-03 +0.000000E+00 +0.000000E+00
 +0.148320E+01 -0.104900E+03 -0.130965E+03 -0.800038E+02 -0.696198E+02 +0.174777E+02 +0.000000E+00 +0.000000E+00 -0.116556E-02 -0.197296E-03 +0.000000E+00 +0.664151E-03 +0.000000E+00 +0.000000E+00
 +0.148320E+01 -0.104910E+03 -0.130939E+03 -0.799452E+02 -0.695917E+02 +0.174005E+02 +0.000000E+00 +0.000000E+00 -0.116559E-02 -0.196717E-03 +0.000000E+00 +0.661218E-03 +0.000000E+00 +0.000000E+00
 +0.148320E+01 -0.104920E+03 -0.130912E+03 -0.798866E+02 -0.695636E+02 +0.173233E+02 +0.000000E+00 +0.000000E+00 -0.116562E-02 -0.196138E-03 +0.000000E+00 +0.658286E-03 +0.000000E+00 +0.000000E+00
 +0.148320E+01 -0.104930E+03 -0.130885E+03 -0.798280E+02 -0.695355E+02 +0.172461E+02 +0.000000E+00 +0.000000E+00 -0.116565E-02 -0.195559E-03 +0.000000E+00 +0.655353E-03 +0.000000E+00 +0.000000E+00
 +0.148320E+01 -0.104940E+03 -0.130859E+03 -0.797695E+02 -0.695074E+02 +0.171690E+02 +0.000000E+00 +0.000000E+00 -0.116568E-02 -0.194980E-03 +0.000000E+00 +0.652421E-03 +0.000000E+00 +0.000000E+00
 +0.148320E+01 -0.104950E+03 -0.130832E+03 -0.797109E+02 -0.694792E+02 +0.170918E+02 +0.000000E+00 +0.000000E+00 -0.116571E-02 -0.194401E-03 +0.000000E+00 +0.649488E-03 +0.000000E+00 +0.000000E+00
 +0.148320E+01 -0.104960E+03 -0.130806E+03 -0.796523E+02 -0.694511E+02 +0.170146E+02 +0.000000E+00 +0.000000E+00 -0.116574E-02 -0.193822E-03 +0.000000E+00 +0.646556E-03 +0.000000E+00 +0.000000E+00
 +0.148320E+01 -0.104970E+03 -0.130779E+03 -0.795937E+02 -0.694230E+02 +0.169374E+02 +0.000000E+00 +0.000000E+00 -0.116577E-02 -0.193243E-03 +0.000000E+00 +0.643623E-03 +0.000000E+00 +0.000000E+00
 +0.148320E+01 -0.104980E+03 -0.130753E+03 -0.795351E+02 -0.693949E+02 +0.168603E+02 +0.000000E+00 +0.000000E+00 -0.116579E-02 -0.192664E-03 +0.000000E+00 +0.640690E-03 +0.000000E+00 +0.000000E+00
 +0.148320E+01 -0.104990E+03 -0.130742E+03 -0.794536E+02 -0.693645E+02 +0.167897E+02 +0.000000E+00 +0.000000E+00 -0.116617E-02 -0.191694E-03 +0.000000E+00 +0.638009E-03 +0.000000E+00 +0.000000E+00
